-793.735	675.15	0.0461959	13.0053	-0.126414	3.63131
-793.742	675.146	0.000434202	22.5821	0.831267	3.50932
-793.771	675.165	0.0908933	-94.7338	-0.844675	3.49407
-793.854	675.234	0.244674	163.84	25.0127	3.48263
-793.899	675.244	1.64307	-32.4845	172.496	3.46738
-793.957	675.263	1.64307	-32.4845	172.496	3.46547
-794.045	675.317	3.0654	-259.934	227.802	3.47119
-794.151	675.411	3.42724	-631.035	250.068	3.45022
-794.246	675.542	3.42724	-631.035	250.068	3.48263
-794.346	675.672	4.25893	-815.388	284.305	3.45976
-794.431	675.795	4.78572	-633.429	291.009	3.46738
-794.537	675.934	4.96079	-374.855	316.866	3.45785
-794.642	676.048	5.33593	10.6111	311.359	3.44641
-794.745	676.15	5.73235	230.878	293.163	3.42163
-794.879	676.268	6.02288	273.973	285.981	3.42735
-794.995	676.396	6.32087	175.811	266.588	3.42735
-795.133	676.555	6.44858	118.35	260.842	3.42926
-795.266	676.697	6.72953	84.8314	266.588	3.44641
-795.39	676.827	7.07806	106.379	263.954	3.45785
-795.542	676.953	7.42234	125.533	266.827	3.4426
-795.671	677.096	7.96297	211.724	265.869	3.46547
-795.795	677.271	8.19444	211.724	265.869	3.46547
-795.938	677.453	8.47167	-8.54248	254.856	3.46166
-796.108	677.672	8.47167	-8.54248	254.856	3.4731
-796.295	677.996	8.76965	-528.084	228.759	3.47501
-796.524	678.288	8.97026	-681.313	221.098	3.46357
-796.735	678.555	9.256	-56.4265	242.406	3.47119
-796.983	678.764	9.72107	633.104	311.359	3.44832
-797.178	678.962	10.524	1006.6	306.571	3.46547
-797.346	679.199	11.1924	762.391	308.965	3.44069
-797.478	679.453	11.1924	762.391	308.965	3.45976
-797.646	679.722	11.7724	60.8894	294.36	3.45404
-797.81	679.948	11.6494	515.788	244.082	3.43307
-798.042	680.125	11.6494	515.788	244.082	3.43497
-798.304	680.293	11.6984	762.39	213.197	3.44641
-798.525	680.486	11.6984	762.39	213.197	3.44641
-798.71	680.709	12.1033	487.057	214.873	3.47119
-798.979	681.037	12.4391	-80.3685	221.337	3.47501
-799.261	681.434	12.5306	-595.122	178.96	3.48644
-799.636	681.853	12.5306	-595.122	178.96	3.46547
-800.02	682.361	11.5499	-1016.5	156.454	3.48835
-800.462	682.947	6.54329	-1354.08	135.625	3.47691
-800.872	683.48	1.89954	-1272.68	131.794	3.49025
-801.232	684.007	3.61986	-1358.87	148.554	3.49407
-801.534	684.376	3.61986	-1358.87	148.554	3.4731
-801.78	684.576	8.73134	-726.803	285.023	3.45022
-801.947	684.735	8.6164	384.107	420.535	3.45976
-802.185	685.019	7.62933	-73.1859	355.652	3.45976
-802.422	685.244	7.62933	-73.1859	355.652	3.46357
-802.783	685.528	11.2264	839.005	178.242	3.46357
-803.17	685.868	14.3057	779.15	121.02	3.44451
-803.624	686.277	14.3057	779.15	121.02	3.46738
-804.037	686.69	13.3825	108.773	90.3744	3.45976
-804.585	687.27	7.99649	-46.8498	74.8121	3.4731
-805.073	687.817	5.63391	63.2835	63.7988	3.45976
-805.735	688.554	7.97467	-145.012	42.9692	3.47501
-806.329	689.194	7.97467	-145.012	42.9692	3.51122
-806.856	689.982	16.3001	-865.667	67.1507	3.48644
-807.192	690.731	16.3001	-865.667	67.1507	3.49788
-807.469	691.645	16.7865	-2649.35	183.748	3.49216
-807.737	692.433	17.4628	-3257.47	248.392	3.5036
-808.029	692.992	17.6921	-3056.36	228.28	3.49025
-808.399	693.397	18.2902	96.8022	425.323	3.46357
-808.758	693.648	19.3805	2110.33	454.293	3.47882
-809.109	693.895	19.3805	2110.33	454.293	3.46929
-809.434	694.255	20.2489	1732.04	262.278	3.46547
-809.699	694.62	20.0488	1435.16	291.966	3.45785
-810.01	695.078	19.8786	491.846	228.28	3.46357
-810.403	695.564	19.6386	582.825	219.182	3.45594
-810.766	696.063	19.4444	118.35	161.722	3.45785
-811.257	696.674	16.0383	-142.618	135.625	3.45404
-811.797	697.372	12.5748	-288.664	132.512	3.47501
-812.464	698.024	12.5748	-288.664	132.512	3.46547
-813.071	698.534	21.0157	-125.858	124.851	3.47119
-813.79	698.952	21.0157	-125.858	124.851	3.46357
-814.343	699.195	21.8532	1801.47	249.11	3.46357
-814.792	699.436	22.5077	2251.58	295.079	3.4731
-815.039	699.711	23.6794	-927.916	447.829	3.47501
-815.451	700.079	23.6794	-927.916	447.829	3.46929
-815.858	700.431	23.0388	-2512.88	279.277	3.45594
-816.326	700.855	22.6993	-2304.58	228.759	3.47691
-816.801	701.286	22.6993	-2304.58	228.759	3.47119
-817.284	701.72	20.4809	-1512.1	149.032	3.49025
-817.986	702.286	20.4809	-1512.1	149.032	3.47691
-818.75	702.826	20.9359	-1174.52	132.512	3.49788
-819.364	703.339	18.8106	-765.11	131.794	3.47119
-819.87	703.85	20.7129	-429.922	165.313	3.44451
-820.165	704.21	24.3845	-405.98	242.885	3.44641
-820.515	704.633	24.3845	-405.98	242.885	3.45022
-820.813	705.064	23.8822	1004.2	83.6706	3.43497
-821.285	705.592	23.076	630.709	46.3211	3.44641
-821.698	706.09	22.6956	427.202	24.055	3.45213
-822.289	706.702	23.0148	455.933	26.9281	3.45404
-822.81	707.338	23.3783	250.031	41.2933	3.47691
-823.447	707.998	23.3969	-89.9454	53.2643	3.47691
-824.065	708.685	23.3527	-92.3396	43.9269	3.49025
-824.904	709.445	23.3096	-44.4556	37.702	3.48454
-825.686	710.216	23.0021	58.4951	47.997	3.48072
-826.409	710.918	14.0918	206.936	62.8411	3.49979
-826.982	711.494	14.0918	206.936	62.8411	3.47882
-827.45	711.934	10.4362	465.509	176.326	3.45022
-827.784	712.294	10.4362	465.509	176.326	3.45785
-828.172	712.639	14.6915	-221.627	404.494	3.45594
-828.551	713.047	16.58	-324.577	267.306	3.47882
-828.93	713.46	16.58	-324.577	267.306	3.47119
-829.341	713.873	15.7052	599.585	42.251	3.47501
-829.901	714.435	16.4832	252.425	43.9269	3.44069
-830.433	714.987	16.4832	252.425	43.9269	3.44641
-831.244	715.749	24.2057	-362.884	-0.365834	3.44641
-831.849	716.436	24.2057	-362.884	-0.365834	3.45213
-832.661	717.29	20.0366	-563.997	-3.23888	3.46738
-833.299	717.979	20.0366	-563.997	-3.23888	3.47501
-834.059	718.911	23.5251	-554.421	-3.23888	3.45976
-834.842	719.746	22.8254	-683.707	1.07069	3.46547
-835.573	720.648	22.8254	-683.707	1.07069	3.48263
-836.204	721.621	23.9641	-1303.81	41.0539	3.5055
-836.854	722.746	25.0954	-2330.92	61.8834	3.50932
-837.362	723.728	25.0954	-2330.92	61.8834	3.48072
-837.943	724.852	26.6673	-4701.18	210.803	3.50169
-838.473	725.963	21.5526	-5304.52	164.355	3.48644
-839.024	726.913	11.2402	-4610.2	137.54	3.48263
-839.673	727.299	11.2402	-4610.2	137.54	3.47501
-840.228	727.466	19.3832	1056.88	425.084	3.45404
-840.683	727.653	19.3832	1056.88	425.084	3.45022
-841.09	727.949	30.0818	3063.22	520.852	3.45785
-841.507	728.29	32.1725	1803.87	374.806	3.45785
-842.027	728.784	28.4557	1420.8	199.071	3.44641
-842.579	729.224	28.4557	1420.8	199.071	3.44641
-843.291	729.815	21.0061	1169.4	135.625	3.44641
-843.98	730.368	24.9922	398.472	112.64	3.44451
-844.789	731.01	28.2657	5.82269	122.696	3.43497
-845.404	731.674	28.2657	5.82269	122.696	3.45976
-846.205	732.497	25.1305	-724.409	78.8822	3.45976
-847.048	733.185	25.1305	-724.409	78.8822	3.46738
-847.925	734.085	25.7664	-918.339	45.124	3.49025
-848.742	734.934	25.7664	-918.339	45.124	3.48454
-849.834	735.84	16.9291	-1028.47	47.0394	3.48072
-850.888	736.704	16.9291	-1028.47	47.0394	3.51694
-851.799	737.517	26.0952	-695.678	71.2208	3.49979
-852.677	738.164	26.0952	-695.678	71.2208	3.48454
-853.347	738.658	32.4439	2083.99	234.745	3.45976
-853.705	739.15	32.8142	2435.94	308.247	3.46738
-853.977	739.623	32.8142	2435.94	308.247	3.47501
-854.323	740.095	25.9303	855.764	334.583	3.44832
-854.676	740.568	29.7056	585.219	63.3199	3.43307
-855.228	741.154	29.7056	585.219	63.3199	3.45404
-855.782	741.657	31.6393	295.521	102.345	3.42544
-856.451	742.347	21.1152	-575.968	93.7263	3.42735
-857.089	743.04	18.2029	-1026.08	84.6283	3.44451
-857.798	743.815	24.7389	-1061.99	47.5182	3.44641
-858.438	744.626	30.7858	-757.928	37.2231	3.42544
-859.18	745.426	29.2751	-896.791	42.4904	3.45404
-859.919	746.181	29.2751	-896.791	42.4904	3.45213
-860.756	747.127	23.4687	-903.974	43.6875	3.49597
-861.565	748.116	18.3349	-1078.75	23.3368	3.49788
-862.579	749.159	12.793	-1490.55	16.1542	3.49788
-863.413	750.093	11.045	-2230.36	36.9837	3.49025
-864.31	751.221	11.045	-2230.36	36.9837	3.50169
-865.157	752.232	13.9365	-2797.79	77.9246	3.50741
-865.817	753.09	14.8336	-3365.21	127.006	3.47501
-866.318	753.507	14.8336	-3365.21	127.006	3.47882
-866.851	753.816	25.5791	-1059.6	563.948	3.46547
-867.366	754.204	30.5437	-602.304	498.586	3.45213
-868.06	754.616	30.5437	-602.304	498.586	3.46357
-868.744	755.045	30.7816	-2125.02	194.522	3.44451
-869.433	755.553	30.7816	-2125.02	194.522	3.42354
-870.171	756.155	21.3589	-719.62	94.2051	3.46738
-870.879	756.853	21.3589	-719.62	94.2051	3.45213
-871.654	757.494	29.8972	-1011.71	41.5327	3.44832
-872.494	758.237	33.9088	-1368.45	5.85909	3.44641
-873.234	759.063	33.9125	-1749.13	16.633	3.43307
-873.909	759.927	33.7103	-2002.91	41.0539	3.44641
-874.515	760.779	32.91	-2464.99	56.6162	3.46357
-875.105	761.615	32.91	-2464.99	56.6162	3.46738
-875.7	762.42	14.5393	-3161.71	-2.52062	3.44641
-876.334	763.415	17.8182	-2915.1	22.1397	3.45213
-877.018	764.242	24.1567	-1808.98	-1.80235	3.4731
-877.67	765.077	31.8303	-1076.36	7.29561	3.47882
-878.331	765.917	33.606	-137.829	29.3223	3.48072
-879.013	766.663	33.6965	925.196	32.1953	3.47501
-879.681	767.453	32.861	1174.19	15.9147	3.47501
-880.365	768.309	25.8946	819.851	11.6052	3.46738
-881.002	769.163	21.9911	-63.6092	58.7709	3.45785
-881.604	770.146	21.2456	-317.395	33.3924	3.44641
-882.139	771.039	17.35	-1047.63	66.193	3.44451
-882.647	772.059	17.35	-1047.63	66.193	3.45785
-883.204	772.927	14.55	-1076.36	36.9837	3.46547
-883.89	773.917	15.9729	-640.612	-1.80235	3.49407
-884.527	774.756	15.9729	-640.612	-1.80235	3.5036
-885.221	775.756	19.5066	-68.3976	49.1941	3.49597
-885.841	776.543	16.0772	281.156	102.824	3.48263
-886.444	777.274	13.7034	896.466	154.778	3.50741
-887.002	778.048	20.5245	1303.48	186.861	3.48835
-887.598	778.817	23.5927	994.628	206.733	3.5036
-888.16	779.385	22.2151	894.072	219.661	3.48644
-888.817	779.87	20.6453	1466.29	174.89	3.47691
-889.37	780.294	20.6453	1466.29	174.89	3.48263
-889.958	780.793	28.5201	1095.18	-9.22438	3.48263
-890.664	781.366	28.5201	1095.18	-9.22438	3.49979
-891.276	782.018	30.6272	-140.224	-49.9258	3.49979
-891.882	782.721	22.9329	-635.823	-40.5884	3.4731
-892.524	783.408	21.8282	-892.003	-16.407	3.49407
-893.275	784.181	21.1253	-1215.22	-9.4638	3.4731
-894.06	785.041	21.1253	-1215.22	-9.4638	3.4731
-894.767	785.903	27.8672	-2156.14	-3.4783	3.49788
-895.51	786.788	33.2585	-2745.12	9.92924	3.47119
-896.281	787.754	33.2585	-2745.12	9.92924	3.49216
-897.117	788.567	32.181	-3223.96	36.7443	3.48644
-897.916	788.963	20.7858	-2953.41	62.8411	3.46929
-898.793	789.35	27.1036	408.049	327.64	3.45976
-899.696	789.736	34.6261	1176.59	320.697	3.45022
-900.518	790.204	34.6261	1176.59	320.697	3.44832
-901.135	790.702	34.6191	-743.562	313.035	3.45022
-901.841	791.369	27.615	-2687.65	275.207	3.46547
-902.493	792.004	34.3084	-3386.76	278.08	3.47501
-903.189	792.64	34.3084	-3386.76	278.08	3.46547
-903.964	793.348	29.4507	-3358.03	215.352	3.46738
-904.705	794.198	29.4507	-3358.03	215.352	3.47882
-905.568	795.022	23.324	-3753.07	165.792	3.48644
-906.432	795.741	23.324	-3753.07	165.792	3.48072
-907.316	796.556	15.5658	-3800.96	149.032	3.47501
-907.966	797.203	15.4721	-3642.94	134.667	3.45785
-908.543	797.71	19.58	-2862.43	212.718	3.45404
-909.141	798.268	30.0845	-1430.7	213.197	3.45213
-909.67	798.824	34.6261	506.211	-103.077	3.44641
-910.38	799.442	31.6361	384.107	-115.288	3.45022
-910.982	800.061	24.5101	305.098	-148.088	3.46357
-911.806	800.85	24.5101	305.098	-148.088	3.44069
-912.664	801.626	23.7018	-427.528	-124.146	3.4426
-913.542	802.472	20.6863	-925.522	-115.527	3.44832
-914.367	803.432	19.3981	-1301.41	-104.753	3.45213
-915.255	804.386	19.3981	-1301.41	-104.753	3.48263
-916.145	805.185	34.4994	-1447.46	-52.32	3.4731
-917.1	806.26	34.6261	-1354.08	-42.9826	3.54744
-918.146	807.19	30.2973	-1354.08	-4.19656	3.48263
-919.298	808.263	30.2973	-1354.08	-4.19656	3.50169
-920.29	809.338	16.0213	-1282.26	-7.0696	3.50741
-921.328	810.259	14.8411	-973.406	14.2388	3.51122
-922.463	811.008	21.1344	24.9763	104.979	3.5036
-923.488	811.713	24.1999	1559.66	166.989	3.50169
-924.55	812.433	34.1275	2426.36	173.693	3.49788
-925.3	813.155	34.6261	2158.21	144.962	3.45785
-925.667	813.809	34.6261	2158.21	144.962	3.41019
-926.088	814.453	34.6261	-1892.78	316.866	3.44069
-926.565	814.975	34.6261	-1892.78	316.866	3.41401
-927.084	815.543	34.6261	-745.957	119.823	3.41782
-927.644	816.183	33.1963	-312.606	82.713	3.41782
-928.265	816.798	28.793	-621.458	96.3599	3.43307
-928.949	817.459	28.793	-621.458	96.3599	3.42926
-929.544	818.139	25.0427	-1682.09	96.5993	3.43879
-930.437	819.063	29.8706	-1737.16	91.0927	3.42926
-931.219	819.822	29.8706	-1737.16	91.0927	3.44641
-932.113	820.738	27.2946	-1373.24	66.193	3.48644
-932.871	821.635	26.8333	-1387.6	62.3623	3.49216
-933.8	822.707	30.9321	-1552.8	45.8423	3.50169
-934.677	823.642	28.387	-1765.89	31.2376	3.48644
-935.578	824.685	24.2307	-2421.9	29.3223	3.47882
-936.36	825.834	26.8099	-3200.01	55.8979	3.48835
-937.05	826.802	26.8099	-3200.01	55.8979	3.49025
-937.705	828.04	28.9138	-4385.14	103.543	3.49597
-938.4	828.824	34.5223	-5294.94	125.569	3.48454
-939.026	829.315	34.6261	-2273.46	341.047	3.4426
-939.659	829.792	34.6261	-2273.46	341.047	3.44641
-940.309	830.22	34.6261	-1026.08	157.891	3.42735
-940.891	830.798	34.6261	-1026.08	157.891	3.45976
-941.471	831.442	22.8834	-552.026	-1.08409	3.44069
-942.228	832.201	21.9075	-549.632	-0.844675	3.43497
-942.933	832.849	27.7309	-540.055	-43.4615	3.42926
-943.905	833.657	34.6261	-506.536	-40.1096	3.44641
-944.619	834.529	31.7947	-1105.09	1.54952	3.47501
-945.455	835.376	20.2079	-1121.85	-0.126416	3.46547
-946.344	836.163	18.204	-1634.21	25.731	3.47691
-947.306	837.264	17.2356	-1943.06	-5.15424	3.50169
-948.109	838.182	17.2356	-1943.06	-5.15424	3.48644
-949.263	839.353	20.7268	-1818.56	-9.4638	3.49407
-950.098	840.463	20.7268	-1818.56	-9.4638	3.48644
-950.718	841.56	22.0352	-2843.28	7.77445	3.45594
-951.337	842.604	16.6375	-3872.78	85.8254	3.44832
-951.93	843.707	14.798	-4502.46	144.005	3.46738
-952.587	844.571	16.0963	-3389.16	171.538	3.45022
-953.291	845.229	14.6777	-834.542	249.349	3.44641
-953.891	845.886	16.4214	1600.36	194.043	3.43688
-954.44	846.549	21.411	1595.57	180.157	3.44451
-955.124	847.399	20.7975	1140.67	134.667	3.4426
-955.812	848.163	18.1779	542.124	89.1773	3.41782
-956.481	848.953	23.6651	276.367	41.5327	3.44832
-957.059	849.748	27.2531	-89.9454	34.1107	3.39876
-957.84	850.667	29.5135	-101.916	32.9136	3.42544
-958.587	851.249	29.4342	230.878	65.2353	3.39113
-959.384	851.692	31.2296	702.535	97.557	3.40638
-960.134	852.198	31.2296	702.535	97.557	3.38541
-960.903	852.746	34.6261	446.356	31.7165	3.43497
-961.682	853.376	34.6261	-484.989	26.2098	3.41019
-962.48	854.052	34.6261	-484.989	26.2098	3.43497
-963.341	854.731	34.6261	-2285.43	61.644	3.42544
-964.114	855.465	34.6261	-2223.18	64.0382	3.43497
-965.029	856.287	34.5303	-2395.56	67.8689	3.44641
-965.798	857.044	34.5303	-2395.56	67.8689	3.39876
-966.689	857.855	33.1122	-2900.74	79.6005	3.41973
-967.683	858.447	29.0011	-2855.25	95.6417	3.41591
-968.577	858.844	31.8399	-2278.25	153.342	3.41401
-969.424	859.433	34.5468	-1698.85	137.061	3.39876
-970.079	859.905	34.6261	-2860.04	160.285	3.43497
-970.842	860.523	31.3344	-3104.25	135.864	3.42354
-971.515	861.047	32.7802	-2503.3	57.5739	3.4121
-972.404	861.84	34.4228	-2790.6	28.8434	3.41591
-973.16	862.573	32.5716	-2953.41	15.4359	3.39876
-974.186	863.424	34.6261	-2764.27	34.3501	3.38923
-975.177	864.089	30.6533	-2541.61	17.3513	3.40448
-976.174	864.956	22.9701	-2369.23	34.5895	3.41591
-977	865.739	22.9707	-2125.02	60.9257	3.42163
-977.785	866.448	21.2019	-1770.67	81.037	3.41401
-978.336	867.078	21.6904	-1756.31	80.5582	3.42163
-978.838	867.795	24.4994	-1935.88	51.1095	3.4121
-979.453	868.575	25.5227	-1205.64	-21.4348	3.41782
-980.145	869.383	25.727	-178.531	-130.85	3.42163
-980.859	870.168	17.2409	-178.531	-141.863	3.4426
-981.612	871.052	19.2347	-695.678	-112.654	3.41782
-982.338	871.947	31.2168	-1327.75	-59.5026	3.41401
-983.145	872.752	31.2168	-1327.75	-59.5026	3.43688
-983.997	873.344	34.6261	-322.183	48.7153	3.42926
-984.933	873.855	34.6261	-322.183	48.7153	3.38732
-985.725	874.277	34.6261	1688.95	94.684	3.41782
-986.806	874.871	34.6261	1387.28	64.517	3.41401
-987.846	875.41	34.6261	1387.28	64.517	3.39685
-988.861	876.133	23.3756	10.6111	49.9124	3.38541
-989.788	876.864	15.1311	-8.54253	47.997	3.37779
-990.504	877.683	9.50609	-293.453	24.2944	3.39494
-991.026	878.468	3.40063	-3121	182.072	3.40448
-991.672	879.293	3.40063	-3121	182.072	3.4426
-992.359	880.15	18.5914	-3451.4	72.4179	3.44069
-993.25	881.219	15.4854	-2991.72	7.29562	3.41591
-994.062	882.115	10.8327	-2977.35	2.02837	3.43307
-994.906	883.196	11.3408	-3099.46	-10.1821	3.43497
-995.714	884.112	15.7095	-3164.1	-2.28119	3.42735
-996.62	884.795	15.3902	-2067.56	134.188	3.4426
-997.507	885.288	15.3902	-2067.56	134.188	3.42163
-998.414	885.707	12.1693	13.0052	228.28	3.4121
-999.177	886.198	10.0414	226.089	117.429	3.4121
-999.759	886.748	10.0414	226.089	117.429	3.41019
-1000.43	887.363	17.0408	-2318.95	107.134	3.40448
-1001.13	888.164	20.3165	-2359.65	103.064	3.40448
-1001.88	888.82	20.3165	-2359.65	103.064	3.41782
-1002.77	889.671	20.8678	-1270.29	-15.4493	3.38541
-1003.47	890.491	20.8678	-1270.29	-15.4493	3.41782
-1004.41	891.394	21.0662	-2038.83	-14.731	3.38351
-1005.27	892.187	21.0662	-2038.83	-14.731	3.38351
-1006.33	893.258	19.1469	-2666.11	-10.9003	3.40257
-1007.24	894.281	20.8108	-2891.16	3.94373	3.41973
-1008.26	895.272	27.301	-2807.36	40.0962	3.4121
-1009.19	896.245	27.301	-2807.36	40.0962	3.41782
-1010.27	897.362	25.5317	-2036.43	63.0805	3.4426
-1011.11	898.093	25.5317	-2036.43	63.0805	3.42163
-1011.77	898.819	7.25472	-528.084	201.465	3.4121
-1012.43	899.484	12.239	-379.644	222.534	3.42163
-1013.06	900.22	19.853	-654.977	198.832	3.4121
-1013.64	900.873	19.853	-654.977	198.832	3.41973
-1014.37	901.522	24.6788	1104.76	-43.222	3.41973
-1015.07	902.189	27.6777	1140.67	-50.1652	3.39685
-1015.89	902.879	30.0164	1006.6	-63.5728	3.39876
-1016.55	903.528	30.0164	1006.6	-63.5728	3.38541
-1017.51	904.339	34.6261	-68.3976	-46.0951	3.38732
-1018.37	905.045	34.6261	-68.3976	-46.0951	3.38351
-1019.29	906.032	28.3716	-860.878	-6.59076	3.35491
-1020.18	906.962	30.6805	-939.887	-15.4493	3.38351
-1021.06	907.839	34.6261	-1200.85	-11.3792	3.38732
-1021.97	908.688	34.6261	-1492.95	4.42257	3.40448
-1022.71	909.454	28.0013	-1641.39	85.8254	3.38351
-1023.56	910.021	18.0912	-1684.48	202.662	3.4121
-1024.42	910.522	18.0912	-1684.48	202.662	3.39304
-1025.24	910.966	13.656	-2127.41	200.987	3.40257
-1026.03	911.559	13.656	-2127.41	200.987	3.44069
-1026.84	912.145	20.871	-2879.19	152.624	3.4426
-1027.77	912.871	25.9564	-3027.63	171.777	3.4426
-1028.46	913.512	25.9564	-3027.63	171.777	3.44641
-1029.37	914.308	21.1737	-2951.02	145.92	3.42926
-1030.38	915.291	17.5479	-3456.19	95.8811	3.44832
-1031.29	916.095	15.7089	-3516.05	105.218	3.43497
-1032	916.996	15.7089	-3516.05	105.218	3.45022
-1032.75	917.924	23.2639	-4557.53	82.9524	3.45594
-1033.48	918.917	34.6239	-4816.1	6.33794	3.44451
-1034.33	919.86	34.6239	-4816.1	6.33794	3.44451
-1035.12	920.659	31.8288	-4246.28	-43.9403	3.43497
-1036.01	921.506	22.8956	-3353.24	-20.7166	3.41591
-1036.78	922.195	24.3515	-348.519	139.934	3.43688
-1037.5	922.892	24.3515	-348.519	139.934	3.41401
-1038.11	923.632	21.3483	-731.591	-28.6174	3.41782
-1038.65	924.457	16.7024	-968.617	-15.9281	3.39113
-1039.29	925.237	17.9646	82.4371	-105.232	3.39876
-1040.05	926.167	17.9646	82.4371	-105.232	3.4121
-1040.76	927.12	14.3914	-224.021	-139.23	3.44069
-1041.5	928.158	13.8253	-774.687	-121.034	3.44641
-1042.24	929.049	19.0298	-1251.13	-107.865	3.42354
-1043.23	930.171	19.0298	-1251.13	-107.865	3.45213
-1044.23	931.222	15.072	-1890.39	-55.4325	3.45213
-1045.09	932.043	15.072	-1890.39	-55.4325	3.44451
-1046	932.557	18.3743	448.75	195.719	3.44832
-1046.91	933.005	18.3743	448.75	195.719	3.43879
-1047.86	933.593	13.092	1200.53	122.457	3.44641
-1048.66	934.146	9.88762	752.814	72.4179	3.44069
-1049.39	934.786	9.88762	752.814	72.4179	3.42926
-1050.14	935.482	14.5617	-2742.72	97.3176	3.42163
-1050.8	936.223	14.5617	-2742.72	97.3176	3.42926
-1051.47	936.829	21.7569	-3106.64	168.665	3.41591
-1052.37	937.606	21.7569	-3106.64	168.665	3.39685
-1053.08	938.141	18.1417	-2587.1	111.443	3.42163
-1053.94	938.72	18.1417	-2587.1	111.443	3.4121
-1054.86	939.316	22.1251	-2692.44	67.3901	3.38351
-1055.67	939.969	20.1457	-2670.9	57.5738	3.40638
-1056.41	940.677	20.1457	-2670.9	57.5738	3.37398
-1057.12	941.524	20.8358	-3472.95	15.6753	3.41782
-1057.8	942.291	16.7205	-3365.21	11.1263	3.43307
-1058.49	943.118	14.2132	-2833.7	-42.0249	3.42163
-1059.26	943.89	13.8194	-2079.53	-86.3177	3.43307
-1060.03	944.802	13.8194	-2079.53	-86.3177	3.43879
-1060.82	945.687	13.3054	-2017.28	-70.9948	3.44069
-1061.69	946.505	17.2345	-2019.67	-13.7734	3.43497
-1062.51	947.395	17.2345	-2019.67	-13.7734	3.42354
-1063.15	948.119	16.3938	-1634.21	46.3211	3.41401
-1063.78	948.89	20.2792	-1538.44	43.9269	3.42735
-1064.4	949.639	20.2792	-1538.44	43.9269	3.4121
-1065.08	950.465	31.4701	-1076.36	-24.3079	3.41401
-1065.71	951.272	30.0717	-446.681	-86.7965	3.41782
-1066.26	952.182	30.0717	-446.681	-86.7965	3.40829
-1067.06	953.146	17.1238	-130.647	-101.641	3.39685
-1067.9	953.969	17.1238	-130.647	-101.641	3.41401
-1068.81	954.942	34.6261	-480.2	-9.22438	3.41401
-1069.54	955.776	34.6261	-480.2	-9.22438	3.41019
-1070.43	956.735	30.3117	-200.079	33.153	3.41019
-1071.14	957.356	27.7315	211.724	88.2196	3.41019
-1071.72	957.864	25.9851	168.628	104.021	3.38732
-1072.29	958.332	28.6797	-760.322	51.3489	3.42544
-1072.97	959.021	28.6797	-760.322	51.3489	3.4121
-1073.72	959.646	28.9388	-803.417	-21.4348	3.42163
-1074.55	960.304	28.9388	-803.417	-21.4348	3.41973
-1075.4	961.028	18.2567	-994.954	-48.2499	3.42926
-1076.21	961.858	13.3527	-1548.01	-48.4893	3.44069
-1077.11	962.66	11.6367	-1617.45	-55.4325	3.41591
-1078.06	963.592	14.4638	-1662.94	-38.4336	3.42163
-1078.85	964.456	16.63	-1864.05	7.0562	3.42544
-1079.95	965.458	16.63	-1864.05	7.0562	3.44641
-1081.1	966.439	15.1933	-1990.94	-12.3368	3.43688
-1082.08	967.442	15.1933	-1990.94	-12.3368	3.42735
-1083.07	968.521	25.3258	-2424.29	10.8869	3.41591
-1084.03	969.574	23.1521	-2170.51	36.2654	3.41782
-1084.73	970.277	17.7118	-1457.03	142.089	3.39685
-1085.43	970.682	22.7791	-791.446	307.768	3.38541
-1086.02	971.128	22.7791	-791.446	307.768	3.36445
-1086.8	971.675	27.0222	-1938.27	169.622	3.38541
-1087.5	972.209	31.5898	-1509.71	61.644	3.41591
-1088.29	972.749	34.6261	-1011.71	5.61967	3.42163
-1089.04	973.396	34.6261	-980.588	2.50721	3.39876
-1089.91	974.126	34.6261	-980.588	2.50721	3.40066
-1090.73	974.936	20.342	-1342.11	-12.0974	3.42163
-1091.69	975.734	21.8256	-1342.11	-12.0974	3.42926
-1092.59	976.554	26.4406	-1873.63	17.1118	3.42354
-1093.66	977.491	24.0769	-1720.4	32.4347	3.42735
-1094.61	978.393	20.3851	-1775.46	37.9414	3.42735
-1095.52	979.38	26.3022	-1959.82	33.3924	3.43688
-1096.5	980.416	34.2988	-2069.95	21.9002	3.43116
-1097.2	981.523	32.3662	-2074.74	6.0985	3.42354
-1097.84	982.498	32.3662	-2074.74	6.0985	3.40638
-1098.63	983.785	34.6261	-4143.33	39.6173	3.4121
-1099.39	984.8	30.0031	-4622.17	40.575	3.40829
-1100.15	985.758	30.0031	-4622.17	40.575	3.40638
-1100.88	986.6	16.1836	-3944.61	24.055	3.38732
-1101.7	987.349	12.6855	-1299.02	193.804	3.4121
-1102.37	987.954	16.5305	534.941	245.04	3.41973
-1103.04	988.639	23.2016	1339.39	197.635	3.41401
-1103.59	989.419	28.2679	1260.38	99.233	3.41973
-1104.27	990.182	28.6095	738.448	47.0394	3.44069
-1105.1	990.849	24.6921	1116.73	-15.6887	3.42926
-1105.83	991.378	23.8795	1708.1	-35.0818	3.42735
-1106.66	991.902	23.8795	1708.1	-35.0818	3.43497
-1107.42	992.491	21.7835	1571.63	-23.829	3.42544
-1108.16	993.077	21.7835	1571.63	-23.829	3.42735
-1109.02	993.825	18.7792	297.915	-21.4348	3.39876
-1109.79	994.549	15.8021	-796.235	20.9426	3.41401
-1110.62	995.347	15.8021	-796.235	20.9426	3.4121
-1111.39	996.187	14.8884	-2201.63	70.9814	3.41782
-1112.44	997.13	18.5047	-2553.58	35.7866	3.41782
-1113.28	997.907	18.9069	-3188.04	41.2933	3.41401
-1114.11	998.708	25.6185	-3597.45	70.742	3.38732
-1115.04	999.319	21.46	-3053.97	142.329	3.40829
-1115.88	999.779	21.46	-3053.97	142.329	3.41019
-1116.74	1000.19	22.172	-1105.09	200.747	3.38351
-1117.64	1000.67	22.172	-1105.09	200.747	3.40257
-1118.49	1001.21	15.7382	-1390	221.577	3.41019
-1119.33	1001.85	12.5998	-2515.27	261.799	3.41782
-1120.07	1002.69	23.291	-3377.18	225.886	3.4121
-1120.84	1003.39	23.291	-3377.18	225.886	3.4121
-1121.64	1004.19	28.3461	-3427.46	70.9814	3.44451
-1122.55	1004.92	26.3459	-2943.83	-25.2655	3.42926
-1123.48	1005.75	22.462	-2661.32	-64.5304	3.42926
-1124.51	1006.57	22.4588	-2357.25	-48.4893	3.43307
-1125.43	1007.35	22.4588	-2357.25	-48.4893	3.41973
-1126.5	1008.1	24.2632	-2268.67	-20.956	3.44069
-1127.36	1008.77	12.4423	-781.87	3.22547	3.44451
-1128.1	1009.55	15.9941	-353.308	46.0817	3.41973
-1128.71	1010.24	18.5685	-640.612	27.8857	3.41401
-1129.28	1011.05	22.7977	-1638.99	66.9112	3.4121
-1129.91	1011.81	25.9681	-1406.76	-17.1252	3.40638
-1130.62	1012.8	27.9571	-1536.04	-30.0539	3.40448
-1131.25	1013.53	27.0855	-1531.25	-52.0806	3.41019
-1132.02	1014.43	34.6261	-1378.03	-36.7577	3.41019
-1132.74	1015.12	34.6261	-1378.03	-36.7577	3.39685
-1133.69	1015.82	34.6261	-587.939	77.6851	3.40448
-1134.44	1016.4	34.6261	99.1966	98.9935	3.40448
-1135.36	1016.95	34.6261	216.512	66.6718	3.44451
-1136.36	1017.64	34.6261	72.8603	43.2086	3.43497
-1137.33	1018.29	34.6261	72.8603	43.2086	3.43879
-1138.22	1019.1	34.6261	-736.38	58.0527	3.42735
-1138.96	1019.9	34.6261	-1332.54	35.3078	3.44069
-1139.65	1020.73	23.1718	-2043.61	45.6028	3.41973
-1140.36	1021.76	18.0167	-3350.85	57.5739	3.44641
-1140.97	1022.48	18.0167	-3350.85	57.5739	3.43116
-1141.79	1023.11	21.8139	-3113.82	65.9536	3.42926
-1142.65	1023.65	18.5674	-1895.17	137.54	3.41401
-1143.59	1024.23	18.5674	-1895.17	137.54	3.43497
-1144.25	1024.79	23.0521	-815.388	89.4167	3.41401
-1145.06	1025.49	30.6842	-1160.15	54.9402	3.39876
-1145.77	1026.18	27.2026	-1861.65	62.8411	3.40448
-1146.48	1027.02	27.2026	-1861.65	62.8411	3.40066
-1147.17	1027.82	19.0453	-2572.73	-38.9125	3.42163
-1148.04	1028.76	21.2695	-2438.66	-25.505	3.40257
-1148.99	1029.6	34.3025	-2069.95	-67.1641	3.43307
-1149.93	1030.57	34.6261	-2227.97	-66.2064	3.43497
-1150.66	1031.44	34.6261	-2227.97	-66.2064	3.43688
-1151.55	1032.42	15.1529	-2486.54	-31.7299	3.44451
-1152.29	1033.26	9.90145	-2359.65	16.8724	3.41782
-1152.97	1034.1	19.4534	-2156.14	80.7976	3.41782
-1153.53	1034.78	19.4534	-2156.14	80.7976	3.41019
-1154.17	1035.51	28.3163	-173.742	30.0405	3.41973
-1154.97	1036.32	28.3163	-173.742	30.0405	3.42163
-1155.7	1037.24	14.4452	307.492	-85.1206	3.43688
-1156.46	1038.08	14.9741	269.185	-70.7554	3.43688
-1157.17	1038.71	14.9741	269.185	-70.7554	3.39685
-1157.98	1039.34	19.4614	616.344	6.09851	3.39494
-1158.8	1039.92	19.4614	616.344	6.09851	3.40448
-1159.69	1040.53	26.6827	908.437	66.4324	3.39113
-1160.56	1041.16	24.5298	724.083	47.997	3.39685
-1161.49	1041.87	27.1281	-578.363	98.2753	3.40257
-1162.36	1042.64	27.1281	-578.363	98.2753	3.39304
-1162.99	1043.41	34.6261	-2251.91	83.1918	3.40638
-1163.78	1044.29	34.6261	-3003.69	107.134	3.38923
-1164.65	1045.03	23.9306	-3456.19	111.683	3.38541
-1165.42	1045.55	14.4404	-2757.09	143.765	3.39876
-1166.22	1046.01	14.4404	-2757.09	143.765	3.39876
-1167.1	1046.57	20.3761	-1734.76	129.16	3.4121
-1167.84	1047.04	26.6955	-2311.76	124.611	3.41782
-1168.66	1047.65	27.1323	-2972.56	127.485	3.42926
-1169.38	1048.33	27.1323	-2972.56	127.485	3.42354
-1170.16	1049.06	32.5168	-2781.03	55.6585	3.44069
-1171	1049.86	31.783	-2752.3	26.4492	3.42163
-1171.83	1050.63	28.3753	-2644.56	1.31011	3.42926
-1172.56	1051.4	28.3753	-2644.56	1.31011	3.43879
-1173.52	1052.35	33.117	-2668.5	2.26779	3.41782
-1174.42	1053.38	34.6261	-3791.38	38.4202	3.41782
-1175.12	1054.21	29.6231	-4131.36	24.055	3.41401
-1175.91	1055.11	25.9936	-4064.32	6.81676	3.38732
-1176.58	1055.9	30.1526	-2268.67	-65.4881	3.3816
-1177.32	1056.51	30.1526	-2268.67	-65.4881	3.37779
-1177.94	1057.12	26.0537	376.924	41.5327	3.38923
-1178.52	1057.81	26.0537	376.924	41.5327	3.3816
-1179.24	1058.62	27.2776	692.959	-125.104	3.39685
-1179.97	1059.39	28.4089	534.941	-132.286	3.38732
-1180.76	1060.16	31.1104	408.049	-113.851	3.40257
-1181.46	1061	31.1104	408.049	-113.851	3.40829
-1182.15	1061.95	34.6261	-595.122	-55.6719	3.41401
-1183.04	1062.87	34.1743	-844.119	-80.5716	3.41019
-1183.82	1063.88	34.1743	-844.119	-80.5716	3.41973
-1184.61	1065.03	21.4132	-1852.08	-36.2789	3.39876
-1185.49	1066.08	20.341	-2335.71	-19.9983	3.4426
-1186.26	1067.01	20.341	-2335.71	-19.9983	3.38923
-1187.05	1067.74	9.85622	-2551.18	129.879	3.41019
-1187.77	1068.13	10.6789	-698.073	171.059	3.3816
-1188.51	1068.55	11.2807	-525.69	188.297	3.38541
-1189.17	1068.92	11.2807	-525.69	188.297	3.36445
-1190.02	1069.4	15.1513	-1648.57	41.5327	3.38732
-1190.72	1069.92	14.5064	-1701.24	42.4904	3.39685
-1191.5	1070.66	14.5766	-1792.22	16.1542	3.45976
-1192.47	1071.3	14.5766	-1792.22	16.1542	3.44641
-1193.45	1072.01	18.1402	-1624.63	-11.6186	3.44641
-1194.26	1072.7	23.2601	-1557.59	-0.605255	3.43688
-1195.28	1073.49	18.2162	-1672.51	14.2388	3.4426
-1196.13	1074.39	17.3026	-2158.54	12.084	3.44641
-1196.85	1075.32	14.4904	-2915.1	8.2533	3.44641
-1197.51	1076.14	13.083	-3925.46	10.1687	3.44641
-1198.34	1077.3	13.083	-3925.46	10.1687	3.4426
-1199.13	1078.33	15.1896	-4073.9	-19.5195	3.46547
-1199.88	1079.17	24.1339	-3674.07	-47.0528	3.45594
-1200.69	1080.32	24.1339	-3674.07	-47.0528	3.45022
-1201.56	1081.21	17.8118	-2704.41	13.9994	3.44641
-1202.39	1081.91	18.8117	-1581.53	66.9112	3.44832
-1203.14	1082.55	16.4209	240.454	155.257	3.41973
-1203.76	1083.24	12.1624	925.196	163.398	3.43307
-1204.41	1084.01	12.1624	925.196	163.398	3.41401
-1205.04	1084.69	12.3848	637.892	79.6005	3.40448
-1205.77	1085.51	16.6513	781.544	-13.7734	3.41973
-1206.42	1086.28	16.6513	781.544	-13.7734	3.41591
-1207.18	1087.27	23.2617	92.014	-21.9137	3.40829
-1207.98	1088.08	27.2989	-652.583	-8.74554	3.43688
-1208.74	1089.13	34.6261	-1143.39	-4.19656	3.45976
-1209.62	1090.17	34.6261	-1471.4	6.57735	3.44641
-1210.55	1090.83	34.6261	-1471.4	6.57735	3.45976
-1211.62	1091.29	32.7711	-1011.71	22.8579	3.42163
-1212.48	1091.7	30.1127	482.269	115.753	3.43879
-1213.25	1092.16	26.9902	463.115	157.891	3.41782
-1214.01	1092.68	26.9902	463.115	157.891	3.42354
-1214.74	1093.27	18.1178	-2687.65	208.648	3.44451
-1215.41	1093.92	18.3461	-2814.55	183.988	3.44451
-1216.15	1094.52	18.3461	-2814.55	183.988	3.41591
-1217.15	1095.14	23.2373	-3015.66	171.538	3.41591
-1218.07	1095.77	23.2373	-3015.66	171.538	3.41782
-1218.98	1096.39	23.3149	-2548.79	148.793	3.42926
-1219.76	1096.95	24.1073	-2309.37	132.512	3.40257
-1220.61	1097.57	24.1073	-2309.37	132.512	3.40638
-1221.33	1098.19	21.9926	-2407.53	111.683	3.39494
-1222.16	1099.03	24.915	-2773.85	-34.6029	3.39685
-1222.99	1099.77	34.6261	-1569.56	-133.962	3.46547
-1224.04	1100.62	34.6261	-1569.56	-133.962	3.48644
-1224.89	1101.4	20.8412	-1516.89	-146.412	3.4731
-1225.83	1102.37	20.8412	-1516.89	-146.412	3.44641
-1226.64	1103.14	12.7451	-1806.59	-55.6719	3.45976
-1227.65	1103.91	12.7451	-1806.59	-55.6719	3.45976
-1228.67	1104.69	15.5482	-736.38	10.6475	3.45213
-1229.76	1105.61	23.5528	-286.27	22.1397	3.44451
-1230.63	1106.34	30.1515	-501.748	65.7141	3.42544
-1231.32	1107.18	30.1515	-501.748	65.7141	3.42926
-1231.83	1108.07	30.9566	-1586.32	142.089	3.42163
-1232.39	1108.92	34.6261	-1689.27	13.5205	3.41401
-1233.05	1109.71	34.6261	-1689.27	13.5205	3.42163
-1233.7	1110.48	25.8451	-446.681	9.45039	3.41591
-1234.43	1111.17	27.9433	-8.54252	11.6052	3.42354
-1235.25	1111.76	27.9433	-8.54252	11.6052	3.41401
-1236.12	1112.32	34.6261	724.083	70.5025	3.41591
-1237.01	1112.87	34.6261	637.892	66.193	3.39494
-1237.8	1113.45	34.6261	637.892	66.193	3.38541
-1238.58	1114.26	32.8818	-262.328	98.7541	3.38351
-1239.26	1115.06	22.8344	-1641.39	65.7141	3.37588
-1239.91	1115.85	31.8016	-2469.78	83.4312	3.44451
-1240.45	1116.61	31.8016	-2469.78	83.4312	3.42926
-1241.21	1117.6	33.0845	-2551.18	51.3489	3.42926
-1242.09	1118.55	24.6894	-2606.25	-2.04177	3.42735
-1242.92	1119.48	24.6894	-2606.25	-2.04177	3.44069
-1243.69	1120.36	32.0304	-3571.11	20.7031	3.43879
-1244.6	1121.3	30.0265	-3403.52	37.4626	3.43307
-1245.39	1121.77	17.4846	-1452.25	110.486	3.42163
-1246.29	1122.22	13.5097	-317.395	223.971	3.39876
-1247	1122.7	20.7028	-779.475	181.115	3.39685
-1247.56	1123.15	31.1003	-2826.52	203.86	3.39685
-1248.36	1123.75	31.1003	-2826.52	203.86	3.38732
-1249.23	1124.41	26.4331	-2781.03	104.5	3.40066
-1250.11	1125.17	29.6966	-3030.03	70.9814	3.40638
-1250.84	1125.83	29.6966	-3030.03	70.9814	3.43497
-1251.79	1126.6	14.7751	-3006.08	61.8834	3.45404
-1252.67	1127.55	9.0804	-3015.66	60.9257	3.43879
-1253.61	1128.36	9.47789	-3061.15	60.2075	3.41019
-1254.6	1129.2	9.47789	-3061.15	60.2075	3.3816
-1255.49	1130.05	16.9919	-2893.56	55.4191	3.36445
-1256.14	1130.79	16.9919	-2893.56	55.4191	3.35682
-1256.75	1131.45	18.5259	-1727.58	102.585	3.40257
-1257.41	1132.17	18.5259	-1727.58	102.585	3.44069
-1258.09	1132.95	31.6494	290.733	-107.865	3.44451
-1258.81	1133.82	23.8939	685.776	-149.285	3.41782
-1259.47	1134.56	19.0591	-133.041	-110.499	3.38541
-1260.4	1135.46	19.0591	-133.041	-110.499	3.3797
-1261.46	1136.46	21.3147	-604.699	-58.5449	3.39113
-1262.38	1137.41	20.6778	-901.58	-79.1351	3.41401
-1263.25	1138.4	19.7812	-1363.66	-76.5014	3.45022
-1264.2	1139.39	19.7812	-1363.66	-76.5014	3.48263
-1265.14	1140.54	19.8275	-1545.62	-28.1386	3.45976
-1266.05	1141.52	21.9011	-1330.14	-24.3079	3.44451
-1267.24	1142.41	19.9589	-1073.96	42.0115	3.38732
-1268.06	1142.96	19.9589	-1073.96	42.0115	3.3797
-1268.72	1143.46	16.7013	-82.7627	273.77	3.37207
-1269.37	1143.96	16.7141	-1260.71	213.915	3.37588
-1270.12	1144.52	21.5819	-2448.23	95.1628	3.35873
-1270.78	1145.1	21.9203	-1883.2	-36.9971	3.36445
-1271.61	1145.85	20.2388	-1832.92	-31.9693	3.38541
-1272.57	1146.59	16.8056	-2105.86	-26.2232	3.36445
-1273.54	1147.35	12.0821	-2498.51	-6.59076	3.38541
-1274.58	1148.15	11.1647	-2532.03	0.591846	3.39876
-1275.48	1149.07	11.1647	-2532.03	0.591846	3.39876
-1276.55	1149.96	16.1921	-2544	8.01387	3.41401
-1277.52	1150.84	16.1921	-2544	8.01387	3.41401
-1278.63	1151.83	13.7837	-2263.88	31.2376	3.4121
-1279.69	1152.72	13.7837	-2263.88	31.2376	3.40448
-1280.57	1153.48	23.7114	-1588.72	99.233	3.40448
-1281.15	1154.13	23.7114	-1588.72	99.233	3.38541
-1281.7	1154.94	17.9342	-1445.06	174.89	3.39494
-1282.26	1155.72	15.2481	-1246.34	129.639	3.36826
-1282.87	1156.44	14.816	-171.348	-13.7734	3.38541
-1283.59	1157.31	15.9713	-305.424	-27.1809	3.36826
-1284.28	1158.09	20.3468	-949.464	24.7733	3.40829
-1285.13	1158.87	25.2912	-674.131	52.3066	3.4121
-1285.97	1159.47	31.8809	-66.0034	80.0793	3.40448
-1286.94	1160.16	34.5808	22.5821	88.9379	3.3797
-1287.73	1160.78	34.6261	226.089	63.3199	3.36635
-1288.77	1161.5	34.6261	226.089	63.3199	3.32442
-1289.69	1162.26	26.2197	-247.963	52.7854	3.33013
-1290.62	1163.02	26.7082	-798.629	56.1373	3.3492
-1291.4	1163.93	26.7082	-798.629	56.1373	3.37588
-1292.26	1164.86	16.141	-2773.85	58.7709	3.38541
-1293.04	1165.8	17.4532	-4114.6	91.3321	3.40257
-1293.74	1166.5	17.4532	-4114.6	91.3321	3.40257
-1294.43	1166.96	21.5036	-3121	277.84	3.39494
-1295.23	1167.42	21.5036	-3121	277.84	3.40829
-1296.03	1167.95	20.7757	-2005.31	230.435	3.38541
-1296.7	1168.51	20.9752	-2833.7	155.257	3.43497
-1297.53	1169.11	22.4588	-3353.24	122.936	3.40638
-1298.38	1169.76	24.3025	-2927.07	43.9269	3.40257
-1299.21	1170.62	23.8715	-2206.42	-37.7154	3.38732
-1300.08	1171.41	22.4896	-2074.74	-53.7565	3.38541
-1300.89	1172.14	22.4896	-2074.74	-53.7565	3.38732
-1301.9	1173.04	14.8921	-2318.95	-62.3757	3.39113
-1302.68	1173.88	15.8797	-2496.12	-45.1374	3.39113
-1303.68	1174.81	18.7638	-2508.09	-29.5751	3.38732
-1304.6	1175.68	15.6323	-2611.04	-6.83018	3.36063
-1305.37	1176.42	15.6323	-2611.04	-6.83018	3.3816
-1306.04	1177.2	13.1271	-2105.86	115.035	3.35873
-1306.62	1177.89	13.1271	-2105.86	115.035	3.38351
-1307.22	1178.59	18.7186	-252.751	-86.5571	3.38732
-1307.94	1179.35	18.7186	-252.751	-86.5571	3.41401
-1308.61	1180.22	14.906	477.48	-127.498	3.42544
-1309.41	1181.04	14.9826	72.8604	-133.483	3.41973
-1310.29	1181.9	14.9826	72.8604	-133.483	3.44069
-1311.25	1182.9	13.2628	-942.281	-52.0806	3.45022
-1312.13	1183.88	13.2628	-942.281	-52.0806	3.44069
-1313.11	1184.84	13.73	-1354.08	-36.7577	3.4426
-1314.03	1185.87	14.3026	-1423.52	-16.8858	3.44832
-1314.85	1186.91	15.6743	-1595.9	16.633	3.43688
-1315.49	1187.84	15.6743	-1595.9	16.633	3.41591
-1316.13	1188.7	34.1376	-2362.04	135.385	3.39113
-1316.8	1189.28	34.1376	-2362.04	135.385	3.40638
-1317.5	1189.71	34.6261	118.35	202.902	3.38923
-1318.21	1190.22	34.6261	118.35	202.902	3.40448
-1318.81	1190.68	32.5402	1253.2	-55.1931	3.39876
-1319.61	1191.36	32.5402	1253.2	-55.1931	3.39304
-1320.31	1191.96	16.2075	539.73	-83.4446	3.39113
-1321.15	1192.78	10.7358	431.991	-94.2185	3.38923
-1321.91	1193.54	11.8953	297.915	-85.5994	3.39113
-1322.96	1194.27	11.8953	297.915	-85.5994	3.42735
-1323.98	1195.16	15.7435	-58.8207	-48.0104	3.43307
-1324.96	1196.05	18.4482	-733.986	-43.7009	3.42544
-1326	1197.02	22.2752	-1382.81	-35.8	3.42544
-1326.88	1197.96	22.2752	-1382.81	-35.8	3.42735
-1327.77	1199.06	33.6268	-1830.53	-42.2644	3.40638
-1328.54	1200.1	33.6268	-1830.53	-42.2644	3.40638
-1329.43	1201.22	25.4258	-3695.61	63.7988	3.39876
-1330.34	1202.41	18.2971	-4485.7	80.5582	3.41973
-1331.08	1203.44	15.5259	-5002.85	103.543	3.41973
-1331.94	1204.78	13.9311	-4952.57	108.57	3.39876
-1332.87	1206	14.6894	-4990.88	77.9246	3.38541
-1333.81	1207.05	16.4369	-4670.05	103.303	3.37588
-1334.65	1207.69	25.1672	-2333.31	262.757	3.3492
-1335.98	1208.1	33.2346	-247.963	471.292	3.33776
-1336.9	1208.46	34.1621	700.141	359.243	3.37779
-1338.01	1208.96	28.6563	-453.864	243.843	3.33776
-1338.86	1209.35	28.6563	-453.864	243.843	3.35301
-1339.62	1209.97	18.5148	-2749.9	282.389	3.36445
-1340.21	1210.56	18.5148	-2749.9	282.389	3.36635
-1341.12	1211.35	27.0413	-4172.06	210.085	3.37207
-1341.93	1212.02	33.1202	-3001.29	33.153	3.41019
-1342.8	1212.75	33.1202	-3001.29	33.153	3.39685
-1343.62	1213.56	29.4002	-2144.17	-75.0649	3.39876
-1344.62	1214.55	21.4675	-2409.93	-101.641	3.39113
-1345.57	1215.45	13.1862	-2613.43	-115.288	3.41019
-1346.5	1216.2	8.98196	-2706.81	-71.9525	3.3797
-1347.62	1216.96	8.98196	-2706.81	-71.9525	3.38351
-1348.69	1217.62	16.3219	161.446	-2.04178	3.36826
-1349.89	1218.25	15.8111	827.034	64.517	3.38541
-1350.96	1218.95	17.8842	1451.92	10.6475	3.36635
-1351.83	1219.64	15.842	587.614	42.9692	3.37398
-1352.36	1220.39	15.842	587.614	42.9692	3.34729
-1352.92	1221.34	18.8431	-1215.22	95.8811	3.34157
-1353.44	1222.12	15.8292	-2266.27	-1.56293	3.36445
-1354.18	1223.12	23.5608	-2256.7	-0.605249	3.37207
-1354.86	1224.1	25.1321	-1799.41	-56.869	3.3511
-1355.56	1225.05	25.1321	-1799.41	-56.869	3.36254
-1356.2	1225.98	22.1475	-2728.36	6.81677	3.38351
-1357.05	1227.1	21.9565	-2570.34	22.6185	3.39113
-1357.88	1228.03	18.4988	-2402.74	45.6028	3.41591
-1358.64	1228.82	18.1513	-1658.15	122.457	3.4121
-1359.57	1229.55	18.1513	-1658.15	122.457	3.40257
-1360.61	1230.3	22.3124	692.959	146.399	3.41973
-1361.59	1231.01	22.3124	692.959	146.399	3.41782
-1362.62	1231.9	15.7818	946.744	88.9379	3.44641
-1363.71	1232.83	16.6082	1059.27	71.9391	3.42926
-1364.54	1233.74	16.6082	1059.27	71.9391	3.45976
-1365.28	1234.53	24.41	434.385	16.1542	3.41973
-1365.89	1235.51	24.41	434.385	16.1542	3.4121
-1366.45	1236.28	16.042	-2508.09	206.972	3.38732
-1367.26	1236.86	13.8588	-1679.7	289.811	3.4121
-1367.88	1237.24	13.8588	-1679.7	289.811	3.40638
-1368.56	1237.72	12.4849	-324.577	54.7008	3.38541
-1369.26	1238.24	11.7846	-1375.63	33.8713	3.39304
-1370.1	1238.96	10.1186	-1667.72	4.66199	3.36445
-1370.76	1239.58	15.9984	-1519.28	58.2921	3.36063
-1371.67	1240.39	23.0888	-1480.98	62.1228	3.34538
-1372.53	1241.06	23.0888	-1480.98	62.1228	3.35491
-1373.62	1241.96	22.372	-1437.88	29.5617	3.36254
-1374.55	1242.85	17.9188	-1947.85	1.07069	3.37207
-1375.6	1243.73	17.9188	-1947.85	1.07069	3.38351
-1376.59	1244.72	23.4538	-2563.16	-9.22439	3.36063
-1377.47	1245.75	23.4538	-2563.16	-9.22439	3.36254
-1378.55	1246.72	21.709	-2860.04	20.4637	3.3816
-1379.64	1247.66	22.7951	-2924.68	9.68981	3.38351
-1380.65	1248.92	22.7951	-2924.68	9.68981	3.36063
-1381.71	1249.92	25.6557	-3484.92	48.4759	3.3816
-1382.63	1251	29.5806	-4207.97	133.231	3.36063
-1383.39	1251.93	29.5806	-4207.97	133.231	3.33966
-1384.12	1252.5	22.8057	-1279.86	311.12	3.34538
-1384.94	1252.98	30.2585	-1694.06	269.7	3.33776
-1385.69	1253.45	34.5542	-1794.62	3.94373	3.3492
-1386.49	1253.99	34.5542	-1794.62	3.94373	3.3492
-1387.19	1254.66	19.2501	-616.67	-67.4035	3.35301
-1388.18	1255.39	10.9854	-1152.97	-121.034	3.36635
-1389	1256.11	17.5362	-1624.63	-78.1774	3.38351
-1389.89	1256.9	28.4972	-1476.19	-63.3333	3.35301
-1390.81	1257.8	29.4146	-1689.27	-39.1519	3.39685
-1391.93	1258.64	25.3492	-1710.82	-41.3067	3.39113
-1392.95	1259.49	25.3492	-1710.82	-41.3067	3.38923
-1393.91	1260.36	19.2874	-2022.07	-17.3647	3.40448
-1395.04	1261.51	21.9793	-2160.93	-31.251	3.41591
-1396.06	1262.54	20.9886	-2225.57	-20.956	3.41973
-1397.14	1263.69	16.29	-1964.61	5.14083	3.41019
-1398.46	1264.82	16.29	-1964.61	5.14083	3.4121
-1399.36	1265.96	22.9755	-2347.68	2.74662	3.39494
-1400.01	1267.13	22.9755	-2347.68	2.74662	3.38541
-1400.57	1268.28	24.2169	-5002.85	48.4759	3.3492
-1401.22	1269.61	24.2169	-5002.85	48.4759	3.38351
-1401.83	1270.79	19.8998	-5366.77	37.9414	3.3492
-1402.56	1271.9	16.0617	-3999.68	174.65	3.33585
-1403.26	1272.61	15.3301	-1193.67	224.45	3.32442
-1404.07	1273.37	15.3301	-1193.67	224.45	3.30154
-1404.92	1274.2	25.0858	1025.75	227.562	3.32442
-1405.56	1274.95	28.5206	1066.45	132.991	3.34348
-1406.18	1275.75	27.905	1020.96	137.54	3.3492
-1406.85	1276.72	24.9049	44.1299	77.2063	3.3511
-1407.5	1277.63	24.716	372.136	44.4057	3.37398
-1408.15	1278.56	25.7047	111.168	-32.4481	3.37207
-1408.87	1279.47	25.7047	111.168	-32.4481	3.37398
-1409.8	1280.45	25.403	103.985	-31.7299	3.36635
-1410.69	1281.08	14.0684	764.785	50.1518	3.33013
-1411.55	1281.56	10.4841	836.611	42.9692	3.34348
-1412.52	1282.15	10.1515	1023.36	61.644	3.36254
-1413.3	1282.77	9.98712	1049.69	59.0104	3.3492
-1414	1283.34	11.9554	-1160.15	192.367	3.32823
-1414.7	1284.07	13.9524	-2115.44	96.8388	3.33585
-1415.39	1284.8	16.2666	-3032.42	104.74	3.34157
-1416.17	1285.59	16.2666	-3032.42	104.74	3.31679
-1417.13	1286.44	25.5104	-2670.9	125.09	3.32442
-1417.94	1287.28	25.5104	-2670.9	125.09	3.33013
-1418.74	1288.02	22.702	-4009.25	77.9246	3.33013
-1419.72	1288.78	19.9908	-3480.14	130.836	3.31107
-1420.6	1289.29	22.5109	-2457.81	170.82	3.3187
-1421.47	1289.91	22.5109	-2457.81	170.82	3.30345
-1422.49	1290.46	22.9563	-1820.95	166.989	3.30917
-1423.63	1291.07	22.9563	-1820.95	166.989	3.33204
-1424.48	1291.76	17.93	-2354.86	180.157	3.35873
-1425.23	1292.52	29.6838	-2685.26	193.565	3.35491
-1425.94	1293.27	33.631	-3089.88	212.958	3.35873
-1426.84	1294.08	17.4936	-3508.87	90.6138	3.36635
-1427.53	1294.93	17.4936	-3508.87	90.6138	3.35873
-1428.43	1295.62	18.022	-2824.12	-107.626	3.33776
-1429.46	1296.29	19.4598	-1849.68	-70.0371	3.37207
-1430.27	1296.86	15.7941	-712.438	-68.3612	3.33776
-1431.2	1297.56	15.7941	-712.438	-68.3612	3.35873
-1432.22	1298.23	14.2579	-669.342	-65.4881	3.35491
-1433.03	1298.91	14.0487	-1354.08	-24.3079	3.32823
-1433.93	1299.73	19.4103	-1483.37	-37.2365	3.32823
-1434.65	1300.62	20.1313	-1990.94	-41.5461	3.32442
-1435.33	1301.56	20.1313	-1990.94	-41.5461	3.33585
-1435.88	1302.36	33.1675	-3365.21	23.5762	3.33013
-1436.56	1303.27	31.949	-3446.62	15.4359	3.32632
-1437.28	1304.15	31.949	-3446.62	15.4359	3.33585
-1438.02	1305.04	22.4295	-2091.5	-27.6597	3.32251
-1438.84	1305.84	16.2969	-2115.44	-30.0539	3.33585
-1439.55	1306.7	14.045	-1871.23	-12.3368	3.36445
-1440.24	1307.47	14.045	-1871.23	-12.3368	3.36445
-1441.11	1308.33	16.2075	-1263.1	48.4759	3.35301
-1441.77	1309.12	18.5728	-1109.88	46.0817	3.32442
-1442.41	1310.06	22.7929	-1270.29	78.4034	3.33585
-1442.96	1310.98	24.0897	-1571.96	87.5014	3.34157
-1443.58	1311.8	24.9688	-1445.06	26.9281	3.33395
-1444.32	1312.66	24.9688	-1445.06	26.9281	3.33776
-1445.03	1313.58	21.0199	-741.168	-47.2922	3.31488
-1445.74	1314.27	27.6261	-346.125	-8.2667	3.32632
-1446.62	1314.94	27.6261	-346.125	-8.2667	3.33204
-1447.46	1315.42	27.6804	985.051	20.9426	3.31107
-1448.27	1316.06	25.9175	795.909	2.02837	3.29773
-1448.87	1316.76	29.6279	-1459.43	127.006	3.30345
-1449.58	1317.56	29.6279	-1459.43	127.006	3.32251
-1450.31	1318.36	22.5264	-2271.06	24.7733	3.33776
-1451.15	1319.2	18.6872	-1457.03	3.22547	3.3206
-1451.82	1320.03	18.6872	-1457.03	3.22547	3.3206
-1452.66	1321.02	21.3222	-1789.83	-11.3792	3.34729
-1453.43	1321.84	24.7511	-2630.19	-11.6186	3.33966
-1454.42	1322.91	25.9771	-2845.67	-33.1664	3.35491
-1455.29	1323.8	25.9771	-2845.67	-33.1664	3.35491
-1456.22	1324.51	20.7879	-3101.85	31.2376	3.33776
-1457.14	1324.94	16.0835	-1816.16	116.232	3.3511
-1458	1325.43	16.0835	-1816.16	116.232	3.34538
-1458.79	1326.01	25.4067	-94.7338	160.525	3.36063
-1459.4	1326.5	28.3743	-2764.27	262.757	3.37207
-1460.3	1327.2	30.2063	-3377.18	201.465	3.34348
-1461.12	1327.84	34.6261	-3348.45	137.78	3.35682
-1461.89	1328.49	34.6261	-3030.03	53.7431	3.33585
-1462.85	1329.26	34.6261	-3068.33	49.9124	3.36445
-1463.66	1329.98	34.6261	-3068.33	49.9124	3.3187
-1464.41	1330.63	33.4017	-2438.66	76.0092	3.3187
-1465.14	1331.15	33.4017	-2438.66	76.0092	3.32251
-1465.81	1331.87	34.6261	-1775.46	81.5159	3.30917
-1466.4	1332.47	34.6261	-1775.46	81.5159	3.31107
-1467.2	1333.28	20.0196	-1363.66	-113.372	3.30345
-1467.85	1333.98	17.2132	-599.91	-155.75	3.31298
-1468.49	1334.79	14.5303	-669.342	-163.65	3.32442
-1469.31	1335.67	16.5337	-1114.66	-137.793	3.32823
-1470.11	1336.55	16.5337	-1114.66	-137.793	3.35301
-1470.91	1337.39	33.291	-1638.99	-80.5716	3.34538
-1471.75	1338.34	33.291	-1638.99	-80.5716	3.35301
-1472.85	1339.27	23.7811	-1830.53	-25.9838	3.35491
-1473.91	1340.14	21.5877	-1648.57	-19.28	3.3511
-1474.86	1340.97	23.4592	-1193.67	6.57735	3.3511
-1475.86	1341.8	29.6455	-604.699	65.4747	3.34729
-1476.68	1342.59	29.6455	-604.699	65.4747	3.34538
-1477.29	1343.17	34.6261	-281.482	158.609	3.3206
-1477.91	1343.8	34.6261	-128.253	173.932	3.33966
-1478.48	1344.28	34.6261	-156.983	105.458	3.29963
-1479.21	1344.97	34.6261	-870.455	34.1107	3.3206
-1479.83	1345.54	34.6261	-42.0613	-85.1206	3.33013
-1480.53	1346.17	33.962	60.8893	-74.8255	3.32442
-1481.32	1346.95	27.1664	-599.91	-41.3067	3.3206
-1482.02	1347.69	27.1664	-599.91	-41.3067	3.32442
-1482.8	1348.49	30.4431	-1605.48	-59.0238	3.30535
-1483.7	1349.45	25.2811	-1361.27	-34.6029	3.33776
-1484.74	1350.39	25.5775	-1234.37	-29.5751	3.34538
-1485.72	1351.38	25.5775	-1234.37	-29.5751	3.34348
-1486.7	1352.32	24.4728	-1595.9	-2.99946	3.35682
-1487.6	1353.31	24.4728	-1595.9	-2.99946	3.33204
-1488.76	1354.42	11.1003	-2077.13	-0.844678	3.35873
-1489.68	1355.41	10.3266	-2752.3	35.5472	3.34538
-1490.51	1356.62	10.3266	-2752.3	35.5472	3.33776
-1491.46	1357.56	10.3266	-3858.42	54.7008	3.32442
-1492.18	1358.04	9.76364	-3465.77	242.406	3.30345
-1492.89	1358.49	11.5052	-1871.23	401.86	3.31298
-1493.54	1358.88	11.5052	-1871.23	401.86	3.32251
-1494.35	1359.41	20.2223	-2692.44	210.563	3.34157
-1495.06	1359.9	20.2223	-2692.44	210.563	3.32442
-1495.92	1360.61	23.9891	-1797.01	-6.83018	3.33204
-1496.85	1361.23	29.2459	-1682.09	6.57735	3.33395
-1498.02	1362.02	32.8211	-1753.92	-9.70322	3.33013
-1498.99	1362.76	25.5014	-1710.82	-28.378	3.32442
-1499.84	1363.73	25.1949	-1737.16	-24.3079	3.34538
-1500.88	1364.5	24.2355	-1945.45	-28.8568	3.3797
-1501.82	1365.33	24.2355	-1945.45	-28.8568	3.38732
-1502.84	1366.25	26.7912	-2160.93	11.3658	3.37398
-1504.05	1367.22	21.8958	-2156.14	22.8579	3.35301
-1504.91	1368.15	21.8958	-2156.14	22.8579	3.35491
-1505.54	1369.08	24.5415	-2211.21	47.0394	3.36254
-1506.13	1369.94	28.5116	-1184.1	40.0962	3.36445
-1506.87	1370.93	28.5116	-1184.1	40.0962	3.34538
-1507.54	1371.78	24.8442	-1026.08	19.506	3.34348
-1508.19	1372.73	24.1136	-683.707	-10.9003	3.34538
-1508.97	1373.72	24.1136	-683.707	-10.9003	3.34348
-1509.74	1374.58	25.3194	-882.426	-5.39366	3.32442
-1510.7	1375.73	23.7507	-1071.57	5.38025	3.33585
-1511.65	1376.75	19.7929	-889.609	28.8434	3.32632
-1512.51	1377.72	19.7929	-889.609	28.8434	3.33395
-1513.42	1378.59	21.1179	-829.754	45.8423	3.33966
-1514.2	1379.67	25.6009	-427.528	97.0782	3.31488
-1514.78	1380.51	27.8916	-573.574	99.233	3.30726
-1515.34	1381.46	27.8916	-573.574	99.233	3.32442
-1515.96	1382.14	22.6072	-992.559	109.049	3.33013
-1516.71	1382.85	19.0235	-722.015	136.104	3.32632
-1517.34	1383.38	19.0235	-722.015	136.104	3.34157
-1517.98	1384.06	21.6675	424.808	44.4057	3.30726
-1518.64	1384.68	27.872	156.657	-11.1397	3.32442
-1519.32	1385.41	31.2456	-583.151	-20.4771	3.32823
-1519.96	1386.24	22.695	-1064.39	3.70431	3.34729
-1520.67	1387.05	16.274	-1330.14	-22.8713	3.36254
-1521.38	1387.97	22.4263	-1734.76	-34.6029	3.3492
-1522.16	1388.96	29.6029	-2529.64	-13.5339	3.36635
-1523.05	1389.86	31.3174	-2740.33	-34.6029	3.3511
-1523.78	1390.71	31.3174	-2740.33	-34.6029	3.34538
-1524.76	1391.64	22.0038	-2860.04	54.9402	3.35491
-1525.65	1392.1	22.0038	-2860.04	54.9402	3.3492
-1526.52	1392.66	32.4471	-982.983	225.407	3.33776
-1527.46	1393.08	32.4471	-982.983	225.407	3.33013
-1528.51	1393.68	33.3506	48.9183	176.326	3.32442
-1529.42	1394.35	20.5315	-1112.27	129.639	3.34157
-1530.23	1395.07	20.5315	-1112.27	129.639	3.32823
-1531.08	1395.81	25.1396	-2098.68	133.949	3.32632
-1531.8	1396.53	25.1396	-2098.68	133.949	3.35682
-1532.48	1397.26	19.2869	-4404.3	228.041	3.33395
-1533.29	1398.24	19.438	-4607.8	207.69	3.33585
-1534.07	1399.1	19.2533	-4854.41	198.832	3.35682
-1534.98	1399.95	19.2533	-4854.41	198.832	3.34157
-1535.82	1401.01	30.3128	-5407.47	165.074	3.33013
-1536.56	1401.97	30.3128	-5407.47	165.074	3.3511
-1537.35	1402.72	34.1206	-5043.55	172.735	3.33776
-1537.91	1403.25	34.6261	-2627.8	98.2753	3.31488
-1538.5	1403.81	32.3178	-2524.85	108.57	3.33966
-1539.07	1404.49	33.3905	-1660.54	-83.6841	3.32442
-1539.68	1405.11	33.3905	-1660.54	-83.6841	3.33395
-1540.4	1405.77	23.8173	-54.0323	-238.11	3.35682
-1541.18	1406.55	19.0192	-20.5135	-234.758	3.35873
-1541.98	1407.42	19.0192	-20.5135	-234.758	3.3492
-1542.65	1408.22	25.1938	-1378.03	-150.243	3.33585
-1543.51	1409.16	33.4879	-1296.62	-142.103	3.31298
-1544.35	1410.12	34.1179	-1248.74	-121.034	3.34729
-1545.19	1411.11	31.4893	-1224.8	-90.8667	3.35301
-1546.09	1412.06	26.3911	-1404.36	-58.5449	3.34157
-1546.97	1413.14	30.1297	-1725.19	-67.6429	3.33395
-1547.63	1414.17	30.1297	-1725.19	-67.6429	3.31488
-1548.3	1415.36	34.6261	-3113.82	-46.5739	3.33204
-1548.89	1416.58	26.1639	-4342.05	-3.23889	3.36445
-1549.58	1417.78	30.4426	-4799.34	-1.56294	3.35301
-1550.24	1418.9	30.4426	-4799.34	-1.56294	3.36063
-1550.99	1420.29	29.414	-3906.3	-33.8847	3.38732
-1551.69	1421.33	29.414	-3906.3	-33.8847	3.49025
-1552.48	1422.19	16.9466	-2498.51	81.5159	3.4731
-1553.34	1422.88	11.4435	-180.925	160.525	3.46357
-1554.2	1423.56	11.4435	-180.925	160.525	3.48263
-1554.77	1424.25	20.6097	1389.67	200.268	3.48072
-1555.34	1424.87	20.954	199.753	93.7263	3.47691
-1555.91	1425.64	20.954	199.753	93.7263	3.48263
-1556.61	1426.41	26.2719	645.075	6.09851	3.46357
-1557.29	1427.19	26.2719	645.075	6.09851	3.4731
-1557.98	1427.94	25.9015	405.654	-23.5896	3.45976
-1558.82	1428.93	13.9141	-235.992	-40.349	3.47501
-1559.75	1429.81	13.9141	-235.992	-40.349	3.46547
-1560.78	1430.82	13.1484	-1334.93	-12.3368	3.39685
-1561.58	1431.73	13.1484	-1334.93	-12.3368	3.38732
-1562.74	1432.66	18.1529	-1162.55	68.5872	3.3816
-1563.6	1433.14	18.1529	-1162.55	68.5872	3.3797
-1564.61	1433.67	22.7568	1114.34	229.238	3.3816
-1565.56	1434.17	22.7568	1114.34	229.238	3.37588
-1566.64	1434.82	29.2278	877.312	138.498	3.38351
-1567.41	1435.51	27.7075	-633.429	121.499	3.39304
-1568.08	1436.25	27.7075	-633.429	121.499	3.40448
-1568.89	1437.01	23.6991	-3271.84	160.764	3.40638
-1569.69	1437.88	23.6991	-3271.84	160.764	3.4121
-1570.5	1438.62	30.4357	-3994.89	196.677	3.41782
-1571.38	1439.21	29.9227	-3556.75	221.816	3.37588
-1572.44	1439.68	29.9227	-3556.75	221.816	3.39685
-1573.49	1440.24	23.9939	-2362.04	244.561	3.40638
-1574.34	1440.78	25.5998	-1866.44	152.863	3.41019
-1575.43	1441.48	22.5625	-1986.15	140.892	3.40257
-1576.38	1442.15	20.5543	-1945.45	159.327	3.39304
-1577.12	1442.8	22.6259	-2433.87	144.005	3.39113
-1577.83	1443.58	22.6259	-2433.87	144.005	3.38923
-1578.69	1444.48	16.381	-3592.66	25.731	3.3816
-1579.37	1445.28	16.381	-3592.66	25.731	3.36254
-1580.16	1446.17	18.3328	-3360.42	-68.84	3.38351
-1580.98	1447	22.0725	-2575.13	-78.4168	3.35873
-1581.84	1447.84	17.5176	-2347.68	-57.1084	3.35682
-1582.65	1448.58	14.3308	-1816.16	15.1965	3.37588
-1583.52	1449.26	14.3308	-1816.16	15.1965	3.38541
-1584.59	1449.96	21.9863	-128.253	-2.2812	3.39685
-1585.55	1450.9	20.3724	-334.154	-18.5618	3.39494
-1586.3	1451.68	21.7085	-595.122	11.8446	3.37398
-1586.91	1452.6	18.7755	-733.986	-2.04178	3.38351
-1587.49	1453.53	14.0328	-2275.85	46.7999	3.40638
-1588.11	1454.4	11.708	-2242.33	-3.95713	3.37779
-1588.79	1455.41	12.9813	-2081.92	12.084	3.38732
-1589.44	1456.4	12.9813	-2081.92	12.084	3.41591
-1590.27	1457.33	18.9564	-1916.72	-29.3357	3.4121
-1591.2	1458.23	18.9564	-1916.72	-29.3357	3.40448
-1591.96	1459	15.1811	-1892.78	30.5194	3.38351
-1592.84	1459.73	24.9794	-647.794	163.158	3.37398
-1593.71	1460.29	30.3255	774.361	122.457	3.37779
-1594.64	1460.87	30.3255	774.361	122.457	3.36063
-1595.33	1461.44	30.9683	501.422	108.092	3.35301
-1596.01	1462.15	30.9683	501.422	108.092	3.3492
-1596.63	1462.98	25.7408	-1978.97	86.5437	3.33013
-1597.41	1463.81	25.7408	-1978.97	86.5437	3.36445
-1598.07	1464.63	34.6261	-1698.85	38.4202	3.35873
-1598.85	1465.49	27.7565	-1121.85	11.3658	3.38541
-1599.63	1466.43	15.7547	-1447.46	-13.5339	3.38732
-1600.48	1467.4	15.7547	-1447.46	-13.5339	3.37588
-1601.32	1468.31	11.7372	-2742.72	6.81677	3.38351
-1602.16	1469.11	12.6354	-2024.46	78.6428	3.37588
-1603.19	1469.7	12.6354	-2024.46	78.6428	3.37398
-1604.25	1470.18	19.5955	-133.041	166.749	3.36826
-1604.89	1470.63	19.5955	-133.041	166.749	3.34348
-1605.79	1471.19	24.9991	-956.646	94.4446	3.34348
-1606.47	1471.81	21.2078	-2275.85	128.203	3.33585
-1607.17	1472.53	21.2078	-2275.85	128.203	3.34729
-1607.97	1473.22	23.8146	-3551.96	135.146	3.35491
-1608.88	1474.01	24.4446	-3662.09	124.133	3.42354
-1609.82	1474.65	25.2561	-3705.19	122.696	3.36063
-1610.63	1475.34	25.2561	-3705.19	122.696	3.36063
-1611.36	1476	23.813	-2814.55	165.792	3.35491
-1612.2	1476.62	23.813	-2814.55	165.792	3.3511
-1612.89	1477.23	27.4665	-1495.34	-72.9101	3.38732
-1613.59	1477.9	27.4665	-1495.34	-72.9101	3.41019
-1614.27	1478.64	34.6261	-1210.43	-166.523	3.43688
-1615.1	1479.45	34.6261	-1210.43	-166.523	3.44069
-1616.01	1480.23	33.821	-1322.96	-127.498	3.42735
-1616.89	1481.13	22.4912	-1703.64	-110.499	3.44641
-1617.77	1482.1	17.259	-1753.92	-105.471	3.44641
-1618.6	1482.95	17.259	-1753.92	-105.471	3.44641
-1619.57	1483.95	17.2792	-1962.21	-79.3745	3.45213
-1620.6	1484.97	34.6261	-2177.69	-40.1096	3.47882
-1621.71	1485.98	24.0615	-1904.75	-25.7444	3.45022
-1622.75	1486.94	25.9627	-1638.99	0.831268	3.46547
-1623.6	1487.82	29.8035	-1229.59	46.5605	3.43497
-1624.25	1488.74	20.0036	-1176.91	138.498	3.37398
-1624.74	1489.37	20.0036	-1176.91	138.498	3.33204
-1625.39	1490.03	12.5301	-597.516	150.469	3.35682
-1625.99	1490.69	22.0421	424.808	-26.9415	3.35301
-1626.65	1491.41	22.0421	424.808	-26.9415	3.36445
-1627.37	1492.09	26.4496	673.805	-127.019	3.33013
-1628.24	1492.89	16.0266	32.1589	-65.2487	3.37779
-1629.06	1493.75	18.0699	-563.997	-32.4481	3.40257
-1629.83	1494.59	18.0699	-563.997	-32.4481	3.38541
-1630.62	1495.52	15.2726	-1205.64	-31.0116	3.41019
-1631.58	1496.43	15.2726	-1205.64	-31.0116	3.41782
-1632.44	1497.48	15.6499	-1744.34	-4.91481	3.38923
-1633.33	1498.51	13.2075	-2790.6	40.3356	3.36445
-1634.3	1499.55	13.2075	-2790.6	40.3356	3.42544
-1635.16	1500.7	20.9545	-4021.22	41.2933	3.43879
-1635.97	1501.8	26.5018	-4677.24	44.1663	3.44832
-1636.85	1502.62	26.2889	-3698.01	164.595	3.42926
-1637.68	1503.01	26.2889	-3698.01	164.595	3.42354
-1638.6	1503.47	16.6705	-1030.87	369.538	3.4121
-1639.32	1503.94	10.2228	-2261.49	249.349	3.37207
-1640.08	1504.47	8.83244	-3293.39	199.789	3.38732
-1640.91	1505.01	8.83244	-3293.39	199.789	3.38541
-1641.76	1505.68	10.5203	-3274.23	225.647	3.38732
-1642.46	1506.33	17.4825	-3034.81	174.411	3.38541
-1643.4	1507.19	17.6772	-3214.38	144.483	3.35873
-1644.33	1507.96	15.9856	-3554.36	113.838	3.40448
-1645.14	1508.75	15.9856	-3554.36	113.838	3.42163
-1646	1509.51	20.1542	-3731.53	102.345	3.44451
-1646.87	1510.54	24.0652	-4289.38	66.6718	3.43307
-1647.62	1511.44	24.0652	-4289.38	66.6718	3.43688
-1648.34	1512.26	17.9752	-3666.88	-93.2608	3.41591
-1649.11	1513.09	17.9752	-3666.88	-93.2608	3.40829
-1649.88	1513.81	17.2334	-2148.96	-76.9803	3.39304
-1650.54	1514.49	25.9079	75.2545	0.831266	3.39113
-1651.19	1515.31	31.476	-271.905	-33.8847	3.3816
-1651.81	1516.18	29.4337	-760.322	-76.0226	3.38351
-1652.51	1516.97	29.6476	-805.812	-130.85	3.37779
-1653.27	1517.83	25.1561	-731.591	-123.428	3.38351
-1653.96	1518.8	25.1561	-731.591	-123.428	3.36826
-1654.74	1519.8	26.1793	-820.177	-74.8255	3.38351
-1655.5	1520.68	29.0713	-1418.73	-63.8122	3.43307
-1656.37	1521.83	29.0713	-1418.73	-63.8122	3.44641
-1657.14	1522.9	34.6261	-1914.33	-40.5884	3.41401
-1658.02	1524.04	34.6261	-1933.48	-42.5038	3.45594
-1658.79	1525.08	34.6261	-2441.05	28.8434	3.43307
-1659.6	1526.36	34.6261	-2354.86	37.4626	3.46738
-1660.31	1527.27	27.0983	-2445.84	52.7854	3.46357
-1661.01	1528.25	13.2697	-1746.73	122.696	3.42544
-1661.64	1528.97	13.2697	-1746.73	122.696	3.42926
-1662.34	1529.61	10.896	2213.28	75.7698	3.44641
-1663.07	1530.42	13.0665	1930.76	47.5182	3.41782
-1663.75	1531.23	15.4828	1346.58	15.4359	3.38923
-1664.47	1531.94	18.1125	867.735	-21.4348	3.36635
-1665.31	1532.56	18.1125	867.735	-21.4348	3.35491
-1666.08	1533.14	15.7148	204.541	-6.83018	3.36635
-1666.79	1533.71	15.3732	-935.099	-52.32	3.37207
-1667.52	1534.37	15.3732	-935.099	-52.32	3.36063
-1668.16	1535.15	20.5421	-1500.13	-0.605255	3.34348
-1669.08	1535.99	14.2323	-2002.91	-4.91482	3.36635
-1669.83	1536.69	14.1855	-2194.45	16.633	3.32251
-1670.76	1537.42	15.0236	-1603.08	75.7698	3.36635
-1671.74	1538.01	15.0236	-1603.08	75.7698	3.3511
-1672.8	1538.51	20.9768	-892.003	101.867	3.36063
-1673.64	1539.03	18.0694	-887.215	116.232	3.40638
-1674.79	1539.63	22.1996	-930.31	111.922	3.42926
-1675.75	1540.26	27.4298	-1294.23	118.626	3.44069
-1676.66	1541.02	27.4298	-1294.23	118.626	3.44641
-1677.6	1541.78	27.9603	-2407.53	98.7541	3.41401
-1678.55	1542.53	22.5045	-3281.42	110.965	3.45213
-1679.25	1543.31	23.8981	-4349.23	155.497	3.45022
-1680.01	1544.34	23.8981	-4349.23	155.497	3.45594
-1680.87	1545.23	33.1032	-4684.42	103.303	3.46357
-1681.7	1546.07	32.9036	-4294.16	121.738	3.46357
-1682.57	1546.78	29.6407	-3288.6	194.043	3.44641
-1683.36	1547.4	23.6794	-2385.98	230.196	3.44641
-1684.12	1547.99	23.6794	-2385.98	230.196	3.42163
-1684.84	1548.57	31.3514	-1890.39	129.4	3.42735
-1685.56	1549.09	34.6261	-1198.46	-108.823	3.41401
-1686.31	1549.84	25.603	-971.012	-86.0783	3.41782
-1687.09	1550.57	25.603	-971.012	-86.0783	3.38351
-1687.97	1551.37	25.37	-753.139	-116.963	3.41019
-1688.67	1552.18	21.319	-1813.77	-89.4301	3.32442
-1689.63	1553.06	21.319	-1813.77	-89.4301	3.3797
-1690.72	1554.01	19.9163	-1818.56	-55.9113	3.36635
-1691.64	1554.92	19.9163	-1818.56	-55.9113	3.36826
-1692.56	1555.89	20.8566	-1655.75	-17.6041	3.3492
-1693.67	1556.95	20.8566	-1655.75	-17.6041	3.36254
-1694.63	1557.9	15.1119	-1847.29	-13.7734	3.38351
-1695.78	1558.91	12.5721	-1739.55	2.26779	3.38351
-1696.88	1559.96	12.6408	-1272.68	39.3779	3.38923
-1697.8	1560.88	12.6408	-1272.68	39.3779	3.3816
-1698.45	1561.68	14.9374	-908.762	126.527	3.39304
-1698.98	1562.56	17.0977	-1217.61	215.352	3.39685
-1699.58	1563.3	18.8952	221.301	78.6428	3.35301
-1700.2	1564.02	18.8952	221.301	78.6428	3.39876
-1700.78	1564.91	19.1831	865.341	-63.3333	3.38541
-1701.44	1565.72	15.3902	130.321	4.42257	3.38732
-1702.3	1566.73	15.3902	130.321	4.42257	3.36826
-1703.18	1567.51	10.2899	-207.261	13.76	3.38541
-1704.1	1568.28	17.1408	348.194	81.7553	3.38541
-1704.9	1568.8	17.1408	348.194	81.7553	3.35682
-1705.82	1569.38	22.7514	714.506	65.7141	3.36445
-1706.6	1569.96	25.5067	27.3705	24.7733	3.36826
-1707.28	1570.57	27.3218	-1385.21	43.4481	3.34729
-1708.04	1571.27	24.2488	-2544	87.0225	3.35301
-1708.85	1572.05	20.4458	-2812.15	135.385	3.37588
-1709.65	1572.73	20.4458	-2812.15	135.385	3.3492
-1710.57	1573.45	17.4016	-2907.92	130.118	3.35682
-1711.32	1573.96	17.4016	-2907.92	130.118	3.36635
-1712.35	1574.52	16.5007	-2395.56	142.089	3.36063
-1713.13	1575.18	22.8642	-2352.47	122.936	3.3797
-1713.98	1575.85	28.1981	-2754.69	113.838	3.39304
-1714.75	1576.57	22.761	-3295.78	103.782	3.38732
-1715.53	1577.36	15.4035	-4064.32	93.4869	3.40257
-1716.25	1578.25	15.1742	-3956.58	18.0695	3.40638
-1716.94	1579.15	17.7836	-3911.09	22.6185	3.41019
-1717.76	1579.99	16.8312	-3583.09	18.0695	3.38923
-1718.57	1580.9	16.4874	-3111.43	2.98605	3.39304
-1719.39	1581.75	20.4878	-2627.8	36.5049	3.40257
-1720.21	1582.45	20.4878	-2627.8	36.5049	3.44069
-1721.18	1583.14	22.3226	-2117.83	102.345	3.44451
-1721.95	1583.75	21.4754	-1413.94	142.089	3.41591
-1722.57	1584.4	21.4754	-1413.94	142.089	3.42544
-1723.22	1585.12	30.4905	-1303.81	81.2764	3.4121
-1723.83	1585.79	34.6261	-1093.12	-86.3177	3.41782
-1724.58	1586.45	34.6261	-1093.12	-86.3177	3.43307
-1725.37	1587.28	22.545	-585.545	-124.146	3.45213
-1726.05	1588.25	18.3493	-1114.66	-109.541	3.46357
-1726.87	1589.04	23.9434	-1440.28	-76.9803	3.47882
-1727.85	1590.04	27.1935	-1564.77	-52.5594	3.45213
-1728.75	1591.03	23.3123	-1761.1	-53.5171	3.48263
-1729.73	1592.05	22.6785	-1758.7	-53.7565	3.50169
-1730.66	1593.02	27.599	-1763.49	-39.8702	3.48454
-1731.64	1593.95	21.3541	-1533.65	-20.2377	3.50741
-1732.58	1594.86	21.3541	-1533.65	-20.2377	3.47882
-1733.77	1595.62	13.5294	-1148.18	-1.80235	3.47882
-1734.62	1596.26	15.3849	515.788	113.838	3.46547
-1735.19	1596.95	15.3849	515.788	113.838	3.45785
-1735.71	1597.56	16.0048	-738.774	304.416	3.4426
-1736.32	1598.15	22.8696	-2031.64	77.9246	3.45594
-1737.02	1598.76	26.9115	-1294.23	-75.7832	3.45022
-1737.75	1599.48	26.9115	-1294.23	-75.7832	3.45976
-1738.4	1600.27	25.4413	-1710.82	8.49271	3.44641
-1739.3	1601.17	22.0044	-1909.54	-11.3792	3.47882
-1740.21	1602.02	20.963	-2409.93	-11.1397	3.48072
-1741.13	1602.95	21.2817	-2201.63	-23.3502	3.53791
-1741.97	1603.82	19.7562	-2074.74	-5.8725	3.53029
-1742.96	1604.87	18.5536	-2153.75	-13.7734	3.51313
-1743.99	1605.93	17.7443	-2639.77	0.831274	3.52647
-1744.99	1606.93	18.0406	-2907.92	8.01387	3.50741
-1746.18	1608.05	15.3535	-2941.44	4.66199	3.50741
-1747.36	1608.85	15.6712	-2589.49	24.055	3.52075
-1748.39	1609.49	19.3656	-925.522	125.809	3.50741
-1749.64	1609.99	21.7803	1269.96	223.731	3.48263
-1750.6	1610.47	21.7803	1269.96	223.731	3.5055
-1751.4	1611.09	20.7917	1526.14	195.719	3.46929
-1751.98	1611.74	15.3641	-808.206	262.518	3.45022
-1752.64	1612.58	15.3641	-808.206	262.518	3.46738
-1753.28	1613.37	15.0214	-2010.1	128.921	3.46738
-1754.01	1614.18	15.0214	-2010.1	128.921	3.4731
-1754.61	1614.83	17.8294	-2129.81	129.4	3.45213
-1755.43	1615.67	30.0488	-2709.2	98.2753	3.44832
-1756.2	1616.28	29.2874	-2295.01	112.401	3.46357
-1757.06	1616.95	29.2874	-2295.01	112.401	3.45213
-1757.93	1617.56	27.2978	-2053.19	103.064	3.46738
-1759.02	1618.28	34.6261	-1792.22	79.8399	3.45976
-1760.01	1619.07	34.6261	-1792.22	79.8399	3.45976
-1760.93	1619.88	33.6906	-1842.5	81.037	3.44641
-1762.11	1620.7	34.6261	-1928.69	55.6585	3.42163
-1763.09	1621.61	27.1132	-2067.56	34.5895	3.42544
-1764.18	1622.56	27.1132	-2067.56	34.5895	3.39685
-1765.28	1623.47	26.1804	-2002.91	63.5593	3.41401
-1766.1	1624.37	23.3916	-1813.77	81.037	3.42163
-1766.66	1625.26	23.3916	-1813.77	81.037	3.40638
-1767.19	1625.98	19.2358	-1502.52	83.4312	3.40829
-1767.85	1626.81	30.8465	-1255.92	108.092	3.39494
-1768.47	1627.57	32.4534	127.927	-75.3043	3.38732
-1769.19	1628.48	32.4534	127.927	-75.3043	3.36445
-1769.96	1629.47	18.7409	-111.493	-82.9658	3.36254
-1770.76	1630.27	18.7409	-111.493	-82.9658	3.36826
-1771.8	1631.47	12.1236	-966.223	-7.0696	3.3816
-1772.66	1632.31	11.774	-1382.81	-3.23888	3.32442
-1773.5	1633.1	18.0587	-1129.03	15.4359	3.34157
-1774.5	1633.6	18.0587	-1129.03	15.4359	3.32442
-1775.31	1634.16	26.8695	546.912	97.3176	3.36445
-1776.07	1634.76	26.8695	546.912	97.3176	3.38541
-1776.73	1635.42	27.6751	-1459.43	130.836	3.35873
-1777.5	1636.11	27.6751	-1459.43	130.836	3.34538
-1778.2	1636.91	17.3814	-3844.05	146.159	3.34729
-1778.95	1637.78	17.3814	-3844.05	146.159	3.36826
-1779.78	1638.49	15.4471	-3580.69	134.667	3.35301
-1780.63	1639.09	19.2762	-3221.56	134.188	3.37207
-1781.55	1639.65	19.2762	-3221.56	134.188	3.37398
-1782.41	1640.28	23.3857	-2318.95	94.684	3.37398
-1783.27	1640.93	25.6568	-2201.63	114.556	3.35682
-1784.09	1641.64	28.5408	-2852.85	116.471	3.3492
-1784.74	1642.31	28.2609	-3154.52	64.2776	3.33585
-1785.48	1643.26	28.3578	-3590.27	20.7031	3.33585
-1786.2	1644.08	28.3578	-3590.27	20.7031	3.3492
-1787.05	1645	31.2791	-2419.5	-84.8811	3.33204
-1787.74	1645.72	25.2337	-2314.16	-83.4446	3.36445
-1788.61	1646.62	20.3096	-2342.89	-86.3177	3.34538
-1789.51	1647.32	13.3527	-1950.24	-42.7432	3.34348
-1790.56	1648.13	13.0494	-1476.19	4.66199	3.40257
-1791.33	1648.85	17.7086	-853.696	10.4081	3.38732
-1792	1649.7	17.7086	-853.696	10.4081	3.38351
-1792.58	1650.58	19.0974	-1545.62	36.5049	3.34538
-1793.22	1651.44	18.6542	-2093.89	20.9426	3.36254
-1793.91	1652.31	17.0695	-1720.4	-13.5339	3.32442
-1794.55	1653.24	11.5345	-1023.68	-31.0116	3.32442
-1795.28	1654.15	16.0197	-978.194	-35.5606	3.32442
-1796.15	1655.03	21.0764	-1552.8	-2.52062	3.3206
-1797.12	1655.84	22.8877	-1504.92	2.26779	3.3187
-1797.96	1656.49	22.8877	-1504.92	2.26779	3.32442
-1798.81	1657.05	25.9367	295.521	103.303	3.32823
-1799.68	1657.63	25.5833	503.817	82.9524	3.33395
-1800.29	1658.2	23.5246	-1181.7	188.297	3.3511
-1800.94	1659.01	17.8459	-1797.01	126.766	3.30535
-1801.57	1659.73	17.8459	-1797.01	126.766	3.32442
-1802.42	1660.58	25.2162	-2098.68	7.0562	3.3492
-1803.21	1661.44	26.3283	-1636.6	-3.23888	3.33585
-1804.11	1662.43	24.5181	-1595.9	-28.378	3.3511
-1804.85	1663.37	17.3872	-1682.09	-32.6876	3.36254
-1805.85	1664.23	15.3253	-2024.46	-36.2789	3.36445
-1806.66	1665.11	22.2646	-2419.5	-11.1397	3.3492
-1807.52	1665.69	22.2646	-2419.5	-11.1397	3.36635
-1808.38	1666.2	24.3441	-575.968	187.1	3.35491
-1809.22	1666.7	24.3441	-575.968	187.1	3.35873
-1809.92	1667.2	22.5812	-1042.84	233.308	3.3492
-1810.59	1667.81	25.2343	-1856.87	151.427	3.3797
-1811.44	1668.54	32.6663	-2426.69	5.85908	3.37588
-1812.25	1669.23	32.6663	-2426.69	5.85908	3.4121
-1813.13	1669.96	21.601	-2225.57	-31.9693	3.40448
-1814.01	1670.74	25.6632	-2187.27	-29.5751	3.41591
-1814.96	1671.6	25.6632	-2187.27	-29.5751	3.40448
-1815.94	1672.45	33.9035	-2405.14	-2.99946	3.38541
-1816.91	1673.27	31.1333	-2295.01	24.7733	3.38541
-1817.78	1674.06	23.4437	-2290.22	28.1252	3.3816
-1818.64	1674.96	13.3219	-2199.24	37.2231	3.36635
-1819.24	1675.66	7.91029	-1840.11	108.57	3.38732
-1819.89	1676.32	7.91029	-1840.11	108.57	3.3492
-1820.68	1677.04	22.1384	-765.11	-15.6887	3.32442
-1821.44	1677.84	22.1384	-765.11	-15.6887	3.3511
-1822.19	1678.67	15.3849	163.84	-128.695	3.34729
-1822.99	1679.48	15.0342	-271.905	-116.724	3.35873
-1823.73	1680.26	22.6168	-1069.17	-50.8835	3.3492
-1824.66	1681.27	22.6168	-1069.17	-50.8835	3.36635
-1825.54	1681.98	34.6261	-1181.7	-36.7577	3.37207
-1826.43	1682.55	34.6261	-386.826	25.0127	3.34348
-1827.34	1683.03	31.9261	503.817	94.9234	3.36063
-1828.15	1683.53	29.844	-599.91	152.145	3.36063
-1828.82	1684.17	28.7441	-1811.38	168.425	3.37588
-1829.57	1684.85	28.7441	-1811.38	168.425	3.35491
-1830.34	1685.55	34.6261	-2493.72	93.4869	3.37779
-1831.2	1686.29	34.6261	-2493.72	93.4869	3.36445
-1831.91	1687.09	20.9162	-2539.21	93.7263	3.3492
-1832.97	1687.83	15.0667	-2582.31	89.4167	3.35491
-1833.92	1688.49	18.9346	-2285.43	110.486	3.35301
-1834.76	1689.02	18.9346	-2285.43	110.486	3.3511
-1835.48	1689.5	23.1766	-1806.59	104.74	3.37398
-1836.19	1690.12	25.4157	-2371.62	48.2365	3.37207
-1836.89	1690.78	25.1108	-2951.02	2.26779	3.3816
-1837.57	1691.41	23.8726	-2788.21	-48.4893	3.38732
-1838.24	1691.98	20.5836	-2309.37	-82.0081	3.3797
-1839.13	1692.87	19.2512	-2354.86	-86.5571	3.34348
-1839.98	1693.72	19.2512	-2354.86	-86.5571	3.36445
-1840.89	1694.48	28.7388	-2807.36	-36.9971	3.36445
-1841.78	1695.43	34.6261	-2828.91	-39.1519	3.37779
-1842.82	1696.36	33.2926	-2953.41	-22.8713	3.37398
-1843.75	1697.3	33.2926	-2953.41	-22.8713	3.41019
-1844.7	1698.23	33.5262	-2436.26	-5.15424	3.40638
-1845.76	1699.12	31.7436	-2314.16	22.3791	3.39113
-1846.79	1699.92	31.7436	-2314.16	22.3791	3.37398
-1847.37	1700.6	24.0312	-1109.88	25.4915	3.35491
-1847.96	1701.35	15.7669	-473.018	142.329	3.35301
-1848.52	1702.03	12.4572	-920.733	115.274	3.36063
-1849.18	1702.87	12.4572	-920.733	115.274	3.38923
-1849.81	1703.69	18.4536	628.315	-69.3188	3.37207
-1850.49	1704.36	18.4536	628.315	-69.3188	3.3816
-1851.13	1705.04	20.4277	525.364	6.09851	3.38923
-1852.05	1705.65	24.6846	719.295	25.4915	3.38541
-1852.96	1706.3	26.7593	398.472	51.3489	3.41782
-1853.78	1706.99	26.7593	398.472	51.3489	3.41019
-1854.59	1707.64	34.6261	111.168	37.4626	3.42926
-1855.57	1708.38	34.6261	-87.5512	17.5907	3.42544
-1856.46	1709.2	34.6261	-384.432	-0.605255	3.4426
-1857.32	1709.98	18.3397	-1141	55.8979	3.4121
-1858.37	1710.95	12.6237	-1404.36	29.5617	3.41019
-1859.18	1711.92	14.5218	-2436.26	49.4336	3.41782
-1859.93	1712.73	20.5293	-3877.57	137.061	3.40066
-1860.65	1713.36	20.5293	-3877.57	137.061	3.39494
-1861.35	1713.74	23.8178	-3937.43	195.719	3.38732
-1862.18	1714.3	25.6211	-2900.74	267.785	3.36826
-1862.87	1714.78	24.774	-2407.53	270.658	3.37398
-1863.7	1715.44	29.82	-3511.26	200.508	3.34538
-1864.51	1716.09	34.6261	-3640.55	233.548	3.32442
-1865.3	1716.79	34.6261	-3640.55	233.548	3.32632
-1865.98	1717.48	28.8372	-3408.31	174.411	3.32632
-1866.72	1718.41	17.7778	-3954.19	65.7141	3.37398
-1867.48	1719.18	17.7778	-3954.19	65.7141	3.35301
-1868.34	1719.98	28.0348	-3214.38	-66.2064	3.39304
-1869.13	1720.86	28.0348	-3214.38	-66.2064	3.40448
-1870.07	1721.95	34.5393	-3166.49	-59.0238	3.42163
-1871.09	1722.83	34.5393	-3166.49	-59.0238	3.40829
-1872.09	1723.77	33.9455	-3216.77	-26.2232	3.44641
-1873.02	1724.69	33.9455	-3216.77	-26.2232	3.44641
-1873.88	1725.46	29.2922	-1466.61	70.2631	3.4121
-1874.46	1726.15	29.2922	-1466.61	70.2631	3.41973
-1874.96	1726.88	24.2376	-829.754	103.782	3.4121
-1875.5	1727.82	25.3269	-1478.58	62.3622	3.38923
-1876.03	1728.6	21.8788	-441.893	-75.7832	3.41019
-1876.71	1729.44	19.1219	-499.354	-81.5293	3.42163
-1877.48	1730.42	16.0899	-846.513	-65.967	3.40638
-1878.2	1731.44	22.0794	-1461.82	-50.8835	3.41019
-1878.97	1732.43	28.5956	-1887.99	-31.7299	3.40638
-1879.69	1733.37	28.5956	-1887.99	-31.7299	3.40257
-1880.6	1734.62	21.2381	-2615.83	-28.378	3.37588
-1881.42	1735.59	21.2381	-2615.83	-28.378	3.38541
-1882.41	1736.89	16.5225	-2603.86	0.591846	3.39876
-1883.46	1738.02	12.8568	-2306.98	19.7455	3.44451
-1884.49	1738.8	12.8568	-2306.98	19.7455	3.43688
-1885.48	1739.38	17.6825	594.796	166.271	3.38541
-1886.58	1740.06	19.2363	1581.21	264.912	3.41019
-1887.42	1740.57	19.2363	1581.21	264.912	3.44069
-1888.06	1741.18	15.7861	436.779	224.689	3.42163
-1888.63	1741.94	20.0728	-520.902	128.921	3.41401
-1889.24	1742.74	18.9969	-2524.85	196.198	3.41591
-1889.91	1743.52	18.9969	-2524.85	196.198	3.39685
-1890.65	1744.34	19.3198	-1799.41	109.767	3.39494
-1891.34	1745.08	13.8056	-1607.87	123.654	3.38541
-1892.16	1745.75	13.8056	-1607.87	123.654	3.38351
-1892.89	1746.32	24.285	-1471.4	118.626	3.39113
-1893.75	1747	24.285	-1471.4	118.626	3.42163
-1894.59	1747.62	18.0736	-1533.65	93.2475	3.41591
-1895.65	1748.26	18.0736	-1533.65	93.2475	3.42544
-1896.68	1748.95	21.0386	-1385.21	93.7263	3.41019
-1897.74	1749.92	21.0386	-1385.21	93.7263	3.37779
-1898.76	1750.77	9.82643	-1461.82	51.5883	3.3816
-1899.76	1751.65	9.82643	-1461.82	51.5883	3.37398
-1900.69	1752.54	11.5835	-1828.14	62.8411	3.40257
-1901.74	1753.61	18.5121	-2342.89	58.2921	3.4121
-1902.56	1754.59	17.7576	-3211.98	72.4179	3.40638
-1903.23	1755.66	17.7576	-3211.98	72.4179	3.39685
-1903.92	1756.54	17.6517	-5172.84	143.047	3.39113
-1904.63	1757.09	15.7233	-3583.09	181.833	3.41591
-1905.48	1757.62	15.1901	-1313.38	186.142	3.42926
-1906.17	1758.16	15.8249	-731.591	74.8121	3.39494
-1906.85	1758.83	13.771	-1157.76	18.7878	3.39304
-1907.57	1759.44	13.771	-1157.76	18.7878	3.38541
-1908.44	1760.19	12.2199	-2472.18	37.2231	3.41019
-1909.25	1760.97	12.2199	-2472.18	37.2231	3.42163
-1909.98	1761.89	26.2879	-1940.66	-7.78786	3.43307
-1910.82	1762.8	26.2879	-1940.66	-7.78786	3.43497
-1911.59	1763.8	26.1139	-2242.33	-6.83018	3.42926
-1912.34	1764.71	31.0205	-2678.08	-13.5339	3.43879
-1912.94	1765.73	31.0205	-2678.08	-13.5339	3.4426
-1913.76	1766.74	16.7865	-3472.95	-26.4626	3.44069
-1914.59	1767.76	16.7865	-3472.95	-26.4626	3.44069
-1915.48	1769.05	13.6874	-3417.89	-28.6174	3.44451
-1916.22	1770.16	26.879	-3619	-27.6597	3.44451
-1917.01	1771.34	26.879	-3619	-27.6597	3.45976
-1917.83	1772.39	34.6261	-3549.57	1.78894	3.42544
-1918.65	1773.57	29.1746	-3279.02	28.8434	3.41973
-1919.33	1774.52	29.1746	-3279.02	28.8434	3.41973
-1920.02	1775.19	21.4121	-2271.06	94.684	3.42354
-1920.75	1775.96	26.994	-188.108	146.399	3.41401
-1921.49	1776.7	20.3575	834.216	122.217	3.41591
-1922.18	1777.54	20.2069	623.527	62.3623	3.39113
-1922.87	1778.33	25.445	700.141	15.4359	3.38923
-1923.76	1779.04	34.6261	1104.76	6.57735	3.4121
-1924.54	1779.62	34.6261	1104.76	6.57735	3.43307
-1925.24	1780.23	34.6261	1032.94	-10.1821	3.41591
-1925.96	1780.92	34.6261	1032.94	-10.1821	3.43497
-1926.81	1781.57	33.2468	-1516.89	34.1107	3.44451
-1927.69	1782.23	25.0773	-1921.51	28.1252	3.44641
-1928.46	1782.94	25.0773	-1921.51	28.1252	3.4426
-1929.29	1783.62	18.8654	-1830.53	19.9849	3.43497
-1930.09	1784.33	20.781	-1662.94	42.9692	3.43307
-1931.11	1784.94	27.7815	-1263.1	84.8678	3.42544
-1932.01	1785.48	28.13	-1533.65	79.3611	3.42163
-1933.04	1786.06	28.13	-1533.65	79.3611	3.39304
-1934.11	1786.76	26.3139	-1703.64	73.8544	3.41782
-1935.12	1787.47	21.4249	-2029.25	88.6985	3.42735
-1936.05	1788.23	21.4249	-2029.25	88.6985	3.39876
-1936.97	1789.02	25.6818	-2419.5	94.684	3.41401
-1937.78	1789.83	25.6818	-2419.5	94.684	3.41591
-1938.61	1790.76	21.651	-3025.24	77.6851	3.42163
-1939.5	1791.54	20.2154	-4028.41	78.4034	3.4121
-1940.24	1792.17	16.936	-3676.46	118.387	3.42926
-1940.95	1792.75	18.3253	-2551.18	110.725	3.45213
-1941.65	1793.27	16.0889	-1265.5	-24.5473	3.46738
-1942.48	1793.87	19.6976	-1538.44	-51.8412	3.47501
-1943.13	1794.46	18.7446	-1521.68	-84.1629	3.48644
-1943.93	1795.23	18.7968	-1698.85	-101.88	3.45976
-1944.64	1795.96	18.7968	-1698.85	-101.88	3.47882
-1945.55	1796.93	25.5344	-1914.33	-87.5148	3.48644
-1946.36	1797.69	24.8639	-1995.73	-95.6551	3.49979
-1947.17	1798.66	19.9185	-2136.99	-63.3333	3.50932
-1947.81	1799.58	15.2002	-2582.31	-45.1374	3.55125
-1948.65	1800.66	19.3225	-2881.58	-75.0649	3.5341
-1949.37	1801.62	19.3225	-2881.58	-75.0649	3.53982
-1950.1	1802.75	24.9948	-3425.07	-82.0081	3.536
-1950.86	1803.89	27.5378	-3506.47	-67.6429	3.5665
-1951.78	1805.11	25.8909	-3539.99	-51.8412	3.52838
-1952.6	1806.34	25.8909	-3539.99	-51.8412	3.55125
-1953.35	1807.49	18.6707	-3858.42	-13.7734	3.52838
-1954.21	1808.66	13.7098	-3580.69	13.9994	3.55888
-1954.98	1809.72	14.4654	-2713.99	54.222	3.51694
-1955.7	1810.52	14.4654	-2713.99	54.222	3.49788
-1956.29	1811.25	18.6632	707.324	217.746	3.47501
-1956.96	1812.05	16.0192	669.017	213.915	3.50741
-1957.63	1812.79	17.0259	929.985	91.5715	3.50169
-1958.49	1813.66	21.7606	613.95	59.9681	3.48263
-1959.15	1814.45	21.5233	731.266	17.5907	3.48644
-1959.9	1815.52	22.2034	647.469	9.21097	3.50169
-1960.69	1816.36	31.3365	-54.0323	28.604	3.50741
-1961.64	1817.47	31.3365	-54.0323	28.604	3.53219
-1962.44	1818.35	28.5472	-733.986	13.76	3.51122
-1963.39	1818.96	18.1785	-101.916	137.301	3.51885
-1964.2	1819.38	13.5714	580.431	208.887	3.5036
-1964.88	1819.87	13.5714	580.431	208.887	3.49025
-1965.53	1820.31	13.6614	-870.455	144.244	3.51122
-1966.17	1820.89	17.4479	-2824.12	104.021	3.536
-1966.94	1821.56	15.1295	-2838.49	102.585	3.51694
-1967.89	1822.28	14.392	-2852.85	92.0503	3.54553
-1968.64	1822.9	15.0613	-2742.72	57.095	3.52647
-1969.62	1823.78	15.0613	-2742.72	57.095	3.51694
-1970.75	1824.7	16.2676	-2840.88	45.8423	3.52457
-1971.77	1825.57	24.2983	-3240.71	54.7008	3.53982
-1972.73	1826.39	24.2983	-3240.71	54.7008	3.52457
-1973.85	1827.27	31.8665	-2752.3	96.8388	3.52838
-1974.87	1828.17	34.2956	-2302.19	114.077	3.5055
-1975.9	1829.01	34.2956	-2302.19	114.077	3.50741
-1977.14	1829.77	25.1023	-1435.49	101.627	3.53029
-1978.11	1830.59	25.1023	-1435.49	101.627	3.49597
-1978.74	1831.28	23.2554	63.2836	153.342	3.50741
-1979.28	1831.96	23.2554	63.2836	153.342	3.5055
-1979.92	1832.71	30.3665	-1255.92	134.428	3.49597
-1980.52	1833.55	27.1483	-683.707	42.7298	3.51313
-1981.24	1834.41	22.1337	142.292	-112.175	3.51504
-1981.91	1835.26	26.2714	-89.9454	-111.936	3.52075
-1982.82	1836.09	28.8532	-444.287	-28.6174	3.48644
-1983.8	1836.77	27.615	-312.606	33.8713	3.51313
-1984.66	1837.35	27.615	-312.606	33.8713	3.51313
-1985.51	1837.95	34.6261	48.9183	51.8278	3.50741
-1986.46	1838.58	34.6261	204.541	60.2075	3.49788
-1987.36	1839.21	34.6261	204.541	60.2075	3.51694
-1988.35	1840.02	17.7677	-279.087	60.2075	3.51694
-1989.56	1840.94	20.0717	-899.186	54.222	3.50741
-1990.54	1841.69	22.0953	-887.215	42.4904	3.51122
-1991.71	1842.66	22.0953	-887.215	42.4904	3.51694
-1992.8	1843.62	29.157	-1093.12	52.0672	3.50169
-1993.95	1844.58	29.157	-1093.12	52.0672	3.50741
-1995.15	1845.59	34.6261	-1679.7	12.084	3.5055
-1996.37	1846.67	34.6261	-1679.7	12.084	3.50932
-1997.4	1847.75	19.646	-3032.42	30.9982	3.5055
-1998.26	1848.82	19.646	-3032.42	30.9982	3.50741
-1998.96	1849.53	7.85229	-3472.95	262.757	3.48263
-1999.6	1850.02	7.85229	-3472.95	262.757	3.48644
-2000.27	1850.57	11.3153	-4509.64	465.546	3.48454
-2001.09	1851.11	11.3153	-4509.64	465.546	3.536
-2001.88	1851.73	29.9094	-5014.82	343.202	3.53219
-2002.8	1852.48	29.9094	-5014.82	343.202	3.51885
-2003.59	1853.25	34.6261	-4923.84	277.601	3.536
-2004.52	1854.03	33.5964	-4643.72	273.531	3.53982
-2005.34	1854.91	33.5964	-4643.72	273.531	3.53791
-2006.15	1855.75	26.5087	-3475.35	33.153	3.53791
-2007.09	1856.79	25.536	-4076.29	-26.9415	3.50741
-2008.08	1857.72	25.536	-4076.29	-26.9415	3.51122
-2009.04	1858.71	24.1493	-2962.99	-99.4858	3.50741
-2010.1	1859.77	24.1493	-2962.99	-99.4858	3.51313
-2010.96	1860.84	24.3951	-2716.38	-113.612	3.51694
-2012.02	1862.1	27.6463	-2500.91	-81.0504	3.5036
-2012.98	1862.95	24.8735	-2242.33	-0.605249	3.5036
-2014.23	1863.76	24.8735	-2242.33	-0.605249	3.5055
-2015.29	1864.58	17.6261	417.625	40.3356	3.49979
-2016.56	1865.44	22.4705	640.286	62.6017	3.49407
-2017.41	1866.28	19.3465	1190.95	29.5617	3.50741
-2018.08	1867.27	25.2008	1128.7	11.8446	3.51122
-2018.61	1868.31	25.2008	1128.7	11.8446	3.50741
-2019.16	1869.34	30.8161	-1002.14	75.5304	3.50741
-2019.78	1870.37	17.4255	-2412.32	109.289	3.48644
-2020.48	1871.59	17.4255	-2412.32	109.289	3.50741
-2021.28	1872.7	16.1437	-2486.54	19.9849	3.51313
-2021.97	1873.83	25.2588	-2943.83	18.7878	3.50932
-2022.73	1875.14	32.4423	-3274.23	36.9837	3.50932
-2023.66	1876.39	34.2956	-3204.8	43.9269	3.53791
-2024.44	1877.68	23.4693	-3501.68	57.8133	3.51694
-2025.29	1878.92	23.4693	-3501.68	57.8133	3.50741
-2026.32	1880.1	18.3349	-2594.28	105.937	3.51313
-2027.39	1881.28	17.3728	-1593.5	206.014	3.50741
-2028.33	1882.08	21.0247	-37.2729	328.119	3.51885
-2029.37	1882.88	21.0247	-37.2729	328.119	3.48835
-2030.15	1883.59	31.6563	963.503	161.003	3.49788
-2030.68	1884.41	31.6563	963.503	161.003	3.47882
-2031.24	1885.04	18.0284	-2098.68	222.534	3.49597
-2031.86	1885.89	18.1833	-2278.25	204.578	3.48263
-2032.62	1886.65	13.7907	-1861.65	119.344	3.50741
-2033.49	1887.37	13.7907	-1861.65	119.344	3.52838
-2034.24	1888.13	16.3751	-1176.91	36.026	3.51122
-2035.17	1888.88	18.7265	-1291.83	20.2243	3.51885
-2036.08	1889.7	25.6695	-1524.07	8.97155	3.50741
-2036.88	1890.55	26.9392	-1801.8	13.76	3.52075
-2037.84	1891.41	30.5932	-2053.19	59.0104	3.50932
-2038.88	1892.42	24.3132	-2544	58.2921	3.51504
-2040.03	1893.56	21.4345	-2496.12	53.5037	3.50741
-2040.88	1894.48	25.3285	-2979.75	25.2521	3.48835
-2041.99	1895.36	25.2513	-2450.63	78.164	3.49025
-2042.92	1896.16	22.6131	-2611.04	94.2051	3.50169
-2044.09	1896.93	15.7249	-1615.05	193.804	3.49597
-2045.06	1897.59	16.9759	-1816.16	246.955	3.47691
-2045.95	1898.25	16.9759	-1816.16	246.955	3.47882
-2046.75	1898.86	27.8853	-3286.2	284.784	3.47501
-2047.58	1899.64	25.0741	-4361.2	177.284	3.47501
-2048.32	1900.28	25.0741	-4361.2	177.284	3.48072
-2049.23	1901.1	25.7616	-4863.98	206.014	3.50169
-2050	1901.87	25.7616	-4863.98	206.014	3.49788
-2051.04	1902.88	25.9798	-5170.44	172.974	3.49979
-2052.02	1903.65	25.9798	-5170.44	172.974	3.50932
-2052.98	1904.72	19.4465	-4916.66	147.596	3.49979
-2053.75	1905.69	21.8096	-5055.52	122.696	3.50741
-2054.56	1906.51	22.3226	-5120.16	131.076	3.5055
-2055.14	1907.17	18.2338	-3803.35	-0.605249	3.49025
-2055.84	1908.05	13.7571	-3446.62	35.0684	3.52266
-2056.52	1908.87	13.7571	-3446.62	35.0684	3.51313
-2057.41	1909.74	18.1678	-310.212	-260.376	3.52075
-2058.27	1910.7	18.1678	-310.212	-260.376	3.52647
-2059.06	1911.77	32.6157	-1061.99	-195.733	3.53029
-2059.86	1912.79	34.6261	-1231.98	-212.732	3.51122
-2060.77	1913.85	34.6261	-1562.38	-177.297	3.50741
-2061.5	1915.01	34.6261	-2072.34	-114.33	3.50169
-2062.23	1916.13	34.6261	-2072.34	-114.33	3.50932
-2062.9	1917.22	33.7997	-2584.7	-81.7687	3.50741
-2063.72	1918.6	34.2813	-3049.18	-59.2632	3.50741
-2064.51	1919.8	28.6462	-3305.36	-48.0104	3.53219
-2065.34	1921.15	28.6462	-3305.36	-48.0104	3.50932
-2066.1	1922.34	25.479	-3733.92	-45.3768	3.48644
-2067.01	1923.9	25.479	-3733.92	-45.3768	3.50169
-2067.85	1925.27	34.0184	-4081.08	-29.3357	3.49979
-2068.63	1926.65	34.0184	-4081.08	-29.3357	3.52838
-2069.57	1927.91	16.1527	-4284.59	-22.3925	3.52647
-2070.45	1928.73	16.7162	-3463.38	87.0225	3.49788
-2071.16	1929.25	24.5308	-1078.75	223.971	3.49597
-2072	1929.83	29.2677	264.396	358.286	3.50741
-2072.7	1930.38	29.787	223.695	270.418	3.48644
-2073.47	1931.04	33.3485	-348.519	115.514	3.47501
-2074.13	1931.64	33.3485	-348.519	115.514	3.51694
-2074.94	1932.47	26.0596	-214.444	12.5629	3.49597
-2075.78	1933.3	19.0043	-415.557	-7.54844	3.48454
-2076.8	1934.18	27.4404	-552.026	-25.9838	3.48644
-2077.73	1935.05	34.6261	-947.07	-28.6174	3.49597
-2078.62	1935.91	34.6261	-947.07	-28.6174	3.49788
-2079.7	1936.94	33.9391	-1684.48	28.8434	3.47119
-2080.66	1937.91	27.4495	-1907.14	33.3924	3.5036
-2081.61	1938.88	27.4495	-1907.14	33.3924	3.50741
-2083.02	1940.12	18.3211	-2383.59	5.85909	3.5036
-2084.13	1941.37	17.3244	-2551.18	8.2533	3.5055
-2085.22	1942.53	14.2185	-2517.67	20.7031	3.50741
-2086.26	1943.82	17.8209	-2623.01	41.7721	3.52457
-2086.98	1944.91	19.1645	-3597.45	85.1072	3.51694
-2087.68	1946.09	19.1645	-3597.45	85.1072	3.49407
-2088.47	1946.89	19.8152	-4899.9	132.991	3.49788
-2089.39	1947.39	21.1014	-1504.92	191.889	3.49025
-2090.14	1947.94	25.1066	1097.58	229.478	3.51694
-2090.82	1948.5	25.1066	1097.58	229.478	3.50741
-2091.67	1949.16	23.5603	1401.64	113.838	3.50741
-2092.49	1949.9	20.4628	685.776	-12.3368	3.50741
-2093.38	1950.65	17.4096	381.712	-36.5183	3.51694
-2094.32	1951.49	14.4877	10.6111	-24.3079	3.50932
-2095.36	1952.29	14.4877	10.6111	-24.3079	3.52647
-2096.36	1953.17	14.0583	-233.597	22.1397	3.5055
-2097.4	1954.19	18.9756	-729.197	3.70431	3.50932
-2098.48	1955.15	18.9756	-729.197	3.70431	3.50932
-2099.48	1956.14	19.911	-1713.21	24.055	3.50741
-2100.52	1957.15	25.6126	-2682.87	56.8556	3.51122
-2101.73	1958.31	25.6126	-2682.87	56.8556	3.48454
-2102.86	1959.41	25.0949	-3281.42	68.3478	3.5036
-2103.63	1960.63	20.5496	-3777.02	89.1773	3.49216
-2104.61	1961.91	20.5496	-3777.02	89.1773	3.48644
-2105.54	1963.1	13.8668	-5373.95	117.668	3.49216
-2106.38	1964.15	13.8668	-5373.95	117.668	3.51122
-2107.42	1964.73	13.4368	-4088.26	178.72	3.49597
-2108.28	1965.11	23.3708	-300.635	269.7	3.50741
-2109.02	1965.57	34.6261	-30.0903	296.755	3.5055
-2109.76	1966.06	34.6261	-1227.19	156.933	3.5055
-2110.58	1966.69	26.0266	-1301.41	32.1953	3.49407
-2111.45	1967.44	16.7173	-868.061	-44.1797	3.50169
-2112.25	1968.18	15.6855	-966.223	-41.0673	3.48835
-2113.19	1968.93	17.4149	-839.331	-14.0128	3.51313
-2114.29	1969.76	17.4149	-839.331	-14.0128	3.49597
-2115.25	1970.64	20.9103	-1576.74	-19.7589	3.51504
-2116.17	1971.56	18.1731	-2134.59	-17.1252	3.51122
-2117.37	1972.49	18.1731	-2134.59	-17.1252	3.50932
-2118.39	1973.59	15.5275	-2287.82	-1.80236	3.5055
-2119.57	1974.58	15.7345	-2371.62	-12.5763	3.47501
-2120.93	1975.62	15.7345	-2371.62	-12.5763	3.48644
-2122.11	1976.9	12.8148	-2735.54	18.0695	3.51885
-2123.36	1978.1	11.6207	-2666.11	29.3223	3.49407
-2124.58	1979.29	12.8254	-2472.18	29.5617	3.49788
-2125.75	1980.53	11.9527	-2393.17	37.4625	3.47882
-2126.9	1981.73	11.9527	-2393.17	37.4625	3.5055
-2127.72	1982.95	10.3601	-3293.39	51.8278	3.50169
-2128.42	1984.06	12.7238	-4468.94	155.018	3.5055
-2129.12	1984.82	12.7238	-4468.94	155.018	3.48644
-2129.88	1985.49	18.1763	-817.783	174.89	3.50169
-2130.54	1986.24	24.4845	2107.93	100.191	3.50169
-2131.3	1987	24.799	2531.71	63.5593	3.50741
-2132.25	1987.75	27.8858	2031.32	61.8834	3.50169
-2133.16	1988.59	28.7691	1145.46	48.9547	3.51313
-2133.87	1989.44	18.9037	-156.983	103.064	3.51694
-2134.78	1990.45	18.9037	-156.983	103.064	3.50741
-2135.59	1991.35	19.8041	-1744.34	-0.12641	3.5055
-2136.38	1992.01	19.8041	-1744.34	-0.12641	3.50169
-2137.21	1992.55	22.5716	-1638.99	127.245	3.48263
-2138.11	1993.09	28.1024	-1337.32	104.74	3.48263
-2139.05	1993.62	29.5332	-1564.77	75.7698	3.46738
-2139.99	1994.22	29.6524	-1885.6	97.3176	3.47691
-2140.87	1994.85	24.9299	-2496.12	101.388	3.47691
-2141.76	1995.65	24.9299	-2496.12	101.388	3.47691
-2142.68	1996.41	22.636	-2596.67	58.2921	3.47119
-2143.72	1997.23	20.9843	-2642.16	84.8678	3.49979
-2144.74	1998.12	27.3042	-3116.22	92.0504	3.47119
-2145.87	1999.2	23.1862	-3499.29	95.8811	3.47882
-2146.78	2000.15	23.465	-3980.52	107.134	3.48263
-2147.7	2001.06	17.847	-4433.03	121.738	3.48644
-2148.71	2002.18	14.882	-4564.71	108.57	3.49788
-2149.47	2003.19	12.6929	-5122.56	114.556	3.50741
-2150.25	2004.41	18.1449	-5833.64	94.2051	3.51504
-2151.22	2005.62	21.4813	-6039.54	39.6173	3.49788
-2152.11	2006.79	21.4813	-6039.54	39.6173	3.49788
-2152.89	2008.03	25.6653	-5651.68	-12.5762	3.49979
-2153.86	2009.16	15.7526	-5369.16	-0.605249	3.5055
-2154.8	2010.12	14.5463	-4445	36.2655	3.49025
-2155.67	2010.94	14.5463	-4445	36.2655	3.4731
-2156.51	2011.72	12.6392	400.866	185.185	3.46738
-2157.14	2012.38	16.1777	331.434	249.11	3.46547
-2157.73	2013.09	16.1777	331.434	249.11	3.48263
-2158.51	2014.03	19.5407	-152.195	38.4202	3.45976
-2159.19	2014.92	19.5407	-152.195	38.4202	3.46357
-2159.89	2015.78	16.4055	678.593	-28.8568	3.48835
-2160.69	2016.67	13.398	-860.878	-48.2499	3.48072
-2161.52	2017.43	13.398	-860.878	-48.2499	3.47691
-2162.33	2018.09	15.5019	-276.693	67.6295	3.46357
-2163.29	2018.73	15.5019	-276.693	67.6295	3.49788
-2164.26	2019.36	20.283	-585.545	27.1675	3.47882
-2165.23	2020.18	23.6347	-425.134	47.5182	3.48644
-2166.17	2021.06	22.9175	-540.055	34.5895	3.49979
-2167.16	2021.82	18.6632	-978.194	17.1118	3.48072
-2168.18	2022.81	14.3797	-1516.89	26.4492	3.45213
-2169.16	2023.8	10.4463	-1952.63	44.1663	3.46547
-2170.25	2024.73	10.4463	-1952.63	44.1663	3.48072
-2171.05	2025.75	16.6529	-4124.18	124.372	3.48263
-2171.82	2026.88	16.8562	-5371.55	150.948	3.48263
-2172.68	2028	16.8562	-5371.55	150.948	3.46547
-2173.49	2028.98	22.4146	-6374.73	151.666	3.44451
-2174.3	2029.71	22.4146	-6374.73	151.666	3.45022
-2175.31	2030.3	16.0782	-4863.98	193.086	3.45213
-2176.12	2030.92	8.04119	-2840.88	314.951	3.44832
-2176.92	2031.53	8.04119	-2840.88	314.951	3.41591
-2177.66	2032.21	5.97978	-3707.58	245.998	3.41782
-2178.5	2033.02	7.56814	-3243.11	81.2764	3.42354
-2179.4	2033.76	14.7772	-2582.31	-102.119	3.41401
-2180.37	2034.66	14.3398	-2634.98	-107.387	3.42735
-2181.26	2035.61	14.3398	-2634.98	-107.387	3.42163
-2182.33	2036.59	13.9774	-2802.58	-74.3467	3.39876
-2183.39	2037.42	13.498	-3350.85	-22.8713	3.44069
-2184.48	2038.49	13.498	-3350.85	-22.8713	3.41782
-2185.62	2039.54	15.0214	-3204.8	-15.9281	3.5036
-2186.62	2040.42	15.0214	-3204.8	-15.9281	3.50741
-2187.86	2041.44	16.4651	-2438.66	32.9136	3.50741
-2189.02	2042.31	22.4806	-1433.09	44.4057	3.50741
-2189.91	2043.15	25.4604	-355.702	38.6597	3.5036
-2190.45	2044.02	27.8363	-693.284	86.7831	3.48072
-2191	2044.95	26.3091	-2160.93	117.189	3.50169
-2191.58	2045.85	26.3091	-2160.93	117.189	3.49025
-2192.28	2046.79	20.0744	-1265.5	-3.95713	3.48072
-2192.93	2047.81	27.0089	-1124.24	-64.0516	3.48835
-2193.77	2048.9	27.0089	-1124.24	-64.0516	3.48263
-2194.62	2049.94	29.339	-2381.2	-33.1664	3.48644
-2195.5	2051.03	34.6261	-2862.43	20.2243	3.48263
-2196.36	2052.14	34.6261	-2862.43	20.2243	3.5055
-2197.3	2053.11	34.6261	-2728.36	43.2086	3.49597
-2198.37	2054.28	34.6261	-2728.36	43.2086	3.48263
-2199.37	2055.13	15.2247	-2034.04	86.3043	3.48263
-2200.34	2055.82	15.2247	-2034.04	86.3043	3.46738
-2201.5	2056.43	18.3785	496.634	137.78	3.48072
-2202.61	2057.05	26.4017	884.495	114.316	3.45785
-2203.67	2057.79	33.2319	805.486	97.7964	3.46547
-2204.67	2058.49	23.3378	376.924	102.345	3.47119
-2206	2059.35	9.33901	235.666	88.2196	3.50741
-2207.21	2060.29	14.6665	422.414	94.4446	3.5055
-2208.1	2061.29	14.6665	422.414	94.4446	3.48835
-2208.75	2062.22	22.7387	-1638.99	102.824	3.46547
-2209.35	2063.2	25.3556	-4241.49	212.239	3.47119
-2210.08	2064.34	22.9222	-4555.13	113.838	3.50169
-2210.83	2065.33	22.6929	-3815.32	-1.80236	3.51313
-2211.6	2066.62	24.1041	-3645.33	-2.99946	3.49788
-2212.44	2067.8	18.5786	-3923.06	-5.8725	3.49788
-2213.46	2068.93	18.5786	-3923.06	-5.8725	3.49979
-2214.38	2069.88	15.7797	-4425.84	87.5014	3.5036
-2215.25	2070.46	15.7797	-4425.84	87.5014	3.48644
-2216.31	2070.98	15.8771	-1133.82	247.195	3.48454
-2217.27	2071.48	15.8771	-1133.82	247.195	3.46929
-2218.09	2072.05	27.2047	-394.009	145.441	3.46929
-2219.34	2072.7	27.2047	-394.009	145.441	3.45594
-2220.53	2073.45	19.3465	-939.887	152.145	3.45785
-2221.3	2074.19	19.3465	-939.887	152.145	3.47119
-2222.07	2074.95	13.9769	-2582.31	176.087	3.4731
-2222.87	2075.73	13.9769	-2582.31	176.087	3.45022
-2223.65	2076.75	19.0714	-2541.61	57.5738	3.4731
-2224.43	2077.68	25.4982	-2821.73	-40.8278	3.49788
-2225.36	2078.67	22.1161	-2996.51	-48.2499	3.49025
-2226.41	2079.77	23.9875	-3302.96	-61.1786	3.48072
-2227.33	2080.81	32.0256	-3894.33	-56.1507	3.49597
-2228.38	2081.74	32.0256	-3894.33	-56.1507	3.50169
-2229.38	2082.54	34.6261	-4116.99	-7.54844	3.46357
-2230.38	2083.31	23.415	-1794.62	178.72	3.49597
-2231.57	2083.92	32.8312	-781.87	169.862	3.4731
-2232.83	2084.52	32.8312	-781.87	169.862	3.48263
-2233.98	2085.2	34.6261	-599.91	89.8956	3.48454
-2235.1	2086.11	34.6261	-559.209	96.8388	3.47119
-2235.92	2086.85	34.6261	-559.209	96.8388	3.44832
-2236.54	2087.79	30.0387	-2038.83	57.5739	3.45785
-2237.22	2088.68	30.0387	-2038.83	57.5739	3.45976
-2238.1	2089.68	23.1229	-3214.38	49.673	3.45594
-2238.88	2090.64	14.0769	-2567.94	-37.9548	3.48835
-2239.66	2091.7	20.6443	-2761.87	-26.2232	3.45976
-2240.56	2092.74	20.6443	-2761.87	-26.2232	3.47501
-2241.42	2093.64	28.7563	-3161.71	4.66199	3.44451
-2242.35	2094.46	28.7563	-3161.71	4.66199	3.45976
-2243.27	2095.25	27.4175	-1141	110.965	3.46357
-2244.37	2096	27.8688	-130.647	103.782	3.45213
-2245.44	2096.67	27.8688	-130.647	103.782	3.47119
-2246.51	2097.42	34.5447	558.883	50.1518	3.46738
-2247.57	2098.32	32.2486	147.081	40.575	3.48072
-2248.43	2099.2	20.7172	-326.971	16.1542	3.44641
-2249.09	2100.14	9.7365	-1229.59	13.0417	3.42544
-2249.77	2101.08	19.961	-2797.79	45.3634	3.43688
-2250.57	2102.24	22.2896	-3259.87	-0.844666	3.45785
-2251.35	2103.19	19.0458	-2862.43	-50.6441	3.49788
-2252.12	2104.21	14.7511	-2464.99	-36.7577	3.49597
-2252.94	2105.12	13.821	-1804.19	-1.80236	3.47691
-2253.78	2105.8	16.9317	-1236.77	76.9669	3.41401
-2254.69	2106.4	19.8716	-882.426	121.02	3.40638
-2255.57	2106.98	21.8091	-700.467	72.6573	3.44641
-2256.65	2107.61	21.8091	-700.467	72.6573	3.41591
-2257.7	2108.33	25.5865	-860.878	50.8701	3.42354
-2258.69	2109.06	27.1749	-1033.26	86.3043	3.39113
-2259.72	2109.96	20.5394	-1215.22	68.1083	3.41973
-2260.59	2110.92	22.7557	-2031.64	64.9959	3.4731
-2261.32	2111.75	28.1699	-3235.93	83.9101	3.47501
-2261.98	2112.68	28.1699	-3235.93	83.9101	3.47119
-2262.83	2113.68	31.4137	-4334.87	84.1495	3.48835
-2263.77	2114.71	26.7194	-4296.56	-14.4916	3.5055
-2264.59	2115.75	24.5697	-4229.52	-35.0818	3.50169
-2265.32	2116.79	23.0867	-4442.6	-22.8713	3.51122
-2266.45	2117.83	22.5413	-4320.5	-10.6609	3.49788
-2267.38	2118.49	15.3966	-2740.33	90.8532	3.50741
-2268.33	2119.11	9.24536	-1485.76	216.309	3.48072
-2269.46	2119.74	9.24536	-1485.76	216.309	3.50741
-2270.39	2120.34	17.0717	-956.646	101.627	3.49597
-2271.07	2121.05	18.9048	-2029.25	134.188	3.48835
-2271.79	2121.81	18.9048	-2029.25	134.188	3.4731
-2272.54	2122.73	30.5091	-3743.5	59.0104	3.49025
-2273.23	2123.66	30.4671	-2790.6	-29.0963	3.48454
-2273.93	2124.53	30.4671	-2790.6	-29.0963	3.48644
-2274.78	2125.4	27.4367	-2359.65	0.591846	3.48263
-2275.78	2126.47	33.772	-2627.8	-26.2232	3.48835
-2276.73	2127.46	34.4787	-3372.4	-28.8568	3.49597
-2277.69	2128.52	28.4089	-3755.47	23.8156	3.47119
-2278.62	2129.65	24.9012	-3427.46	14.4782	3.50741
-2279.59	2130.59	24.9012	-3427.46	14.4782	3.48454
-2280.64	2131.53	25.3194	-2852.85	20.7031	3.48454
-2281.72	2132.45	29.728	-1469.01	125.569	3.50741
-2282.57	2133.35	22.5934	-532.873	180.875	3.4731
-2283.23	2134.06	21.1014	-511.325	177.284	3.45785
-2283.82	2134.93	23.1574	-1069.17	168.904	3.49025
-2284.49	2135.85	19.4178	-710.044	76.0092	3.49025
-2285.29	2136.75	19.4178	-710.044	76.0092	3.48263
-2285.96	2137.55	18.7649	542.124	-68.3612	3.46738
-2286.73	2138.4	18.7649	542.124	-68.3612	3.49597
-2287.6	2139.08	23.2011	448.75	-22.6319	3.48263
-2288.59	2139.74	28.0076	288.339	-33.8847	3.50741
-2289.5	2140.42	31.377	-22.9077	-20.4771	3.48644
-2290.42	2141.3	30.0701	-700.467	-18.3223	3.49788
-2291.41	2142.2	28.2599	-1090.72	-6.11192	3.4731
-2292.36	2143.09	23.3426	-1136.21	22.8579	3.49788
-2293.41	2144.01	15.784	-1160.15	14.2388	3.47119
-2294.41	2144.95	15.4828	-2642.16	94.9234	3.46357
-2295.45	2146.06	15.4828	-2642.16	94.9234	3.46547
-2296.27	2147.11	27.1265	-4581.47	3.94373	3.44832
-2297.07	2148.22	27.1265	-4581.47	3.94373	3.4731
-2297.87	2148.93	19.082	-5266.21	169.622	3.47119
-2298.62	2149.43	19.082	-5266.21	169.622	3.45213
-2299.56	2149.95	11.4435	-2670.9	341.526	3.44451
-2300.54	2150.45	11.4435	-2670.9	341.526	3.4426
-2301.53	2151.08	10.4149	-3255.08	176.805	3.47119
-2302.48	2151.83	7.66392	-3322.12	205.536	3.46357
-2303.36	2152.54	12.2518	-3370	229.478	3.49597
-2304.19	2153.22	15.7137	-2953.41	145.202	3.48072
-2305.09	2154.14	15.3647	-3635.76	76.9669	3.49025
-2306.06	2155.04	15.3647	-3635.76	76.9669	3.50932
-2307.25	2155.92	15.6525	-2838.49	-146.412	3.5055
-2308.26	2156.9	15.6525	-2838.49	-146.412	3.49216
-2309.25	2157.95	18.8096	-2457.81	-109.302	3.49979
-2310.38	2158.97	18.8096	-2457.81	-109.302	3.52075
-2311.47	2160.08	18.3732	-2984.54	-85.36	3.5036
-2312.6	2161.22	18.3732	-2984.54	-85.36	3.5055
-2313.85	2162.38	20.9747	-3444.22	-40.349	3.51694
-2315.05	2163.6	20.9747	-3444.22	-40.349	3.5055
-2316.27	2164.77	27.9193	-3302.96	-8.98496	3.49788
-2317.43	2165.75	34.5606	-2687.65	20.4637	3.5036
-2318.74	2166.81	34.5606	-2687.65	20.4637	3.49597
-2319.68	2167.61	22.2411	594.796	207.451	3.45213
-2320.3	2168.4	16.0968	882.1	184.467	3.44641
-2320.83	2169.29	19.6971	-932.704	203.62	3.43497
-2321.39	2170.23	25.2226	-1267.89	199.311	3.42735
-2322.06	2171.15	25.2226	-1267.89	199.311	3.45213
-2322.75	2172.04	29.7865	-688.496	27.4069	3.47501
-2323.47	2173.2	29.7865	-688.496	27.4069	3.47501
-2324.2	2174.13	30.0648	-1739.55	49.1941	3.44641
-2325.15	2175.24	17.3399	-2158.54	69.5449	3.44069
-2326.06	2176.33	17.3526	-2187.27	78.164	3.42926
-2327.01	2177.17	16.0926	-1665.33	134.188	3.44641
-2327.89	2177.78	16.0926	-1665.33	134.188	3.44641
-2328.82	2178.44	20.9497	326.646	164.834	3.44069
-2329.73	2179.13	20.9497	326.646	164.834	3.41973
-2330.79	2179.89	21.4983	446.356	134.188	3.44832
-2331.97	2180.62	22.586	-417.951	80.7976	3.49407
-2333.03	2181.46	22.586	-417.951	80.7976	3.50169
-2333.79	2182.37	13.2756	-1691.67	32.9136	3.49025
-2334.46	2183.31	13.2756	-1691.67	32.9136	3.48263
-2335.17	2184.15	11.3201	-5127.35	100.669	3.47691
-2335.93	2185.32	15.3907	-5364.37	76.9669	3.49025
-2336.7	2186.34	15.3907	-5364.37	76.9669	3.47882
-2337.65	2187.23	20.1244	-5409.86	82.9524	3.5055
-2338.71	2188.23	20.1244	-5409.86	82.9524	3.48644
-2339.69	2188.82	19.0261	-3135.37	224.21	3.45785
-2340.69	2189.43	19.1645	-2381.2	223.492	3.46357
-2341.66	2189.99	19.6929	-1974.18	162.679	3.50932
-2342.47	2190.67	18.6696	-2285.43	131.555	3.5055
-2343.35	2191.48	19.0793	-2757.09	95.8811	3.47691
-2344.21	2192.29	18.8511	-3142.55	57.3344	3.48072
-2345.01	2193.1	18.8511	-3142.55	57.3344	3.49788
-2345.84	2193.98	19.6343	-3456.19	-29.0963	3.48835
-2346.72	2194.96	25.5658	-2788.21	-64.7699	3.51694
-2347.65	2195.94	22.4449	-2467.39	-93.5003	3.51313
-2348.49	2196.92	17.2409	-3018.05	-114.569	3.46738
-2349.4	2197.96	16.0165	-3516.05	-74.8255	3.48644
-2350.61	2199.12	16.0165	-3516.05	-74.8255	3.50169
-2351.68	2200.04	14.8299	-3561.54	6.33793	3.49788
-2352.74	2201.11	10.9572	-3152.13	47.2788	3.5055
-2353.75	2202.03	12.1087	-2311.76	100.191	3.5055
-2354.83	2202.83	15.4376	-956.646	158.609	3.48644
-2355.96	2203.66	17.4835	350.588	158.13	3.47119
-2356.69	2204.5	21.609	982.657	79.1217	3.44641
-2357.31	2205.35	19.8014	-638.218	96.5993	3.45022
-2357.93	2206.25	19.8014	-638.218	96.5993	3.44641
-2358.6	2207.22	22.9302	-1773.07	90.8533	3.46738
-2359.34	2208.24	27.0025	-978.194	-28.8568	3.4731
-2360.2	2209.17	34.4803	-1272.68	-47.2922	3.5036
-2360.91	2210.04	29.7897	-1114.66	15.9147	3.48644
-2361.75	2210.75	29.7897	-1114.66	15.9147	3.49788
-2362.71	2211.35	29.0894	-643.006	64.0382	3.5055
-2363.72	2212.04	29.3401	-712.438	57.095	3.49597
-2364.6	2212.74	18.3237	-626.247	90.6138	3.5055
-2365.73	2213.59	13.1867	-908.762	80.5582	3.50741
-2366.64	2214.42	15.884	-982.983	83.6706	3.50169
-2367.58	2215.28	21.3179	-882.426	77.4457	3.5055
-2368.71	2216.28	23.6715	-1133.82	17.3513	3.49597
-2369.99	2217.29	19.5167	-1710.82	18.5484	3.50741
-2370.87	2218.19	19.5167	-1710.82	18.5484	3.47882
-2371.79	2219.34	34.6261	-3930.24	42.251	3.49407
-2372.54	2220.34	34.6261	-3930.24	42.251	3.48072
-2373.41	2221.56	28.2891	-5970.1	110.725	3.45022
-2374.19	2222.67	28.2891	-5970.1	110.725	3.49025
-2375.19	2223.78	28.5839	-6439.37	167.228	3.48644
-2376.19	2224.44	25.4657	-4818.49	326.922	3.45976
-2377.09	2224.95	25.4657	-4818.49	326.922	3.44832
-2377.96	2225.58	24.5803	-2326.13	297.473	3.45213
-2378.72	2226.2	24.5516	-2318.95	253.659	3.4426
-2379.41	2226.9	27.31	-3192.83	211.76	3.44641
-2380.3	2227.63	13.7891	-3525.62	84.6283	3.46547
-2381.24	2228.49	9.23472	-2886.37	-1.32351	3.47882
-2382.2	2229.36	9.23472	-2886.37	-1.32351	3.46929
-2383.25	2230.26	14.3121	-2826.52	2.74663	3.47882
-2384.2	2231.19	20.035	-3037.21	-7.78787	3.47501
-2385.28	2232.15	20.9055	-3240.71	-21.9136	3.48263
-2386.23	2233.19	20.3356	-3365.21	13.5205	3.49788
-2387.37	2234.17	29.5965	-3525.62	29.5617	3.5036
-2388.66	2235.3	29.0048	-3508.87	53.7431	3.49979
