0	0.402959	0	153.636	0	0	-0	0	0	0	-0.01077	0	-14.7794	0	0.001077	0.001077	0	0.001077
0.48	0.22013	480	168.001	0.0100328	0	0	-0	0.0100328	0	-0.00704517	0	-27.7081	0	0.000700494	0.000704517	-4.02278e-06	0.000700494
1.92	-0.162366	960	38.7142	0.0202315	0	0	0	0.0202315	0	0.0115788	0	43.6391	0	-0.00115315	-0.00115788	4.72516e-06	-0.00115315
4.32	-0.0598982	1440	-442.52	0.030596	0	0	0	0.030596	0	0.0121109	0	-5.44202	0	-0.00120081	-0.00121109	1.02804e-05	-0.00120081
7.68	-0.161913	1920	165.607	0.0411263	0	0	0	0.0411263	0	-0.00917362	0	-19.8072	0	0.000898078	0.000917362	-1.92838e-05	0.000898078
12	-0.37896	2400	177.578	0.0518224	0	0	0	0.0518224	0	-0.0128984	0	-18.1313	0	0.00125217	0.00128984	-3.76736e-05	0.00125217
17.28	0.621638	2880	43.5026	0.0626844	0	0	0	0.0626844	0	0.00625764	0	51.7794	0	-0.000603607	-0.000625764	2.21572e-05	-0.000603607
23.52	-0.685514	3360	-523.923	0.0737122	0	0	0	0.0737122	0	0.00732187	0	-15.9765	0	-0.000685318	-0.000732187	4.68685e-05	-0.000685318
30.72	-0.0240591	3840	213.491	0.0849059	0	0	0	0.0849059	0	-0.00917362	0	-24.1168	0	0.000944244	0.000917362	2.68823e-05	0.000944244
38.88	3.2241	4320	517.555	0.0962653	0	0	0	0.0962653	0	0.0211568	0	-0.4142	0	-0.00211836	-0.00211568	-2.68186e-06	-0.00211836
48	5.98934	4800	1743.39	0.107791	0	0	0	0.107791	0	0.083414	0	50.3429	0	-0.00867854	-0.0083414	-0.000337147	-0.00867854
58.08	10.639	5280	1101.74	0.119482	0	0	0	0.119482	0	-0.0661097	0	-63.6211	0	0.00612613	0.00661097	-0.00048484	0.00612613
69.12	14.7651	5760	1594.95	0.131339	0	0	0	0.131339	0	-0.0442931	0	-24.3562	0	0.00431878	0.00442931	-0.00011053	0.00431878
81.12	20.8134	6240	2370.67	0.143362	0	0	0	0.143362	0	-0.0325866	0	0.0646484	0	0.0033197	0.00325866	6.1044e-05	0.0033197
94.08	27.3664	6720	2250.96	0.15555	0	0	0	0.15555	0	0.040845	0	54.6524	0	-0.00395085	-0.0040845	0.000133645	-0.00395085
108	34.4262	7200	2586.15	0.167905	0	0	0	0.167905	0	0.0440376	0	-13.8217	0	-0.00446091	-0.00440376	-5.71489e-05	-0.00446091
122.88	40.2744	7680	3881.41	0.180425	0	0	0	0.180425	0	0.00359708	0	-28.9052	0	-0.000645963	-0.000359708	-0.000286255	-0.000645963
138.72	46.9512	8160	3630.02	0.193111	0	0	0	0.193111	0	-0.0597243	0	-24.3562	0	0.0057045	0.00597243	-0.000267929	0.0057045
147	49.896	8400	3337.92	0.199516	0	0	0	0.199516	0	-0.0623849	0	-20.0467	0	0.00614973	0.00623849	-8.87564e-05	0.00614973
164.28	66.2659	8880	4161.53	0.212451	0	0	0	0.212451	0	-0.0991006	0	-26.2716	0	0.0102307	0.00991006	0.000320672	0.0102307
182.25	79.4463	9000	4626	0.218043	0	0	0	0.218043	0	-0.139009	0	-46.3829	0	0.0147986	0.0139009	0.000897717	0.0147986
200.25	90.8709	9000	5222.16	0.221152	0	0	0	0.221152	0	-0.168807	0	53.4553	0	0.0187258	0.0168807	0.00184511	0.0187258
218.25	101.965	9000	4025.06	0.224261	0	0	0	0.224261	0	-0.0240728	0	27.598	0	0.00516626	0.00240728	0.00275898	0.00516626
236.25	114.27	9000	5416.09	0.227371	0	0	0	0.227371	0	-0.0480178	0	-31.06	0	0.00765731	0.00480178	0.00285553	0.00765731
254.25	127.738	9000	5662.69	0.23048	0	0	0	0.23048	0	-0.143266	0	-49.0165	0	0.0175469	0.0143266	0.00322026	0.0175469
272.25	144.781	9000	4918.1	0.23359	0	0	0	0.23359	0	-0.196477	0	14.9087	0	0.0238329	0.0196477	0.00418521	0.0238329
290.25	170.394	9000	4499.11	0.236699	0	0	0	0.236699	0	-0.153376	0	3.65593	0	0.0207544	0.0153376	0.00541676	0.0207544
308.25	199.33	9000	4755.29	0.239808	0	0	0	0.239808	0	-0.0554674	0	23.5278	0	0.0117624	0.00554674	0.00621569	0.0117624
326.25	221.758	9000	5083.3	0.242918	0	0	0	0.242918	0	-0.0671739	0	-4.00552	0	0.0131557	0.00671739	0.00643835	0.0131557
344.25	236.449	9000	5878.17	0.246027	0	0	0	0.246027	0	-0.16455	0	-43.7493	0	0.0234401	0.016455	0.00698506	0.0234401
362.25	246.358	9000	5112.03	0.249136	0	0	0	0.249136	0	-0.186367	0	3.65596	0	0.0267192	0.0186367	0.00808251	0.0267192
380.25	258.983	9000	4621.22	0.252246	0	0	0	0.252246	0	-0.149119	0	9.1626	0	0.0240647	0.0149119	0.00915283	0.0240647
398.25	272.649	9000	6500.67	0.255355	0	0	0	0.255355	0	-0.133156	0	38.1324	0	0.0234429	0.0133156	0.0101274	0.0234429
416.25	295.574	9000	5430.46	0.258464	0	0	0	0.258464	0	0.112148	0	74.2849	0	-0.000716328	-0.0112148	0.0104985	-0.000716328
434.25	304.883	9000	6282.79	0.261574	0	0	0	0.261574	0	0.121726	0	68.06	0	-0.00238693	-0.0121726	0.00978568	-0.00238693
452.25	320.781	9000	4681.07	0.264683	0	0	0	0.264683	0	0.240387	0	6.05015	0	-0.015076	-0.0240387	0.00896274	-0.015076
470.25	352.555	9000	6007.46	0.267792	0	0	0	0.267792	0	0.153653	0	-31.2994	0	-0.00775547	-0.0153653	0.00760981	-0.00775547
488.25	368.992	9000	6584.46	0.270902	0	0	0	0.270902	0	0.0951205	0	-46.8617	0	-0.00291355	-0.00951205	0.0065985	-0.00291355
506.25	374.797	9000	6787.97	0.274011	0	0	0	0.274011	0	-0.262991	0	-155.319	0	0.0327244	0.0262991	0.00642526	0.0327244
524.25	389.357	9000	5399.33	0.27712	0	0	0	0.27712	0	-0.462534	0	-49.9742	0	0.0548728	0.0462534	0.0086194	0.0548728
542.25	410.327	9000	4010.69	0.28023	0	0	0	0.28023	0	-0.249156	0	75.9608	0	0.0359527	0.0249156	0.011037	0.0359527
560.25	437.926	9000	4305.18	0.283339	0	0	0	0.283339	0	-0.417304	0	-103.844	0	0.0544156	0.0417304	0.0126852	0.0544156
578.25	479.019	9000	3134.42	0.286448	0	0	0	0.286448	0	-0.396552	0	8.92318	0	0.0548107	0.0396552	0.0151555	0.0548107
596.25	497.672	9000	6254.06	0.289558	0	0	0	0.289558	0	-0.274166	0	90.0866	0	0.0445954	0.0274166	0.0171788	0.0445954
623.25	526.255	9000	7671.43	0.294222	0	0	0	0.294222	0	0.0195605	0	123.127	0	0.0170134	-0.00195605	0.0189695	0.0170134
641.25	539.634	9000	6491.09	0.297331	0	0	0	0.297331	0	-0.00704517	0	64.4687	0	0.0196843	0.000704517	0.0189798	0.0196843
659.25	587.267	9000	4233.36	0.30044	0	0	0	0.30044	0	-0.0160911	0	-65.0576	0	0.0207733	0.00160911	0.0191642	0.0207733
677.25	604.426	9000	5945.21	0.30355	0	0	0	0.30355	0	0.312222	0	57.2861	0	-0.012466	-0.0312222	0.0187563	-0.012466
695.25	612.629	9000	6603.62	0.306659	0	0	0	0.306659	0	0.280296	0	7.24724	0	-0.0112057	-0.0280296	0.0168239	-0.0112057
713.25	621.697	9000	8495.04	0.309769	0	0	0	0.309769	0	0.040845	0	-89.9574	0	0.0113625	-0.0040845	0.015447	0.0113625
731.25	652.979	9000	5107.24	0.312878	0	0	0	0.312878	0	0.0121109	0	70.6936	0	0.0142478	-0.00121109	0.0154589	0.0142478
749.25	639.281	9000	6021.82	0.315987	0	0	0	0.315987	0	0.0972489	0	13.7116	0	0.00528145	-0.00972489	0.0150063	0.00528145
767.25	668.737	9000	6986.69	0.319097	0	0	0	0.319097	0	0.0190283	0	-93.7881	0	0.0125009	-0.00190283	0.0144037	0.0125009
785.25	670.011	9000	4149.56	0.322206	0	0	0	0.322206	0	-0.149651	0	-5.92085	0	0.0294398	0.0149651	0.0144747	0.0294398
803.25	671.368	9000	8684.18	0.325315	0	0	0	0.325315	0	-0.0219443	0	-21.7226	0	0.0178799	0.00219443	0.0156855	0.0178799
821.25	643.592	9000	12361.7	0.328425	0	0	0	0.328425	0	0.849656	0	449.935	0	-0.0704543	-0.0849656	0.0145114	-0.0704543
839.25	631.422	9000	11353.7	0.331534	0	0	0	0.331534	0	1.29503	0	186.812	0	-0.121011	-0.129503	0.00849233	-0.121011
857.25	612.728	9000	7992.25	0.334643	0	0	0	0.334643	0	1.43019	0	-80.3805	0	-0.142583	-0.143019	0.000436375	-0.142583
875.25	625.399	9000	5126.39	0.337753	0	0	0	0.337753	0	1.45786	0	115.705	0	-0.153862	-0.145786	-0.00807613	-0.153862
893.251	645.812	9000	5147.94	0.340862	0	0	0	0.340862	0	1.27375	0	-114.857	0	-0.144067	-0.127375	-0.0166924	-0.144067
911.251	647.21	9000	7791.14	0.343971	0	0	0	0.343971	0	0.818261	0	-183.331	0	-0.1055	-0.0818261	-0.023674	-0.1055
929.251	666.355	9000	7585.24	0.347081	0	0	0	0.347081	0	0.332443	0	-110.069	0	-0.0609722	-0.0332443	-0.0277279	-0.0609722
947.251	687.535	9000	7072.88	0.35019	0	0	0	0.35019	0	0.171213	0	-110.547	0	-0.0463697	-0.0171213	-0.0292485	-0.0463697
965.251	765.639	9000	1901.4	0.353299	0	0	0	0.353299	0	0.121194	0	-112.463	0	-0.0423201	-0.0121194	-0.0302007	-0.0423201
983.251	789.573	9000	3464.82	0.356409	0	0	0	0.356409	0	0.143011	0	12.2751	0	-0.0453455	-0.0143011	-0.0310444	-0.0453455
1001.25	801.4	9000	10192.5	0.359518	0	0	0	0.359518	0	-0.36835	0	-138.56	0	0.00529962	0.036835	-0.0315353	0.00529962
1019.25	785.628	9000	12852.5	0.362628	0	0	0	0.362628	0	-1.3187	0	-393.063	0	0.10401	0.13187	-0.0278598	0.10401
1037.2	806.468	8839.98	7041.75	0.362411	0	0	0	0.362411	0	-1.24048	0	-13.1035	0	0.104487	0.124048	-0.0195613	0.104487
1054.4	829.971	8359.98	1664.38	0.355432	0	0	0	0.355432	0	-1.05637	0	44.8362	0	0.092976	0.105637	-0.0126611	0.092976
1070.64	882.814	7879.98	2962.03	0.348287	0	0	0	0.348287	0	-0.969105	0	101.818	0	0.0903976	0.0969105	-0.00651287	0.0903976
1085.92	935.484	7399.98	8054.5	0.340977	0	0	0	0.340977	0	-0.965912	0	-34.4118	0	0.0959137	0.0965912	-0.000677491	0.0959137
1100.24	942.572	6919.98	9886.07	0.333501	0	0	0	0.333501	0	0.433012	0	28.0768	0	-0.0388553	-0.0433012	0.00444592	-0.0388553
1113.6	966.681	6439.98	6996.26	0.325858	0	0	0	0.325858	0	-0.254478	0	347.703	0	0.0292703	0.0254478	0.00382252	0.0292703
1126	957.063	5959.98	4970.77	0.318051	0	0	0	0.318051	0	-0.302368	0	-126.828	0	0.0352206	0.0302368	0.00498383	0.0352206
1137.44	1000.61	5479.97	3225.4	0.310077	0	0	0	0.310077	0	-0.331634	0	3.1771	0	0.0402073	0.0331634	0.00704387	0.0402073
1147.92	991.726	4999.97	4501.51	0.301937	0	0	0	0.301937	0	-0.0847336	0	218.895	0	0.0170106	0.00847336	0.00853721	0.0170106
1157.44	985.456	4519.97	5669.88	0.293632	0	0	0	0.293632	0	-0.0634491	0	-128.265	0	0.0155166	0.00634491	0.00917172	0.0155166
1166	945.886	4039.97	9668.19	0.28516	0	0	0	0.28516	0	0.520811	0	322.803	0	-0.0433907	-0.0520811	0.00869039	-0.0433907
1173.6	969.334	3559.97	3479.18	0.276523	0	0	0	0.276523	0	1.08804	0	185.136	0	-0.104149	-0.108804	0.00465562	-0.104149
1180.24	984.263	3079.97	656.418	0.26772	0	0	0	0.26772	0	0.94384	0	-51.6501	0	-0.0962854	-0.094384	-0.00190137	-0.0962854
1185.92	955.293	2599.97	3304.41	0.258752	0	0	0	0.258752	0	0.72461	0	-12.864	0	-0.0796439	-0.072461	-0.00718289	-0.0796439
1190.64	913.111	2119.97	12321	0.249617	0	0	0	0.249617	0	1.00769	0	115.944	0	-0.112295	-0.100769	-0.0115258	-0.112295
1194.4	888.338	1639.97	7925.21	0.240317	0	0	0	0.240317	0	1.49032	0	99.6635	0	-0.167616	-0.149032	-0.018584	-0.167616
1197.2	871.795	1159.97	1582.97	0.23085	0	0	0	0.23085	0	1.36155	0	-10.2304	0	-0.163682	-0.136155	-0.0275275	-0.163682
1199.04	873.679	679.965	-224.648	0.221218	0	0	0	0.221218	0	1.31632	0	-3.28724	0	-0.167158	-0.131632	-0.035526	-0.167158
1199.92	909.88	199.964	-626.874	0.21142	0	0	0	0.21142	0	1.21788	0	-14.7794	0	-0.165253	-0.121788	-0.0434654	-0.165253
1200	886.761	0	4405.74	0.20729	0	0	0	0.20729	0	0.806023	0	-124.913	0	-0.130759	-0.0806023	-0.0501565	-0.130759
1200	892.411	0	8870.92	0.20729	0	0	0	0.20729	0	-0.250753	0	-548.447	0	-0.0284807	0.0250753	-0.0535559	-0.0284807
1200	851.412	0	3886.2	0.20729	0	0	0	0.20729	0	-0.522662	0	-53.3261	0	0.000953924	0.0522662	-0.0513123	0.000953924
1200	874.514	0	-593.355	0.20729	0	0	0	0.20729	0	-0.48435	0	-25.7927	0	0.000354465	0.048435	-0.0480806	0.000354465
1200	873.184	0	256.587	0.20729	0	0	0	0.20729	0	-0.358772	0	-75.3527	0	-0.00959421	0.0358772	-0.0454714	-0.00959421
1200	871.66	0	-564.625	0.20729	0	0	0	0.20729	0	-0.283744	0	142.28	0	-0.0149092	0.0283744	-0.0432836	-0.0149092
1200	889.611	0	4197.44	0.20729	0	0	0	0.20729	0	-0.0868621	0	152.575	0	-0.0332318	0.00868621	-0.041918	-0.0332318
1200	869.743	0	2921.33	0.20729	0	0	0	0.20729	0	0.16057	0	-27.7081	0	-0.0578513	-0.016057	-0.0417943	-0.0578513
1200	884.855	0	139.271	0.20729	0	0	0	0.20729	0	0.128644	0	29.2739	0	-0.0556348	-0.0128644	-0.0427705	-0.0556348
1200	885.974	0	622.899	0.20729	0	0	0	0.20729	0	0.20846	0	-31.06	0	-0.0646646	-0.020846	-0.0438185	-0.0646646
1200	877.416	0	2061.81	0.20729	0	0	0	0.20729	0	-0.16189	0	8.44435	0	-0.0283248	0.016189	-0.0445138	-0.0283248
1200	875.976	0	1693.11	0.20729	0	0	0	0.20729	0	0.129176	0	133.901	0	-0.0565717	-0.0129176	-0.0436542	-0.0565717
1200	883.314	0	4281.24	0.20729	0	0	0	0.20729	0	0.115873	0	-70.8037	0	-0.0561889	-0.0115873	-0.0446016	-0.0561889
1200	895.261	0	2495.17	0.20729	0	0	0	0.20729	0	-0.11666	0	-91.3939	0	-0.0330162	0.011666	-0.0446823	-0.0330162
1200	903.106	0	-839.958	0.20729	0	0	0	0.20729	0	0.216974	0	97.0298	0	-0.0661331	-0.0216974	-0.0444357	-0.0661331
1200	892.612	0	2100.12	0.20729	0	0	0	0.20729	0	0.12013	0	-0.174768	0	-0.0576946	-0.012013	-0.0456816	-0.0576946
1200	893.031	0	2523.9	0.20729	0	0	0	0.20729	0	0.0121109	0	-4.72377	0	-0.0472687	-0.00121109	-0.0460576	-0.0472687
1200	922.264	0	1345.95	0.20729	0	0	0	0.20729	0	0.37448	0	96.3116	0	-0.0841082	-0.037448	-0.0466603	-0.0841082
1200	905.907	0	4192.65	0.20729	0	0	0	0.20729	0	0.0796892	0	-162.98	0	-0.0567515	-0.00796892	-0.0487826	-0.0567515
1200	916.133	0	543.891	0.20729	0	0	0	0.20729	0	-0.0586601	0	46.7516	0	-0.0428648	0.00586601	-0.0487308	-0.0428648
1200	930.931	0	548.679	0.20729	0	0	0	0.20729	0	0.0573405	0	-98.8159	0	-0.0542166	-0.00573405	-0.0484826	-0.0542166
1200	918.435	0	771.34	0.20729	0	0	0	0.20729	0	-0.000127707	0	67.5811	0	-0.0486909	1.27707e-05	-0.0487037	-0.0486909
1200	944.573	0	3395.39	0.20729	0	0	0	0.20729	0	-0.0943116	0	-18.6101	0	-0.0391967	0.00943116	-0.0486279	-0.0391967
1200	900.898	0	2878.24	0.20729	0	0	0	0.20729	0	-0.153908	0	-113.899	0	-0.0326105	0.0153908	-0.0480014	-0.0326105
1200	929.923	0	-717.854	0.20729	0	0	0	0.20729	0	-0.15444	0	106.846	0	-0.0311693	0.015444	-0.0466134	-0.0311693
1200	925.43	0	-1124.87	0.20729	0	0	0	0.20729	0	0.310626	0	91.0443	0	-0.0774565	-0.0310626	-0.0463939	-0.0774565
1200	920.158	0	1491.99	0.20729	0	0	0	0.20729	0	0.238791	0	-4.96318	0	-0.0723714	-0.0238791	-0.0484923	-0.0723714
1200	965.618	0	5538.2	0.20729	0	0	0	0.20729	0	0.19569	0	53.9342	0	-0.0694063	-0.019569	-0.0498373	-0.0694063
1200	938.092	0	4245.33	0.20729	0	0	0	0.20729	0	-0.0144948	0	-223.314	0	-0.0494039	0.00144948	-0.0508534	-0.0494039
1200	960.31	0	1973.23	0.20729	0	0	0	0.20729	0	-0.322588	0	-28.6658	0	-0.0175482	0.0322588	-0.049807	-0.0175482
1200	955.041	0	-933.332	0.20729	0	0	0	0.20729	0	-0.150716	0	-35.3695	0	-0.033041	0.0150716	-0.0481125	-0.033041
1200	941.212	0	1525.51	0.20729	0	0	0	0.20729	0	-0.254478	0	-21.2437	0	-0.021703	0.0254478	-0.0471508	-0.021703
1200	954.942	0	-811.227	0.20729	0	0	0	0.20729	0	0.155249	0	133.901	0	-0.0618879	-0.0155249	-0.046363	-0.0618879
1200	935.989	0	2557.41	0.20729	0	0	0	0.20729	0	-0.058128	0	-46.3829	0	-0.0412726	0.0058128	-0.0470854	-0.0412726
1200	963.531	0	582.198	0.20729	0	0	0	0.20729	0	-0.0421646	0	69.2571	0	-0.0422248	0.00421646	-0.0464413	-0.0422248
1200	977.793	0	-564.625	0.20729	0	0	0	0.20729	0	0.221231	0	20.6548	0	-0.0690378	-0.0221231	-0.0469146	-0.0690378
1200	954.681	0	2363.48	0.20729	0	0	0	0.20729	0	0.212717	0	34.3017	0	-0.0694739	-0.0212717	-0.0482021	-0.0694739
1200	998.713	0	2600.51	0.20729	0	0	0	0.20729	0	0.211653	0	104.931	0	-0.0704298	-0.0211653	-0.0492645	-0.0704298
1200	962.931	0	4738.53	0.20729	0	0	0	0.20729	0	-0.0293939	0	-151.488	0	-0.0475424	0.00293939	-0.0504818	-0.0475424
1200	981.047	0	2818.38	0.20729	0	0	0	0.20729	0	-0.0746235	0	24.2461	0	-0.0425717	0.00746235	-0.050034	-0.0425717
1200	999.981	0	50.6853	0.20729	0	0	0	0.20729	0	0.0466982	0	44.3574	0	-0.0546376	-0.00466982	-0.0499678	-0.0546376
1200	984.449	0	634.87	0.20729	0	0	0	0.20729	0	-0.0666418	0	-86.366	0	-0.0435024	0.00666418	-0.0501666	-0.0435024
1200	999.95	0	1884.64	0.20729	0	0	0	0.20729	0	-0.0453573	0	73.0878	0	-0.0452725	0.00453573	-0.0498082	-0.0452725
1200	971.161	0	914.992	0.20729	0	0	0	0.20729	0	-0.183707	0	-179.5	0	-0.0310824	0.0183707	-0.0494531	-0.0310824
1200	974.078	0	-2065.79	0.20729	0	0	0	0.20729	0	0.0892672	0	209.557	0	-0.0572648	-0.00892672	-0.0483381	-0.0572648
1200	986.398	0	847.954	0.20729	0	0	0	0.20729	0	0.401617	0	13.4722	0	-0.0899581	-0.0401617	-0.0497964	-0.0899581
1200	994.957	0	1745.78	0.20729	0	0	0	0.20729	0	0.113212	0	-31.7782	0	-0.0629558	-0.0113212	-0.0516346	-0.0629558
1200	1015.96	0	2057.03	0.20729	0	0	0	0.20729	0	0.339892	0	149.702	0	-0.0867485	-0.0339892	-0.0527592	-0.0867485
1200	1009.08	0	5375.39	0.20729	0	0	0	0.20729	0	-0.025137	0	-228.582	0	-0.0520789	0.0025137	-0.0545926	-0.0520789
1200	997.571	0	2614.88	0.20729	0	0	0	0.20729	0	-0.15178	0	-92.3515	0	-0.0387259	0.015178	-0.0539039	-0.0387259
1200	1006.37	0	912.598	0.20729	0	0	0	0.20729	0	-0.0921832	0	74.0455	0	-0.0439872	0.00921832	-0.0532055	-0.0439872
1200	1018.84	0	112.934	0.20729	0	0	0	0.20729	0	0.050423	0	-2.56898	0	-0.0577729	-0.0050423	-0.0527306	-0.0577729
1200	1005.98	0	3510.31	0.20729	0	0	0	0.20729	0	-0.290661	0	-48.2982	0	-0.0237851	0.0290661	-0.0528512	-0.0237851
1200	1025.68	0	881.473	0.20729	0	0	0	0.20729	0	-0.425286	0	-125.87	0	-0.00945063	0.0425286	-0.0519792	-0.00945063
1200	1027.66	0	-2496.75	0.20729	0	0	0	0.20729	0	0.0615974	0	89.3684	0	-0.0562513	-0.00615974	-0.0500916	-0.0562513
1200	1015.54	0	67.4447	0.20729	0	0	0	0.20729	0	0.228681	0	184.418	0	-0.0739406	-0.0228681	-0.0510725	-0.0739406
1200	1048.13	0	266.163	0.20729	0	0	0	0.20729	0	-0.000127707	0	-218.526	0	-0.0519785	1.27707e-05	-0.0519913	-0.0519785
1200	1019.91	0	2830.35	0.20729	0	0	0	0.20729	0	0.0802213	0	116.902	0	-0.0600238	-0.00802213	-0.0520017	-0.0600238
1200	1028.86	0	3941.26	0.20729	0	0	0	0.20729	0	0.0887351	0	-82.7747	0	-0.0612943	-0.00887351	-0.0524207	-0.0612943
1200	1038.78	0	903.021	0.20729	0	0	0	0.20729	0	0.0280743	0	52.4977	0	-0.0561054	-0.00280743	-0.053298	-0.0561054
1200	1023.62	0	3412.14	0.20729	0	0	0	0.20729	0	-0.129963	0	-27.9475	0	-0.039996	0.0129963	-0.0529923	-0.039996
1200	1045.14	0	-787.285	0.20729	0	0	0	0.20729	0	0.0722396	0	40.5267	0	-0.059652	-0.00722396	-0.052428	-0.059652
1200	1031.36	0	1159.2	0.20729	0	0	0	0.20729	0	0.106827	0	-28.1869	0	-0.0635298	-0.0106827	-0.0528471	-0.0635298
1200	1036.93	0	1427.35	0.20729	0	0	0	0.20729	0	-0.215633	0	-51.6501	0	-0.0313101	0.0215633	-0.0528735	-0.0313101
1200	1046.64	0	-883.053	0.20729	0	0	0	0.20729	0	-0.0570638	0	8.92319	0	-0.0464943	0.00570637	-0.0522006	-0.0464943
1200	1047.77	0	3725.79	0.20729	0	0	0	0.20729	0	0.158974	0	46.5122	0	-0.0681356	-0.0158974	-0.0522382	-0.0681356
1200	1052.64	0	3565.37	0.20729	0	0	0	0.20729	0	0.264864	0	-3.52666	0	-0.0796497	-0.0264864	-0.0531633	-0.0796497
1200	1052.32	0	1934.92	0.20729	0	0	0	0.20729	0	-0.168807	0	-21.4832	0	-0.037321	0.0168807	-0.0542017	-0.037321
1200	1048.33	0	-167.187	0.20729	0	0	0	0.20729	0	-0.26778	0	-56.9174	0	-0.0259463	0.026778	-0.0527244	-0.0259463
1200	1051.14	0	1197.51	0.20729	0	0	0	0.20729	0	-0.128367	0	9.64145	0	-0.0385284	0.0128367	-0.0513651	-0.0385284
1200	1052.32	0	1705.08	0.20729	0	0	0	0.20729	0	0.0153036	0	85.2982	0	-0.0525834	-0.00153036	-0.0510531	-0.0525834
1200	1061.92	0	589.381	0.20729	0	0	0	0.20729	0	-0.0480178	0	-53.0866	0	-0.0467135	0.00480178	-0.0515152	-0.0467135
1200	1051.9	0	-904.601	0.20729	0	0	0	0.20729	0	0.0770286	0	59.4408	0	-0.0587033	-0.00770286	-0.0510005	-0.0587033
1200	1057.81	0	-1558.22	0.20729	0	0	0	0.20729	0	0.322333	0	75.9608	0	-0.0842195	-0.0322333	-0.0519862	-0.0842195
1200	1082.87	0	3251.73	0.20729	0	0	0	0.20729	0	0.119066	0	-95.2246	0	-0.0657007	-0.0119066	-0.0537941	-0.0657007
1200	1064.92	0	3026.68	0.20729	0	0	0	0.20729	0	0.0536157	0	23.5278	0	-0.0601877	-0.00536157	-0.0548262	-0.0601877
1200	1072.01	0	1104.13	0.20729	0	0	0	0.20729	0	-0.21989	0	-103.604	0	-0.0324644	0.021989	-0.0544535	-0.0324644
1200	1070.44	0	2622.06	0.20729	0	0	0	0.20729	0	-0.0778162	0	53.4553	0	-0.0452136	0.00778162	-0.0529952	-0.0452136
1200	1063.54	0	1336.37	0.20729	0	0	0	0.20729	0	-0.132624	0	-70.3249	0	-0.0391032	0.0132624	-0.0523655	-0.0391032
1200	1080.69	0	170.395	0.20729	0	0	0	0.20729	0	0.0674506	0	97.9875	0	-0.058674	-0.00674506	-0.051929	-0.058674
1200	1072.92	0	2236.59	0.20729	0	0	0	0.20729	0	0.00625765	0	-9.991	0	-0.0527758	-0.000625765	-0.0521501	-0.0527758
1200	1076.01	0	-449.703	0.20729	0	0	0	0.20729	0	0.249433	0	66.1446	0	-0.0774119	-0.0249433	-0.0524686	-0.0774119
1200	1059.92	0	1707.47	0.20729	0	0	0	0.20729	0	0.06479	0	-122.758	0	-0.0602718	-0.006479	-0.0537928	-0.0602718
1200	1087.2	0	-1373.86	0.20729	0	0	0	0.20729	0	-0.0501463	0	-15.7371	0	-0.0486848	0.00501463	-0.0536994	-0.0486848
1200	1088.66	0	2806.41	0.20729	0	0	0	0.20729	0	0.00146862	0	-96.1823	0	-0.0539253	-0.000146862	-0.0537785	-0.0539253
1200	1081.04	0	1290.88	0.20729	0	0	0	0.20729	0	-0.020348	0	120.493	0	-0.0516312	0.0020348	-0.053666	-0.0516312
1200	1102.01	0	575.016	0.20729	0	0	0	0.20729	0	0.112148	0	108.761	0	-0.0652456	-0.0112148	-0.0540308	-0.0652456
1200	1089.7	0	1808.03	0.20729	0	0	0	0.20729	0	-0.165083	0	-153.404	0	-0.0376031	0.0165083	-0.0541114	-0.0376031
1200	1097.3	0	2883.03	0.20729	0	0	0	0.20729	0	-0.04855	0	68.5388	0	-0.0484399	0.004855	-0.0532949	-0.0484399
1200	1118.52	0	4202.23	0.20729	0	0	0	0.20729	0	-0.214569	0	-89.2391	0	-0.0312562	0.0214569	-0.0527131	-0.0312562
1200	1110.1	0	-722.642	0.20729	0	0	0	0.20729	0	-0.0538711	0	62.7927	0	-0.0461711	0.00538711	-0.0515582	-0.0461711
1200	1104.78	0	-1098.53	0.20729	0	0	0	0.20729	0	-0.0549353	0	-2.56898	0	-0.0457254	0.00549353	-0.051219	-0.0457254
1200	1107.63	0	778.523	0.20729	0	0	0	0.20729	0	-0.0166232	0	34.3017	0	-0.04935	0.00166232	-0.0510123	-0.04935
1200	1109.54	0	1345.95	0.20729	0	0	0	0.20729	0	-0.0687702	0	19.2183	0	-0.0437194	0.00687702	-0.0505965	-0.0437194
1200	1122.62	0	-1026.71	0.20729	0	0	0	0.20729	0	0.220167	0	30.9498	0	-0.0726874	-0.0220167	-0.0506707	-0.0726874
1200	1106.33	0	-825.593	0.20729	0	0	0	0.20729	0	0.117469	0	24.2461	0	-0.063836	-0.0117469	-0.0520891	-0.063836
1200	1117.74	0	3826.34	0.20729	0	0	0	0.20729	0	0.0653221	0	-2.8084	0	-0.0593996	-0.00653221	-0.0528673	-0.0593996
1200	1115.03	0	2382.64	0.20729	0	0	0	0.20729	0	-0.240643	0	-119.885	0	-0.028689	0.0240643	-0.0527532	-0.028689
1200	1097.89	0	1178.35	0.20729	0	0	0	0.20729	0	0.0855424	0	35.9777	0	-0.0599849	-0.00855424	-0.0514307	-0.0599849
1200	1116.74	0	524.737	0.20729	0	0	0	0.20729	0	0.0951204	0	31.9075	0	-0.061622	-0.00951204	-0.05211	-0.061622
1200	1124.71	0	-986.004	0.20729	0	0	0	0.20729	0	-0.176257	0	-103.844	0	-0.0349688	0.0176257	-0.0525945	-0.0349688
1200	1119.69	0	3069.77	0.20729	0	0	0	0.20729	0	-0.127303	0	-65.5365	0	-0.0387732	0.0127303	-0.0515034	-0.0387732
1200	1127.45	0	2921.33	0.20729	0	0	0	0.20729	0	-0.10389	0	57.5255	0	-0.0402724	0.010389	-0.0506614	-0.0402724
1200	1144.04	0	1424.96	0.20729	0	0	0	0.20729	0	0.165891	0	114.747	0	-0.0671029	-0.0165891	-0.0505138	-0.0671029
1200	1149.68	0	819.224	0.20729	0	0	0	0.20729	0	0.0105145	0	-78.4652	0	-0.0524185	-0.00105145	-0.051367	-0.0524185
1200	1144	0	608.534	0.20729	0	0	0	0.20729	0	0.0770286	0	-64.5788	0	-0.059133	-0.00770286	-0.0514301	-0.059133
1200	1147.69	0	2291.66	0.20729	0	0	0	0.20729	0	-0.132624	0	118.099	0	-0.0384017	0.0132624	-0.051664	-0.0384017
1200	1134.78	0	1930.13	0.20729	0	0	0	0.20729	0	-0.0480178	0	-30.1023	0	-0.0461894	0.00480178	-0.0509912	-0.0461894
1200	1144.66	0	-760.949	0.20729	0	0	0	0.20729	0	-0.204459	0	-60.2692	0	-0.029574	0.0204459	-0.0500199	-0.029574
1200	1151.51	0	-1151.2	0.20729	0	0	0	0.20729	0	-0.0496142	0	34.3017	0	-0.0444638	0.00496142	-0.0494253	-0.0444638
1200	1145.45	0	-502.375	0.20729	0	0	0	0.20729	0	-0.230532	0	-9.991	0	-0.025712	0.0230532	-0.0487652	-0.025712
1200	1174.61	0	-332.387	0.20729	0	0	0	0.20729	0	-0.0565316	0	-10.7093	0	-0.0419938	0.00565316	-0.047647	-0.0419938
1200	1170.94	0	591.775	0.20729	0	0	0	0.20729	0	-0.225211	0	-33.2148	0	-0.024568	0.0225211	-0.0470891	-0.024568
1200	1145.1	0	2930.91	0.20729	0	0	0	0.20729	0	-0.426882	0	77.1579	0	-0.00254999	0.0426882	-0.0452382	-0.00254999
1200	1157.72	0	4705.01	0.20729	0	0	0	0.20729	0	0.000936519	0	-68.1701	0	-0.0432734	-9.36519e-05	-0.0431797	-0.0432734
1200	1133.13	0	7.5896	0.20729	0	0	0	0.20729	0	0.418113	0	230.147	0	-0.0859768	-0.0418113	-0.0441655	-0.0859768
1200	1145.53	0	-727.43	0.20729	0	0	0	0.20729	0	0.362773	0	-33.933	0	-0.0829978	-0.0362773	-0.0467205	-0.0829978
1200	1171.24	0	-138.457	0.20729	0	0	0	0.20729	0	0.294663	0	32.1469	0	-0.077851	-0.0294663	-0.0483847	-0.077851
1200	1162.24	0	-315.628	0.20729	0	0	0	0.20729	0	0.294663	0	-51.6501	0	-0.0797642	-0.0294663	-0.0502979	-0.0797642
1200	1172.74	0	4072.94	0.20729	0	0	0	0.20729	0	0.118001	0	-167.29	0	-0.0633792	-0.0118001	-0.051579	-0.0633792
1200	1167.14	0	1417.77	0.20729	0	0	0	0.20729	0	0.0211568	0	84.8194	0	-0.0542431	-0.00211568	-0.0521274	-0.0542431
1200	1192.81	0	2490.38	0.20729	0	0	0	0.20729	0	0.190369	0	88.1713	0	-0.071818	-0.0190369	-0.0527811	-0.071818
1200	1218.88	0	1049.07	0.20729	0	-0	0	0.20729	0	0.00625764	0	-69.846	0	-0.0541851	-0.000625764	-0.0535594	-0.0541851
1200	1176.65	0	-468.857	0.20729	0	0	0	0.20729	0	0.0158357	0	-100.971	0	-0.0551071	-0.00158357	-0.0535235	-0.0551071
1200	1183.97	0	1491.99	0.20729	0	0	0	0.20729	0	-0.0975043	0	-68.6489	0	-0.043619	0.00975043	-0.0533695	-0.043619
1200	1160.94	0	-1232.61	0.20729	0	0	0	0.20729	0	-0.506699	0	-82.0565	0	-0.00141377	0.0506699	-0.0520837	-0.00141377
1200	1146.07	0	-2254.93	0.20729	0	0	0	0.20729	0	-0.116128	0	172.447	0	-0.0379718	0.0116128	-0.0495846	-0.0379718
1200	1180.42	0	-521.529	0.20729	0	0	0	0.20729	0	0.216974	0	145.153	0	-0.0709109	-0.0216974	-0.0492135	-0.0709109
1200	1183.34	0	124.906	0.20729	0	0	0	0.20729	0	0.178662	0	-14.7794	0	-0.0686098	-0.0178662	-0.0507436	-0.0686098
1200	1176.95	0	2380.24	0.20729	0	0	0	0.20729	0	0.0674506	0	-87.0843	0	-0.0579844	-0.00674506	-0.0512393	-0.0579844
1200	1190.8	0	3910.14	0.20729	0	0	0	0.20729	0	-0.167211	0	-47.58	0	-0.0347361	0.0167211	-0.0514573	-0.0347361
1200	1194.95	0	5054.57	0.20729	0	0	0	0.20729	0	0.0147714	0	55.8496	0	-0.05207	-0.00147714	-0.0505929	-0.05207
1200	1213.35	0	1096.95	0.20729	0	-0	0	0.20729	0	-0.0826052	0	-29.6235	0	-0.0423811	0.00826052	-0.0506416	-0.0423811
1200	1210.35	0	1752.96	0.20729	0	-0	0	0.20729	0	0.132368	0	-29.6235	0	-0.0636893	-0.0132368	-0.0504525	-0.0636893
1200	1184.97	0	318.836	0.20729	0	0	0	0.20729	0	-0.204459	0	-57.6356	0	-0.0302995	0.0204459	-0.0507454	-0.0302995
1200	1179.44	0	-2058.61	0.20729	0	0	0	0.20729	0	-0.00278827	0	11.5568	0	-0.049275	0.000278827	-0.0495538	-0.049275
1200	1188.13	0	-215.071	0.20729	0	0	0	0.20729	0	0.237195	0	164.307	0	-0.0737466	-0.0237195	-0.0500271	-0.0737466
1200	1187.9	0	1386.65	0.20729	0	0	0	0.20729	0	-0.0368435	0	-120.364	0	-0.0475488	0.00368435	-0.0512332	-0.0475488
1200	1207.1	0	-195.918	0.20729	0	-0	0	0.20729	0	0.0291385	0	26.8797	0	-0.0537967	-0.00291385	-0.0508828	-0.0537967
1200	1181.73	0	-954.88	0.20729	0	0	0	0.20729	0	0.228681	0	9.40203	0	-0.074162	-0.0228681	-0.0512939	-0.074162
1200	1168.39	0	-339.57	0.20729	0	0	0	0.20729	0	0.14035	0	-31.5388	0	-0.0664424	-0.014035	-0.0524074	-0.0664424
1200	1179.11	0	4216.6	0.20729	0	0	0	0.20729	0	0.252094	0	-46.6223	0	-0.0790751	-0.0252094	-0.0538657	-0.0790751
1200	1185.74	0	1456.08	0.20729	0	0	0	0.20729	0	-0.0113021	0	-140.714	0	-0.0537117	0.00113021	-0.0548419	-0.0537117
1200	1193.72	0	-418.578	0.20729	0	0	0	0.20729	0	-0.0379077	0	44.8362	0	-0.0509306	0.00379077	-0.0547214	-0.0509306
1200	1226.14	0	14.7722	0.20729	0	-0	0	0.20729	0	-0.0799446	0	-68.8884	0	-0.0464612	0.00799446	-0.0544556	-0.0464612
1200	1199.51	0	2863.87	0.20729	0	0	0	0.20729	0	-0.0857978	0	-97.6188	0	-0.0451057	0.00857978	-0.0536854	-0.0451057
1200	1212.52	0	3785.64	0.20729	0	-0	0	0.20729	0	-0.0730271	0	53.4553	0	-0.0458296	0.00730271	-0.0531323	-0.0458296
1200	1207.25	0	3881.41	0.20729	0	-0	0	0.20729	0	-0.0464215	0	54.8919	0	-0.0478876	0.00464215	-0.0525298	-0.0478876
1200	1225.03	0	2148.01	0.20729	0	-0	0	0.20729	0	-0.125706	0	-38.0032	0	-0.0396135	0.0125706	-0.0521842	-0.0396135
1200	1232.71	0	376.297	0.20729	0	-0	0	0.20729	0	-0.0650454	0	-27.4687	0	-0.0446987	0.00650454	-0.0512033	-0.0446987
1200	1216.34	0	-1653.99	0.20729	0	-0	0	0.20729	0	0.0142393	0	101.818	0	-0.0525706	-0.00142393	-0.0511466	-0.0525706
1200	1190.07	0	-1469.63	0.20729	0	0	0	0.20729	0	-0.0708987	0	-49.7347	0	-0.0438836	0.00708987	-0.0509734	-0.0438836
1200	1208.35	0	-516.741	0.20729	0	-0	0	0.20729	0	0.192497	0	69.0177	0	-0.070315	-0.0192497	-0.0510653	-0.070315
1200	1201.59	0	342.778	0.20729	0	-0	0	0.20729	0	0.00519342	0	-108.393	0	-0.052738	-0.000519342	-0.0522187	-0.052738
1200	1234.97	0	-215.071	0.20729	0	-0	0	0.20729	0	0.352131	0	170.532	0	-0.0876146	-0.0352131	-0.0524015	-0.0876146
1200	1196.57	0	321.23	0.20729	0	0	0	0.20729	0	0.304773	0	-13.8217	0	-0.0847313	-0.0304773	-0.0542541	-0.0847313
1200	1220.89	0	3598.89	0.20729	0	-0	0	0.20729	0	0.326057	0	16.5846	0	-0.0885352	-0.0326057	-0.0559294	-0.0885352
1200	1218.63	0	5509.46	0.20729	0	-0	0	0.20729	0	0.199415	0	-100.252	0	-0.077848	-0.0199415	-0.0579065	-0.077848
1200	1234.38	0	-128.88	0.20729	0	-0	0	0.20729	0	0.119066	0	14.9087	0	-0.0706536	-0.0119066	-0.058747	-0.0706536
1200	1259.24	0	-1400.2	0.20729	0	-0	0	0.20729	0	0.235066	0	93.6779	0	-0.0833033	-0.0235066	-0.0597967	-0.0833033
1200	1231.02	0	-1144.02	0.20729	0	-0	0	0.20729	0	0.0302027	0	-105.28	0	-0.0639129	-0.00302027	-0.0608926	-0.0639129
1200	1223.47	0	998.789	0.20729	0	-0	0	0.20729	0	-0.485947	0	-182.134	0	-0.0113952	0.0485946	-0.0599899	-0.0113952
1200	1211.97	0	-1127.26	0.20729	0	-0	0	0.20729	0	-0.496589	0	-15.0188	0	-0.00761328	0.0496589	-0.0572722	-0.00761328
1200	1198.35	0	-1045.86	0.20729	0	0	0	0.20729	0	-0.228936	0	48.6669	0	-0.0318588	0.0228936	-0.0547524	-0.0318588
1200	1216.18	0	1154.41	0.20729	0	-0	0	0.20729	0	-0.198606	0	88.1713	0	-0.0334671	0.0198606	-0.0533277	-0.0334671
1200	1199.7	0	946.117	0.20729	0	0	0	0.20729	0	-0.0714308	0	-38.482	0	-0.0451334	0.00714308	-0.0522765	-0.0451334
1200	1223.68	0	2016.32	0.20729	0	-0	0	0.20729	0	0.00572553	0	129.352	0	-0.0524013	-0.000572553	-0.0518288	-0.0524013
1200	1224.58	0	-66.6306	0.20729	0	-0	0	0.20729	0	0.155781	0	-10.9487	0	-0.0677669	-0.0155781	-0.0521888	-0.0677669
1200	1207.02	0	311.653	0.20729	0	-0	0	0.20729	0	0.17813	0	-98.5765	0	-0.0712142	-0.017813	-0.0534012	-0.0712142
1200	1244.36	0	4527.84	0.20729	0	-0	0	0.20729	0	0.000936519	0	48.1881	0	-0.0539778	-9.36519e-05	-0.0538842	-0.0539778
1200	1244.13	0	1501.57	0.20729	0	-0	0	0.20729	0	0.0993773	0	78.355	0	-0.0636056	-0.00993774	-0.0536679	-0.0636056
1200	1255.93	0	1511.15	0.20729	0	-0	0	0.20729	0	0.145671	0	-48.5377	0	-0.069192	-0.0145671	-0.0546249	-0.069192
1200	1266.02	0	-737.007	0.20729	0	-0	0	0.20729	0	0.287213	0	109.24	0	-0.0842873	-0.0287213	-0.055566	-0.0842873
1200	1252.01	0	2945.28	0.20729	0	-0	0	0.20729	0	0.0184962	0	-212.54	0	-0.059158	-0.00184962	-0.0573084	-0.059158
1200	1238.22	0	2346.72	0.20729	0	-0	0	0.20729	0	-0.284808	0	-75.5921	0	-0.0284038	0.0284808	-0.0568846	-0.0284038
1200	1260.85	0	-3959.6	0.20729	0	-0	0	0.20729	0	-0.0214122	0	157.603	0	-0.0533107	0.00214122	-0.055452	-0.0533107
1200	1260.08	0	-1685.11	0.20729	0	-0	0	0.20729	0	-0.259799	0	-125.392	0	-0.0290371	0.0259799	-0.055017	-0.0290371
1200	1270.17	0	-962.062	0.20729	0	-0	0	0.20729	0	-0.167211	0	45.0756	0	-0.0367435	0.0167211	-0.0534646	-0.0367435
1200	1259.92	0	-713.065	0.20729	0	-0	0	0.20729	0	-0.208716	0	-7.5968	0	-0.0317222	0.0208716	-0.0525938	-0.0317222
1200	1283.59	0	-1067.41	0.20729	0	-0	0	0.20729	0	-0.232129	0	-7.11796	0	-0.0282691	0.0232129	-0.051482	-0.0282691
1200	1268.24	0	1293.28	0.20729	0	-0	0	0.20729	0	-0.208716	0	-41.5945	0	-0.0291139	0.0208716	-0.0499855	-0.0291139
1200	1250.08	0	-1139.23	0.20729	0	-0	0	0.20729	0	-0.21723	0	-9.03333	0	-0.0268713	0.021723	-0.0485943	-0.0268713
1200	1234.07	0	2540.66	0.20729	0	-0	0	0.20729	0	0.210057	0	352.252	0	-0.0686366	-0.0210057	-0.0476309	-0.0686366
1200	1217.78	0	-241.407	0.20729	0	-0	0	0.20729	0	0.302112	0	-147.658	0	-0.0797027	-0.0302112	-0.0494915	-0.0797027
1200	1233.61	0	340.384	0.20729	0	-0	0	0.20729	0	0.204736	0	2.93769	0	-0.0718256	-0.0204736	-0.0513521	-0.0718256
1200	1245.49	0	4453.62	0.20729	0	-0	0	0.20729	0	0.552737	0	136.055	0	-0.108603	-0.0552737	-0.0533292	-0.108603
1200	1275.13	0	1374.68	0.20729	0	-0	0	0.20729	0	0.492609	0	-62.6634	0	-0.105997	-0.0492609	-0.0567366	-0.105997
1200	1262.85	0	519.949	0.20729	0	-0	0	0.20729	0	0.392571	0	-36.0878	0	-0.0986556	-0.0392571	-0.0593985	-0.0986556
1200	1238.14	0	2076.18	0.20729	0	-0	0	0.20729	0	0.335635	0	-21.7226	0	-0.0952616	-0.0335635	-0.0616981	-0.0952616
1200	1261.2	0	3323.56	0.20729	0	-0	0	0.20729	0	-0.00385249	0	-166.093	0	-0.0629946	0.000385249	-0.0633798	-0.0629946
1200	1281.87	0	2715.43	0.20729	0	-0	0	0.20729	0	-0.101229	0	-62.1846	0	-0.0533072	0.0101229	-0.0634301	-0.0533072
1200	1262.22	0	907.809	0.20729	0	-0	0	0.20729	0	-0.596094	0	-32.7359	0	-0.00246151	0.0596094	-0.0620709	-0.00246151
1200	1251.78	0	-2111.28	0.20729	0	-0	0	0.20729	0	-0.0703666	0	47.4698	0	-0.0519733	0.00703666	-0.05901	-0.0519733
1200	1247.42	0	-2288.45	0.20729	0	-0	0	0.20729	0	-0.362496	0	96.7904	0	-0.022054	0.0362496	-0.0583036	-0.022054
1200	1256.98	0	-930.938	0.20729	0	-0	0	0.20729	0	0.115341	0	-49.9742	0	-0.0685551	-0.0115341	-0.057021	-0.0685551
1200	1269.68	0	-2183.1	0.20729	0	-0	0	0.20729	0	-0.132624	0	-47.3406	0	-0.0442032	0.0132624	-0.0574656	-0.0442032
1200	1263.18	0	-88.1784	0.20729	0	-0	0	0.20729	0	-0.0256691	0	65.9052	0	-0.0541253	0.00256691	-0.0566922	-0.0541253
1200	1256.52	0	-952.485	0.20729	0	-0	0	0.20729	0	0.022221	0	37.4142	0	-0.0588672	-0.0022221	-0.0566451	-0.0588672
1200	1226.16	0	2416.16	0.20729	0	-0	0	0.20729	0	-0.025137	0	-78.2258	0	-0.0543494	0.0025137	-0.0568631	-0.0543494
1200	1234.27	0	-2233.38	0.20729	0	-0	0	0.20729	0	-0.13422	0	52.0188	0	-0.0429949	0.013422	-0.0564169	-0.0429949
1200	1253.34	0	-751.372	0.20729	0	-0	0	0.20729	0	0.0184962	0	13.4722	0	-0.0578891	-0.00184962	-0.0560394	-0.0578891
1200	1267.22	0	4822.33	0.20729	0	-0	0	0.20729	0	0.113744	0	138.928	0	-0.0674833	-0.0113744	-0.0561089	-0.0674833
1200	1262.26	0	622.899	0.20729	0	-0	0	0.20729	0	0.230809	0	43.1603	0	-0.0801963	-0.0230809	-0.0571154	-0.0801963
1200	1252.46	0	-54.6596	0.20729	0	-0	0	0.20729	0	0.43248	0	9.40203	0	-0.102257	-0.043248	-0.0590095	-0.102257
1200	1259.06	0	3072.17	0.20729	0	-0	0	0.20729	0	0.149396	0	-196.499	0	-0.076263	-0.0149396	-0.0613234	-0.076263
1200	1287.72	0	6110.41	0.20729	0	-0	0	0.20729	0	-0.170936	0	-65.5365	0	-0.0443344	0.0170936	-0.061428	-0.0443344
1200	1273.83	0	1966.05	0.20729	0	-0	0	0.20729	0	-0.387506	0	-41.355	0	-0.0213853	0.0387506	-0.0601358	-0.0213853
1200	1270.02	0	-624.48	0.20729	0	-0	0	0.20729	0	-0.218826	0	121.93	0	-0.0357638	0.0218826	-0.0576464	-0.0357638
1200	1256.95	0	-899.813	0.20729	0	-0	0	0.20729	0	0.123855	0	49.864	0	-0.0692967	-0.0123855	-0.0569113	-0.0692967
1200	1262.22	0	-1802.43	0.20729	0	-0	0	0.20729	0	0.0711754	0	10.3597	0	-0.0650194	-0.00711754	-0.0579018	-0.0650194
1200	1287.75	0	-3001.92	0.20729	0	-0	0	0.20729	0	-0.0325866	0	35.4988	0	-0.0545738	0.00325866	-0.0578324	-0.0545738
1200	1274.46	0	-758.555	0.20729	0	-0	0	0.20729	0	0.228681	0	-76.3104	0	-0.0812648	-0.0228681	-0.0583968	-0.0812648
1200	1273.22	0	586.986	0.20729	0	-0	0	0.20729	0	-0.0325866	0	2.69827	0	-0.0560872	0.00325866	-0.0593458	-0.0560872
1200	1245.07	0	-198.312	0.20729	0	-0	0	0.20729	0	0.0892672	0	-3.52666	0	-0.0683277	-0.00892672	-0.0594009	-0.0683277
1200	1238.02	0	-1776.09	0.20729	0	-0	0	0.20729	0	0.104698	0	26.8797	0	-0.0702867	-0.0104698	-0.0598168	-0.0702867
1199.88	1265.59	-238.996	1709.87	0.202315	0	-0	0	0.202315	0	-0.12411	0	-122.997	0	-0.0478377	0.012411	-0.0602487	-0.0478377
1198.92	1265.18	-718.989	-1007.55	0.1922	0	-0	0	0.1922	0	-0.0400361	0	77.8762	0	-0.0555786	0.00400362	-0.0595822	-0.0555786
1197.01	1259.83	-1198.98	965.27	0.181919	0	-0	0	0.181919	0	0.144607	0	-48.0588	0	-0.0744029	-0.0144607	-0.0599422	-0.0744029
1194.13	1270.65	-1678.98	4204.62	0.171472	0	-0	0	0.171472	0	0.031799	0	-18.1313	0	-0.0634869	-0.0031799	-0.060307	-0.0634869
1190.29	1276.62	-2158.97	1539.88	0.160859	0	-0	0	0.160859	0	0.0610652	0	79.3127	0	-0.0665947	-0.00610652	-0.0604882	-0.0665947
1185.49	1276.8	-2638.96	213.491	0.15008	0	-0	0	0.15008	0	0.0866066	0	46.7516	0	-0.0698521	-0.00866066	-0.0611914	-0.0698521
1179.73	1264.55	-3118.96	618.111	0.139136	0	-0	0	0.139136	0	0.17068	0	7.24725	0	-0.0788574	-0.017068	-0.0617893	-0.0788574
1173.02	1260.85	-3598.95	2710.64	0.128026	0	-0	0	0.128026	0	0.184515	0	-78.4652	0	-0.0813767	-0.0184515	-0.0629251	-0.0813767
1165.34	1266.18	-4078.95	-73.8132	0.11675	0	-0	0	0.11675	0	-0.0905869	0	-246.299	0	-0.0543095	0.00905869	-0.0633682	-0.0543095
1156.7	1264.05	-4558.94	-2365.06	0.105308	0	-0	0	0.105308	0	0.0711754	0	4.37421	0	-0.070188	-0.00711754	-0.0630705	-0.070188
1147.1	1252.03	-5038.93	-5223.74	0.0937002	0	-0	0	0.0937002	0	0.0908635	0	-32.4965	0	-0.0726158	-0.00908635	-0.0635295	-0.0726158
1136.54	1252.07	-5518.93	41.1084	0.0819267	0	-0	0	0.0819267	0	0.13024	0	-12.6246	0	-0.0773109	-0.013024	-0.0642869	-0.0773109
1125.03	1228.53	-5998.92	-1498.36	0.0699873	0	-0	0	0.0699873	0	0.0413771	0	1.98	0	-0.0689714	-0.00413771	-0.0648337	-0.0689714
1112.55	1221.19	-6478.92	-2764.9	0.0578821	0	-0	0	0.0578821	0	0.0153036	0	170.292	0	-0.0665357	-0.00153036	-0.0650054	-0.0665357
1099.11	1210.41	-6958.91	-5053.75	0.0456111	0	-0	0	0.0456111	0	0.111084	0	-141.433	0	-0.0762439	-0.0111084	-0.0651355	-0.0762439
1084.71	1217.89	-7438.9	-2400.98	0.0331742	0	-0	0	0.0331742	0	0.0935241	0	-50.9319	0	-0.0752981	-0.00935241	-0.0659457	-0.0752981
1069.36	1186.35	-7918.9	-1345.13	0.0205716	0	-0	0	0.0205716	0	-0.210312	0	-113.421	0	-0.0453974	0.0210312	-0.0664286	-0.0453974
1053.04	1149.38	-8398.89	-2951.64	0.00780307	0	-0	0	0.00780307	0	-0.359304	0	-4.96318	0	-0.0290544	0.0359304	-0.0649847	-0.0290544
1035.76	1136.66	-8878.88	2215.04	-0.00513127	0	-0	0	-0.00513127	0	-0.212441	0	-117.97	0	-0.0417285	0.0212441	-0.0629726	-0.0417285
1017.79	1084.09	-9000	-468.857	-0.0107459	0	-0	0	-0.0107459	0	-0.447634	0	57.5255	0	-0.016537	0.0447634	-0.0613005	-0.016537
999.792	1059.81	-9000	-325.204	-0.0138552	0	-0	0	-0.0138552	0	-0.385909	0	-47.3406	0	-0.0199583	0.0385909	-0.0585492	-0.0199583
981.793	1018.6	-9000	-528.712	-0.0169645	0	-0	0	-0.0169645	0	0.088203	0	127.676	0	-0.0658714	-0.0088203	-0.0570511	-0.0658714
963.793	998.009	-9000	-5245.29	-0.0200738	0	-0	0	-0.0200738	0	0.743766	0	590.714	0	-0.132964	-0.0743766	-0.0585876	-0.132964
945.793	1005.12	-9000	-4199.02	-0.0231831	0	-0	0	-0.0231831	0	0.735252	0	-170.403	0	-0.137077	-0.0735252	-0.0635514	-0.137077
927.793	987.28	-9000	-7383.31	-0.0262924	0	-0	0	-0.0262924	0	0.322333	0	-221.638	0	-0.0988952	-0.0322333	-0.0666619	-0.0988952
909.793	1002.53	-9000	-2362.67	-0.0294017	0	-0	0	-0.0294017	0	0.239855	0	15.627	0	-0.0925048	-0.0239855	-0.0685193	-0.0925048
891.794	982.202	-9000	-8415.21	-0.032511	0	-0	0	-0.032511	0	-0.187431	0	-133.771	0	-0.0513462	0.0187431	-0.0700893	-0.0513462
873.794	1004.13	-9000	-11218.8	-0.0356203	0	-0	0	-0.0356203	0	-0.957398	0	-242.229	0	0.0284656	0.0957398	-0.0672742	0.0284656
855.794	1002.5	-9000	-4357.04	-0.0387296	0	-0	0	-0.0387296	0	-0.527451	0	47.4698	0	-0.00924443	0.0527451	-0.0619896	-0.00924443
837.794	985.637	-9000	-7026.58	-0.0418389	0	-0	0	-0.0418389	0	-0.754663	0	55.3707	0	0.0163972	0.0754663	-0.0590691	0.0163972
819.795	1011.75	-9000	-7787.93	-0.0449482	0	-0	0	-0.0449482	0	-1.47727	0	-377.501	0	0.0947777	0.147727	-0.0529496	0.0947777
801.795	997.093	-9000	-4706.59	-0.0480575	0	-0	0	-0.0480575	0	-1.37032	0	-92.3515	0	0.0929634	0.137032	-0.0440684	0.0929634
783.795	996.78	-9000	-4591.67	-0.0511668	0	-0	0	-0.0511668	0	-1.18089	0	40.2872	0	0.0821479	0.118089	-0.0359406	0.0821479
765.795	968.696	-9000	-2977.98	-0.0542761	0	-0	0	-0.0542761	0	-1.07606	0	138.45	0	0.0788943	0.107606	-0.0287117	0.0788943
747.796	925.274	-9000	-1163.18	-0.0573855	0	-0	0	-0.0573855	0	-1.30966	0	-181.416	0	0.108958	0.130966	-0.0220079	0.108958
729.796	883.758	-9000	-1292.46	-0.0604948	0	-0	0	-0.0604948	0	-1.25591	0	-27.2293	0	0.111497	0.125591	-0.0140941	0.111497
711.796	824.241	-9000	2023.51	-0.0636041	0	-0	0	-0.0636041	0	-1.25059	0	97.0298	0	0.118501	0.125059	-0.00655858	0.118501
693.796	784.516	-9000	-3296.41	-0.0667134	0	-0	0	-0.0667134	0	-1.23835	0	-85.4083	0	0.124498	0.123835	0.000662428	0.124498
675.797	776.787	-9000	-7342.61	-0.0698227	0	-0	0	-0.0698227	0	-0.656223	0	473.398	0	0.0733173	0.0656223	0.00769506	0.0733173
657.797	795.57	-9000	-22557.8	-0.072932	0	-0	0	-0.072932	0	0.589985	0	590.954	0	-0.049502	-0.0589985	0.0094965	-0.049502
639.797	823.163	-9000	-9727.23	-0.0760413	0	-0	0	-0.0760413	0	1.06676	0	117.141	0	-0.101685	-0.106676	0.0049908	-0.101685
621.797	822.14	-9000	-2096.91	-0.0791506	0	-0	0	-0.0791506	0	1.22852	0	-17.1736	0	-0.124441	-0.122852	-0.00158854	-0.124441
603.797	796.144	-9000	-3128.81	-0.0822599	0	-0	0	-0.0822599	0	1.24129	0	-96.9005	0	-0.133517	-0.124129	-0.00938748	-0.133517
585.798	767.047	-9000	-2724.19	-0.0853692	0	-0	0	-0.0853692	0	1.30355	0	205.966	0	-0.147115	-0.130355	-0.0167602	-0.147115
567.798	742.116	-9000	-3102.48	-0.0884785	0	-0	0	-0.0884785	0	1.57173	0	30.7104	0	-0.182066	-0.157173	-0.0248928	-0.182066
549.798	701.138	-9000	-3571.74	-0.0915878	0	-0	0	-0.0915878	0	1.24236	0	-136.884	0	-0.158316	-0.124236	-0.0340805	-0.158316
531.798	642.585	-9000	-2942.07	-0.0946971	0	-0	0	-0.0946971	0	0.974171	0	-124.673	0	-0.138458	-0.097417	-0.0410414	-0.138458
513.799	612.09	-9000	-4170.29	-0.0978064	0	-0	0	-0.0978064	0	1.01408	0	29.2739	0	-0.148242	-0.101408	-0.0468337	-0.148242
495.799	585.663	-9000	-7139.1	-0.100916	0	-0	0	-0.100916	0	1.24714	0	88.6501	0	-0.178041	-0.124714	-0.0533269	-0.178041
477.799	554.136	-9000	-5173.46	-0.104025	0	-0	0	-0.104025	0	1.30834	0	27.1191	0	-0.191841	-0.130834	-0.0610077	-0.191841
459.799	516.421	-9000	-5080.09	-0.107134	0	-0	0	-0.107134	0	1.19606	0	-14.7794	0	-0.18814	-0.119606	-0.0685336	-0.18814
441.799	494.197	-9000	-4567.73	-0.110244	0	-0	0	-0.110244	0	1.09868	0	-109.111	0	-0.185422	-0.109868	-0.0755536	-0.185422
423.8	457.77	-9000	-4318.73	-0.113353	0	-0	0	-0.113353	0	0.98162	0	-16.6948	0	-0.180199	-0.098162	-0.0820371	-0.180199
405.8	427.518	-9000	-5137.55	-0.116462	0	-0	0	-0.116462	0	0.95395	0	-28.6658	0	-0.183359	-0.095395	-0.0879636	-0.183359
387.8	394.665	-9000	-4701.81	-0.119572	0	-0	0	-0.119572	0	0.817197	0	62.7927	0	-0.174986	-0.0817197	-0.0932658	-0.174986
369.8	391.778	-9000	-7203.75	-0.122681	0	-0	0	-0.122681	0	0.958207	0	56.3284	0	-0.194159	-0.0958207	-0.0983382	-0.194159
351.801	377.426	-9000	-4500.69	-0.12579	0	-0	0	-0.12579	0	0.883711	0	-17.1736	0	-0.192502	-0.0883711	-0.104131	-0.192502
333.801	367.212	-9000	-4886.16	-0.128899	0	-0	0	-0.128899	0	0.807087	0	24.2461	0	-0.189902	-0.0807087	-0.109193	-0.189902
315.801	355.963	-9000	-2642.79	-0.132009	0	-0	0	-0.132009	0	0.711307	0	-127.786	0	-0.185138	-0.0711307	-0.114007	-0.185138
297.801	347.827	-9000	-3171.91	-0.135118	0	-0	0	-0.135118	0	0.563912	0	-132.814	0	-0.174519	-0.0563912	-0.118128	-0.174519
279.802	332.59	-9000	-4321.13	-0.138227	0	-0	0	-0.138227	0	0.448975	0	-8.79392	0	-0.166133	-0.0448975	-0.121235	-0.166133
261.802	310.303	-9000	-2381.82	-0.141337	0	-0	0	-0.141337	0	0.422902	0	19.9365	0	-0.166073	-0.0422902	-0.123782	-0.166073
243.802	285.907	-9000	-6267.61	-0.144446	0	-0	0	-0.144446	0	0.652774	0	178.672	0	-0.191731	-0.0652774	-0.126454	-0.191731
225.802	297.734	-9000	-5580.48	-0.147555	0	-0	0	-0.147555	0	0.81028	0	-55.7202	0	-0.211922	-0.081028	-0.130894	-0.211922
207.803	266.05	-9000	-4991.5	-0.150665	0	-0	0	-0.150665	0	0.770371	0	-49.0165	0	-0.21274	-0.0770371	-0.135703	-0.21274
189.803	262.898	-9000	-4579.7	-0.153774	0	-0	0	-0.153774	0	0.841142	0	171.729	0	-0.224452	-0.0841142	-0.140338	-0.224452
171.803	251.926	-9000	-7653.86	-0.156883	0	-0	0	-0.156883	0	0.220699	0	-284.606	0	-0.166692	-0.0220699	-0.144622	-0.166692
154.134	255.959	-8601.42	-6878.13	-0.151673	0	-0	0	-0.151673	0	0.16802	0	-25.0745	0	-0.162427	-0.016802	-0.145625	-0.162427
137.412	251.194	-8121.43	-3739.34	-0.144612	0	-0	0	-0.144612	0	0.217506	0	-32.4965	0	-0.168646	-0.0217506	-0.146895	-0.168646
121.649	234.906	-7641.43	-5080.09	-0.137385	0	-0	0	-0.137385	0	0.00253286	0	-46.8617	0	-0.148221	-0.000253286	-0.147967	-0.148221
106.846	227.106	-7161.44	-4871.79	-0.129992	0	-0	0	-0.129992	0	-0.039504	0	-15.9765	0	-0.14385	0.0039504	-0.1478	-0.14385
93.0036	212.28	-6681.45	-6179.03	-0.122434	0	-0	0	-0.122434	0	0.26114	0	89.8472	0	-0.174001	-0.026114	-0.147887	-0.174001
80.1209	209.67	-6201.45	-3617.23	-0.11471	0	-0	0	-0.11471	0	0.355323	0	21.8519	0	-0.185231	-0.0355324	-0.149699	-0.185231
68.1981	212.484	-5721.46	-4091.28	-0.106819	0	-0	0	-0.106819	0	0.302112	0	22.3307	0	-0.1819	-0.0302112	-0.151688	-0.1819
57.2353	194.398	-5241.47	-4136.77	-0.0987633	0	-0	0	-0.0987633	0	0.326057	0	-29.6235	0	-0.186231	-0.0326057	-0.153626	-0.186231
47.2325	196.018	-4761.47	-3310.77	-0.0905414	0	-0	0	-0.0905414	0	0.486755	0	98.9452	0	-0.204502	-0.0486755	-0.155826	-0.204502
38.1897	190.808	-4281.48	-3734.55	-0.0821537	0	-0	0	-0.0821537	0	0.417581	0	-61.2269	0	-0.200623	-0.0417581	-0.158865	-0.200623
30.1068	196.287	-3801.48	-5489.5	-0.0736002	0	-0	0	-0.0736002	0	0.42503	0	73.0878	0	-0.203768	-0.042503	-0.161265	-0.203768
22.984	199.721	-3321.49	-4574.91	-0.0648808	0	-0	0	-0.0648808	0	0.288277	0	-181.655	0	-0.192721	-0.0288277	-0.163893	-0.192721
16.821	196.491	-2841.5	-2733.77	-0.0559956	0	-0	0	-0.0559956	0	-0.205523	0	-156.995	0	-0.144386	0.0205523	-0.164938	-0.144386
11.6181	204.616	-2361.5	-1977.2	-0.0469446	0	-0	0	-0.0469446	0	-0.361432	0	-125.392	0	-0.127389	0.0361432	-0.163533	-0.127389
7.37516	221.435	-1881.51	-2068.18	-0.0377277	0	-0	0	-0.0377277	0	-0.592901	0	-24.8351	0	-0.101638	0.0592901	-0.160928	-0.101638
4.09218	233.721	-1401.52	-3801.59	-0.0283451	0	-0	0	-0.0283451	0	-0.864811	0	-95.2246	0	-0.0703901	0.0864811	-0.156871	-0.0703901
1.76917	257.639	-921.521	-3686.66	-0.0187966	0	-0	0	-0.0187966	0	-0.855233	0	-21.962	0	-0.0660824	0.0855233	-0.151606	-0.0660824
0.406138	281.082	-441.527	-2836.72	-0.00908225	0	-0	0	-0.00908225	0	-0.932921	0	-83.0142	0	-0.0533833	0.0932921	-0.146675	-0.0533833
0	298.154	0	-3337.11	0	0	-0	0	0	0	-1.16705	0	-48.2982	0	-0.023886	0.116705	-0.140591	-0.023886
0	320.412	0	-988.398	0	0	-0	0	0	0	-1.19578	0	-19.8072	0	-0.0140342	0.119578	-0.133613	-0.0140342
0	337.473	0	-3200.64	0	0	-0	0	0	0	-1.43364	0	-103.604	0	0.0174527	0.143364	-0.125911	0.0174527
0	348.428	0	-2623.64	0	0	-0	0	0	0	-1.5092	0	-19.089	0	0.0338181	0.15092	-0.117102	0.0338181
0	364.81	0	-3248.52	0	0	-0	0	0	0	-1.70927	0	-100.731	0	0.0631362	0.170927	-0.107791	0.0631362
0	378.326	0	-3918.9	0	0	-0	0	0	0	-1.81357	0	-83.0142	0	0.0838914	0.181357	-0.0974653	0.0838914
0	396.655	0	-3370.63	0	0	-0	0	0	0	-1.89126	0	43.6391	0	0.102741	0.189126	-0.0863844	0.102741
0	425.476	0	-4574.91	0	0	-0	0	0	0	-1.76621	0	23.7672	0	0.10142	0.176621	-0.0752012	0.10142
0	440.248	0	-6210.15	0	0	-0	0	0	0	-1.70129	0	38.8507	0	0.105591	0.170129	-0.0645385	0.105591
0	457.332	0	-3159.94	0	0	-0	0	0	0	-1.65766	0	-30.1023	0	0.111212	0.165766	-0.0545543	0.111212
0	466.867	0	-1565.4	0	0	-0	0	0	0	-1.63691	0	-9.991	0	0.118951	0.163691	-0.0447392	0.118951
0	465.276	0	-4582.1	0	0	-0	0	0	0	-1.65287	0	35.9777	0	0.130468	0.165287	-0.0348188	0.130468
0	479.139	0	-3564.56	0	0	-0	0	0	0	-1.47674	0	68.7782	0	0.122667	0.147674	-0.025007	0.122667
0	504.088	0	-3873.41	0	0	-0	0	0	0	-1.35276	0	63.2716	0	0.118962	0.135276	-0.0163141	0.118962
0	492.666	0	-2623.64	0	0	-0	0	0	0	-1.22239	0	38.8507	0	0.113821	0.122239	-0.00841787	0.113821
0	487.997	0	-3078.54	0	0	-0	0	0	0	-0.940371	0	147.547	0	0.0923916	0.0940371	-0.00164544	0.0923916
0	506.352	0	-976.427	0	0	-0	0	0	0	-0.915894	0	-1.85072	0	0.0954616	0.0915894	0.00387227	0.0954616
0	488.578	0	-602.932	0	0	-0	0	0	0	-0.631745	0	110.677	0	0.072365	0.0631745	0.00919044	0.072365
0	489.968	0	-4735.32	0	0	-0	0	0	0	-0.186367	0	169.574	0	0.0309248	0.0186367	0.0122881	0.0309248
0	490.015	0	-631.662	0	0	-0	0	0	0	-0.0357793	0	101.1	0	0.01655	0.00357793	0.0129721	0.01655
0	486.073	0	-2762.5	0	0	-0	0	0	0	0.0711754	0	15.3875	0	0.00590481	-0.00711754	0.0130224	0.00590481
0	475.811	0	-2463.23	0	0	-0	0	0	0	0.158974	0	2.69827	0	-0.00355432	-0.0158974	0.0123431	-0.00355432
0	469.821	0	-2676.31	0	0	-0	0	0	0	0.170148	0	-0.893042	0	-0.00555377	-0.0170148	0.0114611	-0.00555377
0	460.34	0	-4850.25	0	0	-0	0	0	0	0.53571	0	156.167	0	-0.0439481	-0.053571	0.00962285	-0.0439481
0	446.824	0	-2233.38	0	0	-0	0	0	0	0.281892	0	-95.464	0	-0.0215284	-0.0281892	0.00666082	-0.0215284
0	448.672	0	-1934.11	0	0	-0	0	0	0	0.0711754	0	-77.5075	0	-0.00162288	-0.00711754	0.00549466	-0.00162288
0	464.017	0	-2350.7	0	0	-0	0	0	0	0.0200926	0	-14.7794	0	0.00295778	-0.00200926	0.00496704	0.00295778
0	452.213	0	-1486.39	0	0	-0	0	0	0	-0.0932474	0	-13.5823	0	0.0145863	0.00932474	0.00526153	0.0145863
0	436.452	0	-1768.91	0	0	-0	0	0	0	0.102038	0	146.35	0	-0.00456157	-0.0102038	0.00564222	-0.00456157
0	435.549	0	-1709.05	0	0	-0	0	0	0	0.201543	0	-112.942	0	-0.015434	-0.0201543	0.00472031	-0.015434
0	434.785	0	-2580.54	0	0	-0	0	0	0	0.0525514	0	22.5701	0	-0.00148229	-0.00525514	0.00377285	-0.00148229
0	424.323	0	-2597.3	0	0	-0	0	0	0	0.101506	0	5.5713	0	-0.00684789	-0.0101506	0.0033027	-0.00684789
0	411.17	0	-3583.71	0	0	-0	0	0	0	0.143011	0	50.5823	0	-0.0116904	-0.0143011	0.00261065	-0.0116904
0	424.508	0	-1991.57	0	0	-0	0	0	0	0.361709	0	67.1023	0	-0.0346913	-0.0361709	0.00147961	-0.0346913
0	409.42	0	-3993.12	0	0	-0	0	0	0	0.309562	0	-29.1446	0	-0.0316692	-0.0309562	-0.000712988	-0.0316692
0	388.18	0	-2951.64	0	0	-0	0	0	0	0.360113	0	37.6536	0	-0.0386247	-0.0360113	-0.00261346	-0.0386247
0	390.303	0	-2104.1	0	0	-0	0	0	0	0.253158	0	-48.0588	0	-0.030074	-0.0253158	-0.00475817	-0.030074
0	402.39	0	-1699.48	0	0	-0	0	0	0	0.184515	0	-58.8327	0	-0.0247079	-0.0184515	-0.00625637	-0.0247079
0	399.531	0	-1589.34	0	0	-0	0	0	0	0.0488267	0	-88.042	0	-0.0119763	-0.00488267	-0.00709368	-0.0119763
0	390.992	0	-1194.3	0	0	-0	0	0	0	0.0419092	0	98.4663	0	-0.011477	-0.00419092	-0.00728607	-0.011477
0	377.307	0	-2223.81	0	0	-0	0	0	0	0.143011	0	-8.31506	0	-0.0219455	-0.0143011	-0.00764448	-0.0219455
0	388.576	0	-2108.88	0	0	-0	0	0	0	0.161635	0	-38.9608	0	-0.0247873	-0.0161635	-0.00862386	-0.0247873
0	391.228	0	-1555.82	0	0	-0	0	0	0	0.189304	0	44.118	0	-0.0287572	-0.0189304	-0.00982674	-0.0287572
0	378.096	0	-1390.62	0	0	-0	0	0	0	0.0254137	0	-113.66	0	-0.0132645	-0.00254137	-0.0107231	-0.0132645
0	371.556	0	-672.364	0	0	-0	0	0	0	-0.16934	0	55.3707	0	0.00653566	0.016934	-0.0103983	0.00653566
0	366.776	0	-514.346	0	0	-0	0	0	0	-0.127303	0	-120.364	0	0.00338313	0.0127303	-0.00934713	0.00338313
0	359.937	0	-3526.25	0	0	-0	0	0	0	-0.135284	0	52.0188	0	0.0049515	0.0135284	-0.00857693	0.0049515
0	348.482	0	-5056.15	0	0	-0	0	0	0	0.0307348	0	45.0756	0	-0.0111835	-0.00307348	-0.00811004	-0.0111835
0	348.053	0	-3562.17	0	0	-0	0	0	0	0.18824	0	85.2982	0	-0.0274521	-0.018824	-0.00862808	-0.0274521
0	359.764	0	-1460.06	0	0	-0	-0	0	0	0.17813	0	67.5811	0	-0.027537	-0.017813	-0.009724	-0.027537
