0	0.357518	0	-162.638	0	-0.000357518	-0.000357518	0	-0.000357518	0	-0.0175065	0	-14.698	0	0.00175065	0.00175065	0	0.00175065
0.48	0.678729	480	4.95599	0.0166661	-0.000198729	-0.000198729	-0	0.0164674	0	-0.00580003	0	22.1727	0	0.000614803	0.000580003	3.48002e-05	0.000614803
1.92	0.4498	960	-299.108	0.033498	0.0014702	0.0014702	-0	0.0349682	0	0.0165487	0	24.3275	0	-0.00155813	-0.00165487	9.67381e-05	-0.00155813
4.32	-0.10205	1440	-64.4758	0.0504958	0.00442205	0.00442205	0	0.0549178	0	0.00697067	0	-35.0487	0	-0.000629383	-0.000697067	6.76847e-05	-0.000629383
7.68	-0.251456	1920	495.767	0.0676594	0.00793146	0.00793146	0	0.0755908	0	-0.0143138	0	-0.572214	0	0.00146842	0.00143138	3.7035e-05	0.00146842
12	-0.205226	2400	-382.905	0.0849888	0.0122052	0.0122052	0	0.097194	0	-0.0121854	0	29.8341	0	0.00125046	0.00121854	3.19268e-05	0.00125046
17.28	1.96891	2880	-90.8121	0.102484	0.0153111	0.0153111	0	0.117795	0	0.00856701	0	-6.55772	0	-0.000793167	-0.000856701	6.35343e-05	-0.000793167
23.52	13.0657	3360	3675.27	0.120145	0.0104543	0.0104543	0	0.130599	0	0.129357	0	189.527	0	-0.0129203	-0.0129357	1.53249e-05	-0.0129203
30.72	20.1537	3840	2992.92	0.137972	0.0105663	0.0105663	0	0.148538	0	0.0777417	0	-130.577	0	-0.00860203	-0.00777417	-0.000827861	-0.00860203
38.88	23.6371	4320	3383.17	0.155965	0.0152429	0.0152429	0	0.171208	0	-0.104241	0	-49.8928	0	0.0094251	0.0104241	-0.000998988	0.0094251
48	32.4261	4800	3574.71	0.174123	0.0155739	0.0155739	0	0.189697	0	-0.0228276	0	79.873	0	0.00177034	0.00228276	-0.000512424	0.00177034
58.08	40.4404	5280	4403.1	0.192448	0.0176396	0.0176396	0	0.210087	0	0.0756132	0	51.6214	0	-0.00806129	-0.00756132	-0.000499973	-0.00806129
69.12	53.4532	5760	6732.66	0.210938	0.0156668	0.0156668	0	0.226605	0	0.151705	0	54.255	0	-0.0161497	-0.0151705	-0.000979194	-0.0161497
81.12	71.0613	6240	6064.68	0.229594	0.0100587	0.0100587	0	0.239653	0	0.174586	0	-15.4163	0	-0.0194231	-0.0174586	-0.00196445	-0.0194231
94.08	84.601	6720	6347.2	0.248416	0.00947898	0.00947898	0	0.257895	0	0.183632	0	12.8353	0	-0.0214486	-0.0183632	-0.0030854	-0.0214486
108	103.88	7200	6543.52	0.267404	0.00412006	0.00412006	0	0.271524	0	0.218219	0	14.7507	0	-0.026156	-0.0218219	-0.00433406	-0.026156
122.88	118.769	7680	5830.05	0.286557	0.00411124	0.00411124	0	0.290669	0	0.196403	0	1.34316	0	-0.0252166	-0.0196403	-0.00557633	-0.0252166
138.72	139.538	8160	8595.35	0.305877	-0.000818451	-0.000818451	0	0.305058	0	0.0527324	0	-21.4018	0	-0.0117358	-0.00527324	-0.00646261	-0.0117358
147	149.031	8400	8662.39	0.315599	-0.00203078	-0.00203078	0	0.313568	0	0.0170808	0	-7.99424	0	-0.00832889	-0.00170808	-0.00662081	-0.00832889
164.28	169.763	8880	8815.62	0.335167	-0.00548329	-0.00548329	0	0.329683	0	-0.0164423	0	-16.1345	0	-0.00496094	0.00164423	-0.00660517	-0.00496094
182.25	195.062	9000	10053.4	0.342417	-0.0128125	-0.0128125	0	0.329604	0	0.126164	0	77.9576	0	-0.0191229	-0.0126164	-0.00650651	-0.0191229
200.25	213.221	9000	10142	0.345526	-0.012971	-0.012971	0	0.332555	0	0.286862	0	91.6045	0	-0.0363679	-0.0286862	-0.00768174	-0.0363679
218.25	245.473	9000	9342.34	0.348635	-0.0272235	-0.0272235	0	0.321412	0	0.208109	0	-73.1165	0	-0.0302585	-0.0208109	-0.00944761	-0.0302585
236.25	264.961	9000	9287.28	0.351745	-0.028711	-0.028711	0	0.323034	0	-0.0515617	0	-66.6522	0	-0.00521923	0.00515617	-0.0103754	-0.00521923
254.25	281.371	9000	10819.6	0.354854	-0.0271214	-0.0271214	0	0.327733	0	-0.243122	0	-118.846	0	0.0147363	0.0243122	-0.00957595	0.0147363
272.25	303.597	9000	9339.95	0.357963	-0.0313477	-0.0313477	0	0.326616	0	-0.272921	0	-13.5009	0	0.0192499	0.0272921	-0.00804219	0.0192499
290.25	315.838	9000	9976.81	0.361073	-0.0255887	-0.0255887	-0	0.335484	0	-0.312829	0	-7.75483	0	0.0250554	0.0312829	-0.00622747	0.0250554
308.25	335.763	9000	7982.44	0.364182	-0.0275137	-0.0275137	-0	0.336668	0	-0.0616718	0	139.01	0	0.00125478	0.00616719	-0.00491241	0.00125478
326.25	363.11	9000	10271.3	0.367291	-0.0368602	-0.0368602	-0	0.330431	0	0.0522002	0	48.5089	0	-0.00997951	-0.00522002	-0.00475948	-0.00997951
344.25	390.354	9000	8478.04	0.370401	-0.0461039	-0.0461039	-0	0.324297	0	0.103283	0	-32.6545	0	-0.0153451	-0.0103283	-0.00501681	-0.0153451
362.25	399.337	9000	9811.61	0.37351	-0.0370876	-0.0370876	-0	0.336422	0	0.0516681	0	-62.582	0	-0.0108097	-0.00516681	-0.00564289	-0.0108097
380.25	411.096	9000	10989.6	0.376619	-0.0308464	-0.0308464	-0	0.345773	0	-0.346884	0	-103.283	0	0.0292767	0.0346884	-0.00541174	0.0292767
398.25	433.928	9000	8027.93	0.379729	-0.0356787	-0.0356787	-0	0.34405	0	-0.333581	0	-8.7125	0	0.0302209	0.0333581	-0.00313728	0.0302209
416.25	468.516	9000	7043.91	0.382838	-0.0522668	-0.0522668	-0	0.330571	0	-0.342627	0	-26.1902	0	0.0329976	0.0342627	-0.0012651	0.0329976
434.25	488.87	9000	8363.11	0.385947	-0.0546207	-0.0546207	-0	0.331327	0	-0.352205	0	22.891	0	0.0361996	0.0352205	0.000979035	0.0361996
452.25	505.512	9000	8614.51	0.389057	-0.0532623	-0.0532623	-0	0.335795	0	-0.319746	0	-27.1479	0	0.0351803	0.0319746	0.00320561	0.0351803
470.25	529.23	9000	7685.56	0.392166	-0.0589801	-0.0589801	-0	0.333186	0	-0.062204	0	110.279	0	0.0107778	0.0062204	0.00455739	0.0107778
488.25	562.139	9000	6294.52	0.395275	-0.0738896	-0.0738896	-0	0.321386	0	-0.0643324	0	33.4254	0	0.0112537	0.00643324	0.00482046	0.0112537
506.25	609.246	9000	5636.12	0.398385	-0.102996	-0.102996	-0	0.295388	0	0.0197414	0	70.5356	0	0.00305832	-0.00197414	0.00503246	0.00305832
524.25	644.232	9000	5140.52	0.401494	-0.119983	-0.119983	-0	0.281512	0	-0.0206992	0	-27.8661	0	0.00707013	0.00206992	0.00500021	0.00707013
542.25	657.327	9000	8988	0.404604	-0.115077	-0.115077	-0	0.289526	0	0.569414	0	176.359	0	-0.0524794	-0.0569414	0.00446193	-0.0524794
560.25	629.298	9000	9462.05	0.407713	-0.0690477	-0.0690477	-0	0.338665	0	0.549726	0	112.195	0	-0.0537036	-0.0549726	0.00126893	-0.0537036
578.25	655.836	9000	6651.26	0.410822	-0.0775863	-0.0775863	-0	0.333236	0	0.542808	0	73.4086	0	-0.0565257	-0.0542808	-0.00224493	-0.0565257
596.25	670.623	9000	7936.95	0.413932	-0.0743729	-0.0743729	-0	0.339559	0	0.349119	0	-80.5386	0	-0.0401375	-0.0349119	-0.00522561	-0.0401375
623.25	747.768	9000	3206	0.418596	-0.124518	-0.124518	-0	0.294078	0	0.139467	0	168.937	0	-0.0216615	-0.0139467	-0.00771478	-0.0216615
641.25	737.364	9000	11159.5	0.421705	-0.0961137	-0.0961137	-0	0.325591	0	-0.815143	0	-457.865	0	0.0742638	0.0815143	-0.00725057	0.0742638
659.25	751.691	9000	4278.61	0.424814	-0.092441	-0.092441	-0	0.332373	0	-1.02267	0	62.1559	0	0.100456	0.102267	-0.00181057	0.100456
677.25	773.239	9000	5099.82	0.427924	-0.0959891	-0.0959891	-0	0.331935	0	-0.961474	0	14.0324	0	0.100256	0.0961474	0.00410834	0.100256
695.25	785.972	9000	7273.75	0.431033	-0.0907217	-0.0907217	-0	0.340311	0	-0.776299	0	-114.776	0	0.0873491	0.0776299	0.00971914	0.0873491
713.25	800.636	9000	8897.02	0.434142	-0.0873855	-0.0873855	-0	0.346757	0	0.113925	0	572.839	0	0.00170734	-0.0113925	0.0130999	0.00170734
731.25	816.826	9000	9210.66	0.437252	-0.0855756	-0.0855756	-0	0.351676	0	0.296972	0	-78.1444	0	-0.0183105	-0.0296972	0.0113867	-0.0183105
749.25	854.733	9000	4934.62	0.440361	-0.105483	-0.105483	-0	0.334878	0	-0.287288	0	-49.8927	0	0.0395133	0.0287288	0.0107845	0.0395133
767.25	861.492	9000	8791.68	0.44347	-0.0942415	-0.0942415	-0	0.349229	0	0.255467	0	135.658	0	-0.0136578	-0.0255467	0.0118889	-0.0136578
785.25	864.811	9000	10237.8	0.44658	-0.0795611	-0.0795611	-0	0.367019	0	0.428936	0	-10.8673	0	-0.0331888	-0.0428936	0.00970478	-0.0331888
803.25	854.11	9000	11406.1	0.449689	-0.0508599	-0.0508599	-0	0.398829	0	0.8078	0	292.717	0	-0.0735196	-0.08078	0.00726046	-0.0735196
821.25	859.004	9000	9751.75	0.452798	-0.0377533	-0.0377533	-0	0.415045	0	1.2734	0	119.138	0	-0.125902	-0.12734	0.0014383	-0.125902
839.25	852.523	9000	10707	0.455908	-0.0132728	-0.0132728	-0	0.442635	0	1.20103	0	-113.818	0	-0.12657	-0.120103	-0.00646708	-0.12657
857.25	883.701	9000	11782	0.459017	-0.0264508	-0.0264508	-0	0.432566	0	0.552386	0	-246.696	0	-0.0678423	-0.0552386	-0.0126037	-0.0678423
875.25	914.867	9000	8576.2	0.462127	-0.039617	-0.039617	-0	0.42251	0	0.26877	0	39.4109	0	-0.0422092	-0.026877	-0.0153322	-0.0422092
893.251	943.435	9000	8523.53	0.465236	-0.0501844	-0.0501844	-0	0.415051	0	0.273027	0	-121.001	0	-0.0444103	-0.0273027	-0.0171076	-0.0444103
911.251	965.934	9000	10908.2	0.468345	-0.0546837	-0.0546837	-0	0.413662	0	-0.4416	0	-335.042	0	0.0262826	0.04416	-0.0178774	0.0262826
929.251	972.334	9000	9651.2	0.471455	-0.043083	-0.043083	-0	0.428372	0	-0.766189	0	-55.6388	0	0.0616721	0.0766189	-0.0149468	0.0616721
947.251	1026.39	9000	4407.89	0.474564	-0.0791377	-0.0791377	-0	0.395426	0	-1.29883	0	-155.238	0	0.120354	0.129883	-0.00952918	0.120354
965.251	1090.35	9000	3845.26	0.477673	-0.125096	-0.125096	-0	0.352577	0	-1.17432	0	-5.60005	0	0.116009	0.117432	-0.00142329	0.116009
983.251	1161.94	9000	2657.73	0.480783	-0.17869	-0.17869	-0	0.302093	0	-0.732666	0	65.7472	0	0.07838	0.0732666	0.00511339	0.07838
1001.25	1196.04	9000	4032	0.483892	-0.194789	-0.194789	-0	0.289103	0	-0.948704	0	-311.1	0	0.102359	0.0948704	0.00748842	0.102359
1019.25	1195.51	9000	6943.35	0.487001	-0.176261	-0.176261	-0	0.310741	0	-1.50636	0	207.963	0	0.165606	0.150636	0.0149701	0.165606
1037.2	1202.52	8839.98	4489.3	0.484573	-0.165325	-0.165325	-0	0.319248	0	-0.959878	0	-11.5855	0	0.11933	0.0959878	0.0233426	0.11933
1054.4	1188.77	8359.98	8430.15	0.470961	-0.134371	-0.134371	-0	0.33659	0	0.128292	0	540.996	0	0.0143969	-0.0128292	0.0272262	0.0143969
1070.64	1210.34	7879.98	5418.25	0.457183	-0.139702	-0.139702	-0	0.317481	0	-1.2105	0	283.859	0	0.147526	0.12105	0.0264756	0.147526
1085.92	1224.79	7399.98	8976.03	0.443239	-0.138872	-0.138872	-0	0.304368	0	-0.888575	0	-275.905	0	0.12547	0.0888575	0.036612	0.12547
1100.24	1187.43	6919.98	13400.5	0.42913	-0.087189	-0.087189	-0	0.341941	0	2.10456	0	568.29	0	-0.173761	-0.210456	0.0366947	-0.173761
1113.6	1140.88	6439.98	8930.54	0.414854	-0.0272781	-0.0272781	-0	0.387576	0	2.86761	0	549.855	0	-0.26482	-0.286761	0.021941	-0.26482
1126	1132.85	5959.98	11059	0.400413	-0.00685254	-0.00685254	-0	0.393561	0	2.75906	0	7.56807	0	-0.271	-0.275906	0.00490619	-0.271
1137.44	1140.35	5479.97	7860.33	0.385806	-0.0029115	-0.0029115	-0	0.382895	0	2.87612	0	-361.618	0	-0.3015	-0.287612	-0.0138878	-0.3015
1147.92	1164.25	4999.97	-1058.07	0.371033	-0.0163313	-0.0163313	-0	0.354702	0	1.14942	0	-113.339	0	-0.142336	-0.114942	-0.0273948	-0.142336
1157.44	1206.48	4519.97	7805.27	0.356095	-0.0490436	-0.0490436	-0	0.307051	0	1.23243	0	-323.55	0	-0.157874	-0.123243	-0.0346313	-0.157874
1166	1156.22	4039.97	10386.2	0.34099	0.00977893	0.00977893	-0	0.350769	0	-0.463949	0	-538.549	0	0.00676996	0.0463949	-0.0396249	0.00676996
1173.6	1165.25	3559.97	2863.63	0.32572	0.00834412	0.00834412	-0	0.334064	0	-1.32863	0	-256.512	0	0.0979807	0.132863	-0.0348825	0.0979807
1180.24	1203.71	3079.97	3395.15	0.310283	-0.0234717	-0.0234717	-0	0.286812	0	-0.3836	0	439.243	0	0.0103111	0.03836	-0.0280489	0.0103111
1185.92	1229.25	2599.97	1096.71	0.294681	-0.0433369	-0.0433369	-0	0.251345	0	-0.314425	0	-57.7936	0	0.00518277	0.0314425	-0.0262598	0.00518277
1190.64	1257.27	2119.97	3328.11	0.278914	-0.0666375	-0.0666375	-0	0.212276	0	-0.956153	0	-245.02	0	0.0722494	0.0956153	-0.0233659	0.0722494
1194.4	1230.33	1639.97	3885.96	0.26298	-0.0359335	-0.0359335	-0	0.227046	0	-1.15303	0	-186.362	0	0.0982891	0.115303	-0.0170144	0.0982891
1197.2	1165.35	1159.97	4948.98	0.24688	0.0318463	0.0318463	-0	0.278727	0	-0.175544	0	451.932	0	0.00642217	0.0175544	-0.0111322	0.00642217
1199.04	1183.26	679.965	4937.01	0.230615	0.0157733	0.0157733	-0	0.246388	0	0.815782	0	386.091	0	-0.0938218	-0.0815782	-0.0122436	-0.0938218
1199.92	1176.48	199.964	3914.69	0.214184	0.0234353	0.0234353	-0	0.237619	0	0.776938	0	148.347	0	-0.0949406	-0.0776938	-0.0172468	-0.0949406
1200	1206.35	0	7051.09	0.20729	-0.00635388	-0.00635388	-0	0.200936	0	0.892406	0	-79.5809	0	-0.111306	-0.0892406	-0.0220649	-0.111306
1200	1207.52	0	-576.835	0.20729	-0.00751624	-0.00751624	-0	0.199773	0	1.126	0	145.953	0	-0.140553	-0.1126	-0.0279525	-0.140553
1200	1198.3	0	4070.31	0.20729	0.00170337	0.00170337	-0	0.208993	0	0.732772	0	-200.967	0	-0.10784	-0.0732772	-0.0345633	-0.10784
1200	1207.2	0	2221.99	0.20729	-0.00720154	-0.00720154	-0	0.200088	0	0.290587	0	-139.197	0	-0.0674886	-0.0290587	-0.0384299	-0.0674886
1200	1175.43	0	1889.19	0.20729	0.024573	0.024573	-0	0.231863	0	-0.0191028	0	-133.69	0	-0.0375193	0.00191028	-0.0394295	-0.0375193
1200	1187.7	0	423.941	0.20729	0.0123031	0.0123031	-0	0.219593	0	-0.416591	0	-160.026	0	0.00306571	0.0416591	-0.0385934	0.00306571
1200	1205.11	0	615.477	0.20729	-0.00511292	-0.00511292	-0	0.202177	0	-0.501197	0	68.8596	0	0.0141583	0.0501197	-0.0359613	0.0141583
1200	1202.76	0	1125.44	0.20729	-0.00275879	-0.00275879	-0	0.204531	0	-0.227159	0	-58.2725	0	-0.0111195	0.0227159	-0.0338353	-0.0111195
1200	1183.18	0	744.764	0.20729	0.0168217	0.0168217	-0	0.224111	0	-0.0866811	0	203.414	0	-0.0237516	0.00866811	-0.0324197	-0.0237516
1200	1178.92	0	1142.2	0.20729	0.0210848	0.0210848	-0	0.228375	0	0.193742	0	6.61039	0	-0.0517591	-0.0193742	-0.0323849	-0.0517591
1200	1186.95	0	2279.45	0.20729	0.013053	0.013053	-0	0.220343	0	0.365615	0	141.404	0	-0.0706436	-0.0365615	-0.0340821	-0.0706436
1200	1211.2	0	2279.45	0.20729	-0.0111978	-0.0111978	-0	0.196092	0	0.156494	0	-120.043	0	-0.0514942	-0.0156494	-0.0358448	-0.0514942
1200	1203.72	0	826.167	0.20729	-0.00371729	-0.00371729	-0	0.203572	0	0.166604	0	4.21619	0	-0.0539678	-0.0166604	-0.0373074	-0.0539678
1200	1194.05	0	1534.85	0.20729	0.0059458	0.0059458	-0	0.213235	0	0.0373011	0	-98.7345	0	-0.0418887	-0.00373011	-0.0381585	-0.0418887
1200	1195.77	0	1597.1	0.20729	0.00423267	0.00423267	-0	0.211522	0	0.212898	0	154.572	0	-0.0597775	-0.0212898	-0.0384877	-0.0597775
1200	1210.92	0	969.819	0.20729	-0.0109181	-0.0109181	-0	0.196372	0	0.0681636	0	-103.044	0	-0.0463101	-0.00681636	-0.0394937	-0.0463101
1200	1216.56	0	3158.12	0.20729	-0.0165586	-0.0165586	-0	0.190731	0	0.0804022	0	8.04691	0	-0.0474417	-0.00804022	-0.0394015	-0.0474417
1200	1233.27	0	1099.11	0.20729	-0.0332744	-0.0332744	-0	0.174015	0	0.162348	0	77.4788	0	-0.0564219	-0.0162348	-0.0401872	-0.0564219
1200	1203.23	0	1024.89	0.20729	-0.00323279	-0.00323279	-0	0.204057	0	0.0218698	0	-124.831	0	-0.0434887	-0.00218698	-0.0413017	-0.0434887
1200	1215.15	0	-2635.85	0.20729	-0.0151477	-0.0151477	-0	0.192142	0	-0.127654	0	19.0602	0	-0.0280083	0.0127654	-0.0407737	-0.0280083
1200	1200.1	0	1996.93	0.20729	-9.61914e-05	-9.61914e-05	-0	0.207193	0	0.162348	0	91.6045	0	-0.0567693	-0.0162348	-0.0405345	-0.0567693
1200	1221.65	0	4.956	0.20729	-0.0216536	-0.0216536	-0	0.185636	0	0.105411	0	-4.64236	0	-0.0521424	-0.0105412	-0.0416012	-0.0521424
1200	1231.08	0	1702.45	0.20729	-0.0310772	-0.0310772	-0	0.176213	0	0.169797	0	-114.057	0	-0.0590873	-0.0169797	-0.0421076	-0.0590873
1200	1206.56	0	1807.79	0.20729	-0.00656274	-0.00656274	-0	0.200727	0	-0.0574149	0	38.6927	0	-0.0368597	0.0057415	-0.0426012	-0.0368597
1200	1217.73	0	330.567	0.20729	-0.0177312	-0.0177312	-0	0.189558	0	0.188421	0	-77.4261	0	-0.0618123	-0.0188421	-0.0429702	-0.0618123
1200	1192.04	0	462.249	0.20729	0.00796313	0.00796313	-0	0.215253	0	0.256531	0	262.79	0	-0.0698194	-0.0256531	-0.0441662	-0.0698194
1200	1205.83	0	538.863	0.20729	-0.00582703	-0.00582703	-0	0.201463	0	0.0335763	0	-208.868	0	-0.0485394	-0.00335763	-0.0451818	-0.0485394
1200	1236.67	0	790.254	0.20729	-0.0366722	-0.0366722	-0	0.170617	0	-0.0978555	0	95.9141	0	-0.0349911	0.00978555	-0.0447766	-0.0349911
1200	1215.89	0	2559.57	0.20729	-0.0158939	-0.0158939	-0	0.191396	0	0.0766774	0	-174.391	0	-0.0520903	-0.00766774	-0.0444226	-0.0520903
1200	1234.63	0	2001.72	0.20729	-0.0346289	-0.0346289	-0	0.172661	0	0.0585856	0	62.3953	0	-0.050754	-0.00585856	-0.0448954	-0.050754
1200	1215.38	0	1656.96	0.20729	-0.0153832	-0.0153832	-0	0.191906	0	-0.173415	0	-103.283	0	-0.0276883	0.0173416	-0.0450298	-0.0276883
1200	1219.87	0	2463.8	0.20729	-0.0198738	-0.0198738	-0	0.187416	0	0.0186772	0	168.937	0	-0.0460103	-0.00186772	-0.0441426	-0.0460103
1200	1251.11	0	1003.34	0.20729	-0.0511057	-0.0511057	-0	0.156184	0	0.0122918	0	-165.772	0	-0.0456131	-0.00122918	-0.0443839	-0.0456131
1200	1225.69	0	-86.0237	0.20729	-0.0256881	-0.0256881	-0	0.181602	0	0.03198	0	262.072	0	-0.0475408	-0.003198	-0.0443428	-0.0475408
1200	1232.91	0	-3270.31	0.20729	-0.0329078	-0.0329078	-0	0.174382	0	-0.168626	0	-215.332	0	-0.0273208	0.0168626	-0.0441834	-0.0273208
1200	1211.05	0	-3016.53	0.20729	-0.011054	-0.011054	-0	0.196236	0	-0.107434	0	3.97676	0	-0.0325465	0.0107434	-0.0432898	-0.0325465
1200	1215.04	0	-950.331	0.20729	-0.0150378	-0.0150378	-0	0.192252	0	-0.120204	0	-3.44526	0	-0.0306168	0.0120204	-0.0426372	-0.0306168
1200	1230.25	0	897.993	0.20729	-0.0302544	-0.0302544	-0	0.177035	0	0.308146	0	293.915	0	-0.0732207	-0.0308146	-0.0424061	-0.0732207
1200	1221.43	0	4450.99	0.20729	-0.0214255	-0.0214255	-0	0.185864	0	-0.0590113	0	-330.493	0	-0.0379915	0.00590113	-0.0438926	-0.0379915
1200	1242.86	0	2415.92	0.20729	-0.0428628	-0.0428628	-0	0.164427	0	-0.115947	0	163.191	0	-0.031433	0.0115947	-0.0430277	-0.031433
1200	1213.54	0	285.078	0.20729	-0.0135396	-0.0135396	-0	0.19375	0	0.0835949	0	-89.1577	0	-0.0512774	-0.00835949	-0.0429179	-0.0512774
1200	1229.13	0	-979.061	0.20729	-0.0291323	-0.0291323	-0	0.178157	0	0.122971	0	71.2538	0	-0.055948	-0.0122971	-0.0436509	-0.055948
1200	1235.17	0	-1994.2	0.20729	-0.035165	-0.035165	-0	0.172125	0	0.079338	0	-36.0064	0	-0.0522411	-0.0079338	-0.0443073	-0.0522411
1200	1225.74	0	3091.08	0.20729	-0.0257421	-0.0257421	-0	0.181548	0	5.32102e-05	0	3.25851	0	-0.0447073	-5.32102e-06	-0.0447019	-0.0447073
1200	1241.28	0	179.733	0.20729	-0.0412835	-0.0412835	-0	0.166006	0	-0.0371947	0	-13.9797	0	-0.0405885	0.00371947	-0.044308	-0.0405885
1200	1226.37	0	1158.96	0.20729	-0.0263657	-0.0263657	-0	0.180924	0	0.0713563	0	93.0411	0	-0.0513497	-0.00713563	-0.0442141	-0.0513497
1200	1236.03	0	-756.4	0.20729	-0.0360272	-0.0360272	-0	0.171262	0	0.127228	0	-110.945	0	-0.0578376	-0.0127228	-0.0451147	-0.0578376
1200	1233.78	0	2830.11	0.20729	-0.0337793	-0.0337793	-0	0.17351	0	-0.0818921	0	6.8498	0	-0.0373058	0.00818921	-0.045495	-0.0373058
1200	1235.52	0	-1232.85	0.20729	-0.035522	-0.035522	-0	0.171768	0	-0.0856169	0	-77.1867	0	-0.0364659	0.00856169	-0.0450276	-0.0364659
1200	1239.24	0	2372.82	0.20729	-0.0392376	-0.0392376	-0	0.168052	0	-0.0989197	0	-34.5699	0	-0.0348358	0.00989197	-0.0447278	-0.0348358
1200	1225.72	0	-4623.04	0.20729	-0.0257185	-0.0257185	-0	0.181571	0	-0.0792316	0	149.305	0	-0.0358073	0.00792316	-0.0437304	-0.0358073
1200	1230.6	0	-1194.54	0.20729	-0.0306007	-0.0306007	-0	0.176689	0	0.132549	0	61.1982	0	-0.0570431	-0.0132549	-0.0437882	-0.0570431
1200	1237.59	0	-619.931	0.20729	-0.0375911	-0.0375911	-0	0.169699	0	0.134146	0	-47.9774	0	-0.058022	-0.0134146	-0.0446074	-0.058022
1200	1246.84	0	2518.87	0.20729	-0.0468378	-0.0468378	-0	0.160452	0	0.122439	0	-114.776	0	-0.0572538	-0.0122439	-0.0450099	-0.0572538
1200	1233.77	0	-488.25	0.20729	-0.0337726	-0.0337726	-0	0.173517	0	-0.131379	0	23.6092	0	-0.0320447	0.0131379	-0.0451826	-0.0320447
1200	1226.09	0	289.866	0.20729	-0.0260872	-0.0260872	-0	0.181203	0	0.0170808	0	38.6927	0	-0.0462189	-0.00170808	-0.0445109	-0.0462189
1200	1215.71	0	1338.53	0.20729	-0.0157076	-0.0157076	-0	0.191582	0	0.000585325	0	-46.5409	0	-0.0446655	-5.85325e-05	-0.044607	-0.0446655
1200	1238.01	0	550.834	0.20729	-0.0380056	-0.0380056	-0	0.169284	0	0.195339	0	-59.709	0	-0.064901	-0.0195339	-0.0453671	-0.064901
1200	1253.87	0	335.356	0.20729	-0.0538744	-0.0538744	-0	0.153415	0	-0.0973234	0	-25.2325	0	-0.0362625	0.00973234	-0.0459948	-0.0362625
1200	1238.87	0	2023.27	0.20729	-0.0388733	-0.0388733	-0	0.168416	0	0.0676315	0	133.982	0	-0.0524598	-0.00676315	-0.0456966	-0.0524598
1200	1238.75	0	-428.395	0.20729	-0.0387479	-0.0387479	-0	0.168542	0	0.0830628	0	-3.9241	0	-0.0543209	-0.00830628	-0.0460146	-0.0543209
1200	1221.33	0	186.915	0.20729	-0.0213296	-0.0213296	-0	0.18596	0	0.0777417	0	-27.1479	0	-0.0543446	-0.00777417	-0.0465705	-0.0543446
1200	1238.71	0	-725.276	0.20729	-0.038708	-0.038708	-0	0.168582	0	-0.099984	0	-92.9884	0	-0.0367703	0.0099984	-0.0467687	-0.0367703
1200	1256.32	0	3141.36	0.20729	-0.0563229	-0.0563229	-0	0.150967	0	-0.196296	0	-64.9762	0	-0.0263827	0.0196296	-0.0460124	-0.0263827
1200	1226.49	0	-1146.66	0.20729	-0.0264888	-0.0264888	-0	0.180801	0	-0.163837	0	43.4811	0	-0.028395	0.0163837	-0.0447787	-0.028395
1200	1243.33	0	325.779	0.20729	-0.0433324	-0.0433324	-0	0.163957	0	-0.113287	0	16.4266	0	-0.0324064	0.0113287	-0.043735	-0.0324064
1200	1218.56	0	-2458.68	0.20729	-0.0185573	-0.0185573	-0	0.188732	0	-0.00207524	0	75.5634	0	-0.0430713	0.000207524	-0.0432788	-0.0430713
1200	1227.7	0	-655.844	0.20729	-0.027696	-0.027696	-0	0.179594	0	-0.04358	0	-56.3571	0	-0.0389355	0.004358	-0.0432935	-0.0389355
1200	1237.43	0	-2303.05	0.20729	-0.0374283	-0.0374283	-0	0.169861	0	-0.148938	0	-9.43076	0	-0.0279466	0.0148938	-0.0428404	-0.0279466
1200	1227.14	0	1795.82	0.20729	-0.0271375	-0.0271375	-0	0.180152	0	0.0772095	0	97.3506	0	-0.050284	-0.00772095	-0.042563	-0.050284
1200	1246.03	0	440.701	0.20729	-0.046032	-0.046032	-0	0.161258	0	-0.0749747	0	-128.662	0	-0.0354905	0.00749747	-0.0429879	-0.0354905
1200	1244.86	0	3162.91	0.20729	-0.0448645	-0.0448645	-0	0.162425	0	-0.0792316	0	44.4388	0	-0.0345287	0.00792316	-0.0424519	-0.0345287
1200	1239.54	0	263.53	0.20729	-0.0395369	-0.0395369	-0	0.167753	0	-0.0680572	0	-10.8673	0	-0.0348483	0.00680572	-0.0416541	-0.0348483
1200	1240.08	0	1589.92	0.20729	-0.0400808	-0.0400808	-0	0.167209	0	-0.185654	0	-47.2591	0	-0.0228048	0.0185654	-0.0413702	-0.0228048
1200	1254.65	0	227.617	0.20729	-0.0546482	-0.0546482	-0	0.152641	0	-0.313893	0	-53.7235	0	-0.00852057	0.0313893	-0.0399099	-0.00852057
1200	1253.9	0	162.973	0.20729	-0.0539009	-0.0539009	-0	0.153389	0	-0.155856	0	66.226	0	-0.0230332	0.0155856	-0.0386188	-0.0230332
1200	1238.3	0	-885.687	0.20729	-0.0382977	-0.0382977	-0	0.168992	0	-0.0558186	0	26.9611	0	-0.0321944	0.00558186	-0.0377762	-0.0321944
1200	1235.54	0	277.895	0.20729	-0.0355369	-0.0355369	-0	0.171753	0	0.00324589	0	86.8161	0	-0.0379463	-0.000324589	-0.0376217	-0.0379463
1200	1229.75	0	-1560.85	0.20729	-0.029748	-0.029748	-0	0.177542	0	0.0968977	0	-2.24816	0	-0.0471538	-0.00968977	-0.037464	-0.0471538
1200	1250.55	0	1506.12	0.20729	-0.0505464	-0.0505464	-0	0.156743	0	0.262917	0	36.2985	0	-0.0648415	-0.0262917	-0.0385498	-0.0648415
1200	1241.61	0	-138.696	0.20729	-0.041606	-0.041606	-0	0.165684	0	-0.122865	0	-146.858	0	-0.027346	0.0122865	-0.0396324	-0.027346
1200	1233.89	0	-1568.03	0.20729	-0.0338877	-0.0338877	-0	0.173402	0	-0.26015	0	77.9576	0	-0.012569	0.026015	-0.038584	-0.012569
1200	1241.67	0	-1098.77	0.20729	-0.0416732	-0.0416732	-0	0.165616	0	0.130953	0	19.5391	0	-0.0506244	-0.0130953	-0.0375291	-0.0506244
1200	1246.75	0	-23.7744	0.20729	-0.0467485	-0.0467485	-0	0.160541	0	0.0591177	0	-53.9629	0	-0.0442122	-0.00591177	-0.0383005	-0.0442122
1200	1238.41	0	-952.725	0.20729	-0.0384058	-0.0384058	-0	0.168884	0	0.203852	0	122.25	0	-0.0590053	-0.0203852	-0.03862	-0.0590053
1200	1235.94	0	1944.26	0.20729	-0.0359414	-0.0359414	-0	0.171348	0	0.217155	0	-2.727	0	-0.0617375	-0.0217155	-0.0400219	-0.0617375
1200	1246.91	0	117.483	0.20729	-0.0469086	-0.0469086	-0	0.160381	0	0.0899802	0	-71.9194	0	-0.0503006	-0.00899802	-0.0413025	-0.0503006
1200	1254.58	0	340.144	0.20729	-0.0545826	-0.0545826	-0	0.152707	0	0.0782738	0	-27.6267	0	-0.0495229	-0.00782738	-0.0416956	-0.0495229
1200	1237.56	0	-1505.79	0.20729	-0.0375635	-0.0375635	-0	0.169726	0	-0.0755068	0	-111.184	0	-0.0345842	0.00755068	-0.0421349	-0.0345842
1200	1230.61	0	1058.4	0.20729	-0.0306115	-0.0306115	-0	0.176678	0	-0.175012	0	-52.5264	0	-0.0238007	0.0175012	-0.0413019	-0.0238007
1200	1227.94	0	1185.3	0.20729	-0.0279399	-0.0279399	-0	0.17935	0	-0.292609	0	124.884	0	-0.010627	0.0292609	-0.0398879	-0.010627
1200	1233.07	0	-938.359	0.20729	-0.0330706	-0.0330706	-0	0.174219	0	-0.146278	0	-16.1345	0	-0.0234565	0.0146278	-0.0380843	-0.0234565
1200	1237.4	0	33.6864	0.20729	-0.0373965	-0.0373965	-0	0.169893	0	-0.0935986	0	182.584	0	-0.0280607	0.00935986	-0.0374206	-0.0280607
1200	1238.39	0	459.854	0.20729	-0.0383883	-0.0383883	-0	0.168901	0	0.117118	0	-154.519	0	-0.0490529	-0.0117118	-0.0373411	-0.0490529
1200	1257.24	0	941.089	0.20729	-0.0572383	-0.0572383	-0	0.150051	0	0.102219	0	146.911	0	-0.0483566	-0.0102219	-0.0381348	-0.0483566
1200	1226.24	0	-33.3512	0.20729	-0.0262371	-0.0262371	-0	0.181053	0	0.359761	0	-6.55772	0	-0.0751887	-0.0359761	-0.0392126	-0.0751887
1200	1243.66	0	2092.7	0.20729	-0.0436566	-0.0436566	-0	0.163633	0	0.10754	0	-60.1878	0	-0.0512695	-0.010754	-0.0405155	-0.0512695
1200	1233.69	0	-797.102	0.20729	-0.0336865	-0.0336865	-0	0.173603	0	0.154366	0	-123.155	0	-0.0568161	-0.0154366	-0.0413795	-0.0568161
1200	1246.96	0	-916.812	0.20729	-0.0469572	-0.0469572	-0	0.160333	0	-0.125525	0	112.913	0	-0.0292391	0.0125525	-0.0417916	-0.0292391
1200	1255.58	0	-993.426	0.20729	-0.0555784	-0.0555784	-0	0.151711	0	-0.352737	0	-143.267	0	-0.00553169	0.0352737	-0.0408054	-0.00553169
1200	1231.55	0	-3083.56	0.20729	-0.031553	-0.031553	-0	0.175737	0	-0.120736	0	74.3663	0	-0.0270959	0.0120736	-0.0391695	-0.0270959
1200	1233.39	0	-1639.86	0.20729	-0.0333915	-0.0333915	-0	0.173898	0	0.0921087	0	30.0736	0	-0.0481077	-0.00921087	-0.0388969	-0.0481077
1200	1233.32	0	2401.55	0.20729	-0.0333207	-0.0333207	-0	0.173969	0	0.212898	0	104.773	0	-0.0609947	-0.0212898	-0.0397049	-0.0609947
1200	1247.09	0	2966.58	0.20729	-0.0470859	-0.0470859	-0	0.160204	0	0.158091	0	-22.12	0	-0.056611	-0.0158091	-0.0408019	-0.056611
1200	1264.42	0	323.385	0.20729	-0.064421	-0.064421	-0	0.142869	0	0.0979619	0	-20.2047	0	-0.0510326	-0.00979619	-0.0412364	-0.0510326
1200	1248.72	0	941.089	0.20729	-0.048722	-0.048722	-0	0.158568	0	-0.0866811	0	-125.55	0	-0.0332104	0.00866811	-0.0418785	-0.0332104
1200	1247.45	0	-646.267	0.20729	-0.0474543	-0.0474543	-0	0.159835	0	0.0660352	0	-62.1032	0	-0.047839	-0.00660352	-0.0412355	-0.047839
1200	1204.07	0	-2552.05	0.20729	-0.00407068	-0.00407068	-0	0.203219	0	0.0947693	0	126.56	0	-0.0512363	-0.00947693	-0.0417594	-0.0512363
1200	1226.42	0	-1307.07	0.20729	-0.0264186	-0.0264186	-0	0.180871	0	-0.0680572	0	-83.1722	0	-0.0352413	0.00680572	-0.0420471	-0.0352413
1200	1269.79	0	-1254.39	0.20729	-0.0697903	-0.0697903	-0	0.137499	0	-0.137232	0	-30.4997	0	-0.0275995	0.0137232	-0.0413227	-0.0275995
1200	1259.19	0	1455.84	0.20729	-0.0591882	-0.0591882	-0	0.148101	0	-0.0701856	0	-200.009	0	-0.0335509	0.00701856	-0.0405695	-0.0335509
1200	1255.02	0	-1412.41	0.20729	-0.0550206	-0.0550206	-0	0.152269	0	-0.0925344	0	-53.4841	0	-0.0310466	0.00925344	-0.0403	-0.0310466
1200	1209.34	0	507.738	0.20729	-0.00933704	-0.00933704	-0	0.197953	0	-0.181929	0	11.1594	0	-0.021512	0.0181929	-0.0397049	-0.021512
1200	1244	0	-584.018	0.20729	-0.0439967	-0.0439967	-0	0.163293	0	-0.143085	0	34.6226	0	-0.0243543	0.0143085	-0.0386628	-0.0243543
1200	1254.45	0	1709.63	0.20729	-0.0544491	-0.0544491	-0	0.152841	0	0.013356	0	37.9744	0	-0.0394799	-0.0013356	-0.0381443	-0.0394799
1200	1249.43	0	-88.4179	0.20729	-0.0494261	-0.0494261	-0	0.157864	0	0.0655031	0	89.9286	0	-0.0447971	-0.00655031	-0.0382468	-0.0447971
1200	1246.64	0	-1450.72	0.20729	-0.0466353	-0.0466353	-0	0.160654	0	-0.00580003	0	-119.564	0	-0.0378028	0.000580003	-0.0383828	-0.0378028
1200	1230.27	0	-1026.94	0.20729	-0.0302734	-0.0302734	-0	0.177016	0	0.259192	0	65.0289	0	-0.0644428	-0.0259192	-0.0385236	-0.0644428
1200	1229.31	0	1168.54	0.20729	-0.0293101	-0.0293101	-0	0.17798	0	-0.0489011	0	-142.07	0	-0.0350769	0.00489012	-0.039967	-0.0350769
1200	1238.12	0	-1785.91	0.20729	-0.0381156	-0.0381156	-0	0.169174	0	-0.0185707	0	129.433	0	-0.0377208	0.00185707	-0.0395779	-0.0377208
1200	1225.64	0	-854.562	0.20729	-0.0256396	-0.0256396	-0	0.18165	0	0.184164	0	56.4098	0	-0.0583649	-0.0184164	-0.0399485	-0.0583649
1200	1246.61	0	656.179	0.20729	-0.0466119	-0.0466119	-0	0.160678	0	0.126696	0	52.3396	0	-0.0534661	-0.0126696	-0.0407965	-0.0534661
1200	1222.46	0	14.5328	0.20729	-0.0224563	-0.0224563	-0	0.184833	0	-0.188315	0	-143.985	0	-0.0217818	0.0188315	-0.0406132	-0.0217818
1200	1244.33	0	-16.5918	0.20729	-0.0443263	-0.0443263	-0	0.162963	0	0.21077	0	32.4678	0	-0.0613138	-0.021077	-0.0402368	-0.0613138
1200	1227.54	0	828.561	0.20729	-0.0275378	-0.0275378	-0	0.179752	0	0.00590645	0	-67.8493	0	-0.0417585	-0.000590645	-0.0411678	-0.0417585
1200	1232.38	0	71.9937	0.20729	-0.0323809	-0.0323809	-0	0.174909	0	0.180972	0	61.9165	0	-0.0596708	-0.0180972	-0.0415736	-0.0596708
1200	1236.9	0	349.721	0.20729	-0.0369043	-0.0369043	-0	0.170385	0	0.142659	0	85.3796	0	-0.057259	-0.0142659	-0.0429931	-0.057259
1200	1237.37	0	1539.64	0.20729	-0.0373719	-0.0373719	-0	0.169918	0	0.249082	0	-31.6968	0	-0.0685944	-0.0249082	-0.0436862	-0.0685944
1200	1262.41	0	3210.79	0.20729	-0.0624058	-0.0624058	-0	0.144884	0	0.234183	0	66.9443	0	-0.0686485	-0.0234183	-0.0452302	-0.0686485
1200	1254.9	0	-1946.32	0.20729	-0.054897	-0.054897	-0	0.152393	0	0.12776	0	115.786	0	-0.058942	-0.012776	-0.0461659	-0.058942
1200	1232.59	0	1764.69	0.20729	-0.0325892	-0.0325892	-0	0.1747	0	-0.110626	0	-122.676	0	-0.0354596	0.0110626	-0.0465222	-0.0354596
1200	1241.13	0	-4544.03	0.20729	-0.0411343	-0.0411343	-0	0.166155	0	0.0862555	0	-41.0342	0	-0.0548033	-0.00862555	-0.0461778	-0.0548033
1200	1231.83	0	-1714.08	0.20729	-0.031835	-0.031835	-0	0.175455	0	0.331559	0	188.33	0	-0.0802679	-0.0331559	-0.0471119	-0.0802679
1200	1242.15	0	-1501	0.20729	-0.0421461	-0.0421461	-0	0.165144	0	0.282605	0	-200.249	0	-0.077424	-0.0282605	-0.0491636	-0.077424
1200	1241.52	0	-648.661	0.20729	-0.0415193	-0.0415193	-0	0.16577	0	0.0410259	0	69.8173	0	-0.0543855	-0.00410259	-0.0502829	-0.0543855
1200	1228.55	0	979.396	0.20729	-0.0285469	-0.0285469	-0	0.178743	0	0.0883839	0	-127.465	0	-0.0594265	-0.00883839	-0.0505881	-0.0594265
1200	1232.11	0	962.637	0.20729	-0.0321083	-0.0321083	-0	0.175181	0	-0.00739636	0	39.411	0	-0.0499813	0.000739636	-0.0507209	-0.0499813
1200	1228.34	0	2293.81	0.20729	-0.028343	-0.028343	-0	0.178947	0	-0.233544	0	-274.229	0	-0.0272487	0.0233544	-0.0506031	-0.0272487
1200	1257.61	0	-256.012	0.20729	-0.0576052	-0.0576052	-0	0.149684	0	-0.119672	0	213.948	0	-0.037423	0.0119672	-0.0493902	-0.037423
1200	1233.77	0	371.269	0.20729	-0.0337721	-0.0337721	-0	0.173518	0	-0.157452	0	-32.6545	0	-0.0330802	0.0157452	-0.0488254	-0.0330802
1200	1235.87	0	-16.5918	0.20729	-0.0358711	-0.0358711	-0	0.171419	0	-0.118076	0	-24.9931	0	-0.0361035	0.0118076	-0.0479111	-0.0361035
1200	1219.12	0	-200.945	0.20729	-0.0191201	-0.0191201	-0	0.18817	0	-0.0712499	0	113.152	0	-0.0401191	0.00712499	-0.0472441	-0.0401191
1200	1235.73	0	-564.864	0.20729	-0.0357256	-0.0357256	-0	0.171564	0	-0.0856169	0	-132.014	0	-0.0380697	0.00856169	-0.0466314	-0.0380697
1200	1257.86	0	1178.11	0.20729	-0.0578578	-0.0578578	-0	0.149432	0	0.036769	0	58.5646	0	-0.0500181	-0.0036769	-0.0463412	-0.0500181
1200	1246.96	0	1884.4	0.20729	-0.0469574	-0.0469574	-0	0.160332	0	0.206513	0	-5.83946	0	-0.0675851	-0.0206513	-0.0469338	-0.0675851
1200	1257.76	0	1891.59	0.20729	-0.0577574	-0.0577574	-0	0.149532	0	-0.158516	0	-8.95192	0	-0.0321281	0.0158516	-0.0479797	-0.0321281
1200	1250.75	0	-782.736	0.20729	-0.0507545	-0.0507545	-0	0.156535	0	-0.1947	0	-25.4719	0	-0.0273958	0.01947	-0.0468658	-0.0273958
1200	1238.73	0	-380.51	0.20729	-0.0387346	-0.0387346	-0	0.168555	0	0.0197414	0	125.842	0	-0.0478968	-0.00197414	-0.0459227	-0.0478968
1200	1232.67	0	-5365.24	0.20729	-0.0326724	-0.0326724	-0	0.174617	0	0.113393	0	-76.229	0	-0.05758	-0.0113393	-0.0462407	-0.05758
1200	1224.78	0	-3208.06	0.20729	-0.0247759	-0.0247759	-0	0.182514	0	0.0378332	0	70.0567	0	-0.0504106	-0.00378332	-0.0466273	-0.0504106
1200	1231.32	0	1530.06	0.20729	-0.0313198	-0.0313198	-0	0.17597	0	-0.038791	0	-160.026	0	-0.0431699	0.0038791	-0.047049	-0.0431699
1200	1252.66	0	1905.95	0.20729	-0.0526577	-0.0526577	-0	0.154632	0	0.102219	0	72.4509	0	-0.0570589	-0.0102219	-0.046837	-0.0570589
1200	1245.9	0	1530.06	0.20729	-0.0459016	-0.0459016	-0	0.161388	0	0.0170808	0	5.17387	0	-0.0488871	-0.00170808	-0.047179	-0.0488871
1200	1241.64	0	622.66	0.20729	-0.0416386	-0.0416386	-0	0.165651	0	0.0373011	0	75.8028	0	-0.0508216	-0.00373011	-0.0470915	-0.0508216
1200	1229.07	0	1369.65	0.20729	-0.0290691	-0.0290691	-0	0.178221	0	0.0708242	0	34.6226	0	-0.0544249	-0.00708242	-0.0473424	-0.0544249
1200	1257.08	0	519.709	0.20729	-0.0570779	-0.0570779	-0	0.150212	0	0.0740169	0	-131.774	0	-0.055035	-0.00740169	-0.0476333	-0.055035
1200	1246.84	0	965.031	0.20729	-0.04684	-0.04684	-0	0.16045	0	-0.0419837	0	44.4388	0	-0.0441105	0.00419837	-0.0483089	-0.0441105
1200	1245.17	0	-3217.64	0.20729	-0.0451672	-0.0451672	-0	0.162122	0	0.159687	0	43.2417	0	-0.064032	-0.0159687	-0.0480633	-0.064032
1200	1231.77	0	512.527	0.20729	-0.0317723	-0.0317723	-0	0.175517	0	0.273027	0	113.152	0	-0.0768653	-0.0273027	-0.0495626	-0.0768653
1200	1232.35	0	-607.96	0.20729	-0.0323457	-0.0323457	-0	0.174944	0	0.104347	0	-33.8516	0	-0.0612875	-0.0104347	-0.0508528	-0.0612875
1200	1240.74	0	1676.11	0.20729	-0.0407402	-0.0407402	-0	0.166549	0	-0.0989197	0	-54.4418	0	-0.040926	0.00989197	-0.050818	-0.040926
1200	1238.73	0	-1386.08	0.20729	-0.0387334	-0.0387334	-0	0.168556	0	-0.157984	0	-112.621	0	-0.0341259	0.0157984	-0.0499244	-0.0341259
1200	1244.91	0	-1795.48	0.20729	-0.0449087	-0.0449087	-0	0.162381	0	0.0442186	0	59.0434	0	-0.0537575	-0.00442186	-0.0493356	-0.0537575
1200	1221.52	0	117.483	0.20729	-0.0215198	-0.0215198	-0	0.18577	0	0.183632	0	54.4944	0	-0.0680807	-0.0183632	-0.0497175	-0.0680807
1200	1216.67	0	-1460.3	0.20729	-0.0166748	-0.0166748	-0	0.190615	0	-0.0925344	0	-85.5664	0	-0.0410055	0.00925344	-0.050259	-0.0410055
1200	1243.43	0	1491.76	0.20729	-0.0434264	-0.0434264	-0	0.163863	0	0.174054	0	102.857	0	-0.0674556	-0.0174054	-0.0500502	-0.0674556
1200	1266.7	0	2602.67	0.20729	-0.0667013	-0.0667013	-0	0.140588	0	0.199063	0	58.804	0	-0.0710407	-0.0199063	-0.0511344	-0.0710407
1200	1266.11	0	218.04	0.20729	-0.0661088	-0.0661088	-0	0.141181	0	0.046347	0	32.9466	0	-0.0563728	-0.0046347	-0.0517381	-0.0563728
1200	1235.98	0	-1117.92	0.20729	-0.0359794	-0.0359794	-0	0.17131	0	-0.0185707	0	-132.732	0	-0.0498111	0.00185707	-0.0516682	-0.0498111
1200	1250.43	0	632.237	0.20729	-0.0504314	-0.0504314	-0	0.156858	0	-0.234608	0	-143.985	0	-0.0279299	0.0234608	-0.0513908	-0.0279299
1200	1235.08	0	-2394.03	0.20729	-0.0350826	-0.0350826	-0	0.172207	0	-0.253764	0	-19.9653	0	-0.0243592	0.0253764	-0.0497357	-0.0243592
1200	1247.71	0	-2228.83	0.20729	-0.0477087	-0.0477087	-0	0.159581	0	-0.11914	0	56.4098	0	-0.0367971	0.011914	-0.0487111	-0.0367971
1200	1238.36	0	-246.435	0.20729	-0.0383616	-0.0383616	-0	0.168928	0	-0.135635	0	59.2828	0	-0.0345206	0.0135636	-0.0480841	-0.0345206
1200	1218.86	0	-612.748	0.20729	-0.0188599	-0.0188599	-0	0.18843	0	-0.0728462	0	31.7495	0	-0.039992	0.00728462	-0.0472767	-0.039992
1200	1237.65	0	3469.37	0.20729	-0.0376526	-0.0376526	-0	0.169637	0	0.079338	0	20.4968	0	-0.0546904	-0.0079338	-0.0467566	-0.0546904
1200	1239.18	0	2655.34	0.20729	-0.0391832	-0.0391832	-0	0.168106	0	-0.206939	0	-195.939	0	-0.0263201	0.0206939	-0.0470139	-0.0263201
1200	1237.78	0	1259.52	0.20729	-0.0377781	-0.0377781	-0	0.169512	0	-0.266535	0	85.3796	0	-0.0188665	0.0266535	-0.0455201	-0.0188665
1200	1238.27	0	-1091.59	0.20729	-0.0382727	-0.0382727	-0	0.169017	0	-0.148938	0	-14.2192	0	-0.0294293	0.0148938	-0.0443231	-0.0294293
1200	1226.37	0	371.269	0.20729	-0.0263745	-0.0263745	-0	0.180915	0	-0.147874	0	17.1449	0	-0.028765	0.0147874	-0.0435524	-0.028765
1200	1246.41	0	-1814.64	0.20729	-0.0464105	-0.0464105	-0	0.160879	0	0.0734847	0	131.348	0	-0.0504127	-0.00734848	-0.0430643	-0.0504127
1200	1241.58	0	249.165	0.20729	-0.0415791	-0.0415791	-0	0.165711	0	-0.0600755	0	-122.916	0	-0.0371688	0.00600755	-0.0431763	-0.0371688
1200	1248.66	0	-1570.43	0.20729	-0.0486582	-0.0486582	-0	0.158631	0	-0.298994	0	-10.3884	0	-0.0119618	0.0298994	-0.0418613	-0.0119618
1200	1233.02	0	-251.224	0.20729	-0.0330183	-0.0330183	-0	0.174271	0	-0.0840206	0	-10.149	0	-0.0319877	0.00840206	-0.0403898	-0.0319877
1200	1225.03	0	-54.899	0.20729	-0.0250314	-0.0250314	-0	0.182258	0	0.0192093	0	63.1135	0	-0.0421753	-0.00192093	-0.0402544	-0.0421753
1200	1244.39	0	-2365.3	0.20729	-0.0443944	-0.0443944	-0	0.162895	0	-0.102645	0	-6.07888	0	-0.0298546	0.0102645	-0.040119	-0.0298546
1200	1250.3	0	3036.02	0.20729	-0.0502976	-0.0502976	-0	0.156992	0	-0.0206992	0	46.1147	0	-0.0375402	0.00206992	-0.0396101	-0.0375402
1200
1200	1233.54	0	313.808	0.20729	-0.0335369	-0.0335369	-0	0.173753	0	-0.0739104	0	-39.3583	0	-0.0339335	0.00739104	-0.0413246	-0.0339335
1200	1260.64	0	2830.11	0.20729	-0.0606384	-0.0606384	-0	0.146651	0	0.013356	0	129.912	0	-0.0422742	-0.0013356	-0.0409386	-0.0422742
1200	1241.2	0	4024.82	0.20729	-0.0411965	-0.0411965	-0	0.166093	0	0.158623	0	-133.211	0	-0.0575323	-0.0158623	-0.04167	-0.0575323
1200	1247.83	0	-227.282	0.20729	-0.0478293	-0.0478293	-0	0.15946	0	-0.0941307	0	-13.9797	0	-0.0329836	0.00941307	-0.0423967	-0.0329836
1200	1264.4	0	-734.852	0.20729	-0.0644026	-0.0644026	-0	0.142887	0	-0.267067	0	-42.2313	0	-0.0148298	0.0267067	-0.0415366	-0.0148298
1200	1234.5	0	1170.93	0.20729	-0.0345011	-0.0345011	-0	0.172789	0	-0.316554	0	-33.1334	0	-0.00819099	0.0316554	-0.0398464	-0.00819099
1200	1237.36	0	-1225.66	0.20729	-0.0373604	-0.0373604	-0	0.169929	0	-0.263343	0	4.45561	0	-0.0115601	0.0263343	-0.0378944	-0.0115601
1200	1230.41	0	-725.276	0.20729	-0.0304114	-0.0304114	-0	0.176878	0	-0.0552865	0	91.844	0	-0.0309086	0.00552865	-0.0364372	-0.0309086
1200	1237.77	0	-52.5048	0.20729	-0.0377703	-0.0377703	-0	0.169519	0	0.302293	0	157.206	0	-0.0668967	-0.0302293	-0.0366674	-0.0668967
1200	1239.67	0	-981.455	0.20729	-0.0396713	-0.0396713	-0	0.167618	0	0.184696	0	-50.611	0	-0.0570226	-0.0184696	-0.038553	-0.0570226
1200	1237.98	0	-1694.93	0.20729	-0.0379822	-0.0379822	-0	0.169308	0	0.154366	0	-50.611	0	-0.0551632	-0.0154366	-0.0397266	-0.0551632
1200	1235.39	0	-454.731	0.20729	-0.0353915	-0.0353915	-0	0.171898	0	0.0192093	0	-39.5977	0	-0.0425658	-0.00192093	-0.0406449	-0.0425658
1200	1235.94	0	1501.33	0.20729	-0.0359359	-0.0359359	-0	0.171354	0	0.0165487	0	90.4075	0	-0.0423958	-0.00165487	-0.040741	-0.0423958
1200	1239.59	0	71.9937	0.20729	-0.0395891	-0.0395891	-0	0.167701	0	0.027191	0	-105.678	0	-0.0435354	-0.0027191	-0.0408163	-0.0435354
1200	1235.13	0	775.889	0.20729	-0.0351329	-0.0351329	-0	0.172157	0	-0.00633214	0	69.0991	0	-0.0399982	0.000633214	-0.0406314	-0.0399982
1199.88	1258.47	-238.996	1463.02	0.199012	-0.0585913	-0.0585913	-0	0.140421	0	-0.147874	0	-135.605	0	-0.025913	0.0147874	-0.0407004	-0.025913
1198.92	1263.54	-718.989	-222.493	0.182264	-0.0646183	-0.0646183	-0	0.117646	0	-0.0127175	0	90.4074	0	-0.0384472	0.00127175	-0.039719	-0.0384472
1197.01	1234.94	-1198.98	-849.774	0.16535	-0.0379387	-0.0379387	-0	0.127411	0	-0.28037	0	-166.251	0	-0.0115163	0.028037	-0.0395533	-0.0115163
1194.13	1229.22	-1678.98	-921.6	0.148269	-0.0350977	-0.0350977	-0	0.113172	0	0.0596498	0	148.826	0	-0.0442639	-0.00596498	-0.0382989	-0.0442639
1190.29	1234.37	-2158.97	-1240.03	0.131024	-0.0440848	-0.0440848	-0	0.0869387	0	0.128824	0	109.322	0	-0.0516685	-0.0128824	-0.0387861	-0.0516685
1185.49	1231.69	-2638.96	-1690.14	0.113612	-0.0461964	-0.0461964	-0	0.0674153	0	-0.0185707	0	-166.969	0	-0.0372949	0.00185707	-0.039152	-0.0372949
1179.73	1223.45	-3118.96	-981.455	0.0960342	-0.0437208	-0.0437208	-0	0.0523134	0	0.03198	0	128.475	0	-0.0421188	-0.003198	-0.0389208	-0.0421188
1173.02	1213.55	-3598.95	-1769.15	0.0782908	-0.0405392	-0.0405392	-0	0.0377516	0	0.0580535	0	-139.436	0	-0.0450521	-0.00580535	-0.0392468	-0.0450521
1165.34	1204.08	-4078.95	-121.937	0.0603815	-0.0387471	-0.0387471	-0	0.0216345	0	0.0628425	0	140.207	0	-0.046015	-0.00628425	-0.0397308	-0.046015
1156.7	1189.85	-4558.94	-785.131	0.0423065	-0.0331498	-0.0331498	-0	0.0091567	0	0.0958335	0	40.3686	0	-0.0493576	-0.00958335	-0.0397742	-0.0493576
1147.1	1180.46	-5038.93	-3071.59	0.0240656	-0.0333566	-0.0333566	-0	-0.00929098	0	0.273559	0	-21.1624	0	-0.0676317	-0.0273559	-0.0402758	-0.0676317
1136.54	1151.2	-5518.93	-2300.66	0.00565886	-0.0146581	-0.0146581	-0	-0.00899923	0	0.0458149	0	-24.5142	0	-0.0463422	-0.00458149	-0.0417607	-0.0463422
1125.03	1124.25	-5998.92	-1568.03	-0.0129137	0.000776489	0.000776489	-0	-0.0121372	0	0.113925	0	-121.24	0	-0.0532206	-0.0113925	-0.0418281	-0.0532206
1112.55	1119.61	-6478.92	-6119.41	-0.031652	-0.00705579	-0.00705579	-0	-0.0387078	0	0.422019	0	279.31	0	-0.0849785	-0.0422019	-0.0427766	-0.0849785
1099.11	1101.94	-6958.91	-12265.3	-0.0505563	-0.00283057	-0.00283057	-0	-0.0533868	0	-0.410206	0	-570.871	0	-0.00401198	0.0410206	-0.0450325	-0.00401198
1084.71	1104.94	-7438.9	-528.951	-0.0696263	-0.0202214	-0.0202214	-0	-0.0898477	0	-1.09237	0	31.0312	0	0.0681794	0.109237	-0.041058	0.0681794
1069.36	1067.64	-7918.9	-4596.7	-0.0888621	0.00171155	0.00171155	-0	-0.0871506	0	-0.800244	0	-195.221	0	0.0448598	0.0800244	-0.0351646	0.0448598
1053.04	1017.03	-8398.89	-3203.27	-0.108264	0.0360079	0.0360079	-0	-0.0722559	0	-1.43718	0	-123.874	0	0.114099	0.143718	-0.0296193	0.114099
1035.76	981.297	-8878.88	-3279.89	-0.127831	0.054464	0.054464	-0	-0.0733674	0	-1.3861	0	-20.9229	0	0.117955	0.13861	-0.0206545	0.117955
1017.79	929.596	-9000	-8269.41	-0.13512	0.0881959	0.0881959	-0	-0.0469238	0	-0.246847	0	648.496	0	0.0110058	0.0246847	-0.0136789	0.0110058
999.792	902.212	-9000	-4596.7	-0.138229	0.0975803	0.0975803	-0	-0.0406487	0	0.398606	0	154.811	0	-0.0536291	-0.0398606	-0.0137686	-0.0536291
981.793	866.212	-9000	-3890.41	-0.141338	0.115581	0.115581	-0	-0.0257577	0	0.00271378	0	-200.249	0	-0.0157675	-0.000271378	-0.0154961	-0.0157675
963.793	889.694	-9000	-3926.32	-0.144448	0.0740992	0.0740992	-0	-0.0703484	0	-0.0222955	0	-50.611	0	-0.0133803	0.00222955	-0.0156098	-0.0133803
945.793	913.606	-9000	-12090.6	-0.147557	0.0321872	0.0321872	-0	-0.11537	0	0.151705	0	-17.0922	0	-0.0302379	-0.0151705	-0.0150674	-0.0302379
927.793	907.696	-9000	-14614	-0.150666	0.0200968	0.0200968	-0	-0.130569	0	0.839727	0	399.02	0	-0.101678	-0.0839727	-0.0177048	-0.101678
909.793	895.228	-9000	-4960.62	-0.153776	0.0145657	0.0145657	-0	-0.13921	0	0.449156	0	-88.4394	0	-0.066361	-0.0449156	-0.0214454	-0.066361
891.794	822.905	-9000	-3188.91	-0.156885	0.0688887	0.0688887	-0	-0.0879961	0	0.632735	0	97.8295	0	-0.0879294	-0.0632735	-0.0246559	-0.0879294
873.794	757.64	-9000	-739.641	-0.159994	0.116154	0.116154	-0	-0.0438401	0	0.538551	0	-81.0174	0	-0.0819387	-0.0538551	-0.0280836	-0.0819387
855.794	708.408	-9000	-1735.63	-0.163103	0.147386	0.147386	-0	-0.0157177	0	0.557175	0	12.8353	0	-0.0871505	-0.0557175	-0.031433	-0.0871505
837.794	698.384	-9000	-4163.35	-0.166213	0.13941	0.13941	-0	-0.0268027	0	0.473633	0	-56.5965	0	-0.0818968	-0.0473633	-0.0345334	-0.0818968
819.795	725.09	-9000	-10400.2	-0.169322	0.0947042	0.0947042	-0	-0.0746179	0	0.491193	0	-108.551	0	-0.0867212	-0.0491193	-0.0376019	-0.0867212
801.795	712.667	-9000	-4929.49	-0.172431	0.0891279	0.0891279	-0	-0.0833035	0	0.565689	0	130.151	0	-0.0971914	-0.0565689	-0.0406225	-0.0971914
783.795	704.489	-9000	-5932.66	-0.175541	0.0793058	0.0793058	-0	-0.0962348	0	0.383706	0	-131.056	0	-0.0822101	-0.0383706	-0.0438394	-0.0822101
765.795	708.287	-9000	-4400.38	-0.17865	0.0575084	0.0575084	-0	-0.121142	0	-0.0771031	0	-28.5844	0	-0.0373906	0.00771031	-0.0451009	-0.0373906
747.796	708.931	-9000	-9947.74	-0.181759	0.0388642	0.0388642	-0	-0.142895	0	0.565157	0	20.4967	0	-0.102139	-0.0565157	-0.0456232	-0.102139
729.796	690.558	-9000	-11664.4	-0.184869	0.0392376	0.0392376	-0	-0.145631	0	0.191614	0	-71.2011	0	-0.0679472	-0.0191614	-0.0487859	-0.0679472
711.796	660.944	-9000	-5360.45	-0.187978	0.0508522	0.0508522	-0	-0.137126	0	0.182036	0	119.138	0	-0.0679827	-0.0182036	-0.0497791	-0.0679827
693.796	606.057	-9000	-3648.6	-0.191087	0.0877388	0.0877388	-0	-0.103348	0	0.353376	0	15.4689	0	-0.086442	-0.0353376	-0.0511044	-0.086442
675.797	550.753	-9000	-3078.78	-0.194196	0.125044	0.125044	-0	-0.0691527	0	0.179907	0	-74.5531	0	-0.0710924	-0.0179907	-0.0531017	-0.0710924
657.797	502.88	-9000	-4484.17	-0.197306	0.154917	0.154917	-0	-0.0423886	0	-0.13936	0	-82.9328	0	-0.0394885	0.013936	-0.0534245	-0.0394885
639.797	481.824	-9000	-1845.76	-0.200415	0.157973	0.157973	-0	-0.0424418	0	-0.177672	0	-1.05105	0	-0.0346567	0.0177672	-0.0524239	-0.0346567
621.797	469.671	-9000	-2473.04	-0.203524	0.152126	0.152126	-0	-0.0513986	0	-0.301655	0	-87.2423	0	-0.0211972	0.0301655	-0.0513627	-0.0211972
603.797	504.025	-9000	-5973.37	-0.206634	0.0997723	0.0997723	-0	-0.106861	0	-0.216517	0	-47.4986	0	-0.0279011	0.0216517	-0.0495527	-0.0279011
585.798	573.464	-9000	-18696.2	-0.209743	0.0123342	0.0123342	-0	-0.197409	0	-0.351141	0	-502.397	0	-0.0135227	0.0351141	-0.0486368	-0.0135227
567.798	594.86	-9000	-20171	-0.212852	-0.0270619	-0.0270619	-0	-0.239914	0	-1.21848	0	-97.7768	0	0.0764312	0.121848	-0.0454173	0.0764312
549.798	600.782	-9000	-5348.48	-0.215962	-0.0509839	-0.0509839	-0	-0.266946	0	-2.21726	0	-275.666	0	0.185886	0.221726	-0.0358396	0.185886
531.798	526.58	-9000	-7419.46	-0.219071	0.0052179	0.0052179	-0	-0.213853	0	-2.4631	0	-20.2047	0	0.224288	0.24631	-0.022022	0.224288
513.799	464.979	-9000	-4639.8	-0.22218	0.0488199	0.0488199	-0	-0.17336	0	-2.63923	0	-203.84	0	0.25689	0.263923	-0.0070327	0.25689
495.799	398.289	-9000	-8408.27	-0.22529	0.0975095	0.0975095	-0	-0.12778	0	-3.48103	0	-313.494	0	0.358152	0.348103	0.0100494	0.358152
477.799	337.343	-9000	-1960.68	-0.228399	0.140456	0.140456	-0	-0.0879426	0	-3.57202	0	191.922	0	0.388538	0.357202	0.0313362	0.388538
459.799	281.737	-9000	-1967.87	-0.231508	0.178063	0.178063	-0	-0.0534454	0	-3.27031	0	-44.3861	0	0.379014	0.327031	0.051983	0.379014
441.799	231.99	-9000	-2121.1	-0.234617	0.20981	0.20981	-0	-0.0248076	0	-3.16602	0	95.4353	0	0.388155	0.316602	0.0715537	0.388155
423.8	206.59	-9000	787.86	-0.237727	0.21721	0.21721	-0	-0.0205165	0	-3.30649	0	-26.4296	0	0.421376	0.330649	0.090727	0.421376
405.8	247.98	-9000	-818.649	-0.240836	0.15782	0.15782	-0	-0.083016	0	-2.80844	0	42.7628	0	0.391408	0.280844	0.110564	0.391408
387.8	347.518	-9000	-27533.2	-0.243945	0.0402821	0.0402821	-0	-0.203663	0	1.65386	0	1942.8	0	-0.0433218	-0.165386	0.122064	-0.0433218
369.8	394.165	-9000	-12981.2	-0.247055	-0.0243644	-0.0243644	-0	-0.271419	0	3.6828	0	710.745	0	-0.260841	-0.36828	0.10744	-0.260841
351.801	355.395	-9000	-4218.42	-0.250164	-0.00359457	-0.00359457	-0	-0.253759	0	3.63172	0	349.221	0	-0.278128	-0.363172	0.0850444	-0.278128
333.801	271.618	-9000	-6746.69	-0.253273	0.0621826	0.0621826	-0	-0.191091	0	3.67961	0	-67.8493	0	-0.304991	-0.367961	0.0629699	-0.304991
315.801	182.793	-9000	1664.14	-0.256383	0.133009	0.133009	-0	-0.123374	0	3.61097	0	-32.1757	0	-0.320029	-0.361097	0.0410678	-0.320029
297.801	102.896	-9000	-2382.06	-0.259492	0.194905	0.194905	-0	-0.0645866	0	3.37631	0	-105.917	0	-0.317849	-0.337631	0.019782	-0.317849
279.802	62.0603	-9000	-2434.74	-0.262601	0.217741	0.217741	-0	-0.0448599	0	2.9155	0	-171.997	0	-0.291283	-0.29155	0.000266402	-0.291283
261.802	54.9927	-9000	-1074.83	-0.265711	0.206809	0.206809	-0	-0.0589014	0	2.6255	0	-136.563	0	-0.279107	-0.26255	-0.0165577	-0.279107
243.802	71.1449	-9000	-5592.69	-0.26882	0.172657	0.172657	-0	-0.0961626	0	3.15282	0	319.054	0	-0.348383	-0.315282	-0.0331009	-0.348383
225.802	130.609	-9000	-10725.9	-0.271929	0.0951937	0.0951937	-0	-0.176735	0	2.61485	0	-114.776	0	-0.313976	-0.261485	-0.0524903	-0.313976
207.803	167.996	-9000	-16543.8	-0.275038	0.0398064	0.0398064	-0	-0.235232	0	1.25371	0	-667.357	0	-0.190781	-0.125371	-0.0654098	-0.190781
189.803	157.509	-9000	-8551.92	-0.278148	0.0322934	0.0322934	-0	-0.245854	0	1.15953	0	-93.2278	0	-0.188557	-0.115953	-0.0726048	-0.188557
171.803	132.977	-9000	-7675.64	-0.281257	0.0388259	0.0388259	-0	-0.242431	0	0.748204	0	-185.644	0	-0.153701	-0.0748204	-0.0788803	-0.153701
154.134	107.576	-8601.42	-8451.37	-0.270539	0.0465579	0.0465579	-0	-0.223981	0	0.103815	0	-314.931	0	-0.0926416	-0.0103815	-0.0822601	-0.0926416
137.412	46.5932	-8121.43	-3270.31	-0.256845	0.0908184	0.0908184	-0	-0.166026	0	0.0804022	0	-11.3461	0	-0.0907508	-0.00804022	-0.0827106	-0.0907508
121.649	-18.3827	-7641.43	-3176.94	-0.242985	0.140032	0.140032	-0	-0.102953	0	0.051136	0	19.5391	0	-0.0885269	-0.0051136	-0.0834133	-0.0885269
106.846	-26.7034	-7161.44	-2753.16	-0.228959	0.13355	0.13355	-0	-0.095409	0	-0.223966	0	-109.987	0	-0.06095	0.0223966	-0.0833466	-0.06095
93.0036	18.6325	-6681.45	-9263	-0.214767	0.0743711	0.0743711	-0	-0.140396	0	-0.636353	0	-172.476	0	-0.017531	0.0636353	-0.0811663	-0.017531
80.1209	57.0633	-6201.45	-9662.83	-0.200409	0.0230575	0.0230575	-0	-0.177352	0	-0.513435	0	31.7495	0	-0.0261994	0.0513435	-0.0775429	-0.0261994
68.1981	80.5703	-5721.46	-11640.4	-0.185886	-0.0123721	-0.0123721	-0	-0.198258	0	-0.886979	0	-178.94	0	0.0148709	0.0886979	-0.073827	0.0148709
57.2353	96.1259	-5241.47	-11650	-0.171197	-0.0388906	-0.0388906	-0	-0.210087	0	-0.910392	0	-18.0499	0	0.0227512	0.0910392	-0.068288	0.0227512
47.2325	91.9703	-4761.47	-11106.5	-0.156342	-0.0447378	-0.0447378	-0	-0.201079	0	-1.00085	0	-66.1733	0	0.0370583	0.100085	-0.0630268	0.0370583
38.1897	76.0507	-4281.48	-9770.57	-0.141321	-0.037861	-0.037861	-0	-0.179182	0	-1.46379	0	-84.8481	0	0.0899031	0.146379	-0.0564757	0.0899031
30.1068	37.3673	-3801.48	-7098.64	-0.126134	-0.00726042	-0.00726042	-0	-0.133394	0	-1.4441	0	-67.131	0	0.09684	0.14441	-0.0475701	0.09684
22.984	-0.429001	-3321.49	-3279.89	-0.110781	0.023413	0.023413	-0	-0.0873685	0	-1.34406	0	33.186	0	0.0952486	0.134406	-0.0391577	0.0952486
16.821	-15.2262	-2841.5	-2188.13	-0.0952631	0.0320473	0.0320473	-0	-0.0632159	0	-1.73942	0	-170.321	0	0.143366	0.173942	-0.0305761	0.143366
11.6181	-18.5932	-2361.5	-2350.94	-0.0795789	0.0302113	0.0302113	-0	-0.0493676	0	-2.14542	0	-183.729	0	0.195327	0.214542	-0.0192153	0.195327
7.37516	-1.12456	-1881.51	-2475.44	-0.0637289	0.00849972	0.00849972	-0	-0.0552292	0	-1.84585	0	91.1257	0	0.177966	0.184585	-0.0066189	0.177966
4.09218	65.3855	-1401.52	-6713.17	-0.047713	-0.0612933	-0.0612933	-0	-0.109006	0	-1.55691	0	125.123	0	0.159333	0.155691	0.00364204	0.159333
1.76917	115.575	-921.521	-12579	-0.0315314	-0.113805	-0.113805	-0	-0.145337	0	-1.34726	0	107.406	0	0.147802	0.134726	0.0130761	0.147802
0.406138	124.788	-441.527	-9432.99	-0.0151839	-0.124382	-0.124382	-0	-0.139566	0	-0.0164423	0	523.04	0	0.0205115	0.00164423	0.0188673	0.0205115
0	113.454	0	-3770.7	0	-0.113454	-0.113454	-0	-0.113454	0	0.332091	0	196.71	0	-0.0150957	-0.0332091	0.0181135	-0.0150957
0	96.8846	0	-5508.89	0	-0.0968846	-0.0968846	-0	-0.0968846	0	0.325706	0	7.56807	0	-0.0162038	-0.0325706	0.0163668	-0.0162038
0	110.739	0	-4939.07	0	-0.110739	-0.110739	-0	-0.110739	0	0.525248	0	58.804	0	-0.0384092	-0.0525248	0.0141156	-0.0384092
0	115.062	0	-5918.3	0	-0.115062	-0.115062	-0	-0.115062	0	0.581652	0	36.5379	0	-0.0473448	-0.0581652	0.0108205	-0.0473448
0	103.112	0	-4769.08	0	-0.103112	-0.103112	-0	-0.103112	0	0.726919	0	65.7472	0	-0.0656343	-0.0726919	0.00705757	-0.0656343
0	94.51	0	-3172.15	0	-0.09451	-0.09451	-0	-0.09451	0	0.991911	0	160.318	0	-0.0969692	-0.0991911	0.00222194	-0.0969692
0	99.4704	0	-7232.72	0	-0.0994704	-0.0994704	-0	-0.0994704	0	1.02916	0	-0.572217	0	-0.106795	-0.102916	-0.00387958	-0.106795
0	95.0772	0	-4862.46	0	-0.0950772	-0.0950772	-0	-0.0950772	0	0.760442	0	-92.0307	0	-0.0857252	-0.0760442	-0.00968099	-0.0857252
0	80.9129	0	-3677.33	0	-0.0809129	-0.0809129	-0	-0.0809129	0	0.306018	0	-210.065	0	-0.0439962	-0.0306018	-0.0133944	-0.0439962
0	78.5323	0	-1527.33	0	-0.0785323	-0.0785323	-0	-0.0785323	0	0.0575214	0	-114.297	0	-0.0205724	-0.00575214	-0.0148202	-0.0205724
0	80.9864	0	-3801.82	0	-0.0809864	-0.0809864	-0	-0.0809864	0	-0.129782	0	-104.241	0	-0.00195408	0.0129782	-0.0149323	-0.00195408
0	86.2818	0	-4034.06	0	-0.0862818	-0.0862818	-0	-0.0862818	0	-0.269196	0	-71.9194	0	0.0128937	0.0269196	-0.0140259	0.0128937
0	89.1458	0	-3952.66	0	-0.0891458	-0.0891458	-0	-0.0891458	0	-0.233012	0	95.1959	0	0.0108186	0.0233012	-0.0124826	0.0108186
0	90.2452	0	-5468.19	0	-0.0902452	-0.0902452	-0	-0.0902452	0	-0.17714	0	-58.2725	0	0.00653376	0.017714	-0.0111803	0.00653376
0	95.8605	0	-4931.89	0	-0.0958606	-0.0958606	-0	-0.0958606	0	-0.229287	0	21.6939	0	0.0129853	0.0229287	-0.00994343	0.0129853
0	93.4666	0	-5891.96	0	-0.0934666	-0.0934666	-0	-0.0934666	0	-0.241526	0	-70.9617	0	0.0157365	0.0241526	-0.00841605	0.0157365
0	88.8991	0	-3758.73	0	-0.0888991	-0.0888991	-0	-0.0888991	0	-0.269196	0	15.9478	0	0.0200038	0.0269196	-0.00691582	0.0200038
0	85.5708	0	-4242.36	0	-0.0855708	-0.0855708	-0	-0.0855708	0	-0.240462	0	12.5959	0	0.0186258	0.0240462	-0.00542037	0.0186258
0	81.5402	0	-4180.11	0	-0.0815402	-0.0815402	-0	-0.0815402	0	-0.202682	0	-12.3038	0	0.0160719	0.0202682	-0.0041963	0.0160719
0	76.8765	0	-4462.62	0	-0.0768765	-0.0768765	-0	-0.0768765	0	-0.113287	0	136.616	0	0.0082495	0.0113287	-0.00307918	0.0082495
0	72.1641	0	-4690.07	0	-0.0721641	-0.0721641	-0	-0.0721641	0	0.0506039	0	-38.4006	0	-0.00762906	-0.00506039	-0.00256867	-0.00762906
0	69.0044	0	-3057.23	0	-0.0690044	-0.0690044	-0	-0.0690044	0	0.236843	0	170.374	0	-0.0267418	-0.0236843	-0.00305747	-0.0267418
0	63.2699	0	-3971.81	0	-0.06327	-0.06327	-0	-0.06327	0	0.195339	0	-107.832	0	-0.0239916	-0.0195339	-0.00445778	-0.0239916
0	61.7642	0	-2185.74	0	-0.0617643	-0.0617643	-0	-0.0617643	0	0.0404938	0	-22.5989	0	-0.00945091	-0.00404938	-0.00540153	-0.00945091
0	56.5852	0	-3756.33	0	-0.0565852	-0.0565852	-0	-0.0565852	0	-0.0265524	0	-21.6412	0	-0.00295573	0.00265524	-0.00561097	-0.00295573
0	52.8789	0	-1599.16	0	-0.0528789	-0.0528789	-0	-0.0528789	0	-0.0542223	0	-33.3728	0	-9.80692e-05	0.00542223	-0.0055203	-9.80692e-05
0	48.9195	0	-3126.66	0	-0.0489195	-0.0489195	-0	-0.0489195	0	-0.0989197	0	32.7072	0	0.00475288	0.00989197	-0.00513909	0.00475288
0	46.1465	0	-1580.01	0	-0.0461465	-0.0461465	-0	-0.0461465	0	-0.00739637	0	-34.8093	0	-0.00378359	0.000739637	-0.00452323	-0.00378359
0	42.6251	0	-2123.49	0	-0.0426251	-0.0426251	-0	-0.0426251	0	0.111797	0	133.982	0	-0.0157527	-0.0111797	-0.00457303	-0.0157527
0	40.7246	0	-2341.36	0	-0.0407246	-0.0407246	-0	-0.0407246	0	0.144788	0	-73.5954	0	-0.0197322	-0.0144788	-0.00525339	-0.0197322
0	37.5947	0	-2013.36	0	-0.0375947	-0.0375947	-0	-0.0375947	0	0.147981	0	43.0023	0	-0.0210159	-0.0147981	-0.0062179	-0.0210159
0	35.7036	0	-1795.48	0	-0.0357036	-0.0357036	-0	-0.0357036	0	0.0351726	0	-78.8626	0	-0.0105799	-0.00351726	-0.00706268	-0.0105799
0	33.3735	0	-782.736	0	-0.0333735	-0.0333735	-0	-0.0333735	0	-0.0462406	0	43.9599	0	-0.00260655	0.00462406	-0.00723061	-0.00260655
0	30.1239	0	-1635.07	0	-0.0301239	-0.0301239	-0	-0.0301239	0	-0.0457085	0	-66.6522	0	-0.0023504	0.00457085	-0.00692124	-0.0023504
0	27.3123	0	-526.557	0	-0.0273123	-0.0273123	-0	-0.0273123	0	-0.0270845	0	37.4956	0	-0.00385074	0.00270845	-0.00655919	-0.00385074
0	24.3189	0	-1771.54	0	-0.0243189	-0.0243189	-0	-0.0243189	0	-0.00633214	0	9.24401	0	-0.00565173	0.000633214	-0.00628494	-0.00565173
0	22.8599	0	-1225.66	0	-0.0228599	-0.0228599	-0	-0.0228599	0	-0.0169744	0	-8.95192	0	-0.00449843	0.00169744	-0.00619587	-0.00449843
0	19.9377	0	-1309.46	0	-0.0199377	-0.0199377	-0	-0.0199377	0	-0.0164423	0	0.385468	0	-0.00452642	0.00164423	-0.00617065	-0.00452642
0	19.0161	0	-873.716	0	-0.0190161	-0.0190161	-0	-0.0190161	0	0.00111744	0	-67.6099	0	-0.00637051	-0.000111744	-0.00625876	-0.00637051
0	17.0389	0	-308.684	0	-0.0170389	-0.0170389	-0	-0.0170389	0	0.0287873	0	145.474	0	-0.00925913	-0.00287873	-0.0063804	-0.00925913
0	14.5001	0	-1149.05	0	-0.0145001	-0.0145001	-0	-0.0145001	0	0.0883839	0	-83.651	0	-0.015433	-0.00883839	-0.00659463	-0.015433
0	11.2848	0	-674.997	0	-0.0112848	-0.0112848	-0	-0.0112848	0	0.116054	0	111.237	0	-0.0186537	-0.0116054	-0.00704831	-0.0186537
0	8.55575	0	-1297.49	0	-0.00855575	-0.00855575	-0	-0.00855575	0	0.109136	0	-89.3971	0	-0.0185657	-0.0109136	-0.00765205	-0.0185657
0	6.57539	0	-1364.53	0	-0.00657539	-0.00657539	-0	-0.00657539	0	0.0506039	0	22.6515	0	-0.0132795	-0.00506039	-0.00821907	-0.0132795
0	3.81203	0	-1517.76	0	-0.00381203	-0.00381203	-0	-0.00381203	0	-0.00739637	0	-44.3861	0	-0.00779582	0.000739637	-0.00853546	-0.00779582
0	1.66448	0	-1139.47	0	-0.00166448	-0.00166448	-0	-0.00166448	0	-0.0308093	0	-56.836	0	-0.00550753	0.00308093	-0.00858846	-0.00550753
0	0.546044	0	-449.942	0	-0.000546044	-0.000546044	-0	-0.000546044	0	-0.0494333	0	103.576	0	-0.00346507	0.00494333	-0.00840839	-0.00346507
0	-1.22638	0	-933.571	0	0.00122638	0.00122638	-0	0.00122638	0	-0.034002	0	-120.043	0	-0.00465253	0.0034002	-0.00805273	-0.00465253
0	-2.59777	0	-655.844	0	0.00259777	0.00259777	-0	0.00259777	0	-0.0159102	0	144.277	0	-0.0061252	0.00159102	-0.00771622	-0.0061252
0	-3.71701	0	-880.899	0	0.00371701	0.00371701	-0	0.00371701	0	0.018145	0	-92.749	0	-0.00940334	-0.0018145	-0.00758883	-0.00940334
