0	0.185997	0	120.045	0	-0.000185997	-0.000185997	0	-0.000185997	0	-0.00869472	0	-20.3938	0	0.000869472	0.000869472	0	0.000869472
0.48	-0.643149	480	-332.459	0.0166661	0.00118184	0.00112315	5.86958e-05	0.0178479	0	0.023232	0	22.9412	0	-0.00228061	-0.0023232	4.25903e-05	-0.00228061
1.92	-0.641417	960	-52.3372	0.033498	0.00284399	0.00256142	0.000282576	0.036342	0	0.051434	0	66.7551	0	-0.00522903	-0.0051434	-8.56276e-05	-0.00522903
4.32	0.087041	1440	43.4308	0.0504958	0.00508999	0.00423296	0.00085703	0.0555858	0	-0.00496993	0	-88.3891	0	0.000166615	0.000496993	-0.000330378	0.000166615
7.68	0.650434	1920	266.092	0.0676594	0.00888892	0.00702957	0.00185936	0.0765483	0	-0.0347682	0	-27.8158	0	0.00315392	0.00347682	-0.000322907	0.00315392
12	0.841017	2400	48.2192	0.0849888	0.0145988	0.011159	0.00343979	0.0995876	0	-0.0411536	0	14.0827	0	0.00399308	0.00411536	-0.000122279	0.00399308
17.28	1.91426	2880	929.285	0.102484	0.0211983	0.0153657	0.0058326	0.123682	0	-0.0198691	0	56.2206	0	0.00219935	0.00198691	0.000212441	0.00219935
23.52	6.73468	3360	1659.52	0.120145	0.0258085	0.0167853	0.00902319	0.145954	0	0.0950672	0	24.8566	0	-0.00938898	-0.00950672	0.000117746	-0.00938898
30.72	13.7001	3840	4149.49	0.137972	0.0295342	0.0170199	0.0125142	0.167506	0	-0.280604	0	-196.368	0	0.0279446	0.0280604	-0.00011583	0.0279446
38.88	23.3921	4320	3127.16	0.155965	0.0312866	0.0154879	0.0157986	0.187251	0	-0.42321	0	-11.2958	0	0.0442768	0.042321	0.00195571	0.0442768
48	28.131	4800	2356.23	0.174123	0.0390178	0.019869	0.0191488	0.213141	0	-0.267834	0	-20.8727	0	0.0311267	0.0267834	0.00434332	0.0311267
58.08	41.7307	5280	4364.96	0.192448	0.0395035	0.0163493	0.0231542	0.231951	0	-0.132677	0	120.146	0	0.0190584	0.0132677	0.00579068	0.0190584
69.12	57.9557	5760	5842.19	0.210938	0.0373192	0.0111643	0.0261548	0.248257	0	-0.0895758	0	-0.28252	0	0.0153783	0.00895758	0.00642073	0.0153783
81.12	71.6402	6240	7058.44	0.229594	0.0378599	0.00947984	0.0283801	0.267454	0	-0.188549	0	-72.5874	0	0.0258625	0.0188549	0.00700767	0.0258625
94.08	89.654	6720	6084	0.248416	0.0343532	0.00442599	0.0299273	0.282769	0	-0.182163	0	54.5447	0	0.026499	0.0182163	0.00828263	0.026499
108	106.95	7200	7388.84	0.267404	0.0317751	0.00104958	0.0307255	0.299179	0	-0.0517958	0	48.5592	0	0.0143876	0.00517958	0.009208	0.0143876
122.88	129.123	7680	7496.58	0.286557	0.0242305	-0.00624279	0.0304733	0.310788	0	0.0386633	0	21.9836	0	0.00555985	-0.00386633	0.00942618	0.00555985
138.72	156.275	8160	6469.47	0.305877	0.0113355	-0.0175549	0.0288904	0.317212	0	0.162646	0	38.0247	0	-0.00734971	-0.0162646	0.00891484	-0.00734971
147	167.981	8400	7091.96	0.315599	0.00615346	-0.0209815	0.0271349	0.321752	0	0.178077	0	30.3633	0	-0.00938077	-0.0178077	0.00842691	-0.00938077
164.28	197.422	8880	8473.42	0.335167	-0.0107404	-0.0331419	0.0224015	0.324426	0	-0.00177726	0	-76.6576	0	0.00770858	0.000177726	0.00753085	0.00770858
182.25	226.992	9000	8023.31	0.342417	-0.029367	-0.0447423	0.0153754	0.31305	0	-0.0688234	0	-65.1654	0	0.0145755	0.00688234	0.00769317	0.0145755
200.25	261.197	9000	8207.66	0.345526	-0.0556815	-0.0609468	0.00526532	0.289844	0	-0.0794657	0	33.2363	0	0.0160415	0.00794657	0.00809493	0.0160415
218.25	278.867	9000	8023.31	0.348635	-0.0675034	-0.0606172	-0.0068862	0.281132	0	-0.178971	0	-29.2524	0	0.0266476	0.0178971	0.00875052	0.0266476
236.25	307.994	9000	7285.89	0.351745	-0.0908984	-0.0717438	-0.0191546	0.260846	0	-0.282201	0	-57.0251	0	0.0381801	0.0282201	0.00996003	0.0381801
254.25	337.549	9000	6929.16	0.354854	-0.11718	-0.0832991	-0.0338809	0.237674	0	-0.25932	0	-21.3515	0	0.0376012	0.025932	0.0116692	0.0376012
272.25	350.218	9000	5564.46	0.357963	-0.128217	-0.0779684	-0.0502487	0.229746	0	-0.454073	0	-41.4628	0	0.0588431	0.0454073	0.0134358	0.0588431
290.25	350.157	9000	4613.96	0.361073	-0.125032	-0.0599074	-0.0651248	0.23604	0	-0.148108	0	92.8519	0	0.0306614	0.0148108	0.0158506	0.0306614
308.25	357.256	9000	6617.91	0.364182	-0.125303	-0.0490063	-0.0762971	0.238879	0	0.00407598	0	129.483	0	0.0160698	-0.000407598	0.0164774	0.0160698
326.25	368.973	9000	5715.29	0.367291	-0.129134	-0.0427229	-0.0864106	0.238158	0	0.302059	0	124.455	0	-0.014085	-0.0302059	0.0161209	-0.014085
344.25	351.729	9000	8298.64	0.370401	-0.100233	-0.00747946	-0.0927531	0.270168	0	0.586207	0	53.3476	0	-0.044823	-0.0586207	0.0137978	-0.044823
362.25	344.288	9000	5959.5	0.37351	-0.0750513	0.0179618	-0.093013	0.298459	0	0.927823	0	257.094	0	-0.0830813	-0.0927823	0.00970104	-0.0830813
380.25	365.857	9000	6536.51	0.376619	-0.0751941	0.0143921	-0.0895862	0.301425	0	0.85386	0	-123.823	0	-0.0812806	-0.085386	0.00410537	-0.0812806
398.25	389.729	9000	6553.27	0.379729	-0.0783417	0.00852008	-0.0868618	0.301387	0	0.645804	0	-64.6865	0	-0.0652294	-0.0645804	-0.000649039	-0.0652294
416.25	409.881	9000	7515.73	0.382838	-0.078853	0.00636816	-0.0852212	0.303985	0	0.553748	0	-39.7868	0	-0.0598747	-0.0553748	-0.00449992	-0.0598747
434.25	420.326	9000	9751.92	0.385947	-0.0698807	0.0139234	-0.0838041	0.316067	0	0.246719	0	-192.058	0	-0.032191	-0.0246719	-0.0075191	-0.032191
452.25	431.325	9000	10803	0.389057	-0.0592454	0.0209247	-0.0801701	0.329811	0	-0.0661629	0	-60.1376	0	-0.00175417	0.00661629	-0.00837046	-0.00175417
470.25	432.999	9000	5016.19	0.392166	-0.0382389	0.0372509	-0.0754898	0.353927	0	0.0221678	0	38.2641	0	-0.0105303	-0.00221678	-0.0083135	-0.0105303
488.25	441.96	9000	9385.61	0.395275	-0.0210783	0.0462894	-0.0673676	0.374197	0	-0.268898	0	-149.202	0	0.018919	0.0268898	-0.0079708	0.018919
506.25	461.856	9000	8308.21	0.398385	-0.0133233	0.0443933	-0.0577167	0.385062	0	-0.0980896	0	121.343	0	0.00333182	0.00980896	-0.00647714	0.00333182
524.25	515.107	9000	10448.6	0.401494	-0.0414241	0.00914258	-0.0505667	0.36007	0	-0.085851	0	-75.9393	0	0.00244268	0.0085851	-0.00614242	0.00244268
542.25	530.878	9000	9514.89	0.404604	-0.0370917	0.0113715	-0.0484632	0.367512	0	-0.233246	0	-11.2958	0	0.018082	0.0233246	-0.0052426	0.018082
560.25	563.224	9000	6694.52	0.407713	-0.0498731	-0.00297455	-0.0468986	0.35784	0	-0.285925	0	-4.59209	0	0.0247446	0.0285925	-0.00384791	0.0247446
578.25	590.176	9000	7261.95	0.410822	-0.0603931	-0.0119261	-0.048467	0.350429	0	-0.429596	0	-39.7868	0	0.0410459	0.0429596	-0.00191366	0.0410459
596.25	599.349	9000	8178.93	0.413932	-0.0533223	-0.00309882	-0.0502235	0.360609	0	-0.695652	0	-147.765	0	0.0707703	0.0695652	0.00120507	0.0707703
623.25	665.182	9000	5071.25	0.418596	-0.099339	-0.041932	-0.057407	0.319257	0	-0.831341	0	-39.0686	0	0.090972	0.0831341	0.00783789	0.090972
641.25	713.174	9000	3594.03	0.421705	-0.139188	-0.0719241	-0.067264	0.282517	0	-0.913286	0	-70.4326	0	0.104301	0.0913286	0.0129728	0.104301
659.25	738.744	9000	5255.61	0.424814	-0.16226	-0.0794942	-0.0827655	0.262555	0	-1.00055	0	73.2195	0	0.118537	0.100055	0.0184813	0.118537
677.25	790.581	9000	3574.88	0.427924	-0.214911	-0.113331	-0.10158	0.213013	0	-0.667982	0	69.3888	0	0.0908949	0.0667982	0.0240967	0.0908949
695.25	786.7	9000	7218.85	0.431033	-0.213991	-0.0914495	-0.122541	0.217042	0	-0.597743	0	-97.2477	0	0.0876682	0.0597743	0.0278938	0.0876682
713.25	780.124	9000	4099.21	0.434142	-0.206705	-0.0668734	-0.139832	0.227437	0	-0.188549	0	314.794	0	0.0501612	0.0188549	0.0313063	0.0501612
731.25	805.543	9000	3665.86	0.437252	-0.228467	-0.0742924	-0.154174	0.208785	0	0.434023	0	143.609	0	-0.0121205	-0.0434023	0.0312818	-0.0121205
749.25	806.826	9000	4743.25	0.440361	-0.225162	-0.0575753	-0.167586	0.215199	0	0.54417	0	185.268	0	-0.0260825	-0.054417	0.0283345	-0.0260825
767.25	809.597	9000	1417.7	0.44347	-0.221855	-0.042347	-0.179508	0.221616	0	0.455307	0	-68.7567	0	-0.0200989	-0.0455307	0.0254318	-0.0200989
785.25	798.243	9000	8504.54	0.44658	-0.199336	-0.0129931	-0.186343	0.247243	0	0.845878	0	231.955	0	-0.0621001	-0.0845878	0.0224877	-0.0621001
803.25	753.26	9000	7527.71	0.449689	-0.136313	0.0499905	-0.186303	0.313377	0	1.51155	0	212.323	0	-0.135454	-0.151155	0.0157011	-0.135454
821.25	746.08	9000	3287.57	0.452798	-0.0994047	0.0751705	-0.174575	0.353394	0	1.35085	0	-34.5196	0	-0.128136	-0.135085	0.00694949	-0.128136
839.25	733.098	9000	6680.16	0.455908	-0.0510865	0.106152	-0.157239	0.404821	0	1.41524	0	-13.2112	0	-0.142636	-0.141524	-0.00111252	-0.142636
857.25	783.37	9000	3440.8	0.459017	-0.0643789	0.0738804	-0.138259	0.394638	0	1.54827	0	74.656	0	-0.164641	-0.154827	-0.00981467	-0.164641
875.25	803.435	9000	8059.22	0.462127	-0.0516288	0.0718159	-0.123445	0.410498	0	0.739456	0	-439.379	0	-0.0922692	-0.0739456	-0.0183237	-0.0922692
893.251	818.534	9000	12095.8	0.465236	-0.0350421	0.0747164	-0.109759	0.430194	0	-0.359357	0	-415.916	0	0.0148403	0.0359357	-0.0210954	0.0148403
911.251	810.814	9000	11985.7	0.468345	0.00652635	0.100436	-0.0939101	0.474872	0	-0.356164	0	40.8978	0	0.0171848	0.0356164	-0.0184316	0.0171848
929.251	840.065	9000	12794.9	0.471455	0.015359	0.0891854	-0.0738264	0.486814	0	0.0221678	0	118.949	0	-0.0190686	-0.00221678	-0.0168518	-0.0190686
947.251	860.862	9000	9024.08	0.474564	0.0313472	0.0863886	-0.0550414	0.505911	0	0.769254	0	301.147	0	-0.0950563	-0.0769254	-0.018131	-0.0950563
965.251	927.893	9000	6517.35	0.477673	-0.00334422	0.037358	-0.0407022	0.474329	0	0.312701	0	-149.681	0	-0.05375	-0.0312701	-0.0224799	-0.05375
983.251	979.854	9000	9129.43	0.480783	-0.0302041	0.00339709	-0.0336012	0.450579	0	-0.774937	0	-408.973	0	0.0545935	0.0774937	-0.0229002	0.0545935
1001.25	987.31	9000	15349.6	0.483892	-0.0194503	0.0139408	-0.0333911	0.464442	0	-0.56156	0	95.725	0	0.0380267	0.056156	-0.0181293	0.0380267
1019.25	1015.58	9000	13199.6	0.487001	-0.0266778	0.00366949	-0.0303473	0.460323	0	-0.954259	0	-342.414	0	0.0809421	0.0954259	-0.0144838	0.0809421
1037.2	1079.18	8839.98	4149.49	0.484573	-0.0728653	-0.0419869	-0.0308783	0.411708	0	-1.19797	0	89.0212	0	0.111505	0.119797	-0.00829209	0.111505
1054.4	1157.19	8359.98	3357.01	0.470961	-0.144082	-0.102795	-0.0412872	0.326879	0	-1.20222	0	-112.331	0	0.119048	0.120222	-0.00117453	0.119048
1070.64	1236.39	7879.98	2653.11	0.457183	-0.229245	-0.165757	-0.0634879	0.227938	0	-1.26821	0	0.196326	0	0.133014	0.126821	0.00619366	0.133014
1085.92	1240.32	7399.98	2782.4	0.443239	-0.249109	-0.154404	-0.0947043	0.194131	0	-1.35973	0	-50.0819	0	0.149586	0.135973	0.0136129	0.149586
1100.24	1216.19	6919.98	4290.74	0.42913	-0.242588	-0.115951	-0.126637	0.186541	0	-1.67793	0	43.7708	0	0.190246	0.167793	0.0224529	0.190246
1113.6	1122.41	6439.98	11279.4	0.414854	-0.153685	-0.00881555	-0.144869	0.26117	0	0.10092	0	940.878	0	0.0207316	-0.010092	0.0308236	0.0207316
1126	1058.4	5959.98	5047.31	0.400413	-0.0762564	0.0675964	-0.143853	0.324157	0	1.93405	0	548.469	0	-0.166528	-0.193405	0.026877	-0.166528
1137.44	1065.74	5479.97	1159.13	0.385806	-0.0573316	0.0716971	-0.129029	0.328475	0	2.10911	0	117.033	0	-0.196336	-0.210911	0.0145751	-0.196336
1147.92	1059	4999.97	5521.36	0.371033	-0.0249218	0.0889221	-0.113844	0.346112	0	2.05218	0	179.283	0	-0.2032	-0.205218	0.00201776	-0.2032
1157.44	1069.15	4519.97	8389.62	0.356095	-0.00702474	0.0882904	-0.0953151	0.34907	0	2.46031	0	4.02705	0	-0.257067	-0.246031	-0.011036	-0.257067
1166	1113.2	4039.97	7290.68	0.34099	-0.0249743	0.0527988	-0.0777731	0.316016	0	1.67278	0	-217.915	0	-0.191829	-0.167278	-0.0245511	-0.191829
1173.6	1142.22	3559.97	4348.21	0.32572	-0.0376185	0.0313726	-0.068991	0.288101	0	1.69832	0	-17.9996	0	-0.203759	-0.169832	-0.0339269	-0.203759
1180.24	1136.89	3079.97	2250.88	0.310283	-0.0181307	0.0433518	-0.0614825	0.292153	0	1.6052	0	-36.6744	0	-0.204899	-0.16052	-0.0443786	-0.204899
1185.92	1106.83	2599.97	6910	0.294681	0.0277233	0.0790919	-0.0513687	0.322405	0	0.807034	0	-498.755	0	-0.133636	-0.0807034	-0.0529323	-0.133636
1190.64	1085.72	2119.97	9234.77	0.278914	0.070368	0.104917	-0.034549	0.349282	0	-1.57417	0	-208.817	0	0.105522	0.157417	-0.0518952	0.105522
1194.4	1073.42	1639.97	2135.96	0.26298	0.109307	0.120977	-0.0116702	0.372286	0	-0.378513	0	-416.395	0	-0.00745955	0.0378513	-0.0453108	-0.00745955
1197.2	1096.62	1159.97	8210.05	0.24688	0.112589	0.100577	0.012012	0.359469	0	-0.989378	0	-4.83152	0	0.0571288	0.0989378	-0.041809	0.0571288
1199.04	1140.34	679.965	2686.63	0.230615	0.0893511	0.0587003	0.0306508	0.319966	0	-0.882424	0	33.7151	0	0.0522914	0.0882424	-0.0359509	0.0522914
1199.92	1181.18	199.964	-198.384	0.214184	0.0586012	0.0187394	0.0398619	0.272785	0	-0.698313	0	53.1082	0	0.0387614	0.0698313	-0.0310699	0.0387614
1200	1216.44	0	3740.08	0.20729	0.0247835	-0.0164354	0.0412189	0.232073	0	-0.727047	0	64.8398	0	0.0458598	0.0727047	-0.0268449	0.0458598
1200	1205.83	0	7360.11	0.20729	0.0323565	-0.00583105	0.0381876	0.239646	0	-1.09154	0	-403.466	0	0.0869576	0.109154	-0.0221968	0.0869576
1200	1187.84	0	5825.43	0.20729	0.0513027	0.0121627	0.03914	0.258592	0	-0.549853	0	514.231	0	0.0390025	0.0549853	-0.0159828	0.0390025
1200	1185.05	0	5145.47	0.20729	0.0571495	0.0149534	0.0421962	0.264439	0	0.434555	0	324.132	0	-0.0581075	-0.0434555	-0.014652	-0.0581075
1200	1148.72	0	6069.64	0.20729	0.0979974	0.0512771	0.0467203	0.305287	0	0.551088	0	114.879	0	-0.0727687	-0.0551088	-0.01766	-0.0727687
1200	1171.78	0	2722.54	0.20729	0.0819479	0.0282173	0.0537306	0.289238	0	0.95709	0	140.736	0	-0.117431	-0.095709	-0.0217216	-0.117431
1200	1157.7	0	3716.14	0.20729	0.103003	0.0422977	0.0607056	0.310293	0	0.47606	0	-192.776	0	-0.0747716	-0.047606	-0.0271656	-0.0747716
1200	1153.73	0	3266.03	0.20729	0.114535	0.0462664	0.0682691	0.321825	0	0.634097	0	90.2183	0	-0.0932481	-0.0634097	-0.0298384	-0.0932481
1200	1160.73	0	5406.44	0.20729	0.116635	0.0392701	0.0773646	0.323924	0	0.349417	0	-170.271	0	-0.0689183	-0.0349417	-0.0339766	-0.0689183
1200	1196.1	0	709.019	0.20729	0.0882601	0.00390039	0.0843597	0.29555	0	0.399968	0	237.701	0	-0.0759166	-0.0399968	-0.0359198	-0.0759166
1200	1224.7	0	3962.74	0.20729	0.0602193	-0.0246985	0.0849178	0.267509	0	0.518629	0	-203.071	0	-0.0904667	-0.0518629	-0.0386038	-0.0904667
1200	1241.18	0	1187.86	0.20729	0.0389911	-0.0411761	0.0801672	0.246281	0	0.469674	0	-180.326	0	-0.0886048	-0.0469675	-0.0416373	-0.0886048
1200	1210.13	0	4458.34	0.20729	0.061345	-0.0101268	0.0714718	0.268635	0	1.78027	0	156.777	0	-0.222469	-0.178027	-0.0444426	-0.222469
1200	1212.67	0	14502	0.20729	0.0561298	-0.0126674	0.0687971	0.263419	0	-0.0134837	0	-403.706	0	-0.0523455	0.00134837	-0.0536939	-0.0523455
1200	1186.8	0	2760.85	0.20729	0.0831311	0.0131978	0.0699333	0.290421	0	-0.82602	0	-171.947	0	0.0311185	0.082602	-0.0514835	0.0311185
1200	1193.38	0	-863.972	0.20729	0.0782798	0.00661816	0.0716617	0.28557	0	-0.310403	0	195.324	0	-0.0164928	0.0310403	-0.0475331	-0.0164928
1200	1219.24	0	155.958	0.20729	0.0514867	-0.0192419	0.0707286	0.258776	0	-0.360953	0	-40.2657	0	-0.009371	0.0360953	-0.0454663	-0.009371
1200	1251.88	0	977.169	0.20729	0.0132253	-0.0518762	0.0651016	0.220515	0	-0.258788	0	18.3923	0	-0.0172925	0.0258788	-0.0431713	-0.0172925
1200	1280.24	0	2681.84	0.20729	-0.0272198	-0.0802412	0.0530215	0.18007	0	-0.503559	0	-123.344	0	0.00860487	0.0503559	-0.0417511	0.00860487
1200	1243.33	0	5164.63	0.20729	-0.0041301	-0.0433263	0.0391962	0.20316	0	-0.210898	0	164.199	0	-0.017616	0.0210898	-0.0387058	-0.017616
1200	1192.69	0	2705.78	0.20729	0.0407725	0.00731397	0.0334585	0.248062	0	0.353674	0	251.587	0	-0.0736139	-0.0353674	-0.0382465	-0.0736139
1200	1186.79	0	1561.35	0.20729	0.0469767	0.0132125	0.0337641	0.254266	0	0.518097	0	-2.19788	0	-0.0927561	-0.0518097	-0.0409465	-0.0927561
1200	1194.6	0	469.599	0.20729	0.0409949	0.00540222	0.0355927	0.248285	0	0.343032	0	-129.091	0	-0.0781475	-0.0343032	-0.0438443	-0.0781475
1200	1224.31	0	-667.647	0.20729	0.0109252	-0.0243119	0.0352371	0.218215	0	0.280775	0	44.4891	0	-0.0736719	-0.0280775	-0.0455944	-0.0736719
1200	1211.83	0	2325.11	0.20729	0.0195544	-0.0118267	0.0313811	0.226844	0	0.230224	0	-36.435	0	-0.0703956	-0.0230224	-0.0473733	-0.0703956
1200	1203.46	0	3780.78	0.20729	0.0232617	-0.00346069	0.0267224	0.230551	0	0.138168	0	25.3354	0	-0.062407	-0.0138168	-0.0485902	-0.062407
1200	1206.23	0	4865.35	0.20729	0.0207953	-0.00623084	0.0270261	0.228085	0	-0.110328	0	-253.589	0	-0.0380847	0.0110328	-0.0491175	-0.0380847
1200	1211.17	0	-2125.72	0.20729	0.0152069	-0.011166	0.0263729	0.222497	0	-0.0464747	0	82.5569	0	-0.0437442	0.00464747	-0.0483917	-0.0437442
1200	1227.17	0	543.819	0.20729	-0.00293043	-0.0271721	0.0242417	0.204359	0	-0.103943	0	80.8809	0	-0.0376275	0.0103943	-0.0480218	-0.0376275
1200	1219.24	0	2277.22	0.20729	-0.000880163	-0.0192446	0.0183645	0.20641	0	-0.0741446	0	23.8989	0	-0.0396628	0.00741446	-0.0470773	-0.0396628
1200	1221.49	0	5765.57	0.20729	-0.00813412	-0.0214889	0.0133548	0.199156	0	0.0109934	0	-107.543	0	-0.0481915	-0.00109934	-0.0470922	-0.0481915
1200	1231.79	0	-665.253	0.20729	-0.02266	-0.0317937	0.00913373	0.18463	0	0.0759112	0	52.3899	0	-0.0544779	-0.00759112	-0.0468868	-0.0544779
1200	1196.44	0	-78.6735	0.20729	0.0103775	0.0035636	0.00681394	0.217667	0	0.0854892	0	3.78763	0	-0.0559438	-0.00854892	-0.0473949	-0.0559438
1200	1221.63	0	-14.03	0.20729	-0.0160732	-0.0216329	0.00555978	0.191217	0	0.023232	0	-34.2802	0	-0.0501496	-0.0023232	-0.0478264	-0.0501496
1200	1232.41	0	407.349	0.20729	-0.0327441	-0.0324069	-0.00033728	0.174546	0	-0.216219	0	-81.2065	0	-0.0259225	0.0216219	-0.0475444	-0.0259225
1200	1225.89	0	1223.77	0.20729	-0.0329831	-0.0258925	-0.00709061	0.174307	0	0.028021	0	42.5737	0	-0.0494451	-0.0028021	-0.046643	-0.0494451
1200	1238.25	0	-131.346	0.20729	-0.049273	-0.0382485	-0.0110245	0.158017	0	0.154664	0	80.4021	0	-0.0624898	-0.0154664	-0.0470234	-0.0624898
1200	1221.03	0	1353.06	0.20729	-0.0374412	-0.0210316	-0.0164095	0.169849	0	0.126462	0	26.772	0	-0.060869	-0.0126462	-0.0482228	-0.060869
1200	1198.52	0	84.1323	0.20729	-0.0180609	0.00147766	-0.0195385	0.189229	0	-0.158218	0	-153.751	0	-0.0322801	0.0158218	-0.048102	-0.0322801
1200	1228.14	0	-1043.54	0.20729	-0.0498033	-0.0281377	-0.0216656	0.157486	0	0.133379	0	138.102	0	-0.0608705	-0.0133379	-0.0475326	-0.0608705
1200	1222.31	0	-612.58	0.20729	-0.048946	-0.0223093	-0.0266366	0.158344	0	0.129655	0	-62.0529	0	-0.0615266	-0.0129655	-0.0485611	-0.0615266
1200	1212.18	0	-6.84741	0.20729	-0.0414839	-0.0121772	-0.0293066	0.165806	0	-0.153961	0	-63.25	0	-0.0337226	0.0153961	-0.0491188	-0.0337226
1200	1192.63	0	-1110.57	0.20729	-0.0237012	0.00737427	-0.0310754	0.183589	0	-0.289118	0	-7.94396	0	-0.01856	0.0289118	-0.0474718	-0.01856
1200	1200.74	0	364.254	0.20729	-0.0326907	-0.00073938	-0.0319513	0.174599	0	0.0445165	0	73.9377	0	-0.0505735	-0.00445165	-0.0461219	-0.0505735
1200	1222.73	0	-603.004	0.20729	-0.0544948	-0.0227256	-0.0317692	0.152795	0	0.0461129	0	89.7395	0	-0.0510864	-0.00461129	-0.0464752	-0.0510864
1200	1222.01	0	471.993	0.20729	-0.057595	-0.022005	-0.03559	0.149695	0	0.084425	0	-78.5729	0	-0.0552534	-0.0084425	-0.0468109	-0.0552534
1200	1215.25	0	2171.88	0.20729	-0.0543911	-0.0152534	-0.0391377	0.152899	0	0.165838	0	131.159	0	-0.0640912	-0.0165838	-0.0475074	-0.0640912
1200	1201.03	0	21.883	0.20729	-0.0436395	-0.00103442	-0.042605	0.16365	0	0.386133	0	-63.25	0	-0.087443	-0.0386133	-0.0488297	-0.087443
1200	1207.34	0	-2652.44	0.20729	-0.0517536	-0.00733752	-0.044416	0.155536	0	0.287692	0	32.2786	0	-0.0796635	-0.0287692	-0.0508943	-0.0796635
1200	1227.66	0	-931.009	0.20729	-0.0730682	-0.0276622	-0.045406	0.134221	0	0.142957	0	-99.6419	0	-0.0667374	-0.0142957	-0.0524416	-0.0667374
1200	1209.28	0	261.303	0.20729	-0.057188	-0.00928381	-0.0479042	0.150102	0	-0.11086	0	-33.0831	0	-0.0419739	0.011086	-0.0530599	-0.0419739
1200	1187.89	0	1130.4	0.20729	-0.0375644	0.0121133	-0.0496777	0.169725	0	-0.0209333	0	-35.7167	0	-0.0504132	0.00209333	-0.0525065	-0.0504132
1200	1208.28	0	-399.496	0.20729	-0.0581831	-0.00827502	-0.049908	0.149107	0	-0.116181	0	38.743	0	-0.0407053	0.0116181	-0.0523234	-0.0407053
1200	1202.61	0	-418.65	0.20729	-0.0533444	-0.00260889	-0.0507355	0.153945	0	-0.115649	0	173.297	0	-0.04041	0.0115649	-0.0519749	-0.04041
1200	1189.91	0	213.419	0.20729	-0.0409128	0.0100887	-0.0510015	0.166377	0	-0.350843	0	-239.942	0	-0.0159604	0.0350843	-0.0510447	-0.0159604
1200	1214.1	0	-1816.86	0.20729	-0.0665264	-0.0140979	-0.0524285	0.140763	0	-0.0140158	0	208.731	0	-0.0478637	0.00140158	-0.0492653	-0.0478637
1200	1202.18	0	-1587.02	0.20729	-0.056894	-0.00218042	-0.0547136	0.150396	0	0.037067	0	-44.5752	0	-0.0532359	-0.0037067	-0.0495292	-0.0532359
1200	1193.78	0	-361.189	0.20729	-0.0469015	0.00621863	-0.0531201	0.160388	0	-0.0310435	0	11.4491	0	-0.046352	0.00310435	-0.0494563	-0.046352
1200	1188.66	0	-1613.36	0.20729	-0.0416749	0.0113429	-0.0530178	0.165615	0	0.0961315	0	48.0804	0	-0.0590764	-0.00961315	-0.0494632	-0.0590764
1200	1196.61	0	112.863	0.20729	-0.0476994	0.00339209	-0.0510915	0.15959	0	0.000883304	0	11.4491	0	-0.0502353	-8.83304e-05	-0.050147	-0.0502353
1200	1221.21	0	-789.751	0.20729	-0.0720348	-0.0212105	-0.0508243	0.135255	0	-0.00230937	0	3.54821	0	-0.0498894	0.000230937	-0.0501203	-0.0498894
1200	1209.95	0	-610.186	0.20729	-0.064516	-0.00994898	-0.054567	0.142774	0	0.0732506	0	51.1928	0	-0.0576997	-0.00732506	-0.0503747	-0.0576997
1200	1176.18	0	2054.56	0.20729	-0.0317176	0.0238168	-0.0555344	0.175572	0	-0.094897	0	26.5325	0	-0.0411616	0.0094897	-0.0506513	-0.0411616
1200	1186.72	0	931.68	0.20729	-0.0405948	0.0132806	-0.0538755	0.166695	0	-0.166732	0	-99.163	0	-0.0331374	0.0166732	-0.0498106	-0.0331374
1200	1201.5
1200	1194.88	0	7.51782	0.20729	-0.0427962	0.00512451	-0.0479207	0.164494	0	0.274389	0	203.943	0	-0.0755113	-0.0274389	-0.0480723	-0.0755113
1200	1165.7	0	-1201.55	0.20729	-0.011907	0.0342998	-0.0462068	0.195383	0	0.296738	0	-48.1666	0	-0.0797644	-0.0296738	-0.0500906	-0.0797644
1200	1201.73	0	254.121	0.20729	-0.044124	-0.00172668	-0.0423973	0.163166	0	0.220646	0	19.3499	0	-0.0737569	-0.0220646	-0.0516923	-0.0737569
1200	1226.71	0	-1747.43	0.20729	-0.0691562	-0.0267078	-0.0424485	0.138133	0	0.139233	0	-10.3382	0	-0.0669458	-0.0139233	-0.0530225	-0.0669458
1200	1212.88	0	-318.094	0.20729	-0.0594792	-0.0128762	-0.046603	0.14781	0	0.180737	0	-51.279	0	-0.0720769	-0.0180737	-0.0540032	-0.0720769
1200	1202.9	0	-691.589	0.20729	-0.0534775	-0.00290234	-0.0505751	0.153812	0	0.103581	0	-57.0251	0	-0.0652973	-0.0103581	-0.0549392	-0.0652973
1200	1197.99	0	4247.65	0.20729	-0.0484327	0.00201184	-0.0504446	0.158857	0	-0.124695	0	108.414	0	-0.0424669	0.0124695	-0.0549365	-0.0424669
1200	1212.91	0	3483.9	0.20729	-0.0645585	-0.0129127	-0.0516458	0.142731	0	-0.424275	0	-4.83149	0	-0.0130986	0.0424275	-0.055526	-0.0130986
1200	1204.6	0	1618.82	0.20729	-0.0577393	-0.00460217	-0.0531371	0.14955	0	0.386133	0	-272.264	0	-0.0910334	-0.0386133	-0.0524201	-0.0910334
1200	1186.86	0	-2630.89	0.20729	-0.0407522	0.0131378	-0.05389	0.166537	0	0.158389	0	-31.6466	0	-0.0717171	-0.0158389	-0.0558782	-0.0717171
1200	1187.45	0	-3655.61	0.20729	-0.0395491	0.0125532	-0.0521023	0.167741	0	-0.329559	0	79.9232	0	-0.0221726	0.0329559	-0.0551285	-0.0221726
1200	1155.6	0	-3183.95	0.20729	-0.00344485	0.0444006	-0.0478455	0.203845	0	-0.0278508	0	9.77313	0	-0.0511435	0.00278508	-0.0539286	-0.0511435
1200	1181.38	0	-4184.73	0.20729	-0.0215823	0.0186238	-0.0402061	0.185707	0	-0.46844	0	-186.073	0	-0.00611289	0.046844	-0.0529569	-0.00611289
1200	1189.67	0	-456.957	0.20729	-0.0274616	0.0103334	-0.037795	0.179828	0	-0.532826	0	117.752	0	0.00316824	0.0532826	-0.0501143	0.00316824
1200	1182.88	0	177.506	0.20729	-0.0180236	0.0171189	-0.0351425	0.189266	0	-0.597211	0	-172.665	0	0.0128612	0.0597211	-0.0468599	0.0128612
1200	1205.71	0	2023.44	0.20729	-0.038616	-0.00570923	-0.0329068	0.168674	0	-0.447156	0	122.54	0	0.00146925	0.0447155	-0.0432463	0.00146925
1200	1208.81	0	424.109	0.20729	-0.0426009	-0.00880615	-0.0337947	0.164689	0	-0.164604	0	133.553	0	-0.0243903	0.0164604	-0.0408507	-0.0243903
1200	1211.7	0	7154.21	0.20729	-0.0474568	-0.0117034	-0.0357534	0.159833	0	0.403693	0	117.991	0	-0.0810353	-0.0403693	-0.040666	-0.0810353
1200	1228.61	0	-1721.1	0.20729	-0.0680384	-0.0286082	-0.0394303	0.139251	0	0.382408	0	59.3331	0	-0.0815605	-0.0382408	-0.0433197	-0.0815605
1200	1212.29	0	-2128.11	0.20729	-0.0571309	-0.0122939	-0.0448369	0.150159	0	0.286096	0	21.5047	0	-0.0739316	-0.0286096	-0.045322	-0.0739316
1200	1203.59	0	900.555	0.20729	-0.050501	-0.00359424	-0.0469068	0.156789	0	0.369105	0	11.6885	0	-0.0840417	-0.0369105	-0.0471312	-0.0840417
1200	1182.82	0	1350.67	0.20729	-0.028465	0.0171834	-0.0456483	0.178825	0	-0.0459426	0	-154.948	0	-0.0446813	0.00459426	-0.0492755	-0.0446813
1200	1161.98	0	-4105.72	0.20729	-0.0027223	0.0380222	-0.0407445	0.204567	0	-0.0906401	0	-28.2947	0	-0.0391984	0.00906401	-0.0482624	-0.0391984
1200	1193.81	0	-2652.44	0.20729	-0.0299299	0.00618726	-0.0361172	0.17736	0	0.321215	0	97.8797	0	-0.0806382	-0.0321215	-0.0485167	-0.0806382
1200	1195.63	0	2768.03	0.20729	-0.0294229	0.00437476	-0.0337977	0.177867	0	0.0594157	0	-30.4495	0	-0.0561046	-0.00594157	-0.0501631	-0.0561046
1200	1175.06	0	907.738	0.20729	-0.00862624	0.0249395	-0.0335657	0.198663	0	-0.174714	0	-122.626	0	-0.032491	0.0174714	-0.0499624	-0.032491
1200	1187.31	0	-593.427	0.20729	-0.0158163	0.0126932	-0.0285095	0.191473	0	-0.123099	0	27.0114	0	-0.0368038	0.0123099	-0.0491137	-0.0368038
1200	1173.34	0	483.964	0.20729	0.00242259	0.0266636	-0.024241	0.209712	0	-0.118842	0	-1.2402	0	-0.0365532	0.0118842	-0.0484374	-0.0365532
1200	1201.29	0	1116.03	0.20729	-0.0218915	-0.00128906	-0.0206025	0.185398	0	0.0179109	0	2.59053	0	-0.0494531	-0.00179109	-0.047662	-0.0494531
1200	1216.27	0	-1172.82	0.20729	-0.0379317	-0.0162651	-0.0216665	0.169358	0	-0.0799978	0	-74.9816	0	-0.0394728	0.00799978	-0.0474726	-0.0394728
1200	1211.32	0	-277.392	0.20729	-0.0358828	-0.0113179	-0.024565	0.171407	0	-0.115117	0	53.8264	0	-0.0353883	0.0115117	-0.0469	-0.0353883
1200	1196.87	0	-2037.13	0.20729	-0.0232861	0.00313355	-0.0264196	0.184004	0	-0.0486032	0	46.8833	0	-0.0415294	0.00486032	-0.0463897	-0.0415294
1200	1190.15	0	2396.93	0.20729	-0.0154953	0.009854	-0.0253493	0.191794	0	-0.224732	0	-40.7445	0	-0.0233551	0.0224732	-0.0458283	-0.0233551
1200	1214.54	0	2198.21	0.20729	-0.0397351	-0.014543	-0.0251922	0.167555	0	-0.0427499	0	30.8421	0	-0.0404619	0.00427499	-0.0447369	-0.0404619
1200	1229.08	0	4836.62	0.20729	-0.0588939	-0.0290804	-0.0298135	0.148396	0	-0.115117	0	59.0937	0	-0.0328793	0.0115117	-0.044391	-0.0328793
1200	1217.87	0	1989.92	0.20729	-0.0530613	-0.0178706	-0.0351907	0.154228	0	0.0461129	0	-37.8715	0	-0.0485112	-0.00461129	-0.0438999	-0.0485112
1200	1219.07	0	-765.809	0.20729	-0.0572871	-0.0190676	-0.0382194	0.150003	0	0.0578194	0	16.4769	0	-0.0500127	-0.00578194	-0.0442308	-0.0500127
1200	1170.92	0	-2755.39	0.20729	-0.0114475	0.0290817	-0.0405292	0.195842	0	0.0881498	0	22.9412	0	-0.0534518	-0.00881498	-0.0446368	-0.0534518
1200	1184.26	0	-3401.83	0.20729	-0.0203716	0.015738	-0.0361096	0.186918	0	0.0200394	0	4.74531	0	-0.0472478	-0.00200394	-0.0452439	-0.0472478
1200	1212.62	0	-2264.58	0.20729	-0.045455	-0.0126246	-0.0328303	0.161835	0	0.0982599	0	20.3076	0	-0.0549252	-0.00982599	-0.0450992	-0.0549252
1200	1198.21	0	-1373.94	0.20729	-0.0334085	0.00178918	-0.0351977	0.173881	0	0.101453	0	50.9534	0	-0.0556967	-0.0101453	-0.0455514	-0.0556967
1200	1192.23	0	1096.88	0.20729	-0.0276832	0.00776758	-0.0354507	0.179607	0	-0.189081	0	-120.471	0	-0.0271563	0.0189081	-0.0460644	-0.0271563
1200	1185.13	0	26.6714	0.20729	-0.0184325	0.0148733	-0.0333058	0.188857	0	-0.101814	0	-78.0941	0	-0.0347915	0.0101814	-0.044973	-0.0347915
1200	1201.95	0	3744.87	0.20729	-0.0334264	-0.00194971	-0.0314767	0.173863	0	0.0328101	0	88.7818	0	-0.0479799	-0.00328101	-0.0446989	-0.0479799
1200	1214.83	0	3531.78	0.20729	-0.0455047	-0.0148267	-0.0306781	0.161785	0	0.198829	0	96.2038	0	-0.064924	-0.0198829	-0.0450411	-0.064924
1200	1216.05	0	1432.07	0.20729	-0.050319	-0.0160549	-0.0342641	0.156971	0	0.102517	0	-121.429	0	-0.056374	-0.0102517	-0.0461223	-0.056374
1200	1221.38	0	-2762.57	0.20729	-0.0600366	-0.0213811	-0.0386555	0.147253	0	0.018443	0	35.6305	0	-0.0482129	-0.0018443	-0.0463686	-0.0482129
1200	1217.05	0	-942.98	0.20729	-0.0588097	-0.017051	-0.0417586	0.14848	0	0.199893	0	30.8421	0	-0.0667783	-0.0199893	-0.046789	-0.0667783
1200	1189.54	0	-919.038	0.20729	-0.0333937	0.0104587	-0.0438524	0.173896	0	-0.0400894	0	-0.282516	0	-0.0438389	0.00400894	-0.0478479	-0.0438389
1200	1194.28	0	-2542.31	0.20729	-0.0357741	0.0057218	-0.0414959	0.171516	0	-0.476954	0	-249.279	0	0.000835143	0.0476954	-0.0468602	0.000835143
1200	1172.56	0	-4175.15	0.20729	-0.0111931	0.0274397	-0.0386328	0.196097	0	-0.0879795	0	198.436	0	-0.0354177	0.00879795	-0.0442156	-0.0354177
1200	1192.33	0	2880.56	0.20729	-0.0259051	0.00766699	-0.0335721	0.181385	0	0.312169	0	140.257	0	-0.0757284	-0.0312169	-0.0445115	-0.0757284
1200	1204.66	0	1252.5	0.20729	-0.0366704	-0.00465662	-0.0320138	0.170619	0	0.445197	0	13.3644	0	-0.0909265	-0.0445197	-0.0464068	-0.0909265
1200	1187.38	0	-945.375	0.20729	-0.0179696	0.0126184	-0.030588	0.18932	0	0.263747	0	-23.0274	0	-0.0753394	-0.0263747	-0.0489647	-0.0753394
1200	1213.06	0	-1491.25	0.20729	-0.0418875	-0.013059	-0.0288285	0.165402	0	-0.0406215	0	21.0259	0	-0.0460189	0.00406215	-0.050081	-0.0460189
1200	1210.34	0	8013.73	0.20729	-0.0415901	-0.0103374	-0.0312527	0.1657	0	0.0200394	0	-64.6865	0	-0.0519961	-0.00200394	-0.0499921	-0.0519961
1200	1201.31	0	1151.95	0.20729	-0.0343547	-0.00131348	-0.0330412	0.172935	0	0.11848	0	-155.666	0	-0.0616331	-0.011848	-0.0497851	-0.0616331
1200	1211.93	0	675.5	0.20729	-0.0449882	-0.0119261	-0.0330621	0.162301	0	-0.0108232	0	50.9534	0	-0.0493466	0.00108232	-0.050429	-0.0493466
1200	1201.61	0	-873.548	0.20729	-0.0369217	-0.00160693	-0.0353148	0.170368	0	-0.0773372	0	-11.0564	0	-0.0424579	0.00773372	-0.0501916	-0.0424579
1200	1204.22	0	-3212.68	0.20729	-0.0396191	-0.00421631	-0.0354028	0.167671	0	-0.0533922	0	-50.5608	0	-0.044473	0.00533922	-0.0498122	-0.044473
1200	1194.49	0	-1598.99	0.20729	-0.0287111	0.00550708	-0.0342181	0.178579	0	0.0211036	0	-2.19788	0	-0.0520699	-0.00211036	-0.0499596	-0.0520699
1200	1181.24	0	-1519.98	0.20729	-0.0146359	0.0187578	-0.0333937	0.192654	0	-0.218879	0	57.8966	0	-0.0276843	0.0218879	-0.0495722	-0.0276843
1200	1180.37	0	-1783.35	0.20729	-0.00927861	0.019626	-0.0289046	0.198011	0	-0.11831	0	-64.6865	0	-0.0363912	0.011831	-0.0482222	-0.0363912
1200	1193.98	0	378.619	0.20729	-0.0201129	0.00601794	-0.0261308	0.187177	0	0.24193	0	193.648	0	-0.0721204	-0.024193	-0.0479274	-0.0721204
1200	1196.73	0	2973.93	0.20729	-0.0212788	0.00326526	-0.0245441	0.186011	0	-0.147576	0	-76.897	0	-0.0343771	0.0147576	-0.0491347	-0.0343771
1200	1227.99	0	412.138	0.20729	-0.0528831	-0.0279889	-0.0248942	0.154407	0	0.123801	0	58.6148	0	-0.0608688	-0.0123801	-0.0484887	-0.0608688
1200	1197.89	0	3500.66	0.20729	-0.0274504	0.0021084	-0.0295588	0.179839	0	-0.13587	0	-86.9526	0	-0.0358521	0.013587	-0.049439	-0.0358521
1200	1213.77	0	-298.94	0.20729	-0.0432896	-0.0137734	-0.0295162	0.164	0	-0.12097	0	220.702	0	-0.0362059	0.012097	-0.048303	-0.0362059
1200	1193.99	0	-195.989	0.20729	-0.0235341	0.00600696	-0.0295411	0.183756	0	0.163178	0	-46.2512	0	-0.0641471	-0.0163178	-0.0478294	-0.0641471
1200	1185.95	0	-1067.48	0.20729	-0.0137275	0.014051	-0.0277785	0.193562	0	0.0945351	0	45.6862	0	-0.0582539	-0.00945351	-0.0488004	-0.0582539
1200	1200.15	0	-1361.97	0.20729	-0.0264931	-0.000150513	-0.0263426	0.180797	0	0.0216357	0	-38.8292	0	-0.0515137	-0.00216357	-0.0493501	-0.0515137
1200	1223.7	0	136.805	0.20729	-0.0523829	-0.0237047	-0.0286782	0.154907	0	-0.0331719	0	32.0392	0	-0.0461212	0.00331719	-0.0494384	-0.0461212
1200	1219.61	0	364.254	0.20729	-0.0517997	-0.0196136	-0.032186	0.15549	0	-0.331687	0	-129.091	0	-0.0156029	0.0331687	-0.0487716	-0.0156029
1200	1190.99	0	-3686.74	0.20729	-0.0246101	0.0090144	-0.0336245	0.18268	0	-0.0635023	0	158.692	0	-0.0407713	0.00635023	-0.0471215	-0.0407713
1200	1170.4	0	230.179	0.20729	-0.00161735	0.0295955	-0.0312128	0.205672	0	0.31749	0	31.3209	0	-0.0790068	-0.031749	-0.0472577	-0.0790068
1200	1213.44	0	2346.65	0.20729	-0.0409322	-0.0134438	-0.0274883	0.166358	0	0.074847	0	-119.514	0	-0.0562898	-0.0074847	-0.0488051	-0.0562898
1200	1220.23	0	2945.2	0.20729	-0.0509757	-0.0202349	-0.0307408	0.156314	0	-0.0842547	0	-36.1955	0	-0.0405621	0.00842547	-0.0489876	-0.0405621
1200	1215.04	0	-284.575	0.20729	-0.0489036	-0.0150366	-0.033867	0.158386	0	-0.164604	0	1.39342	0	-0.0319243	0.0164604	-0.0483847	-0.0319243
1200	1203.27	0	-90.6445	0.20729	-0.0398187	-0.00326953	-0.0365492	0.167471	0	-0.18376	0	70.5859	0	-0.0290243	0.018376	-0.0474003	-0.0290243
1200	1191.14	0	-1747.43	0.20729	-0.0295508	0.00885596	-0.0384067	0.177739	0	-0.00869472	0	-3.15556	0	-0.0456246	0.000869472	-0.046494	-0.0456246
1200	1215.7	0	1432.07	0.20729	-0.0517003	-0.015703	-0.0359973	0.155589	0	-0.0118874	0	29.4056	0	-0.0450153	0.00118874	-0.046204	-0.0450153
1200	1215.28	0	-2657.23	0.20729	-0.0536358	-0.0152825	-0.0383534	0.153654	0	-0.024126	0	18.8711	0	-0.0436243	0.0024126	-0.0460369	-0.0436243
1200	1208.97	0	1259.69	0.20729	-0.0505813	-0.00897388	-0.0416074	0.156708	0	0.0253605	0	-17.5208	0	-0.0484522	-0.00253605	-0.0459161	-0.0484522
1200	1209.42	0	1163.92	0.20729	-0.0533013	-0.00942297	-0.0438783	0.153988	0	0.0163146	0	-19.4361	0	-0.0476901	-0.00163146	-0.0460587	-0.0476901
1200	1190.37	0	-361.189	0.20729	-0.0362514	0.00962646	-0.0458779	0.171038	0	-0.0113553	0	5.70299	0	-0.0450801	0.00113553	-0.0462156	-0.0450801
1200	1208.88	0	-938.192	0.20729	-0.0513137	-0.00887708	-0.0424366	0.155976	0	0.0455808	0	34.6728	0	-0.0507104	-0.00455808	-0.0461523	-0.0507104
1200	1187.82	0	-437.804	0.20729	-0.0289836	0.0121761	-0.0411598	0.178306	0	-0.0682913	0	48.3198	0	-0.0392981	0.00682913	-0.0461273	-0.0392981
1200	1193.03	0	-837.635	0.20729	-0.0339807	0.00697266	-0.0409533	0.173309	0	-0.167264	0	-113.768	0	-0.0291603	0.0167264	-0.0458867	-0.0291603
1200	1198.4	0	503.118	0.20729	-0.0393123	0.00160388	-0.0409162	0.167977	0	-0.264109	0	-41.9416	0	-0.0182887	0.0264109	-0.0446996	-0.0182887
1200	1198.83	0	-373.16	0.20729	-0.0384549	0.00116602	-0.039621	0.168835	0	-0.0720161	0	21.2653	0	-0.0362102	0.00720161	-0.0434118	-0.0362102
1200	1214.41	0	2844.65	0.20729	-0.0537731	-0.0144064	-0.0393668	0.153517	0	0.084425	0	88.3029	0	-0.0517176	-0.0084425	-0.0432751	-0.0517176
1200	1197.07	0	1154.34	0.20729	-0.0387477	0.00292554	-0.0416733	0.168542	0	0.154132	0	-23.7457	0	-0.0591868	-0.0154132	-0.0437736	-0.0591868
1200	1198.86	0	-318.094	0.20729	-0.0415431	0.00114099	-0.0426841	0.165747	0	0.0769754	0	100.992	0	-0.0522938	-0.00769754	-0.0445963	-0.0522938
1200	1212.2	0	-1553.5	0.20729	-0.0545312	-0.0121967	-0.0423345	0.152759	0	0.0445165	0	-141.301	0	-0.0493294	-0.00445165	-0.0448777	-0.0493294
1200	1203.27	0	-325.276	0.20729	-0.0467555	-0.00326672	-0.0434888	0.160534	0	-0.00550205	0	109.851	0	-0.0445084	0.000550205	-0.0450586	-0.0445084
1200	1188.14	0	-1754.61	0.20729	-0.0330101	0.011858	-0.0448682	0.17428	0	-0.149705	0	-100.6	0	-0.029937	0.0149705	-0.0449075	-0.029937
1200	1191.19	0	-401.891	0.20729	-0.0344727	0.00880847	-0.0432811	0.172817	0	-0.0709519	0	72.9801	0	-0.0368678	0.00709519	-0.043963	-0.0368678
1200	1183.25	0	-1057.9	0.20729	-0.0251562	0.0167454	-0.0419016	0.182133	0	0.175416	0	-43.3782	0	-0.0613598	-0.0175416	-0.0438182	-0.0613598
1200	1198.56	0	-495.265	0.20729	-0.034695	0.00144287	-0.0361378	0.172595	0	-0.024126	0	67.9522	0	-0.042134	0.0024126	-0.0445466	-0.042134
1200	1198.21	0	792.816	0.20729	-0.0337454	0.00179309	-0.0355385	0.173544	0	0.103049	0	-85.2767	0	-0.05471	-0.0103049	-0.0444051	-0.05471
1200	1202.84	0	3936.4	0.20729	-0.0403536	-0.00284363	-0.03751	0.166936	0	0.162113	0	34.194	0	-0.0615604	-0.0162113	-0.045349	-0.0615604
1200	1219.99	0	1046.6	0.20729	-0.0580363	-0.0199926	-0.0380438	0.149253	0	-0.100218	0	-81.446	0	-0.0363159	0.0100218	-0.0463377	-0.0363159
1200	1228.34	0	510.3	0.20729	-0.0696823	-0.0283375	-0.0413448	0.137607	0	-0.0975575	0	138.821	0	-0.0356103	0.00975575	-0.045366	-0.0356103
1200	1229.07	0	-1101	0.20729	-0.0746172	-0.0290703	-0.0455469	0.132672	0	0.0743148	0	-73.0663	0	-0.0525617	-0.00743148	-0.0451303	-0.0525617
1200	1183.93	0	-3325.21	0.20729	-0.0330762	0.016066	-0.0491422	0.174213	0	0.0647368	0	96.6827	0	-0.0515837	-0.00647368	-0.04511	-0.0515837
1200	1175.15	0	-2992.42	0.20729	-0.0217619	0.0248479	-0.0466098	0.185528	0	0.0759112	0	-40.9839	0	-0.0531358	-0.00759112	-0.0455447	-0.0531358
1200	1207.39	0	-2089.8	0.20729	-0.0487753	-0.00739001	-0.0413852	0.158514	0	0.278114	0	44.9679	0	-0.0740973	-0.0278114	-0.0462859	-0.0740973
1200	1186.58	0	1807.96	0.20729	-0.0274629	0.0134237	-0.0408866	0.179827	0	-0.0698877	0	-222.225	0	-0.040819	0.00698877	-0.0478078	-0.040819
1200	1186.68	0	1288.42	0.20729	-0.0261559	0.0133167	-0.0394726	0.181134	0	-0.226329	0	129.483	0	-0.0239558	0.0226329	-0.0465887	-0.0239558
1200	1191.03	0	977.169	0.20729	-0.0293818	0.00896509	-0.0383468	0.177908	0	-0.0113553	0	-33.8013	0	-0.0444416	0.00113553	-0.0455771	-0.0444416
1200	1205.43	0	3759.23	0.20729	-0.0416818	-0.00542639	-0.0362554	0.165608	0	0.056223	0	47.6015	0	-0.0511871	-0.0056223	-0.0455648	-0.0511871
1200	1200.4	0	275.668	0.20729	-0.0356469	-0.000403809	-0.0352431	0.171643	0	0.198829	0	-39.308	0	-0.0662784	-0.0198829	-0.0463955	-0.0662784
1200	1206.25	0	-555.12	0.20729	-0.0426941	-0.0062478	-0.0364463	0.164596	0	-0.155558	0	-127.654	0	-0.0314276	0.0155558	-0.0469834	-0.0314276
1200	1208.22	0	-1050.72	0.20729	-0.04802	-0.00822217	-0.0397979	0.15927	0	-1.25171	0	45.9256	0	0.0840424	0.125171	-0.0411286	0.0840424
1200	1227.87	0	-784.963	0.20729	-0.0691516	-0.027866	-0.0412856	0.138138	0	0.374426	0	176.41	0	-0.074525	-0.0374426	-0.0370824	-0.074525
1200	1207.96	0	-1251.83	0.20729	-0.0523934	-0.00796191	-0.0444315	0.154896	0	0.464886	0	147.44	0	-0.085578	-0.0464886	-0.0390895	-0.085578
1200	1192.27	0	-1036.35	0.20729	-0.0355115	0.00773071	-0.0432422	0.171778	0	0.46861	0	-62.7712	0	-0.0890958	-0.046861	-0.0422348	-0.0890958
1200	1187.4	0	890.978	0.20729	-0.0298509	0.012604	-0.0424549	0.177439	0	0.341968	0	6.90009	0	-0.0790325	-0.0341968	-0.0448357	-0.0790325
1200	1221.03	0	-107.404	0.20729	-0.0642965	-0.0210258	-0.0432708	0.142993	0	0.246719	0	-100.121	0	-0.0714206	-0.0246719	-0.0467486	-0.0714206
1200	1222.36	0	-1007.62	0.20729	-0.0675034	-0.0223551	-0.0451483	0.139786	0	0.258958	0	-43.1387	0	-0.0743386	-0.0258958	-0.0484428	-0.0743386
1200	1181.88	0	-1235.07	0.20729	-0.029465	0.0181238	-0.0475888	0.177825	0	0.0333422	0	-7.46512	0	-0.0528344	-0.00333422	-0.0495001	-0.0528344
1200	1182.68	0	589.309	0.20729	-0.0279465	0.017318	-0.0452645	0.179343	0	0.0173788	0	69.6282	0	-0.0512848	-0.00173788	-0.0495469	-0.0512848
1200	1182.78	0	644.375	0.20729	-0.0243757	0.0172212	-0.0415969	0.182914	0	0.10837	0	-71.3903	0	-0.0608187	-0.010837	-0.0499817	-0.0608187
1200	1197.89	0	3438.41	0.20729	-0.0361807	0.00211292	-0.0382936	0.171109	0	-0.330091	0	-142.498	0	-0.0169763	0.0330091	-0.0499854	-0.0169763
1200	1217.66	0	431.292	0.20729	-0.0556304	-0.0176619	-0.0379686	0.151659	0	-0.259852	0	-10.817	0	-0.0219015	0.0259852	-0.0478867	-0.0219015
1200	1189.26	0	-416.256	0.20729	-0.0295236	0.0107427	-0.0402662	0.177766	0	-0.141723	0	15.9981	0	-0.0326102	0.0141723	-0.0467825	-0.0326102
1200	1191.88	0	50.6134	0.20729	-0.0321409	0.00811597	-0.0402569	0.175149	0	-0.241228	0	36.8276	0	-0.0212858	0.0241228	-0.0454086	-0.0212858
1200	1213.26	0	-540.754	0.20729	-0.0515165	-0.0132615	-0.0382551	0.155773	0	0.0381312	0	58.136	0	-0.0482836	-0.00381312	-0.0444705	-0.0482836
1200	1191.07	0	103.286	0.20729	-0.0309911	0.00892627	-0.0399174	0.176299	0	-0.217815	0	-37.3926	0	-0.0224516	0.0217815	-0.0442331	-0.0224516
1200	1200.77	0	-693.983	0.20729	-0.0387862	-0.000773438	-0.0380128	0.168503	0	-0.0885116	0	-4.11324	0	-0.0344374	0.00885116	-0.0432886	-0.0344374
1200	1199.07	0	-1024.38	0.20729	-0.0390208	0.000931152	-0.039952	0.168269	0	-0.00709838	0	57.1783	0	-0.0423238	0.000709838	-0.0430337	-0.0423238
1200	1210.19	0	-832.847	0.20729	-0.0509663	-0.0101853	-0.040781	0.156323	0	-0.145448	0	38.0247	0	-0.028151	0.0145448	-0.0426958	-0.028151
1200	1213.77	0	-514.418	0.20729	-0.0552278	-0.0137745	-0.0414532	0.152062	0	0.164774	0	-6.26802	0	-0.0587379	-0.0164774	-0.0422605	-0.0587379
1200	1191.86	0	766.48	0.20729	-0.0354352	0.00814307	-0.0435783	0.171854	0	0.105177	0	12.1673	0	-0.0538052	-0.0105177	-0.0432874	-0.0538052
1200	1187.42	0	392.984	0.20729	-0.0305388	0.012582	-0.0431209	0.176751	0	0.0833608	0	-34.759	0	-0.0520056	-0.00833608	-0.0436695	-0.0520056
1200	1202.66	0	282.851	0.20729	-0.0439956	-0.00265857	-0.041337	0.163294	0	0.183398	0	50.9534	0	-0.0629309	-0.0183398	-0.0445911	-0.0629309
1199.88	1191.22	-238.996	-2604.56	0.199012	-0.0327071	0.00866516	-0.0413722	0.166305	0	-0.887213	0	-59.1799	0	0.042321	0.0887213	-0.0464002	0.042321
1198.92	1195.52	-718.989	88.9207	0.182264	-0.0355637	0.00340259	-0.0389663	0.1467	0	-1.13198	0	41.1372	0	0.0755808	0.113198	-0.0376177	0.0755808
1197.01	1191.1	-1198.98	-1572.66	0.16535	-0.0341089	0.00590833	-0.0400172	0.131241	0	0.517033	0	-44.5752	0	-0.0862054	-0.0517033	-0.0345022	-0.0862054
1194.13	1206.18	-1678.98	1470.38	0.148269	-0.0529366	-0.0120542	-0.0408824	0.0953328	0	0.104645	0	145.764	0	-0.0472053	-0.0104645	-0.0367407	-0.0472053
1190.29	1190.8	-2158.97	558.184	0.131024	-0.0437331	-0.000508301	-0.0432248	0.0872904	0	0.589932	0	72.2618	0	-0.0974505	-0.0589932	-0.0384573	-0.0974505
1185.49	1175.61	-2638.96	637.193	0.113612	-0.0334985	0.0098772	-0.0433756	0.0801133	0	0.25204	0	-100.36	0	-0.0667332	-0.025204	-0.0415292	-0.0667332
1179.73	1169.15	-3118.96	-1843.2	0.0960342	-0.0305081	0.010588	-0.0410961	0.0655261	0	0.27705	0	-56.3068	0	-0.0706746	-0.027705	-0.0429696	-0.0706746
1173.02	1164.56	-3598.95	-1124.94	0.0782908	-0.0310126	0.00845398	-0.0394665	0.0472782	0	0.281839	0	83.0357	0	-0.0728158	-0.0281839	-0.0446319	-0.0728158
1165.34	1166.5	-4078.95	-3696.31	0.0603815	-0.0392444	-0.00116211	-0.0380823	0.0211371	0	0.281839	0	-62.0529	0	-0.0744557	-0.0281839	-0.0462718	-0.0744557
1156.7	1175.85	-4558.94	-2061.07	0.0423065	-0.0575248	-0.0191538	-0.038371	-0.0152183	0	0.0913424	0	94.2885	0	-0.0566469	-0.00913425	-0.0475127	-0.0566469
1147.1	1127.51	-5038.93	-4891.02	0.0240656	-0.0210894	0.0195913	-0.0406807	0.00297621	0	-0.0842547	0	-251.434	0	-0.0394437	0.00842547	-0.0478692	-0.0394437
1136.54	1112.73	-5518.93	-2343.59	0.00565886	-0.0120203	0.0238184	-0.0358387	-0.00636148	0	-0.0533922	0	21.9836	0	-0.0421266	0.00533922	-0.0474658	-0.0421266
1125.03	1091.16	-5998.92	-4115.3	-0.0129137	0.00378628	0.0338665	-0.0300802	-0.0091274	0	-0.24176	0	-44.0964	0	-0.0224794	0.024176	-0.0466554	-0.0224794
1112.55	1079.38	-6478.92	-552.725	-0.031652	0.00926554	0.0331721	-0.0239066	-0.0223865	0	0.199893	0	196.281	0	-0.0657162	-0.0199893	-0.0457268	-0.0657162
1099.11	1073.41	-6958.91	-3416.19	-0.0505563	0.00858789	0.0257045	-0.0171166	-0.0419684	0	-0.325834	0	-362.525	0	-0.0143205	0.0325834	-0.0469038	-0.0143205
1084.71	1055.76	-7438.9	-3152.83	-0.0696263	0.0169789	0.0289556	-0.0119767	-0.0526474	0	-0.699909	0	51.6717	0	0.0263143	0.0699909	-0.0436766	0.0263143
1069.36	1012.93	-7918.9	-3423.37	-0.0888621	0.050867	0.0564314	-0.00556444	-0.0379952	0	-0.37266	0	38.9824	0	-0.00281455	0.037266	-0.0400805	-0.00281455
1053.04	949.795	-8398.89	-2135.29	-0.108264	0.111474	0.103244	0.0082303	0.00321043	0	-0.445027	0	-134.837	0	0.00664217	0.0445027	-0.0378605	0.00664217
1035.76	947.963	-8878.88	-6437.67	-0.127831	0.115503	0.087798	0.0277051	-0.0123283	0	-0.394476	0	124.934	0	0.0044153	0.0394476	-0.0350323	0.0044153
1017.79	967.7	-9000	-11178.2	-0.13512	0.0956308	0.0500919	0.0455389	-0.0394889	0	0.212132	0	133.075	0	-0.0550759	-0.0212132	-0.0338627	-0.0550759
999.792	981.352	-9000	-8137.56	-0.138229	0.0714761	0.0184402	0.0530359	-0.0667529	0	0.00939711	0	48.7986	0	-0.0358805	-0.000939711	-0.0349408	-0.0358805
981.793	977.767	-9000	-1508.01	-0.141338	0.0591122	0.00402509	0.0550871	-0.0822261	0	-0.109796	0	-39.5474	0	-0.0238276	0.0109796	-0.0348072	-0.0238276
963.793	920.332	-9000	-2480.06	-0.144448	0.1013	0.0434605	0.0578393	-0.0431478	0	-0.241228	0	-93.6564	0	-0.00996176	0.0241228	-0.0340846	-0.00996176
945.793	892.57	-9000	-1340.42	-0.147557	0.119785	0.053223	0.0665618	-0.0277721	0	-0.250806	0	-38.1109	0	-0.00751189	0.0250806	-0.0325925	-0.00751189
927.793	846.95	-9000	203.842	-0.150666	0.161157	0.0808432	0.0803142	0.0104912	0	-0.0448784	0	98.1192	0	-0.0267323	0.00448784	-0.0312201	-0.0267323
909.793	843.357	-9000	-2427.39	-0.153776	0.161643	0.0664365	0.0952069	0.00786795	0	0.255233	0	156.298	0	-0.0568908	-0.0255233	-0.0313675	-0.0568908
891.794	827.169	-9000	-3954.89	-0.156885	0.172749	0.0646246	0.108124	0.0158639	0	0.178609	0	-60.6164	0	-0.0507422	-0.0178609	-0.0328814	-0.0507422
873.794	851.223	-9000	-4091.36	-0.159994	0.142295	0.0225705	0.119724	-0.0176995	0	0.0296174	0	60.2908	0	-0.0368908	-0.00296174	-0.0339291	-0.0368908
855.794	839.594	-9000	-6693.85	-0.163103	0.139574	0.0162002	0.123374	-0.023529	0	0.411674	0	-48.1666	0	-0.0757531	-0.0411674	-0.0345857	-0.0757531
837.794	835.411	-9000	-3361.12	-0.166213	0.130279	0.00238355	0.127895	-0.0359339	0	0.219049	0	8.81545	0	-0.0588521	-0.0219049	-0.0369472	-0.0588521
819.795	825.667	-9000	-7052.98	-0.169322	0.121405	-0.00587201	0.127277	-0.0479172	0	-0.0124195	0	-84.5584	0	-0.0368758	0.00124195	-0.0381178	-0.0368758
801.795	856.491	-9000	-5803.21	-0.172431	0.0691988	-0.0546964	0.123895	-0.103233	0	-0.0698877	0	50.9534	0	-0.0306251	0.00698877	-0.0376139	-0.0306251
783.795	842.291	-9000	-9569.29	-0.175541	0.0540019	-0.0584955	0.112497	-0.121539	0	-0.205044	0	-169.074	0	-0.0165736	0.0205044	-0.037078	-0.0165736
765.795	848.655	-9000	-10052.9	-0.17865	0.0164796	-0.0828596	0.0993393	-0.16217	0	-0.555174	0	-114.007	0	0.0200033	0.0555174	-0.0355141	0.0200033
747.796	831.747	-9000	-10613.2	-0.181759	-0.00138246	-0.0839518	0.0825693	-0.183142	0	-1.15699	0	-287.826	0	0.0848429	0.115699	-0.0308565	0.0848429
729.796	800.025	-9000	-5367.46	-0.184869	-0.00434654	-0.0702291	0.0658826	-0.189215	0	-0.905304	0	308.57	0	0.0662663	0.0905304	-0.0242641	0.0662663
711.796	723.753	-9000	-3052.27	-0.187978	0.0417779	-0.0119572	0.053735	-0.1462	0	-0.692991	0	-92.4593	0	0.0497405	0.0692992	-0.0195586	0.0497405
693.796	632.305	-9000	771.268	-0.191087	0.116793	0.0614915	0.0553012	-0.0742945	0	-0.849433	0	59.0937	0	0.0698315	0.0849433	-0.0151118	0.0698315
675.797	551.056	-9000	1422.49	-0.194196	0.195379	0.12474	0.0706392	0.00118273	0	-0.822295	0	-103.712	0	0.0722447	0.0822295	-0.00998483	0.0722447
657.797	474.997	-9000	-1970.09	-0.197306	0.281019	0.1828	0.0982187	0.083713	0	-0.885084	0	-27.337	0	0.0834701	0.0885084	-0.00503829	0.0834701
639.797	440.625	-9000	1599.66	-0.200415	0.33563	0.199172	0.136457	0.135215	0	-0.914882	0	0.196326	0	0.0916679	0.0914882	0.000179631	0.0916679
621.797	474.956	-9000	-3765.74	-0.203524	0.322029	0.146841	0.175188	0.118505	0	-0.432788	0	256.615	0	0.0486955	0.0432788	0.0054167	0.0486955
603.797	587.716	-9000	-14381.6	-0.206634	0.214846	0.0160817	0.198764	0.0082123	0	0.520757	0	144.088	0	-0.0460625	-0.0520757	0.00601322	-0.0460625
585.798	671.342	-9000	-18403.9	-0.209743	0.109781	-0.0855447	0.195325	-0.0999623	0	1.02414	0	229.321	0	-0.0996622	-0.102414	0.00275139	-0.0996622
567.798	720.394	-9000	-4067.41	-0.212852	0.0210326	-0.152596	0.173628	-0.19182	0	1.03425	0	-215.042	0	-0.107241	-0.103425	-0.00381645	-0.107241
549.798	715.933	-9000	-3734.62	-0.215962	-0.024281	-0.166135	0.141854	-0.240243	0	0.800649	0	-45.2935	0	-0.0898393	-0.0800649	-0.00977449	-0.0898393
531.798	623.802	-9000	-5216.63	-0.219071	0.0196304	-0.092004	0.111634	-0.199441	0	0.746905	0	163.72	0	-0.0891125	-0.0746905	-0.0144219	-0.0891125
513.799	524.962	-9000	-7570.13	-0.22218	0.0863774	-0.0111638	0.0975412	-0.135803	0	1.38757	0	125.174	0	-0.158805	-0.138757	-0.020048	-0.158805
495.799	462.452	-9000	-5168.75	-0.22529	0.131205	0.0333464	0.0978582	-0.094085	0	1.49239	0	22.9412	0	-0.178061	-0.149239	-0.0288219	-0.178061
477.799	440.598	-9000	-8702.59	-0.228399	0.141202	0.0372013	0.104001	-0.0871964	0	1.06777	0	-122.626	0	-0.14365	-0.106777	-0.0368728	-0.14365
459.799	428.13	-9000	-5020.31	-0.231508	0.143427	0.0316689	0.111758	-0.0880811	0	1.48495	0	65.0792	0	-0.192216	-0.148495	-0.0437216	-0.192216
441.799	380.539	-9000	-1658.85	-0.234617	0.180259	0.0612609	0.118999	-0.0543581	0	1.48441	0	-52.2367	0	-0.201314	-0.148441	-0.0528723	-0.201314
423.8	339.832	-9000	-871.154	-0.237727	0.216475	0.0839679	0.132507	-0.0212522	0	1.45887	0	11.2097	0	-0.207715	-0.145887	-0.0618283	-0.207715
405.8	319.47	-9000	972.381	-0.240836	0.235664	0.0863301	0.149334	-0.00517201	0	1.35032	0	-44.8147	0	-0.205532	-0.135032	-0.0705001	-0.205532
387.8	322.857	-9000	-3267.75	-0.243945	0.230188	0.0649437	0.165245	-0.013757	0	1.19228	0	-7.70454	0	-0.197422	-0.119228	-0.0781933	-0.197422
369.8	353.517	-9000	-6878.21	-0.247055	0.192517	0.0162838	0.176234	-0.0545372	0	1.32159	0	67.4734	0	-0.217536	-0.132159	-0.0853774	-0.217536
351.801	350.063	-9000	-7388.17	-0.250164	0.180399	0.00173807	0.178661	-0.0697649	0	1.07735	0	-103.712	0	-0.200931	-0.107735	-0.0931967	-0.200931
333.801	358.65	-9000	-7048.19	-0.253273	0.152285	-0.0248491	0.177134	-0.100989	0	0.556941	0	-219.113	0	-0.154576	-0.0556941	-0.0988818	-0.154576
315.801	361.492	-9000	-4297.26	-0.256383	0.125607	-0.045691	0.171298	-0.130775	0	0.264279	0	-140.822	0	-0.12826	-0.0264279	-0.101832	-0.12826
297.801	338.551	-9000	-3717.86	-0.259492	0.121901	-0.0407498	0.162651	-0.137591	0	-0.0555206	0	-119.274	0	-0.0975962	0.00555206	-0.103148	-0.0975962
279.802	328.061	-9000	-5535.06	-0.262601	0.106038	-0.0482593	0.154297	-0.156564	0	-0.376917	0	-150.16	0	-0.0643141	0.0376917	-0.102006	-0.0643141
261.802	297.794	-9000	-5901.37	-0.265711	0.109419	-0.035992	0.145411	-0.156291	0	0.00673654	0	151.27	0	-0.100945	-0.000673654	-0.100271	-0.100945
243.802	275.75	-9000	-3545.48	-0.26882	0.105989	-0.031948	0.137937	-0.16283	0	0.185526	0	58.3754	0	-0.119185	-0.0185526	-0.100632	-0.119185
225.802	237.821	-9000	-5630.83	-0.271929	0.120772	-0.0120185	0.13279	-0.151157	0	0.39305	0	47.1227	0	-0.141403	-0.039305	-0.102098	-0.141403
207.803	225.195	-9000	-5635.62	-0.275038	0.113177	-0.0173928	0.13057	-0.161861	0	0.904411	0	297.077	0	-0.195606	-0.0904411	-0.105165	-0.195606
189.803	217.111	-9000	-6171.92	-0.278148	0.0984873	-0.027308	0.125795	-0.17966	0	1.30296	0	190.296	0	-0.24176	-0.130296	-0.111463	-0.24176
171.803	182.399	-9000	-5211.84	-0.281257	0.110848	-0.0105956	0.121444	-0.170409	0	1.1726	0	-136.034	0	-0.23633	-0.11726	-0.119071	-0.23633
154.134	152.941	-8601.42	-4577.38	-0.270539	0.120876	0.00119348	0.119683	-0.149663	0	1.03584	0	-93.1775	0	-0.229435	-0.103584	-0.125851	-0.229435
137.412	124.355	-8121.43	-6174.31	-0.256845	0.133589	0.0130569	0.120532	-0.123255	0	1.03478	0	109.132	0	-0.235413	-0.103478	-0.131935	-0.235413
121.649	92.8968	-7641.43	-3497.59	-0.242985	0.153777	0.0287522	0.125025	-0.0892078	0	0.835768	0	-216.479	0	-0.221912	-0.0835768	-0.138335	-0.221912
106.846	96.9265	-7161.44	-6145.58	-0.228959	0.138787	0.00991981	0.128867	-0.0901719	0	0.78841	0	87.1058	0	-0.221918	-0.078841	-0.143077	-0.221918
93.0036	81.5142	-6681.45	-1773.77	-0.214767	0.142278	0.0114895	0.130788	-0.0724892	0	0.741584	0	-34.5196	0	-0.2218	-0.0741584	-0.147641	-0.2218
80.1209	69.2446	-6201.45	-253.45	-0.200409	0.143542	0.0108763	0.132665	-0.0568677	0	0.748502	0	-104.191	0	-0.227013	-0.0748502	-0.152162	-0.227013
68.1981	77.3272	-5721.46	-2424.99	-0.185886	0.124939	-0.00912905	0.134068	-0.0609472	0	0.437748	0	-71.8691	0	-0.199932	-0.0437748	-0.156157	-0.199932
57.2353	73.2602	-5241.47	-3531.11	-0.171197	0.116146	-0.0160249	0.132171	-0.0550503	0	0.319087	0	-42.6599	0	-0.190584	-0.0319087	-0.158675	-0.190584
47.2325	105.838	-4761.47	-3547.87	-0.156342	0.0679013	-0.0586054	0.126507	-0.0884403	0	0.173288	0	-68.7567	0	-0.177787	-0.0173288	-0.160459	-0.177787
38.1897	122.792	-4281.48	-6090.51	-0.141321	0.0289209	-0.0846021	0.113523	-0.1124	0	-0.216751	0	-141.54	0	-0.139379	0.0216751	-0.161054	-0.139379
30.1068	124.645	-3801.48	-5068.19	-0.126134	0.00178634	-0.0945386	0.0963249	-0.124348	0	-0.376385	0	-51.279	0	-0.121742	0.0376385	-0.15938	-0.121742
22.984	129.105	-3321.49	-3069.03	-0.110781	-0.0287578	-0.106122	0.0773638	-0.139539	0	-0.371063	0	29.4056	0	-0.119805	0.0371063	-0.156911	-0.119805
16.821	120.725	-2841.5	-5479.99	-0.0952631	-0.04797	-0.103904	0.0559344	-0.143233	0	-0.243356	0	5.22415	0	-0.130603	0.0243356	-0.154939	-0.130603
11.6181	120.018	-2361.5	-5089.74	-0.0795789	-0.0733673	-0.1084	0.0350324	-0.152946	0	-0.261448	0	63.4032	0	-0.127422	0.0261448	-0.153567	-0.127422
7.37516	120.777	-1881.51	-4340.35	-0.0637289	-0.100271	-0.113402	0.0131305	-0.164	0	-0.0869153	0	21.9835	0	-0.143354	0.00869153	-0.152046	-0.143354
4.09218	84.0285	-1401.52	-3969.25	-0.047713	-0.0877276	-0.0799363	-0.00779133	-0.135441	0	0.279178	0	106.978	0	-0.180205	-0.0279178	-0.152287	-0.180205
1.76917	63.3542	-921.521	-3155.22	-0.0315314	-0.0842801	-0.0615851	-0.022695	-0.115811	0	0.403693	0	-14.6477	0	-0.194617	-0.0403693	-0.154248	-0.194617
0.406138	47.0017	-441.527	-4235.01	-0.0151839	-0.0808403	-0.0465956	-0.0342447	-0.0960242	0	0.143489	0	33.4757	0	-0.170711	-0.0143489	-0.156362	-0.170711
0	42.859	0	-5489.57	0	-0.0864212	-0.042859	-0.0435622	-0.0864212	0	-0.0225297	0	-98.6842	0	-0.154652	0.00225297	-0.156905	-0.154652
0	41.2533	0	-4139.24	0	-0.0925338	-0.0412534	-0.0512804	-0.0925338	0	-0.0150801	0	-22.5486	0	-0.155294	0.00150801	-0.156802	-0.155294
0	88.6519	0	-8221.35	0	-0.150229	-0.0886519	-0.0615774	-0.150229	0	-0.832937	0	-322.063	0	-0.0728481	0.0832937	-0.156142	-0.0728481
0	115.795	0	-9248.47	0	-0.197092	-0.115795	-0.0812973	-0.197092	0	-1.71199	0	-312.726	0	0.0218169	0.171199	-0.149382	0.0218169
0	120.846	0	-4953.27	0	-0.225791	-0.120846	-0.104945	-0.225791	0	-1.70507	0	-79.0518	0	0.0314514	0.170507	-0.139056	0.0314514
0	104.023	0	-6811.17	0	-0.232523	-0.104023	-0.1285	-0.232523	0	-1.79446	0	24.3778	0	0.0508687	0.179446	-0.128578	0.0508687
0	83.3911	0	-6799.2	0	-0.23156	-0.0833911	-0.148169	-0.23156	0	-1.7205	0	-66.8413	0	0.0542822	0.17205	-0.117768	0.0542822
0	56.8133	0	-5915.74	0	-0.220489	-0.0568133	-0.163676	-0.220489	0	-1.35388	0	233.631	0	0.0273616	0.135388	-0.108026	0.0273616
0	20.6102	0	-6229.38	0	-0.19399	-0.0206102	-0.173379	-0.19399	0	-1.25703	0	-14.6477	0	0.0254045	0.125703	-0.100299	0.0254045
0	-8.78798	0	-6329.93	0	-0.167035	0.00878798	-0.175823	-0.167035	0	-1.33685	0	29.4056	0	0.0410082	0.133685	-0.0926766	0.0410082
0	-14.7859	0	-7378.59	0	-0.158759	0.0147859	-0.173545	-0.158759	0	-1.21021	0	2.59053	0	0.0363603	0.121021	-0.0846602	0.0363603
0	-13.454	0	-7699.42	0	-0.157116	0.013454	-0.17057	-0.157116	0	-1.04312	0	121.822	0	0.0267072	0.104312	-0.0776049	0.0267072
0	-10.32	0	-8860.61	0	-0.157826	0.01032	-0.168146	-0.157826	0	-1.10751	0	-71.3903	0	0.03947	0.110751	-0.0712808	0.03947
0	-6.99533	0	-8743.29	0	-0.159191	0.00699533	-0.166186	-0.159191	0	-1.16019	0	-27.5764	0	0.0514356	0.116019	-0.064583	0.0514356
0	1.43832	0	-10062.5	0	-0.166539	-0.00143832	-0.165101	-0.166539	0	-1.23149	0	-40.2657	0	0.0655159	0.123149	-0.0576331	0.0655159
0	5.7392	0	-8568.51	0	-0.17147	-0.0057392	-0.16573	-0.17147	0	-1.17349	0	105.302	0	0.0671032	0.117349	-0.0502458	0.0671032
0	6.19924	0	-7467.18	0	-0.173208	-0.00619924	-0.167009	-0.173208	0	-0.939892	0	-17.7602	0	0.0504811	0.0939892	-0.0435081	0.0504811
0	-0.474076	0	-4682.72	0	-0.167508	0.000474076	-0.167982	-0.167508	0	-0.88402	0	88.7818	0	0.050447	0.088402	-0.037955	0.050447
0	-17.188	0	-3923.76	0	-0.149896	0.017188	-0.167084	-0.149896	0	-0.925525	0	-66.6019	0	0.0600118	0.0925525	-0.0325407	0.0600118
0	-26.9976	0	-3964.46	0	-0.135868	0.0269976	-0.162866	-0.135868	0	-0.754717	0	93.5702	0	0.0482239	0.0754717	-0.0272478	0.0482239
0	2.68821	0	-7752.09	0	-0.160932	-0.00268821	-0.158244	-0.160932	0	-0.356696	0	178.804	0	0.0124872	0.0356696	-0.0231824	0.0124872
0	58.5216	0	-16440.6	0	-0.220534	-0.0585216	-0.162013	-0.220534	0	0.401564	0	395.479	0	-0.0625539	-0.0401564	-0.0223975	-0.0625539
0	73.1839	0	-12832.6	0	-0.248241	-0.0731839	-0.175057	-0.248241	0	0.056223	0	-254.068	0	-0.0300988	-0.0056223	-0.0244765	-0.0300988
0	31.4685	0	-6210.22	0	-0.21953	-0.0314685	-0.188062	-0.21953	0	-0.061906	0	-10.817	0	-0.01828	0.0061906	-0.0244706	-0.01828
0	-20.9884	0	-4012.35	0	-0.170521	0.0209884	-0.191509	-0.170521	0	0.0711222	0	72.9801	0	-0.0313806	-0.00711222	-0.0242684	-0.0313806
0	-45.8616	0	-2257.4	0	-0.139847	0.0458616	-0.185708	-0.139847	0	0.139765	0	-41.7022	0	-0.0389509	-0.0139765	-0.0249745	-0.0389509
0	-59.2337	0	-3957.28	0	-0.116509	0.0592337	-0.175743	-0.116509	0	0.0652689	0	-31.1677	0	-0.0322857	-0.00652689	-0.0257588	-0.0322857
0	-55.0049	0	-3081	0	-0.108712	0.0550049	-0.163717	-0.108712	0	0.161581	0	135.469	0	-0.0423979	-0.0161581	-0.0262398	-0.0423979
0	-21.705	0	-8290.79	0	-0.132401	0.021705	-0.154106	-0.132401	0	0.0493056	0	-102.515	0	-0.0320105	-0.00493056	-0.02708	-0.0320105
0	15.8374	0	-9890.11	0	-0.167742	-0.0158374	-0.151904	-0.167742	0	-0.236439	0	-109.698	0	-0.00321947	0.0236439	-0.0268634	-0.00321947
0	23.1242	0	-6995.52	0	-0.178873	-0.0231242	-0.155749	-0.178873	0	-0.257191	0	11.2096	0	0.000429241	0.0257191	-0.0252899	0.000429241
0	6.72588	0	-6358.66	0	-0.166536	-0.00672588	-0.15981	-0.166536	0	-0.234843	0	-45.2935	0	-0.000517897	0.0234843	-0.0240022	-0.000517897
0	-11.0248	0	-7287.62	0	-0.149163	0.0110248	-0.160188	-0.149163	0	-0.434917	0	-90.3045	0	0.0212242	0.0434917	-0.0222674	0.0212242
0	-20.1433	0	-4024.32	0	-0.137208	0.0201433	-0.157351	-0.137208	0	-0.434385	0	50.714	0	0.023854	0.0434385	-0.0195845	0.023854
0	-27.6493	0	-6310.78	0	-0.12523	0.0276493	-0.15288	-0.12523	0	-0.470568	0	-50.5607	0	0.030184	0.0470568	-0.0168728	0.030184
0	-22.7516	0	-3942.92	0	-0.1247	0.0227516	-0.147451	-0.1247	0	-0.549853	0	-29.2523	0	0.0412025	0.0549853	-0.0137828	0.0412025
0	-17.4609	0	-4888.62	0	-0.125785	0.0174609	-0.143246	-0.125785	0	-0.502495	0	27.9691	0	0.0396636	0.0502495	-0.0105859	0.0396636
0	-18.4882	0	-5295.64	0	-0.121178	0.0184882	-0.139666	-0.121178	0	-0.313063	0	53.8264	0	0.023555	0.0313063	-0.00775131	0.023555
0	-18.3066	0	-4541.47	0	-0.117702	0.0183066	-0.136009	-0.117702	0	-0.0650987	0	96.6827	0	9.57795e-05	0.00650987	-0.00641409	9.57795e-05
0	-20.26	0	-2082.62	0	-0.111989	0.02026	-0.132249	-0.111989	0	0.013654	0	72.0224	0	-0.00746392	-0.0013654	-0.00609852	-0.00746392
0	-21.5039	0	-1642.09	0	-0.106695	0.0215039	-0.128199	-0.106695	0	0.00620443	0	-14.1689	0	-0.00673065	-0.000620443	-0.00611021	-0.00673065
0	-24.4386	0	-2714.69	0	-0.0993251	0.0244386	-0.123764	-0.0993251	0	-0.0933006	0	-50.0819	0	0.00326245	0.00933006	-0.00606762	0.00326245
0	-25.9722	0	-1199.16	0	-0.0929638	0.0259722	-0.118936	-0.0929638	0	-0.0895758	0	-1.00078	0	0.00341305	0.00895758	-0.00554453	0.00341305
0	-30.0377	0	-2381.9	0	-0.0834314	0.0300377	-0.113469	-0.0834314	0	-0.0587133	0	-13.4506	0	0.000830733	0.00587133	-0.0050406	0.000830733
0	-31.4698	0	-1187.19	0	-0.0758634	0.0314698	-0.107333	-0.0758634	0	-0.0214654	0	84.4722	0	-0.00259605	0.00214654	-0.00474259	-0.00259605
0	-33.5654	0	-1062.69	0	-0.0674012	0.0335654	-0.100967	-0.0674012	0	0.0354706	0	-11.7747	0	-0.00818321	-0.00354706	-0.00463615	-0.00818321
0	-32.5761	0	646.77	0	-0.0616868	0.0325761	-0.0942629	-0.0616868	0	0.0322779	0	10.252	0	-0.00817574	-0.0032278	-0.00494795	-0.00817574
0	-33.5143	0	-1148.88	0	-0.0541871	0.0335143	-0.0877014	-0.0541871	0	0.013654	0	-29.0129	0	-0.00655171	-0.0013654	-0.00518631	-0.00655171
0	-31.618	0	-26.001	0	-0.0495411	0.031618	-0.0811591	-0.0495411	0	-0.0964933	0	-26.8582	0	0.00450242	0.00964933	-0.00514691	0.00450242
0	-31.603	0	-552.725	0	-0.0432206	0.031603	-0.0748236	-0.0432206	0	-0.132145	0	-22.5486	0	0.00866249	0.0132145	-0.00455199	0.00866249
