0	0.0315255	0	184.449	0	-1.89153e-05	-1.89153e-05	0	-1.89153e-05	0	-0.00945564	0	-3.16513	0	0.000945564	0.000945564	0	0.000945564
0.48	-0.525531	480	-126.797	0.0166661	0.000532345	0.000603319	-7.09733e-05	0.0171984	0	-0.00626297	0	19.3404	0	0.000620773	0.000626297	-5.52333e-06	0.000620773
1.92	-0.500725	960	-107.643	0.033498	0.00181088	0.00145244	0.00035844	0.0353089	0	0.0283244	0	-0.770934	0	-0.00280836	-0.00283244	2.40728e-05	-0.00280836
4.32	0.0822779	1440	-224.959	0.0504958	0.00402001	0.00254263	0.00147738	0.0545158	0	0.026728	0	-3.40456	0	-0.00275801	-0.0026728	-8.52125e-05	-0.00275801
7.68	0.0744651	1920	249.093	0.0676594	0.00816948	0.00456332	0.00360616	0.0758288	0	0.0091683	0	12.876	0	-0.00115124	-0.00091683	-0.000234406	-0.00115124
12	1.5528	2400	203.603	0.0849888	0.0131982	0.00626832	0.00692984	0.0981869	0	0.021939	0	-4.60166	0	-0.00258548	-0.0021939	-0.000391582	-0.00258548
17.28	4.39128	2880	778.211	0.102484	0.0192027	0.00773324	0.0114694	0.121687	0	0.00225084	0	0.186746	0	-0.000738721	-0.000225084	-0.000513638	-0.000738721
23.52	10.1818	3360	2006.44	0.120145	0.0246081	0.00800295	0.0166052	0.144753	0	-0.0328686	0	42.0853	0	0.00291297	0.00328686	-0.000373894	0.00291297
30.72	16.4143	3840	2614.56	0.137972	0.0306532	0.00858341	0.0220698	0.168625	0	-0.0546852	0	-25.91	0	0.00532696	0.00546852	-0.000141563	0.00532696
38.88	24.1347	4320	3325.64	0.155965	0.036809	0.00884721	0.0279618	0.192774	0	-0.0871441	0	-29.5014	0	0.00886424	0.00871441	0.000149832	0.00886424
48	32.8475	4800	3749.42	0.174123	0.0429621	0.00909152	0.0338705	0.217085	0	-0.110557	0	33.4661	0	0.0117396	0.0110557	0.000683871	0.0117396
58.08	47.1092	5280	5513.94	0.192448	0.0461398	0.00658249	0.0395573	0.238588	0	-0.173878	0	14.552	0	0.0188883	0.0173878	0.00150046	0.0188883
69.12	59.5858	5760	5437.33	0.210938	0.0494328	0.00572051	0.0437123	0.260371	0	-0.284026	0	-103.243	0	0.0311315	0.0284026	0.00272891	0.0311315
81.12	76.4053	6240	5997.57	0.229594	0.0500528	0.00282881	0.047224	0.279647	0	-0.346815	0	-22.3188	0	0.0391688	0.0346815	0.00448734	0.0391688
94.08	96.2652	6720	5928.14	0.248416	0.0473109	-0.00131113	0.0486221	0.295727	0	-0.395769	0	15.749	0	0.0461547	0.0395769	0.00657781	0.0461547
108	121.517	7200	6031.09	0.267404	0.0386003	-0.00811022	0.0467105	0.306004	0	-0.401623	0	-18.0092	0	0.0492169	0.0401623	0.00905459	0.0492169
122.88	155.237	7680	5897.01	0.286557	0.0196878	-0.019414	0.0391018	0.306245	0	-0.388852	0	-16.0938	0	0.0503399	0.0388852	0.0114547	0.0503399
138.72	189.365	8160	7165.94	0.305877	-0.00592818	-0.0303868	0.0244586	0.299948	0	-0.489953	0	23.1711	0	0.0628933	0.0489953	0.013898	0.0628933
147	211.45	8400	7414.94	0.315599	-0.0243405	-0.0386702	0.0143297	0.291258	0	-0.536779	0	-20.4034	0	0.0690458	0.0536779	0.0153679	0.0690458
164.28	257.244	8880	6936.1	0.335167	-0.0703712	-0.0557782	-0.014593	0.264795	0	-0.738982	0	-161.661	0	0.0928779	0.0738982	0.0189796	0.0928779
182.25	288.158	9000	6402.19	0.342417	-0.117437	-0.0635447	-0.0538927	0.224979	0	-0.821459	0	-44.5848	0	0.105694	0.082146	0.0235476	0.105694
200.25	323.076	9000	5815.61	0.345526	-0.171729	-0.0736956	-0.0980334	0.173797	0	-0.748028	0	90.6876	0	0.103172	0.0748028	0.0283694	0.103172
218.25	344.7	9000	4063.06	0.348635	-0.223967	-0.0758699	-0.148097	0.124668	0	-0.560192	0	7.84819	0	0.0887411	0.0560192	0.0327219	0.0887411
236.25	339.658	9000	2442.18	0.351745	-0.259205	-0.0620448	-0.19716	0.0925398	0	-0.136098	0	180.47	0	0.0491613	0.0136098	0.0355515	0.0491613
254.25	328.136	9000	1309.72	0.354854	-0.280695	-0.0443319	-0.236363	0.0741588	0	0.274692	0	136.177	0	0.00818686	-0.0274692	0.0356561	0.00818686
272.25	308.156	9000	2154.88	0.357963	-0.2837	-0.0215437	-0.262156	0.0742638	0	0.620566	0	219.256	0	-0.0285307	-0.0620566	0.0335259	-0.0285307
290.25	273.974	9000	3356.77	0.361073	-0.26175	0.00976523	-0.271515	0.0993231	0	1.17077	0	217.341	0	-0.0881908	-0.117077	0.0288862	-0.0881908
308.25	244.395	9000	2863.56	0.364182	-0.222323	0.0383126	-0.260635	0.141859	0	1.4347	0	139.769	0	-0.122049	-0.14347	0.021421	-0.122049
326.25	231.324	9000	2152.48	0.367291	-0.17473	0.0569553	-0.231685	0.192561	0	1.32295	0	-141.071	0	-0.119479	-0.132295	0.012816	-0.119479
344.25	227.448	9000	2205.16	0.370401	-0.121591	0.0700808	-0.191671	0.24881	0	0.832347	0	-146.817	0	-0.0776844	-0.0832347	0.0055503	-0.0776844
362.25	250.061	9000	2394.3	0.37351	-0.0774481	0.0673132	-0.144761	0.296062	0	0.375794	0	-146.578	0	-0.0363048	-0.0375794	0.00127457	-0.0363048
380.25	281.8	9000	5190.73	0.376619	-0.0421404	0.05907	-0.10121	0.334479	0	0.0304528	0	-129.818	0	-0.00342845	-0.00304528	-0.000383165	-0.00342845
398.25	316.171	9000	9955.19	0.379729	-0.0139826	0.0492471	-0.0632297	0.365746	0	-0.474522	0	-146.099	0	0.0477946	0.0474522	0.000342434	0.0477946
416.25	355.296	9000	7917.72	0.382838	0.00415666	0.036572	-0.0324154	0.386995	0	-0.66289	0	-146.338	0	0.0699447	0.066289	0.0036557	0.0699447
434.25	415.96	9000	8228.97	0.385947	-0.000740817	0.0109737	-0.0117145	0.385207	0	-0.636816	0	19.3404	0	0.0710561	0.0636816	0.00737443	0.0710561
452.25	467.325	9000	6256.15	0.389057	-0.0179075	-0.00904519	-0.00886226	0.371149	0	-0.705459	0	-55.3587	0	0.0817125	0.0705459	0.0111666	0.0817125
470.25	522.955	9000	4386.27	0.392166	-0.0490446	-0.0316234	-0.0174212	0.343122	0	-1.03537	0	-134.607	0	0.119468	0.103537	0.0159309	0.119468
488.25	613.412	9000	3249.03	0.395275	-0.123359	-0.0750973	-0.0482618	0.271916	0	-0.995992	0	-60.626	0	0.121709	0.0995992	0.0221096	0.121709
506.25	666.176	9000	3627.31	0.398385	-0.197545	-0.0959555	-0.10159	0.20084	0	-0.733661	0	186.934	0	0.100914	0.0733661	0.0275476	0.100914
524.25	651.488	9000	10872.2	0.401494	-0.239884	-0.076343	-0.163541	0.16161	0	-1.17478	0	-104.2	0	0.149773	0.117478	0.0322944	0.149773
542.25	609.618	9000	8389.38	0.404604	-0.248537	-0.0404207	-0.208116	0.156067	0	-0.881588	0	21.0163	0	0.127436	0.0881588	0.0392776	0.127436
560.25	568.277	9000	-1141.94	0.407713	-0.232635	-0.00481655	-0.227818	0.175078	0	-0.123328	0	248.226	0	0.0557139	0.0123328	0.0433811	0.0557139
578.25	580.141	9000	498.09	0.410822	-0.230653	-0.00113463	-0.229519	0.180169	0	0.289592	0	231.227	0	0.0144898	-0.0289592	0.043449	0.0144898
596.25	565.901	9000	1946.58	0.413932	-0.210437	0.0182093	-0.228646	0.203494	0	0.507226	0	121.333	0	-0.00939585	-0.0507226	0.0413267	-0.00939585
623.25	517.724	9000	9603.24	0.418596	-0.132903	0.0633154	-0.196219	0.285692	0	1.30273	0	455.564	0	-0.0954194	-0.130273	0.0348541	-0.0954194
641.25	500.323	9000	10379	0.421705	-0.0636135	0.084556	-0.14817	0.358091	0	2.02641	0	21.2557	0	-0.177083	-0.202641	0.0255579	-0.177083
659.25	528.307	9000	3864.34	0.424814	-0.0124578	0.0785656	-0.0910235	0.412356	0	2.03599	0	-41.2329	0	-0.190391	-0.203599	0.0132078	-0.190391
677.25	582.555	9000	3205.93	0.427924	0.0146041	0.056817	-0.042213	0.442528	0	2.15731	0	68.6609	0	-0.214739	-0.215731	0.000991936	-0.214739
695.25	649.984	9000	9722.95	0.431033	0.0149889	0.02716	-0.012171	0.446022	0	2.60747	0	345.431	0	-0.273604	-0.260747	-0.012857	-0.273604
713.25	673.169	9000	11714.9	0.434142	0.0314382	0.0240485	0.00738963	0.465581	0	2.25256	0	-69.2451	0	-0.253735	-0.225256	-0.0284795	-0.253735
731.25	702.95	9000	13151.4	0.437252	0.0375063	0.01698	0.0205263	0.474758	0	1.15268	0	-279.456	0	-0.155698	-0.115268	-0.0404304	-0.155698
749.25	722.667	9000	16340.5	0.440361	0.0488691	0.0159497	0.0329194	0.48923	0	0.0730218	0	-504.032	0	-0.0530204	-0.00730218	-0.0457183	-0.0530204
767.25	737.859	9000	9821.11	0.44347	0.0600598	0.017635	0.0424247	0.50353	0	-0.741643	0	-355.831	0	0.0291078	0.0741643	-0.0450565	0.0291078
785.25	779.717	9000	11480.3	0.44658	0.0549515	0.00331996	0.0516315	0.501531	0	-1.72924	0	-552.395	0	0.13325	0.172924	-0.0396744	0.13325
803.25	818.987	9000	11118.8	0.449689	0.0431329	-0.00944202	0.0525749	0.492822	0	-2.27892	0	-199.25	0	0.199846	0.227892	-0.0280458	0.199846
821.25	831.784	9000	13740.4	0.452798	0.0400443	-0.00632044	0.0463647	0.492843	0	-3.02866	0	-255.514	0	0.289686	0.302866	-0.0131798	0.289686
839.25	929.805	9000	6462.05	0.455908	-0.021017	-0.0543329	0.0333158	0.434891	0	-3.19787	0	-245.458	0	0.325145	0.319787	0.0053577	0.325145
857.25	1020.96	9000	5171.57	0.459017	-0.107796	-0.098223	-0.00957313	0.351221	0	-3.1851	0	145.994	0	0.343328	0.31851	0.0248179	0.343328
875.25	1091.73	9000	2281.77	0.462127	-0.213594	-0.129887	-0.0837061	0.248533	0	-3.23619	0	9.76355	0	0.367562	0.323619	0.0439429	0.367562
893.251	1175.14	9000	2133.33	0.465236	-0.344435	-0.169131	-0.175304	0.120801	0	-3.25428	0	-113.777	0	0.389032	0.325428	0.0636043	0.389032
911.251	1164.38	9000	2279.38	0.468345	-0.437153	-0.151877	-0.285275	0.0311927	0	-3.01642	0	111.038	0	0.384434	0.301642	0.0827915	0.384434
929.251	1136.76	9000	3009.61	0.471455	-0.509869	-0.124506	-0.385363	-0.0384141	0	-1.74042	0	522.123	0	0.273479	0.174042	0.0994374	0.273479
947.251	1061.49	9000	2004.04	0.474564	-0.528687	-0.0685413	-0.460146	-0.054123	0	-0.444192	0	500.096	0	0.152457	0.0444192	0.108038	0.152457
965.251	997.873	9000	-7579.95	0.477673	-0.518989	-0.0195734	-0.499415	-0.0413155	0	1.02178	0	682.774	0	0.00651363	-0.102178	0.108691	0.00651363
983.251	939.459	9000	-1718.94	0.480783	-0.479039	0.0262748	-0.505313	0.00174406	0	2.15411	0	471.126	0	-0.114795	-0.215411	0.100616	-0.114795
1001.25	849.074	9000	-677.463	0.483892	-0.384174	0.0913059	-0.47548	0.0997177	0	2.67931	0	270.253	0	-0.181173	-0.267931	0.0867579	-0.181173
1019.25	803.487	9000	-1398.12	0.487001	-0.278112	0.129458	-0.40757	0.20889	0	3.50462	0	394.512	0	-0.280814	-0.350462	0.0696476	-0.280814
1037.2	782.526	8839.98	-289.603	0.484573	-0.164677	0.152803	-0.31748	0.319896	0	3.33381	0	-71.1605	0	-0.284785	-0.333381	0.048596	-0.284785
1054.4	723.031	8359.98	4632.88	0.470961	-0.00868464	0.19882	-0.207504	0.462276	0	2.96186	0	-205.715	0	-0.266977	-0.296186	0.0292093	-0.266977
1070.64	754.394	7879.98	21995.6	0.457183	0.117079	0.189746	-0.0726665	0.574262	0	2.35472	0	-96.5391	0	-0.223627	-0.235472	0.0118452	-0.223627
1085.92	813.127	7399.98	11121.2	0.443239	0.214396	0.163674	0.0507218	0.657636	0	1.61668	0	-349.846	0	-0.16246	-0.161668	-0.000792106	-0.16246
1100.24	988.109	6919.98	2214.73	0.42913	0.209852	0.0672772	0.142574	0.638982	0	1.49163	0	-96.539	0	-0.159229	-0.149163	-0.010066	-0.159229
1113.6	1187.44	6439.98	1388.73	0.414854	0.128591	-0.044303	0.172894	0.543446	0	1.53952	0	12.3972	0	-0.173142	-0.153952	-0.0191898	-0.173142
1126	1311.79	5959.98	1383.94	0.400413	0.0201963	-0.111478	0.131674	0.42061	0	2.10729	0	185.737	0	-0.240275	-0.210729	-0.029546	-0.240275
1137.44	1245.85	5479.97	18935.8	0.385806	-0.00338064	-0.0650503	0.0616697	0.382426	0	-0.570834	0	-920.623	0	0.0163784	0.0570834	-0.0407051	0.0163784
1147.92	1182.79	4999.97	34941.1	0.371033	0.00533042	-0.0209256	0.026256	0.376364	0	-4.61489	0	-1650.14	0	0.432705	0.461489	-0.0287844	0.432705
1157.44	1155.48	4519.97	7027.08	0.356095	0.0205017	0.00117656	0.0193251	0.376596	0	-2.7493	0	412.468	0	0.271227	0.27493	-0.00370345	0.271227
1166	1204.76	4039.97	-751.684	0.34099	-0.00952884	-0.0232556	0.0137267	0.331461	0	-2.46728	0	-28.7831	0	0.259332	0.246728	0.012604	0.259332
1173.6	1248.5	3559.97	-581.695	0.32572	-0.0527977	-0.0449447	-0.00785303	0.272922	0	-2.86318	0	81.5896	0	0.314653	0.286318	0.0283352	0.314653
1180.24	1276.11	3079.97	-201.017	0.310283	-0.101048	-0.0575224	-0.0435261	0.209235	0	-2.92703	0	-116.411	0	0.337663	0.292703	0.0449603	0.337663
1185.92	1249.77	2599.97	6004.75	0.294681	-0.123149	-0.0383095	-0.0848398	0.171532	0	-2.71099	0	200.103	0	0.334667	0.271099	0.0635681	0.334667
1190.64	1146.29	2119.97	17674.1	0.278914	-0.0745047	0.0266054	-0.10111	0.204409	0	0.933448	0	1309.58	0	-0.0184227	-0.0933448	0.0749221	-0.0184227
1194.4	1091.41	1639.97	4182.77	0.26298	-0.0134588	0.0617941	-0.0752529	0.249521	0	2.82564	0	781.654	0	-0.217318	-0.282564	0.065246	-0.217318
1197.2	1068.56	1159.97	-2937.59	0.24688	0.0475471	0.0771841	-0.029637	0.294427	0	2.44997	0	88.7722	0	-0.196323	-0.244997	0.0486736	-0.196323
1199.04	1080.04	679.965	684.837	0.230615	0.0906314	0.0713954	0.019236	0.321246	0	2.15784	0	-49.8521	0	-0.181315	-0.215784	0.0344687	-0.181315
1199.92	1136.88	199.964	823.701	0.214184	0.101597	0.0378198	0.0637773	0.315781	0	2.3776	0	10.4818	0	-0.216748	-0.23776	0.0210124	-0.216748
1200	1125	0	3488.45	0.20729	0.130852	0.0450026	0.085849	0.338141	0	2.75327	0	208.961	0	-0.268571	-0.275327	0.00675639	-0.268571
1200	1048.52	0	14671.8	0.20729	0.216085	0.0908906	0.125195	0.423375	0	0.231591	0	-495.174	0	-0.0271851	-0.0231591	-0.00402601	-0.0271851
1200	999.196	0	13979.8	0.20729	0.315229	0.120482	0.194746	0.522518	0	-0.331916	0	-846.403	0	0.0302057	0.0331916	-0.00298593	0.0302057
1200	1062.05	0	2106.99	0.20729	0.349971	0.0827718	0.267199	0.557261	0	0.503501	0	204.891	0	-0.0529329	-0.0503501	-0.00258279	-0.0529329
1200	1171.44	0	4161.22	0.20729	0.332666	0.017135	0.315531	0.539956	0	0.385904	0	74.1676	0	-0.0440809	-0.0385904	-0.00549045	-0.0440809
1200	1295.71	0	-315.939	0.20729	0.257481	-0.0574243	0.314905	0.46477	0	-0.213255	0	-85.7651	0	0.0139634	0.0213255	-0.0073621	0.0139634
1200	1343.43	0	10386.1	0.20729	0.185138	-0.0860566	0.271195	0.392428	0	-1.08379	0	-437.234	0	0.103299	0.108379	-0.00508007	0.103299
1200	1270.06	0	21306.1	0.20729	0.176841	-0.0420357	0.218877	0.384131	0	-1.24502	0	69.6186	0	0.126905	0.124502	0.00240283	0.126905
1200	1259.08	0	12591.2	0.20729	0.154793	-0.0354469	0.19024	0.362083	0	-0.820395	0	9.76353	0	0.0911606	0.0820395	0.00912108	0.0911606
1200	1253.79	0	6553.03	0.20729	0.137332	-0.0322718	0.169604	0.344622	0	-0.275512	0	150.064	0	0.0402298	0.0275512	0.0126786	0.0402298
1200	1266.47	0	2217.13	0.20729	0.105332	-0.0398791	0.145211	0.312621	0	0.4024	0	141.205	0	-0.0263202	-0.04024	0.0139198	-0.0263202
1200	1252.72	0	2952.15	0.20729	0.0891377	-0.0316306	0.120768	0.296427	0	0.500308	0	237.213	0	-0.0390011	-0.0500308	0.0110297	-0.0390011
1200	1239.78	0	15619.9	0.20729	0.0777441	-0.0238668	0.101611	0.285034	0	2.26373	0	271.45	0	-0.222028	-0.226373	0.00434509	-0.222028
1200	1233.71	0	7697.45	0.20729	0.0643057	-0.020229	0.0845346	0.271595	0	1.23462	0	27.0018	0	-0.131003	-0.123462	-0.00754038	-0.131003
1200	1247.38	0	4953.7	0.20729	0.0417754	-0.0284251	0.0702005	0.249065	0	-0.0722449	0	-62.5414	0	-0.00650402	0.00722449	-0.0137285	-0.00650402
1200	1222.81	0	818.913	0.20729	0.0390926	-0.0136863	0.0527789	0.246382	0	1.55921	0	78.956	0	-0.172546	-0.155921	-0.016625	-0.172546
1200	1206.45	0	6275.3	0.20729	0.0422147	-0.00386836	0.0460831	0.249504	0	1.23516	0	28.9172	0	-0.149252	-0.123516	-0.025736	-0.149252
1200	1172.21	0	6742.17	0.20729	0.063898	0.016671	0.0472269	0.271188	0	0.665263	0	-258.626	0	-0.0987458	-0.0665263	-0.0322195	-0.0987458
1200	1163.45	0	-677.463	0.20729	0.0805029	0.0219299	0.0585731	0.287793	0	0.275757	0	-258.387	0	-0.0631434	-0.0275757	-0.0355678	-0.0631434
1200	1157.66	0	1386.34	0.20729	0.100184	0.0254038	0.0747804	0.307474	0	0.0772787	0	-38.5993	0	-0.0448448	-0.00772787	-0.0371169	-0.0448448
1200	1194.52	0	1455.77	0.20729	0.0929611	0.00328682	0.0896743	0.300251	0	-0.230814	0	-51.7674	0	-0.0139851	0.0230814	-0.0370666	-0.0139851
1200	1224.26	0	4125.31	0.20729	0.0727436	-0.014553	0.0872966	0.280033	0	-0.256356	0	-199.49	0	-0.00987052	0.0256356	-0.0355061	-0.00987052
1200	1188.92	0	4783.71	0.20729	0.0875306	0.00665061	0.08088	0.29482	0	-0.119603	0	84.2232	0	-0.0221162	0.0119603	-0.0340765	-0.0221162
1200	1192.2	0	6213.05	0.20729	0.0895346	0.00468201	0.0848526	0.296824	0	0.375794	0	210.398	0	-0.0717828	-0.0375794	-0.0342034	-0.0717828
1200	1203.59	0	2363.17	0.20729	0.0868591	-0.00215581	0.0890149	0.294149	0	0.454014	0	207.046	0	-0.0817095	-0.0454014	-0.0363081	-0.0817095
1200	1236.37	0	3244.24	0.20729	0.0638129	-0.0218197	0.0856326	0.271103	0	0.610988	0	73.9282	0	-0.10026	-0.0610988	-0.0391615	-0.10026
1200	1252.37	0	897.921	0.20729	0.0387176	-0.0314243	0.0701419	0.246007	0	0.663135	0	-86.4834	0	-0.10917	-0.0663135	-0.0428561	-0.10917
1200	1239.9	0	1599.42	0.20729	0.0240471	-0.0239383	0.0479854	0.231337	0	0.364619	0	-148.972	0	-0.0830447	-0.0364619	-0.0465827	-0.0830447
1200	1243.7	0	7589.72	0.20729	0.00402801	-0.0262198	0.0302478	0.211318	0	0.131554	0	-72.3576	0	-0.0612059	-0.0131554	-0.0480505	-0.0612059
1200	1230.21	0	2911.45	0.20729	-0.00213288	-0.0181282	0.0159953	0.205157	0	-0.0286117	0	-118.805	0	-0.0457168	0.00286117	-0.048578	-0.0457168
1200	1209.08	0	1161.28	0.20729	0.00207511	-0.00544878	0.00752389	0.209365	0	-0.207402	0	140.487	0	-0.0273278	0.0207402	-0.0480679	-0.0273278
1200	1192.17	0	-799.568	0.20729	0.00519474	0.00469893	0.000495812	0.212484	0	-0.147273	0	-120.242	0	-0.0323947	0.0147273	-0.047122	-0.0323947
1200	1208.9	0	2379.93	0.20729	-0.00137059	-0.00533906	0.00396847	0.205919	0	-0.150465	0	93.3212	0	-0.0309779	0.0150465	-0.0460245	-0.0309779
1200	1197.67	0	1886.73	0.20729	0.0052923	0.00139805	0.00389425	0.212582	0	-0.110557	0	-47.9367	0	-0.0339431	0.0110557	-0.0449988	-0.0339431
1200	1199.03	0	-1924.84	0.20729	0.008361	0.000580664	0.00778033	0.215651	0	-0.121199	0	31.5508	0	-0.0322267	0.0121199	-0.0443466	-0.0322267
1200	1187.91	0	-1137.15	0.20729	0.0157836	0.00725244	0.00853119	0.223073	0	0.122508	0	118.46	0	-0.0562214	-0.0122508	-0.0439706	-0.0562214
1200	1216.5	0	2494.85	0.20729	-0.0036546	-0.00990103	0.00624642	0.203635	0	0.382711	0	68.9003	0	-0.0831316	-0.0382711	-0.0448605	-0.0831316
1200	1226.65	0	7831.53	0.20729	-0.0170867	-0.0159918	-0.00109484	0.190203	0	0.277353	0	-190.871	0	-0.0750405	-0.0277353	-0.0473052	-0.0750405
1200	1211.47	0	1685.61	0.20729	-0.0140143	-0.00688081	-0.00713353	0.193275	0	-0.072777	0	24.847	0	-0.0407338	0.0072777	-0.0480115	-0.0407338
1200	1209.95	0	-1058.14	0.20729	-0.0170897	-0.0059688	-0.0111209	0.1902	0	0.0490767	0	61.2389	0	-0.0529439	-0.00490767	-0.0480362	-0.0529439
1200	1201.32	0	-588.878	0.20729	-0.0162692	-0.000790283	-0.0154789	0.19102	0	0.0815356	0	1.86269	0	-0.0565193	-0.00815356	-0.0483658	-0.0565193
1200	1228.12	0	-586.484	0.20729	-0.0379952	-0.0168746	-0.0211207	0.169294	0	-0.0600063	0	-101.327	0	-0.0426053	0.00600063	-0.048606	-0.0426053
1200	1232.53	0	-1757.25	0.20729	-0.0480329	-0.019516	-0.0285169	0.159257	0	0.157096	0	157.007	0	-0.0639858	-0.0157096	-0.0482763	-0.0639858
1200	1194.16	0	-2762.81	0.20729	-0.0299597	0.0035023	-0.033462	0.17733	0	0.18583	0	19.1009	0	-0.0680508	-0.018583	-0.0494679	-0.0680508
1200	1202.64	0	-117.22	0.20729	-0.0346647	-0.00158438	-0.0330803	0.172625	0	0.174655	0	22.2134	0	-0.0681314	-0.0174655	-0.0506659	-0.0681314
1200	1203.18	0	-361.429	0.20729	-0.0375478	-0.00191016	-0.0356377	0.169742	0	0.207646	0	-51.528	0	-0.0724976	-0.0207646	-0.0517329	-0.0724976
1200	1224.64	0	1022.42	0.20729	-0.0533903	-0.0147819	-0.0386084	0.153899	0	0.230527	0	-6.03817	0	-0.0760682	-0.0230527	-0.0530155	-0.0760682
1200	1218.56	0	3277.76	0.20729	-0.0559312	-0.0111374	-0.0447938	0.151359	0	-0.253695	0	-306.271	0	-0.028678	0.0253695	-0.0540475	-0.028678
1200	1196.5	0	5207.48	0.20729	-0.0501681	0.00209707	-0.0522652	0.157122	0	-0.452173	0	78.7166	0	-0.00646193	0.0452173	-0.0516793	-0.00646193
1200	1191.54	0	-878.576	0.20729	-0.0469957	0.00507686	-0.0520726	0.160294	0	-0.137163	0	95.9548	0	-0.035748	0.0137163	-0.0494643	-0.035748
1200	1171.51	0	-3174.62	0.20729	-0.0316486	0.017096	-0.0487445	0.175641	0	-0.183456	0	-134.128	0	-0.0302589	0.0183456	-0.0486046	-0.0302589
1200	1178.71	0	-2030.19	0.20729	-0.0248048	0.0127737	-0.0375786	0.182485	0	-0.364907	0	41.6064	0	-0.0105311	0.0364907	-0.0470218	-0.0105311
1200	1200.01	0	-2221.72	0.20729	-0.032833	-4.6875e-06	-0.0328284	0.174457	0	0.0852604	0	31.0719	0	-0.053941	-0.00852604	-0.045415	-0.053941
1200	1210.37	0	47.9798	0.20729	-0.0390504	-0.00622046	-0.0328299	0.168239	0	0.123573	0	144.078	0	-0.058028	-0.0123573	-0.0456708	-0.058028
1200	1198.42	0	624.982	0.20729	-0.0308339	0.000945703	-0.0317796	0.176456	0	0.0629117	0	26.523	0	-0.0525836	-0.00629117	-0.0462925	-0.0525836
1200	1185.13	0	107.835	0.20729	-0.0246998	0.00892134	-0.0336211	0.18259	0	0.270436	0	56.6899	0	-0.0743217	-0.0270436	-0.0472781	-0.0743217
1200	1204.76	0	1113.4	0.20729	-0.0327199	-0.00285725	-0.0298627	0.17457	0	0.0565263	0	-22.7976	0	-0.0540921	-0.00565263	-0.0484394	-0.0540921
1200	1213.81	0	452.6	0.20729	-0.039245	-0.0082853	-0.0309597	0.168045	0	0.196472	0	-104.2	0	-0.0687355	-0.0196472	-0.0490883	-0.0687355
1200	1225.67	0	-770.837	0.20729	-0.0538849	-0.0154039	-0.038481	0.153405	0	-0.0647954	0	13.8337	0	-0.0432241	0.00647954	-0.0497036	-0.0432241
1200	1207.36	0	1194.8	0.20729	-0.0515231	-0.00441357	-0.0471095	0.155767	0	-0.290411	0	-116.171	0	-0.0198172	0.0290411	-0.0488583	-0.0198172
1200	1196.3	0	-1058.14	0.20729	-0.048483	0.00221931	-0.0507023	0.158807	0	-0.0999148	0	147.909	0	-0.037458	0.00999148	-0.0474494	-0.037458
1200	1181.37	0	-1872.17	0.20729	-0.0390879	0.0111761	-0.050264	0.168202	0	0.121444	0	-31.1773	0	-0.0591237	-0.0121444	-0.0469792	-0.0591237
1200	1196.9	0	-392.553	0.20729	-0.0386676	0.00186057	-0.0405282	0.168622	0	0.186894	0	66.985	0	-0.0667198	-0.0186894	-0.0480304	-0.0667198
1200	1196.43	0	-562.542	0.20729	-0.0401034	0.00214351	-0.0422469	0.167186	0	-0.124924	0	-23.2764	0	-0.036289	0.0124924	-0.0487814	-0.036289
1200	1200.78	0	203.603	0.20729	-0.0428953	-0.000468018	-0.0424273	0.164394	0	-0.274448	0	-122.875	0	-0.0201608	0.0274448	-0.0476056	-0.0201608
1200	1195.48	0	718.356	0.20729	-0.038939	0.00271165	-0.0416507	0.168351	0	-0.221236	0	-26.8677	0	-0.0239359	0.0221236	-0.0460595	-0.0239359
1200	1192.07	0	-864.211	0.20729	-0.0340553	0.0047573	-0.0388126	0.173234	0	0.0565263	0	113.672	0	-0.0506401	-0.00565263	-0.0449875	-0.0506401
1200	1178.14	0	-1596.84	0.20729	-0.0173758	0.013117	-0.0304929	0.189914	0	0.117719	0	106.01	0	-0.0572343	-0.0117719	-0.0454623	-0.0572343
1200	1197.51	0	316.13	0.20729	-0.0256247	0.00149194	-0.0271166	0.181665	0	-0.101511	0	-179.618	0	-0.0361548	0.0101511	-0.0463059	-0.0361548
1200	1194.24	0	-382.977	0.20729	-0.0220135	0.00345798	-0.0254715	0.185276	0	0.0352418	0	134.023	0	-0.0491604	-0.00352418	-0.0456362	-0.0491604
1200	1212.56	0	1980.1	0.20729	-0.0293414	-0.00753516	-0.0218063	0.177948	0	-0.0121162	0	-94.6236	0	-0.0446744	0.00121162	-0.045886	-0.0446744
1200	1218.08	0	3691.95	0.20729	-0.0397464	-0.0108507	-0.0288957	0.167543	0	0.24383	0	198.187	0	-0.0704916	-0.024383	-0.0461086	-0.0704916
1200	1207.87	0	964.959	0.20729	-0.0395878	-0.00472251	-0.0348653	0.167702	0	0.268307	0	-62.0625	0	-0.0746992	-0.0268307	-0.0478685	-0.0746992
1200	1213.29	0	-155.527	0.20729	-0.0468885	-0.00797358	-0.0389149	0.160401	0	0.291188	0	6.41167	0	-0.0784742	-0.0291188	-0.0493554	-0.0784742
1200	1229.81	0	-1989.49	0.20729	-0.0625352	-0.0178841	-0.044651	0.144754	0	0.0490767	0	-66.8509	0	-0.0559607	-0.00490767	-0.0510531	-0.0559607
1200	1201.75	0	-1381.36	0.20729	-0.0523109	-0.00104993	-0.0512609	0.154979	0	-0.0945937	0	-55.8376	0	-0.0415513	0.00945937	-0.0510107	-0.0415513
1200	1187.14	0	-2434.81	0.20729	-0.0459962	0.0077168	-0.053713	0.161294	0	-0.140355	0	-90.7929	0	-0.0365002	0.0140355	-0.0505357	-0.0365002
1200	1179.72	0	-2298.34	0.20729	-0.0361028	0.0121708	-0.0482736	0.171187	0	-0.110025	0	86.1386	0	-0.0384963	0.0110025	-0.0494988	-0.0384963
1200	1193.08	0	-804.356	0.20729	-0.0344513	0.00415166	-0.0386029	0.172838	0	0.113462	0	81.829	0	-0.0605058	-0.0113462	-0.0491595	-0.0605058
1200	1183.07	0	-131.585	0.20729	-0.0226285	0.0101596	-0.0327882	0.184661	0	-0.0546852	0	-133.41	0	-0.0442186	0.00546852	-0.0496871	-0.0442186
1200	1173	0	3045.52	0.20729	-0.0105901	0.0162012	-0.0267913	0.1967	0	-0.182924	0	-50.3309	0	-0.0309484	0.0182924	-0.0492408	-0.0309484
1200	1201.19	0	1087.06	0.20729	-0.0242102	-0.000714111	-0.0234961	0.183079	0	-0.0482999	0	82.3079	0	-0.043342	0.00482999	-0.048172	-0.043342
1200	1210.58	0	2715.12	0.20729	-0.0309425	-0.00634863	-0.0245939	0.176347	0	0.0256638	0	105.771	0	-0.0505476	-0.00256638	-0.0479812	-0.0505476
1200	1215.47	0	-212.988	0.20729	-0.0346375	-0.00928198	-0.0253556	0.172652	0	-0.140887	0	-143.465	0	-0.0340863	0.0140887	-0.0481751	-0.0340863
1200	1210.97	0	-311.15	0.20729	-0.0409451	-0.00658279	-0.0343623	0.166345	0	0.0543979	0	63.6331	0	-0.0527871	-0.00543979	-0.0473473	-0.0527871
1200	1177.56	0	-1223.34	0.20729	-0.0222424	0.0134661	-0.0357085	0.185047	0	-0.179732	0	-73.5547	0	-0.0293509	0.0179732	-0.0473241	-0.0293509
1200	1197.46	0	-2276.79	0.20729	-0.0278664	0.00152351	-0.0293899	0.179423	0	0.0847283	0	64.8302	0	-0.0554002	-0.00847283	-0.0469274	-0.0554002
1200	1204.72	0	-926.46	0.20729	-0.0283325	-0.00283418	-0.0254983	0.178957	0	0.20605	0	100.743	0	-0.0682482	-0.020605	-0.0476432	-0.0682482
1200	1197.71	0	2207.55	0.20729	-0.0243777	0.00137292	-0.0257507	0.182912	0	0.278949	0	39.6911	0	-0.0769261	-0.0278949	-0.0490312	-0.0769261
1200	1210.07	0	1280.99	0.20729	-0.0362209	-0.00603911	-0.0301818	0.171069	0	0.179444	0	-31.4167	0	-0.0684769	-0.0179444	-0.0505325	-0.0684769
1200	1204.56	0	2128.54	0.20729	-0.0367824	-0.00273743	-0.0340449	0.170507	0	-0.109493	0	-170.28	0	-0.0403773	0.0109493	-0.0513266	-0.0403773
1200	1198.31	0	270.641	0.20729	-0.0327347	0.00101199	-0.0337467	0.174555	0	-0.291475	0	-26.1495	0	-0.0211869	0.0291475	-0.0503344	-0.0211869
1200	1196.66	0	-1661.48	0.20729	-0.029629	0.00200156	-0.0316306	0.177661	0	-0.220172	0	-1.4892	0	-0.0267184	0.0220172	-0.0487356	-0.0267184
1200	1184.37	0	-694.223	0.20729	-0.0200147	0.0093769	-0.0293916	0.187275	0	-0.232411	0	77.5195	0	-0.0242086	0.0232411	-0.0474497	-0.0242086
1200	1213.66	0	-1508.25	0.20729	-0.038615	-0.00819316	-0.0304218	0.168675	0	-0.0983184	0	28.6777	0	-0.0363335	0.00983184	-0.0461654	-0.0363335
1200	1227.69	0	2887.5	0.20729	-0.0522284	-0.0166122	-0.0356162	0.155061	0	-0.015841	0	-41.2329	0	-0.044167	0.0015841	-0.0457511	-0.044167
1200	1197.7	0	220.362	0.20729	-0.0420164	0.0013801	-0.0433965	0.165273	0	-0.183456	0	-26.3889	0	-0.0270885	0.0183456	-0.0454341	-0.0270885
1200	1190.46	0	-481.139	0.20729	-0.0380694	0.00572578	-0.0437952	0.16922	0	-0.0498962	0	16.9462	0	-0.0397093	0.00498962	-0.044699	-0.0397093
1200	1181.53	0	-1335.87	0.20729	-0.0294255	0.0110818	-0.0405073	0.177864	0	-0.0318044	0	25.3259	0	-0.0409973	0.00318044	-0.0441777	-0.0409973
1200	1210.7	0	1225.93	0.20729	-0.0436536	-0.00642144	-0.0372322	0.163636	0	-0.0435109	0	35.3815	0	-0.0396853	0.00435109	-0.0440363	-0.0396853
1200	1202.48	0	-57.3651	0.20729	-0.0411035	-0.00148667	-0.0396168	0.166186	0	-0.0121162	0	21.974	0	-0.04276	0.00121162	-0.0439716	-0.04276
1200	1191.29	0	-991.104	0.20729	-0.0346859	0.0052259	-0.0399118	0.172604	0	-0.0568137	0	-34.5292	0	-0.0381697	0.00568137	-0.043851	-0.0381697
1200	1169.83	0	-1515.43	0.20729	-0.018654	0.0181007	-0.0367547	0.188636	0	0.141664	0	34.1844	0	-0.0580565	-0.0141664	-0.0438901	-0.0580565
1200	1179.72	0	-1836.26	0.20729	-0.0119622	0.0121674	-0.0241295	0.195328	0	0.316729	0	67.2244	0	-0.0764976	-0.0316729	-0.0448247	-0.0764976
1200	1210.93	0	4134.88	0.20729	-0.0246826	-0.00655547	-0.0181271	0.182607	0	0.341739	0	41.367	0	-0.0812996	-0.0341739	-0.0471257	-0.0812996
1200	1229.01	0	3043.13	0.20729	-0.040398	-0.0174036	-0.0229944	0.166892	0	0.190619	0	-25.6706	0	-0.0677639	-0.0190619	-0.0487021	-0.0677639
1200	1216.91	0	2616.96	0.20729	-0.0449995	-0.0101443	-0.0348552	0.16229	0	0.10282	0	-111.383	0	-0.0602268	-0.010282	-0.0499448	-0.0602268
1200	1218.04	0	-2884.92	0.20729	-0.0560215	-0.0108235	-0.0451979	0.151268	0	-0.02063	0	60.5206	0	-0.0482784	0.002063	-0.0503414	-0.0482784
1200	1194.96	0	-1525.01	0.20729	-0.0459058	0.00302395	-0.0489297	0.161384	0	-0.0429787	0	-127.664	0	-0.0459916	0.00429787	-0.0502894	-0.0459916
1200	1193.96	0	-4422	0.20729	-0.0425036	0.00362468	-0.0461283	0.164786	0	-0.178135	0	-32.8532	0	-0.0318956	0.0178135	-0.0497091	-0.0318956
1200	1202.44	0	-2954.35	0.20729	-0.0448998	-0.00146484	-0.0434349	0.16239	0	-0.174411	0	41.1276	0	-0.0310524	0.0174411	-0.0484934	-0.0310524
1200	1184.35	0	-1129.97	0.20729	-0.034357	0.00938723	-0.0437442	0.172933	0	-0.106832	0	9.04529	0	-0.0368579	0.0106832	-0.0475411	-0.0368579
1200	1190.47	0	2078.26	0.20729	-0.0336564	0.00571802	-0.0393744	0.173633	0	-0.274448	0	-48.8944	0	-0.0191888	0.0274448	-0.0466336	-0.0191888
1200	1192.2	0	893.133	0.20729	-0.029385	0.00467754	-0.0340626	0.177905	0	-0.211658	0	11.6789	0	-0.0238226	0.0211658	-0.0449885	-0.0238226
1200	1168.64	0	1908.27	0.20729	-0.0110597	0.0188148	-0.0298745	0.19623	0	0.0394987	0	86.378	0	-0.0481553	-0.00394987	-0.0442054	-0.0481553
1200	1209.39	0	3244.24	0.20729	-0.0262158	-0.00563628	-0.0205795	0.181074	0	0.0746182	0	-123.833	0	-0.0519553	-0.00746182	-0.0444935	-0.0519553
1200	1199.3	0	325.707	0.20729	-0.0229219	0.000422095	-0.023344	0.184368	0	0.0607832	0	161.795	0	-0.0509588	-0.00607832	-0.0448805	-0.0509588
1200	1213.87	0	71.9218	0.20729	-0.0343676	-0.00831995	-0.0260477	0.172922	0	0.00437929	0	31.5508	0	-0.0454772	-0.000437929	-0.0450393	-0.0454772
1200	1206.12	0	-1649.51	0.20729	-0.0322345	-0.00367068	-0.0285639	0.175055	0	0.173591	0	-38.1205	0	-0.0630536	-0.0173591	-0.0456945	-0.0630536
1200	1187.04	0	1134.95	0.20729	-0.0226027	0.007777	-0.0303797	0.184687	0	0.203921	0	-135.086	0	-0.0670628	-0.0203921	-0.0466706	-0.0670628
1200	1201.56	0	-634.368	0.20729	-0.027156	-0.00093479	-0.0262212	0.180134	0	-0.279237	0	11.6789	0	-0.0190686	0.0279237	-0.0469922	-0.0190686
1200	1204.03	0	2217.13	0.20729	-0.0316067	-0.00241743	-0.0291893	0.175683	0	0.26405	0	166.105	0	-0.0724146	-0.026405	-0.0460096	-0.0724146
1200	1205.1	0	1015.24	0.20729	-0.0342159	-0.00305757	-0.0311583	0.173074	0	0.169334	0	-32.135	0	-0.064695	-0.0169334	-0.0477615	-0.064695
1200	1214.45	0	62.345	0.20729	-0.0418563	-0.00867056	-0.0331857	0.165433	0	0.29172	0	8.56645	0	-0.0782704	-0.029172	-0.0490984	-0.0782704
1200	1188.63	0	-2042.16	0.20729	-0.0273986	0.00681914	-0.0342178	0.179891	0	-0.0807587	0	-133.889	0	-0.0421471	0.00807587	-0.050223	-0.0421471
1200	1208.52	0	-804.356	0.20729	-0.0395991	-0.0051123	-0.0344868	0.167691	0	-0.21964	0	47.3525	0	-0.0274871	0.021964	-0.0494511	-0.0274871
1200	1193.46	0	-3754.01	0.20729	-0.0306637	0.00392322	-0.0345869	0.176626	0	-0.218044	0	-57.5135	0	-0.0263959	0.0218044	-0.0482003	-0.0263959
1200	1189.02	0	378.38	0.20729	-0.0254162	0.00658506	-0.0320012	0.181874	0	-0.174943	0	41.1276	0	-0.0294808	0.0174943	-0.046975	-0.0294808
1200	1200.84	0	-543.388	0.20729	-0.0270675	-0.000502661	-0.0265649	0.180222	0	-0.215383	0	21.7346	0	-0.0241364	0.0215383	-0.0456747	-0.0241364
1200	1177.26	0	-1015.05	0.20729	-0.00941442	0.0136421	-0.0230565	0.197875	0	0.107077	0	104.335	0	-0.0558261	-0.0107077	-0.0451184	-0.0558261
1200	1198.77	0	208.391	0.20729	-0.0162025	0.000739307	-0.0169418	0.191087	0	0.0900494	0	-39.557	0	-0.0547977	-0.00900494	-0.0457927	-0.0547977
1200	1211.76	0	5195.51	0.20729	-0.0247852	-0.00705586	-0.0177293	0.182504	0	-0.0403182	0	-24.4735	0	-0.0421959	0.00403182	-0.0462277	-0.0421959
1200	1202.03	0	7067.78	0.20729	-0.0209739	-0.00121685	-0.0197571	0.186316	0	-0.132906	0	168.978	0	-0.0323807	0.0132906	-0.0456713	-0.0323807
1200	1216.3	0	-1601.63	0.20729	-0.031498	-0.00978135	-0.0217167	0.175792	0	0.128362	0	106.01	0	-0.0581059	-0.0128362	-0.0452698	-0.0581059
1200	1198.41	0	-19.0578	0.20729	-0.0236361	0.000953027	-0.0245891	0.183654	0	0.0517373	0	-79.5402	0	-0.0511737	-0.00517373	-0.046	-0.0511737
1200	1190.74	0	-1829.07	0.20729	-0.0187179	0.00555381	-0.0242717	0.188572	0	-0.216447	0	-184.885	0	-0.0246242	0.0216447	-0.0462689	-0.0246242
1200	1234.38	0	-201.017	0.20729	-0.0443903	-0.0206307	-0.0237596	0.162899	0	-0.0605385	0	217.341	0	-0.0383912	0.00605385	-0.0444451	-0.0383912
1200	1199.51	0	622.588	0.20729	-0.0327573	0.000292969	-0.0330502	0.174532	0	0.262986	0	107.686	0	-0.0709136	-0.0262986	-0.044615	-0.0709136
1200	1206.86	0	536.397	0.20729	-0.0338858	-0.00411541	-0.0297704	0.173404	0	0.282142	0	3.77805	0	-0.0745109	-0.0282142	-0.0462967	-0.0745109
1200	1189.62	0	249.093	0.20729	-0.0269868	0.00623064	-0.0332174	0.180303	0	0.363555	0	-64.6961	0	-0.0842636	-0.0363555	-0.0479081	-0.0842636
1200	1199.06	0	-502.687	0.20729	-0.0300003	0.00056543	-0.0305658	0.177289	0	0.157096	0	18.6221	0	-0.0656649	-0.0157096	-0.0499554	-0.0656649
1200	1217.39	0	-1809.92	0.20729	-0.0415721	-0.0104355	-0.0311366	0.165718	0	0.0485446	0	-165.731	0	-0.0556263	-0.00485446	-0.0507718	-0.0556263
1200	1210.13	0	3433.38	0.20729	-0.044964	-0.00607998	-0.038884	0.162326	0	-0.251567	0	-62.3019	0	-0.0257484	0.0251567	-0.050905	-0.0257484
1200	1202.28	0	-342.275	0.20729	-0.0453722	-0.0013686	-0.0440036	0.161917	0	-0.397366	0	-38.1205	0	-0.00948188	0.0397366	-0.0492185	-0.00948188
1200	1180.51	0	-2430.02	0.20729	-0.0284701	0.011693	-0.0401631	0.17882	0	-0.0791624	0	140.008	0	-0.0391032	0.00791624	-0.0470194	-0.0391032
1200	1182.38	0	-83.7013	0.20729	-0.0239258	0.0105737	-0.0344994	0.183364	0	-0.0036024	0	-44.3454	0	-0.0464939	0.00036024	-0.0468541	-0.0464939
1200	1209.14	0	-1287.98	0.20729	-0.0341479	-0.00548665	-0.0286612	0.173142	0	-0.0690522	0	47.3525	0	-0.0396926	0.00690523	-0.0465979	-0.0396926
1200	1206.18	0	-14.2694	0.20729	-0.0364139	-0.00370811	-0.0327058	0.170876	0	-0.0435108	0	-113.059	0	-0.042131	0.00435108	-0.0464821	-0.042131
1200	1207.45	0	1582.66	0.20729	-0.0404463	-0.0044721	-0.0359742	0.166843	0	-0.0307401	0	105.532	0	-0.0430209	0.00307401	-0.0460949	-0.0430209
1200	1186.72	0	2078.26	0.20729	-0.0299726	0.00796641	-0.037939	0.177317	0	0.0847283	0	49.2679	0	-0.0546052	-0.00847283	-0.0461323	-0.0546052
1200	1194.7	0	-1208.98	0.20729	-0.0323649	0.00318179	-0.0355467	0.174925	0	0.0884531	0	-3.64398	0	-0.0553759	-0.00884531	-0.0465306	-0.0553759
1200	1207.98	0	-617.608	0.20729	-0.0373417	-0.0047907	-0.032551	0.169948	0	0.0629117	0	-19.2063	0	-0.053378	-0.00629117	-0.0470868	-0.053378
1200	1213.87	0	-1833.86	0.20729	-0.0451307	-0.00831914	-0.0368115	0.162159	0	-0.0105199	0	-55.5982	0	-0.0464283	0.00105199	-0.0474803	-0.0464283
1200	1206.43	0	871.585	0.20729	-0.0435288	-0.00385752	-0.0396713	0.163761	0	0.0235353	0	-2.92571	0	-0.0499255	-0.00235353	-0.047572	-0.0499255
1200	1223.1	0	3450.14	0.20729	-0.0574016	-0.0138573	-0.0435442	0.149888	0	0.128362	0	33.7056	0	-0.0607792	-0.0128362	-0.0479431	-0.0607792
1200	1187.82	0	629.771	0.20729	-0.0442855	0.00730972	-0.0515953	0.163004	0	-0.0227585	0	70.0974	0	-0.0461006	0.00227585	-0.0483764	-0.0461006
1200	1211.22	0	-181.864	0.20729	-0.0539309	-0.00673008	-0.0472009	0.153359	0	-0.0999148	0	-130.776	0	-0.0379483	0.00999148	-0.0479398	-0.0379483
1200	1204.4	0	-873.788	0.20729	-0.0516951	-0.00263789	-0.0490572	0.155595	0	-0.102043	0	49.9861	0	-0.0373084	0.0102043	-0.0475127	-0.0373084
1200	1200.69	0	-2552.12	0.20729	-0.0528018	-0.000416748	-0.052385	0.154488	0	-0.072777	0	-52.2463	0	-0.0396435	0.0072777	-0.0469212	-0.0396435
1200	1192.53	0	-2650.29	0.20729	-0.0477157	0.0044811	-0.0521968	0.159574	0	0.000654496	0	117.981	0	-0.0467862	-6.54496e-05	-0.0467208	-0.0467862
1200	1176.49	0	-3672.61	0.20729	-0.0340929	0.0141032	-0.0481961	0.173197	0	0.0182142	0	-22.5582	0	-0.0484024	-0.00182142	-0.046581	-0.0484024
1200	1178.48	0	205.997	0.20729	-0.0234381	0.01291	-0.036348	0.183852	0	0.192215	0	96.6731	0	-0.0662678	-0.0192215	-0.0470463	-0.0662678
1200	1182.46	0	677.655	0.20729	-0.01595	0.0105242	-0.0264741	0.19134	0	0.0724897	0	-143.944	0	-0.0554214	-0.00724897	-0.0481724	-0.0554214
1200	1196.35	0	1197.2	0.20729	-0.0229478	0.00219009	-0.0251379	0.184342	0	-0.0658596	0	-43.1483	0	-0.041774	0.00658596	-0.0483599	-0.041774
1200	1212.49	0	3636.89	0.20729	-0.0306507	-0.00749377	-0.0231569	0.176639	0	-0.261145	0	-82.1738	0	-0.0217817	0.0261145	-0.0478962	-0.0217817
1200	1211.89	0	2492.46	0.20729	-0.034107	-0.00713525	-0.0269717	0.173183	0	-0.0419145	0	194.117	0	-0.0422065	0.00419145	-0.0463979	-0.0422065
1200	1207.03	0	342.467	0.20729	-0.0360972	-0.00421758	-0.0318796	0.171192	0	0.0283244	0	-67.3297	0	-0.0491992	-0.00283244	-0.0463667	-0.0491992
1200	1189.3	0	-857.028	0.20729	-0.0291809	0.00641902	-0.0356	0.178109	0	-0.326063	0	-76.6671	0	-0.0131658	0.0326063	-0.045772	-0.0131658
1200	1195.35	0	-794.779	0.20729	-0.0332014	0.00278738	-0.0359888	0.174088	0	-0.188245	0	-30.6985	0	-0.0249608	0.0188245	-0.0437853	-0.0249608
1200	1215.36	0	-430.861	0.20729	-0.0423048	-0.00921328	-0.0330916	0.164985	0	0.0416272	0	81.829	0	-0.0473358	-0.00416272	-0.0431731	-0.0473358
1200	1204.46	0	-296.785	0.20729	-0.039658	-0.0026751	-0.0369829	0.167632	0	0.205518	0	129.234	0	-0.0644088	-0.0205518	-0.043857	-0.0644088
1200	1190.01	0	-186.652	0.20729	-0.0333589	0.00599106	-0.03935	0.173931	0	0.280546	0	18.1433	0	-0.0733618	-0.0280546	-0.0453072	-0.0733618
1200	1193.7	0	1312.12	0.20729	-0.0343491	0.00378193	-0.038131	0.172941	0	0.291188	0	-2.92571	0	-0.0759736	-0.0291188	-0.0468548	-0.0759736
1200	1213.35	0	720.75	0.20729	-0.046539	-0.00800816	-0.0385309	0.160751	0	0.16827	0	-54.4011	0	-0.0654321	-0.016827	-0.0486052	-0.0654321
1200	1219.87	0	-2463.54	0.20729	-0.0548564	-0.0119223	-0.0429341	0.152433	0	-0.115346	0	-27.586	0	-0.0377481	0.0115346	-0.0492827	-0.0377481
1200	1199.42	0	-40.6057	0.20729	-0.0480882	0.000348779	-0.048437	0.159202	0	-0.270191	0	-120.481	0	-0.0212763	0.0270191	-0.0482953	-0.0212763
1200	1187.06	0	-1486.7	0.20729	-0.0433942	0.00776257	-0.0511568	0.163895	0	-0.00679508	0	126.122	0	-0.0465151	0.000679508	-0.0471946	-0.0465151
1200	1214.37	0	-708.588	0.20729	-0.0556767	-0.0086231	-0.0470536	0.151613	0	0.0421593	0	-87.2016	0	-0.0513171	-0.00421593	-0.0471011	-0.0513171
1200	1211.9	0	-126.797	0.20729	-0.0569251	-0.00713716	-0.049788	0.150365	0	-0.194631	0	100.264	0	-0.0276085	0.0194631	-0.0470716	-0.0276085
1200	1182.49	0	-220.171	0.20729	-0.0399333	0.0105051	-0.0504385	0.167356	0	-0.260613	0	-186.8	0	-0.0198106	0.0260613	-0.0458718	-0.0198106
1200	1178.25	0	383.168	0.20729	-0.0327205	0.0130477	-0.0457682	0.174569	0	-0.194099	0	65.0696	0	-0.0249941	0.0194099	-0.0444039	-0.0249941
1200	1192.76	0	342.467	0.20729	-0.0370507	0.00434531	-0.041396	0.170239	0	-0.100447	0	-15.1361	0	-0.0334325	0.0100447	-0.0434772	-0.0334325
1200	1208.21	0	1273.81	0.20729	-0.0412438	-0.00492803	-0.0363158	0.166046	0	0.031517	0	144.557	0	-0.0462577	-0.0031517	-0.043106	-0.0462577
1200	1203.9	0	86.287	0.20729	-0.0401051	-0.00234089	-0.0377642	0.167185	0	0.0613153	0	-84.8074	0	-0.0494107	-0.00613153	-0.0432791	-0.0494107
1200	1185.51	0	-428.466	0.20729	-0.0286593	0.00869399	-0.0373532	0.17863	0	0.200729	0	133.783	0	-0.0638316	-0.0200729	-0.0437588	-0.0638316
1200	1190.05	0	-1958.36	0.20729	-0.0294235	0.00597107	-0.0353946	0.177866	0	0.164013	0	-94.8631	0	-0.0614826	-0.0164013	-0.0450813	-0.0614826
1200	1195.44	0	-184.258	0.20729	-0.0285983	0.00273801	-0.0313363	0.178691	0	0.0788751	0	23.1711	0	-0.0539145	-0.00788751	-0.046027	-0.0539145
1200	1207.72	0	196.42	0.20729	-0.0307119	-0.0046303	-0.0260816	0.176578	0	0.0304528	0	-101.088	0	-0.0495025	-0.00304528	-0.0464572	-0.0495025
1200	1186.8	0	4723.86	0.20729	-0.0198041	0.0079177	-0.0277218	0.187486	0	0.13049	0	88.7722	0	-0.0602332	-0.013049	-0.0471842	-0.0602332
1200	1217.54	0	-718.165	0.20729	-0.0417939	-0.010524	-0.0312699	0.165496	0	0.0671686	0	35.8604	0	-0.0544334	-0.00671686	-0.0477166	-0.0544334
1200	1211.42	0	366.409	0.20729	-0.0417112	-0.00685137	-0.0348598	0.165578	0	0.0623796	0	-68.2874	0	-0.0542522	-0.00623796	-0.0480142	-0.0542522
1200	1191.36	0	-1242.49	0.20729	-0.0340735	0.00518438	-0.0392579	0.173216	0	0.0283244	0	46.6343	0	-0.0511092	-0.00283244	-0.0482767	-0.0511092
1200	1176.65	0	-1795.56	0.20729	-0.020627	0.0140092	-0.0346362	0.186663	0	0.0288565	0	-66.6115	0	-0.0513818	-0.00288565	-0.0484962	-0.0513818
1200	1186.69	0	-804.356	0.20729	-0.0234047	0.00798611	-0.0313908	0.183885	0	0.0528015	0	6.17225	0	-0.0542879	-0.00528015	-0.0490077	-0.0542879
1200	1199.01	0	-303.968	0.20729	-0.0278685	0.000592017	-0.0284605	0.179421	0	-0.417586	0	-71.1605	0	-0.00678853	0.0417586	-0.0485471	-0.00678853
1200	1194.63	0	-1965.54	0.20729	-0.0220338	0.00322083	-0.0252546	0.185256	0	-0.211658	0	22.6922	0	-0.024879	0.0211658	-0.0460448	-0.024879
1200	1203.22	0	490.907	0.20729	-0.0274249	-0.00193403	-0.0254909	0.179865	0	-0.22975	0	-26.6283	0	-0.0219068	0.022975	-0.0448818	-0.0219068
1200	1184.61	0	-641.55	0.20729	-0.0191336	0.00923174	-0.0283653	0.188156	0	-0.158979	0	97.1519	0	-0.0277139	0.0158979	-0.0436119	-0.0277139
1200	1198.02	0	2564.29	0.20729	-0.022196	0.00118784	-0.0233838	0.185094	0	-0.140355	0	-93.666	0	-0.0287613	0.0140355	-0.0427969	-0.0287613
1200	1221.88	0	4094.18	0.20729	-0.0378596	-0.0131253	-0.0247343	0.16943	0	-0.00519874	0	45.4372	0	-0.0417254	0.000519874	-0.0422453	-0.0417254
1200	1226.73	0	2679.21	0.20729	-0.0476158	-0.0160401	-0.0315757	0.159674	0	-0.0397861	0	23.6499	0	-0.0385132	0.00397861	-0.0424918	-0.0385132
1200	1208.42	0	-2018.22	0.20729	-0.0497416	-0.00504939	-0.0446923	0.157548	0	-1.35038	0	-4.60166	0	0.0931967	0.135038	-0.0418413	0.0931967
1200	1201.26	0	-1790.77	0.20729	-0.0475191	-0.000755713	-0.0467634	0.159771	0	-0.255824	0	-11.066	0	-0.00751488	0.0255824	-0.0330973	-0.00751488
1200	1201.03	0	155.719	0.20729	-0.0469117	-0.000618018	-0.0462937	0.160378	0	0.408785	0	119.418	0	-0.0745512	-0.0408785	-0.0336727	-0.0745512
1200	1197.86	0	1180.44	0.20729	-0.0445167	0.00128489	-0.0458016	0.162773	0	0.331096	0	83.9838	0	-0.0688248	-0.0331096	-0.0357151	-0.0688248
1200	1193.36	0	416.687	0.20729	-0.0417262	0.00398225	-0.0457084	0.165564	0	0.383776	0	-13.939	0	-0.0764257	-0.0383776	-0.0380481	-0.0764257
1200	1198.93	0	364.014	0.20729	-0.0456609	0.000640503	-0.0463014	0.161629	0	0.322583	0	-17.7698	0	-0.0726505	-0.0322583	-0.0403923	-0.0726505
1200	1203.39	0	-1872.17	0.20729	-0.0455244	-0.00203584	-0.0434885	0.161765	0	0.159224	0	-45.5425	0	-0.0578239	-0.0159224	-0.0419015	-0.0578239
1200	1190.24	0	-1888.93	0.20729	-0.0350512	0.00585366	-0.0409049	0.172238	0	0.144857	0	-86.4834	0	-0.0574831	-0.0144857	-0.0429974	-0.0574831
1200	1179.85	0	847.643	0.20729	-0.0278489	0.0120913	-0.0399402	0.179441	0	-0.252099	0	-159.028	0	-0.0184044	0.0252099	-0.0436143	-0.0184044
1200	1202.88	0	-428.466	0.20729	-0.036635	-0.00172786	-0.0349071	0.170655	0	-0.438338	0	-9.8689	0	0.00238666	0.0438338	-0.0414472	0.00238666
1200	1203.45	0	-533.811	0.20729	-0.037944	-0.00206982	-0.0358742	0.169346	0	-0.115346	0	129.474	0	-0.0277838	0.0115346	-0.0393184	-0.0277838
1200	1210.61	0	-639.156	0.20729	-0.0428727	-0.00636694	-0.0365058	0.164417	0	0.0006545	0	59.563	0	-0.0388275	-6.545e-05	-0.038762	-0.0388275
1200	1187.12	0	-667.887	0.20729	-0.0316447	0.00772947	-0.0393742	0.175645	0	0.134747	0	-4.12282	0	-0.0523827	-0.0134747	-0.038908	-0.0523827
1200	1194.41	0	802.153	0.20729	-0.0349947	0.0033564	-0.0383511	0.172295	0	-0.0525568	0	-86.0045	0	-0.0341767	0.00525568	-0.0394324	-0.0341767
1199.88	1197.95	-238.996	2188.4	0.199012	-0.0369706	0.00115708	-0.0381277	0.162042	0	0.00544351	0	64.5908	0	-0.0396981	-0.000544351	-0.0391537	-0.0396981
1198.92	1209.41	-718.989	301.765	0.182264	-0.0415974	-0.00629495	-0.0353024	0.140666	0	0.134215	0	13.8337	0	-0.0527755	-0.0134215	-0.039354	-0.0527755
1197.01	1199.09	-1198.98	498.09	0.16535	-0.040875	-0.00125251	-0.0396225	0.124474	0	0.209775	0	53.0986	0	-0.0613172	-0.0209775	-0.0403397	-0.0613172
1194.13	1169.33	-1678.98	-3691.76	0.148269	-0.0259573	0.0148805	-0.0408378	0.122312	0	0.118784	0	-16.3332	0	-0.0532229	-0.0118784	-0.0413445	-0.0532229
1190.29	1190.55	-2158.97	-433.255	0.131024	-0.0348568	-0.000155933	-0.0347009	0.0961667	0	0.342803	0	30.3537	0	-0.0765961	-0.0342803	-0.0423158	-0.0765961
1185.49	1202.61	-2638.96	-1208.98	0.113612	-0.044148	-0.0102687	-0.0338793	0.0694637	0	0.0889852	0	-68.2874	0	-0.0530604	-0.00889852	-0.0441619	-0.0530604
1179.73	1165.12	-3118.96	1647.31	0.0960342	-0.0253974	0.00876965	-0.0341671	0.0706368	0	0.297573	0	88.054	0	-0.0746112	-0.0297573	-0.0448539	-0.0746112
1173.02	1170.06	-3598.95	641.742	0.0782908	-0.0321472	0.00177231	-0.0339195	0.0461436	0	0.190619	0	-45.0637	0	-0.0657156	-0.0190619	-0.0466537	-0.0657156
1165.34	1161.02	-4078.95	153.325	0.0603815	-0.0286112	0.00258926	-0.0312005	0.0317703	0	0.214564	0	71.7734	0	-0.0692905	-0.0214564	-0.0478341	-0.0692905
1156.7	1133.05	-4558.94	-2975.9	0.0423065	-0.00955763	0.0141929	-0.0237506	0.0327488	0	0.28906	0	-14.6573	0	-0.0780977	-0.028906	-0.0491917	-0.0780977
1147.1	1117.86	-5038.93	-1927.24	0.0240656	0.00438275	0.0175484	-0.0131656	0.0284483	0	0.0357739	0	-66.8509	0	-0.0539176	-0.00357739	-0.0503402	-0.0539176
1136.54	1109.32	-5518.93	-8465.8	0.00565886	0.0142074	0.0163373	-0.00212992	0.0198663	0	-0.09619	0	-238.036	0	-0.0408624	0.009619	-0.0504814	-0.0408624
1125.03	1120.07	-5998.92	-6773.1	-0.0129137	0.00724984	0.00297253	0.0042773	-0.00566385	0	-0.421843	0	38.494	0	-0.007032	0.0421843	-0.0492163	-0.007032
1112.55	1103.23	-6478.92	-3897.66	-0.031652	0.0128817	0.00559219	0.00728951	-0.0187704	0	-0.363843	0	-19.2063	0	-0.0105181	0.0363843	-0.0469023	-0.0105181
1099.11	1062.45	-6958.91	45.5856	-0.0505563	0.0340812	0.0219999	0.0120813	-0.0164751	0	-0.485696	0	-12.7419	0	0.00391582	0.0485696	-0.0446538	0.00391582
1084.71	1059.2	-7438.9	-2887.31	-0.0696263	0.0414061	0.0153098	0.0260963	-0.0282202	0	-0.584137	0	-87.6805	0	0.017137	0.0584137	-0.0412767	0.017137
1069.36	1019.55	-7918.9	-1218.55	-0.0888621	0.07055	0.0298847	0.0406653	-0.0183121	0	-0.27764	0	106.489	0	-0.0102904	0.027764	-0.0380544	-0.0102904
1053.04	1004.73	-8398.89	-2451.57	-0.108264	0.0868647	0.0289853	0.0578795	-0.0213991	0	-0.528798	0	-50.3309	0	0.0168934	0.0528798	-0.0359863	0.0168934
1035.76	979.801	-8878.88	-3442.77	-0.127831	0.114337	0.0335763	0.0807607	-0.0134944	0	-0.386191	0	37.7757	0	0.00532351	0.0386191	-0.0332956	0.00532351
1017.79	924.62	-9000	-1864.99	-0.13512	0.163434	0.0559035	0.10753	0.0283141	0	-0.452173	0	19.8192	0	0.0142548	0.0452173	-0.0309625	0.0142548
999.792	911.966	-9000	-4711.69	-0.138229	0.197427	0.0526956	0.144731	0.0591981	0	-0.212723	0	25.3259	0	-0.00699477	0.0212723	-0.028267	-0.00699477
981.793	940.027	-9000	-11228.7	-0.141338	0.200747	0.0250595	0.175687	0.0594087	0	0.165077	0	196.751	0	-0.0441354	-0.0165077	-0.0276276	-0.0441354
963.793	989.873	-9000	-8233.56	-0.144448	0.170198	-0.0156482	0.185846	0.0257502	0	0.191151	0	-12.7419	0	-0.0477284	-0.0191151	-0.0286133	-0.0477284
945.793	1016.54	-9000	-2331.86	-0.147557	0.129331	-0.0424468	0.171778	-0.0182257	0	0.0783429	0	-115.932	0	-0.0375546	-0.00783429	-0.0297203	-0.0375546
927.793	1012.65	-9000	-282.42	-0.150666	0.0932357	-0.0509141	0.14415	-0.0574305	0	-0.091401	0	-3.40455	0	-0.0207581	0.0091401	-0.0298982	-0.0207581
909.793	991.204	-9000	-196.229	-0.153776	0.0596362	-0.0488465	0.108483	-0.0941393	0	-0.171218	0	0.426167	0	-0.0121067	0.0171218	-0.0292285	-0.0121067
891.794	922.941	-9000	-1462.76	-0.156885	0.0612443	-0.0186884	0.0799326	-0.0956406	0	-0.290943	0	4.49631	0	0.00116769	0.0290943	-0.0279266	0.00116769
873.794	881.055	-9000	-2647.89	-0.159994	0.0660061	-0.00435681	0.0703629	-0.0939881	0	0.0522694	0	26.2835	0	-0.0316426	-0.00522694	-0.0264156	-0.0316426
855.794	819.391	-9000	-1199.4	-0.163103	0.0927578	0.021842	0.0709158	-0.0703456	0	-0.039254	0	-28.0648	0	-0.0229348	0.0039254	-0.0268601	-0.0229348
837.794	803.134	-9000	-4206.52	-0.166213	0.10656	0.0207961	0.0857635	-0.0596532	0	-0.201548	0	-92.7083	0	-0.00646979	0.0201548	-0.0266246	-0.00646979
819.795	794.43	-9000	-13280.5	-0.169322	0.111691	0.0152185	0.096473	-0.0576306	0	0.134215	0	376.076	0	-0.0389773	-0.0134215	-0.0255558	-0.0389773
801.795	820.238	-9000	-6050.05	-0.172431	0.093339	-0.011066	0.104405	-0.0790923	0	0.976549	0	123.728	0	-0.125836	-0.0976549	-0.0281809	-0.125836
783.795	792.909	-9000	-2633.53	-0.175541	0.0918749	-0.00546808	0.097343	-0.0836657	0	0.684419	0	-96.2996	0	-0.102056	-0.0684419	-0.033614	-0.102056
765.795	779.682	-9000	-3098	-0.17865	0.0853782	-0.00833221	0.0937104	-0.0932718	0	0.729649	0	86.1386	0	-0.110531	-0.0729649	-0.0375657	-0.110531
747.796	780.811	-9000	-10888.7	-0.181759	0.0678342	-0.0198093	0.0876435	-0.113925	0	0.684951	0	-218.883	0	-0.110589	-0.0684951	-0.0420936	-0.110589
729.796	761.805	-9000	-14836.8	-0.184869	0.0512447	-0.0192055	0.0704503	-0.133624	0	-0.435678	0	-367.563	0	-0.00129142	0.0435678	-0.0448592	-0.00129142
711.796	747.741	-9000	-4419.6	-0.187978	0.0366316	-0.0215671	0.0581987	-0.151346	0	-0.573495	0	52.1409	0	0.0157158	0.0573495	-0.0416337	0.0157158
693.796	711.908	-9000	-3378.12	-0.191087	0.0337182	-0.0108672	0.0445854	-0.157369	0	-0.686303	0	-274.668	0	0.0301246	0.0686303	-0.0385057	0.0301246
675.797	701.704	-9000	-13761.8	-0.194196	0.0234406	-0.0155442	0.0389848	-0.170756	0	-2.03627	0	-555.029	0	0.171358	0.203627	-0.0322695	0.171358
657.797	668.912	-9000	-7160.96	-0.197306	0.0216187	-0.00666947	0.0282881	-0.175687	0	-1.58291	0	445.987	0	0.138579	0.158291	-0.0197118	0.138579
639.797	613.688	-9000	-2458.75	-0.200415	0.0425405	0.0156652	0.0268752	-0.157875	0	-1.14073	0	-23.7553	0	0.10247	0.114073	-0.0116032	0.10247
621.797	535.499	-9000	-1644.72	-0.203524	0.0946491	0.0517789	0.0428702	-0.108875	0	-1.4717	0	-57.7529	0	0.142884	0.14717	-0.0042863	0.142884
603.797	455.103	-9000	-2729.29	-0.206634	0.172045	0.0892164	0.0828284	-0.0345889	0	-1.44031	0	-3.8834	0	0.148531	0.144031	0.00450081	0.148531
585.798	394.333	-9000	222.757	-0.209743	0.262238	0.114879	0.147359	0.052495	0	-1.30409	0	151.5	0	0.143414	0.130409	0.0130054	0.143414
567.798	371.931	-9000	-2810.7	-0.212852	0.343137	0.11752	0.225617	0.130284	0	-1.25832	0	-11.066	0	0.146736	0.125832	0.0209033	0.146736
549.798	392.196	-9000	-3533.75	-0.215962	0.395225	0.0945613	0.300664	0.179264	0	-1.13966	0	-22.5582	0	0.141974	0.113966	0.0280079	0.141974
531.798	465.222	-9000	-6986.19	-0.219071	0.397155	0.0399457	0.357209	0.178084	0	-1.08219	0	-7.71411	0	0.143129	0.108219	0.0349097	0.143129
513.799	528.672	-9000	-8954.22	-0.22218	0.366001	-0.00892408	0.374925	0.143821	0	0.117187	0	772.796	0	0.0281644	-0.0117187	0.0398832	0.0281644
495.799	654.098	-9000	-5118.71	-0.22529	0.259056	-0.0949795	0.354036	0.0337666	0	1.12448	0	105.292	0	-0.07503	-0.112448	0.0374177	-0.07503
477.799	721.156	-9000	-7735.57	-0.228399	0.135201	-0.146014	0.281215	-0.0931983	0	2.51595	0	838.157	0	-0.223057	-0.251595	0.0285381	-0.223057
459.799	748.157	-9000	-572.118	-0.231508	0.00484106	-0.173015	0.177856	-0.226667	0	2.44305	0	-213.855	0	-0.231246	-0.244305	0.0130593	-0.231246
441.799	684.005	-9000	-4661.42	-0.234617	-0.0781919	-0.145323	0.0671312	-0.312809	0	1.98277	0	-12.7419	0	-0.199109	-0.198277	-0.000831181	-0.199109
423.8	593.767	-9000	-1982.3	-0.237727	-0.124809	-0.10198	-0.0228283	-0.362535	0	1.93169	0	-180.575	0	-0.205606	-0.193169	-0.0124373	-0.205606
405.8	485.699	-9000	-14108.9	-0.240836	-0.132174	-0.0479392	-0.0842347	-0.37301	0	2.03173	0	28.9171	0	-0.227368	-0.203173	-0.0241951	-0.227368
387.8	353.496	-9000	-7170.54	-0.243945	-0.084391	0.0205826	-0.104974	-0.328336	0	2.27224	0	142.881	0	-0.264231	-0.227224	-0.0370064	-0.264231
369.8	207.826	-9000	-2219.33	-0.247055	0.0182316	0.0971848	-0.0789532	-0.228823	0	2.24777	0	140.008	0	-0.275092	-0.224777	-0.0503158	-0.275092
351.801	71.1431	-9000	-337.487	-0.250164	0.167572	0.168395	-0.000822406	-0.0825918	0	2.10942	0	-244.501	0	-0.274561	-0.210942	-0.0636188	-0.274561
333.801	-34.8845	-9000	1336.06	-0.253273	0.341585	0.221211	0.120373	0.0883114	0	2.06259	0	137.375	0	-0.282354	-0.206259	-0.0760949	-0.282354
315.801	-90.6905	-9000	486.119	-0.256383	0.51707	0.243895	0.273175	0.260688	0	2.17593	0	-13.2208	0	-0.306445	-0.217593	-0.088852	-0.306445
297.801	-33.819	-9000	-349.458	-0.259492	0.632406	0.198972	0.433433	0.372914	0	2.4058	0	20.0586	0	-0.342608	-0.24058	-0.102027	-0.342608
279.802	111.262	-9000	-5825	-0.262601	0.651557	0.101123	0.550434	0.388956	0	2.07217	0	-376.661	0	-0.323729	-0.207217	-0.116512	-0.323729
261.802	266.815	-9000	-4477.06	-0.265711	0.596056	-0.00300806	0.599064	0.330345	0	0.12304	0	-393.181	0	-0.138342	-0.012304	-0.126038	-0.138342
243.802	416.758	-9000	2310.5	-0.26882	0.475736	-0.103774	0.579509	0.206916	0	-1.1966	0	-838.263	0	-0.00458587	0.11966	-0.124246	-0.00458587
225.802	564.778	-9000	-3600.78	-0.271929	0.28957	-0.203385	0.492956	0.0176413	0	-2.77963	0	-558.38	0	0.163332	0.277963	-0.114632	0.163332
207.803	638.526	-9000	-1204.19	-0.275038	0.0874162	-0.258434	0.34585	-0.187622	0	-3.31973	0	-202.842	0	0.235044	0.331973	-0.0969291	0.235044
189.803	629.767	-9000	-1029.41	-0.278148	-0.0921205	-0.263978	0.171858	-0.370268	0	-3.61452	0	-277.78	0	0.284946	0.361452	-0.0765063	0.284946
171.803	565.494	-9000	-11568.7	-0.281257	-0.237205	-0.236215	-0.000990194	-0.518462	0	-3.02707	0	301.138	0	0.247485	0.302707	-0.0552215	0.247485
154.134	399.426	-8601.42	-10134.6	-0.270539	-0.291895	-0.147175	-0.14472	-0.562434	0	-2.34862	0	288.927	0	0.196293	0.234862	-0.0385692	0.196293
137.412	191.592	-8121.43	-6394.82	-0.256845	-0.256586	-0.0325084	-0.224077	-0.51343	0	-2.62585	0	-123.354	0	0.238697	0.262585	-0.0238884	0.238697
121.649	41.5109	-7641.43	-4783.52	-0.242985	-0.180502	0.0480829	-0.228585	-0.423487	0	-2.26561	0	13.3549	0	0.218013	0.226561	-0.00854835	0.218013
106.846	-50.494	-7161.44	-12322.9	-0.228959	-0.0955783	0.0944042	-0.189982	-0.324537	0	-0.994396	0	703.124	0	0.102328	0.0994396	0.00288868	0.102328
93.0036	-165.228	-6681.45	-4173	-0.214767	0.038404	0.154939	-0.116535	-0.176363	0	-0.997589	0	126.122	0	0.108256	0.0997589	0.00849747	0.108256
80.1209	-266.585	-6201.45	-732.53	-0.200409	0.203799	0.208024	-0.00422485	0.00338933	0	-1.09975	0	-178.181	0	0.124727	0.109975	0.0147512	0.124727
68.1981	-330.351	-5721.46	-1268.83	-0.185886	0.379008	0.239129	0.139879	0.193122	0	-1.01462	0	98.1096	0	0.122746	0.101462	0.0212843	0.122746
57.2353	-343.095	-5241.47	-1062.93	-0.171197	0.542566	0.240198	0.302367	0.371369	0	-1.08113	0	-4.36223	0	0.135519	0.108113	0.0274055	0.135519
47.2325	-201.73	-4761.47	3976.86	-0.156342	0.598765	0.149378	0.449387	0.442423	0	-0.707055	0	294.195	0	0.104136	0.0707055	0.0334309	0.104136
38.1897	-2.82799	-4281.48	-986.315	-0.141321	0.553508	0.0246106	0.528897	0.412187	0	-0.336705	0	-67.0903	0	0.0702407	0.0336705	0.0365702	0.0702407
30.1068	204.992	-3801.48	-2865.76	-0.126134	0.419236	-0.104931	0.524167	0.293102	0	-0.822524	0	-185.124	0	0.121475	0.0822524	0.0392226	0.121475
22.984	425.419	-3321.49	-3426.01	-0.110781	0.185933	-0.241461	0.427394	0.075152	0	0.516272	0	744.784	0	-0.00838096	-0.0516272	0.0432462	-0.00838096
16.821	507.249	-2841.5	598.646	-0.0952631	-0.0383869	-0.294257	0.25587	-0.13365	0	2.02375	0	457.719	0	-0.164684	-0.202375	0.0376902	-0.164684
11.6181	530.412	-2361.5	-1934.42	-0.0795789	-0.256675	-0.311276	0.0546018	-0.336254	0	2.13921	0	19.1009	0	-0.18892	-0.213922	0.0250018	-0.18892
7.37516	470.705	-1881.51	-2810.7	-0.0637289	-0.429318	-0.277998	-0.151319	-0.493046	0	1.76195	0	-55.1193	0	-0.163492	-0.176195	0.0127029	-0.163492
4.09218	319.205	-1401.52	-5858.52	-0.047713	-0.51332	-0.189068	-0.324253	-0.561033	0	2.16103	0	27.0018	0	-0.214366	-0.216103	0.00173688	-0.214366
1.76917	103.612	-921.521	-11142.5	-0.0315314	-0.49185	-0.061106	-0.430744	-0.523381	0	3.15502	0	322.207	0	-0.328332	-0.315502	-0.0128304	-0.328332
0.406138	-111.44	-441.527	-5362.92	-0.0151839	-0.38179	0.067108	-0.448898	-0.396974	0	2.97623	0	-85.7651	0	-0.329508	-0.297623	-0.0318851	-0.329508
0	-257.647	0	-7067.59	0	-0.232304	0.154588	-0.386892	-0.232304	0	2.24032	0	-95.8208	0	-0.272708	-0.224032	-0.0486761	-0.272708
0	-207.852	0	-20611.6	0	-0.161235	0.124711	-0.285946	-0.161235	0	2.96718	0	411.032	0	-0.358514	-0.296718	-0.0617955	-0.358514
0	-155.247	0	-17602.1	0	-0.11463	0.0931484	-0.207779	-0.11463	0	4.37036	0	333.699	0	-0.519548	-0.437036	-0.0825119	-0.519548
0	-138.064	0	-3924	0	-0.0662207	0.0828382	-0.149059	-0.0662207	0	4.24585	0	68.1821	0	-0.533305	-0.424585	-0.10872	-0.533305
0	-150.674	0	50.374	0	-0.00422692	0.0904043	-0.0946312	-0.00422692	0	4.2384	0	-65.8932	0	-0.557846	-0.42384	-0.134006	-0.557846
0	-154.467	0	-1915.27	0	0.06063	0.0926801	-0.0320501	0.06063	0	4.25489	0	-74.7518	0	-0.584874	-0.425489	-0.159384	-0.584874
0	-145.04	0	373.591	0	0.11391	0.0870239	0.0268856	0.11391	0	4.25809	0	10.4818	0	-0.610598	-0.425809	-0.184789	-0.610598
0	-108.825	0	-464.379	0	0.151316	0.0652947	0.0860209	0.151316	0	4.12666	0	7.12993	0	-0.623003	-0.412666	-0.210338	-0.623003
0	-79.5186	0	4379.09	0	0.171796	0.0477111	0.124085	0.171796	0	4.0479	0	-174.111	0	-0.640295	-0.40479	-0.235505	-0.640295
0	8.28229	0	8255.3	0	0.141004	-0.00496937	0.145974	0.141004	0	3.56474	0	-28.3042	0	-0.61562	-0.356474	-0.259145	-0.61562
0	106.44	0	397.533	0	0.0731412	-0.0638637	0.137005	0.0731412	0	3.17417	0	-174.351	0	-0.598403	-0.317417	-0.280986	-0.598403
0	81.2275	0	-6224.83	0	0.0473992	-0.0487365	0.0961357	0.0473992	0	-0.724615	0	-1484.94	0	-0.224271	0.0724615	-0.296733	-0.224271
0	141.535	0	12184.2	0	-0.023894	-0.0849211	0.0610272	-0.023894	0	-7.17488	0	-2627.69	0	0.435642	0.717488	-0.281846	0.435642
0	168.213	0	-15725	0	-0.101659	-0.100928	-0.000730906	-0.101659	0	-8.5323	0	-856.219	0	0.616917	0.85323	-0.236313	0.616917
0	188.698	0	-5329.4	0	-0.1836	-0.113219	-0.0703819	-0.1836	0	-7.47606	0	275.759	0	0.5608	0.747606	-0.186806	0.5608
0	153.841	0	-7666.14	0	-0.236872	-0.0923043	-0.144567	-0.236872	0	-6.83433	0	203.933	0	0.540358	0.683433	-0.143075	0.540358
0	83.0701	0	-4331.02	0	-0.249555	-0.049842	-0.199713	-0.249555	0	-6.50815	0	234.34	0	0.548045	0.650815	-0.10277	0.548045
0	-2.99954	0	-2889.71	0	-0.221182	0.00179972	-0.222981	-0.221182	0	-6.48846	0	26.0441	0	0.585149	0.648846	-0.0636973	0.585149
0	17.2826	0	-8870.42	0	-0.230996	-0.0103695	-0.220626	-0.230996	0	-5.77702	0	154.852	0	0.552623	0.577702	-0.0250795	0.552623
0	48.0104	0	-19232.5	0	-0.262104	-0.0288063	-0.233298	-0.262104	0	-1.50044	0	1967.26	0	0.153549	0.150044	0.00350543	0.153549
0	19.0696	0	-7972.6	0	-0.262299	-0.0114418	-0.250857	-0.262299	0	-0.488889	0	377.752	0	0.0576424	0.0488889	0.00875346	0.0576424
0	-51.1926	0	-514.658	0	-0.22132	0.0307156	-0.252036	-0.22132	0	-0.944377	0	-111.862	0	0.1074	0.0944377	0.0129623	0.1074
0	-130.062	0	-2489.87	0	-0.145025	0.0780369	-0.223062	-0.145025	0	-0.8619	0	-18.2486	0	0.104712	0.08619	0.0185216	0.104712
0	-173.003	0	-1264.04	0	-0.061092	0.103802	-0.164894	-0.061092	0	-0.835294	0	-25.4312	0	0.107115	0.0835294	0.023586	0.107115
0	-170.532	0	-708.588	0	0.00836343	0.102319	-0.093956	0.00836343	0	-0.613403	0	187.653	0	0.0896237	0.0613403	0.0282833	0.0896237
0	-145.348	0	-3660.64	0	0.0585061	0.0872089	-0.0287028	0.0585061	0	-0.633092	0	-33.3321	0	0.0951452	0.0633092	0.031836	0.0951452
0	-93.3471	0	-4694.93	0	0.0816267	0.0560083	0.0256184	0.0816267	0	-0.427164	0	85.8992	0	0.0782855	0.0427164	0.0355691	0.0782855
0	8.80082	0	-11777	0	0.0474927	-0.00528049	0.0527732	0.0474927	0	0.383243	0	341.6	0	-0.00112928	-0.0383243	0.0371951	-0.00112928
0	106.902	0	-13457.7	0	-0.0254263	-0.0641412	0.0387149	-0.0254263	0	1.26655	0	350.219	0	-0.0932744	-0.126655	0.0333807	-0.0932744
0	166.861	0	-4448.33	0	-0.110541	-0.100117	-0.0104246	-0.110541	0	1.43949	0	143.121	0	-0.118582	-0.143949	0.0253663	-0.118582
0	195.406	0	-1261.65	0	-0.198314	-0.117244	-0.0810697	-0.198314	0	1.30593	0	-68.2874	0	-0.113782	-0.130593	0.0168108	-0.113782
0	172.813	0	-1790.77	0	-0.261406	-0.103688	-0.157718	-0.261406	0	0.96165	0	-70.921	0	-0.0868338	-0.096165	0.00933124	-0.0868338
0	126.147	0	-3133.91	0	-0.298678	-0.075688	-0.22299	-0.298678	0	0.497648	0	-242.106	0	-0.0454787	-0.0497648	0.00428607	-0.0454787
0	53.006	0	-4663.81	0	-0.298696	-0.0318036	-0.266893	-0.298696	0	0.376326	0	-80.019	0	-0.0358902	-0.0376326	0.00174237	-0.0358902
0	-30.9093	0	-3454.74	0	-0.260755	0.0185456	-0.279301	-0.260755	0	0.520529	0	51.9015	0	-0.0528079	-0.0520529	-0.000755033	-0.0528079
0	-103.198	0	-564.936	0	-0.197091	0.0619191	-0.25901	-0.197091	0	0.430069	0	-22.0793	0	-0.0467798	-0.0430069	-0.00377285	-0.0467798
0	-166.849	0	-991.104	0	-0.110771	0.10011	-0.21088	-0.110771	0	0.300766	0	-65.175	0	-0.0362638	-0.0300766	-0.00618724	-0.0362638
0	-187.364	0	-2434.81	0	-0.0279362	0.112419	-0.140355	-0.0279362	0	0.431134	0	75.3647	0	-0.0512616	-0.0431134	-0.00814828	-0.0512616
0	-160.149	0	-4946.33	0	0.0286096	0.0960894	-0.0674798	0.0286096	0	0.434858	0	20.0586	0	-0.0543566	-0.0434858	-0.0108708	-0.0543566
0	-101.472	0	-5008.57	0	0.05215	0.0608833	-0.00873328	0.05215	0	0.309812	0	-83.3709	0	-0.0440157	-0.0309812	-0.0130345	-0.0440157
0	-38.604	0	-8152.16	0	0.0484534	0.0231624	0.025291	0.0484534	0	0.476363	0	43.7612	0	-0.0628075	-0.0476363	-0.0151712	-0.0628075
0	32.7529	0	-5899.22	0	0.0133379	-0.0196517	0.0329897	0.0133379	0	0.384308	0	-18.2486	0	-0.0564298	-0.0384308	-0.017999	-0.0564298
0	80.0429	0	-4371.72	0	-0.0337716	-0.0480257	0.0142542	-0.0337716	0	0.174655	0	-103.003	0	-0.0376427	-0.0174655	-0.0201772	-0.0376427
0	116.745	0	-1247.28	0	-0.0915743	-0.0700472	-0.0215271	-0.0915743	0	-0.102043	0	-61.5837	0	-0.0106025	0.0102043	-0.0208069	-0.0106025
0	122.51	0	-4232.85	0	-0.143101	-0.073506	-0.0695949	-0.143101	0	-0.384063	0	-154.718	0	0.0186587	0.0384063	-0.0197476	0.0186587
0	118.527	0	-2729.29	0	-0.189488	-0.0711161	-0.118372	-0.189488	0	-0.513366	0	-56.5558	0	0.0343372	0.0513366	-0.0169995	0.0343372
0	97.6483	0	-6464.25	0	-0.223185	-0.058589	-0.164596	-0.223185	0	-0.180796	0	109.602	0	0.00380434	0.0180796	-0.0142752	0.00380434
0	53.9938	0	-6548.05	0	-0.232027	-0.0323963	-0.199631	-0.232027	0	0.136343	0	110.799	0	-0.0275783	-0.0136343	-0.0139439	-0.0275783
0	0.937402	0	-2659.86	0	-0.217015	-0.000562441	-0.216452	-0.217015	0	0.231591	0	93.5606	0	-0.0381143	-0.0231591	-0.0149552	-0.0381143
0	-60.7638	0	-1378.96	0	-0.173995	0.0364583	-0.210453	-0.173995	0	0.338014	0	77.5195	0	-0.050352	-0.0338014	-0.0165506	-0.050352
