0	0	0	0	0	0	0	0	0	0	0	0	0	0	0	0	0	0
0	0.595718	0	335.404	0	-0	-0	-0	0	0.0150796	-0.00589049	15.0796	-27.7225	0.0122145	0	0	-0	0.0122145
0	0.423445	0	19.3691	0	-0	-0	-0	0	0.0603186	-0.0106795	30.1593	-4.73812	0.0247306	0	0	0	0.0247306
0	-1.07964	0	-928.735	0	0	0	-0	0	0.135717	0.158	45.2389	120.239	0.0375483	0	-0	0	0.0375483
0	-1.03998	0	174.992	0	0	0	0	0	0.241274	0.105853	60.3186	-50.4674	0.0506676	0	0	0	0.0506676
0	0.369565	0	419.201	0	0	-0	0	0	0.376991	0.00900867	75.3982	-47.1155	0.0640885	0	0	0	0.0640885
0	0.780398	0	371.317	0	0	-0	0	0	0.542867	-0.00110147	90.4779	-5.93523	0.077811	0	0	0	0.077811
0	0.0307406	0	-346.944	0	0	-0	-0	0	0.738903	-0.0101474	105.558	9.38767	0.0918351	0	0	0	0.0918351
0	0.0994407	0	-35.6976	0	0	-0	-0	0	0.965097	-0.0356888	120.637	-8.32943	0.106161	0	0	0	0.106161
0	-0.107023	0	373.711	0	0	0	-0	0	1.22145	-0.0489916	135.717	-31.5532	0.120788	0	0	0	0.120788
0	0.461576	0	-50.0628	0	0	-0	-0	0	1.50796	-0.0591017	150.796	-2.1045	0.135717	0	0	0	0.135717
0	-0.28047	0	-457.077	0	0	0	-0	0	1.80956	-0.00322992	150.796	32.372	0.138733	0	0	0	0.138733
0	2.78657	0	-71.6106	0	0	-0	-0	0	2.11115	0.0574309	150.796	39.3152	0.141749	0	0	0	0.141749
0	3.91995	0	1068.03	0	-0	-0	-0	0	2.41274	0.20589	150.796	31.6537	0.144765	0	0	0	0.144765
0	1.15806	0	-241.599	0	0	-0	-0	0	2.71434	0.186202	150.796	3.16274	0.147781	0	0	0	0.147781
0	0.625286	0	-100.341	0	0	-0	-0	0	3.01593	0.197909	150.796	-2.34392	0.150796	0	0	0	0.150796
0	1.12056	0	-121.889	0	0	-0	-0	0	3.31752	0.180349	150.796	48.1737	0.153812	0	0	0	0.153812
0	1.31832	0	-150.619	0	0	-0	-0	0	3.61911	0.159597	150.796	-51.4251	0.156828	0	0	0	0.156828
0	1.13794	0	198.934	0	-0	-0	-0	0	3.76991	0.172899	150.796	-16.4697	0.158336	0	0	0	0.158336
0	1.06808	0	139.079	0	-0	-0	-0	0	4.0715	0.192588	150.796	-0.907402	0.161352	0	0	0	0.161352
0	1.98395	0	-74.0048	0	0	-0	-0	0	4.3731	0.245799	150.796	3.64158	0.164368	0	0	0	0.164368
0	2.05556	0	-265.541	0	0	-0	-0	0	4.67469	0.310717	150.796	72.1158	0.167384	0	0	0	0.167384
0	2.62592	0	16.9749	0	-0	-0	-0	0	4.97628	0.385744	150.796	36.6816	0.1704	0	0	0	0.1704
0	3.23073	0	194.146	0	-0	-0	-0	0	5.27787	0.463433	150.796	73.0734	0.173416	0	0	0	0.173416
0	2.354	0	-196.109	0	0	-0	-0	0	5.57946	0.547507	150.796	-21.0187	0.176432	0	0	0	0.176432
0	1.50546	0	-90.7642	0	0	-0	-0	0	5.88106	0.625195	150.796	17.7674	0.179448	0	0	0	0.179448
0	0.991541	0	213.299	0	-0	-0	-0	0	6.18265	0.720443	150.796	44.343	0.182464	0	0	0	0.182464
0	-0.18095	0	-315.819	0	0	0	-0	0	6.48424	0.798132	150.796	94.3818	0.18548	0	0	0	0.18548
0	-0.812208	0	-411.587	0	0	0	-0	0	6.78583	0.854536	150.796	-5.69581	0.188496	0	0	0	0.188496
0	-0.558238	0	340.192	0	0	0	-0	0	7.08743	0.949784	150.796	4.35984	0.191511	0	0	0	0.191511
0	-0.347516	0	-26.1208	0	0	0	-0	0	7.38902	1.06632	150.796	62.0601	0.194527	0	0	0	0.194527
0	-1.64983	0	-495.384	0	0	0	-0	0	7.69061	1.19722	150.796	92.7059	0.197543	0	0	0	0.197543
0	-1.99504	0	301.885	0	0	0	-0	0	7.9922	1.32279	150.796	77.1436	0.200559	0	0	0	0.200559
0	-2.99406	0	-282.3	0	0	0	-0	0	8.2938	1.45476	150.796	1.96564	0.203575	0	0	0	0.203575
0	-2.87622	0	-289.483	0	0	0	-0	0	8.59539	1.58672	150.796	56.7929	0.206591	0	0	0	0.206591
0	-4.20332	0	57.6763	0	0	0	-0	0	8.89699	1.75647	150.796	87.1992	0.209607	0	0	0	0.209607
0	-4.86732	0	48.0995	0	0	0	-0	0	9.19858	1.89109	150.796	99.6491	0.212623	0	0	0	0.212623
0	-5.59636	0	-622.277	0	0	0	-0	0	9.50017	2.01827	150.796	12.0213	0.215639	0	0	0	0.215639
0	-6.37224	0	189.357	0	0	0	0	0	9.80177	2.19918	150.796	62.0601	0.218655	0	0	0	0.218655
0	-4.45884	0	136.685	0	0	0	0	0	10.1034	2.3668	150.796	70.2004	0.221671	0	0	0	0.221671
0	-2.72839	0	-514.538	0	0	0	0	0	10.405	2.50249	150.796	100.367	0.224687	0	0	0	0.224687
0	-2.88638	0	-100.341	0	0	0	0	0	10.7065	2.63179	150.796	49.8497	0.227703	0	0	0	0.227703
0	-2.45979	0	366.528	0	0	0	0	0	11.0081	2.73715	150.796	30.9355	0.230719	0	0	0	0.230719
0	-2.09341	0	-193.715	0	0	0	0	0	11.3097	2.87231	150.796	65.8908	0.233734	0	0	0	0.233734
0	-1.02731	0	-368.492	0	0	0	0	0	11.7621	3.18519	150.796	73.3129	0.238258	0	0	0	0.238258
0	-1.50932	0	-143.437	0	0	0	0	0	12.0637	3.32992	150.796	62.2995	0.241274	0	0	0	0.241274
0	-0.931388	0	395.259	0	0	0	0	0	12.3653	3.4124	150.796	-2.58334	0.24429	0	0	0	0.24429
0	-0.366144	0	-85.9758	0	0	0	0	0	12.6669	3.41027	150.796	52.2439	0.247306	0	0	0	0.247306
0	0.404698	0	-655.796	0	0	-0	0	0	12.9685	3.54117	150.796	67.5668	0.250322	0	0	0	0.250322
0	1.11088	0	198.934	0	0	-0	0	0	13.2701	3.70506	150.796	71.6369	0.253338	0	0	0	0.253338
0	3.24084	0	110.349	0	0	-0	0	0	13.5717	3.91312	150.796	73.7917	0.256354	0	0	0	0.256354
0	2.4793	0	-102.735	0	0	-0	0	0	13.8733	4.12064	150.796	70.2004	0.25937	0	0	0	0.25937
0	3.35684	0	519.757	0	0	-0	0	0	14.1749	4.32285	150.796	139.632	0.262386	0	0	0	0.262386
0	1.4014	0	-303.848	0	0	-0	0	0	14.4765	4.5309	150.796	152.082	0.265402	0	0	0	0.265402
0	0.622172	0	-279.906	0	0	-0	0	0	14.7781	4.6203	150.796	28.0624	0.268418	0	0	0	0.268418
0	-0.480548	0	823.821	0	0	0	0	0	15.0797	4.86826	150.796	135.083	0.271434	0	0	0	0.271434
0	-3.02406	0	-1218.43	0	0	0	0	0	15.3812	5.08057	150.796	34.7662	0.27445	0	0	0	0.27445
0	-3.33814	0	-78.7932	0	0	0	0	0	15.6828	5.25032	150.796	68.7639	0.277466	0	0	0	0.277466
0	-7.92011	0	-852.12	0	0	0	0	0	15.9844	5.40197	150.796	20.1616	0.280481	0	0	0	0.280481
0	-8.49115	0	-332.579	0	0	0	0	0	16.286	5.5185	150.796	63.0178	0.283497	0	0	0	0.283497
0	-6.56456	0	591.583	0	0	0	0	0	16.5876	5.75636	150.796	96.0578	0.286513	0	0	0	0.286513
0	-6.9649	0	-571.999	0	0	0	0	0	16.8892	5.941	150.796	70.6792	0.289529	0	0	0	0.289529
0	-12.5683	0	-830.573	0	0	0	0	0	17.1908	6.22515	150.796	146.815	0.292545	0	0	0	0.292545
0	-11.1599	0	378.499	0	0	0	0	0	17.4886	6.46513	143.256	108.747	0.289491	0	0	0	0.289491
0	-9.20466	0	-370.886	0	0	0	0	0	17.7601	6.71097	128.176	105.635	0.280142	0	0	0	0.280142
0	-7.2196	0	751.995	0	0	0	0	0	18.0013	7.0611	113.097	111.141	0.270491	0	0	0	0.270491
0	-4.68424	0	-74.0048	0	0	0	0	0	18.2125	7.29735	98.017	109.944	0.260538	0	0	0	0.260538
0	-4.41367	0	-866.486	0	0	0	0	0	18.3934	7.41229	82.9373	80.9743	0.250284	0	0	0	0.250284
0	-2.77262	0	-6.96716	0	0	0	0	0	18.5442	7.57725	67.8576	102.762	0.239728	0	0	0	0.239728
0	0.168688	0	158.233	0	0	-0	0	0	18.6648	7.72783	52.778	-2.34392	0.228871	0	0	0	0.228871
0	2.93142	0	-117.1	0	0	-0	0	0	18.7553	7.83958	37.6983	90.3117	0.217712	0	0	0	0.217712
0	1.98332	0	-409.193	0	0	-0	0	0	18.8156	8.05615	22.6186	44.8219	0.206251	0	0	0	0.206251
0	-2.05082	0	-665.373	0	0	0	0	0	18.8458	8.02954	7.53894	41.2305	0.194489	0	0	0	0.194489
0	-7.60081	0	285.125	0	0	0	0	0	18.8496	8.08275	0	47.2161	0.188496	0	0	0	0.188496
0	-1.25425	0	-454.683	0	0	0	0	0	18.8496	8.0604	0	-53.5798	0.188496	0	0	0	0.188496
0	-3.17368	0	33.7343	0	0	0	0	0	18.8496	8.08329	0	7.71172	0.188496	0	0	0	0.188496
0	-3.72299	0	-296.666	0	0	0	0	0	18.8496	8.08701	0	-4.73812	0.188496	0	0	0	0.188496
0	-3.75111	0	-1101.12	0	0	0	0	0	18.8496	8.02316	0	12.5001	0.188496	0	0	0	0.188496
0	-0.734195	0	115.137	0	0	0	0	0	18.8496	8.03965	0	33.0903	0.188496	0	0	0	0.188496
0	-1.29077	0	-117.1	0	0	0	0	0	18.8496	8.00879	0	-61.4807	0.188496	0	0	0	0.188496
0	0.0100447	0	-483.413	0	0	-0	0	0	18.8496	8.03486	0	39.794	0.188496	0	0	0	0.188496
0	4.38838	0	-730.016	0	0	-0	0	0	18.8496	7.94281	0	-90.2111	0.188496	0	0	0	0.188496
0	5.4757	0	-243.993	0	0	-0	0	0	18.8496	7.98218	0	83.3685	0.188496	0	0	0	0.188496
0	7.98896	0	-260.753	0	0	-0	0	0	18.8496	8.02635	0	27.1048	0.188496	0	0	0	0.188496
0	3.67025	0	189.357	0	0	-0	0	0	18.8496	7.94334	0	-108.886	0.188496	0	0	0	0.188496
0	-0.0369453	0	-109.918	0	0	0	0	0	18.8496	8.03433	0	68.5245	0.188496	0	0	0	0.188496
0	-1.89073	0	-437.923	0	0	0	0	0	18.8496	8.09712	0	-8.80827	0.188496	0	0	0	0.188496
0	-5.31936	0	-818.602	0	0	0	0	0	18.8496	8.01624	0	15.852	0.188496	0	0	0	0.188496
0	-4.5168	0	-181.744	0	0	0	0	0	18.8496	8.05455	0	52.2439	0.188496	0	0	0	0.188496
0	-4.8951	0	-217.657	0	0	0	0	0	18.8496	8.10351	0	-62.4384	0.188496	0	0	0	0.188496
0	-8.45924	0	-40.4859	0	0	0	0	0	18.8496	8.11787	0	52.0045	0.188496	0	0	0	0.188496
0	-3.6565	0	-397.222	0	0	0	0	0	18.8496	8.11521	0	-37.2993	0.188496	0	0	0	0.188496
0	1.29122	0	-1371.66	0	0	-0	0	0	18.8496	8.1482	0	49.6103	0.188496	0	0	0	0.188496
0	6.51595	0	613.131	0	0	-0	0	0	18.8496	8.09659	0	17.7674	0.188496	0	0	0	0.188496
0	8.87785	0	-45.2744	0	0	-0	0	0	18.8496	8.06892	0	-59.0865	0.188496	0	0	0	0.188496
0	9.80627	0	-150.619	0	0	-0	0	0	18.8496	8.1184	0	74.9888	0.188496	0	0	0	0.188496
0	6.74331	0	-119.495	0	0	-0	0	0	18.8496	8.08488	0	-75.1277	0.188496	0	0	0	0.188496
0	4.53293	0	-708.468	0	0	-0	0	0	18.8496	8.18545	0	106.832	0.188496	0	0	0	0.188496
0	1.47807	0	-184.138	0	0	-0	0	0	18.8496	8.11362	0	-0.189142	0.188496	0	0	0	0.188496
0	0.743741	0	-33.3033	0	0	-0	0	0	18.8496	8.12692	0	-74.6488	0.188496	0	0	0	0.188496
0	2.59427	0	268.366	0	0	-0	0	0	18.8496	8.07211	0	71.8763	0.188496	0	0	0	0.188496
0	3.5705	0	-1153.79	0	0	-0	0	0	18.8496	8.14501	0	-71.7758	0.188496	0	0	0	0.188496
0	8.24319	0	787.908	0	0	-0	0	0	18.8496	8.08914	0	-40.4117	0.188496	0	0	0	0.188496
0	9.58693	0	-485.807	0	0	-0	0	0	18.8496	8.09925	0	7.95114	0.188496	0	0	0	0.188496
0	9.05658	0	174.992	0	0	-0	0	0	18.8496	8.062	0	-15.9909	0.188496	0	0	0	0.188496
0	13.621	0	-83.5816	0	0	-0	0	0	18.8496	8.05774	0	96.5366	0.188496	0	0	0	0.188496
0	11.9244	0	-720.439	0	0	-0	0	0	18.8496	8.08009	0	-67.2268	0.188496	0	0	0	0.188496
0	15.0361	0	878.888	0	0	-0	0	0	18.8496	7.92206	0	-75.8459	0.188496	0	0	0	0.188496
0	14.3875	0	117.531	0	0	-0	0	0	18.8496	7.86884	0	-28.9196	0.188496	0	0	0	0.188496
0	13.7097	0	-615.094	0	0	-0	-0	0	18.8496	7.9013	0	23.274	0.188496	0	0	0	0.188496
0	13.2124	0	122.32	0	-0	-0	-0	0	18.8496	7.7986	0	8.90883	0.188496	0	0	0	0.188496
0	11.7579	0	-275.118	0	0	-0	-0	0	18.8496	7.83106	0	-15.9909	0.188496	0	0	0	0.188496
0	9.57322	0	-397.222	0	0	-0	-0	0	18.8496	7.76668	0	-44.003	0.188496	0	0	0	0.188496
0	9.32134	0	107.955	0	-0	-0	-0	0	18.8496	7.65759	0	-69.621	0.188496	0	0	0	0.188496
0	7.97684	0	613.131	0	-0	-0	-0	0	18.8496	7.57405	0	6.75404	0.188496	0	0	0	0.188496
0	5.71004	0	-828.178	0	0	-0	-0	0	18.8496	7.55809	0	-16.2303	0.188496	0	0	0	0.188496
0	7.52959	0	658.621	0	-0	-0	-0	0	18.8496	7.56448	0	67.8062	0.188496	0	0	0	0.188496
0	9.03391	0	-868.88	0	0	-0	-0	0	18.8496	7.52297	0	-66.2691	0.188496	0	0	0	0.188496
0	10.7895	0	464.691	0	-0	-0	-0	0	18.8496	7.47987	0	-66.5085	0.188496	0	0	0	0.188496
0	9.99123	0	-258.358	0	0	-0	-0	0	18.8496	7.49424	0	80.9743	0.188496	0	0	0	0.188496
0	13.9321	0	14.5807	0	-0	-0	-0	0	18.8496	7.5086	0	-39.6935	0.188496	0	0	0	0.188496
0	16.32	0	16.9749	0	-0	-0	-0	0	18.8496	7.47934	0	81.6926	0.188496	0	0	0	0.188496
0	16.9246	0	-931.129	0	0	-0	-0	0	18.8496	7.45486	0	-70.0998	0.188496	0	0	0	0.188496
0	14.3877	0	1340.97	0	-0	-0	-0	0	18.8496	7.45114	0	-28.2013	0.188496	0	0	0	0.188496
0	11.9275	0	-610.306	0	0	-0	-0	0	18.8496	7.54053	0	33.8085	0.188496	0	0	0	0.188496
0	9.47129	0	103.166	0	-0	-0	-0	0	18.8496	7.48838	0	-18.8639	0.188496	0	0	0	0.188496
0	3.97651	0	-780.294	0	0	-0	-0	0	18.8496	7.57565	0	117.845	0.188496	0	0	0	0.188496
0	5.23445	0	-323.002	0	0	-0	-0	0	18.8496	7.6113	0	-34.1868	0.188496	0	0	0	0.188496
0	9.74315	0	230.059	0	-0	-0	-0	0	18.8496	7.60066	0	-29.159	0.188496	0	0	0	0.188496
0	10.0107	0	-1062.81	0	0	-0	-0	0	18.8496	7.57725	0	-32.9897	0.188496	0	0	0	0.188496
0	14.0827	0	124.714	0	-0	-0	-0	0	18.8496	7.50807	0	-11.4419	0.188496	0	0	0	0.188496
0	21.9527	0	-1307.02	0	0	-0	-0	0	18.8496	7.4655	0	14.8943	0.188496	0	0	0	0.188496
0	22.0454	0	605.949	0	-0	-0	-0	0	18.8496	7.53415	0	57.2717	0.188496	0	0	0	0.188496
0	22.3541	0	-734.804	0	0	-0	-0	0	18.8496	7.50062	0	-60.0442	0.188496	0	0	0	0.188496
0	14.4444	0	304.279	0	-0	-0	-0	0	18.8496	7.56926	0	3.64158	0.188496	0	0	0	0.188496
0	15.9419	0	-706.074	0	0	-0	-0	0	18.8496	7.58736	0	63.9755	0.188496	0	0	0	0.188496
0	11.5456	0	-469.048	0	0	-0	-0	0	18.8496	7.62141	0	14.4155	0.188496	0	0	0	0.188496
0	10.2471	0	43.3111	0	-0	-0	-0	0	18.8496	7.62194	0	49.8497	0.188496	0	0	0	0.188496
0	12.5054	0	-665.373	0	0	-0	-0	0	18.8496	7.61662	0	-50.228	0.188496	0	0	0	0.188496
0	11.9036	0	297.096	0	-0	-0	-0	0	18.8496	7.63578	0	-36.3416	0.188496	0	0	0	0.188496
0	14.151	0	-1055.63	0	0	-0	-0	0	18.8496	7.78583	0	122.873	0.188496	0	0	0	0.188496
0	10.7993	0	-536.086	0	0	-0	-0	0	18.8496	7.85341	0	-48.3126	0.188496	0	0	0	0.188496
0	13.2393	0	416.807	0	-0	-0	-0	0	18.8496	7.89492	0	93.4241	0.188496	0	0	0	0.188496
0	13.7634	0	-792.265	0	0	-0	-0	0	18.8496	7.85182	0	-40.4117	0.188496	0	0	0	0.188496
0	13.1846	0	543.699	0	-0	-0	-0	0	18.8496	7.72251	0	-79.6766	0.188496	0	0	0	0.188496
0	7.96819	0	-143.437	0	0	-0	-0	0	18.8496	7.81989	0	45.0613	0.188496	0	0	0	0.188496
0	7.02072	0	-47.6686	0	0	-0	-0	0	18.8496	7.88481	0	35.4845	0.188496	0	0	0	0.188496
0	8.9481	0	-1582.35	0	0	-0	-0	0	18.8496	7.74114	0	-15.512	0.188496	0	0	0	0.188496
0	8.77186	0	76.8299	0	-0	-0	-0	0	18.8496	7.8582	0	27.3442	0.188496	0	0	0	0.188496
0	8.27619	0	-234.416	0	0	-0	-0	0	18.8496	7.80393	0	-24.3706	0.188496	0	0	0	0.188496
0	7.06987	0	81.6183	0	-0	-0	-0	0	18.8496	7.81723	0	-23.8917	0.188496	0	0	0	0.188496
0	8.51968	0	-325.396	0	0	-0	-0	0	18.8496	7.83106	0	65.6514	0.188496	0	0	0	0.188496
0	8.30869	0	-1512.92	0	0	-0	-0	0	18.8496	7.89705	0	1.4868	0.188496	0	0	0	0.188496
0	12.7582	0	-117.1	0	0	-0	-0	0	18.8496	7.87576	0	21.3587	0.188496	0	0	0	0.188496
0	12.3108	0	-820.996	0	0	-0	-0	0	18.8496	7.85182	0	9.8665	0.188496	0	0	0	0.188496
0	17.0331	0	-447.5	0	0	-0	-0	0	18.8496	7.89013	0	6.03578	0.188496	0	0	0	0.188496
0	20.6399	0	-789.871	0	0	-0	-0	0	18.8496	7.8582	0	31.6537	0.188496	0	0	0	0.188496
0	20.7364	0	304.279	0	-0	-0	-0	0	18.8496	7.83585	0	10.3453	0.188496	0	0	0	0.188496
0	18.6116	0	-696.497	0	0	-0	-0	0	18.8496	7.91993	0	-27.9619	0.188496	0	0	0	0.188496
0	19.198	0	72.0415	0	-0	-0	-0	0	18.8496	7.9311	0	14.4155	0.188496	0	0	0	0.188496
0	17.3415	0	7.39808	0	-0	-0	-0	0	18.8496	7.9742	0	14.1761	0.188496	0	0	0	0.188496
0	16.4894	0	-1036.47	0	0	-0	-0	0	18.8496	7.90556	0	30.4566	0.188496	0	0	0	0.188496
0	16.5417	0	455.114	0	-0	-0	-0	0	18.8496	7.91301	0	6.75404	0.188496	0	0	0	0.188496
0	14.3205	0	-555.239	0	0	-0	-0	0	18.8496	7.91727	0	-64.5932	0.188496	0	0	0	0.188496
0	14.3946	0	261.183	0	-0	-0	-0	0	18.8496	7.88694	0	13.2184	0.188496	0	0	0	0.188496
0	14.1235	0	-344.55	0	0	-0	-0	0	18.8496	7.86246	0	-26.7648	0.188496	0	0	0	0.188496
0	14.4702	0	-133.86	0	0	-0	-0	0	18.8496	7.81989	0	35.0056	0.188496	0	0	0	0.188496
0	10.9907	0	-576.787	0	0	-0	-0	0	18.8496	7.80393	0	-53.3404	0.188496	0	0	0	0.188496
0	14.8156	0	342.586	0	-0	-0	-0	0	18.8391	7.68048	-12.5607	44.343	0.178342	0	0	0	0.178342
0	17.2746	0	-52.457	0	0	-0	-0	0	18.7989	7.55064	-27.6402	-176.642	0.165877	0	0	0	0.165877
0	19.0807	0	-270.329	0	0	-0	-0	0	18.7285	7.53947	-42.7196	56.314	0.15311	0	0	0	0.15311
0	20.1993	0	756.783	0	-0	-0	-0	0	18.628	7.48093	-57.7991	-60.7624	0.140041	0	0	0	0.140041
0	13.4206	0	-1050.84	0	0	-0	-0	0	18.4973	7.33354	-72.8785	-11.2025	0.126671	0	0	0	0.126671
0	19.569	0	361.74	0	-0	-0	-0	0	18.3365	7.14783	-87.958	-77.7613	0.112999	0	0	0	0.112999
0	15.8556	0	115.137	0	-0	-0	-0	0	18.1455	6.88816	-103.037	-171.375	0.0990252	0	0	0	0.0990252
0	10.7397	0	-167.379	0	0	-0	-0	0	17.9244	6.71948	-118.117	-65.5508	0.0847501	0	0	0	0.0847501
0	8.78141	0	-232.022	0	0	-0	-0	0	17.6731	6.48588	-133.196	-108.886	0.0774995	0	0	0	0.0774995
0	9.83017	0	-464.26	0	0	-0	-0	0	17.3916	6.27996	-148.276	-30.1167	0.0552952	0	0	0	0.0552952
0	14.7057	0	-172.167	0	0	-0	-0	0	17.0904	6.03306	-150.796	-145.517	0.050267	0	0	0	0.050267
0	11.8744	0	488.633	0	-0	-0	-0	0	16.7888	5.68505	-150.796	-102.422	0.0472511	0	0	0	0.0472511
0	21.0474	0	349.769	0	-0	-0	-0	0	16.4872	5.15773	-150.796	-286.775	0.0442352	0	0	0	0.0442352
0	21.4087	0	-840.149	0	0	-0	-0	0	16.1856	5.00767	-150.796	-43.7636	0.0412193	0	0	0	0.0412193
0	23.5861	0	256.395	0	-0	-0	-0	0	15.8841	4.72725	-150.796	-126.603	0.0382034	0	0	0	0.0382034
0	18.7405	0	-394.828	0	0	-0	-0	0	15.5825	4.38989	-150.796	-98.3514	0.0351875	0	0	0	0.0351875
0	18.1895	0	421.595	0	-0	-0	-0	0	15.2809	4.11851	-150.796	-116.787	0.0321717	0	0	0	0.0321717
0	15.2652	0	-81.1874	0	0	-0	-0	0	14.9793	3.81893	-150.796	-192.922	0.0306637	0	0	0	0.0306637
0	11.4271	0	455.114	0	-0	-0	-0	0	14.6777	3.53745	-150.796	-109.125	0.0261399	0	0	0	0.0261399
0	19.7461	0	-174.561	0	0	-0	-0	0	14.3761	3.27352	-150.796	-162.516	0.023124	0	0	0	0.023124
0	15.4005	0	-1014.93	0	0	-0	-0	0	14.0745	3.01864	-150.796	-39.2146	0.0201081	0	0	0	0.0201081
0	13.5689	0	-469.048	0	0	-0	-0	0	13.7729	2.67383	-150.796	-80.3949	0.0170922	0	0	0	0.0170922
0	12.3106	0	287.52	0	-0	-0	-0	0	13.4713	2.53069	-150.796	-2.82276	0.0140763	0	0	0	0.0140763
0	15.9745	0	-943.1	0	0	-0	-0	0	13.1698	2.22898	-150.796	-208.724	0.0110604	0	0	0	0.0110604
0	19.2499	0	-179.35	0	0	-0	-0	0	12.8682	1.92834	-150.796	-84.9439	0.00804453	0	0	0	0.00804453
0	20.0321	0	670.592	0	-0	-0	-0	0	12.5666	1.67399	-150.796	-140.729	0.00502864	0	0	0	0.00502864
0	17.5313	0	-358.915	0	0	-0	-0	0	12.265	1.47658	-150.796	-81.8314	0.00201275	0	0	0	0.00201275
0	16.7604	0	-50.0627	0	0	-0	-0	0	11.9634	1.27969	-150.796	-96.9149	-0.00100314	0	0	0	-0.00100314
0	14.218	0	-856.909	0	0	-0	-0	0	11.6618	1.06898	-150.796	-57.8894	-0.00401903	0	0	0	-0.00401903
0	13.9485	0	33.7343	0	-0	-0	-0	0	11.3602	0.872095	-150.796	-73.2123	-0.00703492	0	0	0	-0.00703492
0	11.8223	0	-543.268	0	0	-0	-0	0	11.0586	0.700223	-150.796	-136.18	-0.0100508	0	0	0	-0.0100508
0	10.3657	0	-78.7932	0	0	-0	-0	0	10.757	0.524626	-150.796	-69.1422	-0.0130667	0	0	0	-0.0130667
0	8.45323	0	-1321.38	0	0	-0	-0	0	10.4555	0.402772	-150.796	-64.5932	-0.0160826	0	0	0	-0.0160826
0	7.44433	0	-263.147	0	0	-0	-0	0	10.1539	0.289432	-150.796	50.3285	-0.0190985	0	0	0	-0.0190985
0	5.0274	0	-1275.89	0	0	-0	-0	0	9.85228	0.151615	-150.796	-140.011	-0.0221144	0	0	0	-0.0221144
0	4.00493	0	-495.384	0	0	-0	-0	0	9.55069	0.034018	-150.796	-4.4987	-0.0251303	0	0	0	-0.0251303
0	2.68982	0	-390.039	0	0	-0	-0	0	9.2491	-0.0372851	-150.796	-72.494	-0.0281461	0	0	0	-0.0281461
0	1.13591	0	-852.12	0	0	-0	-0	0	8.94751	-0.0436705	-150.796	29.2595	-0.031162	0	0	0	-0.031162
0	0.0834457	0	-382.857	0	0	-0	-0	0	8.64592	-0.0202575	-150.796	-32.032	-0.0341779	0	0	0	-0.0341779
0	-0.3334	0	-315.819	0	0	0	-0	0	8.34433	-0.00589049	-150.796	86.2415	-0.0371938	0	0	0	-0.0371938
0	-0.484415	0	-95.5526	0	0	0	-0	0	8.04274	-0.0101474	-150.796	-25.8071	-0.0402097	0	0	0	-0.0402097
0	0.265045	0	2.60968	0	-0	-0	-0	0	7.74115	-0.00535837	-150.796	-47.5943	-0.0432256	0	0	0	-0.0432256
0	0.278328	0	98.3777	0	-0	-0	-0	0	7.43957	0.010605	-150.796	142.984	-0.0462415	0	0	0	-0.0462415
0	0.0267465	0	-354.126	0	0	-0	-0	0	7.13798	0.00528388	-150.796	-87.5775	-0.0492574	0	0	0	-0.0492574
0	0.580646	0	613.131	0	-0	-0	-0	0	6.83639	-0.0064226	-150.796	-28.2013	-0.0507653	0	0	0	-0.0507653
0	1.12134	0	440.749	0	-0	-0	-0	0	6.5348	-0.0282392	-150.796	-15.2726	-0.0552892	0	0	0	-0.0552892
0	1.02864	0	-117.1	0	0	-0	-0	0	6.23321	-0.0293034	-150.796	21.8375	-0.0583051	0	0	0	-0.0583051
0	0.46061	0	38.5227	0	-0	-0	-0	0	5.93162	-0.0144043	-150.796	29.7384	-0.059813	0	0	0	-0.059813
0	0.0146272	0	-186.532	0	0	-0	-0	0	5.63003	0.00262332	-150.796	1.96564	-0.0643368	0	0	0	-0.0643368
0	0.531808	0	124.714	0	-0	-0	-0	0	5.32844	0.00900867	-150.796	11.5424	-0.0673527	0	0	0	-0.0673527
0	0.376719	0	242.03	0	-0	-0	-0	0	5.02685	0.00475177	-150.796	-77.7613	-0.0703686	0	0	0	-0.0703686
0	0.521097	0	428.778	0	-0	-0	-0	0	4.72526	-0.00589049	-150.796	51.0468	-0.0733845	0	0	0	-0.0733845
0	-0.0527287	0	-28.515	0	0	0	-0	0	4.42368	-0.0229181	-150.796	-61.2413	-0.0764004	0	0	0	-0.0764004
0	-0.255545	0	136.685	0	0	0	-0	0	4.12209	-0.00801894	-150.796	146.336	-0.0779083	0	0	0	-0.0779083
0	0.562465	0	-485.807	0	0	-0	-0	0	3.8205	-0.00801894	-150.796	-101.703	-0.0824322	0	0	0	-0.0824322
0	0.318639	0	632.285	0	-0	-0	-0	0	3.51891	-0.00322992	-150.796	5.31752	-0.0854481	0	0	0	-0.0854481
0	0.467042	0	330.615	0	-0	-0	-0	0	3.21732	-0.0170649	-150.796	-39.6935	-0.088464	0	0	0	-0.088464
0	0.272136	0	81.6183	0	-0	-0	-0	0	2.91573	-0.0112116	-150.796	37.3998	-0.0914798	0	0	0	-0.0914798
0	-0.225552	0	-418.77	0	0	0	-0	0	2.61414	-0.00589049	-150.796	6.03578	-0.0944957	0	0	0	-0.0944957
0	0.00997042	0	385.682	0	-0	-0	-0	0	2.31255	0.00528388	-150.796	51.5256	-0.0975116	0	0	0	-0.0975116
0	-0.0617336	0	-375.674	0	0	0	-0	0	2.01096	0.000494864	-150.796	-41.8483	-0.100528	0	0	0	-0.100528
0	0.301895	0	620.314	0	-0	-0	-0	0	1.70937	-0.0138722	-150.796	-52.3827	-0.103543	0	0	0	-0.103543
0	0.996262	0	301.885	0	-0	-0	-0	0	1.40945	-0.0239823	-145.788	35.9633	-0.105051	0	0	0	-0.105051
0	0.410736	0	210.905	0	-0	-0	-0	0	1.13296	-0.0170649	-130.708	-38.257	-0.0932369	0	0	0	-0.0932369
0	-0.0895445	0	-289.483	0	0	0	-0	0	0.886624	-3.72468e-05	-115.629	112.817	-0.0836367	0	0	0	-0.0836367
0	0.030381	0	-54.8512	0	0	-0	-0	0	0.670449	-3.72473e-05	-100.549	-61.0019	-0.0737349	0	0	0	-0.0737349
0	0.819729	0	438.354	0	-0	-0	-0	0	0.484433	-0.00056936	-85.4697	-7.85059	-0.0686709	0	0	0	-0.0686709
0	0.334593	0	172.598	0	-0	-0	-0	0	0.328575	-0.00695471	-70.3903	-61.2413	-0.0530265	0	0	0	-0.0530265
0	0.670684	0	153.444	0	-0	-0	-0	0	0.202875	-0.0138722	-55.3108	63.736	-0.0422199	0	0	0	-0.0422199
0	-0.101728	0	-356.521	0	0	0	-0	0	0.107334	-0.0133401	-40.2314	-26.0465	-0.0311118	0	0	0	-0.0311118
0	0.0128627	0	598.766	0	-0	-0	-0	0	0.0419519	0.000494865	-25.1519	94.3818	-0.019702	0	0	0	-0.019702
0	-0.127507	0	33.7343	0	0	0	-0	0	0.00672793	-0.0138722	-10.0725	-39.6935	-0.0079907	0	0	0	-0.0079907
0	-0.430809	0	-191.321	0	0	0	-0	0	0	0.0111371	0	94.3818	0	0	-0	0	0
0	-0.0974744	0	139.079	0	0	0	-0	0	0	-0.0021657	0	-18.6245	0	0	0	0	0
0	-0.152641	0	625.102	0	0	0	-0	0	0	-0.0144043	0	-22.6946	0	0	0	0	0
0	0.788216	0	103.166	0	-0	-0	-0	0	0	-0.0218539	0	-45.679	0	0	0	0	0
0	0.245593	0	282.731	0	-0	-0	-0	0	0	-0.00695471	0	48.4132	0	0	0	0	0
0	0.159848	0	-619.883	0	0	-0	-0	0	0	0.0111371	0	-4.4987	0	0	-0	0	0
0	-0.286667	0	88.8009	0	0	0	-0	0	0	0.00954078	0	-5.93523	0	0	-0	0	0
0	0.729671	0	378.499	0	-0	-0	-0	0	0	-0.00535837	0	46.019	0	0	0	0	0
0	0.201083	0	21.7633	0	-0	-0	-0	0	0	-0.0064226	0	-29.8772	0	0	0	0	0
0	-0.392292	0	-162.59	0	0	0	-0	0	0	-0.00269781	0	76.6647	0	0	0	0	0
0	0.346689	0	-33.3033	0	0	-0	-0	0	0	0.00581599	0	-54.0587	0	0	-0	0	0
0	-0.318842	0	-469.048	0	0	0	-0	0	0	0.0180546	0	91.5088	0	0	-0	0	0
0	-0.607861	0	40.9169	0	0	0	-0	0	0	0.00688022	0	-57.65	0	0	-0	0	0
0	0.0121517	0	768.754	0	-0	-0	-0	0	0	-0.0122758	0	19.9222	0	0	0	0	0
0	0.256732	0	-16.5439	0	0	-0	-0	0	0	-0.0170649	0	-74.4094	0	0	0	0	0
0	0.187536	0	601.16	0	-0	-0	-0	0	0	-0.0122758	0	99.4097	0	0	0	0	0
0	0.301479	0	-775.506	0	0	-0	-0	0	0	0.0127335	0	-62.6778	0	0	-0	0	0
0	0.312853	0	139.079	0	-0	-0	-0	0	0	0.0159261	0	57.5111	0	0	-0	0	0
0	0.114116	0	-57.2454	0	0	-0	-0	0	0	-0.00163359	0	-10.963	0	0	0	0	0
0	-0.139905	0	804.667	0	0	0	-0	0	0	-0.0191933	0	-32.5109	0	0	0	0	0
0	0.5648	0	-236.811	0	0	-0	-0	0	0	-0.0202575	0	-27.9619	0	0	0	0	0
0	0.925504	0	790.302	0	-0	-0	-0	0	0	-0.00056936	0	30.2172	0	0	0	0	0
0	1.33593	0	-148.225	0	0	-0	-0	0	0	-0.00163359	0	-85.6621	0	0	0	0	0
0	0.972353	0	517.363	0	-0	-0	-0	0	0	-0.0106795	0	-11.9207	0	0	0	0	0
0	0.348369	0	112.743	0	-0	-0	-0	0	0	-0.0138722	0	41.9488	0	0	0	0	0
0	-0.0793095	0	-275.118	0	0	0	-0	0	0	-0.00269781	0	11.7819	0	0	0	0	0
0	0.0308969	0	91.1951	0	-0	-0	-0	0	0	-0.00376204	0	24.95	0	0	0	0	0
0	0.167097	0	-33.3033	0	0	-0	-0	0	0	0.000494864	0	-6.65349	0	0	-0	0	0
0	-0.372221	0	-555.239	0	0	0	-0	0	0	0.0122013	0	56.0746	0	0	-0	0	0
0	-0.516272	0	60.0705	0	0	0	-0	0	0	0.00102698	0	-27.0042	0	0	-0	0	0
0	0.16013	0	912.406	0	-0	-0	-0	0	0	-0.0165327	0	-4.01986	0	0	0	0	0
0	0.0975538	0	-42.8802	0	0	-0	-0	0	0	-0.0234502	0	-55.974	0	0	0	0	0
0	0.896026	0	773.543	0	-0	-0	-0	0	0	-0.0106795	0	72.1158	0	0	0	0	0
0	-0.835859	0	-516.932	0	0	0	-0	0	0	-0.00855105	0	47.9343	0	0	0	0	0
0	0.324547	0	756.783	0	-0	-0	-0	0	0	-0.00801894	0	-3.78044	0	0	0	0	0
0	-0.630728	0	-428.347	0	0	0	-0	0	0	-0.0160006	0	8.42999	0	0	0	0	0
0	-0.542154	0	373.711	0	0	0	-0	0	0	-0.00961527	0	32.1326	0	0	0	0	0
0	-1.02603	0	-658.19	0	0	0	-0	0	0	-0.00163359	0	-4.49871	0	0	0	0	0
0	0.588468	0	852.551	0	-0	-0	-0	0	0	-0.00110147	0	62.2995	0	0	0	0	0
0	0.41646	0	-184.138	0	0	-0	-0	0	0	-0.00376204	0	-110.322	0	0	0	0	0
0	1.42521	0	553.276	0	-0	-0	-0	0	0	-0.0138722	0	8.42999	0	0	0	0	0
0	0.873309	0	423.989	0	-0	-0	-0	0	0	-0.00961527	0	-19.3428	0	0	0	0	0
0	0.444176	0	481.45	0	-0	-0	-0	0	0	-0.0245144	0	-24.1312	0	0	0	0	0
0	0.604412	0	-373.28	0	0	-0	-0	0	0	-0.0165327	0	7.71172	0	0	0	0	0
0	0.368356	0	423.989	0	-0	-0	-0	0	0	0.00421965	0	36.2027	0	0	-0	0	0
0	0.190785	0	-631.854	0	0	-0	-0	0	0	0.0143298	0	0.0502777	0	0	-0	0	0
0	-0.411116	0	127.108	0	0	0	-0	0	0	-3.72482e-05	0	-7.37175	0	0	0	0	0
0	0.699085	0	689.746	0	-0	-0	-0	0	0	-0.0138722	0	5.31752	0	0	0	0	0
0	-1.02514	0	-801.842	0	0	0	-0	0	0	-0.00695471	0	59.1871	0	0	0	0	0
0	0.338613	0	531.728	0	-0	-0	-0	0	0	0.00954078	0	0.0502808	0	0	-0	0	0
