0	-0.11959	0	-159.454	0	0	0	0	0	0	-0.00870536	0	-10.1849	0	0	0	0	0
0	-0.039896	0	-3.83072	0	0	0	0	0	0.0301593	0.000340551	30.1593	54.2191	0.0491134	0	0	0	0.0491134
0	0.229718	0	-37.3495	0	0	-0	0	0	0.120637	0.0237535	60.3186	16.3907	0.0741249	0	0	0	0.0741249
0	1.25965	0	582.749	0	-0	-0	-0	0	0.271434	-0.0347789	90.4779	-61.4209	0.150978	0	0	0	0.150978
0	0.498669	0	-339.019	0	0	-0	-0	0	0.482549	-0.0289256	120.637	-2.76291	0.177203	0	0	0	0.177203
0	2.20394	0	242.772	0	-0	-0	-0	0	0.753982	0.126983	150.796	136.819	0.257694	0	0	0	0.257694
0	1.03478	0	-133.118	0	0	-0	-0	0	1.05558	0.359517	150.796	8.72926	0.263757	0	0	0	0.263757
0	1.59702	0	115.879	0	-0	-0	-0	0	1.35717	0.595242	150.796	106.413	0.269821	0	0	0	0.269821
0	2.08403	0	798.227	0	-0	-0	-0	0	1.65876	0.776161	150.796	140.65	0.275884	0	0	0	0.275884
0	2.25203	0	-492.248	0	0	-0	-0	0	1.96035	1.05712	150.796	71.4573	0.278916	0	0	0	0.278916
0	3.67459	0	659.363	0	-0	-0	-0	0	2.26195	1.34286	150.796	175.126	0.288011	0	0	0	0.288011
0	4.91995	0	455.856	0	-0	-0	-0	0	2.56354	1.5009	150.796	106.892	0.291043	0	0	0	0.291043
0	7.51813	0	826.957	0	-0	-0	-0	0	2.86513	1.89466	150.796	94.2023	0.300138	0	0	0	0.300138
0	8.93602	0	314.598	0	-0	-0	-0	0	3.16673	2.23202	150.796	181.83	0.306201	0	0	0	0.306201
0	9.69058	0	-159.454	0	0	-0	-0	0	3.46832	2.60503	150.796	167.944	0.312264	0	0	0	0.312264
0	11.4558	0	891.601	0	-0	-0	-0	0	3.76991	2.95995	150.796	177.76	0.318328	0	0	0	0.318328
0	14.5275	0	367.271	0	-0	-0	-0	0	4.0715	3.31806	150.796	117.187	0.324391	0	0	0	0.324391
0	14.6317	0	506.134	0	-0	-0	-0	0	4.3731	3.60753	150.796	135.383	0.330455	0	0	0	0.330455
0	13.1234	0	-20.5902	0	0	-0	-0	0	4.52389	4.09867	150.796	213.434	0.333486	0	0	0	0.333486
0	12.4035	0	-159.454	0	0	-0	-0	0	4.82549	4.50148	150.796	234.502	0.33955	0	0	0	0.33955
0	9.20201	0	340.934	0	-0	-0	-0	0	5.12708	4.88513	150.796	154.297	0.345613	0	0	0	0.345613
0	9.06915	0	429.52	0	-0	-0	-0	0	5.42867	5.2475	150.796	146.875	0.351676	0	0	0	0.351676
0	8.76434	0	-382.115	0	0	-0	-0	0	5.73026	5.72215	150.796	204.096	0.35774	0	0	0	0.35774
0	9.35244	0	-513.796	0	0	-0	-0	0	6.03186	5.83442	150.796	190.928	0.363803	0	0	0	0.363803
0	10.2734	0	-422.816	0	0	-0	-0	0	6.33345	6.73689	150.796	312.075	0.369867	0	-0	0	0.369867
0	9.20464	0	-429.999	0	0	-0	-0	0	6.63504	6.84278	150.796	311.356	0.372898	0	-0	0	0.372898
0	7.77634	0	178.129	0	-0	-0	-0	0	6.93663	7.81282	150.796	256.769	0.381993	0	-0	0	0.381993
0	6.21337	0	-362.961	0	0	-0	-0	0	7.23822	8.39282	150.796	255.332	0.388057	0	-0	0	0.388057
0	4.52634	0	-748.427	0	0	-0	-0	0	7.53982	8.97708	150.796	208.645	0.39412	0	-0	0	0.39412
0	6.46628	0	-322.26	0	0	-0	-0	0	7.84141	9.32561	150.796	228.756	0.400183	0	-0	0	0.400183
0	10.8678	0	-130.724	0	0	-0	-0	0	8.143	9.87954	150.796	249.825	0.406247	0	-0	0	0.406247
0	12.2831	0	-116.358	0	0	-0	-0	0	8.44459	10.3787	150.796	211.518	0.41231	0	-0	0	0.41231
0	10.7384	0	-839.407	0	0	-0	-0	0	8.74619	10.9975	150.796	354.691	0.415342	0	-0	0	0.415342
0	7.90365	0	-27.7727	0	0	-0	-0	0	9.04778	11.66	150.796	217.982	0.424437	0	-0	0	0.424437
0	5.63935	0	254.743	0	-0	-0	-0	0	9.34937	12.1474	150.796	253.417	0.427469	-0	-0	-0	0.427469
0	5.71808	0	-698.149	0	0	-0	-0	0	9.65097	12.9413	150.796	273.049	0.436564	-0	-0	-0	0.436564
0	12.1471	0	-51.7148	0	0	-0	-0	0	9.95256	13.5745	150.796	265.867	0.442627	-0	-0	-0	0.442627
0	12.4229	0	-1275.15	0	0	-0	-0	0	10.2542	14.2418	150.796	333.144	0.448691	-0	-0	-0	0.448691
0	16.8535	0	-896.868	0	0	-0	-0	0	10.5557	14.9351	150.796	284.302	0.454754	-0	-0	-0	0.454754
0	24.1223	0	-159.454	0	0	-0	-0	0	10.8573	15.5471	150.796	253.656	0.460817	-0	-0	-0	0.460817
0	21.44	0	-1289.52	0	0	-0	-0	0	11.1589	16.0361	150.796	278.077	0.466881	-0	-0	-0	0.466881
0	18.4494	0	44.0533	0	-0	-0	-0	0	11.4605	16.7901	150.796	328.595	0.472944	-0	-0	-0	0.472944
0	22.54	0	-2764.35	0	0	-0	-0	0	11.7621	17.5962	150.796	312.075	0.479008	-0	-0	-0	0.479008
0	27.1544	0	-1550.49	0	0	-0	-0	0	12.0428	18.0001	125.664	210.8	0.465803	-0	-0	-0	0.465803
0	50.4829	0	-1785.12	0	0	-0	-0	0	12.3519	19.1447	80.4248	263.951	0.377682	-0	-0	-0	0.377682
0	62.0925	0	-1193.75	0	0	-0	-0	0	12.4826	19.3671	50.2654	323.088	0.354893	-0	-0	-0	0.354893
0	60.9078	0	-2603.93	0	0	-0	-0	0	12.553	20.4521	20.1061	234.263	0.28471	-0	-0	-0	0.28471
0	54.8898	0	898.783	0	-0	-0	-0	0	12.5664	20.6883	0	99.9483	0.252641	-0	-0	-0	0.252641
0	47.3375	0	67.9953	0	-0	-0	-0	0	12.5664	20.6197	0	-44.9009	0.252641	0	-0	-0	0.252641
0	47.1888	0	-930.387	0	0	-0	-0	0	12.5664	20.5388	0	-12.5791	0.252641	0	-0	-0	0.252641
0	48.1327	0	-219.309	0	0	-0	-0	0	12.5664	20.3818	0	-31.9722	0.252641	0	-0	-0	0.252641
0	39.9887	0	-1136.29	0	0	-0	-0	0	12.5664	20.3132	0	-21.1983	0.252641	0	-0	-0	0.252641
0	32.9525	0	-825.042	0	0	-0	-0	0	12.5664	20.2227	0	-21.6771	0.252641	0	-0	-0	0.252641
0	38.8033	0	-1461.9	0	0	-0	-0	0	12.5664	20.1318	0	-35.5635	0.252641	0	-0	-0	0.252641
0	46.8633	0	-1124.32	0	0	-0	-0	0	12.5664	20.1413	0	-1.80522	0.252641	0	-0	-0	0.252641
0	49.7097	0	-791.523	0	0	-0	-0	0	12.5664	20.1227	0	104.737	0.252641	-0	-0	-0	0.252641
0	56.4406	0	-540.132	0	0	-0	-0	0	12.5664	20.1626	0	129.876	0.252641	-0	-0	-0	0.252641
0	61.6386	0	-2026.93	0	0	-0	-0	0	12.5664	20.2105	0	23.3339	0.252641	-0	-0	-0	0.252641
0	61.0125	0	-1414.02	0	0	-0	-0	0	12.5664	20.3031	0	59.2469	0.252641	-0	-0	-0	0.252641
0	63.4288	0	166.158	0	-0	-0	-0	0	12.5664	20.2792	0	-48.0133	0.252641	0	-0	-0	0.252641
0	62.0993	0	-2093.97	0	0	-0	-0	0	12.5664	20.3717	0	102.343	0.252641	-0	-0	-0	0.252641
0	72.9637	0	-573.651	0	0	-0	-0	0	12.5664	20.2728	0	-13.2974	0.252641	0	-0	-0	0.252641
0	85.314	0	-3092.35	0	0	-0	-0	0	12.5664	20.3175	0	63.3171	0.252641	-0	-0	-0	0.252641
0	81.6265	0	-2307.05	0	0	-0	-0	0	12.5664	20.3223	0	141.847	0.252641	-0	-0	-0	0.252641
0	74.5209	0	-995.03	0	0	-0	-0	0	12.5664	20.1961	0	-10.9032	0.252641	0	-0	-0	0.252641
0	79.3889	0	-1658.22	0	0	-0	-0	0	12.5664	20.2212	0	-77.2226	0.252641	0	-0	-0	0.252641
0	80.8191	0	-1931.16	0	0	-0	-0	0	12.5664	20.2009	0	18.0666	0.252641	-0	-0	-0	0.252641
0	74.5375	0	-1521.75	0	0	-0	-0	0	12.5664	20.2637	0	98.7512	0.252641	-0	-0	-0	0.252641
0	68.0072	0	-350.99	0	0	-0	-0	0	12.5664	20.4228	0	44.4029	0.252641	-0	-0	-0	0.252641
0	79.4717	0	-2383.67	0	0	-0	-0	0	12.5664	20.3074	0	-45.3797	0.252641	0	-0	-0	0.252641
0	100.93	0	-990.242	0	0	-0	-0	0	12.5664	20.1046	0	-91.3484	0.252641	0	-0	-0	0.252641
0	101.94	0	-1200.93	0	0	-0	-0	0	12.5664	20.1259	0	38.4174	0.252641	-0	-0	-0	0.252641
0	103.667	0	-925.598	0	0	-0	-0	0	12.5664	20.2451	0	94.6811	0.252641	-0	-0	-0	0.252641
0	114.701	0	-1021.37	0	0	-0	-0	0	12.5664	20.095	0	-106.911	0.252641	0	-0	-0	0.252641
0	117.983	0	-609.564	0	0	-0	-0	0	12.5664	20.2275	0	126.285	0.252641	-0	-0	-0	0.252641
0	118.25	0	-1303.88	0	0	-0	-0	0	12.5664	20.1057	0	-61.8997	0.252641	0	-0	-0	0.252641
0	110.445	0	-2316.63	0	0	-0	-0	0	12.5664	20.0636	0	50.8672	0.252641	-0	-0	-0	0.252641
0	116.756	0	-1246.42	0	0	-0	-0	0	12.5664	20.2983	0	-5.87537	0.252641	0	-0	-0	0.252641
0	126.255	0	-355.778	0	0	-0	-0	0	12.5664	20.0413	0	-36.0423	0.252641	0	-0	-0	0.252641
0	114.466	0	-549.709	0	0	-0	-0	0	12.5664	20.0062	0	2.98318	0.252641	-0	-0	-0	0.252641
0	111.527	0	-1181.78	0	0	-0	-0	0	12.5664	20.1073	0	71.4574	0.252641	-0	-0	-0	0.252641
0	114.386	0	-1481.05	0	0	-0	-0	0	12.5664	20.0716	0	38.6568	0.252641	-0	-0	-0	0.252641
0	119.251	0	-592.804	0	0	-0	-0	0	12.5664	19.8987	0	-17.607	0.252641	0	-0	-0	0.252641
0	109.128	0	-980.665	0	0	-0	-0	0	12.5664	19.9631	0	58.0498	0.252641	-0	-0	-0	0.252641
0	121.496	0	-1062.07	0	0	-0	-0	0	12.5664	19.8849	0	-51.6046	0.252641	0	-0	-0	0.252641
0	129.052	0	-458.729	0	0	-0	-0	0	12.5664	19.9322	0	13.9965	0.252641	-0	-0	-0	0.252641
0	127.657	0	-2400.43	0	0	-0	-0	0	12.5664	19.8652	0	17.109	0.252641	-0	-0	-0	0.252641
0	137.053	0	-1931.16	0	0	-0	-0	0	12.5664	19.8593	0	23.3339	0.252641	-0	-0	-0	0.252641
0	138.77	0	-2038.9	0	0	-0	-0	0	12.5664	19.9327	0	39.375	0.252641	-0	-0	-0	0.252641
0	131.888	0	-899.262	0	0	-0	-0	0	12.5664	19.8471	0	-7.55132	0.252641	0	-0	-0	0.252641
0	129.665	0	-429.999	0	0	-0	-0	0	12.5664	19.7082	0	-88.4753	0.252641	0	-0	-0	0.252641
0	124.615	0	-1804.27	0	0	-0	-0	0	12.5664	19.837	0	175.845	0.252641	-0	-0	-0	0.252641
0	136.892	0	-655.054	0	0	-0	-0	0	12.5664	19.8428	0	-70.2794	0.252641	0	-0	-0	0.252641
0	148.856	0	-2704.49	0	0	-0	-0	0	12.5664	19.721	0	66.6689	0.252641	-0	-0	-0	0.252641
0	151.564	0	-1648.65	0	0	-0	-0	0	12.5664	19.7087	0	-80.5745	0.252641	0	-0	-0	0.252641
0	152.593	0	-391.691	0	0	-0	-0	0	12.5664	19.7029	0	120.778	0.252641	-0	-0	-0	0.252641
0	150.753	0	-2036.51	0	0	-0	-0	0	12.5664	19.7109	0	-119.361	0.252641	0	-0	-0	0.252641
0	130.853	0	-1153.05	0	0	-0	-0	0	12.5664	19.5965	0	44.6423	0.252641	-0	-0	-0	0.252641
0	142.89	0	-1351.77	0	0	-0	-0	0	12.5664	19.6545	0	-54.2382	0.252641	0	-0	-0	0.252641
0	158.504	0	-1749.2	0	0	-0	-0	0	12.5664	19.6715	0	-93.982	0.252641	0	-0	-0	0.252641
0	154.807	0	-578.439	0	0	-0	-0	0	12.5664	19.5129	0	-25.7472	0.252641	0	-0	-0	0.252641
0	152.608	0	-1931.16	0	0	-0	-0	0	12.5664	19.7337	0	200.984	0.252641	-0	-0	-0	0.252641
0	145.906	0	-2354.94	0	0	-0	-0	0	12.5664	19.6816	0	-135.881	0.252641	0	-0	-0	0.252641
0	143.078	0	-276.77	0	0	-0	-0	0	12.5664	19.6874	0	72.8939	0.252641	-0	-0	-0	0.252641
0	138.736	0	-1267.97	0	0	-0	-0	0	12.5664	19.7545	0	-19.5223	0.252641	0	-0	-0	0.252641
0	153.304	0	-2216.07	0	0	-0	-0	0	12.5664	19.7529	0	78.1611	0.252641	-0	-0	-0	0.252641
0	164.137	0	-1457.11	0	0	-0	-0	0	12.5664	19.78	0	154.057	0.252641	-0	-0	-0	0.252641
0	156.113	0	-2232.83	0	0	-0	-0	0	12.5664	19.8157	0	46.7971	0.252641	-0	-0	-0	0.252641
0	162.25	0	-2177.77	0	0	-0	-0	0	12.5664	19.7901	0	52.3037	0.252641	-0	-0	-0	0.252641
0	159.388	0	-1464.29	0	0	-0	-0	0	12.5664	19.8157	0	-31.9722	0.252641	0	-0	-0	0.252641
0	165.696	0	-985.453	0	0	-0	-0	0	12.5664	19.7859	0	15.9119	0.252641	-0	-0	-0	0.252641
0	152.127	0	-2678.15	0	0	-0	-0	0	12.5664	19.7087	0	-29.8174	0.252641	0	-0	-0	0.252641
0	167.835	0	-1974.26	0	0	-0	-0	0	12.5664	19.5177	0	-14.9733	0.252641	0	-0	-0	0.252641
0	171.641	0	-1275.15	0	0	-0	-0	0	12.5664	19.4762	0	1.78607	0.252641	-0	-0	-0	0.252641
0	181.079	0	-2115.52	0	0	-0	-0	0	12.5664	19.4709	0	26.4464	0.252641	-0	-0	-0	0.252641
0	179.899	0	-1181.78	0	0	-0	-0	0	12.5664	19.3426	0	-23.8319	0.252641	0	-0	-0	0.252641
0	187.29	0	-889.685	0	0	-0	-0	0	12.5664	19.4586	0	243.84	0.252641	-0	-0	-0	0.252641
0	180.359	0	-2285.51	0	0	-0	-0	0	12.5664	19.3123	0	-229.015	0.252641	0	-0	-0	0.252641
0	184.282	0	-736.456	0	0	-0	-0	0	12.5664	19.1298	0	-23.353	0.252641	0	-0	-0	0.252641
0	190.885	0	-1809.06	0	0	-0	-0	0	12.5664	19.0888	0	-100.446	0.252641	0	-0	-0	0.252641
0	183.362	0	-1184.17	0	0	-0	-0	0	12.5664	18.9494	0	69.7814	0.252641	-0	-0	-0	0.252641
0	187.137	0	-2120.31	0	0	-0	-0	0	12.5664	19.0447	0	-47.7739	0.252641	0	-0	-0	0.252641
0	199.153	0	-1236.84	0	0	-0	-0	0	12.5664	18.9074	0	40.0933	0.252641	-0	-0	-0	0.252641
0	195.933	0	-1449.93	0	0	-0	-0	0	12.5664	18.876	0	-32.451	0.252641	0	-0	-0	0.252641
0	187.679	0	-293.529	0	0	-0	-0	0	12.5664	18.8616	0	36.7414	0.252641	-0	-0	-0	0.252641
0	189.4	0	-2122.7	0	0	-0	-0	0	12.5664	18.6541	0	-127.98	0.252641	0	-0	-0	0.252641
0	192.365	0	-513.796	0	0	-0	-0	0	12.5664	18.6551	0	107.61	0.252641	-0	-0	-0	0.252641
0	199.027	0	-2158.61	0	0	-0	-0	0	12.5664	18.553	0	-9.94551	0.252641	0	-0	-0	0.252641
0	200.914	0	-61.2915	0	0	-0	-0	0	12.5664	18.5322	0	97.7936	0.252641	-0	-0	-0	0.252641
0	204.943	0	-2433.95	0	0	-0	-0	0	12.5664	18.5221	0	-133.726	0.252641	0	-0	-0	0.252641
0	199.078	0	-1392.47	0	0	-0	-0	0	12.5664	18.363	0	-13.2974	0.252641	0	-0	-0	0.252641
0	194.575	0	-1859.34	0	0	-0	-0	0	12.5664	18.3742	0	-20.7194	0.252641	0	-0	-0	0.252641
0	204.08	0	-1768.36	0	0	-0	-0	0	12.5664	18.3173	0	-2.52349	0.252641	0	-0	-0	0.252641
0	191.456	0	-2893.63	0	0	-0	-0	0	12.5664	18.214	0	-50.8864	0.252641	0	-0	-0	0.252641
0	190.293	0	-537.738	0	0	-0	-0	0	12.5664	18.2199	0	106.173	0.252641	-0	-0	-0	0.252641
0	202.351	0	-1753.99	0	0	-0	-0	0	12.5664	18.1597	0	-83.4475	0.252641	0	-0	-0	0.252641
0	206.945	0	-1722.87	0	0	-0	-0	0	12.5664	18.1715	0	-159.823	0.252641	0	-0	-0	0.252641
0	194.133	0	-3978.21	0	0	-0	-0	0	12.5664	18.1374	0	49.9095	0.252641	-0	-0	-0	0.252641
0	211.978	0	-365.355	0	0	-0	-0	0	12.5664	18.0709	0	-90.1513	0.252641	0	-0	-0	0.252641
0	210.352	0	-4392.4	0	0	-0	-0	0	12.5664	18.0517	0	-53.7594	0.252641	0	-0	-0	0.252641
0	215.412	0	-4073.97	0	0	-0	-0	0	12.5664	17.9895	0	-21.9165	0.252641	0	-0	-0	0.252641
0	215.537	0	261.926	0	-0	-0	-0	0	12.5664	17.8016	0	-70.9977	0.252641	0	-0	-0	0.252641
0	226.326	0	-78.051	0	0	-0	-0	0	12.5664	17.8783	0	-104.995	0.252641	0	-0	-0	0.252641
0	202.88	0	-2472.25	0	0	-0	-0	0	12.5664	17.8868	0	36.7414	0.252641	-0	-0	-0	0.252641
0	196.928	0	-992.636	0	0	-0	-0	0	12.5664	17.7713	0	-137.078	0.252641	0	-0	-0	0.252641
0	217.247	0	-3982.99	0	0	-0	-0	0	12.5664	17.8149	0	76.7246	0.252641	-0	-0	-0	0.252641
0	216.32	0	999.34	0	-0	-0	-0	0	12.5664	17.6931	0	-17.8464	0.252641	0	-0	-0	0.252641
0	223.023	0	999.34	0	-0	-0	-0	0	12.5664	17.6548	0	-17.8464	0.252641	0	-0	-0	0.252641
0	223.295	0	-456.335	0	0	-0	-0	0	12.5664	17.6968	0	26.6858	0.252641	-0	-0	-0	0.252641
0	217.01	0	-2290.29	0	0	-0	-0	0	12.5664	17.6441	0	-23.5925	0.252641	0	-0	-0	0.252641
0	195.91	0	-904.051	0	0	-0	-0	0	12.5664	17.7926	0	58.5287	0.252641	-0	-0	-0	0.252641
0	203.41	0	-904.051	0	0	-0	-0	0	12.5664	17.8224	0	58.5287	0.252641	-0	-0	-0	0.252641
0	216.391	0	-1509.78	0	0	-0	-0	0	12.5664	17.5074	0	-75.7861	0.252641	0	-0	-0	0.252641
0	209.743	0	-2271.14	0	0	-0	-0	0	12.5664	17.5223	0	-11.1426	0.252641	0	-0	-0	0.252641
0	221.585	0	-712.514	0	0	-0	-0	0	12.5664	17.542	0	-24.7896	0.252641	0	-0	-0	0.252641
0	227.135	0	-1904.83	0	0	-0	-0	0	12.5664	17.5696	0	40.8116	0.252641	-0	-0	-0	0.252641
0	217.738	0	-923.204	0	0	-0	-0	0	12.5664	17.4228	0	-64.0545	0.252641	0	-0	-0	0.252641
0	217.644	0	-2637.45	0	0	-0	-0	0	12.5664	17.4574	0	75.2881	0.252641	-0	-0	-0	0.252641
0	229.583	0	-2826.59	0	0	-0	-0	0	12.5664	17.4366	0	56.3739	0.252641	-0	-0	-0	0.252641
0	216.264	0	-2046.08	0	0	-0	-0	0	12.5664	17.1839	0	-22.1559	0.252641	0	-0	-0	0.252641
0	216.506	0	-2134.67	0	0	-0	-0	0	12.5664	17.2073	0	-31.0145	0.252641	0	-0	-0	0.252641
0	220.939	0	-2625.48	0	0	-0	-0	0	12.5664	17.0982	0	3.70144	0.252641	-0	-0	-0	0.252641
0	207.282	0	-573.651	0	0	-0	-0	0	12.5664	17.1865	0	39.8539	0.252641	-0	-0	-0	0.252641
0	195.463	0	-2975.04	0	0	-0	-0	0	12.5664	17.244	0	86.5408	0.252641	-0	-0	-0	0.252641
0	216.028	0	-655.054	0	0	-0	-0	0	12.5664	17.2126	0	-52.5623	0.252641	0	-0	-0	0.252641
0	212.375	0	-3073.2	0	0	-0	-0	0	12.5664	16.979	0	-56.8719	0.252641	0	-0	-0	0.252641
0	216.295	0	-1141.08	0	0	-0	-0	0	12.5664	16.8875	0	-70.5188	0.252641	0	-0	-0	0.252641
0	226.338	0	-566.468	0	0	-0	-0	0	12.5664	16.9689	0	-13.058	0.252641	0	-0	-0	0.252641
0	210.983	0	-884.897	0	0	-0	-0	0	12.5664	16.8486	0	-5.63595	0.252641	0	-0	-0	0.252641
0	214.354	0	-1641.46	0	0	-0	-0	0	12.5664	16.8268	0	-81.2927	0.252641	0	-0	-0	0.252641
0	212.173	0	-334.231	0	0	-0	-0	0	12.5664	16.8502	0	-15.2128	0.252641	0	-0	-0	0.252641
0	219.679	0	-4100.31	0	0	-0	-0	0	12.5664	16.7385	0	-30.2962	0.252641	0	-0	-0	0.252641
0	212.074	0	-652.659	0	0	-0	-0	0	12.5664	16.7039	0	-41.7884	0.252641	0	-0	-0	0.252641
0	202.479	0	-3470.63	0	0	-0	-0	0	12.5664	16.6076	0	-31.0145	0.252641	0	-0	-0	0.252641
0	209.098	0	518.105	0	-0	-0	-0	0	12.5664	16.5427	0	19.2637	0.252641	-0	-0	-0	0.252641
0	203.861	0	-4054.82	0	0	-0	-0	0	12.5664	16.723	0	62.3594	0.252641	-0	-0	-0	0.252641
0	196.894	0	-2965.46	0	0	-0	-0	0	12.5664	16.7246	0	171.296	0.252641	-0	-0	-0	0.252641
0	215.313	0	-3573.59	0	0	-0	-0	0	12.5664	16.6278	0	-15.4522	0.252641	0	-0	-0	0.252641
0	211.214	0	-2869.69	0	0	-0	-0	0	12.5664	16.6496	0	38.6568	0.252641	-0	-0	-0	0.252641
0	209.706	0	-1478.66	0	0	-0	-0	0	12.5664	16.6507	0	-16.1704	0.252641	0	-0	-0	0.252641
0	212.214	0	-269.587	0	0	-0	-0	0	12.5664	16.6289	0	39.1356	0.252641	-0	-0	-0	0.252641
0	208.595	0	-2659	0	0	-0	-0	0	12.5664	16.681	0	-144.739	0.252641	0	-0	-0	0.252641
0	198.289	0	-1356.55	0	0	-0	-0	0	12.5664	16.7582	0	155.494	0.252641	-0	-0	-0	0.252641
0	196.712	0	-2680.55	0	0	-0	-0	0	12.5664	16.6273	0	-89.9118	0.252641	0	-0	-0	0.252641
0	206.909	0	223.618	0	-0	-0	-0	0	12.5664	16.706	0	16.1513	0.252641	-0	-0	-0	0.252641
0	206.282	0	-1042.91	0	0	-0	-0	0	12.5664	16.73	0	-110.502	0.252641	0	-0	-0	0.252641
0	199.548	0	-1646.25	0	0	-0	-0	0	12.5664	16.6097	0	-17.1281	0.252641	0	-0	-0	0.252641
0	205.865	0	-2034.11	0	0	-0	-0	0	12.5664	16.6012	0	-55.9142	0.252641	0	-0	-0	0.252641
0	193.54	0	-1833	0	0	-0	-0	0	12.5664	16.6203	0	-19.0435	0.252641	0	-0	-0	0.252641
0	193.736	0	-1588.79	0	0	-0	-0	0	12.5664	16.6134	0	5.37737	0.252641	-0	-0	-0	0.252641
0	196.001	0	-1165.02	0	0	-0	-0	0	12.5664	16.4001	0	-112.178	0.252641	0	-0	-0	0.252641
0	194.745	0	-2108.33	0	0	-0	-0	0	12.5664	16.2883	0	-19.2829	0.252641	0	-0	-0	0.252641
0	189.249	0	-1263.18	0	0	-0	-0	0	12.5664	16.3649	0	26.4464	0.252641	-0	-0	-0	0.252641
0	191.073	0	-2697.31	0	0	-0	-0	0	12.5664	16.2346	0	27.6435	0.252641	-0	-0	-0	0.252641
0	198.085	0	-2271.14	0	0	-0	-0	0	12.5664	16.1984	0	70.2602	0.252641	-0	-0	-0	0.252641
0	189.077	0	-1955.11	0	0	-0	-0	0	12.5664	16.242	0	56.3739	0.252641	-0	-0	-0	0.252641
0	188.76	0	-1074.04	0	0	-0	-0	0	12.5664	16.2287	0	144.48	0.252641	-0	-0	-0	0.252641
0	187.564	0	-2096.36	0	0	-0	-0	0	12.5664	16.1505	0	11.6023	0.252641	-0	-0	-0	0.252641
0	193.951	0	-2850.54	0	0	-0	-0	0	12.5664	16.0898	0	-66.6881	0.252641	0	-0	-0	0.252641
0	188.975	0	-1380.5	0	0	-0	-0	0	12.5664	16.2367	0	189.97	0.252641	-0	-0	-0	0.252641
0	190.059	0	-2465.07	0	0	-0	-0	0	12.5664	16.092	0	-120.558	0.252641	0	-0	-0	0.252641
0	195.839	0	-700.543	0	0	-0	-0	0	12.5664	16.1351	0	59.7258	0.252641	-0	-0	-0	0.252641
0	190.516	0	-1160.23	0	0	-0	-0	0	12.5664	16.1127	0	-77.2226	0.252641	0	-0	-0	0.252641
0	188.85	0	-1244.03	0	0	-0	-0	0	12.5664	16.0962	0	-85.6023	0.252641	0	-0	-0	0.252641
0	192.017	0	-2053.27	0	0	-0	-0	0	12.5664	16.2138	0	13.0388	0.252641	-0	-0	-0	0.252641
0	197.9	0	-1928.77	0	0	-0	-0	0	12.5664	16.2298	0	25.4887	0.252641	-0	-0	-0	0.252641
0	189	0	-2285.51	0	0	-0	-0	0	12.5664	16.0829	0	-120.318	0.252641	0	-0	-0	0.252641
0	193.065	0	-690.967	0	0	-0	-0	0	12.5664	16.0978	0	22.3762	0.252641	-0	-0	-0	0.252641
0	194.569	0	-2572.81	0	0	-0	-0	0	12.5664	15.9882	0	-97.3339	0.252641	0	-0	-0	0.252641
0	180.892	0	-528.161	0	0	-0	-0	0	12.5664	16.0691	0	101.385	0.252641	-0	-0	-0	0.252641
0	178.725	0	-1974.26	0	0	-0	-0	0	12.5664	16.0606	0	-35.0846	0.252641	0	-0	-0	0.252641
0	195.03	0	-1241.63	0	0	-0	-0	0	12.5664	15.9706	0	50.1489	0.252641	-0	-0	-0	0.252641
0	203.355	0	-1890.46	0	0	-0	-0	0	12.5664	15.9627	0	-14.7339	0.252641	0	-0	-0	0.252641
0	188.872	0	-1136.29	0	0	-0	-0	0	12.5664	15.8802	0	-3.48117	0.252641	0	-0	-0	0.252641
0	197.911	0	-2330.99	0	0	-0	-0	0	12.5664	15.7259	0	-107.15	0.252641	0	-0	-0	0.252641
0	199.399	0	-212.126	0	0	-0	-0	0	12.5664	15.8898	0	79.8371	0.252641	-0	-0	-0	0.252641
0	187.496	0	-2369.3	0	0	-0	-0	0	12.5664	15.7769	0	-5.1571	0.252641	0	-0	-0	0.252641
0	176.812	0	-1519.36	0	0	-0	-0	0	12.5664	15.7354	0	-8.26957	0.252641	0	-0	-0	0.252641
0	184.864	0	-1811.45	0	0	-0	-0	0	12.5664	15.8259	0	64.0353	0.252641	-0	-0	-0	0.252641
0	189.832	0	-1943.13	0	0	-0	-0	0	12.5664	15.7972	0	-116.248	0.252641	0	-0	-0	0.252641
0	185.749	0	-846.59	0	0	-0	-0	0	12.5664	15.9036	0	120.299	0.252641	-0	-0	-0	0.252641
0	190.594	0	-1564.85	0	0	-0	-0	0	12.5664	15.9664	0	224.686	0.252641	-0	-0	-0	0.252641
0	190.697	0	-2007.78	0	0	-0	-0	0	12.5664	15.9318	0	26.6858	0.252641	-0	-0	-0	0.252641
0	195.495	0	-1129.11	0	0	-0	-0	0	12.5664	15.9105	0	-21.4377	0.252641	0	-0	-0	0.252641
0	176.439	0	-1188.96	0	0	-0	-0	0	12.5664	15.9946	0	170.817	0.252641	-0	-0	-0	0.252641
0	188.799	0	-1931.16	0	0	-0	-0	0	12.5664	15.9329	0	-148.091	0.252641	0	-0	-0	0.252641
0	192.046	0	-616.746	0	0	-0	-0	0	12.5664	15.9914	0	113.116	0.252641	-0	-0	-0	0.252641
0	179.369	0	-1895.25	0	0	-0	-0	0	12.5664	15.8036	0	-157.428	0.252641	0	-0	-0	0.252641
0	185.062	0	-880.109	0	0	-0	-0	0	12.5664	15.6961	0	61.4017	0.252641	-0	-0	-0	0.252641
0	193.941	0	-1129.11	0	0	-0	-0	0	12.5664	15.7498	0	-68.364	0.252641	0	-0	-0	0.252641
0	196.529	0	-1205.72	0	0	-0	-0	0	12.5664	15.7216	0	-62.618	0.252641	0	-0	-0	0.252641
0	176.796	0	-2024.54	0	0	-0	-0	0	12.5664	15.7535	0	24.531	0.252641	-0	-0	-0	0.252641
0	183.915	0	-1900.04	0	0	-0	-0	0	12.5664	15.7312	0	36.9808	0.252641	-0	-0	-0	0.252641
0	187.774	0	-3188.12	0	0	-0	-0	0	12.5664	15.4859	0	-62.618	0.252641	0	-0	-0	0.252641
0	190.596	0	326.569	0	-0	-0	-0	0	12.5664	15.5114	0	10.6446	0.252641	-0	-0	-0	0.252641
0	197.758	0	-568.862	0	0	-0	-0	0	12.5664	15.5577	0	-78.8985	0.252641	0	-0	-0	0.252641
0	194.435	0	-169.031	0	0	-0	-0	0	12.5664	15.5476	0	72.6544	0.252641	-0	-0	-0	0.252641
0	194.273	0	-2177.77	0	0	-0	-0	0	12.5664	15.5577	0	-20.48	0.252641	0	-0	-0	0.252641
0	180.914	0	-858.561	0	0	-0	-0	0	12.5664	15.4465	0	0.828394	0.252641	-0	-0	-0	0.252641
0	180.331	0	-1466.69	0	0	-0	-0	0	12.5664	15.446	0	-59.9843	0.252641	0	-0	-0	0.252641
0	191.628	0	-1979.05	0	0	-0	-0	0	12.5664	15.4215	0	40.0933	0.252641	-0	-0	-0	0.252641
0	191.054	0	-2225.65	0	0	-0	-0	0	12.5664	15.4082	0	-158.865	0.252641	0	-0	-0	0.252641
0	182.241	0	-1923.98	0	0	-0	-0	0	12.5664	15.3869	0	-31.0145	0.252641	0	-0	-0	0.252641
0	188.241	0	-908.839	0	0	-0	-0	0	12.5664	15.3199	0	64.2747	0.252641	-0	-0	-0	0.252641
0	187.567	0	-1507.39	0	0	-0	-0	0	12.5664	15.2204	0	-126.783	0.252641	0	-0	-0	0.252641
0	186.55	0	-1543.3	0	0	-0	-0	0	12.5664	15.1544	0	112.877	0.252641	-0	-0	-0	0.252641
0	185.585	0	-1370.92	0	0	-0	-0	0	12.5664	15.1565	0	130.115	0.252641	-0	-0	-0	0.252641
0	179.685	0	-2060.45	0	0	-0	-0	0	12.5664	15.1895	0	27.1646	0.252641	-0	-0	-0	0.252641
0	192.15	0	-1445.14	0	0	-0	-0	0	12.5664	15.1219	0	13.0388	0.252641	-0	-0	-0	0.252641
0	190.853	0	-453.941	0	0	-0	-0	0	12.5664	15.2358	0	155.733	0.252641	-0	-0	-0	0.252641
0	184.922	0	-932.781	0	0	-0	-0	0	12.5664	15.2432	0	-7.55131	0.252641	0	-0	-0	0.252641
0	189.986	0	-425.21	0	0	-0	-0	0	12.5664	15.2752	0	66.6689	0.252641	-0	-0	-0	0.252641
0	184.936	0	-808.282	0	0	-0	-0	0	12.5664	15.2698	0	-98.531	0.252641	0	-0	-0	0.252641
0	175.918	0	-1938.35	0	0	-0	-0	0	12.5664	15.3821	0	87.7379	0.252641	-0	-0	-0	0.252641
0	186.271	0	-942.358	0	0	-0	-0	0	12.5664	15.2597	0	-112.896	0.252641	0	-0	-0	0.252641
0	194.525	0	-1679.77	0	0	-0	-0	0	12.5664	15.2518	0	55.6556	0.252641	-0	-0	-0	0.252641
0	182.412	0	-810.677	0	0	-0	-0	0	12.5664	15.2406	0	-59.9843	0.252641	0	-0	-0	0.252641
0	180.647	0	-1986.23	0	0	-0	-0	0	12.5664	15.2044	0	60.9229	0.252641	-0	-0	-0	0.252641
0	190.245	0	-1311.06	0	0	-0	-0	0	12.5664	15.2108	0	-1.80523	0.252641	0	-0	-0	0.252641
0	195.028	0	-279.164	0	0	-0	-0	0	12.5664	15.2565	0	101.385	0.252641	-0	-0	-0	0.252641
0	178.878	0	-863.349	0	0	-0	-0	0	12.5664	15.1512	0	-106.432	0.252641	0	-0	-0	0.252641
0	181.514	0	-2728.43	0	0	-0	-0	0	12.5664	15.2539	0	33.629	0.252641	-0	-0	-0	0.252641
0	178.689	0	-848.984	0	0	-0	-0	0	12.5664	15.2677	0	52.5432	0.252641	-0	-0	-0	0.252641
0	182.913	0	-1780.33	0	0	-0	-0	0	12.5664	15.1294	0	-91.3484	0.252641	0	-0	-0	0.252641
0	184.779	0	-633.506	0	0	-0	-0	0	12.5664	15.2565	0	56.8527	0.252641	-0	-0	-0	0.252641
0	180.025	0	-343.807	0	0	-0	-0	0	12.5664	15.3236	0	-26.7049	0.252641	0	-0	-0	0.252641
0	186.872	0	-932.781	0	0	-0	-0	0	12.5664	15.3465	0	-85.6023	0.252641	0	-0	-0	0.252641
0	184.765	0	-1030.94	0	0	-0	-0	0	12.5664	15.3555	0	-17.3675	0.252641	0	-0	-0	0.252641
0	185.616	0	-444.364	0	0	-0	-0	0	12.5664	15.389	0	41.2904	0.252641	-0	-0	-0	0.252641
0	189.62	0	-2172.98	0	0	-0	-0	0	12.5664	15.4087	0	-116.727	0.252641	0	-0	-0	0.252641
0	195.388	0	-350.99	0	0	-0	-0	0	12.5664	15.48	0	27.1646	0.252641	-0	-0	-0	0.252641
0	185.652	0	-2881.66	0	0	-0	-0	0	12.5664	15.4529	0	-13.7762	0.252641	0	-0	-0	0.252641
0	191.035	0	-236.068	0	0	-0	-0	0	12.5664	15.4593	0	56.8527	0.252641	-0	-0	-0	0.252641
0	187.704	0	-3346.14	0	0	-0	-0	0	12.5664	15.6604	0	101.624	0.252641	-0	-0	-0	0.252641
0	181.033	0	-1308.67	0	0	-0	-0	0	12.5664	15.678	0	22.855	0.252641	-0	-0	-0	0.252641
0	176.916	0	-803.494	0	0	-0	-0	0	12.5664	15.6593	0	-25.7472	0.252641	0	-0	-0	0.252641
0	174.764	0	-1730.05	0	0	-0	-0	0	12.5664	15.778	0	-3.96001	0.252641	0	-0	-0	0.252641
0	176.624	0	-1916.8	0	0	-0	-0	0	12.5664	15.7977	0	-32.6904	0.252641	0	-0	-0	0.252641
0	187.832	0	-1943.13	0	0	-0	-0	0	12.5664	15.82	0	60.9229	0.252641	-0	-0	-0	0.252641
0	178.403	0	-1335.01	0	0	-0	-0	0	12.5664	15.8509	0	21.658	0.252641	-0	-0	-0	0.252641
0	189.562	0	-1531.33	0	0	-0	-0	0	12.5664	15.8142	0	25.9675	0.252641	-0	-0	-0	0.252641
0	193.296	0	412.76	0	-0	-0	-0	0	12.5664	15.9297	0	55.6556	0.252641	-0	-0	-0	0.252641
0	185.297	0	-1722.87	0	0	-0	-0	0	12.5664	15.9009	0	11.6023	0.252641	-0	-0	-0	0.252641
0	190.791	0	216.436	0	-0	-0	-0	0	12.5664	15.9015	0	63.3171	0.252641	-0	-0	-0	0.252641
0	186.897	0	-2457.89	0	0	-0	-0	0	12.5664	15.9653	0	86.5408	0.252641	-0	-0	-0	0.252641
0	188.297	0	-1009.4	0	0	-0	-0	0	12.5664	15.7924	0	-16.6493	0.252641	0	-0	-0	0.252641
0	177.002	0	-2287.9	0	0	-0	-0	0	12.5664	15.8456	0	99.7089	0.252641	-0	-0	-0	0.252641
0	182.627	0	412.76	0	-0	-0	-0	0	12.5664	16.0047	0	23.0945	0.252641	-0	-0	-0	0.252641
0	181.395	0	-2268.75	0	0	-0	-0	0	12.5664	15.968	0	35.5443	0.252641	-0	-0	-0	0.252641
0	183.677	0	-662.236	0	0	-0	-0	0	12.5664	16.0356	0	-6.83305	0.252641	0	-0	-0	0.252641
0	171.048	0	-2017.35	0	0	-0	-0	0	12.5664	16.1249	0	97.5541	0.252641	-0	-0	-0	0.252641
0	184.19	0	-1665.41	0	0	-0	-0	0	12.5664	16.1633	0	-59.7449	0.252641	0	-0	-0	0.252641
0	183.449	0	-3269.52	0	0	-0	-0	0	12.5664	16.0622	0	10.6446	0.252641	-0	-0	-0	0.252641
0	176.886	0	-719.697	0	0	-0	-0	0	12.5664	16.0435	0	1.30724	0.252641	-0	-0	-0	0.252641
0	184.715	0	-1050.1	0	0	-0	-0	0	12.5664	16.0632	0	46.7971	0.252641	-0	-0	-0	0.252641
0	182.986	0	-705.332	0	0	-0	-0	0	12.5664	16.0473	0	22.855	0.252641	-0	-0	-0	0.252641
0	191.45	0	-1016.58	0	0	-0	-0	0	12.5664	16.2213	0	129.158	0.252641	-0	-0	-0	0.252641
0	183.389	0	-1291.91	0	0	-0	-0	0	12.5664	16.233	0	-55.9142	0.252641	0	-0	-0	0.252641
0	191.44	0	-1907.22	0	0	-0	-0	0	12.5664	16.2926	0	106.652	0.252641	-0	-0	-0	0.252641
0	192.872	0	-2232.83	0	0	-0	-0	0	12.5664	16.2489	0	-43.7038	0.252641	0	-0	-0	0.252641
0	186.533	0	-142.694	0	0	-0	-0	0	12.5664	16.2649	0	94.9205	0.252641	-0	-0	-0	0.252641
0	180.321	0	-4186.5	0	0	-0	-0	0	12.5664	16.2745	0	-48.4922	0.252641	0	-0	-0	0.252641
0	191.706	0	-2323.81	0	0	-0	-0	0	12.5664	16.2367	0	137.777	0.252641	-0	-0	-0	0.252641
0	188.167	0	-2615.9	0	0	-0	-0	0	12.5664	16.4485	0	-32.6904	0.252641	0	-0	-0	0.252641
0	184.373	0	-1406.83	0	0	-0	-0	0	12.5664	16.4554	0	88.2168	0.252641	-0	-0	-0	0.252641
0	178.414	0	-2129.88	0	0	-0	-0	0	12.5664	16.5565	0	46.0788	0.252641	-0	-0	-0	0.252641
0	193.263	0	-2879.27	0	0	-0	-0	0	12.5664	16.5357	0	-92.5455	0.252641	0	-0	-0	0.252641
0	192.911	0	-322.26	0	0	-0	-0	0	12.5664	16.4032	0	73.6121	0.252641	-0	-0	-0	0.252641
0	184.439	0	147.004	0	-0	-0	-0	0	12.5664	16.4719	0	73.6121	0.252641	-0	-0	-0	0.252641
0	187.516	0	-2723.64	0	0	-0	-0	0	12.5664	16.4894	0	18.7849	0.252641	-0	-0	-0	0.252641
0	179.152	0	-813.071	0	0	-0	-0	0	12.5664	16.5533	0	52.7826	0.252641	-0	-0	-0	0.252641
0	179.904	0	-2086.79	0	0	-0	-0	0	12.5664	16.6485	0	117.426	0.252641	-0	-0	-0	0.252641
0	180.768	0	-3439.51	0	0	-0	-0	0	12.5664	16.6869	0	-18.8041	0.252641	0	-0	-0	0.252641
0	194.944	0	-3439.51	0	0	-0	-0	0	12.5664	16.6762	0	-18.8041	0.252641	0	-0	-0	0.252641
0	186.24	0	-2884.06	0	0	-0	-0	0	12.5664	16.7928	0	-105.474	0.252641	0	-0	-0	0.252641
0	182.77	0	-427.604	0	0	-0	-0	0	12.5664	16.6347	0	-3.00233	0.252641	0	-0	-0	0.252641
0	180.923	0	-2742.8	0	0	-0	-0	0	12.5664	16.7081	0	-36.2817	0.252641	0	-0	-0	0.252641
0	190.516	0	-2457.89	0	0	-0	-0	0	12.5664	16.7417	0	156.93	0.252641	-0	-0	-0	0.252641
0	181.342	0	-769.975	0	0	-0	-0	0	12.5664	16.8156	0	-77.462	0.252641	0	-0	-0	0.252641
0	176.39	0	-1770.75	0	0	-0	-0	0	12.5664	16.8013	0	64.7536	0.252641	-0	-0	-0	0.252641
0	191.923	0	-1109.95	0	0	-0	-0	0	12.5664	16.664	0	-84.1658	0.252641	0	-0	-0	0.252641
0	199.09	0	-889.685	0	0	-0	-0	0	12.5664	16.6704	0	41.2904	0.252641	-0	-0	-0	0.252641
0	188.226	0	-1186.57	0	0	-0	-0	0	12.5664	16.7395	0	60.9229	0.252641	-0	-0	-0	0.252641
0	198.293	0	-1279.94	0	0	-0	-0	0	12.5664	16.7236	0	141.607	0.252641	-0	-0	-0	0.252641
0	197.861	0	-2297.48	0	0	-0	-0	0	12.5664	16.9013	0	2.98318	0.252641	-0	-0	-0	0.252641
0	186.469	0	-1021.37	0	0	-0	-0	0	12.5664	16.8135	0	-57.1113	0.252641	0	-0	-0	0.252641
0	202.918	0	-1703.71	0	0	-0	-0	0	12.5664	16.8343	0	-21.9165	0.252641	0	-0	-0	0.252641
0	201.073	0	-2594.36	0	0	-0	-0	0	12.5664	16.9311	0	51.3461	0.252641	-0	-0	-0	0.252641
0	188.156	0	-3772.3	0	0	-0	-0	0	12.5664	16.8917	0	-118.642	0.252641	0	-0	-0	0.252641
0	185.012	0	999.34	0	-0	-0	-0	0	12.5664	16.9423	0	135.383	0.252641	-0	-0	-0	0.252641
0	190.105	0	-2891.24	0	0	-0	-0	0	12.5664	16.9652	0	121.257	0.252641	-0	-0	-0	0.252641
0	189.666	0	898.783	0	-0	-0	-0	0	12.5664	16.8332	0	-65.2516	0.252641	0	-0	-0	0.252641
0	188.863	0	-1119.53	0	0	-0	-0	0	12.5664	16.7321	0	35.0655	0.252641	-0	-0	-0	0.252641
0	199.202	0	-1105.16	0	0	-0	-0	0	12.5664	16.7097	0	-77.9408	0.252641	0	-0	-0	0.252641
0	199.072	0	-2670.97	0	0	-0	-0	0	12.5664	16.6847	0	70.4997	0.252641	-0	-0	-0	0.252641
0	196.008	0	-2187.34	0	0	-0	-0	0	12.5664	16.6443	0	-101.404	0.252641	0	-0	-0	0.252641
0	196.63	0	-1461.9	0	0	-0	-0	0	12.5664	16.6544	0	193.801	0.252641	-0	-0	-0	0.252641
0	194.484	0	-999.819	0	0	-0	-0	0	12.5664	16.614	0	-65.0122	0.252641	0	-0	-0	0.252641
0	201.516	0	-2206.5	0	0	-0	-0	0	12.5664	16.5453	0	15.9119	0.252641	-0	-0	-0	0.252641
0	203.097	0	-444.364	0	0	-0	-0	0	12.5664	16.5357	0	-65.0122	0.252641	0	-0	-0	0.252641
0	194	0	-437.181	0	0	-0	-0	0	12.5664	16.6129	0	104.258	0.252641	-0	-0	-0	0.252641
0	205.593	0	-2364.51	0	0	-0	-0	0	12.5664	16.548	0	-94.2214	0.252641	0	-0	-0	0.252641
0	198.145	0	-1627.1	0	0	-0	-0	0	12.5664	16.441	0	64.7536	0.252641	-0	-0	-0	0.252641
0	200.274	0	-2304.66	0	0	-0	-0	0	12.5664	16.4666	0	-80.0956	0.252641	0	-0	-0	0.252641
0	205.167	0	-731.668	0	0	-0	-0	0	12.5664	16.4219	0	25.4887	0.252641	-0	-0	-0	0.252641
0	196.501	0	-2910.39	0	0	-0	-0	0	12.5664	16.4825	0	96.357	0.252641	-0	-0	-0	0.252641
0	187.772	0	-504.219	0	0	-0	-0	0	12.5664	16.3266	0	-107.868	0.252641	0	-0	-0	0.252641
0	200.936	0	-1059.67	0	0	-0	-0	0	12.5664	16.3431	0	-163.414	0.252641	0	-0	-0	0.252641
0	204.759	0	-1809.06	0	0	-0	-0	0	12.5664	16.3245	0	-101.404	0.252641	0	-0	-0	0.252641
0	211.2	0	-2436.34	0	0	-0	-0	0	12.5664	16.2734	0	-164.132	0.252641	0	-0	-0	0.252641
0	207.237	0	-1605.55	0	0	-0	-0	0	12.5664	16.3319	0	117.187	0.252641	-0	-0	-0	0.252641
0	214.781	0	-1758.78	0	0	-0	-0	0	12.5664	16.3479	0	61.6411	0.252641	-0	-0	-0	0.252641
0	207.155	0	-1370.92	0	0	-0	-0	0	12.5664	16.2511	0	-127.501	0.252641	0	-0	-0	0.252641
0	202.795	0	-1825.82	0	0	-0	-0	0	12.5664	16.2441	0	94.2023	0.252641	-0	-0	-0	0.252641
0	219.146	0	-1119.53	0	0	-0	-0	0	12.5664	16.2197	0	-77.462	0.252641	0	-0	-0	0.252641
0	212.352	0	-1988.62	0	0	-0	-0	0	12.5664	16.3516	0	191.886	0.252641	-0	-0	-0	0.252641
0	205.839	0	-1512.18	0	0	-0	-0	0	12.5664	16.1915	0	-185.68	0.252641	0	-0	-0	0.252641
0	217.884	0	-2053.27	0	0	-0	-0	0	12.5664	16.2122	0	117.905	0.252641	-0	-0	-0	0.252641
0	214.073	0	-925.598	0	0	-0	-0	0	12.5664	16.1899	0	-98.7704	0.252641	0	-0	-0	0.252641
0	200.453	0	-1107.56	0	0	-0	-0	0	12.5664	16.2165	0	-0.129285	0.252641	0	-0	-0	0.252641
0	198.999	0	-1514.57	0	0	-0	-0	0	12.5664	16.0324	0	-82.4898	0.252641	0	-0	-0	0.252641
0	214.225	0	-2223.26	0	0	-0	-0	0	12.5664	16.0622	0	-29.8174	0.252641	0	-0	-0	0.252641
0	213.877	0	-1253.6	0	0	-0	-0	0	12.5664	16.1462	0	81.9918	0.252641	-0	-0	-0	0.252641
0	211.855	0	-1176.99	0	0	-0	-0	0	12.5664	16.1696	0	-52.0835	0.252641	0	-0	-0	0.252641
0	209.583	0	-1595.97	0	0	-0	-0	0	12.5664	16.101	0	137.298	0.252641	-0	-0	-0	0.252641
0	217.374	0	-1203.33	0	0	-0	-0	0	12.5664	16.1239	0	176.563	0.252641	-0	-0	-0	0.252641
0	194.184	0	-2168.19	0	0	-0	-0	0	12.5664	16.0627	0	24.0522	0.252641	-0	-0	-0	0.252641
0	205.414	0	-2132.28	0	0	-0	-0	0	12.5664	16.0776	0	27.6435	0.252641	-0	-0	-0	0.252641
0	213.945	0	-774.764	0	0	-0	-0	0	12.5664	15.9579	0	-78.4197	0.252641	0	-0	-0	0.252641
0	219.137	0	-2120.31	0	0	-0	-0	0	12.5664	15.8467	0	-124.867	0.252641	0	-0	-0	0.252641
0	213.181	0	-346.202	0	0	-0	-0	0	12.5664	15.8243	0	17.109	0.252641	-0	-0	-0	0.252641
0	220.375	0	-1047.7	0	0	-0	-0	0	12.5664	15.7418	0	-72.6736	0.252641	0	-0	-0	0.252641
0	218.512	0	-1423.59	0	0	-0	-0	0	12.5664	15.6689	0	38.1779	0.252641	-0	-0	-0	0.252641
0	209.068	0	-2790.68	0	0	-0	-0	0	12.5664	15.6918	0	-116.727	0.252641	0	-0	-0	0.252641
0	199.621	0	-1210.51	0	0	-0	-0	0	12.5664	15.6221	0	75.7669	0.252641	-0	-0	-0	0.252641
0	222.381	0	-980.665	0	0	-0	-0	0	12.5664	15.6838	0	3.94086	0.252641	-0	-0	-0	0.252641
0	209.181	0	-1138.68	0	0	-0	-0	0	12.5664	15.6301	0	-4.67827	0.252641	0	-0	-0	0.252641
0	203.085	0	-786.735	0	0	-0	-0	0	12.5664	15.4401	0	-127.022	0.252641	0	-0	-0	0.252641
0	223.437	0	-2852.93	0	0	-0	-0	0	12.5664	15.5311	0	75.2881	0.252641	-0	-0	-0	0.252641
0	225.498	0	-1387.68	0	0	-0	-0	0	12.5664	15.4082	0	-104.277	0.252641	0	-0	-0	0.252641
0	219.247	0	-2740.4	0	0	-0	-0	0	12.5664	15.3949	0	89.4139	0.252641	-0	-0	-0	0.252641
0	228.195	0	305.021	0	-0	-0	-0	0	12.5664	15.422	0	20.9397	0.252641	-0	-0	-0	0.252641
0	219.208	0	-1390.07	0	0	-0	-0	0	12.5664	15.2917	0	17.5878	0.252641	-0	-0	-0	0.252641
0	220.504	0	39.2649	0	-0	-0	-0	0	12.5664	15.2321	0	37.4597	0.252641	-0	-0	-0	0.252641
0	213.684	0	-1816.24	0	0	-0	-0	0	12.5664	15.248	0	-119.839	0.252641	0	-0	-0	0.252641
0	221.481	0	-714.909	0	0	-0	-0	0	12.5664	15.2502	0	-9.70609	0.252641	0	-0	-0	0.252641
0	211.849	0	-2302.26	0	0	-0	-0	0	12.5664	15.3135	0	-93.2637	0.252641	0	-0	-0	0.252641
0	197.698	0	-1574.43	0	0	-0	-0	0	12.5664	15.2544	0	107.849	0.252641	-0	-0	-0	0.252641
0	208.03	0	-1478.66	0	0	-0	-0	0	12.5664	15.3459	0	-51.6046	0.252641	0	-0	-0	0.252641
0	218.22	0	-1074.04	0	0	-0	-0	0	12.5664	15.3151	0	-11.1426	0.252641	0	-0	-0	0.252641
0	216.932	0	-329.442	0	0	-0	-0	0	12.5664	15.2837	0	39.375	0.252641	-0	-0	-0	0.252641
0	210.301	0	-592.804	0	0	-0	-0	0	12.5664	15.4055	0	182.069	0.252641	-0	-0	-0	0.252641
0	210.426	0	-2541.68	0	0	-0	-0	0	12.5664	15.3821	0	-77.9408	0.252641	0	-0	-0	0.252641
0	219.966	0	-2637.45	0	0	-0	-0	0	12.5664	15.2768	0	-11.8609	0.252641	0	-0	-0	0.252641
0	205.825	0	-1667.8	0	0	-0	-0	0	12.5664	15.3113	0	-59.9843	0.252641	0	-0	-0	0.252641
0	208.119	0	-1368.53	0	0	-0	-0	0	12.5664	15.2087	0	-12.8186	0.252641	0	-0	-0	0.252641
0	216.367	0	36.8707	0	-0	-0	-0	0	12.5664	15.2624	0	49.1913	0.252641	-0	-0	-0	0.252641
0	212.587	0	-2953.49	0	0	-0	-0	0	12.5664	15.214	0	-37.7183	0.252641	0	-0	-0	0.252641
0	216.02	0	-535.344	0	0	-0	-0	0	12.5664	15.2432	0	61.4017	0.252641	-0	-0	-0	0.252641
0	214.88	0	-2599.15	0	0	-0	-0	0	12.5664	15.3294	0	49.9095	0.252641	-0	-0	-0	0.252641
0	202.374	0	-1184.17	0	0	-0	-0	0	12.5664	15.256	0	-73.3919	0.252641	0	-0	-0	0.252641
0	201.744	0	-2184.95	0	0	-0	-0	0	12.5664	15.3119	0	-42.2672	0.252641	0	-0	-0	0.252641
0	214.792	0	-599.987	0	0	-0	-0	0	12.5664	15.2565	0	-28.8597	0.252641	0	-0	-0	0.252641
0	211.768	0	-2503.38	0	0	-0	-0	0	12.5664	15.1847	0	-22.8742	0.252641	0	-0	-0	0.252641
0	221.331	0	-659.842	0	0	-0	-0	0	12.5664	15.1847	0	38.4174	0.252641	-0	-0	-0	0.252641
0	219.144	0	-2560.84	0	0	-0	-0	0	12.5664	15.2438	0	90.611	0.252641	-0	-0	-0	0.252641
0	214.929	0	-291.135	0	0	-0	-0	0	12.5664	15.2874	0	-43.9432	0.252641	0	-0	-0	0.252641
0	204.204	0	-1682.17	0	0	-0	-0	0	12.5664	15.3007	0	73.6121	0.252641	-0	-0	-0	0.252641
0	204.454	0	-1363.74	0	0	-0	-0	0	12.5664	15.2938	0	-96.6156	0.252641	0	-0	-0	0.252641
0	201.255	0	-1969.47	0	0	-0	-0	0	12.5664	15.2464	0	-37	0.252641	0	-0	-0	0.252641
0	208.585	0	-1131.5	0	0	-0	-0	0	12.5664	15.2033	0	40.0933	0.252641	-0	-0	-0	0.252641
0	208.504	0	-1411.62	0	0	-0	-0	0	12.5664	15.1235	0	141.368	0.252641	-0	-0	-0	0.252641
0	199.004	0	-1351.77	0	0	-0	-0	0	12.5664	15.1922	0	5.13796	0.252641	-0	-0	-0	0.252641
0	204.983	0	-348.596	0	0	-0	-0	0	12.5664	15.0527	0	31.2348	0.252641	-0	-0	-0	0.252641
0	204.863	0	-2304.66	0	0	-0	-0	0	12.5664	14.8766	0	-162.935	0.252641	0	-0	-0	0.252641
0	196.046	0	-676.601	0	0	-0	-0	0	12.5664	14.8468	0	27.1646	0.252641	-0	-0	-0	0.252641
0	208.711	0	-2400.43	0	0	-0	-0	0	12.5664	14.7542	0	-10.1849	0.252641	0	-0	-0	0.252641
0	208.126	0	-860.955	0	0	-0	-0	0	12.5664	14.8112	0	19.2637	0.252641	-0	-0	-0	0.252641
0	194.763	0	-4064.4	0	0	-0	-0	0	12.5664	14.8016	0	-36.7606	0.252641	0	-0	-0	0.252641
0	196.193	0	656.969	0	-0	-0	-0	0	12.5664	14.7489	0	26.4464	0.252641	-0	-0	-0	0.252641
0	196.232	0	-1093.19	0	0	-0	-0	0	12.5664	14.8463	0	71.2179	0.252641	-0	-0	-0	0.252641
0	199.774	0	-1220.09	0	0	-0	-0	0	12.5664	14.7936	0	74.3304	0.252641	-0	-0	-0	0.252641
0	192.691	0	-1002.21	0	0	-0	-0	0	12.5664	14.7329	0	83.6678	0.252641	-0	-0	-0	0.252641
0	195.237	0	-1497.81	0	0	-0	-0	0	12.5664	14.701	0	-89.433	0.252641	0	-0	-0	0.252641
0	204.493	0	-1785.12	0	0	-0	-0	0	12.5664	14.5557	0	-49.6893	0.252641	0	-0	-0	0.252641
0	201.857	0	-1892.86	0	0	-0	-0	0	12.5664	14.5983	0	10.4052	0.252641	-0	-0	-0	0.252641
0	194.099	0	-1007	0	0	-0	-0	0	12.5664	14.6414	0	94.2023	0.252641	-0	-0	-0	0.252641
0	197.9	0	-2620.69	0	0	-0	-0	0	12.5664	14.5866	0	0.349548	0.252641	-0	-0	-0	0.252641
0	201.928	0	252.349	0	-0	-0	-0	0	12.5664	14.7931	0	47.7547	0.252641	-0	-0	-0	0.252641
0	178.628	0	-2285.5	0	0	-0	-0	0	12.5664	14.7015	0	-78.6591	0.252641	0	-0	-0	0.252641
0	186.692	0	-798.706	0	0	-0	-0	0	12.5664	14.7021	0	70.0208	0.252641	-0	-0	-0	0.252641
0	183.143	0	-2850.54	0	0	-0	-0	0	12.5664	14.7452	0	3.2226	0.252641	-0	-0	-0	0.252641
0	181.429	0	-1902.43	0	0	-0	-0	0	12.5664	14.5302	0	-68.6035	0.252641	0	-0	-0	0.252641
0	185.334	0	-1912.01	0	0	-0	-0	0	12.5664	14.7606	0	176.563	0.252641	-0	-0	-0	0.252641
0	194.668	0	-1588.79	0	0	-0	-0	0	12.5664	14.726	0	49.4307	0.252641	-0	-0	-0	0.252641
0	197.172	0	-1663.01	0	0	-0	-0	0	12.5664	14.7159	0	-15.931	0.252641	0	-0	-0	0.252641
0	186.438	0	-628.717	0	0	-0	-0	0	12.5664	14.7526	0	82.2312	0.252641	-0	-0	-0	0.252641
0	180.821	0	-2268.75	0	0	-0	-0	0	12.5664	14.8761	0	26.9252	0.252641	-0	-0	-0	0.252641
0	195.792	0	-1653.44	0	0	-0	-0	0	12.5664	14.751	0	-65.7304	0.252641	0	-0	-0	0.252641
0	197.314	0	-1627.1	0	0	-0	-0	0	12.5664	14.7627	0	12.56	0.252641	-0	-0	-0	0.252641
0	190.766	0	-1758.78	0	0	-0	-0	0	12.5664	14.6616	0	-111.699	0.252641	0	-0	-0	0.252641
0	182.943	0	-729.274	0	0	-0	-0	0	12.5664	14.6739	0	55.4162	0.252641	-0	-0	-0	0.252641
0	184.438	0	-1888.07	0	0	-0	-0	0	12.5664	14.6936	0	-75.3072	0.252641	0	-0	-0	0.252641
0	182.059	0	-468.306	0	0	-0	-0	0	12.5664	14.6957	0	47.0365	0.252641	-0	-0	-0	0.252641
0	168.658	0	-1904.83	0	0	-0	-0	0	12.5664	14.8862	0	99.2301	0.252641	-0	-0	-0	0.252641
0	168.193	0	-973.482	0	0	-0	-0	0	12.5664	14.9564	0	29.5588	0.252641	-0	-0	-0	0.252641
0	173.957	0	-1713.29	0	0	-0	-0	0	12.5664	14.9314	0	-44.422	0.252641	0	-0	-0	0.252641
0	181.431	0	-1837.79	0	0	-0	-0	0	12.5664	14.9825	0	131.312	0.252641	-0	-0	-0	0.252641
0	173.906	0	-702.938	0	0	-0	-0	0	12.5664	15.0501	0	-9.46667	0.252641	0	-0	-0	0.252641
0	177.17	0	-2457.89	0	0	-0	-0	0	12.5664	15.0889	0	119.581	0.252641	-0	-0	-0	0.252641
0	182.763	0	-1131.5	0	0	-0	-0	0	12.5664	15.1794	0	37.2203	0.252641	-0	-0	-0	0.252641
0	176.409	0	-1421.2	0	0	-0	-0	0	12.5664	15.2257	0	-16.6493	0.252641	0	-0	-0	0.252641
0	166.225	0	-1753.99	0	0	-0	-0	0	12.5664	15.222	0	155.973	0.252641	-0	-0	-0	0.252641
0	174.727	0	-1514.57	0	0	-0	-0	0	12.5664	15.2443	0	-102.122	0.252641	0	-0	-0	0.252641
0	176.154	0	-2120.31	0	0	-0	-0	0	12.5664	15.2251	0	43.2058	0.252641	-0	-0	-0	0.252641
0	182.273	0	-2170.58	0	0	-0	-0	0	12.5664	15.2108	0	38.1779	0.252641	-0	-0	-0	0.252641
0	180.895	0	-1071.64	0	0	-0	-0	0	12.5664	15.2544	0	82.9495	0.252641	-0	-0	-0	0.252641
0	180.828	0	-1543.3	0	0	-0	-0	0	12.5664	15.289	0	35.7837	0.252641	-0	-0	-0	0.252641
0	179.327	0	-700.543	0	0	-0	-0	0	12.5664	15.2991	0	57.3316	0.252641	-0	-0	-0	0.252641
0	169.419	0	-1287.12	0	0	-0	-0	0	12.5664	15.3699	0	-31.0145	0.252641	0	-0	-0	0.252641
0	172.152	0	-2484.22	0	0	-0	-0	0	12.5664	15.3699	0	8.25043	0.252641	-0	-0	-0	0.252641
0	187.045	0	-1210.51	0	0	-0	-0	0	12.5664	15.3177	0	-8.98783	0.252641	0	-0	-0	0.252641
0	180.697	0	-1816.24	0	0	-0	-0	0	12.5664	15.4039	0	142.565	0.252641	-0	-0	-0	0.252641
0	180.652	0	-1330.22	0	0	-0	-0	0	12.5664	15.4316	0	-100.925	0.252641	0	-0	-0	0.252641
0	177.323	0	-1892.86	0	0	-0	-0	0	12.5664	15.3651	0	77.4429	0.252641	-0	-0	-0	0.252641
0	184.858	0	-451.546	0	0	-0	-0	0	12.5664	15.4231	0	-71.9553	0.252641	0	-0	-0	0.252641
0	171.976	0	-2611.12	0	0	-0	-0	0	12.5664	15.3688	0	75.0487	0.252641	-0	-0	-0	0.252641
0	169.297	0	-22.9843	0	0	-0	-0	0	12.5664	15.4662	0	0.110133	0.252641	-0	-0	-0	0.252641
0	174.181	0	-3437.12	0	0	-0	-0	0	12.5664	15.4869	0	20.7003	0.252641	-0	-0	-0	0.252641
0	182.932	0	-748.427	0	0	-0	-0	0	12.5664	15.4699	0	26.6858	0.252641	-0	-0	-0	0.252641
0	175.213	0	-1516.97	0	0	-0	-0	0	12.5664	15.5274	0	-42.5067	0.252641	0	-0	-0	0.252641
0	166.581	0	-2285.51	0	0	-0	-0	0	12.5664	15.4699	0	117.187	0.252641	-0	-0	-0	0.252641
0	179.301	0	-439.575	0	0	-0	-0	0	12.5664	15.612	0	-11.382	0.252641	0	-0	-0	0.252641
0	187.441	0	-858.561	0	0	-0	-0	0	12.5664	15.6689	0	-53.2806	0.252641	0	-0	-0	0.252641
0	164.776	0	-1617.52	0	0	-0	-0	0	12.5664	15.5418	0	-107.15	0.252641	0	-0	-0	0.252641
0	165.238	0	-1617.52	0	0	-0	-0	0	12.5664	15.588	0	-107.15	0.252641	0	-0	-0	0.252641
0	166.212	0	-2661.39	0	0	-0	-0	0	12.5664	15.7881	0	11.1235	0.252641	-0	-0	-0	0.252641
0	180.797	0	-1703.71	0	0	-0	-0	0	12.5664	15.7237	0	3.94086	0.252641	-0	-0	-0	0.252641
0	167.478	0	-298.318	0	0	-0	-0	0	12.5664	15.7706	0	-17.3675	0.252641	0	-0	-0	0.252641
0	181.752	0	-2146.64	0	0	-0	-0	0	12.5664	15.8115	0	92.7657	0.252641	-0	-0	-0	0.252641
0	181.53	0	-1816.24	0	0	-0	-0	0	12.5664	15.8584	0	-43.2249	0.252641	0	-0	-0	0.252641
0	178.105	0	-1466.69	0	0	-0	-0	0	12.5664	15.8961	0	142.565	0.252641	-0	-0	-0	0.252641
0	164.532	0	-1167.41	0	0	-0	-0	0	12.5664	15.9914	0	-25.7472	0.252641	0	-0	-0	0.252641
0	174.557	0	-1311.06	0	0	-0	-0	0	12.5664	15.9898	0	37.9385	0.252641	-0	-0	-0	0.252641
0	189.206	0	-1311.06	0	0	-0	-0	0	12.5664	16.0111	0	37.9385	0.252641	-0	-0	-0	0.252641
0	171.629	0	-2022.14	0	0	-0	-0	0	12.5664	16.0457	0	-136.599	0.252641	0	-0	-0	0.252641
0	175.607	0	-2390.85	0	0	-0	-0	0	12.5664	16.1845	0	82.7101	0.252641	-0	-0	-0	0.252641
0	178.912	0	-1272.76	0	0	-0	-0	0	12.5664	16.2292	0	-49.6893	0.252641	0	-0	-0	0.252641
0	173.205	0	-1768.36	0	0	-0	-0	0	12.5664	16.0701	0	60.2046	0.252641	-0	-0	-0	0.252641
0	159.819	0	-1435.56	0	0	-0	-0	0	12.5664	16.2707	0	-16.1704	0.252641	0	-0	-0	0.252641
0	161.324	0	-1591.19	0	0	-0	-0	0	12.5664	16.3591	0	168.423	0.252641	-0	-0	-0	0.252641
0	175.365	0	-2431.55	0	0	-0	-0	0	12.5664	16.3554	0	84.386	0.252641	-0	-0	-0	0.252641
0	174.212	0	-1330.22	0	0	-0	-0	0	12.5664	16.3335	0	50.3884	0.252641	-0	-0	-0	0.252641
0	177.687	0	-1991.02	0	0	-0	-0	0	12.5664	16.3793	0	-15.6916	0.252641	0	-0	-0	0.252641
0	182.035	0	-939.964	0	0	-0	-0	0	12.5664	16.3585	0	86.5408	0.252641	-0	-0	-0	0.252641
0	182.497	0	-580.833	0	0	-0	-0	0	12.5664	16.4586	0	-41.7884	0.252641	0	-0	-0	0.252641
0	174.356	0	-2943.91	0	0	-0	-0	0	12.5664	16.4245	0	99.7089	0.252641	-0	-0	-0	0.252641
0	170.286	0	-884.897	0	0	-0	-0	0	12.5664	16.5219	0	-38.1971	0.252641	0	-0	-0	0.252641
0	182.819	0	-779.552	0	0	-0	-0	0	12.5664	16.5272	0	86.7802	0.252641	-0	-0	-0	0.252641
0	179.827	0	-2251.99	0	0	-0	-0	0	12.5664	16.3931	0	-118.882	0.252641	0	-0	-0	0.252641
0	175.366	0	-370.144	0	0	-0	-0	0	12.5664	16.4432	0	12.3206	0.252641	-0	-0	-0	0.252641
0	170.07	0	-458.729	0	0	-0	-0	0	12.559	16.4623	-14.9401	88.6956	0.228463	-0	-0	-0	0.228463
0	185.524	0	-1339.8	0	0	-0	-0	0	12.4989	16.4421	-45.1008	0.588977	0.203757	-0	-0	-0	0.203757
0	174.189	0	-688.572	0	0	-0	-0	0	12.3786	16.342	-75.2615	46.5576	0.127817	-0	-0	-0	0.127817
0	170.918	0	-858.561	0	0	-0	-0	0	12.1979	16.0638	-105.422	-158.625	0.0756753	0	-0	-0	0.0756753
0	184.473	0	-293.529	0	0	-0	-0	0	11.9569	15.5061	-135.583	-216.086	0.0223204	0	-0	-0	0.0223204
0	190.992	0	-908.839	0	0	-0	-0	0	11.6629	15.4226	-150.796	-277.617	-0.00481188	0	-0	-0	-0.00481188
0	184.681	0	-255.222	0	0	-0	-0	0	11.3613	14.5196	-150.796	-111.22	-0.0141215	-0	-0	-0	-0.0141215
0	186.944	0	-1339.8	0	0	-0	-0	0	11.0597	13.913	-150.796	-335.557	-0.0201852	0	-0	-0	-0.0201852
0	191.584	0	-676.601	0	0	-0	-0	0	10.7581	13.7427	-150.796	-269.238	-0.0232171	0	-0	-0	-0.0232171
0	185.962	0	-1076.43	0	0	-0	-0	0	10.4565	13.0355	-150.796	-258.464	-0.0323126	0	-0	-0	-0.0323126
0	186.704	0	-441.97	0	0	-0	-0	0	10.1549	12.8796	-150.796	-195.017	-0.0353444	0	-0	-0	-0.0353444
0	180.892	0	-2582.39	0	0	-0	-0	0	9.85327	12.3347	-150.796	-273.547	-0.0414081	0	-0	-0	-0.0414081
0	185.268	0	-1794.69	0	0	-0	-0	0	9.55167	11.8398	-150.796	-191.905	-0.0505036	0	-0	-0	-0.0505036
0	189.032	0	-930.387	0	0	-0	-0	0	9.25006	11.3455	-150.796	-183.046	-0.0565672	0	-0	-0	-0.0565672
0	183.983	0	-1526.54	0	0	-0	-0	0	8.94845	10.9299	-150.796	-272.829	-0.0626309	0	-0	-0	-0.0626309
0	179.728	0	-1600.76	0	0	-0	-0	0	8.64685	10.6293	-150.796	-120.797	-0.0686946	-0	-0	-0	-0.0686946
0	176.305	0	-2536.9	0	0	-0	-0	0	8.34524	10.1185	-150.796	-180.892	-0.0747583	0	-0	-0	-0.0747583
0	183.011	0	-2613.51	0	0	-0	-0	0	8.04363	9.94127	-150.796	-241.225	-0.0777901	0	-0	-0	-0.0777901
0	173.565	0	-2613.51	0	0	-0	-0	0	7.74203	9.29954	-150.796	-167.963	-0.0868856	0	-0	-0	-0.0868856
0	178.309	0	-2826.59	0	0	-0	-0	0	7.44042	9.22398	-150.796	-189.271	-0.0899174	0	-0	-0	-0.0899174
0	155.763	0	-2826.59	0	0	-0	-0	0	7.13881	8.61205	-150.796	-193.581	-0.0990129	0	-0	-0	-0.0990129
0	157.484	0	-942.358	0	0	-0	-0	0	6.8372	8.27203	-150.796	-125.346	-0.105077	-0	-0	-0	-0.105077
0	165.493	0	-3231.21	0	0	-0	-0	0	6.5356	7.8043	-150.796	-252.718	-0.11114	0	-0	-0	-0.11114
0	172.337	0	-1224.87	0	0	-0	-0	0	6.23399	7.49249	-150.796	-136.359	-0.117204	-0	-0	-0	-0.117204
0	171.39	0	-2898.42	0	0	-0	-0	0	5.93238	7.11681	-150.796	-121.755	-0.123268	-0	-0	-0	-0.123268
0	161.636	0	-499.43	0	0	-0	-0	0	5.63078	6.85182	-150.796	-144.26	-0.129331	-0	-0	-0	-0.129331
0	155.756	0	-2017.35	0	0	-0	-0	0	5.32917	6.46551	-150.796	-201.242	-0.132363	0	-0	-0	-0.132363
0	150.165	0	-1509.78	0	0	-0	-0	0	5.02756	6.12176	-150.796	-250.084	-0.141459	0	-0	-0	-0.141459
0	139.862	0	-3832.16	0	0	-0	-0	0	4.72596	5.60295	-150.796	-297.01	-0.14449	0	-0	-0	-0.14449
0	145.565	0	-712.514	0	0	-0	-0	0	4.42435	5.16822	-150.796	-91.3484	-0.153586	-0	-0	-0	-0.153586
0	144.516	0	-3133.05	0	0	-0	-0	0	4.12274	4.79467	-150.796	-156.71	-0.15965	0	-0	-0	-0.15965
0	142.506	0	-1277.55	0	0	-0	-0	0	3.82113	4.32642	-150.796	-254.154	-0.165713	0	-0	-0	-0.165713
0	139.312	0	-2149.04	0	0	-0	-0	0	3.51953	4.15986	-150.796	-128.698	-0.168745	-0	-0	-0	-0.168745
0	131.663	0	-2740.4	0	0	-0	-0	0	3.21792	3.59689	-150.796	-357.344	-0.177841	0	-0	-0	-0.177841
0	123.82	0	-2371.7	0	0	-0	-0	0	2.91631	3.25847	-150.796	-177.3	-0.183904	0	-0	-0	-0.183904
0	118.724	0	-1672.59	0	0	-0	-0	0	2.61471	2.90674	-150.796	-143.303	-0.186936	-0	-0	-0	-0.186936
0	126.325	0	-1885.67	0	0	-0	-0	0	2.3131	2.17242	-150.796	-144.021	-0.196032	0	0	-0	-0.196032
0	119.827	0	-1464.29	0	0	-0	-0	0	2.01149	1.94255	-150.796	-201.482	-0.199064	0	0	-0	-0.199064
0	120.111	0	-2433.95	0	0	-0	-0	0	1.70989	1.48387	-150.796	-123.191	-0.208159	0	0	-0	-0.208159
0	116.489	0	-1945.53	0	0	-0	-0	0	1.40828	0.95229	-150.796	-291.264	-0.214223	0	0	-0	-0.214223
0	113.627	0	-1533.73	0	0	-0	-0	0	1.10667	0.63994	-150.796	-125.585	-0.220286	0	0	-0	-0.220286
0	108.045	0	-3360.5	0	0	-0	-0	0	0.805065	0.142415	-150.796	-178.497	-0.22635	0	0	-0	-0.22635
0	104.856	0	-633.506	0	0	-0	-0	0	0.524268	-0.344468	-125.744	-172.991	-0.191702	0	0	-0	-0.191702
0	95.0609	0	-2706.88	0	0	-0	-0	0	0.302931	-0.707369	-95.5833	-158.147	-0.147642	0	0	-0	-0.147642
0	95.9438	0	-2180.16	0	0	-0	-0	0	0.141917	-0.7377	-65.4226	-105.474	-0.125158	0	0	-0	-0.125158
0	89.7102	0	-1603.16	0	0	-0	-0	0	0.0412279	-0.631277	-35.2619	111.201	-0.0558851	0	0	-0	-0.0558851
0	90.292	0	-2050.87	0	0	-0	-0	0	0.000862839	-0.66214	-5.10124	66.4295	-0.0321878	0	0	-0	-0.0321878
0	84.1869	0	-786.735	0	0	-0	-0	0	0	-0.600415	0	69.7814	0	0	0	-0	0
0	78.6215	0	-1581.61	0	0	-0	-0	0	0	-0.530708	0	-15.931	0	0	0	-0	0
0	75.6856	0	-3269.52	0	0	-0	-0	0	0	-0.335422	0	105.455	0	0	0	-0	0
0	72.7305	0	-2005.38	0	0	-0	-0	0	0	-0.34979	0	-21.9165	0	0	0	-0	0
0	71.0067	0	-346.202	0	0	-0	-0	0	0	-0.294982	0	126.285	0	0	0	-0	0
0	68.9944	0	-2764.35	0	0	-0	-0	0	0	-0.165679	0	-50.4075	0	0	0	-0	0
0	68.5047	0	-2211.28	0	0	-0	-0	0	0	-0.18377	0	4.89854	0	0	0	-0	0
0	61.8303	0	-1306.28	0	0	-0	-0	0	0	-0.157697	0	-14.2551	0	0	0	-0	0
0	59.6699	0	-1701.32	0	0	-0	-0	0	0	-0.0432927	0	130.594	0	0	0	-0	0
0	67.4006	0	-1488.24	0	0	-0	-0	0	0	-0.0124302	0	-47.7739	0	0	0	-0	0
0	61.0251	0	-825.042	0	0	-0	-0	0	0	0.000872664	0	68.3449	0	-0	-0	-0	0
0	54.6129	0	-1651.04	0	0	-0	-0	0	0	0.113148	0	-69.8006	0	0	-0	-0	0
0	46.1287	0	-1622.31	0	0	-0	-0	0	0	0.197222	0	111.201	0	-0	-0	-0	0
0	45.8997	0	-1847.37	0	0	-0	-0	0	0	0.221699	0	-31.4933	0	0	-0	-0	0
0	46.5015	0	-1157.84	0	0	-0	-0	0	0	0.235534	0	156.691	0	-0	-0	-0	0
0	41.1204	0	-1725.26	0	0	-0	-0	0	0	0.282892	0	-122.712	0	0	-0	-0	0
0	39.7927	0	-1689.35	0	0	-0	-0	0	0	0.29992	0	-3.24175	0	0	-0	-0	0
0	40.5962	0	-1639.07	0	0	-0	-0	0	0	0.283424	0	-75.3072	0	0	-0	-0	0
0	35.5733	0	-1311.06	0	0	-0	-0	0	0	0.328654	0	-126.304	0	0	-0	-0	0
0	37.1438	0	-844.196	0	0	-0	-0	0	0	0.306305	0	62.12	0	-0	-0	-0	0
0	33.6901	0	-1078.83	0	0	-0	-0	0	0	0.281828	0	-97.3339	0	0	-0	-0	0
0	29.8579	0	-1768.36	0	0	-0	-0	0	0	0.240855	0	58.7681	0	-0	-0	-0	0
0	25.6479	0	-1485.84	0	0	-0	-0	0	0	0.296727	0	-67.6458	0	0	-0	-0	0
0	19.9413	0	-1938.35	0	0	-0	-0	0	0	0.263204	0	156.212	0	-0	-0	-0	0
0	18.6141	0	-2412.4	0	0	-0	-0	0	0	0.230213	0	108.807	0	-0	-0	-0	0
0	17.0263	0	-1160.23	0	0	-0	-0	0	0	0.204672	0	72.6544	0	-0	-0	-0	0
0	15.5501	0	-1138.68	0	0	-0	-0	0	0	0.182855	0	-121.036	0	0	-0	-0	0
0	14.4122	0	-1090.8	0	0	-0	-0	0	0	0.154121	0	56.1344	0	-0	-0	-0	0
0	11.3106	0	-1473.87	0	0	-0	-0	0	0	0.143479	0	-26.7049	0	0	-0	-0	0
0	8.7081	0	-1112.35	0	0	-0	-0	0	0	0.163167	0	74.5698	0	-0	-0	-0	0
0	7.19497	0	-963.906	0	0	-0	-0	0	0	0.144543	0	-35.0846	0	0	-0	-0	0
0	5.88834	0	-1191.35	0	0	-0	-0	0	0	0.115809	0	-23.8319	0	0	-0	-0	0
0	3.56654	0	-640.688	0	0	-0	-0	0	0	0.0668546	0	-65.9698	0	0	-0	-0	0
0	3.9237	0	252.349	0	-0	-0	-0	0	0	0.0647262	0	23.3339	0	-0	-0	-0	0
0	-0.364108	0	-1390.07	0	0	0	-0	0	0	0.00193689	0	20.9397	0	-0	-0	-0	0
0	-0.322519	0	-825.042	0	0	0	-0	0	0	-0.0017879	0	77.4429	0	0	0	-0	0
0	-1.6281	0	-157.06	0	0	0	-0	0	0	0.00406534	0	141.368	0	-0	-0	-0	0
0	-3.07099	0	-1528.94	0	0	0	-0	0	0	-0.0134944	0	-60.942	0	0	0	-0	0
0	-1.53927	0	697.67	0	0	0	-0	0	0	-0.0198797	0	64.0353	0	0	0	-0	0
0	-1.94252	0	-1143.47	0	0	0	-0	0	0	-0.00285212	0	17.3484	0	0	0	-0	0
0	-0.606682	0	601.902	0	0	0	-0	0	0	0.00938646	0	22.855	0	-0	-0	-0	0
0	-1.02043	0	-497.036	0	0	0	-0	0	0	0.025882	0	-53.9988	0	0	-0	-0	0
0	-0.137367	0	886.812	0	0	0	-0	0	0	0.0136434	0	-1.80523	0	0	-0	-0	0
0	-0.18875	0	-331.836	0	0	0	-0	0	0	-0.000191561	0	-74.8284	0	0	0	-0	0
0	-0.825358	0	-269.587	0	0	0	-0	0	0	-0.0129623	0	71.2179	0	0	0	-0	0
0	-1.0786	0	-135.512	0	0	0	-0	0	0	-0.0140265	0	-16.4099	0	0	0	-0	0
0	-0.765131	0	-389.297	0	0	0	-0	0	0	-0.00125579	0	70.7391	0	0	0	-0	0
0	-0.0290931	0	372.059	0	0	0	-0	0	0	0.0152397	0	-43.7038	0	0	-0	-0	0
0	-0.388613	0	-1253.6	0	0	0	-0	0	0	0.00832224	0	25.9675	0	-0	-0	-0	0
0	-0.729562	0	953.85	0	0	0	-0	0	0	0.0301389	0	52.7826	0	-0	-0	-0	0
