0	0.268733	0	486.262	0	0	-0	0	0	0	0.0107966	0	-4.52504	0	-0.00107966	-0.00107966	0	-0.00107966
0	0.210894	0	98.4017	0	-0	-0	-0	0	0.00753982	-0.0158091	7.53982	-40.4381	0.0122784	0.00227576	0.00233489	-5.91245e-05	0.0145541
0	0.107082	0	222.9	0	-0	-0	-0	0	0.0301593	-0.000909912	15.0796	-11.7076	0.0248599	0.00316189	0.00310692	5.49677e-05	0.0280218
0	0.154269	0	79.2481	0	-0	-0	-0	0	0.0678584	0.00760389	22.6195	80.2297	0.0377446	0.00635285	0.00602545	0.000327396	0.0440974
0	-0.0446862	0	-385.227	0	0	0	-0	0	0.120637	-0.00782738	30.1593	-26.0729	0.0509325	0.0136664	0.0128465	0.000819905	0.0645988
0	-0.0304781	0	131.921	0	0	0	-0	0	0.188496	-0.0147448	37.6991	-43.7899	0.0576401	0.0179479	0.0167426	0.0012053	0.075588
0	-0.373863	0	62.4887	0	0	0	-0	0	0.271434	-0.0110201	45.2389	-10.9894	0.0782177	0.0312903	0.0282454	0.00304493	0.109508
0	-0.231735	0	64.8829	0	0	0	-0	0	0.369451	0.00973234	52.7788	85.4969	0.0852285	0.0347748	0.0308825	0.0038923	0.120003
0	-0.434841	0	-454.659	0	0	0	-0	0	0.482549	-0.00357048	60.3186	-30.6218	0.0994775	0.048708	0.0427686	0.00593943	0.148185
0	-0.369158	0	-581.552	0	0	0	-0	0	0.610726	0.00175065	67.8584	19.8958	0.121419	0.0713973	0.0608975	0.0104998	0.192817
0	0.143681	0	-322.978	0	0	-0	0	0	0.753982	0.0352737	75.3982	13.6709	0.136426	0.0864287	0.0718709	0.0145579	0.222855
0	9.29414	0	1886.87	0	-0	-0	-0	0	0.912319	0.372101	82.9381	126.917	0.151736	0.0727183	0.0540218	0.0186965	0.224455
0	7.64339	0	1024.96	0	-0	-0	-0	0	1.08573	0.466817	90.4779	40.7254	0.159505	0.0733496	0.0530325	0.0203172	0.232855
0	1.11038	0	-459.447	0	0	-0	-0	0	1.27423	0.61368	98.0177	2.41814	0.183266	0.0913642	0.066055	0.0253091	0.27463
0	-0.0179474	0	400.071	0	0	0	-0	0	1.47781	0.677534	105.558	48.6262	0.199485	0.107318	0.0800272	0.0272908	0.306803
0	1.64718	0	481.474	0	-0	-0	-0	0	1.69646	1.00106	113.097	128.114	0.216008	0.103925	0.0695402	0.0343846	0.319933
0	3.73943	0	93.6133	0	-0	-0	-0	0	1.92265	1.348	113.097	71.6106	0.220556	0.0962449	0.0574659	0.038779	0.316801
0	3.58065	0	-457.053	0	0	-0	-0	0	2.14885	1.65928	113.097	158.281	0.225103	0.0914584	0.0489568	0.0425017	0.316562
0	3.89674	0	208.535	0	-0	-0	-0	0	2.26195	1.8402	113.097	136.733	0.227377	0.086145	0.0421747	0.0439704	0.313522
0	5.04293	0	397.677	0	-0	-0	-0	0	2.48814	1.98866	113.097	170.97	0.229651	0.083874	0.0386384	0.0452356	0.313525
0	3.28492	0	146.286	0	-0	-0	-0	0	2.71433	2.53567	113.097	138.169	0.236472	0.0661775	0.0178664	0.0483111	0.30265
0	4.2073	0	-107.5	0	0	-0	-0	0	2.94053	2.76927	113.097	92.6796	0.24102	0.066712	0.0171261	0.0495859	0.307732
0	7.50144	0	493.445	0	-0	-0	-0	0	3.16672	3.00712	113.097	132.663	0.245567	0.0669041	0.0159601	0.0509441	0.312471
0	5.18009	0	811.874	0	-0	-0	-0	0	3.39292	3.12312	113.097	112.791	0.247841	0.0670926	0.0156698	0.0514229	0.314934
0	4.81217	0	-320.584	0	0	-0	-0	0	3.61911	3.58713	113.097	90.0459	0.254662	0.0559283	0.00319865	0.0527297	0.310591
0	4.46753	0	632.309	0	-0	-0	-0	0	3.84531	3.93832	113.097	176.716	0.25921	0.0434152	-0.00930133	0.0527165	0.302625
0	4.61855	0	292.332	0	-0	-0	-0	0	4.0715	4.31984	113.097	184.856	0.263757	0.0273243	-0.0248343	0.0521586	0.291082
0	5.0761	0	256.419	0	-0	-0	-0	0	4.2977	4.53269	113.097	30.4303	0.268305	0.0275667	-0.0234994	0.0510662	0.295872
0	6.29085	0	-464.236	0	0	-0	-0	0	4.52389	4.72319	113.097	110.636	0.272852	0.0301864	-0.0199296	0.0501161	0.303039
0	5.60693	0	179.805	0	-0	-0	-0	0	4.75008	5.01212	113.097	134.339	0.2774	0.022932	-0.026204	0.049136	0.300332
0	6.77047	0	141.497	0	-0	-0	-0	0	4.97628	5.32234	113.097	176.477	0.281947	0.0130881	-0.0346067	0.0476948	0.295035
0	5.97044	0	-464.236	0	0	-0	-0	0	5.20247	5.60543	113.097	30.1909	0.286495	0.00563892	-0.0402956	0.0459346	0.292134
0	4.31136	0	673.01	0	-0	-0	-0	0	5.42867	5.71504	113.097	119.973	0.288769	0.00477828	-0.0399474	0.0447257	0.293547
0	10.0758	0	-109.894	0	0	-0	-0	0	5.65486	6.01515	113.097	81.4268	0.29559	0.0052658	-0.0360293	0.0412951	0.300856
0	11.1513	0	-449.871	0	0	-0	-0	0	5.88106	6.1567	113.097	61.3155	0.297864	0.00134039	-0.0388739	0.0402143	0.299204
0	9.54265	0	62.4886	0	-0	-0	-0	0	6.10725	6.46213	113.097	133.62	0.302411	-0.0089883	-0.0467976	0.0378093	0.293423
0	9.23295	0	-974.201	0	0	-0	-0	0	6.33345	6.90219	113.097	179.828	0.309233	-0.0232299	-0.056874	0.0336441	0.286003
0	6.30609	0	-313.401	0	0	-0	-0	0	6.55964	7.0001	113.097	140.564	0.311506	-0.0234173	-0.0553551	0.0319378	0.288089
0	6.02559	0	977.074	0	-0	-0	-0	0	6.78584	7.305	113.097	97.2285	0.318328	-0.0247276	-0.0519159	0.0271884	0.2936
0	4.66336	0	-533.668	0	0	-0	-0	0	7.01203	7.57903	113.097	165.463	0.322875	-0.0323713	-0.0567002	0.024329	0.290504
0	9.38934	0	-356.497	0	0	-0	-0	0	7.23823	7.84403	113.097	72.5683	0.327423	-0.0392601	-0.0605799	0.0213198	0.288163
0	11.4491	0	761.596	0	-0	-0	-0	0	7.46442	7.96482	113.097	106.805	0.329697	-0.0418468	-0.0613492	0.0195024	0.28785
0	8.27308	0	811.874	0	-0	-0	-0	0	7.69062	8.25482	113.097	81.6662	0.336518	-0.042185	-0.05642	0.0142351	0.294333
0	13.3253	0	105.584	0	-0	-0	-0	0	7.91681	8.51342	113.097	118.298	0.341066	-0.0485254	-0.0596611	0.0111357	0.29254
0	15.0596	0	725.683	0	-0	-0	-0	0	8.25611	8.96678	113.097	127.635	0.347887	-0.0658034	-0.0710678	0.00526441	0.282083
0	18.2583	0	62.4886	0	-0	-0	-0	0	8.4823	9.13493	113.097	136.015	0.352434	-0.0639018	-0.0652631	0.00136125	0.288533
0	16.7351	0	-1038.84	0	0	-0	-0	0	8.7085	9.37225	113.097	69.4558	0.356982	-0.0684386	-0.0663758	-0.00206272	0.288543
0	18.3757	0	337.822	0	-0	-0	-0	0	8.93469	9.61596	113.097	70.1741	0.361529	-0.0739104	-0.0681271	-0.00578333	0.287619
0	16.3109	0	-986.172	0	0	-0	-0	0	9.16089	9.76974	113.097	105.369	0.366077	-0.0702617	-0.0608857	-0.00937595	0.295815
0	13.667	0	560.483	0	-0	-0	-0	0	9.38708	10.0374	113.097	85.7364	0.370625	-0.0779661	-0.0650313	-0.0129348	0.292659
0	13.7762	0	-610.282	0	0	-0	-0	0	9.61328	10.2662	113.097	98.4256	0.375172	-0.0817109	-0.0652926	-0.0164183	0.293461
0	13.2512	0	-667.743	0	0	-0	-0	0	9.83947	10.5184	113.097	142.958	0.37972	-0.0881601	-0.0678954	-0.0202647	0.29156
0	13.8343	0	-866.462	0	0	-0	-0	0	10.0657	10.7765	113.097	113.03	0.384267	-0.0951246	-0.0710833	-0.0240414	0.289143
0	20.0741	0	-59.6156	0	0	-0	-0	0	10.2919	11.0303	113.097	90.2854	0.388815	-0.101975	-0.0738456	-0.028129	0.28684
0	24.1677	0	-114.682	0	0	-0	-0	0	10.5181	11.1511	113.097	121.171	0.393362	-0.0954415	-0.0633049	-0.0321366	0.297921
0	29.5301	0	-1939.06	0	0	-0	-0	0	10.7443	11.3714	113.097	68.4981	0.39791	-0.098158	-0.062715	-0.0354431	0.299752
0	26.8336	0	110.373	0	-0	-0	-0	0	10.9704	11.4576	113.097	68.4981	0.400184	-0.0973498	-0.0600253	-0.0373245	0.302834
0	25.7891	0	-464.236	0	0	-0	-0	0	11.1966	11.8407	113.097	200.179	0.404731	-0.116827	-0.0757179	-0.0411088	0.287905
0	14.3328	0	-50.0388	0	0	-0	-0	0	11.4228	12.1355	113.097	20.3747	0.411553	-0.119232	-0.0712678	-0.0479646	0.29232
0	12.0795	0	-272.7	0	0	-0	-0	0	11.649	12.1515	113.097	7.20655	0.413826	-0.111657	-0.0615543	-0.0501026	0.302169
0	13.9666	0	-1752.32	0	0	-0	-0	0	11.8752	12.6517	113.097	196.827	0.420648	-0.132943	-0.0776437	-0.055299	0.287705
0	10.1085	0	-744.357	0	0	-0	-0	0	12.1014	12.7959	113.097	139.606	0.422921	-0.138382	-0.0807541	-0.0576283	0.284539
0	13.9378	0	-442.688	0	0	-0	-0	0	12.3276	13.1029	113.097	122.368	0.427469	-0.151435	-0.0888374	-0.0625972	0.276034
0	25.8615	0	-830.549	0	0	-0	-0	0	12.5538	13.1737	113.097	49.5839	0.43429	-0.131604	-0.0619853	-0.0696186	0.302686
0	27.067	0	-768.299	0	0	-0	-0	0	12.78	13.245	113.097	24.2054	0.436564	-0.129284	-0.0578058	-0.0714781	0.30728
0	30.016	0	-1582.33	0	0	-0	-0	0	13.0062	13.7829	113.097	187.969	0.443385	-0.154587	-0.0776733	-0.0769134	0.288799
0	27.3488	0	-303.824	0	0	-0	-0	0	13.2324	13.9287	113.097	54.8512	0.447933	-0.151155	-0.0696336	-0.0815219	0.296777
0	31.7091	0	-550.427	0	0	-0	-0	0	13.4586	14.0453	113.097	43.1196	0.45248	-0.143923	-0.0586674	-0.085256	0.308557
0	35.0628	0	-430.717	0	0	-0	-0	0	13.6848	14.1692	113.097	73.7654	0.457028	-0.135462	-0.048446	-0.087016	0.321566
0	37.8696	0	-1812.17	0	0	-0	-0	0	13.911	14.6146	113.097	129.071	0.461576	-0.162246	-0.0703645	-0.091882	0.299329
0	40.3718	0	-208.056	0	0	-0	-0	0	14.1372	14.8131	113.097	85.0181	0.466123	-0.163318	-0.0675926	-0.0957254	0.302805
0	33.8127	0	-275.094	0	0	-0	-0	0	14.3634	14.9179	113.097	119.973	0.468397	-0.164519	-0.0667655	-0.0977532	0.303878
0	31.2592	0	88.8249	0	-0	-0	-0	0	14.5896	15.1542	113.097	86.9335	0.475218	-0.159878	-0.0564619	-0.103416	0.31534
0	33.9873	0	-212.845	0	0	-0	-0	0	14.8158	15.3473	113.097	121.889	0.479766	-0.159587	-0.0531583	-0.106429	0.320179
0	37.1008	0	-674.925	0	0	-0	-0	0	15.042	15.5783	113.097	130.269	0.484313	-0.162684	-0.0536324	-0.109051	0.321629
0	38.2705	0	-1151.37	0	0	-0	-0	0	15.2682	15.8576	113.097	80.7085	0.488861	-0.171017	-0.0589487	-0.112068	0.317844
0	35.9709	0	268.39	0	-0	-0	-0	0	15.4943	16.0439	113.097	57.4848	0.493408	-0.170259	-0.0549531	-0.115306	0.323149
0	36.4038	0	-346.92	0	0	-0	-0	0	15.7205	16.2126	113.097	108.481	0.495682	-0.177466	-0.0605116	-0.116955	0.318216
0	30.0964	0	-1062.79	0	0	-0	-0	0	15.9467	16.5004	113.097	90.0459	0.50023	-0.187436	-0.0666791	-0.120757	0.312793
0	42.3524	0	-138.624	0	0	-0	-0	0	16.1729	16.601	113.097	79.5114	0.504777	-0.178773	-0.0541164	-0.124656	0.326004
0	50.3478	0	-526.485	0	0	-0	-0	0	16.3991	16.7245	113.097	47.908	0.511599	-0.160414	-0.0325323	-0.127882	0.351185
0	52.1452	0	-521.697	0	0	-0	-0	0	16.6253	17.0065	113.097	132.184	0.516146	-0.168604	-0.0381149	-0.130489	0.347543
0	45.1997	0	-1924.7	0	0	-0	-0	0	16.8515	17.4529	113.097	220.29	0.520694	-0.192909	-0.0601395	-0.132769	0.327785
0	38.9112	0	-1117.85	0	0	-0	-0	0	17.0777	17.5913	113.097	170.252	0.522968	-0.197238	-0.0626646	-0.134573	0.32573
0	41.9971	0	-234.392	0	0	-0	-0	0	17.3006	17.6791	108.07	29.2332	0.525489	-0.187127	-0.0488459	-0.138281	0.338362
0	54.0522	0	-105.105	0	0	-0	-0	0	17.5092	18.0398	100.53	173.843	0.517707	-0.204627	-0.0633091	-0.141318	0.31308
0	60.7366	0	-2111.45	0	0	-0	-0	0	17.7027	18.3469	92.9905	147.986	0.505467	-0.209722	-0.0644184	-0.145304	0.295744
0	58.7949	0	577.242	0	-0	-0	-0	0	17.8811	18.5347	85.4507	107.524	0.496928	-0.216228	-0.0653578	-0.15087	0.2807
0	58.7646	0	-3756.26	0	0	-0	-0	0	18.0445	18.7098	77.9109	101.299	0.488085	-0.221077	-0.0665283	-0.154549	0.267008
0	64.4829	0	-2068.35	0	0	-0	-0	0	18.1928	18.6842	70.371	83.3422	0.48355	-0.212916	-0.0563713	-0.156544	0.270634
0	72.1763	0	-861.673	0	0	-0	-0	0	18.326	18.5656	62.8312	-44.0294	0.469491	-0.184538	-0.0239595	-0.160578	0.284953
0	60.0537	0	-1706.83	0	0	-0	-0	0	18.4441	18.8444	55.2913	137.691	0.459739	-0.202183	-0.0400297	-0.162153	0.257556
0	67.5318	0	184.593	0	-0	-0	-0	0	18.5471	18.912	47.7515	27.5573	0.449683	-0.201168	-0.0364834	-0.164685	0.248515
0	65.9195	0	-737.175	0	0	-0	-0	0	18.6351	18.8055	40.2117	-74.1963	0.439325	-0.182824	-0.0170448	-0.16578	0.256501
0	72.6403	0	-890.404	0	0	-0	-0	0	18.708	18.8593	32.6718	10.0796	0.428664	-0.18282	-0.015131	-0.167689	0.245844
0	75.7511	0	742.442	0	-0	-0	-0	0	18.7658	18.8109	25.132	-2.37026	0.423219	-0.175353	-0.00720997	-0.168143	0.247867
0	64.8378	0	-1939.06	0	0	-0	-0	0	18.8085	18.8747	17.5921	66.5828	0.406431	-0.175162	-0.00662098	-0.168541	0.23127
0	70.4483	0	-1977.37	0	0	-0	-0	0	18.8362	18.854	10.0523	1.93931	0.400683	-0.171714	-0.00297508	-0.168739	0.228969
0	90.761	0	-1924.7	0	0	-0	-0	0	18.8487	18.7891	2.51247	13.9103	0.382986	-0.16224	0.00596676	-0.168206	0.220746
0	98.0955	0	-1369.24	0	0	-0	-0	0	18.8496	18.7124	0	-28.2276	0.378962	-0.154141	0.0137131	-0.167854	0.224821
0	95.167	0	-416.352	0	0	-0	-0	0	18.8496	18.482	0	-130.221	0.378962	-0.130011	0.0367535	-0.166764	0.248951
0	87.4053	0	-1283.05	0	0	-0	-0	0	18.8496	18.4932	0	65.6251	0.378962	-0.128912	0.0356361	-0.164548	0.25005
0	86.4444	0	-787.453	0	0	-0	-0	0	18.8496	18.5124	0	7.92481	0.378962	-0.129759	0.0337204	-0.163479	0.249203
0	99.9266	0	-2472.97	0	0	-0	-0	0	18.8496	18.2197	0	-142.91	0.378962	-0.0967488	0.0629866	-0.159735	0.282213
0	102.396	0	-351.708	0	0	-0	-0	0	18.8496	18.1936	0	32.8245	0.378962	-0.0922517	0.0655941	-0.157846	0.28671
0	90.1272	0	-976.595	0	0	-0	-0	0	18.8496	18.3277	0	-15.7778	0.378962	-0.100323	0.0521847	-0.152507	0.278639
0	89.175	0	-1915.12	0	0	-0	-0	0	18.8496	18.4421	0	12.4738	0.378962	-0.110198	0.0407444	-0.150942	0.268764
0	105.475	0	-809.001	0	0	-0	-0	0	18.8496	18.3756	0	23.966	0.378962	-0.100127	0.0473957	-0.147522	0.278835
0	97.7528	0	-2465.79	0	0	-0	-0	0	18.8496	18.382	0	-24.3969	0.378962	-0.09769	0.0467571	-0.144447	0.281272
0	99.8517	0	-641.407	0	0	-0	-0	0	18.8496	18.3852	0	-4.28562	0.378962	-0.0952837	0.0464378	-0.141722	0.283678
0	103.099	0	60.0945	0	-0	-0	-0	0	18.8496	18.4256	0	28.5149	0.378962	-0.0965749	0.0423939	-0.138969	0.282387
0	111.235	0	-1328.54	0	0	-0	-0	0	18.8496	18.5512	0	-20.8056	0.378962	-0.107861	0.0298359	-0.137697	0.262418
0	107.802	0	-152.99	0	0	-0	-0	0	18.8496	18.7151	0	126.438	0.378962	-0.122277	0.0134468	-0.135724	0.256685
0	105.508	0	-3320.52	0	0	-0	-0	0	18.8496	18.6353	0	-118.968	0.378962	-0.113276	0.0214287	-0.134705	0.265686
0	116.986	0	-993.354	0	0	-0	-0	0	18.8496	18.5092	0	-7.87692	0.378962	-0.0991461	0.0340397	-0.133186	0.279816
0	119.077	0	-1012.51	0	0	-0	-0	0	18.8496	18.4198	0	-102.208	0.378962	-0.0881562	0.0429792	-0.131135	0.290806
0	102.517	0	-708.444	0	0	-0	-0	0	18.8496	18.6002	0	139.366	0.378962	-0.10369	0.0249405	-0.12863	0.275272
0	107.288	0	-940.682	0	0	-0	-0	0	18.8496	18.8582	0	211.432	0.378962	-0.128472	-0.000867081	-0.127605	0.25049
0	114.97	0	-1304.6	0	0	-0	-0	0	18.8496	18.8375	0	-38.5227	0.378962	-0.126422	0.0012085	-0.127631	0.250713
0	116.747	0	-3109.83	0	0	-0	-0	0	18.8496	18.789	0	35.6975	0.378962	-0.121563	0.00605068	-0.127614	0.257398
0	119.1	0	-234.392	0	0	-0	-0	0	18.8496	18.722	0	113.509	0.378962	-0.114242	0.0127552	-0.126997	0.26472
0	114.462	0	-1546.41	0	0	-0	-0	0	18.8496	18.7295	0	21.5718	0.378962	-0.11401	0.0120102	-0.12602	0.264952
0	124.887	0	-1266.29	0	0	-0	-0	0	18.8496	18.6922	0	-9.79228	0.378962	-0.109925	0.0157349	-0.12566	0.269037
0	136.467	0	-1053.21	0	0	-0	-0	0	18.8496	18.6975	0	-42.114	0.378962	-0.109634	0.0152029	-0.124837	0.269252
0	133.206	0	-1127.43	0	0	-0	-0	0	18.8496	18.689	0	36.6552	0.378962	-0.107886	0.0160543	-0.123941	0.271075
0	130.903	0	-1613.45	0	0	-0	-0	0	18.8496	18.673	0	-45.4659	0.378962	-0.10503	0.0176506	-0.122681	0.273931
0	127.796	0	-1843.3	0	0	-0	-0	0	18.8496	18.7412	0	64.6674	0.378962	-0.110963	0.0108397	-0.121802	0.267999
0	127.419	0	-1761.89	0	0	-0	-0	0	18.8496	18.6864	0	-24.8758	0.378962	-0.105157	0.0163204	-0.121477	0.27504
0	122.089	0	-969.412	0	0	-0	-0	0	18.8496	18.8252	0	-2.60968	0.378962	-0.117605	0.00243225	-0.120037	0.261357
0	129.53	0	-18.9142	0	0	-0	-0	0	18.8496	18.929	0	57.9636	0.378962	-0.127908	-0.00794392	-0.119964	0.251054
0	138.888	0	-2599.86	0	0	-0	-0	0	18.8496	18.9359	0	-99.5749	0.378962	-0.129944	-0.00863571	-0.121308	0.249018
0	139.935	0	-2046.8	0	0	-0	-0	0	18.8496	18.8641	0	-92.1528	0.378962	-0.123019	-0.00145226	-0.121567	0.255942
0	134.772	0	-1268.69	0	0	-0	-0	0	18.8496	18.8199	0	68.0193	0.378962	-0.118574	0.0029644	-0.121538	0.260388
0	143.363	0	-1946.25	0	0	-0	-0	0	18.8496	18.7699	0	-51.9302	0.378962	-0.113143	0.00796623	-0.12111	0.265818
0	140.003	0	-1125.04	0	0	-0	-0	0	18.8496	18.8433	0	38.81	0.378962	-0.120192	0.00062294	-0.120815	0.258769
0	133.895	0	-830.549	0	0	-0	-0	0	18.8496	18.7444	0	-116.574	0.378962	-0.110243	0.0105204	-0.120763	0.268719
0	137.72	0	-2891.96	0	0	-0	-0	0	18.8496	18.7215	0	49.3445	0.378962	-0.107365	0.0128084	-0.120174	0.271596
0	157.375	0	-507.331	0	0	-0	-0	0	18.8496	18.6172	0	58.9213	0.378962	-0.0958403	0.0232376	-0.119078	0.283121
0	154.214	0	-2760.28	0	0	-0	-0	0	18.8496	18.5656	0	-74.4357	0.378962	-0.0890769	0.0283993	-0.117476	0.289885
0	154.214	0	-2760.28	0	0	-0	-0	0	18.8496	18.5656	0	-74.4357	0.378962	-0.0890769	0.0283993	-0.117476	0.289885
0	156.587	0	-974.201	0	0	-0	-0	0	18.8496	18.7055	0	79.272	0.378962	-0.101554	0.0144049	-0.115959	0.277408
0	159.05	0	-2022.86	0	0	-0	-0	0	18.8496	18.7326	0	-41.3958	0.378962	-0.103048	0.0116909	-0.114739	0.275913
0	152.81	0	-873.644	0	0	-0	-0	0	18.8496	18.6906	0	55.8088	0.378962	-0.097993	0.0158947	-0.113888	0.280969
0	144.25	0	-1067.57	0	0	-0	-0	0	18.8496	18.7491	0	-77.5482	0.378962	-0.103113	0.0100414	-0.113154	0.275849
0	155.527	0	175.016	0	-0	-0	-0	0	18.8496	18.7002	0	35.6975	0.378962	-0.0975112	0.0149368	-0.112448	0.281451
0	161.995	0	-2877.59	0	0	-0	-0	0	18.8496	18.7949	0	58.4425	0.378962	-0.1062	0.00546532	-0.111665	0.272762
0	157.589	0	-1199.26	0	0	-0	-0	0	18.8496	18.7332	0	-0.694318	0.378962	-0.0995609	0.0116375	-0.111198	0.279401
0	154.27	0	-1548.81	0	0	-0	-0	0	18.8496	18.6629	0	-19.8479	0.378962	-0.0916756	0.0186617	-0.110337	0.287286
0	160.877	0	-1512.9	0	0	-0	-0	0	18.8496	18.6214	0	-51.212	0.378962	-0.0864901	0.0228121	-0.109302	0.292472
0	164.673	0	-30.8852	0	0	-0	-0	0	18.8496	18.6236	0	47.6686	0.378962	-0.085355	0.0225992	-0.107954	0.293607
0	153.672	0	-2973.36	0	0	-0	-0	0	18.8496	18.8465	0	74.2442	0.378962	-0.106673	0.000303841	-0.106977	0.272289
0	165.201	0	-308.613	0	0	-0	-0	0	18.8496	18.8348	0	97.468	0.378962	-0.105359	0.00147438	-0.106834	0.273602
0	162.999	0	-3016.45	0	0	-0	-0	0	18.8496	18.7491	0	-77.5482	0.378962	-0.096565	0.0100414	-0.106606	0.282397
0	158.979	0	-938.288	0	0	-0	-0	0	18.8496	18.7433	0	-33.4949	0.378962	-0.0954315	0.0106268	-0.106058	0.28353
0	170.758	0	-674.925	0	0	-0	-0	0	18.8496	18.7614	0	27.3178	0.378962	-0.0967211	0.00881767	-0.105539	0.282241
0	177.431	0	-1951.04	0	0	-0	-0	0	18.8496	18.8827	0	76.8778	0.378962	-0.10843	-0.00331459	-0.105115	0.270532
0	174.231	0	-603.099	0	0	-0	-0	0	18.8496	18.8886	0	88.6094	0.378962	-0.109168	-0.00389996	-0.105268	0.269794
0	166.13	0	-2267.07	0	0	-0	-0	0	18.8496	18.8268	0	-125.193	0.378962	-0.103012	0.00227261	-0.105285	0.27595
0	177.148	0	-1809.78	0	0	-0	-0	0	18.8496	18.6949	0	-37.3256	0.378962	-0.0896074	0.015469	-0.105076	0.289354
0	181.537	0	-1491.35	0	0	-0	-0	0	18.8496	18.5629	0	-34.2131	0.378962	-0.0753506	0.0286652	-0.104016	0.303611
0	179.677	0	-1244.75	0	0	-0	-0	0	18.8496	18.8204	0	122.607	0.378962	-0.0996897	0.002911	-0.102601	0.279272
0	182.763	0	-1038.84	0	0	-0	-0	0	18.8496	18.8779	0	127.874	0.378962	-0.105259	-0.00283585	-0.102423	0.273703
0	173.968	0	-3361.22	0	0	-0	-0	0	18.8496	18.7752	0	-139.319	0.378962	-0.0950344	0.00743408	-0.102468	0.283927
0	170.435	0	-629.436	0	0	-0	-0	0	18.8496	18.6981	0	-13.623	0.378962	-0.0867434	0.0151497	-0.101893	0.292218
0	170.293	0	-2741.12	0	0	-0	-0	0	18.8496	18.5906	0	-35.1708	0.378962	-0.0751225	0.0258984	-0.101021	0.303839
0	188.817	0	-45.2504	0	0	-0	-0	0	18.8496	18.6757	0	68.2587	0.378962	-0.0820681	0.0173845	-0.0994526	0.296894
0	188.291	0	-1754.71	0	0	-0	-0	0	18.8496	18.8375	0	109.439	0.378962	-0.0973479	0.0012085	-0.0985564	0.281614
0	183.788	0	-2623.81	0	0	-0	-0	0	18.8496	18.8747	0	-42.114	0.378962	-0.101023	-0.00251637	-0.0985062	0.277939
0	187.649	0	-1230.38	0	0	-0	-0	0	18.8496	18.8662	0	51.2599	0.378962	-0.100247	-0.00166512	-0.0985817	0.278715
0	196.187	0	-3397.13	0	0	-0	-0	0	18.8496	18.6087	0	-38.5227	0.378962	-0.0742913	0.0240891	-0.0983804	0.30467
0	194.619	0	-172.143	0	0	-0	-0	0	18.8496	18.6214	0	31.1486	0.378962	-0.073944	0.0228123	-0.0967562	0.305018
0	203.117	0	-2235.95	0	0	-0	-0	0	18.8496	18.7843	0	150.38	0.378962	-0.0890064	0.00652962	-0.095536	0.289955
0	195.92	0	-1376.43	0	0	-0	-0	0	18.8496	18.7369	0	-8.8346	0.378962	-0.0838678	0.0112652	-0.095133	0.295094
0	193.2	0	-222.421	0	0	-0	-0	0	18.8496	18.8534	0	72.5683	0.378962	-0.0949552	-0.000387955	-0.0945673	0.284007
0	200.149	0	-2647.75	0	0	-0	-0	0	18.8496	18.7832	0	-29.6642	0.378962	-0.0879914	0.00663586	-0.0946272	0.29097
0	205.586	0	-401.986	0	0	-0	-0	0	18.8496	18.9189	0	40.2465	0.378962	-0.101333	-0.00693283	-0.0943999	0.277629
0	197.143	0	-3124.19	0	0	-0	-0	0	18.8496	18.9327	0	83.1027	0.378962	-0.103088	-0.00831642	-0.0947712	0.275874
0	194.816	0	-2178.48	0	0	-0	-0	0	18.8496	18.9104	0	-56.4792	0.378962	-0.101159	-0.00608177	-0.095077	0.277803
0	208.467	0	-818.578	0	0	-0	-0	0	18.8496	18.8412	0	20.6141	0.378962	-0.0944944	0.0008358	-0.0953302	0.284467
0	207.57	0	-3950.19	0	0	-0	-0	0	18.8496	18.8529	0	44.5561	0.378962	-0.0956398	-0.00033474	-0.0953051	0.28576
0	208.729	0	-394.804	0	0	-0	-0	0	18.8496	18.9157	0	72.5683	0.378962	-0.102078	-0.00661373	-0.0954645	0.276883
0	207.635	0	-1187.28	0	0	-0	-0	0	18.8496	18.9301	0	10.5584	0.378962	-0.103713	-0.00805016	-0.0956629	0.275249
0	205.958	0	-2353.26	0	0	-0	-0	0	18.8496	18.854	0	-62.4647	0.378962	-0.0966612	-0.00044136	-0.0962198	0.282301
0	207.308	0	-919.134	0	0	-0	-0	0	18.8496	18.7672	0	-25.8334	0.378962	-0.0878977	0.00823212	-0.0961298	0.291064
0	217.454	0	-1654.15	0	0	-0	-0	0	18.8496	18.7023	0	-40.9169	0.378962	-0.0807666	0.014724	-0.0954906	0.298195
0	208.99	0	-974.201	0	0	-0	-0	0	18.8496	18.7651	0	114.706	0.378962	-0.0864621	0.00844517	-0.0949073	0.2925
0	207.246	0	-2918.29	0	0	-0	-0	0	18.8496	18.8162	0	3.61525	0.378962	-0.0909872	0.00333672	-0.0943239	0.287975
0	202.168	0	-1637.39	0	0	-0	-0	0	18.8496	18.904	0	38.3312	0.378962	-0.0996691	-0.00544319	-0.0942259	0.279293
0	205.853	0	-1606.27	0	0	-0	-0	0	18.8496	18.871	0	-37.565	0.378962	-0.0965159	-0.00214386	-0.0943721	0.282446
0	196.03	0	-2027.65	0	0	-0	-0	0	18.8496	18.9162	0	60.5972	0.378962	-0.101373	-0.00666676	-0.0947066	0.277588
0	211.405	0	-1426.7	0	0	-0	-0	0	18.8496	18.7555	0	-33.016	0.378962	-0.0856543	0.00940285	-0.0950572	0.293307
0	212.273	0	-3042.79	0	0	-0	-0	0	18.8496	18.6039	0	-79.703	0.378962	-0.0696407	0.0245682	-0.0942088	0.309321
0	212.734	0	-2082.72	0	0	-0	-0	0	18.8496	18.6374	0	18.2199	0.378962	-0.0714232	0.0212158	-0.092639	0.307539
0	221.071	0	-1393.19	0	0	-0	-0	0	18.8496	18.7311	0	40.2465	0.378962	-0.0795426	0.0118505	-0.0913932	0.299419
0	221.354	0	-1148.98	0	0	-0	-0	0	18.8496	18.8087	0	40.2465	0.378962	-0.0869197	0.00408173	-0.0910014	0.292042
0	217.923	0	-1757.1	0	0	-0	-0	0	18.8496	18.7944	0	-20.5662	0.378962	-0.0853604	0.00551853	-0.0908789	0.293601
0	220.98	0	-2132.99	0	0	-0	-0	0	18.8496	18.6528	0	30.9091	0.378962	-0.0699275	0.0196726	-0.0896001	0.309034
0	219.679	0	-1342.91	0	0	-0	-0	0	18.8496	18.6379	0	-27.9882	0.378962	-0.0678475	0.0211624	-0.0890099	0.310525
0	212.022	0	-1512.9	0	0	-0	-0	0	18.8496	18.7433	0	8.64307	0.378962	-0.0764497	0.0106268	-0.0870765	0.302512
0	224.129	0	-1309.39	0	0	-0	-0	0	18.8496	18.8763	0	42.4013	0.378962	-0.0894326	-0.00267601	-0.0867566	0.289529
0	223.981	0	-2367.63	0	0	-0	-0	0	18.8496	18.838	0	43.8378	0.378962	-0.0858993	0.00115509	-0.0870544	0.293062
0	217.276	0	-732.386	0	0	-0	-0	0	18.8496	18.9051	0	47.908	0.378962	-0.0925234	-0.00554943	-0.086974	0.286438
0	206.896	0	-1639.79	0	0	-0	-0	0	18.8496	18.888	0	-8.83461	0.378962	-0.0909872	-0.00384674	-0.0871404	0.292967
0	222.734	0	-1309.39	0	0	-0	-0	0	18.8496	18.8018	0	24.6842	0.378962	-0.0821033	0.00477352	-0.0868768	0.296858
0	213.774	0	-1867.24	0	0	-0	-0	0	18.8496	18.7853	0	-28.7065	0.378962	-0.0801625	0.00642319	-0.0865856	0.298799
0	222.067	0	-1893.57	0	0	-0	-0	0	18.8496	18.7726	0	31.388	0.378962	-0.0785099	0.00769997	-0.0862098	0.300452
0	232.525	0	-962.23	0	0	-0	-0	0	18.8496	18.9194	0	71.3712	0.378962	-0.0931172	-0.00698624	-0.0861309	0.285845
0	211.954	0	-3327.7	0	0	-0	-0	0	18.8496	18.7773	0	-44.987	0.378962	-0.0790304	0.00722122	-0.0862516	0.299931
0	220.687	0	-945.47	0	0	-0	-0	0	18.8496	18.796	0	67.7799	0.378962	-0.0806761	0.00535889	-0.086035	0.298286
0	233.354	0	-2068.35	0	0	-0	-0	0	18.8496	18.7497	0	-82.3366	0.378962	-0.0761134	0.0099884	-0.0861018	0.302848
0	234.691	0	-1426.7	0	0	-0	-0	0	18.8496	18.7135	0	15.8257	0.378962	-0.0717729	0.0136066	-0.0853796	0.307189
0	230.19	0	-2006.1	0	0	-0	-0	0	18.8496	18.7348	0	-14.8201	0.378962	-0.0733422	0.011478	-0.0848202	0.30562
0	229.606	0	-1388.4	0	0	-0	-0	0	18.8496	18.971	0	185.814	0.378962	-0.0964004	-0.0121475	-0.0842528	0.282561
0	212.625	0	-2575.92	0	0	-0	-0	0	18.8496	18.987	0	-27.7488	0.378962	-0.0988869	-0.013744	-0.0851429	0.280075
0	215.657	0	-1072.36	0	0	-0	-0	0	18.8496	18.7922	0	-52.6485	0.378962	-0.0800113	0.0057312	-0.0857425	0.29895
0	225.39	0	-1160.95	0	0	-0	-0	0	18.8496	18.7619	0	-40.9169	0.378962	-0.0766886	0.00876427	-0.0854529	0.302273
0	227.251	0	-3140.95	0	0	-0	-0	0	18.8496	18.7385	0	4.33351	0.378962	-0.0738165	0.0111057	-0.0849222	0.305145
0	222.336	0	-847.308	0	0	-0	-0	0	18.8496	18.8428	0	111.115	0.378962	-0.083728	0.000676346	-0.0844044	0.295234
0	222.348	0	-2099.48	0	0	-0	-0	0	18.8496	18.8949	0	-11.7076	0.378962	-0.0889819	-0.00453835	-0.0844436	0.28998
0	216.259	0	-854.491	0	0	-0	-0	0	18.8496	18.7997	0	3.61525	0.378962	-0.0794246	0.00498638	-0.084411	0.299537
0	229.005	0	-1259.11	0	0	-0	-0	0	18.8496	18.7891	0	-47.8601	0.378962	-0.0781268	0.00605049	-0.0841773	0.300835
0	237.231	0	-1730.77	0	0	-0	-0	0	18.8496	18.8359	0	61.0761	0.378962	-0.082574	0.00136795	-0.083942	0.296388
0	222.156	0	-2228.76	0	0	-0	-0	0	18.8496	18.6938	0	29.9515	0.378962	-0.068219	0.0155754	-0.0837944	0.310743
0	225.123	0	-3035.61	0	0	-0	-0	0	18.8496	18.5022	0	-112.025	0.378962	-0.0476958	0.0347315	-0.0824273	0.331266
0	232.411	0	-569.581	0	0	-0	-0	0	18.8496	18.4464	0	-10.5105	0.378962	-0.0398158	0.0403185	-0.0801343	0.339146
0	221.114	0	-931.105	0	0	-0	-0	0	18.8496	18.6401	0	-9.31344	0.378962	-0.0569169	0.0209499	-0.0778668	0.322045
0	215.967	0	-3229.54	0	0	-0	-0	0	18.8496	18.8125	0	128.114	0.378962	-0.0735289	0.00370941	-0.0772383	0.305433
0	229.794	0	-1242.35	0	0	-0	-0	0	18.8496	18.996	0	44.3167	0.378962	-0.0924488	-0.0146488	-0.0778	0.286513
0	223.674	0	-3339.67	0	0	-0	-0	0	18.8496	18.9242	0	36.1764	0.378962	-0.0859524	-0.00746498	-0.0784874	0.293009
0	226.826	0	-1163.34	0	0	-0	-0	0	18.8496	18.8114	0	-49.2966	0.378962	-0.0748642	0.00381565	-0.0786799	0.304097
0	227.388	0	-899.98	0	0	-0	-0	0	18.8496	18.7566	0	-84.7308	0.378962	-0.0689646	0.00929642	-0.078261	0.309997
0	216.679	0	-916.74	0	0	-0	-0	0	18.8496	18.9077	0	104.172	0.378962	-0.0838172	-0.00581551	-0.0780017	0.295144
0	219.552	0	-421.14	0	0	-0	-0	0	18.8496	18.9391	0	-53.1273	0.378962	-0.087502	-0.008955	-0.078547	0.29146
0	220.299	0	-2772.25	0	0	-0	-0	0	18.8496	18.8348	0	162.351	0.378962	-0.077554	0.00147438	-0.0790284	0.301408
0	213.483	0	-2769.85	0	0	-0	-0	0	18.8496	18.7013	0	-167.331	0.378962	-0.0636402	0.0148304	-0.0784706	0.315322
0	217.021	0	-1225.59	0	0	-0	-0	0	18.8496	18.688	0	32.5851	0.378962	-0.0618651	0.0161606	-0.0780257	0.317097
0	219.112	0	-4.54898	0	0	-0	-0	0	18.8496	18.8348	0	23.966	0.378962	-0.0756189	0.00147438	-0.0770932	0.303343
0	201.112	0	-370.862	0	0	-0	-0	0	18.8496	18.9758	0	83.5816	0.378962	-0.0899395	-0.0126266	-0.0773129	0.289022
0	202.923	0	-2791.4	0	0	-0	-0	0	18.8496	19.0312	0	50.3022	0.378962	-0.0958523	-0.0181606	-0.0776917	0.28464
0	212.39	0	-1256.72	0	0	-0	-0	0	18.8496	18.8353	0	-104.124	0.378962	-0.0774642	0.00142136	-0.0788855	0.301498
0	202.304	0	-2393.96	0	0	-0	-0	0	18.8496	18.5906	0	-87.6038	0.378962	-0.0524038	0.0258984	-0.0783022	0.326558
0	209.455	0	-358.891	0	0	-0	-0	0	18.8496	18.5576	0	-77.0694	0.378962	-0.0474648	0.0291973	-0.0766621	0.331497
0	209.899	0	-2683.66	0	0	-0	-0	0	18.8496	18.6299	0	91.243	0.378962	-0.053232	0.0219608	-0.0751928	0.32573
0	213.189	0	-825.76	0	0	-0	-0	0	18.8496	18.7726	0	38.0918	0.378962	-0.066341	0.00770016	-0.0740412	0.312621
0	220.122	0	-2427.48	0	0	-0	-0	0	18.8496	18.9944	0	117.34	0.378962	-0.0883635	-0.014489	-0.0738745	0.290598
0	218.789	0	-4261.44	0	0	-0	-0	0	18.8496	18.9199	0	-35.8891	0.378962	-0.081716	-0.00703926	-0.0746768	0.297246
0	213.233	0	-1754.71	0	0	-0	-0	0	18.8496	18.6821	0	-107.476	0.378962	-0.0580178	0.0167461	-0.0747639	0.320944
0	212.922	0	-1280.66	0	0	-0	-0	0	18.8496	18.5475	0	12.2344	0.378962	-0.0433384	0.0302084	-0.0735468	0.335623
0	225.494	0	-1206.44	0	0	-0	-0	0	18.8496	18.7917	0	17.2622	0.378962	-0.0663073	0.00578461	-0.0720919	0.312654
0	211.193	0	-2343.68	0	0	-0	-0	0	18.8496	18.9423	0	253.091	0.378962	-0.0813176	-0.00927429	-0.0720433	0.297644
0	218.801	0	-1177.71	0	0	-0	-0	0	18.8496	18.9029	0	-114.898	0.378962	-0.0777961	-0.00533676	-0.0724593	0.301166
0	228.278	0	-3418.68	0	0	-0	-0	0	18.8496	18.4522	0	-163.261	0.378962	-0.0324729	0.0397335	-0.0722064	0.346489
0	221.983	0	-78.7692	0	0	-0	-0	0	18.8496	18.4442	0	-17.4537	0.378962	-0.0291297	0.0405315	-0.0696612	0.349832
0	227.428	0	-758.723	0	0	-0	-0	0	18.8496	18.6645	0	84.5393	0.378962	-0.0491982	0.018502	-0.0677002	0.329764
0	228.153	0	-2135.39	0	0	-0	-0	0	18.8496	18.7731	0	166.66	0.378962	-0.0590837	0.00764694	-0.0667306	0.319878
0	217.35	0	-2705.21	0	0	-0	-0	0	18.8496	18.9934	0	-11.4682	0.378962	-0.0808986	-0.0143826	-0.066516	0.298063
0	231.274	0	-2551.98	0	0	-0	-0	0	18.8496	18.896	0	43.1196	0.378962	-0.0718675	-0.00464497	-0.0672225	0.307094
0	225.908	0	-1005.33	0	0	-0	-0	0	18.8496	18.8763	0	-47.3812	0.378962	-0.0702251	-0.00267601	-0.0675491	0.308737
0	222.255	0	-849.702	0	0	-0	-0	0	18.8496	18.8497	0	68.7375	0.378962	-0.0678305	-1.54495e-05	-0.067815	0.311131
0	229.139	0	-3445.02	0	0	-0	-0	0	18.8496	19.0663	0	76.399	0.378962	-0.0897199	-0.0216724	-0.0680474	0.289242
0	230.397	0	-2793.79	0	0	-0	-0	0	18.8496	19.094	0	-2.13085	0.378962	-0.0940444	-0.0244396	-0.0696048	0.284917
0	221.248	0	-1646.97	0	0	-0	-0	0	18.8496	18.8045	0	-100.054	0.378962	-0.0658597	0.00450745	-0.0703672	0.313102
0	216.142	0	-1467.41	0	0	-0	-0	0	18.8496	18.7353	0	-78.2665	0.378962	-0.0588069	0.011425	-0.0702319	0.320155
0	225.274	0	-466.63	0	0	-0	-0	0	18.8496	18.7209	0	-18.8903	0.378962	-0.0565911	0.0128616	-0.0694527	0.322371
0	225.418	0	-1943.85	0	0	-0	-0	0	18.8496	18.5874	0	-2.8491	0.378962	-0.0421361	0.0262177	-0.0683538	0.336826
0	228.212	0	-2935.05	0	0	-0	-0	0	18.8496	18.9114	0	208.32	0.378962	-0.0733311	-0.00618801	-0.0671431	0.305631
0	238.857	0	26.5757	0	-0	-0	-0	0	18.8496	18.9439	0	-149.135	0.378962	-0.0770774	-0.00943375	-0.0676437	0.301884
0	217.445	0	-4527.2	0	0	-0	-0	0	18.8496	18.7172	0	47.1897	0.378962	-0.0545366	0.0132341	-0.0677707	0.324425
0	226.174	0	-1728.37	0	0	-0	-0	0	18.8496	18.6938	0	-51.212	0.378962	-0.0514092	0.0155754	-0.0669846	0.327552
0	232.255	0	19.393	0	-0	-0	-0	0	18.8496	18.7757	0	68.0193	0.378962	-0.0588099	0.00738068	-0.0661906	0.320152
0	224.729	0	-2003.71	0	0	-0	-0	0	18.8496	19.1376	0	197.546	0.378962	-0.0949814	-0.0288027	-0.0661788	0.28398
0	226.63	0	-2279.04	0	0	-0	-0	0	18.8496	19.3265	0	-51.6908	0.378962	-0.115895	-0.0476929	-0.0682022	0.263067
0	226.769	0	-3267.85	0	0	-0	-0	0	18.8496	19.0695	0	15.1074	0.378962	-0.0927427	-0.0219917	-0.0707509	0.286219
0	213.631	0	-1534.44	0	0	-0	-0	0	18.8496	18.9215	0	-87.3644	0.378962	-0.0789966	-0.0071991	-0.0717975	0.299965
0	218.783	0	-830.549	0	0	-0	-0	0	18.8496	18.9428	0	24.2054	0.378962	-0.0816509	-0.00932732	-0.0723236	0.297311
0	225.036	0	-1611.06	0	0	-0	-0	0	18.8496	19.0157	0	13.1921	0.378962	-0.0896301	-0.0166176	-0.0730125	0.289332
0	224.212	0	-1232.77	0	0	-0	-0	0	18.8496	19.0572	0	69.2164	0.378962	-0.0947345	-0.020768	-0.0739665	0.284227
0	223.882	0	-3806.54	0	0	-0	-0	0	18.8496	19.1025	0	52.2175	0.378962	-0.100526	-0.0252909	-0.0752349	0.278436
0	225.053	0	-2444.24	0	0	-0	-0	0	18.8496	18.9418	0	-110.828	0.378962	-0.0858585	-0.00922108	-0.0766374	0.293103
0	209.798	0	-842.52	0	0	-0	-0	0	18.8496	18.8832	0	43.1196	0.378962	-0.0804326	-0.003368	-0.0770646	0.298529
0	208.033	0	-2360.44	0	0	-0	-0	0	18.8496	18.9513	0	-6.67982	0.378962	-0.0873444	-0.0101788	-0.0771656	0.291617
0	219.967	0	-1038.84	0	0	-0	-0	0	18.8496	19.0631	0	172.406	0.378962	-0.0993886	-0.0213531	-0.0780354	0.279573
0	205.654	0	-1924.7	0	0	-0	-0	0	18.8496	19.1589	0	-40.1987	0.378962	-0.110356	-0.0309313	-0.0794252	0.268605
0	218.084	0	-3840.06	0	0	-0	-0	0	18.8496	19.1051	0	68.4981	0.378962	-0.106713	-0.0255568	-0.0811565	0.272248
0	225.296	0	-1795.41	0	0	-0	-0	0	18.8496	19.0572	0	-62.2253	0.378962	-0.103594	-0.020768	-0.0828256	0.275368
0	217.327	0	-2152.15	0	0	-0	-0	0	18.8496	18.705	0	-143.868	0.378962	-0.0691906	0.0144581	-0.0836487	0.309771
0	221.85	0	-1424.31	0	0	-0	-0	0	18.8496	18.689	0	56.7665	0.378962	-0.066569	0.0160542	-0.0826232	0.312393
0	221.813	0	-938.288	0	0	-0	-0	0	18.8496	18.6911	0	-101.011	0.378962	-0.0657531	0.0158413	-0.0815944	0.313209
0	215.562	0	-2762.67	0	0	-0	-0	0	18.8496	18.8758	0	255.246	0.378962	-0.0832556	-0.0026228	-0.0806328	0.295706
0	227.106	0	-1967.79	0	0	-0	-0	0	18.8496	19.0679	0	-54.5639	0.378962	-0.103154	-0.0218321	-0.0813217	0.275808
0	234.924	0	-1565.57	0	0	-0	-0	0	18.8496	18.9529	0	-30.143	0.378962	-0.0930245	-0.0103386	-0.0826859	0.285937
0	224.289	0	-1840.9	0	0	-0	-0	0	18.8496	18.8859	0	-27.5094	0.378962	-0.0867837	-0.00363388	-0.0831498	0.292178
0	229.112	0	-1259.11	0	0	-0	-0	0	18.8496	18.7933	0	24.4448	0.378962	-0.0775387	0.00562477	-0.0831635	0.301423
0	229.879	0	-2449.03	0	0	-0	-0	0	18.8496	18.8439	0	69.2164	0.378962	-0.0821651	0.000569916	-0.082735	0.296797
0	221.32	0	-1742.74	0	0	-0	-0	0	18.8496	18.9136	0	3.37582	0.378962	-0.0893236	-0.00640087	-0.0829227	0.289638
0	229.694	0	-2250.31	0	0	-0	-0	0	18.8496	18.854	0	1.46046	0.378962	-0.0837735	-0.00044117	-0.0833323	0.295188
0	231.238	0	-2331.71	0	0	-0	-0	0	18.8496	18.8284	0	-91.4346	0.378962	-0.0812889	0.00211296	-0.0834019	0.297673
0	222.788	0	-959.835	0	0	-0	-0	0	18.8496	18.8337	0	139.606	0.378962	-0.0814788	0.00158081	-0.0830596	0.297483
0	220.305	0	-4110.6	0	0	-0	-0	0	18.8496	18.855	0	-71.5627	0.378962	-0.083506	-0.0005476	-0.0829584	0.295456
0	231.043	0	-1129.82	0	0	-0	-0	0	18.8496	18.655	0	-40.1986	0.378962	-0.0633014	0.0194599	-0.0827614	0.31566
0	234.517	0	-1491.35	0	0	-0	-0	0	18.8496	18.6039	0	7.9248	0.378962	-0.0568787	0.0245682	-0.0814469	0.322083
0	235.522	0	-672.531	0	0	-0	-0	0	18.8496	18.8135	0	71.1317	0.378962	-0.0767721	0.00360298	-0.0803751	0.30219
0	241.167	0	-1754.71	0	0	-0	-0	0	18.8496	19.0168	0	88.8488	0.378962	-0.0971683	-0.0167236	-0.0804447	0.281793
0	231.486	0	-763.511	0	0	-0	-0	0	18.8496	18.954	0	0.742203	0.378962	-0.0917973	-0.010445	-0.0813523	0.287164
0	234.968	0	-3090.68	0	0	-0	-0	0	18.8496	18.838	0	-20.8056	0.378962	-0.080535	0.00115509	-0.0816901	0.298427
0	236.132	0	-2597.47	0	0	-0	-0	0	18.8496	18.8103	0	-31.3401	0.378962	-0.0777641	0.00392208	-0.0816862	0.301198
0	231.431	0	-1572.75	0	0	-0	-0	0	18.8496	18.673	0	-19.3691	0.378962	-0.0635991	0.0176506	-0.0812497	0.315363
0	239.568	0	-1433.89	0	0	-0	-0	0	18.8496	18.9125	0	53.8935	0.378962	-0.0867789	-0.00629444	-0.0804844	0.292183
0	236.976	0	-686.896	0	0	-0	-0	0	18.8496	18.9295	0	30.4303	0.378962	-0.0889662	-0.00799713	-0.0809691	0.289996
0	229.526	0	-3212.78	0	0	-0	-0	0	18.8496	18.8332	0	-9.55287	0.378962	-0.0794924	0.00163403	-0.0811264	0.299469
0	233.716	0	-892.798	0	0	-0	-0	0	18.8496	18.7135	0	-22.2421	0.378962	-0.0672304	0.0136065	-0.0808368	0.311731
0	242.954	0	-2872.8	0	0	-0	-0	0	18.8496	18.7891	0	-28.2276	0.378962	-0.0741503	0.00605049	-0.0802008	0.304811
0	238.198	0	-3480.93	0	0	-0	-0	0	18.8496	18.7502	0	-6.20098	0.378962	-0.0700843	0.009935	-0.0800193	0.313911
0	242.168	0	-967.018	0	0	-0	-0	0	18.8496	18.8689	0	83.3422	0.378962	-0.0809494	-0.00193119	-0.0790182	0.298012
0	246.457	0	-2966.18	0	0	-0	-0	0	18.8496	18.8779	0	46.232	0.378962	-0.0820607	-0.00283566	-0.079225	0.296901
0	237.923	0	-1362.06	0	0	-0	-0	0	18.8496	18.8295	0	-3.56736	0.378962	-0.0772306	0.00200653	-0.0792372	0.301731
0	247.656	0	-2259.89	0	0	-0	-0	0	18.8496	18.9104	0	-4.28562	0.378962	-0.0854476	-0.00608177	-0.0793658	0.293514
0	241.726	0	-1187.28	0	0	-0	-0	0	18.8496	18.7497	0	-101.49	0.378962	-0.0697519	0.0099884	-0.0797403	0.30921
0	230.599	0	-1608.66	0	0	-0	-0	0	18.8496	18.5491	0	-14.3413	0.378962	-0.0486341	0.0300488	-0.0786828	0.330328
0	243.99	0	-1268.69	0	0	-0	-0	0	18.8496	18.6741	0	126.917	0.378962	-0.0592607	0.0175442	-0.0768049	0.319701
0	241.657	0	-1421.92	0	0	-0	-0	0	18.8496	18.8768	0	50.781	0.378962	-0.078847	-0.00272923	-0.0761178	0.300115
0	242.551	0	-3131.38	0	0	-0	-0	0	18.8496	18.9513	0	45.9926	0.378962	-0.0866103	-0.0101788	-0.0764316	0.292351
0	253.484	0	-2477.76	0	0	-0	-0	0	18.8496	18.9306	0	-19.3691	0.378962	-0.0852752	-0.00810356	-0.0771716	0.293687
0	254.062	0	-2963.78	0	0	-0	-0	0	18.8496	18.722	0	-103.884	0.378962	-0.0646595	0.0127552	-0.0774147	0.320538
0	237.455	0	-619.859	0	0	-0	-0	0	18.8496	18.7938	0	26.1207	0.378962	-0.0705322	0.00557175	-0.0761039	0.30843
0	259.628	0	-2748.3	0	0	-0	-0	0	18.8496	18.8534	0	105.848	0.378962	-0.0759804	-0.000387955	-0.0755925	0.302981
0	251.983	0	-1498.53	0	0	-0	-0	0	18.8496	18.929	0	-10.0317	0.378962	-0.0838167	-0.00794392	-0.0758727	0.295145
0	246.66	0	-1366.85	0	0	-0	-0	0	18.8496	18.788	0	-93.1105	0.378962	-0.0700983	0.00615692	-0.0762552	0.308863
0	256.849	0	-1347.7	0	0	-0	-0	0	18.8496	18.8428	0	54.8512	0.378962	-0.0751857	0.000676155	-0.0758618	0.303776
0	246.951	0	-2501.7	0	0	-0	-0	0	18.8496	18.8396	0	-14.5807	0.378962	-0.0749439	0.000995445	-0.0759394	0.304018
0	250.625	0	-2662.11	0	0	-0	-0	0	18.8496	18.7444	0	-1.89142	0.378962	-0.0651103	0.0105204	-0.0756306	0.313851
0	251.152	0	-1749.92	0	0	-0	-0	0	18.8496	18.6778	0	-15.5384	0.378962	-0.057735	0.0171719	-0.0749068	0.321227
0	244.375	0	-1261.5	0	0	-0	-0	0	18.8496	18.5868	0	0.263361	0.378962	-0.0475624	0.0262711	-0.0738334	0.331399
0	240.949	0	-354.102	0	0	-0	-0	0	18.8496	18.8039	0	120.213	0.378962	-0.0681163	0.00456066	-0.072677	0.310845
0	253.885	0	-3725.14	0	0	-0	-0	0	18.8494	18.8795	-1.23767	16.3045	0.376967	-0.0755777	-0.00301571	-0.072562	0.301389
0	252.585	0	-1884	0	0	-0	-0	0	18.8393	18.7577	-8.7774	-106.039	0.364639	-0.0643733	0.00816822	-0.0725415	0.300266
0	255.006	0	-2386.78	0	0	-0	-0	0	18.8142	18.5049	-16.3171	-55.2821	0.352008	-0.0407137	0.0309341	-0.0716478	0.311294
0	262.61	0	-145.807	0	0	-0	-0	0	18.7741	18.5374	-23.8568	29.9515	0.339074	-0.0462493	0.023671	-0.0699203	0.292824
0	249.398	0	-236.787	0	0	-0	-0	0	18.7188	18.5831	-31.3966	52.457	0.325836	-0.0553374	0.0135695	-0.0689068	0.270499
0	250.921	0	-2805.77	0	0	-0	-0	0	18.6485	18.565	-38.9363	28.7544	0.319104	-0.0564489	0.0120508	-0.0684997	0.254418
0	266.367	0	-899.98	0	0	-0	-0	0	18.5631	18.3309	-46.476	-93.3499	0.298452	-0.0441133	0.0232172	-0.0673305	0.254338
0	265.533	0	-1824.14	0	0	-0	-0	0	18.4626	18.1569	-54.0158	-118.25	0.291416	-0.0308527	0.0357813	-0.066634	0.260563
0	265.781	0	-1132.22	0	0	-0	-0	0	18.347	17.861	-61.5555	-96.9412	0.269855	-0.0150486	0.0485968	-0.0636454	0.254806
0	258.478	0	-1907.94	0	0	-0	-0	0	18.2164	17.5636	-69.0952	-118.968	0.255102	0.00441421	0.0652771	-0.0608629	0.259516
0	251.919	0	-97.9229	0	0	-0	-0	0	18.0706	17.5104	-76.6349	-9.79228	0.240045	-0.00124001	0.0560253	-0.0572653	0.238805
0	266.561	0	-2212	0	0	-0	-0	0	17.9098	17.43	-84.1747	-100.054	0.224686	-0.00623747	0.0479795	-0.054217	0.218448
0	267.438	0	-2511.28	0	0	-0	-0	0	17.7339	17.256	-91.7144	26.1207	0.209023	-0.00377009	0.0477909	-0.051561	0.205253
0	264.802	0	-2451.42	0	0	-0	-0	0	17.543	16.9831	-99.2541	-109.631	0.193057	0.00742607	0.0559917	-0.0485657	0.200483
0	265.325	0	-1833.72	0	0	-0	-0	0	17.3369	16.7638	-106.794	-103.406	0.176788	0.0117254	0.0573103	-0.0455849	0.188513
0	263.184	0	-1007.72	0	0	-0	-0	0	17.116	16.6127	-113.097	-34.2131	0.162208	0.00770115	0.0503298	-0.0426286	0.169909
0	250.181	0	-2889.56	0	0	-0	-0	0	16.8898	16.4329	-113.097	-122.32	0.15766	0.00565609	0.0456961	-0.04004	0.163317
0	265.138	0	-1994.13	0	0	-0	-0	0	16.6636	16.1498	-113.097	-128.066	0.153113	0.0139481	0.0513853	-0.0374372	0.167061
0	260.961	0	-2982.94	0	0	-0	-0	0	16.4374	15.5911	-113.097	-185.766	0.148565	0.0505041	0.084638	-0.0341339	0.19907
0	248.1	0	-2508.88	0	0	-0	-0	0	16.2112	15.3128	-113.097	-85.6885	0.144018	0.060521	0.0898481	-0.0293272	0.204539
0	255.918	0	-1781.05	0	0	-0	-0	0	15.9851	15.1361	-113.097	-116.813	0.139471	0.0608288	0.0848952	-0.0240665	0.200299
0	254.292	0	-2173.7	0	0	-0	-0	0	15.7589	15.068	-113.097	-15.299	0.134923	0.0495698	0.069087	-0.0195172	0.184493
0	248.89	0	-2781.82	0	0	-0	-0	0	15.5327	14.9403	-113.097	-120.165	0.130376	0.0434067	0.0592385	-0.0158319	0.173782
0	248.694	0	-2540.01	0	0	-0	-0	0	15.3065	14.7008	-113.097	-36.1285	0.125828	0.0480522	0.0605645	-0.0125124	0.17388
0	251.574	0	-2180.88	0	0	-0	-0	0	15.0803	14.4896	-113.097	-54.8033	0.121281	0.0497574	0.0590702	-0.00931282	0.171038
0	247.43	0	-2226.37	0	0	-0	-0	0	14.8541	14.2533	-113.097	-140.755	0.116733	0.053834	0.0600768	-0.00624285	0.170567
0	244.654	0	-1405.16	0	0	-0	-0	0	14.6279	14.0511	-113.097	-16.4961	0.112186	0.0546452	0.0576778	-0.00303267	0.166831
0	249.059	0	-3102.65	0	0	-0	-0	0	14.4017	13.8915	-113.097	-165.655	0.107638	0.0511372	0.0510222	0.000114994	0.158775
0	251.576	0	-2092.29	0	0	-0	-0	0	14.1755	13.7893	-113.097	48.8657	0.103091	0.0413409	0.0386196	0.00272124	0.144432
0	237.996	0	-2322.14	0	0	-0	-0	0	13.9493	13.4903	-113.097	-164.218	0.0985432	0.0506767	0.045905	0.00477169	0.14922
0	235.68	0	-2271.86	0	0	-0	-0	0	13.7231	13.2003	-113.097	-80.6607	0.0939957	0.0595085	0.052286	0.00722256	0.153504
0	241.942	0	-1469.8	0	0	-0	-0	0	13.4969	13.0146	-113.097	-109.63	0.0894482	0.0581279	0.0482376	0.00989026	0.147576
0	233.944	0	-2429.88	0	0	-0	-0	0	13.2707	12.8725	-113.097	-66.7743	0.0849007	0.0521777	0.0398259	0.0123518	0.137078
0	228.85	0	-2645.35	0	0	-0	-0	0	13.0446	12.6628	-113.097	-66.2955	0.0803533	0.0529619	0.038172	0.01479	0.133315
0	233.823	0	-2767.46	0	0	-0	-0	0	12.8184	12.2441	-113.097	-180.499	0.0758058	0.0745898	0.0574299	0.01716	0.150396
0	231.324	0	-1532.05	0	0	-0	-0	0	12.5922	12.1259	-113.097	-15.7778	0.0712583	0.066661	0.0466237	0.0200373	0.137919
0	220.582	0	-1424.31	0	0	-0	-0	0	12.366	11.9275	-113.097	-166.852	0.0667108	0.0661298	0.0438523	0.0222775	0.132841
0	221.025	0	-837.731	0	0	-0	-0	0	12.1398	11.7183	-113.097	-13.8624	0.0621633	0.066685	0.0421453	0.0245397	0.128848
0	226.769	0	-2693.24	0	0	-0	-0	0	11.9136	11.5608	-113.097	-122.799	0.0576158	0.0620048	0.0352765	0.0267283	0.119621
0	225.275	0	-2767.46	0	0	-0	-0	0	11.6874	11.2873	-113.097	-104.842	0.0530684	0.0686867	0.040008	0.0286787	0.121755
0	217.426	0	-1374.03	0	0	-0	-0	0	11.4612	11.0857	-113.097	-30.143	0.0485209	0.0685768	0.0375559	0.0310209	0.117098
0	222.136	0	-2310.17	0	0	-0	-0	0	11.235	10.9047	-113.097	-124.235	0.0439734	0.0657647	0.0330285	0.0327361	0.109738
0	224.033	0	-629.436	0	0	-0	-0	0	11.0088	10.6946	-113.097	-19.8479	0.0394259	0.0658039	0.0314278	0.0343761	0.10523
0	221.778	0	-2144.97	0	0	-0	-0	0	10.7826	10.5716	-113.097	-185.287	0.0348784	0.0569421	0.0211003	0.0358418	0.0918206
0	206.919	0	-2101.87	0	0	-0	-0	0	10.5564	10.3061	-113.097	-14.8201	0.0303309	0.0618668	0.0250337	0.0368331	0.0921977
0	201.893	0	-1919.91	0	0	-0	-0	0	10.3303	10.0544	-113.097	-177.147	0.0257835	0.0658163	0.0275834	0.0382328	0.0915997
0	206.991	0	-1062.79	0	0	-0	-0	0	10.1041	9.83253	-113.097	-78.5059	0.021236	0.0670211	0.0271533	0.0398678	0.0882571
0	213.913	0	-655.772	0	0	-0	-0	0	9.87787	9.66013	-113.097	-87.125	0.0166885	0.0627861	0.0217745	0.0410116	0.0794746
0	203.832	0	-2417.9	0	0	-0	-0	0	9.65168	9.52178	-113.097	-68.4502	0.012141	0.0548038	0.0129903	0.0418135	0.0669448
0	200.817	0	-2784.22	0	0	-0	-0	0	9.42549	9.1924	-113.097	-77.3088	0.00759354	0.0659161	0.0233089	0.0426072	0.0735096
0	197.104	0	-1084.33	0	0	-0	-0	0	9.1993	9.08278	-113.097	-98.3778	0.00304605	0.0551635	0.0116512	0.0435123	0.0582096
0	199.215	0	-1824.14	0	0	-0	-0	0	8.97311	8.85823	-113.097	-45.4659	-0.00150143	0.0556228	0.0114873	0.0441355	0.0541213
0	196.703	0	-1333.33	0	0	-0	-0	0	8.74691	8.69541	-113.097	-138.6	-0.00604891	0.0494676	0.0051507	0.0443169	0.0434187
0	189.398	0	-849.702	0	0	-0	-0	0	8.52072	8.56291	-113.097	23.7265	-0.0105964	0.0399011	-0.00421877	0.0441198	0.0293047
0	184.109	0	-1589.51	0	0	-0	-0	0	8.29453	8.40487	-113.097	-83.7731	-0.0128701	0.0442686	0.000275326	0.0439933	0.0313984
0	185.074	0	-2372.41	0	0	-0	-0	0	8.06834	7.91214	-113.097	-124.714	-0.0196914	0.0596715	0.0156202	0.0440513	0.0399801
0	191.758	0	-1702.04	0	0	-0	-0	0	7.84215	7.83498	-113.097	-4.52504	-0.0242388	0.0451974	0.000716686	0.0444807	0.0209586
0	192.286	0	-581.552	0	0	-0	-0	0	7.61595	7.68493	-113.097	-130.939	-0.0287863	0.0373193	-0.00689702	0.0442164	0.00853302
0	184.813	0	-1948.64	0	0	-0	-0	0	7.38976	7.52689	-113.097	27.7967	-0.0333338	0.0295601	-0.0137124	0.0432724	-0.00377372
0	180.506	0	-2688.45	0	0	-0	-0	0	7.16357	7.18048	-113.097	-261.183	-0.0378813	0.0407904	-0.00169106	0.0424815	0.00290915
0	175.249	0	-2520.85	0	0	-0	-0	0	6.93738	7.00542	-113.097	-4.0462	-0.0424288	0.0351595	-0.0068037	0.0419632	-0.00726922
0	174.287	0	-2001.31	0	0	-0	-0	0	6.71119	6.75	-113.097	-120.165	-0.0469763	0.037426	-0.0038815	0.0413075	-0.00955029
0	170.903	0	-1599.09	0	0	-0	-0	0	6.485	6.61431	-113.097	-80.9001	-0.0515237	0.0275329	-0.0129318	0.0404646	-0.0239909
0	168.868	0	-2010.89	0	0	-0	-0	0	6.2588	6.57068	-113.097	-122.08	-0.0537975	0.0201987	-0.019878	0.0400767	-0.0335988
0	155.455	0	-1656.55	0	0	-0	-0	0	6.03261	6.20352	-113.097	-123.038	-0.0606187	0.0210862	-0.017091	0.0381773	-0.0395325
0	154.013	0	-2626.2	0	0	-0	-0	0	5.80642	6.18011	-113.097	85.9758	-0.0651662	-0.000624325	-0.0373689	0.0367446	-0.0657905
0	153.33	0	-2302.98	0	0	-0	-0	0	5.58023	5.97578	-113.097	-144.107	-0.0697137	-0.0055794	-0.0395549	0.0339755	-0.0752931
0	160.979	0	-1656.55	0	0	-0	-0	0	5.35404	5.54104	-113.097	-159.43	-0.0742611	0.0128393	-0.0187006	0.0315398	-0.0614219
0	157.622	0	-1687.67	0	0	-0	-0	0	5.12785	5.43781	-113.097	-82.0972	-0.0788086	-0.00116812	-0.0309968	0.0298286	-0.0799767
0	154.802	0	-1046.03	0	0	-0	-0	0	4.90165	5.26222	-113.097	-17.9326	-0.0833561	-0.00816644	-0.0360562	0.0278897	-0.0915225
0	149.694	0	-2468.18	0	0	-0	-0	0	4.67546	5.12014	-113.097	-77.3088	-0.0879036	-0.0190227	-0.044468	0.0254453	-0.106926
0	140.774	0	-2748.3	0	0	-0	-0	0	4.44927	4.83653	-113.097	-127.348	-0.0924511	-0.016255	-0.0387256	0.0224706	-0.108706
0	134.653	0	-1795.41	0	0	-0	-0	0	4.22308	4.48214	-113.097	-151.29	-0.0969985	-0.00592509	-0.025906	0.0199809	-0.102924
0	132.585	0	-1443.46	0	0	-0	-0	0	3.99689	4.24907	-113.097	-126.629	-0.101546	-0.00723124	-0.0252187	0.0179874	-0.108777
0	132.797	0	-1321.36	0	0	-0	-0	0	3.7707	4.06975	-113.097	-57.4369	-0.106094	-0.0137795	-0.0299057	0.0161262	-0.119873
0	125.799	0	-2027.65	0	0	-0	-0	0	3.5445	3.93619	-113.097	-97.4201	-0.110641	-0.0252665	-0.0391688	0.0139023	-0.135907
0	124.961	0	-2381.99	0	0	-0	-0	0	3.31831	3.57489	-113.097	-106.997	-0.115188	-0.0142045	-0.0256575	0.011453	-0.129393
0	125.496	0	-1357.27	0	0	-0	-0	0	3.09212	3.47112	-113.097	-90.2375	-0.117462	-0.0159076	-0.0265909	0.0106833	-0.133543
0	115.425	0	-1091.52	0	0	-0	-0	0	2.86593	2.97041	-113.097	-160.388	-0.124283	-0.00189215	-0.0104479	0.00855573	-0.126176
0	108.631	0	-1120.25	0	0	-0	-0	0	2.63974	2.70754	-113.097	-109.152	-0.128831	0.00087027	-0.0067807	0.00765097	-0.127961
0	101.269	0	-1110.67	0	0	-0	-0	0	2.41354	2.55962	-113.097	-27.27	-0.133378	-0.00772233	-0.0146071	0.00688482	-0.141101
0	97.8948	0	-2777.03	0	0	-0	-0	0	2.18735	2.3505	-113.097	-87.125	-0.137926	-0.0106013	-0.0163143	0.00571293	-0.148527
0	96.0834	0	-2597.47	0	0	-0	-0	0	1.96116	1.94662	-113.097	-200.371	-0.142473	0.00604894	0.00145388	0.00459506	-0.136424
0	94.7937	0	-2070.75	0	0	-0	-0	0	1.73497	1.60075	-113.097	-136.685	-0.147021	0.0180811	0.013422	0.00465908	-0.12894
0	101.351	0	-801.818	0	0	-0	-0	0	1.51397	1.5486	-106.841	-68.6897	-0.141402	0.00134778	-0.00346321	0.00481099	-0.140054
0	100.865	0	-1364.46	0	0	-0	-0	0	1.30783	1.4044	-99.3016	-8.11635	-0.13342	-0.00546629	-0.00965699	0.0041907	-0.138886
0	92.6427	0	-2607.05	0	0	-0	-0	0	1.11677	1.16814	-91.7618	-107.476	-0.125134	-0.00160752	-0.00513729	0.00352977	-0.126742
0	97.7946	0	-1761.89	0	0	-0	-0	0	0.940787	0.936673	-84.2221	-100.054	-0.116546	0.00350729	0.000411427	0.00309586	-0.113038
0	89.4233	0	-1872.03	0	0	-0	-0	0	0.779884	0.740323	-76.6824	-90.9557	-0.107654	0.00684461	0.00395614	0.00288847	-0.100809
0	85.9679	0	-1771.47	0	0	-0	-0	0	0.634061	0.681258	-69.1427	-8.11635	-0.098459	-0.00198986	-0.00471973	0.00272987	-0.100449
0	80.0706	0	-1328.54	0	0	-0	-0	0	0.503317	0.620066	-61.6029	-26.0729	-0.0937479	-0.00273784	-0.00532612	0.00258828	-0.0964857
0	71.5002	0	-1563.17	0	0	-0	-0	0	0.387653	0.540249	-54.0632	-17.9326	-0.0791597	-0.0136711	-0.0152596	0.00158854	-0.0928308
0	66.6797	0	-2528.04	0	0	-0	-0	0	0.287067	0.492358	-46.5235	-12.4259	-0.0690553	-0.0199664	-0.0205291	0.000562763	-0.0890217
0	66.0561	0	-1433.89	0	0	-0	-0	0	0.201561	0.418395	-38.9838	-59.5917	-0.0586478	-0.0225339	-0.0216834	-0.000850475	-0.0811816
0	64.8893	0	-366.073	0	0	-0	-0	0	0.131134	0.433294	-31.444	0.742203	-0.0479371	-0.0326857	-0.030216	-0.00246971	-0.0806228
0	58.7899	0	-2360.44	0	0	-0	-0	0	0.0757864	0.456707	-23.9043	6.24886	-0.0369232	-0.0426621	-0.038092	-0.00457004	-0.0795853
0	57.1797	0	203.747	0	-0	-0	-0	0	0.0355181	0.434358	-16.3646	32.3457	-0.0256061	-0.0466556	-0.039884	-0.00677156	-0.0722617
0	50.3961	0	-2958.99	0	0	-0	-0	0	0.0103289	0.383275	-8.82487	-39.7198	-0.0139859	-0.0463752	-0.0372946	-0.00908054	-0.0603611
0	52.8171	0	-1350.09	0	0	-0	-0	0	0.000219048	0.284835	-1.28514	-38.7621	-0.00206257	-0.0396728	-0.0284616	-0.0112113	-0.0417354
0	50.1529	0	-1330.94	0	0	-0	-0	0	0	0.237477	0	-49.2966	0	-0.0366976	-0.0237477	-0.0129499	-0.0366976
0	46.3294	0	-1034.06	0	0	-0	-0	0	0	0.26355	0	-2.8491	0	-0.0408958	-0.026355	-0.0145408	-0.0408958
0	43.9771	0	-832.943	0	0	-0	-0	0	0	0.249183	0	12.4738	0	-0.0409702	-0.0249183	-0.0160519	-0.0409702
0	40.1419	0	-2212	0	0	-0	-0	0	0	0.29122	0	58.4425	0	-0.0465939	-0.029122	-0.017472	-0.0465939
0	37.5591	0	-1204.04	0	0	-0	-0	0	0	0.293348	0	-14.5807	0	-0.0485381	-0.0293348	-0.0192033	-0.0485381
0	38.0805	0	-1567.96	0	0	-0	-0	0	0	0.258761	0	-61.9859	0	-0.0468666	-0.0258761	-0.0209905	-0.0468666
0	35.2136	0	-782.665	0	0	-0	-0	0	0	0.251844	0	-4.52504	0	-0.0478472	-0.0251844	-0.0226628	-0.0478472
0	33.1554	0	-1546.41	0	0	-0	-0	0	0	0.203953	0	-28.2276	0	-0.044491	-0.0203953	-0.0240957	-0.044491
0	31.2522	0	-871.25	0	0	-0	-0	0	0	0.178412	0	84.2998	0	-0.0429994	-0.0178412	-0.0251582	-0.0429994
0	27.8364	0	-1917.52	0	0	-0	-0	0	0	0.133715	0	-71.5627	0	-0.0394532	-0.0133715	-0.0260818	-0.0394532
0	25.9276	0	-1342.91	0	0	-0	-0	0	0	0.0847602	0	-28.4671	0	-0.0353313	-0.00847602	-0.0268553	-0.0353313
0	25.9839	0	-588.734	0	0	-0	-0	0	0	0.031549	0	-57.9157	0	-0.0305731	-0.0031549	-0.0274182	-0.0305731
0	24.6718	0	-799.424	0	0	-0	-0	0	0	0.0240994	0	20.1352	0	-0.0300413	-0.00240994	-0.0276314	-0.0300413
0	22.9813	0	-241.575	0	0	-0	-0	0	0	0.022503	0	13.1921	0	-0.0299577	-0.0022503	-0.0277073	-0.0299577
0	18.5134	0	-2240.73	0	0	-0	-0	0	0	-0.00995583	0	1.46046	0	-0.0266552	0.000995583	-0.0276508	-0.0266552
0	15.8944	0	-1072.36	0	0	-0	-0	0	0	0.0262278	0	29.712	0	-0.030249	-0.00262278	-0.0276262	-0.030249
0	12.66	0	-1165.74	0	0	-0	-0	0	0	0.0533656	0	-66.7743	0	-0.0332909	-0.00533656	-0.0279544	-0.0332909
0	9.62369	0	-1058	0	0	-0	-0	0	0	0.0687968	0	28.2755	0	-0.0352788	-0.00687968	-0.0283991	-0.0352788
0	7.2436	0	-1232.77	0	0	-0	-0	0	0	0.0624115	0	-46.663	0	-0.0350099	-0.00624115	-0.0287688	-0.0350099
0	3.7615	0	-1721.19	0	0	-0	-0	0	0	0.0533656	0	114.706	0	-0.0343441	-0.00533656	-0.0290075	-0.0343441
0	1.46942	0	-1421.92	0	0	-0	-0	0	0	0.0187783	0	-72.7598	0	-0.0311066	-0.00187783	-0.0292288	-0.0311066
0	-0.987891	0	-1314.18	0	0	0	-0	0	0	-0.020066	0	-19.3691	0	-0.0272997	0.0020066	-0.0293063	-0.0272997
0	-0.334572	0	93.6133	0	0	0	-0	0	0	-0.0280477	0	-27.5094	0	-0.0264929	0.00280477	-0.0292977	-0.0264929
0	-1.42341	0	-143.413	0	0	0	-0	0	0	-0.0104879	0	11.5161	0	-0.0281077	0.00104879	-0.0291565	-0.0281077
0	-0.955425	0	440.773	0	0	0	-0	0	0	0.000686425	0	95.3132	0	-0.0291063	-6.86425e-05	-0.0290377	-0.0291063
0	-1.76387	0	-741.963	0	0	0	-0	0	0	-0.00303836	0	-67.0137	0	-0.0286358	0.000303836	-0.0289397	-0.0286358
0	-0.891981	0	91.2191	0	0	0	-0	0	0	-0.0317724	0	32.1062	0	-0.0257202	0.00317724	-0.0288975	-0.0257202
0	-0.32757	0	500.628	0	0	0	-0	0	0	-0.0365615	0	-81.6183	0	-0.0251321	0.00365615	-0.0287883	-0.0251321
0	0.344597	0	285.149	0	-0	-0	-0	0	0	-0.0285798	0	33.3033	0	-0.0257987	0.00285798	-0.0286567	-0.0257987
0	-0.175493	0	48.1235	0	0	0	-0	0	0	-0.0115522	0	17.741	0	-0.0273555	0.00115522	-0.0285108	-0.0273555
0	-0.509461	0	263.602	0	0	0	-0	0	0	-0.0301761	0	-94.3076	0	-0.0254585	0.00301761	-0.0284761	-0.0289863
0	-0.862975	0	-100.317	0	0	0	-0	0	0	0.008136	0	-22.9604	0	-0.0291522	-0.0008136	-0.0283386	-0.0291522
0	-0.0224177	0	148.68	0	0	0	-0	0	0	-0.0307082	0	-59.8311	0	-0.0253294	0.00307082	-0.0284002	-0.0253294
0	0.184511	0	407.254	0	-0	-0	-0	0	0	-0.0227265	0	22.5294	0	-0.0260487	0.00227265	-0.0283213	-0.0260487
0	0.248529	0	129.526	0	-0	-0	-0	0	0	0.00175065	0	-42.5929	0	-0.0284175	-0.000175065	-0.0282424	-0.0284175
0	-0.0730476	0	-57.2214	0	0	0	-0	0	0	0.00973234	0	154.689	0	-0.0291431	-0.000973234	-0.0281699	-0.0291431
0	0.248215	0	275.573	0	-0	-0	-0	0	0	-0.0232586	0	-18.4114	0	-0.0258732	0.00232586	-0.0281991	-0.0258732
0	-0.132532	0	232.477	0	0	0	-0	0	0	-0.0312403	0	16.0651	0	-0.0249567	0.00312403	-0.0280808	-0.0249567
0	-0.033167	0	69.6713	0	0	0	-0	0	0	-0.044011	0	-76.3511	0	-0.023596	0.0044011	-0.0279971	-0.023596
0	-0.187218	0	254.025	0	0	0	-0	0	0	-0.0190017	0	43.1196	0	-0.0259191	0.00190017	-0.0278192	-0.0259191
0	-0.550303	0	45.7293	0	0	0	-0	0	0	0.0145214	0	39.0494	0	-0.0291701	-0.00145214	-0.027718	-0.0291701
0	-0.696582	0	-356.497	0	0	0	-0	0	0	0.00547544	0	11.2767	0	-0.0282074	-0.000547544	-0.0276598	-0.0282074
0	-0.447153	0	-160.172	0	0	0	-0	0	0	-0.0184696	0	-5.48272	0	-0.0257787	0.00184696	-0.0276257	-0.0257787
0	0.0644643	0	19.393	0	-0	-0	-0	0	0	0.0038791	0	-38.2833	0	-0.0279582	-0.00038791	-0.0275702	-0.0249367
0	-0.291613	0	-76.3751	0	0	0	-0	0	0	0.0134571	0	113.988	0	-0.0288482	-0.00134571	-0.0275025	-0.0259088
0	-0.524576	0	-457.053	0	0	0	-0	0	0	0.000154312	0	-44.7476	0	-0.0275093	-1.54312e-05	-0.0274939	-0.0275093
0	0.168037	0	-40.462	0	0	-0	-0	0	0	0.0155856	0	162.111	0	-0.0289995	-0.00155856	-0.027441	-0.0289995
0	-0.57945	0	-674.925	0	0	0	-0	0	0	0.00175065	0	-99.096	0	-0.0275962	-0.000175065	-0.0274212	-0.0275962
0	-0.189933	0	443.167	0	0	0	-0	0	0	-0.0221944	0	-4.0462	0	-0.0252218	0.00221944	-0.0274412	-0.0252218
0	0.578465	0	826.239	0	-0	-0	-0	0	0	-0.0285798	0	31.388	0	-0.0245491	0.00285798	-0.0274071	-0.0245491
