0	0.323678	0	47.8362	0	0	-0	0	0	0	0.00535837	0	-60.5925	0	-0.000107167	-0.000107167	0	-0.000107167
0	0.218273	0	-160.459	0	0	-0	-0	0	0.00753982	-0.00741233	7.53982	-45.9878	0.00610128	0.000153795	0.000185946	-3.21502e-05	0.00625508
0	-0.26846	0	-14.4131	0	0	0	-0	0	0.0301593	-0.0164582	15.0796	-14.6238	0.0248599	0.00114407	0.000932351	0.000211718	0.026004
0	0.0434764	0	4.74052	0	0	-0	0	0	0.0678584	-0.0116692	22.6195	-12.2296	0.0377446	0.00241558	0.00159055	0.000825026	0.0401602
0	-0.640759	0	-258.622	0	0	0	0	0	0.120637	-0.00741233	30.1593	-38.5658	0.0443006	0.00329769	0.0019955	0.00130219	0.0475983
0	0.527562	0	7.13472	0	0	-0	0	0	0.188496	-0.00315543	37.6991	-33.538	0.0576401	0.00570925	0.00311674	0.00259252	0.0633493
0	-0.361657	0	62.2014	0	0	0	0	0	0.271434	-0.00900867	45.2389	-12.7084	0.0782177	0.0116067	0.00560885	0.00599781	0.0898244
0	-0.219939	0	196.277	0	0	0	0	0	0.369451	-0.00155909	52.7788	0.699107	0.0852285	0.0140828	0.00640233	0.00768046	0.0993113
0	0.289448	0	-19.2015	0	0	-0	0	0	0.482549	0.00961528	60.3186	44.7524	0.106716	0.0237984	0.00945867	0.0143398	0.130514
0	-0.415804	0	47.8362	0	0	0	-0	0	0.610726	-0.0020912	67.8584	-52.931	0.121419	0.0331457	0.0122563	0.0208894	0.154565
0	-1.14993	0	160.364	0	0	0	0	0	0.753982	-0.00475177	75.3982	-42.6359	0.136426	0.0442487	0.0151747	0.029074	0.180675
0	-2.31835	0	-804.5	0	0	0	0	0	0.912319	0.0777257	82.9381	53.3715	0.151736	0.0554535	0.0166919	0.0387617	0.20719
0	0.234359	0	-28.7783	0	0	-0	0	0	1.08573	0.191066	90.4779	149.14	0.16735	0.0667449	0.0178934	0.0488515	0.234094
0	0.931746	0	1596.88	0	0	-0	0	0	1.27423	0.533746	98.0177	89.0452	0.183266	0.0742543	0.0148097	0.0594446	0.25752
0	-1.34774	0	-299.323	0	0	0	0	0	1.47781	0.792353	105.558	67.0185	0.191338	0.0755232	0.0116356	0.0638876	0.266861
0	-2.1004	0	-366.361	0	0	0	0	0	1.69646	0.891326	113.097	69.4127	0.207709	0.0852608	0.0138784	0.0713824	0.29297
0	-2.35396	0	38.2594	0	0	0	0	0	1.92265	1.19889	113.097	117.057	0.218282	0.0911151	0.0122134	0.0789017	0.309397
0	-3.33528	0	-545.926	0	0	0	0	0	2.14885	1.53678	113.097	174.997	0.222829	0.0953649	0.00997947	0.0853854	0.318194
0	-3.15471	0	-426.216	0	0	0	0	0	2.26195	2.01621	113.097	197.502	0.227377	0.0947379	0.00491469	0.0898232	0.322115
0	-3.04597	0	-110.181	0	0	0	0	0	2.48814	2.38869	113.097	148.661	0.231925	0.0936868	0.001989	0.0916978	0.325611
0	-3.86509	0	296.833	0	0	0	0	0	2.71433	2.71541	113.097	147.224	0.236472	0.0926689	-2.14577e-05	0.0926904	0.329141
0	-5.14142	0	-136.517	0	0	0	0	0	2.94053	3.09746	113.097	142.675	0.24102	0.0891176	-0.00313871	0.0922564	0.330137
0	-7.01539	0	7.1347	0	0	0	0	0	3.16672	3.28903	113.097	128.31	0.243293	0.0866068	-0.00470798	0.0913147	0.3299
0	-5.75946	0	244.161	0	0	0	0	0	3.39292	3.73281	113.097	203.249	0.247841	0.0779186	-0.00905973	0.0869784	0.32576
0	-5.1686	0	-227.497	0	0	0	0	0	3.61911	4.09784	113.097	233.176	0.252388	0.0685393	-0.0118364	0.0803757	0.320928
0	-2.78918	0	71.7782	0	0	0	0	0	3.84531	4.374	113.097	73.9617	0.256936	0.0599544	-0.0128359	0.0727903	0.31689
0	-3.88345	0	-557.897	0	0	0	0	0	4.0715	4.69221	113.097	94.7912	0.261484	0.0496802	-0.0146761	0.0643562	0.311164
0	-1.849	0	-347.207	0	0	0	0	0	4.2977	5.02265	113.097	171.885	0.266031	0.0379006	-0.016761	0.0546616	0.303932
0	-0.532573	0	-337.63	0	0	0	0	0	4.52389	5.40577	113.097	45.9495	0.272852	0.0209322	-0.0176376	0.0385698	0.293784
0	0.603129	0	263.314	0	0	-0	0	0	4.75008	5.70801	113.097	160.632	0.2774	0.00807377	-0.0191585	0.0272323	0.285474
0	-0.377866	0	-57.5087	0	0	0	0	0	4.97628	5.93309	113.097	167.814	0.281947	-0.00372622	-0.0191363	0.0154101	0.278221
0	1.73246	0	-782.952	0	0	-0	0	0	5.20247	6.24278	113.097	100.058	0.286495	-0.0167244	-0.0208062	0.00408182	0.269771
0	-1.0936	0	763.703	0	0	0	0	0	5.42867	6.42902	113.097	34.9362	0.291042	-0.0279362	-0.0200071	-0.00792911	0.263106
0	3.12484	0	210.642	0	0	-0	0	0	5.65486	6.69455	113.097	100.298	0.29559	-0.0403117	-0.0207937	-0.019518	0.255278
0	-2.38712	0	-510.013	0	0	0	0	0	5.88106	6.99785	113.097	225.036	0.300138	-0.0545725	-0.0223359	-0.0322366	0.245565
0	-2.81412	0	16.7115	0	0	0	0	0	6.10725	7.15855	113.097	33.4997	0.304685	-0.0659806	-0.0210259	-0.0449546	0.238705
0	-4.12152	0	232.19	0	0	0	0	0	6.33345	7.30381	113.097	50.2591	0.309233	-0.0762366	-0.0194074	-0.0568292	0.232996
0	-4.01136	0	-201.161	0	0	0	0	0	6.55964	7.37725	113.097	45.7101	0.31378	-0.0839123	-0.0163521	-0.0675602	0.229868
0	-0.361098	0	21.4999	0	0	0	0	0	6.78584	7.51134	113.097	75.1588	0.318328	-0.0910799	-0.01451	-0.0765698	0.227248
0	4.88946	0	234.584	0	0	-0	0	0	7.01203	7.75611	113.097	127.592	0.322875	-0.0999177	-0.0148816	-0.0850361	0.222958
0	3.11191	0	-67.0855	0	0	-0	0	0	7.23823	7.85721	113.097	14.5855	0.327423	-0.105406	-0.0123797	-0.0930261	0.222017
0	-0.0727315	0	665.54	0	0	0	0	0	7.46442	7.97428	113.097	20.3316	0.33197	-0.109802	-0.0101971	-0.0996044	0.222169
0	2.78804	0	-35.9609	0	0	-0	0	0	7.69062	8.13285	113.097	66.0608	0.336518	-0.114639	-0.00884459	-0.105794	0.221879
0	2.36802	0	66.9898	0	0	-0	0	0	7.91681	8.32494	113.097	182.658	0.341066	-0.118877	-0.00816253	-0.110715	0.222188
0	3.7838	0	-974.488	0	0	-0	0	0	8.25611	8.34516	113.097	-60.353	0.345613	-0.118349	-0.00404304	-0.114306	0.227264
0	3.02717	0	-440.581	0	0	-0	0	0	8.4823	8.41593	113.097	1.65679	0.350161	-0.117151	-0.000934544	-0.116216	0.23301
0	8.50246	0	754.126	0	0	-0	0	0	8.7085	8.53459	113.097	88.5663	0.354708	-0.115492	0.00121613	-0.116708	0.239216
0	8.04511	0	-826.047	0	0	-0	0	0	8.93469	8.79958	113.097	49.3014	0.361529	-0.112512	0.00270214	-0.115214	0.249018
0	7.78496	0	770.885	0	0	-0	0	0	9.16089	8.88525	113.097	50.0197	0.366077	-0.10781	0.00551264	-0.113323	0.258267
0	5.60029	0	-1204.33	0	0	-0	0	0	9.38708	9.0832	113.097	141.718	0.370625	-0.103468	0.00607763	-0.109545	0.267157
0	4.33793	0	-457.34	0	0	-0	0	0	9.61328	9.30509	113.097	96.2278	0.375172	-0.0993229	0.00616373	-0.105487	0.275849
0	7.95687	0	71.7782	0	-0	-0	-0	0	9.83947	9.53656	113.097	58.6388	0.37972	-0.0959615	0.00605822	-0.10202	0.283758
0	10.8674	0	-634.511	0	0	-0	-0	0	10.0657	9.81592	113.097	129.747	0.384267	-0.0933066	0.00499496	-0.0983015	0.290961
0	13.0763	0	-91.0276	0	0	-0	-0	0	10.2919	10.1639	113.097	160.153	0.388815	-0.0936443	0.0025588	-0.0962031	0.29517
0	18.2808	0	-249.045	0	0	-0	-0	0	10.5181	10.4603	113.097	197.981	0.393362	-0.0936243	0.00115501	-0.0947793	0.299738
0	16.8029	0	-1616.13	0	0	-0	-0	0	10.7443	10.7141	113.097	44.0342	0.39791	-0.0930812	0.000602531	-0.0936837	0.304829
0	15.6511	0	-122.152	0	0	-0	-0	0	10.9704	11.0424	113.097	119.691	0.402457	-0.0949087	-0.00143984	-0.0934688	0.307549
0	13.1096	0	-26.3842	0	0	-0	-0	0	11.1966	11.3633	113.097	124.958	0.407005	-0.0985677	-0.00333321	-0.0952345	0.308437
0	6.66451	0	-804.5	0	0	-0	-0	0	11.4228	11.6512	113.097	214.741	0.411553	-0.101999	-0.00456675	-0.0974321	0.309554
0	0.376274	0	296.833	0	-0	-0	-0	0	11.649	11.8715	113.097	56.7234	0.4161	-0.104113	-0.00444874	-0.0996642	0.311987
0	2.92245	0	-1829.22	0	0	-0	-0	0	11.8752	12.2753	113.097	156.322	0.420648	-0.110757	-0.00800232	-0.102755	0.309891
0	7.97719	0	-687.184	0	0	-0	-0	0	12.1014	12.5749	113.097	135.014	0.425195	-0.117185	-0.00947	-0.107715	0.30801
0	14.5609	0	-93.4218	0	0	-0	-0	0	12.3276	12.7957	113.097	90.4817	0.429743	-0.12253	-0.00936264	-0.113167	0.307213
0	23.1541	0	-833.23	0	0	-0	-0	0	12.5538	13.1283	113.097	238.204	0.43429	-0.130345	-0.0114902	-0.118855	0.303945
0	24.4465	0	-526.772	0	0	-0	-0	0	12.78	13.5561	113.097	122.325	0.438838	-0.141954	-0.0155226	-0.126432	0.296884
0	24.1256	0	98.1144	0	-0	-0	-0	0	13.0062	13.8158	113.097	106.762	0.443385	-0.151698	-0.0161921	-0.135506	0.291688
0	18.4691	0	-696.761	0	0	-0	-0	0	13.2324	14.0962	113.097	105.326	0.447933	-0.162564	-0.0172767	-0.145288	0.285369
0	14.9345	0	-1733.45	0	0	-0	-0	0	13.4586	14.2984	113.097	135.732	0.45248	-0.172131	-0.0167968	-0.155334	0.28035
0	15.8356	0	495.552	0	-0	-0	-0	0	13.6848	14.5283	113.097	172.363	0.457028	-0.181886	-0.0168704	-0.165016	0.275142
0	21.2088	0	-471.706	0	0	-0	-0	0	13.911	14.6097	113.097	70.8492	0.459302	-0.186314	-0.0162367	-0.170077	0.272988
0	29.2226	0	-1292.92	0	0	-0	-0	0	14.1372	14.6214	113.097	28.4718	0.463849	-0.191308	-0.0119469	-0.179361	0.272542
0	34.584	0	723.001	0	-0	-0	-0	0	14.3634	14.7305	113.097	137.169	0.468397	-0.195717	-0.00960468	-0.186112	0.27268
0	26.802	0	-778.163	0	0	-0	-0	0	14.5896	14.9753	113.097	34.9362	0.472944	-0.202274	-0.00997623	-0.192298	0.27067
0	25.487	0	837.923	0	-0	-0	-0	0	14.8158	15.0194	113.097	74.4405	0.479766	-0.203353	-0.00407366	-0.199279	0.276413
0	25.8753	0	-442.975	0	0	-0	-0	0	15.042	15.2057	113.097	35.415	0.484313	-0.204654	-0.00327456	-0.20138	0.279659
0	28.8741	0	-399.88	0	0	-0	-0	0	15.2682	15.4622	113.097	57.4417	0.488861	-0.207007	-0.00388023	-0.203127	0.281853
0	29.7308	0	-138.912	0	0	-0	-0	0	15.4943	15.6596	113.097	88.8057	0.493408	-0.208418	-0.00330458	-0.205114	0.28499
0	32.4245	0	-1300.1	0	0	-0	-0	0	15.7205	15.8107	113.097	137.887	0.497956	-0.209118	-0.00180307	-0.207315	0.288838
0	35.1296	0	366.265	0	-0	-0	-0	0	15.9467	15.9336	113.097	112.508	0.502504	-0.207179	0.00026247	-0.207442	0.295324
0	41.873	0	-1151.66	0	0	-0	-0	0	16.1729	16.0954	113.097	-1.93452	0.507051	-0.205024	0.00155113	-0.206575	0.302027
0	42.9707	0	-926.604	0	0	-0	-0	0	16.3991	16.2869	113.097	61.7513	0.511599	-0.202778	0.0022438	-0.205022	0.308821
0	47.496	0	-1640.08	0	0	-0	-0	0	16.6253	16.5509	113.097	144.591	0.516146	-0.202349	0.00148914	-0.203838	0.313797
0	48.1122	0	-452.552	0	0	-0	-0	0	16.8515	16.6578	113.097	59.8359	0.520694	-0.198192	0.00387398	-0.202066	0.322502
0	42.4375	0	-577.05	0	0	-0	-0	0	17.0777	17.0223	113.097	235.57	0.525241	-0.198618	0.0011079	-0.199726	0.326624
0	45.9072	0	-481.282	0	0	-0	-0	0	17.3006	17.3602	108.07	67.4973	0.521636	-0.201214	-0.00119305	-0.200021	0.320422
0	54.6807	0	-1170.81	0	0	-0	-0	0	17.5092	17.6241	100.53	130.704	0.513703	-0.202925	-0.00229958	-0.200625	0.310778
0	52.5401	0	-1156.45	0	0	-0	-0	0	17.7027	17.8849	92.9905	118.733	0.505467	-0.206411	-0.00364388	-0.202767	0.299056
0	60.3094	0	-215.526	0	0	-0	-0	0	17.8811	18.1169	85.4507	78.7501	0.496928	-0.209549	-0.00471504	-0.204834	0.287378
0	53.0679	0	-165.248	0	0	-0	-0	0	18.0445	18.2121	77.9109	83.7779	0.492544	-0.211198	-0.00494873	-0.206249	0.281347
0	42.6377	0	-2293.69	0	0	-0	-0	0	18.1928	18.4532	70.371	199.418	0.48355	-0.216931	-0.00665321	-0.210278	0.266619
0	43.1854	0	-363.967	0	0	-0	-0	0	18.326	18.4063	62.8312	-29.9467	0.474253	-0.216467	-0.00290184	-0.213565	0.257786
0	54.3033	0	-505.224	0	0	-0	-0	0	18.4441	18.5841	55.2913	119.691	0.464653	-0.219468	-0.0039431	-0.215525	0.245185
0	58.0075	0	-1795.7	0	0	-0	-0	0	18.5471	18.5867	47.7515	-107.998	0.454749	-0.219418	-0.00178459	-0.217634	0.235331
0	57.056	0	-2463.68	0	0	-0	-0	0	18.6351	18.475	40.2117	30.1478	0.444542	-0.215504	0.00236027	-0.217864	0.229039
0	64.2849	0	-1503.61	0	0	-0	-0	0	18.708	18.5176	32.6718	-29.9467	0.428664	-0.211065	0.00380852	-0.214874	0.217599
0	66.3044	0	-1324.04	0	0	-0	-0	0	18.7658	18.5069	25.132	-11.9902	0.423219	-0.209094	0.00463711	-0.213731	0.214125
0	69.1355	0	-1285.73	0	0	-0	-0	0	18.8085	18.2925	17.5921	-68.4933	0.406431	-0.197707	0.0103207	-0.208028	0.208724
0	76.3395	0	-2384.67	0	0	-0	-0	0	18.8362	18.2595	10.0523	-178.387	0.400683	-0.193637	0.0112947	-0.204931	0.207047
0	78.8778	0	-644.088	0	0	-0	-0	0	18.8487	18.1946	2.51247	76.5953	0.388961	-0.18465	0.0129951	-0.197646	0.204311
0	82.5711	0	-1424.6	0	0	-0	-0	0	18.8496	18.2286	0	-0.976831	0.378962	-0.177837	0.0124187	-0.190256	0.201124
0	91.3984	0	-1573.04	0	0	-0	-0	0	18.8496	17.9658	0	-59.8742	0.378962	-0.159737	0.017676	-0.177413	0.219225
0	87.7193	0	-577.05	0	0	-0	-0	0	18.8496	17.8157	0	49.7802	0.378962	-0.145495	0.0206771	-0.166172	0.233467
0	83.0271	0	-272.987	0	0	-0	-0	0	18.8496	17.7646	0	-86.4498	0.378962	-0.131834	0.0216988	-0.153532	0.247128
0	84.7897	0	-1324.04	0	0	-0	-0	0	18.8496	17.6545	0	-12.9478	0.378962	-0.116011	0.0239017	-0.139913	0.262951
0	89.2476	0	-40.7493	0	0	-0	-0	0	18.8496	17.6837	0	35.415	0.378962	-0.102125	0.0233164	-0.125441	0.276837
0	84.9234	0	-1843.58	0	0	-0	-0	0	18.8496	17.8024	0	-55.8041	0.378962	-0.0912487	0.0209432	-0.112192	0.287713
0	76.4558	0	-919.421	0	0	-0	-0	0	18.8496	17.7428	0	139.563	0.378962	-0.0772131	0.0221351	-0.0993482	0.301749
0	81.7198	0	-119.758	0	0	-0	-0	0	18.8496	17.9397	0	-11.7507	0.378962	-0.0687253	0.0181975	-0.0869228	0.310236
0	95.829	0	-1506	0	0	-0	-0	0	18.8496	18.1589	0	154.646	0.378962	-0.0633312	0.0138129	-0.0771441	0.315631
0	95.3056	0	-1122.93	0	0	-0	-0	0	18.8496	18.1701	0	-48.8609	0.378962	-0.0552957	0.0135894	-0.0688851	0.323666
0	101.972	0	-838.019	0	0	-0	-0	0	18.8496	18.3526	0	122.325	0.378962	-0.051383	0.00993912	-0.0613221	0.327579
0	90.3887	0	-2202.71	0	0	-0	-0	0	18.8496	18.6932	0	108.917	0.378962	-0.0541494	0.00312805	-0.0572774	0.324812
0	95.6561	0	-383.12	0	0	-0	-0	0	18.8496	18.8384	0	150.576	0.378962	-0.0558611	0.000222702	-0.0560838	0.323101
0	98.7709	0	-399.88	0	0	-0	-0	0	18.8496	19.0167	0	117.776	0.378962	-0.0600301	-0.0033424	-0.0566877	0.318932
0	92.5035	0	-1046.31	0	0	-0	-0	0	18.8496	19.2668	0	0.459686	0.378962	-0.0679154	-0.00834427	-0.0595711	0.311046
0	101.793	0	-2241.02	0	0	-0	-0	0	18.8496	19.5025	0	103.171	0.378962	-0.0788114	-0.0130588	-0.0657526	0.30015
0	113.668	0	-1750.21	0	0	-0	-0	0	18.8496	19.6414	0	127.352	0.378962	-0.0901618	-0.0158364	-0.0743254	0.2888
0	107.533	0	-2087.79	0	0	-0	-0	0	18.8496	19.7984	0	45.2313	0.378962	-0.103777	-0.0189759	-0.084801	0.275185
0	106.701	0	-2217.08	0	0	-0	-0	0	18.8496	19.7733	0	70.131	0.378962	-0.108969	-0.0184757	-0.0904938	0.269992
0	110.629	0	-1273.76	0	0	-0	-0	0	18.8496	19.7787	0	13.6278	0.378962	-0.120257	-0.0185821	-0.101675	0.258705
0	116.871	0	-1259.4	0	0	-0	-0	0	18.8496	19.843	0	51.935	0.378962	-0.133033	-0.0198698	-0.113163	0.245929
0	114.039	0	-1647.26	0	0	-0	-0	0	18.8496	19.8505	0	34.2179	0.378962	-0.14525	-0.0200188	-0.125231	0.233711
0	106.979	0	-833.23	0	0	-0	-0	0	18.8496	19.6941	0	-80.7038	0.378962	-0.153143	-0.01689	-0.136253	0.225819
0	101.024	0	-2370.31	0	0	-0	-0	0	18.8496	19.6797	0	-47.6638	0.378962	-0.163063	-0.0166027	-0.14646	0.215899
0	111.92	0	-1673.59	0	0	-0	-0	0	18.8496	19.4307	0	-83.8162	0.378962	-0.166994	-0.0116221	-0.155372	0.211968
0	121.342	0	-1829.22	0	0	-0	-0	0	18.8496	19.2301	0	6.44519	0.378962	-0.169064	-0.00760994	-0.161454	0.209898
0	127.225	0	-1149.26	0	0	-0	-0	0	18.8496	19.1603	0	-32.8197	0.378962	-0.171834	-0.00621582	-0.165618	0.207128
0	130.413	0	-909.845	0	0	-0	-0	0	18.8496	19.0385	0	-73.0423	0.378962	-0.172628	-0.00377876	-0.168849	0.206334
0	135.985	0	-2169.19	0	0	-0	-0	0	18.8496	18.8512	0	-96.9843	0.378962	-0.170099	-3.2692e-05	-0.170066	0.208863
0	133.339	0	-818.865	0	0	-0	-0	0	18.8496	18.7969	0	-10.7931	0.378962	-0.168832	0.00105286	-0.169885	0.21013
0	121.156	0	-1814.85	0	0	-0	-0	0	18.8496	18.7501	0	34.2179	0.378962	-0.167091	0.00198936	-0.169081	0.21187
0	135.487	0	-246.651	0	0	-0	-0	0	18.8496	18.5537	0	-118.772	0.378962	-0.161374	0.00591629	-0.16729	0.217588
0	138.843	0	-1489.24	0	0	-0	-0	0	18.8496	18.3574	0	-93.1536	0.378962	-0.15361	0.00984333	-0.163453	0.225352
0	145.713	0	-2609.73	0	0	-0	-0	0	18.8496	18.3122	0	-205.202	0.378962	-0.149752	0.0107479	-0.1605	0.22921
0	141.014	0	-1218.7	0	0	-0	-0	0	18.8496	18.2552	0	129.747	0.378962	-0.137839	0.0118866	-0.149725	0.241123
0	142.749	0	-1575.43	0	0	-0	-0	0	18.8496	18.1158	0	-148.22	0.378962	-0.127523	0.0146749	-0.142198	0.251439
0	145.518	0	-895.479	0	0	-0	-0	0	18.8496	18.0881	0	-80.2249	0.378962	-0.122567	0.0152283	-0.137795	0.256395
0	146.364	0	-629.723	0	0	-0	-0	0	18.8496	18.0019	0	66.5397	0.378962	-0.111256	0.0169524	-0.128208	0.267706
0	141.059	0	-1326.44	0	0	-0	-0	0	18.8496	18.0078	0	-83.098	0.378962	-0.101112	0.0168352	-0.117947	0.27785
0	152.325	0	-890.691	0	0	-0	-0	0	18.8496	17.9913	0	5.00867	0.378962	-0.090569	0.0171652	-0.107734	0.288393
0	155.058	0	-1637.68	0	0	-0	-0	0	18.8496	17.994	0	39.964	0.378962	-0.0804476	0.017112	-0.0975596	0.298514
0	151.477	0	-1393.47	0	0	-0	-0	0	18.8496	18.0865	0	1.17795	0.378962	-0.0725526	0.0152602	-0.0878128	0.306409
0	153.263	0	-1824.43	0	0	-0	-0	0	18.8496	18.1094	0	125.676	0.378962	-0.063953	0.0148026	-0.0787556	0.315009
0	163.73	0	-426.216	0	0	-0	-0	0	18.8496	18.1999	0	-82.6191	0.378962	-0.0570562	0.0129934	-0.0700497	0.321905
0	155.628	0	-1338.41	0	0	-0	-0	0	18.8496	18.2664	0	189.602	0.378962	-0.050814	0.0116631	-0.0624771	0.328148
0	151.763	0	-1168.42	0	0	-0	-0	0	18.8496	18.5468	0	25.12	0.378962	-0.0504877	0.00605469	-0.0565424	0.328474
0	160.197	0	-1896.26	0	0	-0	-0	0	18.8496	18.8352	0	105.565	0.378962	-0.0542672	0.000286598	-0.0545538	0.324695
0	159.54	0	-2430.16	0	0	-0	-0	0	18.8496	18.8656	0	43.5553	0.378962	-0.054836	-0.000320053	-0.0545159	0.324126
0	154.628	0	-589.021	0	0	-0	-0	0	18.8496	19.0183	0	96.946	0.378962	-0.0584558	-0.00337433	-0.0550815	0.320506
0	159.4	0	-3114.9	0	0	-0	-0	0	18.8496	19.0332	0	18.1768	0.378962	-0.0610115	-0.00367233	-0.0573391	0.31795
0	174.651	0	-203.555	0	0	-0	-0	0	18.8496	19.0832	0	40.2034	0.378962	-0.0642376	-0.0046727	-0.0595649	0.314724
0	165.544	0	-2185.95	0	0	-0	-0	0	18.8496	19.3093	0	124.479	0.378962	-0.0728253	-0.00919563	-0.0636296	0.306136
0	160.911	0	-938.575	0	0	-0	-0	0	18.8496	19.3828	0	58.6388	0.378962	-0.0801402	-0.0106643	-0.0694759	0.298822
0	164.414	0	-756.616	0	0	-0	-0	0	18.8496	19.6196	0	65.8214	0.378962	-0.0921749	-0.0154001	-0.0767748	0.286787
0	161.441	0	-3301.65	0	0	-0	-0	0	18.8496	19.56	0	-70.4087	0.378962	-0.100255	-0.0142081	-0.0860468	0.278707
0	156.771	0	670.329	0	-0	-0	-0	0	18.8496	19.586	0	10.2759	0.378962	-0.109241	-0.0147296	-0.094511	0.269721
0	167.064	0	-380.726	0	0	-0	-0	0	18.8496	19.6265	0	-94.8295	0.378962	-0.114468	-0.0155384	-0.0989299	0.264493
0	164.44	0	-2284.12	0	0	-0	-0	0	18.8496	19.7425	0	82.102	0.378962	-0.126526	-0.0178584	-0.108668	0.252435
0	174.795	0	-1261.79	0	0	-0	-0	0	18.8496	19.6254	0	-74.7182	0.378962	-0.134536	-0.0155171	-0.119019	0.244426
0	179.322	0	-1850.77	0	0	-0	-0	0	18.8496	19.5099	0	-16.7786	0.378962	-0.14548	-0.0132078	-0.132273	0.233481
0	190.556	0	-1312.07	0	0	-0	-0	0	18.8496	19.3599	0	-49.5791	0.378962	-0.149357	-0.0102067	-0.13915	0.229605
0	180.067	0	-2829.99	0	0	-0	-0	0	18.8496	19.3083	0	-10.3142	0.378962	-0.154573	-0.00917435	-0.145399	0.224389
0	180.663	0	-1345.59	0	0	-0	-0	0	18.8496	19.0688	0	-115.18	0.378962	-0.154162	-0.00438538	-0.149776	0.2248
0	182.896	0	-2317.64	0	0	-0	-0	0	18.8496	19.0156	0	1.65679	0.378962	-0.155406	-0.00332111	-0.152085	0.223556
0	179.51	0	-962.517	0	0	-0	-0	0	18.8496	18.8469	0	-43.3542	0.378962	-0.153265	5.24521e-05	-0.153318	0.225696
0	163.914	0	-2384.67	0	0	-0	-0	0	18.8496	18.6208	0	-82.1403	0.378962	-0.147335	0.00457542	-0.15191	0.231627
0	174.192	0	-474.1	0	0	-0	-0	0	18.8496	18.6176	0	22.7258	0.378962	-0.144574	0.00463928	-0.149213	0.234388
0	188.291	0	-2138.07	0	0	-0	-0	0	18.8496	18.5505	0	-70.8875	0.378962	-0.140318	0.00598022	-0.146298	0.238644
0	194.274	0	-1611.35	0	0	-0	-0	0	18.8496	18.5	0	-4.32872	0.378962	-0.135444	0.0069912	-0.142436	0.243517
0	187.729	0	-2367.91	0	0	-0	-0	0	18.8496	18.4686	0	-24.9189	0.378962	-0.130635	0.00761909	-0.138254	0.248327
0	190.347	0	-3363.9	0	0	-0	-0	0	18.8496	18.393	0	41.64	0.378962	-0.126838	0.00913033	-0.135968	0.252124
0	190.712	0	-672.819	0	0	-0	-0	0	18.8496	18.2834	0	-14.8632	0.378962	-0.118704	0.0113226	-0.130027	0.260257
0	175.509	0	-979.276	0	0	-0	-0	0	18.8496	18.103	0	-63.2261	0.378962	-0.103667	0.0149303	-0.118598	0.275294
0	189.983	0	-1829.22	0	0	-0	-0	0	18.8496	18.1515	0	23.6834	0.378962	-0.0956937	0.0139619	-0.109656	0.283268
0	196.599	0	-2779.72	0	0	-0	-0	0	18.8496	18.1727	0	-71.3664	0.378962	-0.0919308	0.0135362	-0.105467	0.287031
0	191.426	0	-2382.28	0	0	-0	-0	0	18.8496	18.1658	0	142.196	0.378962	-0.0837282	0.0136745	-0.0974027	0.295234
0	188.67	0	-1769.36	0	0	-0	-0	0	18.8496	18.2462	0	-49.8186	0.378962	-0.0775774	0.0120676	-0.089645	0.301384
0	185.128	0	-332.842	0	0	-0	-0	0	18.8496	18.2749	0	4.29041	0.378962	-0.0676807	0.0114929	-0.0791737	0.311281
0	188.507	0	236.978	0	-0	-0	-0	0	18.8496	18.3308	0	61.2724	0.378962	-0.0653504	0.0103754	-0.0757258	0.313611
0	183.584	0	-2710.28	0	0	-0	-0	0	18.8496	18.5282	0	0.699109	0.378962	-0.0639929	0.00642715	-0.07042	0.314969
0	202.374	0	-1774.15	0	0	-0	-0	0	18.8496	18.599	0	91.9182	0.378962	-0.0618553	0.00501175	-0.066867	0.317106
0	198.058	0	-2923.37	0	0	-0	-0	0	18.8496	18.7017	0	107.241	0.378962	-0.0616078	0.00295776	-0.0645656	0.317354
0	195.297	0	-1197.15	0	0	-0	-0	0	18.8496	18.8171	0	2.61447	0.378962	-0.061683	0.000648422	-0.0623314	0.317279
0	200.718	0	-1197.15	0	0	-0	-0	0	18.8496	18.8544	0	2.61447	0.378962	-0.0622334	-9.655e-05	-0.0621368	0.316728
0	205.318	0	-2509.17	0	0	-0	-0	0	18.8496	18.9523	0	50.0197	0.378962	-0.0647092	-0.00205471	-0.0626545	0.314252
0	200.471	0	-658.453	0	0	-0	-0	0	18.8496	19.0592	0	87.6086	0.378962	-0.0683621	-0.0041938	-0.0641683	0.3106
0	205.573	0	-117.364	0	0	-0	-0	0	18.8496	19.2519	0	122.564	0.378962	-0.0784058	-0.00804626	-0.0703596	0.300556
0	200.185	0	-2626.49	0	0	-0	-0	0	18.8496	19.3077	0	-82.3797	0.378962	-0.0843574	-0.00916374	-0.0751937	0.294604
0	199.187	0	-2626.49	0	0	-0	-0	0	18.8496	19.3743	0	-82.3797	0.378962	-0.0884368	-0.010494	-0.0779428	0.290525
0	202.898	0	-1989.63	0	0	-0	-0	0	18.8496	19.4291	0	8.12113	0.378962	-0.0962189	-0.0115902	-0.0846287	0.282743
0	214.393	0	-1699.93	0	0	-0	-0	0	18.8496	19.4003	0	-7.44118	0.378962	-0.102372	-0.0110155	-0.0913562	0.27659
0	208.65	0	-1980.05	0	0	-0	-0	0	18.8496	19.2524	0	-60.8319	0.378962	-0.105713	-0.00805695	-0.0976558	0.273249
0	207.574	0	-2209.9	0	0	-0	-0	0	18.8496	19.2311	0	1.41737	0.378962	-0.111603	-0.00763123	-0.103972	0.267359
0	215.183	0	-2370.31	0	0	-0	-0	0	18.8496	19.2056	0	21.7681	0.378962	-0.113381	-0.00712044	-0.106261	0.26558
0	210.608	0	-2547.48	0	0	-0	-0	0	18.8496	19.0545	0	-32.3409	0.378962	-0.113689	-0.00409801	-0.109591	0.265272
0	205.981	0	-1417.42	0	0	-0	-0	0	18.8496	19.1949	0	51.935	0.378962	-0.119424	-0.00690758	-0.112516	0.259538
0	222.533	0	-1620.92	0	0	-0	-0	0	18.8496	19.1566	0	-35.4533	0.378962	-0.12286	-0.00614136	-0.116718	0.256102
0	207.616	0	83.7492	0	-0	-0	-0	0	18.8496	18.9805	0	-36.411	0.378962	-0.123316	-0.00261871	-0.120697	0.255646
0	212.842	0	-2909	0	0	-0	-0	0	18.8496	18.9177	0	-76.1548	0.378962	-0.123341	-0.00136299	-0.121978	0.255621
0	216.478	0	-754.221	0	0	-0	-0	0	18.8496	18.8033	0	-6.72292	0.378962	-0.121436	0.000925102	-0.122361	0.257525
0	215.143	0	-1570.64	0	0	-0	-0	0	18.8496	18.7182	0	-45.7484	0.378962	-0.119051	0.00262787	-0.121679	0.259911
0	212.565	0	-1728.66	0	0	-0	-0	0	18.8496	18.5383	0	-18.9333	0.378962	-0.112929	0.00622494	-0.119154	0.266033
0	210.418	0	-287.352	0	0	-0	-0	0	18.8496	18.4803	0	-32.8197	0.378962	-0.109901	0.00738495	-0.117286	0.26906
0	221.983	0	-3572.2	0	0	-0	-0	0	18.8496	18.4787	0	-6.00465	0.378962	-0.105569	0.00741692	-0.112986	0.273393
0	216.737	0	-1491.64	0	0	-0	-0	0	18.8496	18.4388	0	82.3414	0.378962	-0.100196	0.00821503	-0.108411	0.278765
0	221.908	0	-2334.39	0	0	-0	-0	0	18.8496	18.3164	0	-67.5356	0.378962	-0.0920981	0.0106628	-0.102761	0.286864
0	219.988	0	-1470.09	0	0	-0	-0	0	18.8496	18.202	0	-48.6214	0.378962	-0.0827323	0.0129509	-0.0956832	0.296229
0	213.426	0	-1084.62	0	0	-0	-0	0	18.8496	18.2371	0	-14.8632	0.378962	-0.0756897	0.0122485	-0.0879382	0.303272
0	223.068	0	-1264.19	0	0	-0	-0	0	18.8496	18.3005	0	41.4005	0.378962	-0.0699678	0.0109821	-0.0809499	0.308994
0	232.169	0	414.149	0	-0	-0	-0	0	18.8496	18.4287	0	114.424	0.378962	-0.0666521	0.00841728	-0.0750694	0.31231
0	223.069	0	-4850.7	0	0	-0	-0	0	18.8496	18.4952	0	-0.737402	0.378962	-0.063162	0.00708698	-0.0702489	0.3158
0	230.531	0	-1273.76	0	0	-0	-0	0	18.8496	18.4218	0	7.88171	0.378962	-0.0569974	0.0085556	-0.065553	0.321964
0	214.966	0	-2243.42	0	0	-0	-0	0	18.8496	18.418	0	-142.714	0.378962	-0.049459	0.00863014	-0.0580892	0.329503
0	221.461	0	-876.326	0	0	-0	-0	0	18.8496	18.3819	0	-6.00466	0.378962	-0.0461463	0.00935379	-0.0555001	0.332815
0	227.813	0	-928.998	0	0	-0	-0	0	18.8496	18.5064	0	59.5965	0.378962	-0.0435575	0.00686348	-0.050421	0.335404
0	229.362	0	-842.807	0	0	-0	-0	0	18.8496	18.6352	0	-29.9467	0.378962	-0.0419352	0.0042881	-0.0462233	0.337026
0	218.068	0	-2336.79	0	0	-0	-0	0	18.8496	18.7575	0	102.213	0.378962	-0.0424423	0.00184036	-0.0442826	0.336519
0	230.147	0	-969.7	0	0	-0	-0	0	18.8496	18.8975	0	153.689	0.378962	-0.0448649	-0.000958557	-0.0439063	0.334097
0	218.693	0	-2463.68	0	0	-0	-0	0	18.8496	18.931	0	-36.8899	0.378962	-0.0461168	-0.00162899	-0.0444879	0.332845
0	218.198	0	-2377.49	0	0	-0	-0	0	18.8496	18.9869	0	82.3414	0.378962	-0.0483043	-0.00274643	-0.0455578	0.330657
0	237.161	0	-1381.5	0	0	-0	-0	0	18.8496	19.2375	0	23.444	0.378962	-0.0560119	-0.00775898	-0.0482529	0.32295
0	223.952	0	-1788.52	0	0	-0	-0	0	18.8496	19.3046	0	38.7669	0.378962	-0.0624966	-0.00909988	-0.0533968	0.316465
0	227.92	0	-996.036	0	0	-0	-0	0	18.8496	19.3264	0	7.88171	0.378962	-0.0656629	-0.00953621	-0.0561267	0.313299
0	239.925	0	-2442.13	0	0	-0	-0	0	18.8496	19.2928	0	-92.6748	0.378962	-0.0706216	-0.00886574	-0.0617559	0.30834
0	234.696	0	-2085.4	0	0	-0	-0	0	18.8496	19.0864	0	-26.8342	0.378962	-0.0710041	-0.00473652	-0.0662676	0.307958
0	223.471	0	-1197.15	0	0	-0	-0	0	18.8496	18.9757	0	-65.3809	0.378962	-0.0709811	-0.00252296	-0.0684582	0.307981
0	231.042	0	-1656.84	0	0	-0	-0	0	18.8496	19.0571	0	210.431	0.378962	-0.0744329	-0.00415123	-0.0702817	0.304529
0	221.26	0	-1616.13	0	0	-0	-0	0	18.8496	19.1497	0	67.4973	0.378962	-0.0810424	-0.00600296	-0.0750394	0.297919
0	226.511	0	-2454.1	0	0	-0	-0	0	18.8496	19.27	0	136.45	0.378962	-0.0874324	-0.00840813	-0.0790243	0.291529
0	237.646	0	-3876.26	0	0	-0	-0	0	18.8496	19.204	0	-63.2261	0.378962	-0.0909022	-0.00708847	-0.0838138	0.288059
0	239.807	0	-1551.49	0	0	-0	-0	0	18.8496	19.089	0	37.091	0.378962	-0.0919467	-0.00478977	-0.087157	0.287015
0	234.394	0	-1896.26	0	0	-0	-0	0	18.8496	19.171	0	-69.2116	0.378962	-0.0970438	-0.00642868	-0.0906151	0.281918
0	244	0	-584.233	0	0	-0	-0	0	18.8496	19.1545	0	58.16	0.378962	-0.10051	-0.00609875	-0.0944116	0.278451
0	230.867	0	-1692.75	0	0	-0	-0	0	18.8496	19.3099	0	6.68461	0.378962	-0.108015	-0.00920631	-0.0988084	0.270947
0	236.474	0	-2897.03	0	0	-0	-0	0	18.8496	19.3487	0	168.772	0.378962	-0.114682	-0.00998318	-0.104699	0.264279
0	244.395	0	-1340.8	0	0	-0	-0	0	18.8496	19.2205	0	-87.8864	0.378962	-0.117396	-0.0074184	-0.109977	0.261566
0	230.259	0	-2777.32	0	0	-0	-0	0	18.8496	19.0763	0	-70.6481	0.378962	-0.11834	-0.00453434	-0.113806	0.260622
0	238.196	0	-1783.73	0	0	-0	-0	0	18.8496	19.0018	0	-71.3664	0.378962	-0.119044	-0.00304443	-0.116	0.259918
0	237.955	0	-1927.38	0	0	-0	-0	0	18.8496	19.0076	0	13.8672	0.378962	-0.121275	-0.00316151	-0.118114	0.257687
0	227.201	0	-1228.27	0	0	-0	-0	0	18.8496	18.8852	0	27.2747	0.378962	-0.120172	-0.000713768	-0.119458	0.25879
0	232.11	0	-2150.04	0	0	-0	-0	0	18.8496	18.8315	0	-33.2986	0.378962	-0.119248	0.000361099	-0.119609	0.259714
0	242.852	0	-2439.74	0	0	-0	-0	0	18.8496	18.6995	0	-50.7762	0.378962	-0.115801	0.00300037	-0.118801	0.263161
0	233.663	0	-1740.63	0	0	-0	-0	0	18.8496	18.4558	0	-140.319	0.378962	-0.107942	0.00787453	-0.115817	0.27102
0	235.727	0	-2463.68	0	0	-0	-0	0	18.8496	18.2967	0	-54.1281	0.378962	-0.0994479	0.0110565	-0.110504	0.279514
0	240.178	0	-1221.09	0	0	-0	-0	0	18.8496	18.1999	0	-24.2006	0.378962	-0.0904716	0.0129935	-0.103465	0.28849
0	238	0	150.787	0	-0	-0	-0	0	18.8496	18.2605	0	185.292	0.378962	-0.0841027	0.0117802	-0.0958829	0.294859
0	236.757	0	-2990.41	0	0	-0	-0	0	18.8496	18.3239	0	-88.6046	0.378962	-0.0783712	0.0105138	-0.088885	0.300591
0	246.091	0	-2185.95	0	0	-0	-0	0	18.8496	18.434	0	56.484	0.378962	-0.0748916	0.00831085	-0.0832025	0.30407
0	238.231	0	-2020.75	0	0	-0	-0	0	18.8496	18.4223	0	-20.8487	0.378962	-0.0694954	0.00854496	-0.0780404	0.309466
0	237.624	0	-2288.9	0	0	-0	-0	0	18.8496	18.5644	0	96.946	0.378962	-0.0680688	0.00570347	-0.0737722	0.310893
0	238.264	0	-2092.58	0	0	-0	-0	0	18.8496	18.5564	0	21.2892	0.378962	-0.06457	0.00586311	-0.0704331	0.314392
0	232.702	0	-2262.57	0	0	-0	-0	0	18.8496	18.6187	0	81.8625	0.378962	-0.0622909	0.004618	-0.0669089	0.316671
0	235.934	0	-1247.43	0	0	-0	-0	0	18.8496	18.8049	0	47.386	0.378962	-0.0639696	0.000893211	-0.0648628	0.314992
0	240.054	0	-754.221	0	0	-0	-0	0	18.8496	18.9353	0	15.7826	0.378962	-0.0664849	-0.00171417	-0.0647707	0.312477
0	236.545	0	-3385.45	0	0	-0	-0	0	18.8496	18.9986	0	46.1889	0.378962	-0.0693576	-0.00298058	-0.0663771	0.309604
0	241.274	0	-182.007	0	0	-0	-0	0	18.8496	18.9683	0	-22.2852	0.378962	-0.07045	-0.002374	-0.068076	0.308512
0	243.017	0	-3306.44	0	0	-0	-0	0	18.8496	19.0454	0	194.869	0.378962	-0.0739634	-0.00391708	-0.0700464	0.304998
0	230.175	0	-287.352	0	0	-0	-0	0	18.8496	19.006	0	-79.2672	0.378962	-0.0749483	-0.00312958	-0.0718187	0.304013
0	241.295	0	-3052.66	0	0	-0	-0	0	18.8496	19.237	0	89.524	0.378962	-0.0823611	-0.00774834	-0.0746128	0.296601
0	237.967	0	-2023.15	0	0	-0	-0	0	18.8496	19.2263	0	-16.2997	0.378962	-0.0870176	-0.00753548	-0.0794821	0.291944
0	231.398	0	-1288.13	0	0	-0	-0	0	18.8496	19.1401	0	-74.4788	0.378962	-0.0893519	-0.00581146	-0.0835404	0.28961
0	234.034	0	-4199.48	0	0	-0	-0	0	18.8496	19.1375	0	57.6811	0.378962	-0.0928621	-0.00575821	-0.0871039	0.2861
0	230.826	0	409.361	0	-0	-0	-0	0	18.8496	19.0779	0	109.156	0.378962	-0.0947069	-0.00456627	-0.0901406	0.284255
0	223.18	0	-2121.31	0	0	-0	-0	0	18.8496	19.0183	0	-111.828	0.378962	-0.0956992	-0.00337433	-0.0923249	0.283263
0	234.899	0	-1055.89	0	0	-0	-0	0	18.8496	19.1178	0	15.3037	0.378962	-0.100126	-0.00536446	-0.0947613	0.278836
0	237.706	0	-3811.62	0	0	-0	-0	0	18.8496	19.1486	0	-5.52582	0.378962	-0.104208	-0.00598167	-0.0982258	0.274754
0	230.667	0	-1125.32	0	0	-0	-0	0	18.8496	19.1295	0	-36.1716	0.378962	-0.107704	-0.00559856	-0.102105	0.271258
0	235.35	0	-3110.12	0	0	-0	-0	0	18.8496	18.8762	0	37.8092	0.378962	-0.10472	-0.000532875	-0.104187	0.274241
0	240.957	0	-2114.13	0	0	-0	-0	0	18.8496	18.8336	0	-30.1861	0.378962	-0.103822	0.000318527	-0.10414	0.27514
0	232.748	0	-1345.59	0	0	-0	-0	0	18.8496	18.7841	0	-34.2562	0.378962	-0.10235	0.00130821	-0.103658	0.276612
0	238.991	0	-876.326	0	0	-0	-0	0	18.8496	18.7895	0	-20.8487	0.378962	-0.101499	0.00120182	-0.102701	0.277462
0	230.423	0	-1508.4	0	0	-0	-0	0	18.8496	18.8985	0	98.8614	0.378962	-0.103819	-0.000979843	-0.102839	0.275143
0	223.822	0	-2396.64	0	0	-0	-0	0	18.8496	18.8358	0	-57.0011	0.378962	-0.102969	0.000275917	-0.103245	0.275993
0	221.824	0	-1304.89	0	0	-0	-0	0	18.8496	18.7671	0	104.847	0.378962	-0.100951	0.00164879	-0.1026	0.27801
0	216.308	0	-2904.21	0	0	-0	-0	0	18.8496	18.7943	0	-128.348	0.378962	-0.100489	0.00110603	-0.101595	0.278473
0	218.447	0	-1506	0	0	-0	-0	0	18.8496	18.8161	0	11.473	0.378962	-0.100593	0.000669708	-0.101263	0.278368
0	214.892	0	-3265.74	0	0	-0	-0	0	18.8496	18.9246	0	140.52	0.378962	-0.10303	-0.00150131	-0.101529	0.275932
0	228.073	0	-1173.21	0	0	-0	-0	0	18.8496	18.8097	0	-47.1849	0.378962	-0.100939	0.000797424	-0.101737	0.278023
0	219.178	0	-2260.17	0	0	-0	-0	0	18.8496	18.7597	0	-40.4812	0.378962	-0.0989591	0.00179779	-0.100757	0.280003
0	217.462	0	-2980.83	0	0	-0	-0	0	18.8496	18.8267	0	-24.9188	0.378962	-0.0996301	0.000456848	-0.100087	0.279332
0	234.686	0	-981.671	0	0	-0	-0	0	18.8496	18.8288	0	66.3002	0.378962	-0.0995709	0.000414276	-0.0999852	0.279391
0	226.417	0	-3201.1	0	0	-0	-0	0	18.8496	18.8028	0	-8.63828	0.378962	-0.0987115	0.000935745	-0.0996472	0.28025
0	223.843	0	-967.305	0	0	-0	-0	0	18.8496	18.7676	0	141.478	0.378962	-0.0972656	0.00163818	-0.0989038	0.281696
0	222.603	0	-1764.57	0	0	-0	-0	0	18.8496	18.8539	0	-63.7049	0.378962	-0.0982718	-8.5907e-05	-0.0981859	0.28069
0	222.648	0	-1312.07	0	0	-0	-0	0	18.8496	18.8539	0	-9.83538	0.378962	-0.0982563	-8.5907e-05	-0.0981704	0.280705
0	221.533	0	-2269.75	0	0	-0	-0	0	18.8496	18.9374	0	-70.6481	0.378962	-0.101272	-0.00175674	-0.0995152	0.27769
0	225.9	0	-2166.8	0	0	-0	-0	0	18.8496	18.8895	0	-60.353	0.378962	-0.100841	-0.00079895	-0.100042	0.278121
0	216.939	0	-2545.08	0	0	-0	-0	0	18.8496	18.749	0	107.241	0.378962	-0.0978085	0.00201065	-0.0998192	0.281153
0	218.128	0	-612.964	0	0	-0	-0	0	18.8496	18.7235	0	-13.1873	0.378962	-0.0958902	0.00252148	-0.0984117	0.283072
0	233.641	0	-1855.55	0	0	-0	-0	0	18.8496	18.7091	0	-44.5513	0.378962	-0.0937611	0.0028088	-0.0965699	0.285201
0	227.179	0	-2183.56	0	0	-0	-0	0	18.8496	18.8129	0	21.7681	0.378962	-0.094812	0.000733566	-0.0955455	0.28415
0	232.267	0	-1922.59	0	0	-0	-0	0	18.8496	18.8932	0	68.455	0.378962	-0.0965344	-0.000873413	-0.0956609	0.282427
0	228.436	0	-2044.7	0	0	-0	-0	0	18.8496	18.7788	0	-44.7907	0.378962	-0.0945086	0.00141464	-0.0959232	0.284453
0	213.932	0	-1149.26	0	0	-0	-0	0	18.8496	18.6006	0	30.3872	0.378962	-0.0891655	0.00497986	-0.0941453	0.289796
0	223.76	0	-1628.11	0	0	-0	-0	0	18.8496	18.6591	0	2.61447	0.378962	-0.0874025	0.0038092	-0.0912117	0.291559
0	238.784	0	-1070.26	0	0	-0	-0	0	18.8496	18.8475	0	31.1055	0.378962	-0.0897592	4.18091e-05	-0.089801	0.289203
0	226.533	0	-2600.15	0	0	-0	-0	0	18.8496	18.9044	0	-19.4122	0.378962	-0.0913517	-0.00109692	-0.0902548	0.28761
0	230.435	0	-1884.28	0	0	-0	-0	0	18.8496	18.8624	0	19.6133	0.378962	-0.0912553	-0.000256195	-0.0909991	0.287706
0	231.184	0	-2499.59	0	0	-0	-0	0	18.8496	18.7756	0	13.6278	0.378962	-0.0892337	0.0014785	-0.0907122	0.289728
0	213.466	0	-1941.75	0	0	-0	-0	0	18.8496	18.7187	0	53.611	0.378962	-0.0870227	0.00261723	-0.08964	0.291939
0	213.909	0	-258.622	0	0	-0	-0	0	18.8496	18.6139	0	-71.6058	0.378962	-0.0827237	0.00471374	-0.0874375	0.296238
0	220.429	0	-2159.62	0	0	-0	-0	0	18.8496	18.6016	0	-77.3519	0.378962	-0.0795358	0.00495853	-0.0844943	0.299426
0	212.132	0	-33.5667	0	0	-0	-0	0	18.8496	18.6022	0	-43.833	0.378962	-0.0750294	0.00494789	-0.0799773	0.303932
0	230.451	0	-122.152	0	0	-0	-0	0	18.8496	18.6181	0	-52.6916	0.378962	-0.0738644	0.0046286	-0.078493	0.305097
0	238.412	0	-3782.89	0	0	-0	-0	0	18.8496	18.7613	0	106.044	0.378962	-0.0745725	0.00176586	-0.0763384	0.304389
0	236.47	0	-854.778	0	0	-0	-0	0	18.8496	18.7054	0	48.3437	0.378962	-0.0721848	0.0028833	-0.0750681	0.306777
0	232.761	0	-1316.86	0	0	-0	-0	0	18.8496	18.6043	0	-122.363	0.378962	-0.0677783	0.00490532	-0.0726836	0.311183
0	233.682	0	-2126.1	0	0	-0	-0	0	18.8496	18.7347	0	76.8347	0.378962	-0.0680267	0.00229797	-0.0703247	0.310935
0	230.845	0	-766.192	0	0	-0	-0	0	18.8496	18.8778	0	41.4005	0.378962	-0.0704142	-0.000564804	-0.0698494	0.308547
0	228.948	0	-3203.49	0	0	-0	-0	0	18.8496	19.0156	0	113.705	0.378962	-0.0741448	-0.00332115	-0.0708237	0.304817
0	233.067	0	-1075.04	0	0	-0	-0	0	18.8496	18.9938	0	53.611	0.378962	-0.0754776	-0.00288479	-0.0725929	0.303484
0	223.511	0	-1429.39	0	0	-0	-0	0	18.8496	18.9645	0	-10.0748	0.378962	-0.0762305	-0.0022995	-0.073931	0.302731
0	214.811	0	-2121.31	0	0	-0	-0	0	18.8496	19.179	0	47.1466	0.378962	-0.0843193	-0.00658829	-0.077731	0.294642
0	227.661	0	-2554.66	0	0	-0	-0	0	18.8496	19.1614	0	3.81157	0.378962	-0.0859446	-0.00623711	-0.0797075	0.293017
0	223.767	0	-1697.54	0	0	-0	-0	0	18.8496	19.0805	0	34.4574	0.378962	-0.0877276	-0.00461948	-0.0831081	0.291234
0	229.797	0	-1582.62	0	0	-0	-0	0	18.8496	19.0502	0	44.513	0.378962	-0.0898161	-0.00401291	-0.0858032	0.289146
0	237.74	0	-1575.43	0	0	-0	-0	0	18.8496	19.1093	0	30.3872	0.378962	-0.0946186	-0.00519417	-0.0894244	0.284343
0	228.809	0	-2798.87	0	0	-0	-0	0	18.8496	19.0704	0	62.2301	0.378962	-0.0969198	-0.00441727	-0.0925026	0.282042
0	230.189	0	-1743.03	0	0	-0	-0	0	18.8496	19.0135	0	-6.00466	0.378962	-0.0981506	-0.00327858	-0.094872	0.280811
0	227.006	0	-2784.5	0	0	-0	-0	0	18.8496	18.8326	0	-100.097	0.378962	-0.0956628	0.000339813	-0.0960027	0.283299
0	224.637	0	-98.2102	0	0	-0	-0	0	18.8496	18.7426	0	-36.411	0.378962	-0.0930091	0.00213833	-0.0951475	0.285953
0	223.275	0	-2094.97	0	0	-0	-0	0	18.8496	18.8549	0	60.3147	0.378962	-0.0944953	-0.000107193	-0.0943881	0.284466
0	235.699	0	-687.184	0	0	-0	-0	0	18.8496	18.8916	0	89.0452	0.378962	-0.0952617	-0.000841484	-0.0944202	0.2837
0	229.594	0	-1443.75	0	0	-0	-0	0	18.8496	18.9315	0	-78.549	0.378962	-0.0966446	-0.00163967	-0.0950049	0.282317
0	227.64	0	-3342.35	0	0	-0	-0	0	18.8496	18.9342	0	-14.6238	0.378962	-0.0979498	-0.00169289	-0.0962569	0.281012
0	238.653	0	-1422.2	0	0	-0	-0	0	18.8496	18.8533	0	-57.7194	0.378962	-0.0970797	-7.52258e-05	-0.0970045	0.281882
0	233.601	0	-3102.93	0	0	-0	-0	0	18.8496	18.6692	0	33.7391	0.378962	-0.0926253	0.00360699	-0.0962323	0.286336
0	240.178	0	-165.248	0	0	-0	-0	0	18.8496	18.6282	0	100.537	0.378962	-0.0891851	0.00442642	-0.0936115	0.289777
0	232.307	0	-1783.73	0	0	-0	-0	0	18.8496	18.8677	0	168.533	0.378962	-0.0916952	-0.000362587	-0.0913326	0.287266
0	226.528	0	-2229.05	0	0	-0	-0	0	18.8496	18.8821	0	-79.0278	0.378962	-0.0924236	-0.00064991	-0.0917737	0.286538
0	232.993	0	-2171.59	0	0	-0	-0	0	18.8496	18.7331	0	29.1901	0.378962	-0.0890068	0.00232994	-0.0913367	0.289955
0	231.494	0	-1333.62	0	0	-0	-0	0	18.8496	18.6155	0	-121.645	0.378962	-0.0845449	0.00468185	-0.0892268	0.294417
0	230.241	0	-1285.73	0	0	-0	-0	0	18.8496	18.6032	0	45.9495	0.378962	-0.0814304	0.00492661	-0.086357	0.297531
0	241.611	0	-1561.07	0	0	-0	-0	0	18.8496	18.7373	0	47.6255	0.378962	-0.0817373	0.0022448	-0.0839821	0.297224
0	222.01	0	-2545.08	0	0	-0	-0	0	18.8494	18.898	-1.23767	152.731	0.376967	-0.0846857	-0.000973244	-0.0837124	0.292281
0	216.9	0	-2241.02	0	0	-0	-0	0	18.8393	18.782	-8.7774	-147.263	0.364639	-0.0826002	0.00114647	-0.0837467	0.282039
0	220.826	0	-2976.04	0	0	-0	-0	0	18.8142	18.6091	-16.3171	-32.1015	0.352008	-0.0781546	0.00410332	-0.0822579	0.273853
0	219.017	0	-1036.74	0	0	-0	-0	0	18.7741	18.451	-23.8568	-16.2997	0.339074	-0.0728549	0.00646057	-0.0793154	0.266219
0	217.854	0	-483.677	0	0	-0	-0	0	18.7188	18.426	-31.3966	-50.5368	0.325836	-0.0698	0.00585571	-0.0756557	0.256036
0	226.466	0	-2267.36	0	0	-0	-0	0	18.6485	18.5154	-38.9363	87.1298	0.312296	-0.070414	0.00266113	-0.0730751	0.241882
0	227.067	0	-2490.02	0	0	-0	-0	0	18.5631	18.4558	-46.476	-70.6481	0.298452	-0.0693805	0.00214489	-0.0715254	0.229071
0	228.792	0	-2786.9	0	0	-0	-0	0	18.4626	18.342	-54.0158	1.65679	0.284305	-0.0675254	0.00241253	-0.069938	0.216779
0	238.485	0	-3339.96	0	0	-0	-0	0	18.347	17.9578	-61.5555	-255.241	0.269855	-0.05979	0.00778481	-0.0675748	0.210065
0	235.365	0	-1474.88	0	0	-0	-0	0	18.2164	17.6316	-69.0952	5.00867	0.255102	-0.0504757	0.0116956	-0.0621713	0.204626
0	232.691	0	-301.717	0	0	-0	-0	0	18.0706	17.4826	-76.6349	-102.252	0.240045	-0.0432507	0.0117608	-0.0550115	0.196794
0	231.246	0	-1992.02	0	0	-0	-0	0	17.9098	17.3879	-84.1747	8.36055	0.224686	-0.038002	0.010439	-0.048441	0.186684
0	223.804	0	-2164.41	0	0	-0	-0	0	17.7339	17.2831	-91.7144	-66.3385	0.209023	-0.0337394	0.00901775	-0.0427572	0.175283
0	218.076	0	-2557.06	0	0	-0	-0	0	17.543	16.9946	-99.2541	-132.897	0.193057	-0.0255687	0.0109665	-0.0365353	0.167488
0	229.781	0	-1628.11	0	0	-0	-0	0	17.3369	16.5381	-106.794	-198.02	0.176788	-0.0124815	0.0159767	-0.0284582	0.164306
0	233.976	0	-2008.78	0	0	-0	-0	0	17.116	16.1379	-113.097	-127.87	0.162208	0.00114184	0.0195612	-0.0184194	0.16335
0	234.354	0	-775.769	0	0	-0	-0	0	16.8898	15.8799	-113.097	6.44519	0.15766	0.0138976	0.0201989	-0.00630127	0.171558
0	234.33	0	-2621.7	0	0	-0	-0	0	16.6636	15.5132	-113.097	-246.143	0.153113	0.0296444	0.0230075	0.00663685	0.182757
0	231.404	0	-1515.58	0	0	-0	-0	0	16.4374	15.2094	-113.097	-102.97	0.148565	0.0453783	0.0245604	0.0208179	0.193944
0	225.921	0	-2135.68	0	0	-0	-0	0	16.2112	15.0892	-113.097	-172.641	0.144018	0.0579845	0.0224417	0.0355428	0.202002
0	223.566	0	-2784.5	0	0	-0	-0	0	15.9851	14.9492	-113.097	10.0365	0.139471	0.0689039	0.0207168	0.0481871	0.208374
0	235.295	0	-1187.57	0	0	-0	-0	0	15.7589	14.8593	-113.097	-45.7484	0.134923	0.0783451	0.0179915	0.0603536	0.213268
0	227.241	0	-4158.78	0	0	-0	-0	0	15.5327	14.813	-113.097	78.0318	0.130376	0.0841307	0.0143936	0.0697371	0.214506
0	217.816	0	-1781.33	0	0	-0	-0	0	15.3065	14.7124	-113.097	-90.7594	0.125828	0.0859363	0.0118811	0.0740552	0.211764
0	223.339	0	-1637.68	0	0	-0	-0	0	15.0803	14.7098	-113.097	-68.2539	0.123554	0.0906934	0.00967239	0.081021	0.214248
0	225.458	0	-2001.6	0	0	-0	-0	0	14.8541	14.6933	-113.097	185.531	0.119007	0.0916212	0.0054785	0.0861427	0.210628
0	215.192	0	-1805.28	0	0	-0	-0	0	14.6279	14.6118	-113.097	-130.503	0.114459	0.0917428	0.00258293	0.0891599	0.206202
0	201.824	0	-2073.43	0	0	-0	-0	0	14.4017	14.5581	-113.097	-12.2296	0.109912	0.089628	-0.000866032	0.090494	0.19954
0	213.719	0	-1640.08	0	0	-0	-0	0	14.1755	14.4155	-113.097	-130.743	0.105364	0.0873583	-0.00253777	0.089896	0.192723
0	225.453	0	-2315.24	0	0	-0	-0	0	13.9493	14.2436	-113.097	12.4307	0.100817	0.0847315	-0.00362415	0.0883557	0.185548
0	222.071	0	-2243.42	0	0	-0	-0	0	13.7231	14.1377	-113.097	-104.406	0.0962694	0.0798077	-0.00603018	0.0858379	0.176077
0	209.059	0	-2102.16	0	0	-0	-0	0	13.4969	13.9393	-113.097	-45.7484	0.0894482	0.070496	-0.00884638	0.0793424	0.159944
0	214.905	0	-3076.6	0	0	-0	-0	0	13.2707	13.9238	-113.097	-143.192	0.0871745	0.0658888	-0.0107997	0.0766884	0.153063
0	205.744	0	-2080.61	0	0	-0	-0	0	13.0446	13.6828	-113.097	96.2278	0.0803533	0.0541448	-0.0127645	0.0669093	0.134498
0	198.39	0	-2300.88	0	0	-0	-0	0	12.8184	13.5019	-113.097	-178.148	0.0758058	0.0450983	-0.0136699	0.0587682	0.120904
0	207.382	0	-2351.15	0	0	-0	-0	0	12.5922	13.2502	-113.097	-86.4498	0.0712583	0.037992	-0.01316	0.051152	0.10925
0	213.018	0	-2126.1	0	0	-0	-0	0	12.366	12.9697	-113.097	-216.694	0.0667108	0.0312474	-0.0120753	0.0433228	0.0979582
0	207.352	0	-1731.06	0	0	-0	-0	0	12.1398	12.6207	-113.097	-42.6359	0.0621633	0.0272147	-0.00961786	0.0368325	0.089378
0	201.821	0	-1424.6	0	0	-0	-0	0	11.9136	12.4254	-113.097	-122.602	0.0576158	0.0202891	-0.010236	0.0305252	0.077905
0	201.589	0	-1951.32	0	0	-0	-0	0	11.6874	12.0598	-113.097	-38.8052	0.0530684	0.01693	-0.00744862	0.0243786	0.0699984
0	207.186	0	-2312.85	0	0	-0	-0	0	11.4612	12.0151	-113.097	-74.9577	0.0507946	0.0133275	-0.00881658	0.022144	0.0641221
0	202.018	0	-605.781	0	0	-0	-0	0	11.235	11.8789	-113.097	-67.5356	0.0462471	0.00612461	-0.010616	0.0167406	0.0523717
0	189.203	0	-1233.06	0	0	-0	-0	0	11.0088	11.7459	-113.097	66.5397	0.0416996	-0.00233028	-0.0124793	0.010149	0.0393694
0	189.661	0	-2224.26	0	0	-0	-0	0	10.7826	11.5394	-113.097	-204.484	0.0371522	-0.00989173	-0.0128739	0.00298217	0.0272604
0	202.8	0	-2885.06	0	0	-0	-0	0	10.5564	11.0632	-113.097	-68.4933	0.0303309	-0.0172055	-0.0101348	-0.00707067	0.0131254
0	198.695	0	-2214.68	0	0	-0	-0	0	10.3303	10.7673	-113.097	-158.994	0.0257835	-0.0220563	-0.00874159	-0.0133147	0.00372721
0	192.123	0	-2169.19	0	0	-0	-0	0	10.1041	10.4321	-113.097	-146.305	0.021236	-0.0241037	-0.0065608	-0.0175429	-0.00286772
0	192.865	0	-1704.72	0	0	-0	-0	0	9.87787	10.1868	-113.097	-166.416	0.0166885	-0.0277285	-0.00617859	-0.0215499	-0.01104
0	192.438	0	-2516.35	0	0	-0	-0	0	9.65168	9.71162	-113.097	-168.571	0.012141	-0.0258942	-0.00119886	-0.0246954	-0.0137532
0	180.762	0	-1194.75	0	0	-0	-0	0	9.42549	9.39821	-113.097	-83.3374	0.00759354	-0.0248375	0.000545578	-0.025383	-0.0172439
0	169.652	0	-718.308	0	0	-0	-0	0	9.1993	9.0981	-113.097	-115.18	0.00304605	-0.0231005	0.00202396	-0.0251245	-0.0200545
0	172.228	0	-878.72	0	0	-0	-0	0	8.97311	9.03531	-113.097	-131.221	0.000772316	-0.0234994	0.00101784	-0.0245173	-0.0227271
0	166.159	0	-2394.25	0	0	-0	-0	0	8.74691	8.82779	-113.097	-133.855	-0.00377516	-0.0231904	0.000644493	-0.0238349	-0.0269655
0	168.925	0	-3165.18	0	0	-0	-0	0	8.52072	8.45956	-113.097	-21.3275	-0.00832266	-0.01909	0.00348509	-0.0225751	-0.0274127
0	175.483	0	-2142.86	0	0	-0	-0	0	8.29453	8.13072	-113.097	-189.161	-0.0128701	-0.0138525	0.00553816	-0.0193907	-0.0267227
0	170.399	0	-1714.3	0	0	-0	-0	0	8.06834	7.90457	-113.097	-107.519	-0.0174176	-0.0101427	0.0055373	-0.01568	-0.0275603
0	166.993	0	-1295.31	0	0	-0	-0	0	7.84215	7.68268	-113.097	-177.19	-0.0219651	-0.00633343	0.00545127	-0.0117847	-0.0282985
0	159.691	0	-2401.43	0	0	-0	-0	0	7.61595	7.38044	-113.097	-98.6603	-0.0265126	-0.00105174	0.00697225	-0.00802399	-0.0275643
0	153.254	0	-1960.9	0	0	-0	-0	0	7.38976	7.08884	-113.097	-85.2527	-0.0310601	0.00517549	0.00828035	-0.00310486	-0.0258846
0	154.471	0	-1484.45	0	0	-0	-0	0	7.16357	6.9191	-113.097	7.88171	-0.0356075	0.00896832	0.00715139	0.00181692	-0.0266392
0	151.712	0	-2276.93	0	0	-0	-0	0	6.93738	6.72168	-113.097	-144.629	-0.040155	0.0131352	0.00657583	0.0065594	-0.0270198
0	148.941	0	-1185.18	0	0	-0	-0	0	6.71119	6.48809	-113.097	-135.531	-0.0447025	0.0176741	0.00672396	0.0109501	-0.0270284
0	145.581	0	-2140.46	0	0	-0	-0	0	6.485	6.24864	-113.097	-163.064	-0.04925	0.0223997	0.00698914	0.0154106	-0.0268502
0	136.719	0	-1625.71	0	0	-0	-0	0	6.2588	6.07251	-113.097	-45.509	-0.0537975	0.0255615	0.00598789	0.0195736	-0.028236
0	128.451	0	-1810.06	0	0	-0	-0	0	6.03261	5.86126	-113.097	-125.236	-0.0606187	0.0273247	0.0034271	0.0238976	-0.033294
0	132.777	0	-1666.41	0	0	-0	-0	0	5.80642	5.75962	-113.097	-110.871	-0.0628924	0.0281235	0.00319785	0.0249257	-0.0347689
0	139.113	0	-229.891	0	0	-0	-0	0	5.58023	5.08863	-113.097	-128.588	-0.0697137	0.0416374	0.00983199	0.0318054	-0.0280763
0	142.898	0	148.393	0	-0	-0	-0	0	5.35404	5.12215	-113.097	-90.7594	-0.0719874	0.0416546	0.0068996	0.034755	-0.0303328
0	137.662	0	-2868.3	0	0	-0	-0	0	5.12785	4.91144	-113.097	-161.149	-0.0788086	0.0439212	0.00432818	0.039593	-0.0348875
0	129.906	0	-287.352	0	0	-0	-0	0	4.90165	4.80874	-113.097	-64.902	-0.0833561	0.0434669	0.00185829	0.0416086	-0.0398893
0	125.098	0	-2825.21	0	0	-0	-0	0	4.67546	4.68955	-113.097	-79.7461	-0.0879036	0.0413146	-0.000281668	0.0415963	-0.046589
0	123.764	0	-371.149	0	0	-0	-0	0	4.44927	4.45435	-113.097	-88.6046	-0.0924511	0.0409837	-0.000101633	0.0410854	-0.0514673
0	120.4	0	-2432.56	0	0	-0	-0	0	4.22308	4.31547	-113.097	-6.00466	-0.0969985	0.0382664	-0.00184784	0.0401142	-0.0587322
0	123.482	0	-210.738	0	0	-0	-0	0	3.99689	4.06697	-113.097	-69.6904	-0.101546	0.0374854	-0.00140174	0.0388871	-0.0640606
0	120.958	0	-1259.4	0	0	-0	-0	0	3.7707	3.95736	-113.097	-119.49	-0.106094	0.0337219	-0.00373327	0.0374552	-0.0723716
0	118.553	0	-1877.1	0	0	-0	-0	0	3.5445	3.79719	-113.097	-106.082	-0.110641	0.0293598	-0.00505379	0.0344136	-0.0812812
0	112.987	0	-1733.45	0	0	-0	-0	0	3.31831	3.51464	-113.097	-85.971	-0.115188	0.0273108	-0.00392658	0.0312374	-0.0878777
0	105.132	0	-1156.45	0	0	-0	-0	0	3.09212	3.40769	-113.097	9.07881	-0.119736	0.0217365	-0.00631134	0.0280479	-0.0979994
0	100.961	0	-1252.22	0	0	-0	-0	0	2.86593	3.29009	-113.097	-54.1281	-0.124283	0.0146857	-0.00848322	0.0231689	-0.109598
0	96.8125	0	-2037.51	0	0	-0	-0	0	2.63974	2.93091	-113.097	-181.5	-0.128831	0.0126447	-0.00582354	0.0184682	-0.116186
0	94.7316	0	-969.7	0	0	-0	-0	0	2.41354	2.62921	-113.097	-171.923	-0.133378	0.0108905	-0.00431322	0.0152037	-0.122488
0	91.2377	0	-1704.72	0	0	-0	-0	0	2.18735	2.4153	-113.097	-105.603	-0.137926	0.00832337	-0.00455887	0.0128822	-0.129603
0	92.8764	0	-897.874	0	0	-0	-0	0	1.96116	2.17851	-113.097	-119.729	-0.142473	0.0053847	-0.00434691	0.0097316	-0.137089
0	88.0428	0	-3248.98	0	0	-0	-0	0	1.73497	1.89862	-113.097	-47.9032	-0.147021	0.00365234	-0.00327291	0.00692525	-0.143369
0	90.7419	0	-55.1145	0	0	-0	-0	0	1.51397	1.63948	-106.841	-44.0725	-0.141402	0.00315697	-0.00251013	0.00566709	-0.138245
0	87.037	0	-1776.55	0	0	-0	-0	0	1.30783	1.49368	-99.3016	-152.53	-0.13342	-8.72028e-05	-0.00371696	0.00362975	-0.133507
0	85.2568	0	-957.729	0	0	-0	-0	0	1.11677	1.17228	-91.7618	-150.614	-0.125134	0.00112238	-0.00111026	0.00223264	-0.124012
0	81.3732	0	-1630.5	0	0	-0	-0	0	0.940787	0.887069	-84.2221	-115.42	-0.116546	0.00293865	0.00107436	0.00186429	-0.113607
0	77.2027	0	-1295.31	0	0	-0	-0	0	0.779884	0.733821	-76.6824	-53.6493	-0.107654	0.00350126	0.000921276	0.00257999	-0.104153
0	73.222	0	-1965.69	0	0	-0	-0	0	0.634061	0.599196	-69.1427	-37.3687	-0.098459	0.00351064	0.000697303	0.00281334	-0.0949484
0	70.8583	0	-272.987	0	0	-0	-0	0	0.503317	0.4667	-61.6029	-20.3699	-0.088961	0.00428526	0.000732344	0.00355292	-0.0846757
0	70.0803	0	-1340.8	0	0	-0	-0	0	0.387653	0.334204	-54.0632	-141.516	-0.0791597	0.00543092	0.00106897	0.00436195	-0.0737288
0	66.8945	0	-1103.77	0	0	-0	-0	0	0.287067	0.240552	-46.5235	-49.3397	-0.0690553	0.00610586	0.0009303	0.00517556	-0.0629495
0	61.4986	0	-1331.22	0	0	-0	-0	0	0.201561	0.230442	-38.9838	-32.8197	-0.0586478	0.00492979	-0.00057762	0.00550741	-0.053718
0	57.5175	0	-2281.72	0	0	-0	-0	0	0.131134	0.312919	-31.444	146.027	-0.0479371	0.000794909	-0.00363571	0.00443062	-0.0471421
0	54.4073	0	-823.653	0	0	-0	-0	0	0.0757864	0.241084	-23.9043	-52.931	-0.0369232	-0.000943583	-0.00330596	0.00236237	-0.0378668
0	49.594	0	-1743.03	0	0	-0	-0	0	0.0355181	0.149029	-16.3646	-87.4075	-0.0256061	-0.00148172	-0.00227021	0.000788495	-0.0270879
0	50.23	0	-993.642	0	0	-0	-0	0	0.0103289	0.163928	-8.82487	-11.9902	-0.0139859	-0.00373888	-0.00307198	-0.000666896	-0.0177248
0	46.1624	0	-2018.36	0	0	-0	-0	0	0.000219048	0.133065	-1.28514	-22.0458	-0.00206257	-0.00519574	-0.00265693	-0.00253882	-0.00725831
0	44.4044	0	-996.036	0	0	-0	-0	0	0	0.0936891	0	-0.258575	0	-0.00589952	-0.00187378	-0.00402574	-0.00589952
0	41.088	0	-2533.11	0	0	-0	-0	0	0	0.153286	0	16.5008	0	-0.00765358	-0.00306571	-0.00458787	-0.00765358
0	39.0903	0	-1750.21	0	0	-0	-0	0	0	0.162864	0	32.542	0	-0.00974204	-0.00325727	-0.00648477	-0.00974204
0	40.2038	0	-799.711	0	0	-0	-0	0	0	0.140515	0	-30.9044	0	-0.0112462	-0.0028103	-0.00843594	-0.0112462
0	35.0766	0	-2231.44	0	0	-0	-0	0	0	0.169249	0	89.2846	0	-0.0137561	-0.00338498	-0.0103711	-0.0137561
0	28.852	0	-1321.65	0	0	-0	-0	0	0	0.152221	0	-41.9177	0	-0.0163184	-0.00304443	-0.013274	-0.0163184
0	26.8492	0	-1620.92	0	0	-0	-0	0	0	0.169249	0	-71.8452	0	-0.0175723	-0.00338498	-0.0141873	-0.0175723
0	23.9564	0	-1175.6	0	0	-0	-0	0	0	0.118166	0	-43.1148	0	-0.0183102	-0.00236333	-0.0159469	-0.0183102
0	16.5832	0	-1553.88	0	0	-0	-0	0	0	0.00748682	0	4.76924	0	-0.0175244	-0.000149737	-0.0173747	-0.0175244
0	14.1782	0	-1316.86	0	0	-0	-0	0	0	-0.0499813	0	-95.5478	0	-0.0160084	0.000999627	-0.017008	-0.0160084
0	10.5087	0	-1738.24	0	0	-0	-0	0	0	-0.0292289	0	16.022	0	-0.015945	0.000584579	-0.0165295	-0.015945
0	8.37052	0	-998.43	0	0	-0	-0	0	0	0.00269781	0	-8.63828	0	-0.0165073	-5.39562e-05	-0.0164534	-0.0165073
0	7.56199	0	-1668.81	0	0	-0	-0	0	0	0.027175	0	89.0452	0	-0.0172687	-0.0005435	-0.0167252	-0.0172687
0	7.14798	0	-598.598	0	0	-0	-0	0	0	0.0516522	0	32.7814	0	-0.0181131	-0.00103304	-0.01708	-0.0181131
0	6.2196	0	-1029.55	0	0	-0	-0	0	0	0.0287713	0	-66.8174	0	-0.0179654	-0.000575427	-0.0173899	-0.0179654
0	2.62821	0	-641.694	0	0	-0	-0	0	0	0.0489916	0	-11.7507	0	-0.0190984	-0.000979832	-0.0181185	-0.0190984
0	3.0916	0	-938.575	0	0	-0	-0	0	0	0.0521843	0	-41.4388	0	-0.0194562	-0.00104369	-0.0184125	-0.0194562
0	1.78631	0	-579.445	0	0	-0	-0	0	0	0.0186612	0	45.7101	0	-0.0191437	-0.000373224	-0.0187705	-0.0191437
0	0.461547	0	-857.172	0	0	-0	-0	0	0	-0.0132656	0	2.61447	0	-0.0184963	0.000265311	-0.0187616	-0.0184963
0	-0.00186723	0	476.398	0	0	0	-0	0	0	0.00748682	0	79.9472	0	-0.0187266	-0.000149737	-0.0185769	-0.0187266
0	0.00286035	0	-378.332	0	0	-0	-0	0	0	-0.00741233	0	-5.52582	0	-0.0184735	0.000148247	-0.0186218	-0.0184735
0	-1.95878	0	-0.0478821	0	0	0	-0	0	0	-0.0063481	0	37.091	0	-0.0186679	0.000126962	-0.0187949	-0.0186679
0	-1.05934	0	-40.7493	0	0	0	-0	0	0	-0.00102698	0	-74.7182	0	-0.0188227	2.05395e-05	-0.0188432	-0.0188227
0	-0.737815	0	-419.033	0	0	0	-0	0	0	0.00322992	0	128.789	0	-0.0190647	-6.45985e-05	-0.0190001	-0.0190647
0	-1.84774	0	117.268	0	0	0	-0	0	0	0.0160006	0	-53.6493	0	-0.0194004	-0.000320013	-0.0190804	-0.0194004
0	-0.292472	0	773.279	0	0	0	-0	0	0	0.00748682	0	75.6376	0	-0.0192848	-0.000149737	-0.0191351	-0.0192848
0	1.21647	0	-148.488	0	0	-0	-0	0	0	-0.015394	0	-109.434	0	-0.0186648	0.00030788	-0.0189727	-0.0186648
0	-1.72368	0	2.34632	0	0	0	-0	0	0	-0.0132656	0	23.444	0	-0.0185418	0.000265311	-0.0188071	-0.0185418
0	0.253278	0	-371.149	0	0	-0	-0	0	0	-0.0207151	0	-13.4267	0	-0.0183454	0.000414303	-0.0187597	-0.0183454
0	-1.36091	0	-28.7783	0	0	0	-0	0	0	0.00482626	0	59.5965	0	-0.0188152	-9.65252e-05	-0.0187186	-0.0188152
0	0.165233	0	203.459	0	-0	-0	-0	0	0	0.0106795	0	23.9229	0	-0.0189774	-0.00021359	-0.0187638	-0.0189774
0	0.465171	0	454.85	0	-0	-0	-0	0	0	0.00961528	0	-50.5368	0	-0.0189406	-0.000192305	-0.0187483	-0.0189406
0	-1.48498	0	-148.488	0	0	0	-0	0	0	-0.0020912	0	-39.0446	0	-0.0187069	4.1824e-05	-0.0187487	-0.0187069
0	0.315158	0	7.13472	0	-0	-0	-0	0	0	-0.0132656	0	-11.9902	0	-0.0184615	0.000265311	-0.0187268	-0.0184615
0	1.15419	0	971.998	0	-0	-0	-0	0	0	0.0021657	0	75.3982	0	-0.0186905	-4.3314e-05	-0.0186472	-0.0186905
0	-0.803229	0	-423.822	0	0	0	-0	0	0	-0.0169904	0	-128.827	0	-0.0180876	0.000339807	-0.0184274	-0.0180876
0	0.539083	0	318.381	0	-0	-0	-0	0	0	0.0117437	0	85.2144	0	-0.0184011	-0.000234874	-0.0181662	-0.0184011
0	-2.48803	0	-794.923	0	0	0	-0	0	0	0.0154685	0	-51.4945	0	-0.0184856	-0.00030937	-0.0181763	-0.0184856
0	0.0479033	0	246.555	0	-0	-0	-0	0	0	0.00482626	0	52.6533	0	-0.0183656	-9.65252e-05	-0.0182691	-0.0183656
0	-0.285867	0	-83.8449	0	0	0	-0	0	0	0.00801894	0	-6.24408	0	-0.0184714	-0.000160379	-0.018311	-0.0184714
0	-0.0848309	0	-517.195	0	0	0	-0	0	0	3.72473e-05	0	108.438	0	-0.0182614	-7.44946e-07	-0.0182606	-0.0182614
0	0.326984	0	148.393	0	-0	-0	-0	0	0	0.0117437	0	-30.4255	0	-0.0185917	-0.000234875	-0.0183568	-0.0185917
0	0.287745	0	859.471	0	-0	-0	-0	0	0	0.00535837	0	59.8359	0	-0.0184644	-0.000107167	-0.0183573	-0.0184644
0	-0.326208	0	-383.12	0	0	0	-0	0	0	-0.0020912	0	-117.096	0	-0.0182393	4.1824e-05	-0.0182811	-0.0182393
0	0.376022	0	126.845	0	-0	-0	-0	0	0	-0.00794444	0	44.9918	0	-0.018046	0.000158889	-0.0182049	-0.018046
0	-1.56223	0	-636.906	0	0	0	-0	0	0	-0.0137977	0	-30.4255	0	-0.0179294	0.000275954	-0.0182054	-0.0179294
0	0.491138	0	141.21	0	-0	-0	-0	0	0	0.00376204	0	61.7513	0	-0.0182811	-7.52407e-05	-0.0182058	-0.0182811
0	-0.0868808	0	-167.642	0	0	0	-0	0	0	0.00589049	0	-16.0603	0	-0.0183784	-0.00011781	-0.0182605	-0.0183784
0	-0.204562	0	1273.67	0	0	0	-0	0	0	-0.00421965	0	39.964	0	-0.0180649	8.43931e-05	-0.0181492	-0.0180649
0	0.779949	0	-605.781	0	0	-0	-0	0	0	-0.00528388	0	-93.393	0	-0.0178588	0.000105678	-0.0179645	-0.0178588
