0	0.0181361	0	24.1814	0	-5.44082e-06	-5.44082e-06	0	-5.44082e-06	0	-0.00146863	0	0	0	0.000132177	0.000132177	0	0.000132177
0	0.0464431	0	-33.2794	0	-1.40729e-05	-1.39329e-05	-1.39963e-07	-1.40729e-05	0.0150796	0.0166232	15.0796	0	0.0114354	-0.000217127	-0.00013892	-7.82078e-05	0.0112183
0	-0.551037	0	-416.352	0	0.000165812	0.000165311	5.01266e-07	0.000165812	0.0603186	0.0304581	30.1593	0	0.0231221	0.00273594	0.00268744	4.84946e-05	0.0258581
0	-0.663504	0	-95.5286	0	0.000209507	0.000199051	1.04553e-05	0.000209507	0.135717	0.119853	45.2389	0	0.0350602	0.00155604	0.00142774	0.000128303	0.0366162
0	-0.478157	0	96.0075	0	0.000164311	0.000143447	2.08644e-05	0.000164311	0.241274	0.10389	60.3186	0	0.0472496	0.0129285	0.0123646	0.000563912	0.0601781
0	-0.485375	0	-109.894	0	0.000173832	0.000145612	2.82198e-05	0.000173832	0.376991	0.0815409	75.3982	0	0.0596903	0.0289605	0.0265905	0.00236995	0.0886507
0	-0.613466	0	9.81623	0	0.000220462	0.00018404	3.64228e-05	0.000220462	0.542867	0.0708987	90.4779	0	0.0723823	0.0482294	0.0424772	0.00575222	0.120612
0	-0.635093	0	0.239422	0	0.000237867	0.000190528	4.73393e-05	0.000237867	0.738903	0.0591922	105.558	0	0.0853257	0.0721331	0.061174	0.0109591	0.157459
0	-0.549364	0	43.3351	0	0.000221902	0.000164809	5.70925e-05	0.000221902	0.965097	0.044293	120.637	0	0.0985204	0.101202	0.0828724	0.0183295	0.199722
0	-2.21586	0	-1206.44	0	0.00073486	0.000664758	7.01019e-05	0.00073486	1.22145	0.175193	135.717	0	0.111966	0.122275	0.0941633	0.0281116	0.234241
0	-1.13742	0	167.834	0	0.000450971	0.000341227	0.000109744	0.000450971	1.50796	0.75626	150.796	0	0.125664	0.10584	0.0676535	0.0381862	0.231503
0	2.49488	0	670.616	0	-0.000637057	-0.000748463	0.000111406	-0.000637057	1.80956	1.67894	150.796	0	0.128177	0.0559032	0.0117553	0.0441478	0.18408
0	4.25488	0	359.37	0	-0.00121449	-0.00127647	6.19785e-05	-0.00121449	2.11115	2.46647	150.796	0	0.13069	0.0120529	-0.0319787	0.0440316	0.142743
0	3.93758	0	-334.949	0	-0.00118804	-0.00118127	-6.76749e-06	-0.00118804	2.41274	2.61333	150.796	0	0.133204	0.0223546	-0.018053	0.0404076	0.155558
0	4.48792	0	325.851	0	-0.0014161	-0.00134637	-6.97232e-05	-0.0014161	2.71434	2.54416	150.796	0	0.135717	0.054807	0.0153161	0.039491	0.190524
0	4.93968	0	330.639	0	-0.0016253	-0.0014819	-0.000143396	-0.0016253	3.01593	2.90067	150.796	0	0.13823	0.0517078	0.010373	0.0413348	0.189938
0	4.97323	0	201.352	0	-0.00171404	-0.00149197	-0.000222075	-0.00171404	3.31752	3.35935	150.796	0	0.140743	0.0382047	-0.0037649	0.0419696	0.178948
0	4.95069	0	24.1814	0	-0.00178741	-0.00148521	-0.0003022	-0.00178741	3.61911	3.602	150.796	0	0.143257	0.043138	0.00154051	0.0415975	0.186395
0	4.84261	0	-124.259	0	-0.00179459	-0.00145278	-0.000341806	-0.00179459	3.76991	3.64776	150.796	0	0.144513	0.0526767	0.0109936	0.0416831	0.19719
0	5.35433	0	464.715	0	-0.00202643	-0.0016063	-0.000420133	-0.00202643	4.0715	3.74354	150.796	0	0.147027	0.0730476	0.0295167	0.0435309	0.220074
0	6.93312	0	1044.11	0	-0.00259162	-0.00207994	-0.000511689	-0.00259162	4.3731	4.02982	150.796	0	0.14954	0.0777732	0.0308951	0.0468781	0.227313
0	9.37388	0	1393.66	0	-0.00344361	-0.00281216	-0.000631442	-0.00344361	4.67469	4.29268	150.796	0	0.152053	0.0848549	0.0343807	0.0504742	0.236908
0	10.4614	0	919.613	0	-0.00392453	-0.00313841	-0.000786114	-0.00392453	4.97628	4.82799	150.796	0	0.154566	0.0671816	0.0133465	0.0538351	0.221748
0	10.3618	0	-62.0098	0	-0.00406253	-0.00310855	-0.000953977	-0.00406253	5.27787	5.28879	150.796	0	0.15708	0.0538173	-0.000982976	0.0548002	0.210897
0	10.2653	0	-291.853	0	-0.00419836	-0.00307958	-0.00111878	-0.00419836	5.57946	5.71448	150.796	0	0.159593	0.0422929	-0.0121518	0.0544446	0.201886
0	9.47007	0	-885.615	0	-0.00412087	-0.00284102	-0.00127985	-0.00412087	5.88106	6.13485	150.796	0	0.162106	0.0298734	-0.0228416	0.052715	0.19198
0	9.07951	0	-751.54	0	-0.00415241	-0.00272385	-0.00142855	-0.00415241	6.18265	6.3775	150.796	0	0.164619	0.0326871	-0.0175362	0.0502233	0.197306
0	8.60542	0	-780.27	0	-0.00415476	-0.00258163	-0.00157314	-0.00415476	6.48424	6.5797	150.796	0	0.167133	0.0399747	-0.00859118	0.0485659	0.207107
0	9.19076	0	-9.33739	0	-0.00447277	-0.00275723	-0.00171554	-0.00447277	6.78583	7.0884	150.796	0	0.169646	0.0201128	-0.0272309	0.0473436	0.189759
0	8.3267	0	-981.383	0	-0.0043615	-0.00249801	-0.00186349	-0.0043615	7.08743	7.61413	150.796	0	0.172159	-0.00369852	-0.047403	0.0437044	0.168461
0	7.53875	0	-176.932	0	-0.00425131	-0.00226162	-0.00198968	-0.00425131	7.38902	7.8855	150.796	0	0.174673	-0.00654575	-0.0446836	0.0381378	0.168127
0	8.34168	0	555.694	0	-0.00461631	-0.0025025	-0.00211381	-0.00461631	7.69061	7.92488	150.796	0	0.177186	0.0129599	-0.0210842	0.034044	0.190146
0	6.14778	0	-1254.32	0	-0.00408514	-0.00184433	-0.00224081	-0.00408514	7.9922	8.15263	150.796	0	0.179699	0.0172086	-0.0144379	0.0316465	0.196908
0	4.67344	0	-727.598	0	-0.00373542	-0.00140203	-0.00233339	-0.00373542	8.2938	8.23457	150.796	0	0.182212	0.0360576	0.00533043	0.0307271	0.21827
0	4.40298	0	412.042	0	-0.00372613	-0.00132089	-0.00240524	-0.00372613	8.59539	8.772	150.796	0	0.184726	0.0150501	-0.0158952	0.0309453	0.199776
0	5.13111	0	670.616	0	-0.00401996	-0.00153933	-0.00248062	-0.00401996	8.89699	9.13597	150.796	0	0.187239	0.00722742	-0.0215085	0.0287359	0.194466
0	3.10638	0	-622.253	0	-0.00348326	-0.000931914	-0.00255135	-0.00348326	9.19858	9.28815	150.796	0	0.189752	0.0186233	-0.00806173	0.026685	0.208375
0	4.25057	0	550.906	0	-0.00388079	-0.00127517	-0.00260562	-0.00388079	9.50017	9.5872	150.796	0	0.192265	0.0180029	-0.00783265	0.0258355	0.210268
0	3.47511	0	-564.792	0	-0.00371454	-0.00104253	-0.00267201	-0.00371454	9.80177	9.98735	150.796	0	0.194779	0.00828766	-0.0167026	0.0249902	0.203066
0	2.58178	0	-344.526	0	-0.00349543	-0.000774535	-0.00272089	-0.00349543	10.1034	10.3971	150.796	0	0.197292	-0.00384455	-0.0264346	0.02259	0.193447
0	3.00201	0	364.158	0	-0.00366512	-0.000900602	-0.00276452	-0.00366512	10.405	10.677	150.796	0	0.199805	-0.00470779	-0.0244814	0.0197736	0.195097
0	0.863631	0	-1302.21	0	-0.00306265	-0.000259089	-0.00280356	-0.00306265	10.7065	10.909	150.796	0	0.202319	-0.000921374	-0.018218	0.0172966	0.201397
0	1.80375	0	560.483	0	-0.00335868	-0.000541124	-0.00281756	-0.00335868	11.0081	11.2059	150.796	0	0.204832	-0.00254244	-0.0177973	0.0152548	0.202289
0	0.514427	0	-196.085	0	-0.00299337	-0.000154328	-0.00283904	-0.00299337	11.3097	11.4134	150.796	0	0.207345	0.00413106	-0.00933091	0.013462	0.211476
0	0.16287	0	-162.566	0	-0.00290548	-4.88609e-05	-0.00285662	-0.00290548	11.7621	11.9743	150.796	0	0.211115	-0.00755728	-0.0190921	0.0115348	0.203558
0	-2.17218	0	-1211.23	0	-0.00219509	0.000651654	-0.00284674	-0.00219509	12.0637	12.2297	150.796	0	0.213628	-0.00551342	-0.0149359	0.00942249	0.208115
0	-0.979189	0	967.497	0	-0.00252203	0.000293757	-0.00281579	-0.00252203	12.3653	12.5841	150.796	0	0.216142	-0.0120057	-0.0196872	0.00768151	0.204136
0	-1.77748	0	-253.546	0	-0.00226391	0.000533245	-0.00279716	-0.00226391	12.6669	13.0066	150.796	0	0.218655	-0.0252571	-0.0305686	0.0053115	0.193398
0	-2.28439	0	72.0655	0	-0.00208112	0.000685317	-0.00276643	-0.00208112	12.9685	13.0704	150.796	0	0.221168	-0.00709372	-0.00917204	0.00207832	0.214074
0	-3.43449	0	-598.311	0	-0.00169824	0.00103035	-0.00272859	-0.00169824	13.2701	13.0172	150.796	0	0.223681	0.0251004	0.0227604	0.00233998	0.248782
0	-4.43234	0	-823.366	0	-0.00133686	0.0013297	-0.00266656	-0.00133686	13.5717	13.6706	150.796	0	0.226195	-0.00449551	-0.00890519	0.00440968	0.221699
0	-4.13624	0	297.12	0	-0.00135524	0.00124087	-0.00259611	-0.00135524	13.8733	14.1059	150.796	0	0.228708	-0.0179964	-0.0209361	0.00293969	0.210712
0	-4.41665	0	-325.372	0	-0.00120656	0.00132499	-0.00253155	-0.00120656	14.1749	14.3081	150.796	0	0.231221	-0.0114535	-0.0119909	0.000537352	0.219768
0	-5.90709	0	-296.642	0	-0.000682633	0.00177213	-0.00245476	-0.000682633	14.4765	14.3624	150.796	0	0.233735	0.0105195	0.0102678	0.000251674	0.244254
0	-8.85923	0	-2149.75	0	0.000307619	0.00265777	-0.00235015	0.000307619	14.7781	14.9126	150.796	0	0.236248	-0.0113495	-0.0121072	0.000757713	0.224898
0	-8.21472	0	723.288	0	0.000259368	0.00246441	-0.00220505	0.000259368	15.0797	15.1861	150.796	0	0.238761	-0.0104079	-0.00957931	-0.000828601	0.228353
0	-6.72706	0	594.001	0	-6.61837e-05	0.00201812	-0.0020843	-6.61837e-05	15.3812	15.2276	150.796	0	0.241274	0.0126737	0.0138287	-0.00115495	0.253948
0	-6.2079	0	933.978	0	-0.000109002	0.00186237	-0.00197137	-0.000109002	15.6828	15.1552	150.796	0	0.243788	0.0488069	0.0474851	0.0013218	0.292595
0	-7.47949	0	-95.5286	0	0.000372769	0.00224385	-0.00187108	0.000372769	15.9844	16.0236	150.796	0	0.246301	0.00257329	-0.00352816	0.00610145	0.248874
0	-10.3165	0	-1646.97	0	0.00135678	0.00309494	-0.00173816	0.00135678	16.286	16.9101	150.796	0	0.248814	-0.0528353	-0.0561698	0.00333458	0.195979
0	-10.9521	0	-1105.88	0	0.00171419	0.00328563	-0.00157144	0.00171419	16.5876	16.9048	150.796	0	0.251327	-0.0307479	-0.0285475	-0.00220042	0.22058
0	-10.8554	0	110.373	0	0.0018634	0.00325663	-0.00139323	0.0018634	16.8892	16.8144	150.796	0	0.253841	0.00245406	0.00673719	-0.00428314	0.256295
0	-10.2633	0	-320.584	0	0.00185726	0.00307898	-0.00122172	0.00185726	17.1908	17.1134	150.796	0	0.256354	0.00401037	0.00696653	-0.00295617	0.260364
0	-7.30703	0	1024.96	0	0.00112866	0.00219211	-0.00106345	0.00112866	17.4886	17.8754	143.256	0	0.253181	-0.0382902	-0.0348081	-0.00348209	0.21489
0	-7.56815	0	-191.297	0	0.00132547	0.00227044	-0.000944974	0.00132547	17.7601	18.4373	128.176	0	0.244133	-0.0691357	-0.0609509	-0.00818471	0.174997
0	-7.77638	0	-612.676	0	0.00151195	0.00233291	-0.000820962	0.00151195	18.0013	18.4373	113.097	0	0.234834	-0.0540664	-0.0392365	-0.0148299	0.180767
0	-6.2522	0	412.042	0	0.00117539	0.00187566	-0.000700274	0.00117539	18.2125	18.25	98.017	0	0.225283	-0.0213246	-0.00337881	-0.0179458	0.203959
0	-3.73009	0	756.807	0	0.000508477	0.00111903	-0.00061055	0.000508477	18.3934	18.3383	82.9373	0	0.215481	-0.0130526	0.00495707	-0.0180096	0.202429
0	-2.08923	0	43.3351	0	7.25286e-05	0.00062677	-0.000554242	7.25286e-05	18.5442	18.6916	67.8576	0	0.205428	-0.0310091	-0.0132703	-0.0177388	0.174419
0	-2.47782	0	483.868	0	0.00023075	0.000743346	-0.000512596	0.00023075	18.6648	18.7332	52.778	0	0.195124	-0.0252755	-0.00614857	-0.0191269	0.169848
0	-1.72978	0	-258.334	0	3.94772e-05	0.000518934	-0.000479457	3.94772e-05	18.7553	18.665	37.6983	0	0.184568	-0.0113981	0.00812439	-0.0195225	0.17317
0	-0.185089	0	857.364	0	-0.000401264	5.55267e-05	-0.00045679	-0.000401264	18.8156	18.6012	22.6186	0	0.173761	0.001238	0.0192997	-0.0180617	0.174999
0	0.298931	0	273.178	0	-0.000544457	-8.96793e-05	-0.000454778	-0.000544457	18.8458	18.5299	7.53894	0	0.162702	0.0126293	0.0284311	-0.0158018	0.175332
0	0.241915	0	-708.444	0	-0.000531854	-7.25746e-05	-0.000459279	-0.000531854	18.8496	18.6246	0	0	0.15708	0.00772824	0.0202457	-0.0125175	0.164808
0	-2.42517	0	-785.059	0	0.000275947	0.00072755	-0.000451602	0.000275947	18.8496	18.6246	0	0	0.15708	0.00958401	0.0202457	-0.0106617	0.166664
0	-1.75909	0	330.639	0	0.000110795	0.000527726	-0.000416931	0.000110795	18.8496	18.5842	0	0	0.15708	0.0157342	0.0238857	-0.00815146	0.172814
0	-2.03196	0	105.584	0	0.000222342	0.000609587	-0.000387244	0.000222342	18.8496	18.4926	0	0	0.15708	0.0268327	0.0321227	-0.00528998	0.183912
0	-2.14186	0	129.526	0	0.000289316	0.000642558	-0.000353241	0.000289316	18.8496	18.4745	0	0	0.15708	0.031929	0.0337509	-0.0018219	0.189009
0	-0.255928	0	2217.27	0	-0.0002496	7.67783e-05	-0.000326378	-0.0002496	18.8496	18.1893	0	0	0.15708	0.0623646	0.0594201	0.00294454	0.219444
0	-0.467538	0	-47.6446	0	-0.000180229	0.000140261	-0.00032049	-0.000180229	18.8496	18.399	0	0	0.15708	0.0494171	0.0405514	0.00886566	0.206497
0	-3.05868	0	124.738	0	0.000619137	0.000917603	-0.000298466	0.000619137	18.8496	18.3511	0	0	0.15708	0.0584457	0.0448615	0.0135842	0.215525
0	-6.7172	0	-1843.3	0	0.00177505	0.00201516	-0.000240108	0.00177505	18.8496	18.979	0	0	0.15708	0.00602594	-0.0116489	0.0176749	0.163106
0	-9.91899	0	-646.195	0	0.00286157	0.0029757	-0.000114127	0.00286157	18.8496	19.559	0	0	0.15708	-0.049746	-0.0638491	0.0141031	0.107334
0	-10.8788	0	-287.065	0	0.00331037	0.00326363	4.67447e-05	0.00331037	18.8496	19.3398	0	0	0.15708	-0.0365404	-0.0441185	0.00757813	0.120539
0	-10.3581	0	752.019	0	0.00333162	0.00310743	0.00022419	0.00333162	18.8496	19.2919	0	0	0.15708	-0.0369834	-0.0398084	0.00282506	0.120096
0	-11.3036	0	732.865	0	0.00378161	0.00339108	0.000390528	0.00378161	18.8496	19.1886	0	0	0.15708	-0.0320093	-0.0305176	-0.00149167	0.12507
0	-9.54801	0	2073.62	0	0.00342927	0.0028644	0.000564866	0.00342927	18.8496	18.1457	0	0	0.15708	0.0605504	0.063347	-0.00279663	0.21763
0	-9.71036	0	426.407	0	0.00362683	0.00291311	0.00071372	0.00362683	18.8496	17.8243	0	0	0.15708	0.098196	0.0922726	0.00592341	0.255276
0	-11.74	0	206.141	0	0.00440346	0.003522	0.000881452	0.00440346	18.8496	17.9499	0	0	0.15708	0.0966942	0.0809706	0.0157236	0.253774
0	-12.5901	0	-296.642	0	0.0048452	0.00377703	0.00106817	0.0048452	18.8496	18.1989	0	0	0.15708	0.0832996	0.058558	0.0247416	0.240379
0	-14.629	0	-440.294	0	0.0056656	0.00438869	0.0012769	0.0056656	18.8496	19.4515	0	0	0.15708	-0.0263914	-0.0541755	0.027784	0.130688
0	-19.9021	0	-2178.48	0	0.00751109	0.00597063	0.00154046	0.00751109	18.8496	19.6718	0	0	0.15708	-0.0534081	-0.074002	0.0205939	0.103672
0	-18.9468	0	570.059	0	0.00754129	0.00568405	0.00185724	0.00754129	18.8496	19.5068	0	0	0.15708	-0.0462896	-0.0591559	0.0128663	0.11079
0	-15.8479	0	1623.51	0	0.00690838	0.00475436	0.00215402	0.00690838	18.8496	19.162	0	0	0.15708	-0.0214519	-0.0281231	0.00667123	0.135628
0	-9.82872	0	3270.72	0	0.00532667	0.00294862	0.00237806	0.00532667	18.8496	18.5607	0	0	0.15708	0.031327	0.0259926	0.00533434	0.188407
0	-8.73839	0	689.77	0	0.00515238	0.00262152	0.00253086	0.00515238	18.8496	18.4384	0	0	0.15708	0.0458099	0.0370074	0.00880242	0.20289
0	-10.4012	0	-358.891	0	0.00580465	0.00312036	0.0026843	0.00580465	18.8496	18.5118	0	0	0.15708	0.0429725	0.0303987	0.0125738	0.200052
0	-11.1026	0	-95.5286	0	0.00618525	0.00333077	0.00285448	0.00618525	18.8496	18.2894	0	0	0.15708	0.0669855	0.0504168	0.0165687	0.224065
0	-13.6035	0	-1723.59	0	0.00711885	0.00408106	0.00303779	0.00711885	18.8496	18.7587	0	0	0.15708	0.0296457	0.00817761	0.0214681	0.186725
0	-16.0643	0	-1886.39	0	0.00809072	0.00481929	0.00327143	0.00809072	18.8496	19.0492	0	0	0.15708	0.003193	-0.0179705	0.0211635	0.160273
0	-13.0422	0	1101.57	0	0.00743292	0.00391266	0.00352026	0.00743292	18.8496	19.2834	0	0	0.15708	-0.0200882	-0.0390421	0.018954	0.136991
0	-7.97096	0	2653.01	0	0.00609068	0.00239129	0.00369939	0.00609068	18.8496	19.3994	0	0	0.15708	-0.0355579	-0.0494821	0.0139242	0.121522
0	-6.35914	0	52.9119	0	0.00572688	0.00190774	0.00381914	0.00572688	18.8496	19.2897	0	0	0.15708	-0.0308714	-0.0396169	0.00874548	0.126208
0	-3.0068	0	924.401	0	0.00481535	0.00090204	0.00391331	0.00481535	18.8496	19.1556	0	0	0.15708	-0.0231356	-0.0275484	0.00441279	0.133944
0	1.53042	0	1949.12	0	0.00348211	-0.000459127	0.00394124	0.00348211	18.8496	18.6267	0	0	0.15708	0.0227205	0.0200543	0.00266616	0.1798
0	1.28178	0	-1148.98	0	0.00352927	-0.000384533	0.0039138	0.00352927	18.8496	18.151	0	0	0.15708	0.0691832	0.0628681	0.00631516	0.226263
0	2.32572	0	388.1	0	0.00320101	-0.000697715	0.00389872	0.00320101	18.8496	18.2298	0	0	0.15708	0.0691183	0.0557805	0.0133377	0.226198
0	2.71155	0	-349.314	0	0.00305411	-0.000813464	0.00386757	0.00305411	18.8496	18.117	0	0	0.15708	0.0855538	0.0659331	0.0196207	0.242633
0	3.69585	0	455.138	0	0.00271056	-0.00110876	0.00381931	0.00271056	18.8496	18.5192	0	0	0.15708	0.0563182	0.0297281	0.0265901	0.213398
0	2.57701	0	-1148.98	0	0.00298916	-0.000773103	0.00376227	0.00298916	18.8496	19.4579	0	0	0.15708	-0.0276825	-0.0547502	0.0270677	0.129397
0	2.93106	0	297.12	0	0.00284111	-0.000879319	0.00372043	0.00284111	18.8496	19.3823	0	0	0.15708	-0.0270877	-0.0479497	0.020862	0.129992
0	3.27451	0	48.1235	0	0.00268853	-0.000982352	0.00367088	0.00268853	18.8496	19.3419	0	0	0.15708	-0.0286322	-0.0443101	0.0156779	0.128447
0	4.77312	0	1465.49	0	0.00218201	-0.00143194	0.00361394	0.00218201	18.8496	19.2472	0	0	0.15708	-0.0247171	-0.0357856	0.0110685	0.132363
0	5.44522	0	661.039	0	0.0018986	-0.00163357	0.00353216	0.0018986	18.8496	18.9939	0	0	0.15708	-0.00562078	-0.0129898	0.00736901	0.151459
0	6.89256	0	1795.89	0	0.00136936	-0.00206777	0.00343712	0.00136936	18.8496	18.5682	0	0	0.15708	0.0324612	0.0253223	0.00713891	0.189541
0	3.8241	0	-1551.2	0	0.00218923	-0.00114723	0.00333646	0.00218923	18.8496	18.3213	0	0	0.15708	0.0581342	0.0475432	0.010591	0.215214
0	3.18806	0	570.059	0	0.00232538	-0.000956418	0.0032818	0.00232538	18.8496	18.2766	0	0	0.15708	0.0678387	0.051566	0.0162727	0.224918
0	3.42293	0	-33.2794	0	0.0022049	-0.00102688	0.00323178	0.0022049	18.8496	18.2574	0	0	0.15708	0.0751433	0.05329	0.0218533	0.232223
0	-2.35792	0	-2130.6	0	0.00390147	0.000707377	0.00319409	0.00390147	18.8496	18.5905	0	0	0.15708	0.0510268	0.0233109	0.0277159	0.208106
0	-4.39803	0	-909.557	0	0.00456662	0.00131941	0.00324722	0.00456662	18.8496	19.062	0	0	0.15708	0.009792	-0.0191198	0.0289118	0.166872
0	-2.87465	0	833.422	0	0.00417062	0.000862396	0.00330823	0.00417062	18.8496	19.4717	0	0	0.15708	-0.0303147	-0.0559953	0.0256806	0.126765
0	-3.43165	0	780.749	0	0.00438516	0.00102949	0.00335567	0.00438516	18.8496	19.3376	0	0	0.15708	-0.024468	-0.0439269	0.0194589	0.132612
0	-2.22234	0	2073.62	0	0.00407476	0.000666701	0.00340806	0.00407476	18.8496	19.1439	0	0	0.15708	-0.0111929	-0.0264947	0.0153018	0.145887
0	-1.53037	0	335.428	0	0.00390166	0.000459112	0.00344255	0.00390166	18.8496	19.079	0	0	0.15708	-0.00818256	-0.0206522	0.0124697	0.148897
0	-2.82928	0	479.08	0	0.00433068	0.000848785	0.0034819	0.00433068	18.8496	18.9109	0	0	0.15708	0.00483167	-0.00551891	0.0103506	0.161911
0	-1.24064	0	1585.2	0	0.0038896	0.000372191	0.00351741	0.0038896	18.8496	18.4777	0	0	0.15708	0.0444726	0.0334635	0.0110091	0.201552
0	-3.51555	0	-1177.71	0	0.00459934	0.00105467	0.00354467	0.00459934	18.8496	18.0595	0	0	0.15708	0.086801	0.0711052	0.0156957	0.243881
0	-4.21739	0	268.39	0	0.0048721	0.00126522	0.00360688	0.0048721	18.8496	18.1521	0	0	0.15708	0.0863739	0.0627723	0.0236016	0.243454
0	-4.27661	0	-224.816	0	0.00495668	0.00128298	0.0036737	0.00495668	18.8496	18.0308	0	0	0.15708	0.104406	0.0736913	0.0307147	0.261486
0	-4.90869	0	-425.928	0	0.00521259	0.00147261	0.00373998	0.00521259	18.8496	18.4948	0	0	0.15708	0.070541	0.0319311	0.0386099	0.227621
0	-8.06288	0	-1488.95	0	0.00624996	0.00241886	0.0038311	0.00624996	18.8496	19.4462	0	0	0.15708	-0.0143536	-0.0536965	0.039343	0.142726
0	-5.15433	0	1072.84	0	0.00550239	0.0015463	0.00395609	0.00550239	18.8496	19.8825	0	0	0.15708	-0.0608933	-0.0929663	0.032073	0.0961863
0	-3.4331	0	795.114	0	0.00505796	0.00102993	0.00402803	0.00505796	18.8496	19.7569	0	0	0.15708	-0.0599156	-0.0816643	0.0217487	0.0971641
0	-6.0084	0	-947.865	0	0.00589457	0.00180252	0.00409205	0.00589457	18.8496	19.2695	0	0	0.15708	-0.0241003	-0.0377969	0.0136966	0.132979
0	-8.19552	0	-2192.85	0	0.00666021	0.00245866	0.00420155	0.00666021	18.8496	18.7119	0	0	0.15708	0.0233786	0.0123917	0.0109869	0.180458
0	-3.15401	0	3012.15	0	0.00526339	0.000946202	0.00431719	0.00526339	18.8496	18.2255	0	0	0.15708	0.0696234	0.0561635	0.0134599	0.226703
0	-1.49838	0	665.828	0	0.0048048	0.000449513	0.00435529	0.0048048	18.8496	17.902	0	0	0.15708	0.10638	0.0852805	0.0210997	0.26346
0	-1.9764	0	105.584	0	0.00497445	0.000592921	0.00438153	0.00497445	18.8496	18.0137	0	0	0.15708	0.105331	0.0752237	0.0301071	0.26241
0	-2.51856	0	-1086.73	0	0.00517031	0.000755568	0.00441474	0.00517031	18.8496	18.9609	0	0	0.15708	0.0272315	-0.0100206	0.0372521	0.184311
0	-2.474	0	-588.734	0	0.00517709	0.0007422	0.00443489	0.00517709	18.8496	19.6612	0	0	0.15708	-0.0363486	-0.073044	0.0366954	0.120731
0	-2.14785	0	-986.172	0	0.00511636	0.000644355	0.004472	0.00511636	18.8496	19.9549	0	0	0.15708	-0.0723688	-0.0994795	0.0271107	0.0847109
0	0.275184	0	852.575	0	0.00441281	-8.25552e-05	0.00449536	0.00441281	18.8496	19.6409	0	0	0.15708	-0.0540548	-0.0712244	0.0171696	0.103025
0	0.640856	0	-42.8562	0	0.00430293	-0.000192257	0.00449518	0.00430293	18.8496	19.6558	0	0	0.15708	-0.0633786	-0.0725652	0.00918659	0.093701
0	5.09962	0	2542.88	0	0.00294068	-0.00152989	0.00447056	0.00294068	18.8496	19.1439	0	0	0.15708	-0.0244557	-0.0264947	0.00203902	0.132624
0	6.3971	0	890.882	0	0.00245874	-0.00191913	0.00437787	0.00245874	18.8496	18.465	0	0	0.15708	0.0354375	0.0346129	0.000824517	0.192517
0	5.16923	0	143.892	0	0.00273422	-0.00155077	0.00428498	0.00273422	18.8496	18.0382	0	0	0.15708	0.0790055	0.0730208	0.00598472	0.236085
0	5.60812	0	-387.621	0	0.00251592	-0.00168244	0.00419835	0.00251592	18.8496	18.0691	0	0	0.15708	0.0844637	0.0702431	0.0142205	0.241543
0	7.16733	0	948.343	0	0.00195284	-0.0021502	0.00410304	0.00195284	18.8496	18.0691	0	0	0.15708	0.0921354	0.0702431	0.0218923	0.249215
0	4.56318	0	-2192.85	0	0.00262511	-0.00136895	0.00399406	0.00262511	18.8496	18.5363	0	0	0.15708	0.0577756	0.0281956	0.02958	0.214855
0	6.41819	0	-512.12	0	0.00199482	-0.00192546	0.00392028	0.00199482	18.8496	19.6441	0	0	0.15708	-0.0420286	-0.0715116	0.0294829	0.115051
0	10.9053	0	2011.37	0	0.000523955	-0.0032716	0.00379555	0.000523955	18.8496	19.9251	0	0	0.15708	-0.0762874	-0.0967976	0.0205102	0.0807922
0	8.36533	0	-1168.13	0	0.00111854	-0.0025096	0.00362814	0.00111854	18.8496	19.5675	0	0	0.15708	-0.0544295	-0.0646154	0.0101859	0.10265
0	5.15923	0	-1824.14	0	0.00196071	-0.00154777	0.00350848	0.00196071	18.8496	19.1216	0	0	0.15708	-0.0201521	-0.0244835	0.00433142	0.136928
0	4.49531	0	-220.027	0	0.00208578	-0.00134859	0.00343437	0.00208578	18.8496	18.8683	0	0	0.15708	0.000242518	-0.00168777	0.00193029	0.157322
0	8.15529	0	2892.44	0	0.000901013	-0.00244659	0.0033476	0.000901013	18.8496	18.1031	0	0	0.15708	0.0715016	0.0671781	0.00432351	0.228581
0	6.99275	0	-397.198	0	0.00112211	-0.00209783	0.00321994	0.00112211	18.8496	18.3245	0	0	0.15708	0.0582881	0.047256	0.0110322	0.215368
0	6.78686	0	503.022	0	0.00108259	-0.00203606	0.00311864	0.00108259	18.8496	18.284	0	0	0.15708	0.0675083	0.0508955	0.0166127	0.224588
0	7.13863	0	1704.91	0	0.000865626	-0.00214159	0.00300721	0.000865626	18.8496	18.7544	0	0	0.15708	0.0298707	0.00856075	0.02131	0.18695
0	1.79009	0	-2283.83	0	0.00237418	-0.000537026	0.0029112	0.00237418	18.8496	19.5079	0	0	0.15708	-0.0394756	-0.0592518	0.0197762	0.117604
0	-0.459588	0	-674.925	0	0.0030335	0.000137876	0.00289562	0.0030335	18.8496	19.361	0	0	0.15708	-0.0326232	-0.0460341	0.0134108	0.124456
0	-0.43345	0	24.1814	0	0.00303031	0.000130035	0.00290028	0.00303031	18.8496	19.343	0	0	0.15708	-0.0359767	-0.0444057	0.00842897	0.121103
0	-0.487852	0	383.312	0	0.00305914	0.000146356	0.00291279	0.00305914	18.8496	19.3408	0	0	0.15708	-0.0408043	-0.0442141	0.00340987	0.116275
0	1.47139	0	2035.31	0	0.00248123	-0.000441418	0.00292265	0.00248123	18.8496	18.7332	0	0	0.15708	0.00967057	0.0104763	-0.00080575	0.16675
0	1.67546	0	493.445	0	0.00239048	-0.000502637	0.00289311	0.00239048	18.8496	17.8445	0	0	0.15708	0.0940198	0.0904528	0.00356692	0.251099
0	-0.107899	0	-449.871	0	0.00290886	3.23698e-05	0.00287649	0.00290886	18.8496	18.0425	0	0	0.15708	0.0858826	0.0726378	0.0132448	0.242962
0	0.025838	0	407.254	0	0.00286798	-7.75141e-06	0.00287573	0.00286798	18.8496	18.0659	0	0	0.15708	0.0916599	0.0705305	0.0211294	0.24874
0	-3.10147	0	-2159.33	0	0.00381947	0.000930441	0.00288902	0.00381947	18.8496	18.8864	0	0	0.15708	0.025203	-0.00331615	0.0285191	0.182283
0	-0.970737	0	866.94	0	0.00323079	0.000291221	0.00293956	0.00323079	18.8496	20.2199	0	0	0.15708	-0.100286	-0.123329	0.0230424	0.0567933
0	-2.54696	0	-751.54	0	0.0037203	0.000764089	0.00295621	0.0037203	18.8391	19.6324	-12.5607	0	0.147572	-0.060366	-0.0713996	0.0110336	0.0872059
0	-5.62387	0	-2164.12	0	0.00469644	0.00168716	0.00300928	0.00469644	18.7989	19.1503	-27.6402	0	0.135927	-0.0276635	-0.0316293	0.00396583	0.108264
0	-6.5868	0	-593.523	0	0.00508277	0.00197604	0.00310672	0.00508277	18.7285	18.9439	-42.7196	0	0.124031	-0.0181438	-0.0193801	0.00123625	0.105888
0	-3.14421	0	799.903	0	0.00414415	0.000943262	0.00320089	0.00414415	18.628	18.2383	-57.7991	0	0.111884	0.0349902	0.0350756	-8.53247e-05	0.146874
0	4.84297	0	4826.95	0	0.00176165	-0.00145289	0.00321454	0.00176165	18.4973	17.9148	-72.8785	0	0.0994856	0.0574898	0.0524319	0.00505789	0.156975
0	4.29631	0	-540.85	0	0.00185056	-0.00128889	0.00313946	0.00185056	18.3365	18.0105	-87.958	0	0.0868357	0.0394805	0.0293366	0.0101439	0.126316
0	6.07957	0	445.561	0	0.00124218	-0.00182387	0.00306605	0.00124218	18.1455	17.9818	-103.037	0	0.0739345	0.0277368	0.0147334	0.0130034	0.101671
0	7.50902	0	-4.54898	0	0.000717554	-0.00225271	0.00297026	0.000717554	17.9244	17.9467	-118.117	0	0.060782	0.0121555	-0.00200947	0.014165	0.0729375
0	8.90555	0	-152.989	0	0.000172231	-0.00267167	0.0028439	0.000172231	17.6731	17.8179	-133.196	0	0.0473782	0.000469663	-0.0130382	0.0135079	0.0478478
0	10.0533	0	-397.198	0	-0.000315406	-0.003016	0.00270059	-0.000315406	17.3916	17.4093	-148.276	0	0.033723	0.0107149	-0.00159061	0.0123056	0.0444379
0	15.203	0	2193.33	0	-0.00204318	-0.00456091	0.00251773	-0.00204318	17.0904	16.9399	-150.796	0	0.0293228	0.0263356	0.0135432	0.0127924	0.0556584
0	15.9287	0	-382.833	0	-0.00251252	-0.00477861	0.00226609	-0.00251252	16.7888	16.8314	-150.796	0	0.0268095	0.0098729	-0.00382994	0.0137028	0.0366824
0	15.5737	0	-880.827	0	-0.00265752	-0.0046721	0.00201458	-0.00265752	16.4872	16.4217	-150.796	0	0.0242963	0.0194312	0.00590223	0.013529	0.0437275
0	19.3716	0	1312.26	0	-0.00405243	-0.00581148	0.00175906	-0.00405243	16.1856	16.0694	-150.796	0	0.0217831	0.0249949	0.0104626	0.0145323	0.046778
0	21.0702	0	1273.95	0	-0.00487552	-0.00632106	0.00144554	-0.00487552	15.8841	15.864	-150.796	0	0.0192698	0.017374	0.00180528	0.0155687	0.0366438
0	21.7874	0	708.923	0	-0.00543227	-0.00653623	0.00110396	-0.00543227	15.5825	15.7022	-150.796	0	0.0167566	0.00448631	-0.0107791	0.0152654	0.0212429
0	21.8188	0	330.639	0	-0.00579085	-0.00654565	0.000754796	-0.00579085	15.2809	15.2436	-150.796	0	0.0142433	0.0174339	0.00335916	0.0140747	0.0316772
0	22.9574	0	838.21	0	-0.00648915	-0.00688722	0.000398072	-0.00648915	14.9793	14.5327	-150.796	0	0.0117301	0.0558176	0.0401973	0.0156202	0.0675477
0	22.687	0	-267.911	0	-0.00677291	-0.0068061	3.31923e-05	-0.00677291	14.6777	14.4401	-150.796	0	0.00921685	0.0413744	0.0213873	0.0199871	0.0505913
0	21.3454	0	277.967	0	-0.00672984	-0.00640363	-0.000326208	-0.00672984	14.3761	14.4709	-150.796	0	0.00670361	0.0127621	-0.00853346	0.0212956	0.0194657
0	22.7346	0	1101.57	0	-0.00749428	-0.00682039	-0.000673889	-0.00749428	14.0745	14.0708	-150.796	0	0.00419037	0.0206487	0.000336971	0.0203118	0.0248391
0	23.1738	0	464.715	0	-0.00799537	-0.00695214	-0.00104324	-0.00799537	13.7729	13.5663	-150.796	0	0.00167713	0.039631	0.0185938	0.0210373	0.0413081
0	20.8148	0	-923.922	0	-0.0076503	-0.00624443	-0.00140588	-0.0076503	13.4713	13.2056	-150.796	0	-0.000836116	0.0472964	0.0239202	0.0233762	0.0464603
0	19.8452	0	91.2191	0	-0.00768319	-0.00595355	-0.00172964	-0.00768319	13.1698	12.9948	-150.796	0	-0.00334936	0.0417083	0.0157418	0.0259665	0.0383589
0	21.5439	0	1211.71	0	-0.00852181	-0.00646318	-0.00205863	-0.00852181	12.8682	12.7799	-150.796	0	-0.0058626	0.0354028	0.00794629	0.0274565	0.0295402
0	20.9955	0	972.285	0	-0.0086959	-0.00629864	-0.00239726	-0.0086959	12.5666	12.4361	-150.796	0	-0.00837584	0.0400123	0.0117404	0.0282718	0.0316364
0	21.497	0	852.575	0	-0.00918465	-0.00644911	-0.00273554	-0.00918465	12.265	11.9668	-150.796	0	-0.0108891	0.0568083	0.0268366	0.0299717	0.0459192
0	21.0302	0	694.558	0	-0.00939009	-0.00630905	-0.00308103	-0.00939009	11.9634	11.805	-150.796	0	-0.0134023	0.0472444	0.014252	0.0329924	0.0338421
0	18.4621	0	-880.827	0	-0.00894587	-0.00553863	-0.00340724	-0.00894587	11.6618	11.6252	-150.796	0	-0.0159156	0.0372776	0.00329598	0.0339816	0.0213621
0	17.3095	0	-483.389	0	-0.00888871	-0.00519284	-0.00369587	-0.00888871	11.3602	11.406	-150.796	0	-0.0184288	0.0302119	-0.00411627	0.0343282	0.0117831
0	15.3472	0	-708.444	0	-0.00857181	-0.00460415	-0.00396767	-0.00857181	11.0586	11.0643	-150.796	0	-0.0209421	0.0332946	-0.000513954	0.0338086	0.0123526
0	16.8503	0	1475.07	0	-0.00926977	-0.00505509	-0.00421468	-0.00926977	10.757	10.512	-150.796	0	-0.0234553	0.0564553	0.022053	0.0344023	0.033
0	18.5594	0	1671.39	0	-0.0100612	-0.00556781	-0.00449343	-0.0100612	10.4555	10.081	-150.796	0	-0.0259685	0.0710608	0.033701	0.0373598	0.0450922
0	18.2641	0	680.193	0	-0.0102729	-0.00547923	-0.00479369	-0.0102729	10.1539	9.91392	-150.796	0	-0.0284818	0.0624514	0.0215955	0.0408559	0.0339696
0	15.231	0	-1192.07	0	-0.0096412	-0.00456929	-0.00507191	-0.0096412	9.85228	9.58082	-150.796	0	-0.030995	0.0677366	0.0244317	0.0433049	0.0367416
0	16.1006	0	1010.59	0	-0.0101446	-0.00483019	-0.00531446	-0.0101446	9.55069	9.24026	-150.796	0	-0.0335083	0.0740819	0.0279384	0.0461435	0.0405737
0	18.3186	0	1350.57	0	-0.0110805	-0.00549559	-0.00558488	-0.0110805	9.2491	8.96463	-150.796	0	-0.0360215	0.0746285	0.0256025	0.0490259	0.038607
0	18.4921	0	100.796	0	-0.0114302	-0.00554763	-0.00588262	-0.0114302	8.94751	8.53255	-150.796	0	-0.0385347	0.0895803	0.0373462	0.0522341	0.0510456
0	16.8939	0	-813.789	0	-0.0112387	-0.00506818	-0.00617047	-0.0112387	8.64592	8.31013	-150.796	0	-0.041048	0.0865109	0.0302213	0.0562896	0.0454629
0	17.9769	0	560.483	0	-0.0118361	-0.00539306	-0.00644304	-0.0118361	8.34433	8.10473	-150.796	0	-0.0435612	0.080931	0.0215639	0.0593671	0.0373698
0	19.6875	0	1072.84	0	-0.0126447	-0.00590625	-0.00673841	-0.0126447	8.04274	7.82059	-150.796	0	-0.0460745	0.0817164	0.0199943	0.0617221	0.0356419
0	19.4484	0	-560.004	0	-0.0128879	-0.00583451	-0.00705337	-0.0128879	7.74115	7.45769	-150.796	0	-0.0485877	0.0893724	0.0255122	0.0638602	0.0407847
0	19.138	0	517.387	0	-0.0130967	-0.0057414	-0.00735525	-0.0130967	7.43957	6.84788	-150.796	0	-0.051101	0.120906	0.0532513	0.0676543	0.0698047
0	19.9645	0	230.083	0	-0.0136574	-0.00598934	-0.00766807	-0.0136574	7.13798	6.83618	-150.796	0	-0.0536142	0.100229	0.0271619	0.0730673	0.046615
0	19.5532	0	-296.642	0	-0.0138525	-0.00586596	-0.00798655	-0.0138525	6.83639	6.64675	-150.796	0	-0.0561274	0.0926278	0.0170677	0.0755601	0.0365004
0	19.648	0	196.564	0	-0.0141909	-0.00589439	-0.00829651	-0.0141909	6.5348	5.92946	-150.796	0	-0.0586407	0.132801	0.0544806	0.0783201	0.0741601
0	20.902	0	862.152	0	-0.0148859	-0.0062706	-0.00861529	-0.0148859	6.23321	5.62935	-150.796	0	-0.0611539	0.139122	0.0543476	0.0847743	0.077968
0	21.1687	0	354.581	0	-0.0153031	-0.0063506	-0.00895254	-0.0153031	5.93162	5.5027	-150.796	0	-0.0636672	0.12888	0.0386025	0.0902771	0.0652124
0	20.1964	0	-445.082	0	-0.0153484	-0.00605891	-0.00928948	-0.0153484	5.63003	5.23665	-150.796	0	-0.0661804	0.129861	0.0354046	0.0944561	0.0636803
0	19.2096	0	-627.041	0	-0.0153702	-0.00576288	-0.00960727	-0.0153702	5.32844	5.05999	-150.796	0	-0.0686937	0.122228	0.024161	0.098067	0.0535344
0	19.5671	0	215.718	0	-0.0157836	-0.00587012	-0.00991348	-0.0157836	5.02685	4.7503	-150.796	0	-0.0712069	0.125553	0.0248901	0.100663	0.0543459
0	21.6683	0	1317.05	0	-0.0167374	-0.00650048	-0.0102369	-0.0167374	4.72526	4.40549	-150.796	0	-0.0737201	0.132423	0.0287799	0.103643	0.0587026
0	20.8374	0	-263.123	0	-0.0168329	-0.00625123	-0.0105817	-0.0168329	4.42368	4.20967	-150.796	0	-0.0762334	0.125741	0.0192605	0.10648	0.0495075
0	20.4762	0	-205.662	0	-0.0170538	-0.00614286	-0.0109109	-0.0170538	4.12209	3.71587	-150.796	0	-0.0787466	0.145575	0.0365595	0.109016	0.0668287
0	21.1017	0	780.749	0	-0.0175704	-0.0063305	-0.0112399	-0.0175704	3.8205	3.48706	-150.796	0	-0.0812599	0.143105	0.0300093	0.113096	0.061845
0	21.5485	0	239.66	0	-0.0180436	-0.00646454	-0.0115791	-0.0180436	3.51891	3.32956	-150.796	0	-0.0837731	0.133101	0.0170417	0.116059	0.0493277
0	21.9003	0	536.541	0	-0.0184948	-0.00657008	-0.0119248	-0.0184948	3.21732	3.12735	-150.796	0	-0.0862863	0.1257	0.00809699	0.117603	0.0394137
0	21.3111	0	-406.775	0	-0.0186678	-0.00639332	-0.0122745	-0.0186678	2.91573	2.63142	-150.796	0	-0.0887996	0.144395	0.0255875	0.118808	0.0555956
0	21.1487	0	464.715	0	-0.0189562	-0.0063446	-0.0126116	-0.0189562	2.61414	2.22063	-150.796	0	-0.0913128	0.157488	0.0354157	0.122073	0.0661755
0	21.5705	0	-440.294	0	-0.019425	-0.00647114	-0.0129538	-0.019425	2.31255	1.90243	-150.796	0	-0.0938261	0.162958	0.036911	0.126047	0.0691316
0	21.3116	0	-124.259	0	-0.0196883	-0.00639347	-0.0132949	-0.0196883	2.01096	1.64702	-150.796	0	-0.0963393	0.16283	0.0327553	0.130075	0.0664909
0	22.1215	0	392.889	0	-0.0202755	-0.00663644	-0.0136391	-0.0202755	1.70937	1.4959	-150.796	0	-0.0988526	0.152578	0.0192131	0.133365	0.0537254
0	22.2418	0	-85.9518	0	-0.0206675	-0.00667255	-0.0139949	-0.0206675	1.40945	1.39054	-145.788	0	-0.0975952	0.136778	0.00170209	0.135076	0.0391824
0	21.8511	0	-406.775	0	-0.0209054	-0.00655533	-0.0143501	-0.0209054	1.13296	1.3501	-130.708	0	-0.0885898	0.115113	-0.0195426	0.134656	0.0265234
0	20.7899	0	-627.041	0	-0.0209334	-0.00623696	-0.0146965	-0.0209334	0.886624	1.30327	-115.629	0	-0.0793329	0.0944419	-0.0374982	0.13194	0.015109
0	19.2198	0	-1115.46	0	-0.0207874	-0.00576595	-0.0150215	-0.0207874	0.670449	1.03509	-100.549	0	-0.0698248	0.094977	-0.0328174	0.127794	0.0251522
0	18.3813	0	-923.922	0	-0.0208401	-0.00551439	-0.0153258	-0.0208401	0.484433	1.01274	-85.4697	0	-0.0600654	0.0764465	-0.0475475	0.123994	0.0163812
0	16.5256	0	-1441.07	0	-0.0205707	-0.00495767	-0.015613	-0.0205707	0.328575	0.926536	-70.3903	0	-0.0500546	0.0643689	-0.0538165	0.118185	0.0143143
0	14.2015	0	-1939.06	0	-0.020129	-0.00426046	-0.0158685	-0.020129	0.202875	0.650901	-55.3108	0	-0.0397925	0.0724443	-0.0403223	0.112767	0.0326518
0	13.2646	0	-746.752	0	-0.0200714	-0.00397939	-0.016092	-0.0200714	0.107334	0.712626	-40.2314	0	-0.0292791	0.0534832	-0.0544763	0.10796	0.0242041
0	11.6739	0	-1101.09	0	-0.0198006	-0.00350217	-0.0162984	-0.0198006	0.0419519	0.623232	-25.1519	0	-0.0185143	0.0494623	-0.0523152	0.101777	0.030948
0	10.0787	0	-1014.9	0	-0.0195019	-0.00302361	-0.0164783	-0.0195019	0.00672793	0.476369	-10.0725	0	-0.00749829	0.0540584	-0.0422677	0.0963261	0.0465601
0	8.94814	0	-603.099	0	-0.0193199	-0.00268444	-0.0166354	-0.0193199	0	0.439121	0	0	0	0.0521624	-0.0395209	0.0916833	0.0521624
0	7.13823	0	-751.54	0	-0.018913	-0.00214147	-0.0167715	-0.018913	0	0.29545	0	0	0	0.0609836	-0.0265905	0.0875741	0.0609836
0	5.60685	0	-583.946	0	-0.0185613	-0.00168206	-0.0168793	-0.0185613	0	0.143266	0	0	0	0.072146	-0.0128939	0.08504	0.072146
0	4.113	0	-464.236	0	-0.0181964	-0.0012339	-0.0169625	-0.0181964	0	0.0368435	0	0	0	0.0805521	-0.00331591	0.083868	0.0805521
0	2.5528	0	-516.908	0	-0.017788	-0.000765839	-0.0170222	-0.017788	0	-0.0727717	0	0	0	0.0903417	0.00654946	0.0837923	0.0903417
0	1.2434	0	-387.621	0	-0.0174305	-0.000373019	-0.0170574	-0.0174305	0	-0.116405	0	0	0	0.0951614	0.0104764	0.0846849	0.0951614
0	0.161881	0	-339.737	0	-0.0171219	-4.85644e-05	-0.0170734	-0.0171219	0	-0.114276	0	0	0	0.0961179	0.0102849	0.085833	0.0961179
0	-1.0201	0	-277.488	0	-0.0167653	0.000306031	-0.0170714	-0.0167653	0	-0.114276	0	0	0	0.0972607	0.0102849	0.0869758	0.0972607
0	-1.92611	0	-243.969	0	-0.0164737	0.000577832	-0.0170515	-0.0164737	0	-0.127047	0	0	0	0.0995741	0.0114342	0.0881398	0.0995741
0	-2.71682	0	-148.201	0	-0.0162032	0.000815047	-0.0170182	-0.0162032	0	-0.148332	0	0	0	0.102803	0.0133499	0.0894529	0.102803
0	-3.53336	0	-119.471	0	-0.0159113	0.00106001	-0.0169713	-0.0159113	0	-0.169616	0	0	0	0.10626	0.0152655	0.0909947	0.10626
0	-4.07803	0	-100.317	0	-0.0156892	0.00122341	-0.0169126	-0.0156892	0	-0.19835	0	0	0	0.110622	0.0178515	0.0927707	0.110622
0	-4.70543	0	-100.317	0	-0.0154328	0.00141163	-0.0168444	-0.0154328	0	-0.221763	0	0	0	0.114766	0.0199587	0.0948074	0.114766
0	-5.16629	0	-119.471	0	-0.0152165	0.00154989	-0.0167664	-0.0152165	0	-0.236662	0	0	0	0.118362	0.0212996	0.0970623	0.118362
0	-5.61618	0	-114.682	0	-0.0149966	0.00168485	-0.0166814	-0.0149966	0	-0.248369	0	0	0	0.121819	0.0223532	0.0994662	0.121819
0	-6.01102	0	-100.317	0	-0.0147867	0.00180331	-0.01659	-0.0147867	0	-0.250497	0	0	0	0.1245	0.0225448	0.101955	0.1245
0	-6.34674	0	-85.9518	0	-0.0145886	0.00190402	-0.0164926	-0.0145886	0	-0.255818	0	0	0	0.127494	0.0230237	0.104471	0.127494
0	-6.44663	0	-133.836	0	-0.014457	0.00193399	-0.016391	-0.014457	0	-0.259011	0	0	0	0.130356	0.023311	0.107045	0.130356
0	-6.63414	0	-129.047	0	-0.0142971	0.00199024	-0.0162873	-0.0142971	0	-0.25369	0	0	0	0.132467	0.0228321	0.109635	0.132467
0	-6.67865	0	-157.778	0	-0.0141768	0.0020036	-0.0161804	-0.0141768	0	-0.239855	0	0	0	0.133743	0.021587	0.112156	0.133743
0	-6.78586	0	-148.201	0	-0.0140369	0.00203576	-0.0160726	-0.0140369	0	-0.221763	0	0	0	0.134471	0.0199587	0.114512	0.134471
0	-7.05403	0	-152.989	0	-0.0138473	0.00211621	-0.0159635	-0.0138473	0	-0.201543	0	0	0	0.134815	0.0181389	0.116676	0.134815
0	-7.11834	0	-215.239	0	-0.013715	0.0021355	-0.0158505	-0.013715	0	-0.168552	0	0	0	0.133798	0.0151697	0.118628	0.133798
0	-7.4684	0	-291.853	0	-0.0134949	0.00224052	-0.0157354	-0.0134949	0	-0.121726	0	0	0	0.131146	0.0109553	0.120191	0.131146
0	-7.8098	0	-220.027	0	-0.0132719	0.00234294	-0.0156148	-0.0132719	0	-0.0972489	0	0	0	0.130076	0.0087524	0.121323	0.130076
0	-7.56935	0	-62.0098	0	-0.013219	0.00227081	-0.0154898	-0.013219	0	-0.0961847	0	0	0	0.130931	0.00865662	0.122274	0.130931
0	-7.45325	0	9.81623	0	-0.0131328	0.00223597	-0.0153688	-0.0131328	0	-0.107891	0	0	0	0.132978	0.0097102	0.123268	0.132978
0	-7.28456	0	9.81623	0	-0.0130645	0.00218537	-0.0152498	-0.0130645	0	-0.0802213	0	0	0	0.131572	0.00721992	0.124352	0.131572
0	-6.58526	0	421.619	0	-0.0131592	0.00197558	-0.0151348	-0.0131592	0	0.114532	0	0	0	0.114464	-0.0103079	0.124772	0.114464
0	-5.96941	0	397.677	0	-0.0132413	0.00179082	-0.0150321	-0.0132413	0	0.369946	0	0	0	0.0896606	-0.0332951	0.122956	0.0896606
0	-5.63816	0	244.448	0	-0.013247	0.00169145	-0.0149384	-0.013247	0	0.492332	0	0	0	0.0745154	-0.0443099	0.118825	0.0745154
0	-5.64962	0	-4.54898	0	-0.0131528	0.00169488	-0.0148476	-0.0131528	0	0.460405	0	0	0	0.0724815	-0.0414365	0.113918	0.0724815
0	-5.37649	0	215.718	0	-0.013145	0.00161295	-0.0147579	-0.013145	0	0.312478	0	0	0	0.0814835	-0.028123	0.109607	0.0814835
0	-4.09002	0	775.961	0	-0.0134504	0.00122701	-0.0146774	-0.0134504	0	0.0730271	0	0	0	0.100521	-0.00657244	0.107094	0.100521
0	-3.6687	0	143.892	0	-0.0135137	0.00110061	-0.0146143	-0.0135137	0	-0.02701	0	0	0	0.10914	0.0024309	0.106709	0.10914
0	-3.66753	0	14.6046	0	-0.0134547	0.00110026	-0.014555	-0.0134547	0	-0.0717075	0	0	0	0.11354	0.00645367	0.107086	0.11354
0	-3.14561	0	110.373	0	-0.0135544	0.000943683	-0.0144981	-0.0135544	0	-0.0866067	0	0	0	0.115677	0.0077946	0.107883	0.115677
0	-2.35354	0	301.909	0	-0.0137447	0.000706062	-0.0144508	-0.0137447	0	-0.040845	0	0	0	0.112345	0.00367605	0.108669	0.112345
0	-1.72645	0	282.755	0	-0.0138979	0.000517935	-0.0144159	-0.0138979	0	0.034715	0	0	0	0.105772	-0.00312435	0.108897	0.105772
0	-1.33274	0	67.2771	0	-0.0139906	0.000399821	-0.0143904	-0.0139906	0	0.0836694	0	0	0	0.100854	-0.00753024	0.108384	0.100854
0	-1.0143	0	81.6423	0	-0.0140662	0.00030429	-0.0143705	-0.0140662	0	0.0591922	0	0	0	0.102247	-0.0053273	0.107574	0.102247
0	-0.957702	0	-124.259	0	-0.0140667	0.000287311	-0.014354	-0.0140667	0	0.0144947	0	0	0	0.105795	-0.00130453	0.107099	0.105795
0	-0.674115	0	-167.355	0	-0.0141367	0.000202235	-0.0143389	-0.0141367	0	-0.0163678	0	0	0	0.108513	0.0014731	0.10704	0.108513
0	-0.696481	0	-200.874	0	-0.0141188	0.000208944	-0.0143277	-0.0141188	0	-0.0323312	0	0	0	0.110166	0.0029098	0.107257	0.110166
0	-0.631476	0	-239.181	0	-0.0141271	0.000189443	-0.0143166	-0.0141271	0	-0.0302027	0	0	0	0.110287	0.00271824	0.107569	0.110287
0	-0.62306	0	-143.413	0	-0.0141191	0.000186918	-0.014306	-0.0141191	0	-0.0238174	0	0	0	0.110009	0.00214356	0.107866	0.110009
0	-0.472934	0	-23.7026	0	-0.0141543	0.00014188	-0.0142962	-0.0141543	0	-0.00998243	0	0	0	0.10896	0.000898419	0.108062	0.10896
0	-0.126773	0	81.6423	0	-0.0142523	3.8032e-05	-0.0142904	-0.0142523	0	0.0113021	0	0	0	0.107096	-0.00101719	0.108113	0.107096
0	0.0795385	0	62.4887	0	-0.0143128	-2.38616e-05	-0.0142889	-0.0143128	0	0.0230085	0	0	0	0.105892	-0.00207077	0.107963	0.105892
0	0.234685	0	38.5466	0	-0.0143614	-7.04056e-05	-0.014291	-0.0143614	0	0.0144947	0	0	0	0.106455	-0.00130453	0.10776	0.106455
