0	-0.0867525	0	-19.7761	0	2.60258e-05	2.60258e-05	0	2.60258e-05	0	-0.000329912	0	0	0	2.96921e-05	2.96921e-05	0	2.96921e-05
0	-0.135807	0	-115.544	0	4.19603e-05	4.0742e-05	1.21827e-06	4.19603e-05	0.0150796	-0.0216144	15.0796	0	0.0114354	0.00331397	0.00330247	1.15064e-05	0.0147494
0	0.10954	0	176.548	0	-3.03132e-05	-3.28619e-05	2.54869e-06	-3.03132e-05	0.0603186	-0.00352259	30.1593	0	0.0231221	0.00619712	0.00574571	0.00045141	0.0293192
0	1.00403	0	779.887	0	-0.000303241	-0.00030121	-2.03059e-06	-0.000303241	0.135717	-0.124844	45.2389	0	0.0350602	0.0247845	0.0234505	0.00133396	0.0598446
0	0.588156	0	-359.753	0	-0.000195662	-0.000176447	-1.92149e-05	-0.000195662	0.241274	-0.130165	60.3186	0	0.0472496	0.0378483	0.0334296	0.00441875	0.0850979
0	0.292706	0	-177.793	0	-0.000114741	-8.78117e-05	-2.69292e-05	-0.000114741	0.376991	-0.038642	75.3982	0	0.0596903	0.0456264	0.037407	0.00821946	0.105317
0	0.152479	0	-139.486	0	-7.62216e-05	-4.57438e-05	-3.04779e-05	-7.62216e-05	0.542867	0.0656521	90.4779	0	0.0723823	0.0554124	0.0429494	0.012463	0.127795
0	0.0914597	0	-129.909	0	-5.96165e-05	-2.74379e-05	-3.21786e-05	-5.96165e-05	0.738903	0.125249	105.558	0	0.0853257	0.072765	0.0552289	0.0175361	0.158091
0	0.0536324	0	-163.428	0	-4.93448e-05	-1.60897e-05	-3.3255e-05	-4.93448e-05	0.965097	0.155047	120.637	0	0.0985204	0.0970493	0.0729045	0.0241448	0.19557
0	-0.195094	0	-206.524	0	2.52725e-05	5.85282e-05	-3.32557e-05	2.52725e-05	1.22145	0.289139	135.717	0	0.111966	0.116563	0.0839081	0.0326545	0.228529
0	-1.16603	0	-814.651	0	0.000321733	0.00034981	-2.80771e-05	0.000321733	1.50796	0.789325	150.796	0	0.125664	0.106501	0.0646776	0.0418237	0.232165
0	-2.88912	0	-1336.59	0	0.000865042	0.000866735	-1.69281e-06	0.000865042	1.80956	1.67689	150.796	0	0.128177	0.0594694	0.0119402	0.0475292	0.187646
0	-2.94039	0	-383.695	0	0.000927229	0.000882118	4.51107e-05	0.000927229	2.11115	2.34629	150.796	0	0.13069	0.0266065	-0.0211622	0.0477687	0.157297
0	-2.32197	0	205.279	0	0.000786263	0.000696591	8.96722e-05	0.000786263	2.41274	2.70387	150.796	0	0.133204	0.0183367	-0.026201	0.0445378	0.15154
0	-1.63043	0	411.18	0	0.000611921	0.000489129	0.000122792	0.000611921	2.71434	2.70812	150.796	0	0.135717	0.0430196	0.000559208	0.0424603	0.178736
0	-1.09872	0	617.082	0	0.000476737	0.000329615	0.000147122	0.000476737	3.01593	2.77198	150.796	0	0.13823	0.0650673	0.0219557	0.0431115	0.203297
0	-1.20974	0	348.931	0	0.000518834	0.000362923	0.000155912	0.000518834	3.31752	2.83902	150.796	0	0.139487	0.0738245	0.0294932	0.0443313	0.213311
0	-3.97568	0	-1547.28	0	0.00137835	0.0011927	0.000185646	0.00137835	3.61911	3.66593	150.796	0	0.142	0.0288908	-0.0177847	0.0466755	0.170891
0	-4.00438	0	176.548	0	0.00145292	0.00120131	0.000251604	0.00145292	3.76991	4.31936	150.796	0	0.144513	-0.00599781	-0.0494505	0.0434526	0.138515
0	-4.18091	0	-101.179	0	0.00156942	0.00125427	0.000315151	0.00156942	4.0715	4.20655	150.796	0	0.147027	0.026579	-0.0121544	0.0387334	0.173606
0	-4.49775	0	162.183	0	0.00173262	0.00134932	0.000383294	0.00173262	4.3731	4.10864	150.796	0	0.14954	0.0621398	0.0238007	0.0383391	0.21168
0	-3.01048	0	803.829	0	0.00135252	0.000903145	0.000449379	0.00135252	4.67469	4.32255	150.796	0	0.152053	0.074072	0.0316921	0.0423798	0.226125
0	-3.03163	0	214.856	0	0.00138295	0.00090949	0.000473463	0.00138295	4.97628	4.69929	150.796	0	0.15331	0.0554981	0.0113576	0.0441405	0.208808
0	-3.79166	0	-120.333	0	0.0016978	0.0011375	0.000560306	0.0016978	5.27787	5.81247	150.796	0	0.15708	-0.00634722	-0.0481136	0.0417664	0.150732
0	-3.1611	0	344.143	0	0.00153897	0.000948331	0.000590639	0.00153897	5.57946	5.89548	150.796	0	0.159593	0.0106522	-0.0284412	0.0390934	0.170245
0	-2.16881	0	516.525	0	0.00130971	0.000650644	0.000659062	0.00130971	5.88106	6.05085	150.796	0	0.162106	0.0193518	-0.0152818	0.0346336	0.181458
0	-1.25037	0	789.464	0	0.00105152	0.000375111	0.000676412	0.00105152	6.18265	6.14983	150.796	0	0.163363	0.0231669	-0.0106177	0.0337846	0.18653
0	-2.64235	0	-359.753	0	0.00151562	0.000792704	0.00072292	0.00151562	6.48424	6.30627	150.796	0	0.167133	0.0503354	0.0160176	0.0343179	0.217468
0	-2.81973	0	-350.176	0	0.00158998	0.000845918	0.000744059	0.00158998	6.78583	6.53295	150.796	0	0.168389	0.0443958	0.00918805	0.0352078	0.212785
0	-2.16983	0	607.505	0	0.00146705	0.000650948	0.000816103	0.00146705	7.08743	7.60782	150.796	0	0.172159	-0.0132845	-0.0468351	0.0335506	0.158875
0	-1.722	0	641.024	0	0.00135006	0.000516599	0.000833462	0.00135006	7.38902	7.68338	150.796	0	0.173416	-0.00911515	-0.0400638	0.0309486	0.164301
0	-2.36814	0	-125.121	0	0.00159494	0.000710443	0.000884497	0.00159494	7.69061	7.50778	150.796	0	0.177186	0.0444286	0.0164549	0.0279737	0.221614
0	-0.82541	0	789.464	0	0.00115775	0.000247623	0.000910124	0.00115775	7.9922	7.93028	150.796	0	0.179699	0.0358209	0.0055735	0.0302474	0.21552
0	-1.17644	0	-455.521	0	0.00126966	0.000352931	0.000916727	0.00126966	8.2938	8.43685	150.796	0	0.182212	0.0176826	-0.0128744	0.030557	0.199895
0	-2.00888	0	-273.561	0	0.00155731	0.000602664	0.00095465	0.00155731	8.59539	8.98705	150.796	0	0.184726	-0.0112936	-0.0352495	0.0239559	0.173432
0	-1.99954	0	-273.561	0	0.00157058	0.000599863	0.000970721	0.00157058	8.89699	8.90191	150.796	0	0.187239	0.021554	-0.000443573	0.0219976	0.208793
0	-1.42771	0	90.3572	0	0.00144718	0.000428314	0.00101887	0.00144718	9.19858	9.07751	150.796	0	0.189752	0.0338982	0.010896	0.0230022	0.22365
0	-0.784982	0	195.702	0	0.00127189	0.000235494	0.00103639	0.00127189	9.50017	9.88739	150.796	0	0.192265	-0.0117608	-0.0348493	0.0230885	0.180505
0	-2.71346	0	-1025.34	0	0.00187131	0.000814037	0.00105728	0.00187131	9.80177	10.1779	150.796	0	0.194779	-0.0152032	-0.0338539	0.0186507	0.179576
0	-2.66456	0	-359.753	0	0.00187835	0.000799368	0.00107898	0.00187835	10.1034	10.1588	150.796	0	0.196035	-0.00178821	-0.0185581	0.0167699	0.194247
0	-2.4474	0	-206.524	0	0.00186717	0.000734221	0.00113295	0.00186717	10.405	10.3003	150.796	0	0.199805	0.0251213	0.0094182	0.0157031	0.224927
0	-4.59751	0	-1049.28	0	0.00256246	0.00137925	0.0011832	0.00256246	10.7065	10.7441	150.796	0	0.202319	0.0134863	-0.00337873	0.016865	0.215805
0	-2.95707	0	1014.52	0	0.00213832	0.00088712	0.0012512	0.00213832	11.0081	11.1176	150.796	0	0.204832	0.00601119	-0.00985422	0.0158654	0.210843
0	-2.4212	0	545.255	0	0.00202067	0.00072636	0.00129431	0.00202067	11.3097	11.4199	150.796	0	0.207345	0.00512793	-0.00991233	0.0150403	0.212473
0	-4.30843	0	-1236.03	0	0.00263	0.00129253	0.00133747	0.00263	11.7621	11.8924	150.796	0	0.209858	-0.0117998	-0.0252954	0.0134956	0.198059
0	-3.63763	0	195.702	0	0.00252774	0.00109129	0.00143645	0.00252774	12.0637	12.1223	150.796	0	0.213628	0.00469781	-0.0052688	0.00996662	0.218326
0	-3.04389	0	669.754	0	0.00240734	0.000913167	0.00149417	0.00240734	12.3653	12.3521	150.796	0	0.216142	0.0107573	0.00118618	0.00957114	0.226899
0	-3.15631	0	-86.8138	0	0.00248918	0.000946893	0.00154229	0.00248918	12.6669	12.8172	150.796	0	0.218655	-0.00381985	-0.0135265	0.00970664	0.214835
0	-3.13135	0	210.067	0	0.00253282	0.000939406	0.00159341	0.00253282	12.9685	12.9917	150.796	0	0.221168	0.00604189	-0.00209101	0.0081329	0.22721
0	-2.55574	0	382.45	0	0.00241014	0.000766722	0.00164341	0.00241014	13.2701	13.3621	150.796	0	0.223681	-0.000465336	-0.00827914	0.00781381	0.223216
0	-2.09939	0	444.699	0	0.00231195	0.000629816	0.00168214	0.00231195	13.5717	13.5143	150.796	0	0.226195	0.0122941	0.00516769	0.00712642	0.238489
0	-0.491882	0	1277.88	0	0.0018589	0.000147565	0.00171134	0.0018589	13.8733	13.6579	150.796	0	0.228708	0.0275533	0.0193807	0.00817257	0.256261
0	0.495916	0	1344.92	0	0.0015665	-0.000148775	0.00171527	0.0015665	14.1749	13.775	150.796	0	0.229965	0.0316659	0.0224166	0.00924928	0.26163
0	-3.86909	0	-1963.87	0	0.0028853	0.00116073	0.00172457	0.0028853	14.4765	14.9435	150.796	0	0.233735	-0.0313213	-0.0420351	0.0107137	0.202413
0	-5.11536	0	-551.289	0	0.00333032	0.00153461	0.00179571	0.00333032	14.7781	15.465	150.796	0	0.236248	-0.056756	-0.0618238	0.00506781	0.179492
0	-4.35728	0	-335.811	0	0.00318377	0.00130719	0.00187658	0.00318377	15.0797	15.4533	150.796	0	0.238761	-0.0349671	-0.0336269	-0.00134019	0.203794
0	-1.86577	0	1292.25	0	0.00249681	0.000559732	0.00193708	0.00249681	15.3812	15.5661	150.796	0	0.241274	-0.020964	-0.0166361	-0.00432785	0.22031
0	-1.27357	0	-201.735	0	0.00234528	0.00038207	0.00196321	0.00234528	15.6828	15.5118	150.796	0	0.243788	0.0101506	0.015392	-0.0052414	0.253938
0	-0.507743	0	104.722	0	0.00213351	0.000152323	0.00198119	0.00213351	15.9844	15.9801	150.796	0	0.246301	-0.00334292	0.000392075	-0.003735	0.242958
0	0.136628	0	-445.944	0	0.0019446	-4.09883e-05	0.00198559	0.0019446	16.286	16.6857	150.796	0	0.248814	-0.04049	-0.0359668	-0.00452314	0.208324
0	-0.406049	0	-963.092	0	0.00210831	0.000121815	0.0019865	0.00210831	16.5876	17.1688	150.796	0	0.251327	-0.0619355	-0.0523076	-0.00962787	0.189392
0	2.60434	0	1110.29	0	0.00120182	-0.000781302	0.00198312	0.00120182	16.8892	16.9251	150.796	0	0.253841	-0.0171182	-0.0032305	-0.0138877	0.236723
0	5.24058	0	1297.03	0	0.000356867	-0.00157217	0.00192904	0.000356867	17.1908	17.47	150.796	0	0.256354	-0.0394972	-0.0251266	-0.0143706	0.216857
0	4.58104	0	-187.37	0	0.000512804	-0.00137431	0.00188712	0.000512804	17.4886	17.736	143.256	0	0.25761	-0.0512666	-0.0355001	-0.0157665	0.206344
0	1.80499	0	-211.312	0	0.00128542	-0.000541497	0.00182692	0.00128542	17.7601	17.8925	128.176	0	0.244133	-0.0327747	-0.0119183	-0.0208564	0.211358
0	3.57937	0	42.4731	0	0.000711568	-0.00107381	0.00178538	0.000711568	18.0013	17.7744	113.097	0	0.234834	-0.000577567	0.0204277	-0.0210053	0.234256
0	4.15211	0	248.374	0	0.000480317	-0.00124563	0.00172595	0.000480317	18.2125	18.0468	98.017	0	0.225283	-0.0036476	0.0149084	-0.018556	0.221636
0	4.13295	0	28.1079	0	0.000409754	-0.00123988	0.00164964	0.000409754	18.3934	18.8833	82.9373	0	0.215481	-0.0625927	-0.0440892	-0.0185036	0.152889
0	5.09333	0	152.606	0	4.85107e-05	-0.001528	0.00157651	4.85107e-05	18.5442	18.8833	67.8576	0	0.205428	-0.053657	-0.0305174	-0.0231395	0.151771
0	5.06722	0	32.8963	0	1.55963e-05	-0.00152017	0.00153576	1.55963e-05	18.6648	18.8375	52.778	0	0.200307	-0.0454661	-0.0206311	-0.0248349	0.154841
0	5.05975	0	-302.292	0	-0.000109044	-0.00151793	0.00140888	-0.000109044	18.7553	18.8045	37.6983	0	0.184568	-0.0314083	-0.00442955	-0.0269787	0.15316
0	5.05041	0	238.798	0	-0.00018717	-0.00151512	0.00132795	-0.00018717	18.8156	18.7396	22.6186	0	0.173761	-0.0203001	0.00684156	-0.0271416	0.153461
0	6.17687	0	832.56	0	-0.000607864	-0.00185306	0.0012452	-0.000607864	18.8458	18.6204	7.53894	0	0.162702	-0.00587101	0.0202832	-0.0261542	0.156831
0	8.1208	0	1751.93	0	-0.00129695	-0.00243624	0.00113929	-0.00129695	18.8496	18.2447	0	0	0.15708	0.0314236	0.0544326	-0.023009	0.188503
0	8.17179	0	593.14	0	-0.00144506	-0.00245154	0.00100648	-0.00144506	18.8496	18.0851	0	0	0.15708	0.0524828	0.0687998	-0.0163171	0.209562
0	7.39393	0	315.412	0	-0.00133884	-0.00221818	0.00087934	-0.00133884	18.8496	18.067	0	0	0.15708	0.0616862	0.070428	-0.0087418	0.218766
0	5.66045	0	-805.074	0	-0.000934788	-0.00169813	0.000763346	-0.000934788	18.8496	18.1362	0	0	0.15708	0.0634935	0.0642024	-0.000708936	0.220573
0	3.45568	0	-426.79	0	-0.000352779	-0.0010367	0.000683924	-0.000352779	18.8496	19.1642	0	0	0.15708	-0.024105	-0.0283214	0.00421639	0.132975
0	1.42895	0	-546.5	0	0.000198772	-0.000428686	0.000627458	0.000198772	18.8496	19.5761	0	0	0.15708	-0.066144	-0.0653884	-0.000755581	0.0909357
0	2.0302	0	693.696	0	-6.83579e-06	-0.000609059	0.000602223	-6.83579e-06	18.8496	19.293	0	0	0.15708	-0.0469101	-0.0399108	-0.00699931	0.11017
0	1.6848	0	42.4731	0	6.59777e-05	-0.00050544	0.000571417	6.59777e-05	18.8496	19.2249	0	0	0.15708	-0.045156	-0.0337807	-0.0113753	0.111924
0	2.7877	0	1196.48	0	-0.000293163	-0.000836309	0.000543145	-0.000293163	18.8496	19.0482	0	0	0.15708	-0.0326429	-0.0178813	-0.0147616	0.124437
0	4.27538	0	1095.92	0	-0.000793239	-0.00128261	0.000489376	-0.000793239	18.8496	18.3501	0	0	0.15708	0.0296655	0.0449506	-0.0152851	0.186745
0	5.98593	0	1838.12	0	-0.00138054	-0.00179578	0.000415234	-0.00138054	18.8496	17.8137	0	0	0.15708	0.0848222	0.0932238	-0.00840159	0.241902
0	5.03549	0	56.8383	0	-0.0011433	-0.00151065	0.000367346	-0.0011433	18.8496	17.9138	0	0	0.15708	0.080998	0.0842205	-0.00322249	0.238078
0	2.27439	0	-512.982	0	-0.000409791	-0.000682317	0.000272525	-0.000409791	18.8496	17.8233	0	0	0.15708	0.103878	0.0923617	0.0115166	0.260958
0	1.04187	0	4.16591	0	-6.85466e-05	-0.000312562	0.000244016	-6.85466e-05	18.8496	19.3388	0	0	0.15708	-0.0254961	-0.0440293	0.0185332	0.131584
0	0.816964	0	-144.275	0	-9.40857e-06	-0.000245089	0.000235681	-9.40857e-06	18.8496	19.9677	0	0	0.15708	-0.0845484	-0.100635	0.0160871	0.0725313
0	-0.364469	0	-1245.61	0	0.000337785	0.000109341	0.000228444	0.000337785	18.8496	19.9848	0	0	0.15708	-0.0981353	-0.102168	0.00403271	0.0589443
0	6.21289	0	2010.51	0	-0.00167534	-0.00186387	0.000188527	-0.00167534	18.8496	19.6016	0	0	0.15708	-0.0782294	-0.0676871	-0.0105423	0.0788503
0	9.75339	0	1253.94	0	-0.00285742	-0.00292602	6.86004e-05	-0.00285742	18.8496	18.7588	0	0	0.15708	-0.00835965	0.00817091	-0.0165306	0.14872
0	9.73436	0	-216.101	0	-0.00300844	-0.00292031	-8.81358e-05	-0.00300844	18.8496	18.3107	0	0	0.15708	0.0341223	0.0484945	-0.0143722	0.191202
0	10.6144	0	210.067	0	-0.00342888	-0.00318432	-0.000244561	-0.00342888	18.8496	17.9063	0	0	0.15708	0.0770403	0.0848908	-0.00785055	0.23412
0	12.3206	0	128.664	0	-0.00411922	-0.00369618	-0.000423044	-0.00411922	18.8496	18.0085	0	0	0.15708	0.0770809	0.075696	0.00138489	0.234161
0	10.8186	0	-2586.36	0	-0.00385879	-0.00324558	-0.000613204	-0.00385879	18.8496	18.2288	0	0	0.15708	0.0654575	0.0558694	0.00958804	0.222537
0	8.5947	0	-733.248	0	-0.00334502	-0.00257841	-0.000766608	-0.00334502	18.8496	19.3728	0	0	0.15708	-0.0339327	-0.0470944	0.0131618	0.123147
0	10.1458	0	205.279	0	-0.00395425	-0.00304375	-0.000910492	-0.00395425	18.8496	19.7134	0	0	0.15708	-0.0711827	-0.0777442	0.00656155	0.085897
0	11.0144	0	415.969	0	-0.00429597	-0.00330431	-0.000991659	-0.00429597	18.8496	19.5952	0	0	0.15708	-0.06487	-0.0671124	0.00224243	0.0922097
0	12.3139	0	550.044	0	-0.00496041	-0.00369417	-0.00126624	-0.00496041	18.8496	19.442	0	0	0.15708	-0.061119	-0.0533201	-0.00779892	0.0959606
0	12.3365	0	75.992	0	-0.00516675	-0.00370094	-0.00146582	-0.00516675	18.8496	18.8173	0	0	0.15708	-0.00969233	0.00290297	-0.0125953	0.147387
0	12.5295	0	722.426	0	-0.00542131	-0.00375886	-0.00166245	-0.00542131	18.8496	18.0255	0	0	0.15708	0.0643385	0.0741636	-0.00982503	0.221418
0	12.2546	0	607.505	0	-0.00553882	-0.00367637	-0.00186245	-0.00553882	18.8496	17.9585	0	0	0.15708	0.0787513	0.0801976	-0.00144629	0.235831
0	10.2847	0	-647.057	0	-0.00513393	-0.00308541	-0.00204852	-0.00513393	18.8496	17.8957	0	0	0.15708	0.0935951	0.0858485	0.00774657	0.250675
0	4.48903	0	-3242.37	0	-0.00354442	-0.00134671	-0.00219771	-0.00354442	18.8496	18.332	0	0	0.15708	0.0636885	0.0465788	0.0171097	0.220768
0	4.41979	0	1407.17	0	-0.00358087	-0.00132594	-0.00225493	-0.00358087	18.8496	19.3079	0	0	0.15708	-0.0215685	-0.0412516	0.0196831	0.135511
0	4.19684	0	-426.79	0	-0.00358909	-0.00125905	-0.00233004	-0.00358909	18.8496	19.7559	0	0	0.15708	-0.0681252	-0.0815752	0.01345	0.0889545
0	3.68066	0	166.972	0	-0.00350112	-0.0011042	-0.00239693	-0.00350112	18.8496	19.8145	0	0	0.15708	-0.0827603	-0.0868431	0.00408281	0.0743193
0	6.74848	0	2934.67	0	-0.00448331	-0.00202454	-0.00245877	-0.00448331	18.8496	19.4239	0	0	0.15708	-0.0567102	-0.0516919	-0.00501835	0.100369
0	10.2179	0	2293.02	0	-0.00565344	-0.00306538	-0.00258805	-0.00565344	18.8496	18.8269	0	0	0.15708	-0.00706614	0.00204088	-0.00910702	0.150013
0	6.0015	0	-1097.17	0	-0.00453997	-0.00180045	-0.00273952	-0.00453997	18.8496	18.216	0	0	0.15708	0.0494847	0.0570187	-0.007534	0.206564
0	3.56277	0	-273.561	0	-0.00388965	-0.00106883	-0.00282082	-0.00388965	18.8496	17.8584	0	0	0.15708	0.089253	0.0892011	5.18851e-05	0.246333
0	3.16726	0	186.125	0	-0.0038272	-0.000950178	-0.00287702	-0.0038272	18.8496	18.0181	0	0	0.15708	0.084483	0.0748339	0.00964916	0.241563
0	-3.03152	0	-3553.62	0	-0.00200587	0.000909457	-0.00291533	-0.00200587	18.8496	18.4512	0	0	0.15708	0.0533792	0.0358515	0.0175277	0.210459
0	-9.13905	0	-2097.94	0	-8.70656e-05	0.00274172	-0.00282878	-8.70656e-05	18.8496	19.0642	0	0	0.15708	0.000485035	-0.0193181	0.0198031	0.157565
0	-5.98499	0	2178.1	0	-0.000898856	0.0017955	-0.00269435	-0.000898856	18.8496	19.5314	0	0	0.15708	-0.0450393	-0.0613657	0.0163264	0.11204
0	-7.16867	0	-369.33	0	-0.00044844	0.0021506	-0.00259904	-0.00044844	18.8496	19.5793	0	0	0.15708	-0.0566573	-0.0656758	0.00901844	0.100422
0	-8.40451	0	631.447	0	4.29044e-05	0.00252135	-0.00247845	4.29044e-05	18.8496	19.5378	0	0	0.15708	-0.0600437	-0.0619404	0.00189673	0.097036
0	-11.4822	0	-690.153	0	0.00110976	0.00344467	-0.00233491	0.00110976	18.8496	19.3696	0	0	0.15708	-0.0515957	-0.0468071	-0.00478865	0.105484
0	-10.4591	0	2398.37	0	0.0009886	0.00313773	-0.00214913	0.0009886	18.8496	18.0276	0	0	0.15708	0.0669358	0.073972	-0.00703621	0.224015
0	-12.6164	0	-670.999	0	0.00180494	0.00378492	-0.00197998	0.00180494	18.8496	17.7243	0	0	0.15708	0.104006	0.101269	0.00273666	0.261086
0	-14.1974	0	334.566	0	0.00249208	0.00425921	-0.00176713	0.00249208	18.8496	17.7265	0	0	0.15708	0.11471	0.101078	0.0136323	0.27179
0	-19.0166	0	-2902.4	0	0.00417811	0.00570497	-0.00152686	0.00417811	18.8496	17.9521	0	0	0.15708	0.1058	0.0807723	0.0250281	0.26288
0	-18.4471	0	1684.9	0	0.0043198	0.00553413	-0.00121434	0.0043198	18.8496	19.2621	0	0	0.15708	-0.00590261	-0.0371331	0.0312305	0.151177
0	-16.504	0	641.024	0	0.00402112	0.00495121	-0.000930086	0.00402112	18.8496	19.9081	0	0	0.15708	-0.070849	-0.0952717	0.0244227	0.0862307
0	-16.1877	0	138.241	0	0.00418522	0.0048563	-0.000671078	0.00418522	18.8496	19.8336	0	0	0.15708	-0.0746237	-0.0885671	0.0139434	0.0824559
0	-12.0925	0	2877.21	0	0.00320365	0.00362775	-0.000424098	0.00320365	18.8496	19.3058	0	0	0.15708	-0.0361646	-0.04106	0.00489547	0.120915
0	-8.01615	0	2225.99	0	0.00215318	0.00240485	-0.000251668	0.00215318	18.8496	18.5427	0	0	0.15708	0.0299483	0.0276143	0.00233398	0.187028
0	-9.94014	0	-1054.07	0	0.00286065	0.00298204	-0.000121391	0.00286065	18.8496	17.9446	0	0	0.15708	0.0885	0.0814429	0.00705711	0.24558
0	-10.9084	0	-192.159	0	0.00332244	0.00327251	4.99281e-05	0.00332244	18.8496	17.8212	0	0	0.15708	0.109149	0.0925533	0.0165959	0.266229
0	-10.9459	0	-43.7181	0	0.00342096	0.00328376	0.000137195	0.00342096	18.8496	17.8446	0	0	0.15708	0.112184	0.0904462	0.0217377	0.269264
0	-16.4236	0	-2131.46	0	0.00539431	0.00492708	0.000467234	0.00539431	18.8496	18.9886	0	0	0.15708	0.0199044	-0.0125177	0.0324221	0.176984
0	-11.2909	0	1766.3	0	0.00409745	0.00338727	0.000710175	0.00409745	18.8496	19.7879	0	0	0.15708	-0.0562427	-0.0844485	0.0282058	0.100837
0	-8.43987	0	-125.121	0	0.00341305	0.00253196	0.000881088	0.00341305	18.8496	19.4814	0	0	0.15708	-0.0371793	-0.0568639	0.0196846	0.1199
0	-7.58277	0	535.679	0	0.00322344	0.00227483	0.000948607	0.00322344	18.8496	19.5059	0	0	0.15708	-0.0425415	-0.059067	0.0165255	0.114538
0	-3.81402	0	2580.33	0	0.00227378	0.00114421	0.00112957	0.00227378	18.8496	19.2973	0	0	0.15708	-0.033565	-0.0402939	0.00672891	0.123515
0	-1.59611	0	846.925	0	0.00165121	0.000478834	0.00117237	0.00165121	18.8496	18.5023	0	0	0.15708	0.0352404	0.0312539	0.0039865	0.19232
0	-3.36253	0	-1121.11	0	0.00221619	0.00100876	0.00120743	0.00221619	18.8496	17.9053	0	0	0.15708	0.0947924	0.0849866	0.00980577	0.251872
0	-1.49023	0	822.983	0	0.00170158	0.000447068	0.00125451	0.00170158	18.8496	18.0734	0	0	0.15708	0.0885433	0.0698533	0.01869	0.245623
0	-3.09057	0	-2337.36	0	0.00221017	0.00092717	0.001283	0.00221017	18.8496	18.1575	0	0	0.15708	0.0888552	0.0622866	0.0265686	0.245935
0	-6.55115	0	-3151.39	0	0.00327307	0.00196535	0.00130772	0.00327307	18.8496	18.4682	0	0	0.15708	0.0643478	0.0343189	0.0300289	0.221427
0	-5.51993	0	-623.115	0	0.00307155	0.00165598	0.00141557	0.00307155	18.8496	19.6197	0	0	0.15708	-0.0386816	-0.0693152	0.0306335	0.118398
0	-1.28666	0	1459.84	0	0.00187189	0.000385998	0.0014859	0.00187189	18.8496	19.9454	0	0	0.15708	-0.0771503	-0.0986241	0.0214738	0.0799294
0	4.88595	0	3533.22	0	1.72921e-05	-0.00146578	0.00148308	1.72921e-05	18.8496	19.6144	0	0	0.15708	-0.0575758	-0.0688364	0.0112606	0.0995038
0	9.58985	0	3006.49	0	-0.00149433	-0.00287696	0.00138262	-0.00149433	18.8496	18.9844	0	0	0.15708	-0.00696874	-0.0121346	0.00516583	0.150111
0	9.05918	0	56.8383	0	-0.00149038	-0.00271775	0.00122738	-0.00149038	18.8496	18.7087	0	0	0.15708	0.0171818	0.0126726	0.00450929	0.174261
0	7.36696	0	-967.88	0	-0.00112156	-0.00221009	0.00108852	-0.00112156	18.8496	18.2618	0	0	0.15708	0.0598552	0.0529002	0.00695497	0.216935
0	6.90627	0	-278.35	0	-0.00109363	-0.00207188	0.000978247	-0.00109363	18.8496	18.0159	0	0	0.15708	0.088901	0.0750253	0.0138757	0.245981
0	8.07691	0	890.021	0	-0.00150008	-0.00242307	0.000922997	-0.00150008	18.8496	18.083	0	0	0.15708	0.087035	0.0689912	0.0180438	0.244115
0	4.38314	0	-1595.16	0	-0.000553417	-0.00131494	0.000761525	-0.000553417	18.8496	18.8333	0	0	0.15708	0.029689	0.00146633	0.0282227	0.186769
0	4.17054	0	-263.985	0	-0.000559795	-0.00125116	0.000691368	-0.000559795	18.8496	19.8986	0	0	0.15708	-0.0696426	-0.0944098	0.0247672	0.0874371
0	4.32888	0	123.876	0	-0.000672792	-0.00129866	0.000625871	-0.000672792	18.8496	19.5931	0	0	0.15708	-0.0521063	-0.066921	0.0148147	0.104973
0	5.90886	0	1292.25	0	-0.0012203	-0.00177266	0.000552359	-0.0012203	18.8496	19.6176	0	0	0.15708	-0.0613456	-0.0691237	0.00777813	0.095734
0	4.39255	0	-781.132	0	-0.000861955	-0.00131777	0.00045581	-0.000861955	18.8496	19.5325	0	0	0.15708	-0.0618052	-0.0614613	-0.000343942	0.0952744
0	2.57281	0	-374.118	0	-0.0003678	-0.000771843	0.000404043	-0.0003678	18.8496	18.4874	0	0	0.15708	0.027295	0.0325949	-0.00529994	0.184375
0	6.7972	0	2326.54	0	-0.00169962	-0.00203916	0.000339544	-0.00169962	18.8496	17.7286	0	0	0.15708	0.102236	0.100886	0.00134943	0.259315
0	5.76533	0	-14.9877	0	-0.00149531	-0.0017296	0.000234291	-0.00149531	18.8496	18.1085	0	0	0.15708	0.0781343	0.0666927	0.0114416	0.235214
0	5.61677	0	52.0499	0	-0.00154486	-0.00168503	0.000140173	-0.00154486	18.8496	18.0308	0	0	0.15708	0.09276	0.0736846	0.0190753	0.24984
0	1.4667	0	-2246.38	0	-0.000376089	-0.000440011	6.39219e-05	-0.000376089	18.8496	19.3366	0	0	0.15708	-0.0189592	-0.0438379	0.0248787	0.13812
0	-1.06377	0	-1312.65	0	0.000373691	0.000319131	5.45599e-05	0.000373691	18.8496	20.0593	0	0	0.15708	-0.0916637	-0.108873	0.0172089	0.0654159
0	-0.0556342	0	344.143	0	8.46327e-05	1.66903e-05	6.79425e-05	8.46327e-05	18.8496	19.906	0	0	0.15708	-0.0896332	-0.0950803	0.00544715	0.0674465
0	5.60525	0	4059.94	0	-0.00162363	-0.00168158	5.79489e-05	-0.00162363	18.8496	19.6293	0	0	0.15708	-0.0750287	-0.0701774	-0.00485127	0.082051
0	10.3284	0	1665.74	0	-0.00316459	-0.00309851	-6.60818e-05	-0.00316459	18.8496	18.9046	0	0	0.15708	-0.0156894	-0.00495089	-0.0107385	0.14139
0	8.62754	0	-1049.28	0	-0.00281514	-0.00258826	-0.000226873	-0.00281514	18.8496	18.2373	0	0	0.15708	0.0452621	0.0551033	-0.00984124	0.202342
0	9.50011	0	420.757	0	-0.00321475	-0.00285003	-0.000364717	-0.00321475	18.8496	17.9212	0	0	0.15708	0.0809699	0.0835498	-0.00257993	0.23805
0	10.6562	0	-201.735	0	-0.00371833	-0.00319685	-0.000521482	-0.00371833	18.8496	18.0362	0	0	0.15708	0.0795474	0.0732059	0.00634155	0.236627
0	7.03258	0	-3524.89	0	-0.00279441	-0.00210977	-0.000684636	-0.00279441	18.8496	18.4427	0	0	0.15708	0.0508803	0.0366176	0.0142627	0.20796
0	7.86827	0	71.2036	0	-0.00315174	-0.00236048	-0.000791255	-0.00315174	18.8496	19.4792	0	0	0.15708	-0.0410656	-0.0566725	0.0156069	0.116014
0	10.0629	0	8.95431	0	-0.00394505	-0.00301888	-0.000926169	-0.00394505	18.8496	19.3483	0	0	0.15708	-0.0358527	-0.0448913	0.00903859	0.121227
0	12.3003	0	439.911	0	-0.00478762	-0.00369008	-0.00109753	-0.00478762	18.8391	19.442	-12.5607	0	0.147572	-0.0503151	-0.0542616	0.00394652	0.0972568
0	13.4314	0	114.299	0	-0.00532859	-0.00402942	-0.00129917	-0.00532859	18.7989	19.3813	-27.6402	0	0.135927	-0.0544301	-0.0524202	-0.00200989	0.0814972
0	12.612	0	-738.037	0	-0.00529921	-0.0037836	-0.0015156	-0.00529921	18.7285	19.2685	-42.7196	0	0.124031	-0.0564634	-0.0485997	-0.0078637	0.067568
0	11.4609	0	-326.234	0	-0.00514279	-0.00343826	-0.00170453	-0.00514279	18.628	18.7322	-57.7991	0	0.111884	-0.0218741	-0.00937305	-0.0125011	0.09001
0	15.693	0	2905.94	0	-0.00661145	-0.00470791	-0.00190353	-0.00661145	18.4973	17.7137	-72.8785	0	0.0994856	0.0593592	0.0705278	-0.0111685	0.158845
0	16.5932	0	8.95431	0	-0.00714407	-0.00497796	-0.00216611	-0.00714407	18.3365	17.4466	-87.958	0	0.0868357	0.0776818	0.0800934	-0.00241167	0.164517
0	16.131	0	85.5688	0	-0.00726737	-0.00483931	-0.00242805	-0.00726737	18.1455	17.6264	-103.037	0	0.0739345	0.0520279	0.0467173	0.00531061	0.125962
0	16.0436	0	-158.64	0	-0.00749884	-0.00481308	-0.00268576	-0.00749884	17.9244	17.5253	-118.117	0	0.060782	0.0461781	0.0359128	0.0102654	0.10696
0	16.4684	0	195.702	0	-0.00788501	-0.00494052	-0.00294448	-0.00788501	17.6731	17.5094	-133.196	0	0.0473782	0.0284363	0.0147315	0.0137048	0.0758144
0	13.7366	0	-1662.2	0	-0.00732405	-0.00412098	-0.00320307	-0.00732405	17.3916	17.4519	-148.276	0	0.033723	0.00929735	-0.00542862	0.014726	0.0430203
0	11.1758	0	-426.79	0	-0.00675534	-0.00335274	-0.0034026	-0.00675534	17.0904	17.1912	-150.796	0	0.0293228	0.00447903	-0.0090675	0.0135465	0.0338018
0	14.9957	0	2106.28	0	-0.00809313	-0.00449871	-0.00359443	-0.00809313	16.7888	16.8527	-150.796	0	0.0268095	0.00701709	-0.00575237	0.0127695	0.0338266
0	17.4628	0	1637.01	0	-0.00909418	-0.00523885	-0.00385533	-0.00909418	16.4872	16.3579	-150.796	0	0.0242963	0.0242692	0.0116424	0.0126268	0.0485655
0	14.5333	0	-742.825	0	-0.00848067	-0.00435999	-0.00412068	-0.00848067	16.1856	15.8843	-150.796	0	0.0217831	0.041214	0.0271217	0.0140923	0.0629971
0	13.944	0	85.5688	0	-0.00853673	-0.0041832	-0.00435353	-0.00853673	15.8841	15.4022	-150.796	0	0.0192698	0.0609322	0.0433672	0.0175651	0.080202
0	13.2209	0	396.815	0	-0.00853469	-0.00396626	-0.00456843	-0.00853469	15.5825	15.3799	-150.796	0	0.0167566	0.0401578	0.0182355	0.0219223	0.0569144
0	13.7812	0	770.31	0	-0.00891794	-0.00413436	-0.00478359	-0.00891794	15.2809	15.1361	-150.796	0	0.0142433	0.0367475	0.0130262	0.0237213	0.0509908
0	12.8345	0	56.8383	0	-0.00885223	-0.00385034	-0.00500189	-0.00885223	14.9793	14.9159	-150.796	0	0.0117301	0.0306352	0.00570972	0.0249255	0.0423653
0	14.2137	0	363.296	0	-0.00936868	-0.00426411	-0.00510457	-0.00936868	14.6777	14.7136	-150.796	0	0.0104735	0.0355792	0.0103364	0.0252427	0.0460526
0	11.173	0	-474.674	0	-0.00876604	-0.00335189	-0.00541415	-0.00876604	14.3761	14.2124	-150.796	0	0.00670361	0.0428755	0.0147345	0.028141	0.0495791
0	11.3583	0	497.371	0	-0.00900137	-0.00340749	-0.00559388	-0.00900137	14.0745	13.9836	-150.796	0	0.00419037	0.0378256	0.00818413	0.0296414	0.0420159
0	12.3968	0	1455.05	0	-0.00949982	-0.00371903	-0.00578079	-0.00949982	13.7729	13.5898	-150.796	0	0.00167713	0.0470535	0.0164798	0.0305737	0.0487307
0	11.7532	0	411.18	0	-0.00950269	-0.00352597	-0.00597672	-0.00950269	13.4713	13.1875	-150.796	0	-0.000836116	0.0584007	0.0255419	0.0328587	0.0575645
0	10.0913	0	-340.599	0	-0.00918624	-0.00302739	-0.00615886	-0.00918624	13.1698	12.9736	-150.796	0	-0.00334936	0.0532746	0.0176507	0.0356238	0.0499252
0	8.64801	0	-268.773	0	-0.00891073	-0.0025944	-0.00631633	-0.00891073	12.8682	12.9673	-150.796	0	-0.0058626	0.0278282	-0.00891772	0.0367459	0.0219656
0	5.92647	0	-1547.28	0	-0.00821757	-0.00177794	-0.00643963	-0.00821757	12.5666	12.5309	-150.796	0	-0.00837584	0.0391576	0.0032093	0.0359483	0.0307817
0	9.30521	0	2455.83	0	-0.00933594	-0.00279156	-0.00654438	-0.00933594	12.265	11.8764	-150.796	0	-0.0108891	0.0728739	0.0349711	0.0379028	0.0619848
0	10.1634	0	813.406	0	-0.00975211	-0.00304902	-0.00670308	-0.00975211	11.9634	11.6104	-150.796	0	-0.0134023	0.0735154	0.0317731	0.0417422	0.060113
0	7.5638	0	-953.515	0	-0.00912344	-0.00226914	-0.0068543	-0.00912344	11.6618	11.4507	-150.796	0	-0.0159156	0.0637446	0.0189973	0.0447474	0.0478291
0	6.8636	0	-24.5645	0	-0.00902888	-0.00205908	-0.0069698	-0.00902888	11.3602	11.1996	-150.796	0	-0.0184288	0.0613607	0.0144583	0.0469024	0.0429318
0	8.67878	0	1383.23	0	-0.00968762	-0.00260364	-0.00708398	-0.00968762	11.0586	10.9803	-150.796	0	-0.0209421	0.0551681	0.00704601	0.048122	0.034226
0	9.33162	0	535.679	0	-0.010032	-0.00279949	-0.00723255	-0.010032	10.757	10.4301	-150.796	0	-0.0234553	0.0789879	0.0294215	0.0495664	0.0555326
0	6.81081	0	-761.979	0	-0.00942077	-0.00204324	-0.00737753	-0.00942077	10.4555	10.1651	-150.796	0	-0.0259685	0.0789807	0.0261277	0.052853	0.0530122
0	8.26088	0	698.484	0	-0.00997056	-0.00247826	-0.00749229	-0.00997056	10.1539	9.87994	-150.796	0	-0.0284818	0.0801668	0.0246538	0.0555129	0.051685
0	10.912	0	1775.88	0	-0.0109073	-0.00327359	-0.00763371	-0.0109073	9.85228	9.3457	-150.796	0	-0.030995	0.104389	0.0455925	0.0587966	0.0733941
0	10.4502	0	-522.558	0	-0.0109464	-0.00313505	-0.00781135	-0.0109464	9.55069	9.23182	-150.796	0	-0.0335083	0.0925088	0.0286979	0.0638109	0.0590006
0	10.7404	0	219.644	0	-0.0111984	-0.00322211	-0.00797629	-0.0111984	9.2491	9.17542	-150.796	0	-0.0360215	0.0727651	0.00663128	0.0661338	0.0367436
0	12.0202	0	435.122	0	-0.0117623	-0.00360605	-0.00815626	-0.0117623	8.94751	8.61777	-150.796	0	-0.0385347	0.0968048	0.0296772	0.0671277	0.0582701
0	10.5349	0	-1202.51	0	-0.0115042	-0.00316046	-0.00834373	-0.0115042	8.64592	8.12609	-150.796	0	-0.041048	0.118164	0.0467846	0.0713793	0.0771159
0	11.6569	0	751.157	0	-0.0120081	-0.00349708	-0.00851105	-0.0120081	8.34433	8.01116	-150.796	0	-0.0435612	0.105884	0.0299859	0.0758981	0.0623227
0	14.3044	0	1091.13	0	-0.0130026	-0.00429131	-0.0087113	-0.0130026	8.04274	7.63655	-150.796	0	-0.0460745	0.115991	0.0365575	0.0794337	0.0699167
0	13.0973	0	-915.208	0	-0.0128667	-0.00392919	-0.00893747	-0.0128667	7.74115	7.41945	-150.796	0	-0.0485877	0.112195	0.0289536	0.0832418	0.0636076
0	13.6168	0	588.351	0	-0.0132302	-0.00408505	-0.0091452	-0.0132302	7.43957	7.04484	-150.796	0	-0.051101	0.122161	0.0355252	0.0866361	0.0710603
0	13.7867	0	-235.254	0	-0.013503	-0.004136	-0.00936701	-0.013503	7.13798	6.81603	-150.796	0	-0.0536142	0.119523	0.0289749	0.0905477	0.0659085
0	13.2259	0	-287.927	0	-0.0135524	-0.00396777	-0.00958461	-0.0135524	6.83639	6.716	-150.796	0	-0.0561274	0.104061	0.0108353	0.093226	0.0479339
0	15.6157	0	2015.3	0	-0.0144872	-0.00468472	-0.00980251	-0.0144872	6.5348	6.46165	-150.796	0	-0.0586407	0.100526	0.00658377	0.093942	0.0418851
0	16.3373	0	-177.793	0	-0.0149636	-0.00490118	-0.0100625	-0.0149636	6.23321	5.86674	-150.796	0	-0.0611539	0.128434	0.0329819	0.0954521	0.06728
0	15.3439	0	-441.156	0	-0.0149205	-0.00460317	-0.0103174	-0.0149205	5.93162	5.65816	-150.796	0	-0.0636672	0.12372	0.0246118	0.0991077	0.0600524
0	15.4384	0	104.722	0	-0.0151979	-0.00463152	-0.0105664	-0.0151979	5.63003	5.57834	-150.796	0	-0.0661804	0.105858	0.00465232	0.101205	0.0396774
0	17.0055	0	688.908	0	-0.0159214	-0.00510166	-0.0108197	-0.0159214	5.32844	5.31122	-150.796	0	-0.0686937	0.10312	0.00155023	0.10157	0.0344263
0	16.4347	0	-618.327	0	-0.0160235	-0.00493041	-0.0110931	-0.0160235	5.02685	5.01004	-150.796	0	-0.0712069	0.103102	0.00151302	0.101589	0.0318954
0	15.1362	0	-953.515	0	-0.0158892	-0.00454086	-0.0113484	-0.0158892	4.72526	4.42791	-150.796	0	-0.0737201	0.129276	0.0267618	0.102515	0.0555563
0	16.5811	0	1028.88	0	-0.0165671	-0.00497433	-0.0115928	-0.0165671	4.42368	4.31723	-150.796	0	-0.0762334	0.114793	0.00957995	0.105213	0.0385596
0	17.9414	0	617.082	0	-0.0172491	-0.00538242	-0.0118666	-0.0172491	4.12209	4.1576	-150.796	0	-0.0787466	0.102657	-0.00319608	0.105853	0.0239107
0	17.5325	0	-158.64	0	-0.0174099	-0.00525974	-0.0121501	-0.0174099	3.8205	3.76277	-150.796	0	-0.0812599	0.109782	0.00519548	0.104586	0.028522
0	18.8275	0	890.021	0	-0.0180833	-0.00564826	-0.012435	-0.0180833	3.51891	3.21789	-150.796	0	-0.0837731	0.133114	0.027092	0.106022	0.0493408
0	18.4806	0	-350.176	0	-0.0182814	-0.00554418	-0.0127372	-0.0182814	3.21732	3.11466	-150.796	0	-0.0862863	0.117858	0.00923963	0.108619	0.031572
0	17.8972	0	-661.422	0	-0.0182542	-0.00536916	-0.0128851	-0.0182542	2.91573	3.03803	-150.796	0	-0.087543	0.111696	0.00256432	0.109132	0.0241534
0	18.2486	0	444.699	0	-0.0187855	-0.00547457	-0.0133109	-0.0187855	2.61414	2.58999	-150.796	0	-0.0913128	0.110913	0.00217328	0.10874	0.0196
0	19.0707	0	545.255	0	-0.0193281	-0.00572121	-0.0136069	-0.0193281	2.31255	2.22071	-150.796	0	-0.0938261	0.117696	0.00826601	0.10943	0.0238696
0	19.3186	0	545.255	0	-0.0197084	-0.00579558	-0.0139128	-0.0197084	2.01096	2.06533	-150.796	0	-0.0963393	0.104999	-0.00489306	0.109892	0.00865971
0	19.3522	0	23.3195	0	-0.0200278	-0.00580565	-0.0142222	-0.0200278	1.70937	1.75351	-150.796	0	-0.0988526	0.105234	-0.00397247	0.109206	0.00638135
0	18.9246	0	23.3195	0	-0.0202077	-0.00567739	-0.0145303	-0.0202077	1.40945	1.38636	-145.788	0	-0.0975952	0.111085	0.0020785	0.109006	0.0134893
0	19.162	0	52.0499	0	-0.0205829	-0.00574859	-0.0148343	-0.0205829	1.13296	1.13413	-130.708	0	-0.0885898	0.109102	-0.000105861	0.109208	0.0205124
0	18.9056	0	-120.333	0	-0.0208128	-0.00567167	-0.0151411	-0.0208128	0.886624	0.92661	-115.629	0	-0.0793329	0.1055	-0.00359873	0.109099	0.0261674
0	18.5295	0	-431.579	0	-0.0208512	-0.00555884	-0.0152924	-0.0208512	0.670449	0.847858	-100.549	0	-0.0746103	0.102321	-0.00657814	0.108899	0.0277107
0	17.996	0	-268.773	0	-0.021131	-0.00539881	-0.0157322	-0.021131	0.484433	0.637141	-85.4697	0	-0.0600654	0.0935749	-0.0137437	0.107319	0.0335095
0	17.7453	0	-254.408	0	-0.0213435	-0.0053236	-0.0160199	-0.0213435	0.328575	0.517948	-70.3903	0	-0.0500546	0.0886374	-0.0170436	0.105681	0.0385829
0	17.7483	0	-335.811	0	-0.0216278	-0.00532449	-0.0163033	-0.0216278	0.202875	0.389177	-55.3108	0	-0.0397925	0.087001	-0.0167671	0.103768	0.0472085
0	17.8058	0	-335.811	0	-0.021787	-0.00534174	-0.0164453	-0.021787	0.107334	0.331708	-40.2314	0	-0.0345672	0.086603	-0.0162336	0.102837	0.0520358
0	17.012	0	-292.715	0	-0.0219726	-0.00510359	-0.016869	-0.0219726	0.0419519	0.15079	-25.1519	0	-0.0185143	0.0906604	-0.00979544	0.100456	0.0721461
0	16.2188	0	-225.677	0	-0.0220041	-0.00486563	-0.0171385	-0.0220041	0.00672793	0.0433033	-10.0725	0	-0.00749829	0.0962562	-0.00329179	0.0995479	0.0887579
0	15.6244	0	-268.773	0	-0.022083	-0.00468733	-0.0173956	-0.022083	0	-0.0663119	0	0	0	0.105385	0.00596807	0.0994167	0.105385
0	15.6156	0	-268.773	0	-0.0222053	-0.00468469	-0.0175206	-0.0222053	0	-0.120587	0	0	0	0.110601	0.0108529	0.0997483	0.110601
0	13.4948	0	-1379.68	0	-0.0219357	-0.00404843	-0.0178872	-0.0219357	0	-0.180184	0	0	0	0.11871	0.0162166	0.102494	0.11871
0	10.2872	0	-2093.15	0	-0.0211756	-0.00308617	-0.0180895	-0.0211756	0	0.229543	0	0	0	0.082599	-0.0206588	0.103258	0.082599
0	9.12723	0	-1858.52	0	-0.0209099	-0.00273817	-0.0181718	-0.0209099	0	0.361507	0	0	0	0.0695745	-0.0325356	0.10211	0.0695745
0	6.64497	0	-1082.8	0	-0.0203607	-0.00199349	-0.0183672	-0.0203607	0	0.522205	0	0	0	0.0485983	-0.0469984	0.0955967	0.0485983
0	6.25198	0	-805.074	0	-0.020296	-0.00187559	-0.0184204	-0.020296	0	0.516884	0	0	0	0.0464661	-0.0465195	0.0929857	0.0464661
0	4.99324	0	-460.309	0	-0.0200591	-0.00149797	-0.0185611	-0.0200591	0	0.340222	0	0	0	0.0553733	-0.03062	0.0859933	0.0553733
0	3.54538	0	-469.886	0	-0.0196993	-0.00106361	-0.0186357	-0.0196993	0	0.211451	0	0	0	0.0638798	-0.0190306	0.0829104	0.0638798
0	2.39126	0	-115.544	0	-0.0194041	-0.000717377	-0.0186867	-0.0194041	0	0.0709732	0	0	0	0.0747542	-0.00638759	0.0811417	0.0747542
0	1.59399	0	75.992	0	-0.0191989	-0.000478197	-0.0187207	-0.0191989	0	-0.0258713	0	0	0	0.0830531	0.00232842	0.0807247	0.0830531
0	0.683735	0	138.241	0	-0.0189486	-0.000205121	-0.0187435	-0.0189486	0	-0.0609907	0	0	0	0.086579	0.00548917	0.0810898	0.086579
0	-0.0727557	0	28.1079	0	-0.0187299	2.18267e-05	-0.0187518	-0.0187299	0	-0.0833395	0	0	0	0.0892482	0.00750055	0.0817476	0.0892482
0	-0.934665	0	-0.622495	0	-0.0184662	0.000280399	-0.0187466	-0.0184662	0	-0.117395	0	0	0	0.0932317	0.0105655	0.0826662	0.0932317
0	-1.63661	0	32.8963	0	-0.0182373	0.000490983	-0.0187283	-0.0182373	0	-0.144	0	0	0	0.0968746	0.01296	0.0839146	0.0968746
0	-1.88576	0	190.914	0	-0.0181355	0.000565728	-0.0187012	-0.0181355	0	-0.157835	0	0	0	0.099597	0.0142052	0.0853919	0.099597
0	-2.19775	0	85.5688	0	-0.0180111	0.000659325	-0.0186705	-0.0180111	0	-0.154643	0	0	0	0.100904	0.0139178	0.0869862	0.100904
0	-2.52429	0	-72.4485	0	-0.0178762	0.000757286	-0.0186335	-0.0178762	0	-0.124844	0	0	0	0.0996994	0.011236	0.0884634	0.0996994
0	-2.71303	0	-120.333	0	-0.0177783	0.000813909	-0.0185922	-0.0177783	0	-0.0886606	0	0	0	0.0976062	0.00797945	0.0896267	0.0976062
0	-3.06313	0	-105.967	0	-0.0176282	0.000918938	-0.0185471	-0.0176282	0	-0.0492843	0	0	0	0.0948425	0.00443558	0.0904069	0.0948425
0	-2.97934	0	18.5311	0	-0.0176038	0.000893802	-0.0184976	-0.0176038	0	-0.0184217	0	0	0	0.0924672	0.00165796	0.0908093	0.0924672
0	-2.78078	0	71.2036	0	-0.0176154	0.000834234	-0.0184496	-0.0176154	0	-0.000329912	0	0	0	0.0909859	2.96921e-05	0.0909563	0.0909859
0	-2.62453	0	56.8383	0	-0.0176185	0.00078736	-0.0184058	-0.0176185	0	0.00924812	0	0	0	0.09009	-0.00083233	0.0909223	0.09009
0	-2.59022	0	-14.9877	0	-0.0175864	0.000777067	-0.0183635	-0.0175864	0	0.00392699	0	0	0	0.0904764	-0.000353429	0.0908298	0.0904764
0	-2.53261	0	4.16591	0	-0.017562	0.000759784	-0.0183218	-0.017562	0	-0.00671526	0	0	0	0.0914215	0.000604374	0.0908172	0.0914215
0	-2.32847	0	75.992	0	-0.0175829	0.000698542	-0.0182815	-0.0175829	0	-0.0131006	0	0	0	0.092074	0.00117906	0.090895	0.092074
0	-2.0802	0	32.8963	0	-0.0176217	0.000624059	-0.0182458	-0.0176217	0	-0.00671526	0	0	0	0.0916303	0.000604374	0.091026	0.0916303
0	-2.01057	0	-10.1993	0	-0.01761	0.000603171	-0.0182132	-0.01761	0	0.00711966	0	0	0	0.0904098	-0.00064077	0.0910505	0.0904098
0	-2.05084	0	-62.8717	0	-0.0175658	0.000615251	-0.0181811	-0.0175658	0	0.013505	0	0	0	0.0897426	-0.00121545	0.0909581	0.0897426
0	-1.9314	0	-43.7181	0	-0.0175852	0.000579421	-0.0181647	-0.0175852	0	0.013505	0	0	0	0.0896751	-0.00121545	0.0908905	0.0896751
0	-1.60389	0	13.7427	0	-0.0176395	0.000481167	-0.0181206	-0.0176395	0	0.00605544	0	0	0	0.0901749	-0.00054499	0.0907199	0.0901749
0	-1.45081	0	-19.7761	0	-0.0176595	0.000435243	-0.0180948	-0.0176595	0	-0.00352259	0	0	0	0.091003	0.000317033	0.0906859	0.091003
0	-1.58451	0	-110.756	0	-0.0175964	0.000475354	-0.0180718	-0.0175964	0	-0.00458681	0	0	0	0.0911287	0.000412813	0.0907158	0.0911287
0	-1.47244	0	-19.7761	0	-0.0176049	0.000441731	-0.0180466	-0.0176049	0	-0.00990794	0	0	0	0.0916694	0.000891715	0.0907777	0.0916694
0	-1.09639	0	18.5311	0	-0.0176964	0.000328916	-0.0180253	-0.0176964	0	-0.00671526	0	0	0	0.0914758	0.000604374	0.0908714	0.0914758
0	-0.963765	0	23.3195	0	-0.0177192	0.00028913	-0.0180083	-0.0177192	0	0.00392699	0	0	0	0.0905586	-0.000353429	0.090912	0.0905586
0	-0.784829	0	-5.4109	0	-0.0177584	0.000235449	-0.0179938	-0.0177584	0	0.00711966	0	0	0	0.090216	-0.00064077	0.0908568	0.090216
0	-0.798195	0	-24.5645	0	-0.0177421	0.000239458	-0.0179815	-0.0177421	0	0.00711966	0	0	0	0.0901501	-0.00064077	0.0907909	0.0901501
0	-0.795066	0	-19.7761	0	-0.0177306	0.00023852	-0.0179691	-0.0177306	0	0.00286276	0	0	0	0.090478	-0.000257649	0.0907357	0.090478
0	-0.711614	0	-24.5645	0	-0.0177427	0.000213484	-0.0179561	-0.0177427	0	0.00286276	0	0	0	0.0904494	-0.000257649	0.090707	0.0904494
0	-0.612216	0	-0.622495	0	-0.0177618	0.000183665	-0.0179455	-0.0177618	0	-0.00352259	0	0	0	0.0910167	0.000317033	0.0906997	0.0910167
0	-0.532906	0	4.16591	0	-0.0177765	0.000159872	-0.0179364	-0.0177765	0	-0.00352259	0	0	0	0.0910519	0.000317033	0.0907349	0.0910519
0	-0.613889	0	-10.1993	0	-0.017743	0.000184167	-0.0179272	-0.017743	0	-0.00352259	0	0	0	0.0911031	0.000317033	0.0907861	0.0911031
0	-0.59501	0	-38.9297	0	-0.0177393	0.000178503	-0.0179178	-0.0177393	0	-0.00245836	0	0	0	0.0910266	0.000221253	0.0908054	0.0910266
0	-0.636347	0	-24.5645	0	-0.0177178	0.000190904	-0.0179087	-0.0177178	0	0.00499121	0	0	0	0.0903648	-0.000449209	0.090814	0.0903648
0	-0.559895	0	-10.1993	0	-0.0177305	0.000167969	-0.0178985	-0.0177305	0	0.00499121	0	0	0	0.0903148	-0.000449209	0.0907641	0.0903148
0	-0.534974	0	-29.3529	0	-0.0177288	0.000160492	-0.0178893	-0.0177288	0	0.00499121	0	0	0	0.0902703	-0.000449209	0.0907195	0.0902703
0	-0.559114	0	-19.7761	0	-0.0177173	0.000167734	-0.017885	-0.0177173	0	0.00392699	0	0	0	0.0903411	-0.000353429	0.0906945	0.0903411
0	-0.334681	0	-24.5645	0	-0.0177733	0.000100404	-0.0178737	-0.0177733	0	-0.00139414	0	0	0	0.090793	0.000125472	0.0906675	0.090793
0	-0.276617	0	-34.1413	0	-0.017788	8.2985e-05	-0.017871	-0.017788	0	-0.00245836	0	0	0	0.0908957	0.000221253	0.0906745	0.0908957
