0	0.0650238	0	-9.14585	0	-1.95071e-05	-1.95071e-05	0	-1.95071e-05	0	0.00187302	0	0	0	-0.000168572	-0.000168572	0	-0.000168572
0	0.203385	0	120.141	0	-6.12093e-05	-6.10156e-05	-1.93725e-07	-6.12093e-05	0.0150796	-0.017283	15.0796	0	0.0114354	0.00287019	0.00291264	-4.24497e-05	0.0143056
0	1.04347	0	589.405	0	-0.000320509	-0.00031304	-7.46819e-06	-0.000320509	0.0603186	-0.187559	30.1593	0	0.0231221	0.0232804	0.022309	0.000971391	0.0464025
0	0.0623766	0	-449.679	0	-3.95588e-05	-1.8713e-05	-2.08458e-05	-3.95588e-05	0.135717	-0.196073	45.2389	0	0.0350602	0.0335075	0.0298611	0.00364642	0.0685677
0	-0.1986	0	-171.952	0	3.89786e-05	5.958e-05	-2.06014e-05	3.89786e-05	0.241274	-0.170531	60.3186	0	0.0472496	0.0441814	0.0370625	0.0071189	0.091431
0	-0.279928	0	-186.317	0	6.56945e-05	8.39784e-05	-1.8284e-05	6.56945e-05	0.376991	-0.150311	75.3982	0	0.0596903	0.0589667	0.0474572	0.0115095	0.118657
0	-0.209066	0	33.9498	0	4.84085e-05	6.27198e-05	-1.43113e-05	4.84085e-05	0.542867	-0.121577	90.4779	0	0.0723823	0.0769198	0.0598	0.0171198	0.149302
0	-0.435914	0	-157.586	0	0.00011999	0.000130774	-1.07838e-05	0.00011999	0.738903	-0.0853934	105.558	0	0.0853257	0.0983317	0.0741867	0.0241451	0.183657
0	0.238668	0	335.619	0	-7.41557e-05	-7.16005e-05	-2.55524e-06	-7.41557e-05	0.965097	0.108296	120.637	0	0.0985204	0.109882	0.0771122	0.0327697	0.208402
0	3.81052	0	2681.94	0	-0.00116374	-0.00114316	-2.0586e-05	-0.00116374	1.22145	0.819198	135.717	0	0.111966	0.0764332	0.0362028	0.0402304	0.1884
0	0.75166	0	-2403.35	0	-0.000307651	-0.000225498	-8.21526e-05	-0.000307651	1.50796	1.75465	150.796	0	0.125664	0.0207105	-0.0222018	0.0429124	0.146374
0	-4.01228	0	-2034.64	0	0.00113974	0.00120368	-6.39466e-05	0.00113974	1.80956	2.27612	150.796	0	0.128177	-0.00276015	-0.0419908	0.0392307	0.125417
0	-1.54912	0	737.845	0	0.000454544	0.000464735	-1.01907e-05	0.000454544	2.11115	2.18673	150.796	0	0.13069	0.0286554	-0.00680191	0.0354574	0.159346
0	2.63913	0	608.558	0	-0.000783666	-0.00079174	8.07381e-06	-0.000783666	2.41274	2.0835	150.796	0	0.133204	0.0654815	0.0296321	0.0358493	0.198685
0	0.0852257	0	531.944	0	-3.60275e-05	-2.55677e-05	-1.04598e-05	-3.60275e-05	2.71434	2.4464	150.796	0	0.135717	0.0634622	0.0241145	0.0393477	0.199179
0	-1.57324	0	-1675.51	0	0.000462673	0.000471972	-9.29897e-06	0.000462673	3.01593	3.2882	150.796	0	0.13823	0.0161056	-0.0245044	0.0406101	0.154336
0	-1.26761	0	254.216	0	0.000399124	0.000380282	1.88424e-05	0.000399124	3.31752	3.55319	150.796	0	0.140743	0.01642	-0.0212104	0.0376303	0.157163
0	-1.11335	0	-435.314	0	0.000367545	0.000334006	3.35393e-05	0.000367545	3.61911	3.60321	150.796	0	0.143257	0.0372514	0.00143131	0.0358201	0.180508
0	-1.34109	0	-578.966	0	0.000444774	0.000402328	4.24461e-05	0.000444774	3.76991	3.60321	150.796	0	0.144513	0.0509025	0.015003	0.0358996	0.195416
0	-1.38639	0	0.430959	0	0.000480815	0.000415917	6.48982e-05	0.000480815	4.0715	3.8118	150.796	0	0.147027	0.0613959	0.0233733	0.0380226	0.208422
0	-1.83174	0	-468.833	0	0.000635928	0.000549522	8.64061e-05	0.000635928	4.3731	4.3503	150.796	0	0.14954	0.0422495	0.00205187	0.0401976	0.191789
0	-3.3492	0	-1038.65	0	0.0011271	0.00100476	0.000122339	0.0011271	4.67469	4.89837	150.796	0	0.152053	0.0194782	-0.0201316	0.0396099	0.171531
0	-3.48312	0	-152.798	0	0.00122233	0.00104494	0.000177392	0.00122233	4.97628	5.10164	150.796	0	0.154566	0.0262008	-0.0112824	0.0374831	0.180767
0	-3.70196	0	211.121	0	0.00134782	0.00111059	0.000237227	0.00134782	5.27787	5.29533	150.796	0	0.15708	0.0350985	-0.00157109	0.0366696	0.192178
0	-2.8102	0	436.176	0	0.00113416	0.00084306	0.000291102	0.00113416	5.57946	5.53584	150.796	0	0.159593	0.0404299	0.0039259	0.036504	0.200023
0	-4.90421	0	177.602	0	0.00173424	0.00147126	0.000262979	0.00173424	5.88106	5.86575	150.796	0	0.162106	0.0385607	0.00137728	0.0371834	0.200667
0	-4.9619	0	-578.966	0	0.00182987	0.00148857	0.000341301	0.00182987	6.18265	6.50429	150.796	0	0.164619	0.00750399	-0.0289475	0.0364515	0.172123
0	-5.20869	0	-550.235	0	0.00198479	0.00156261	0.000422181	0.00198479	6.48424	6.79695	150.796	0	0.167133	0.00487157	-0.0281438	0.0330153	0.172004
0	-3.96309	0	608.558	0	0.00168918	0.00118893	0.000500252	0.00168918	6.78583	6.92253	150.796	0	0.169646	0.0178661	-0.0123025	0.0301686	0.187512
0	-4.25143	0	-320.392	0	0.00183789	0.00127543	0.000562466	0.00183789	7.08743	6.88102	150.796	0	0.172159	0.0483607	0.0185763	0.0297845	0.22052
0	-6.78994	0	-1680.3	0	0.00267633	0.00203698	0.00063935	0.00267633	7.38902	7.31416	150.796	0	0.174673	0.0384828	0.00673698	0.0317458	0.213155
0	-7.37492	0	-531.082	0	0.00296445	0.00221247	0.000751975	0.00296445	7.69061	7.98995	150.796	0	0.177186	0.00477037	-0.0269402	0.0317105	0.181956
0	-6.86767	0	110.564	0	0.002927	0.0020603	0.000866701	0.002927	7.9922	8.40925	150.796	0	0.179699	-0.00967547	-0.0375343	0.0278588	0.170024
0	-8.06854	0	-430.525	0	0.00340104	0.00242056	0.00098048	0.00340104	8.2938	8.31666	150.796	0	0.182212	0.0227462	-0.00205796	0.0248042	0.204959
0	-9.82598	0	-1196.67	0	0.00406504	0.0029478	0.00111725	0.00406504	8.59539	8.56676	150.796	0	0.184726	0.0273585	0.00257707	0.0247814	0.212084
0	-7.95502	0	1652.43	0	0.00365665	0.00238651	0.00127015	0.00365665	8.89699	9.09674	150.796	0	0.187239	0.00668373	-0.017978	0.0246617	0.193923
0	9.00342	0	91.4106	0	-0.00130834	-0.00270102	0.00139269	-0.00130834	9.19858	9.51605	150.796	0	0.189752	-0.0064364	-0.0285722	0.0221358	0.183316
0	-12.6205	0	-186.317	0	0.00520618	0.00378615	0.00142003	0.00520618	9.50017	9.66717	150.796	0	0.192265	0.00414285	-0.0150295	0.0191723	0.196408
0	-11.9426	0	-176.74	0	0.00520135	0.00358277	0.00161858	0.00520135	9.80177	10.0854	150.796	0	0.194779	-0.00791518	-0.0255277	0.0176125	0.186864
0	-11.7776	0	-215.047	0	0.00534215	0.00353327	0.00180888	0.00534215	10.1034	10.3866	150.796	0	0.197292	-0.0110722	-0.0254902	0.014418	0.18622
0	-11.4063	0	239.851	0	0.00542019	0.00342189	0.0019983	0.00542019	10.405	10.5015	150.796	0	0.199805	0.0034837	-0.00869104	0.0121747	0.203289
0	-10.4457	0	742.633	0	0.00530686	0.00313371	0.00217315	0.00530686	10.7065	10.7154	150.796	0	0.202319	0.0105677	-0.000799427	0.0113671	0.212886
0	8.92043	0	-128.856	0	-0.000325329	-0.00267613	0.0023508	-0.000325329	11.0081	11.1528	150.796	0	0.204832	-0.00182479	-0.0130216	0.0111968	0.203007
0	-14.7613	0	-128.856	0	0.0068282	0.00442839	0.0023998	0.0068282	11.3097	11.7626	150.796	0	0.207345	-0.0318847	-0.0407604	0.00887572	0.17546
0	-11.6587	0	474.483	0	0.00622892	0.0034976	0.00273131	0.00622892	11.7621	11.7626	150.796	0	0.211115	0.00310171	-4.53186e-05	0.00314703	0.214217
0	-10.0032	0	225.486	0	0.00591105	0.00300097	0.00291007	0.00591105	12.0637	11.9989	150.796	0	0.213628	0.00928395	0.00583494	0.00344901	0.222912
0	-7.91318	0	1211.9	0	0.00543898	0.00237395	0.00306502	0.00543898	12.3653	12.2405	150.796	0	0.216142	0.0155873	0.0112362	0.00435114	0.231729
0	13.2543	0	-100.126	0	-0.000791447	-0.0039763	0.00318485	-0.000791447	12.6669	12.6725	150.796	0	0.218655	0.00498997	-0.000506916	0.00549689	0.223645
0	-14.4671	0	-2116.04	0	0.0075456	0.00434014	0.00320546	0.0075456	12.9685	13.2483	150.796	0	0.221168	-0.0205028	-0.0251808	0.00467802	0.200665
0	-14.0827	0	19.5846	0	0.00766875	0.0042248	0.00344395	0.00766875	13.2701	13.6091	150.796	0	0.223681	-0.0288093	-0.0305069	0.00169761	0.194872
0	-12.0162	0	105.776	0	0.00726441	0.00360486	0.00365955	0.00726441	13.5717	13.9507	150.796	0	0.226195	-0.0359516	-0.0341089	-0.00184265	0.190243
0	-10.6363	0	-119.279	0	0.00703453	0.0031909	0.00384363	0.00703453	13.8733	13.9922	150.796	0	0.228708	-0.0160478	-0.010701	-0.0053468	0.21266
0	-9.90415	0	747.422	0	0.0069809	0.00297125	0.00400966	0.0069809	14.1749	14.1273	150.796	0	0.231221	-0.00150882	0.00427832	-0.00578713	0.229712
0	-9.65582	0	-895	0	0.00705769	0.00289675	0.00416094	0.00705769	14.4765	14.5999	150.796	0	0.233735	-0.0167799	-0.0111047	-0.00567521	0.216955
0	-9.49287	0	383.503	0	0.00716429	0.00284786	0.00431643	0.00716429	14.7781	15.0979	150.796	0	0.236248	-0.0362185	-0.0287863	-0.00743215	0.200029
0	-9.41523	0	-464.044	0	0.00729064	0.00282457	0.00446607	0.00729064	15.0797	15.4417	150.796	0	0.238761	-0.0436965	-0.03258	-0.0111165	0.195065
0	-10.052	0	-535.87	0	0.00763383	0.00301559	0.00461824	0.00763383	15.3812	15.3703	150.796	0	0.241274	-0.0127996	0.000980702	-0.0137803	0.228475
0	22.3094	0	2409	0	-0.00192287	-0.00669283	0.00476996	-0.00192287	15.6828	15.6917	150.796	0	0.243788	-0.0141127	-0.000801573	-0.0133111	0.229675
0	-16.9095	0	-95.3371	0	0.00952404	0.00507286	0.00445118	0.00952404	15.9844	16.3037	150.796	0	0.246301	-0.0431446	-0.0287318	-0.0144128	0.203156
0	-16.0313	0	-1929.3	0	0.00953377	0.00480939	0.00472437	0.00953377	16.286	16.3984	150.796	0	0.248814	-0.027161	-0.0101129	-0.0170481	0.221653
0	-12.0328	0	230.274	0	0.00857271	0.00360984	0.00496287	0.00857271	16.5876	16.3239	150.796	0	0.251327	0.00620024	0.0237351	-0.0175349	0.257528
0	-7.6429	0	1729.04	0	0.00742588	0.00229287	0.00513301	0.00742588	16.8892	16.4995	150.796	0	0.253841	0.0212665	0.0350749	-0.0138084	0.275107
0	-7.13333	0	-1325.96	0	0.00738889	0.00214	0.00524889	0.00738889	17.1908	17.5658	150.796	0	0.256354	-0.0455607	-0.0337536	-0.0118071	0.210793
0	-3.11254	0	1752.99	0	0.00627927	0.000933762	0.00534551	0.00627927	17.4886	18.0926	143.256	0	0.253181	-0.0711544	-0.0543607	-0.0167937	0.182026
0	-2.2979	0	-176.74	0	0.00605833	0.000689371	0.00536895	0.00605833	17.7601	18.2672	128.176	0	0.244133	-0.0680688	-0.0456398	-0.022429	0.176064
0	-3.97019	0	-1388.21	0	0.0066035	0.00119106	0.00541244	0.0066035	18.0013	18.4555	113.097	0	0.234834	-0.0683843	-0.0408784	-0.0275059	0.166449
0	-2.70246	0	943.746	0	0.00628288	0.000810739	0.00547214	0.00628288	18.2125	18.5066	98.017	0	0.225283	-0.057913	-0.0264755	-0.0314375	0.16737
0	-1.16089	0	910.228	0	0.00585479	0.000348268	0.00550652	0.00585479	18.3934	18.5162	82.9373	0	0.215481	-0.0454331	-0.0110516	-0.0343815	0.170048
0	2.19681	0	2634.05	0	0.00484827	-0.000659043	0.00550731	0.00484827	18.5442	18.0937	67.8576	0	0.205428	0.00650736	0.040545	-0.0340377	0.211936
0	2.31931	0	737.845	0	0.00477281	-0.000695793	0.0054686	0.00477281	18.6648	17.9245	52.778	0	0.195124	0.0380572	0.0666309	-0.0285737	0.233181
0	-5.61034	0	1389.07	0	0.00684966	0.0016831	0.00516656	0.00684966	18.7553	18.1437	37.6983	0	0.184568	0.0340009	0.0550432	-0.0210423	0.218569
0	-6.12756	0	-1761.7	0	0.0070818	0.00183827	0.00524353	0.0070818	18.8156	18.7546	22.6186	0	0.173761	-0.010577	0.00549402	-0.0160711	0.163184
0	-8.14506	0	-1239.77	0	0.00779462	0.00244352	0.0053511	0.00779462	18.8458	19.2207	7.53894	0	0.162702	-0.0507119	-0.0337438	-0.016968	0.111991
0	-6.85212	0	594.193	0	0.0075344	0.00205564	0.00547876	0.0075344	18.8496	19.2058	0	0	0.15708	-0.0528898	-0.0320636	-0.0208262	0.10419
0	-5.70355	0	637.289	0	0.0072914	0.00171106	0.00558034	0.0072914	18.8496	19.1409	0	0	0.15708	-0.0504022	-0.0262209	-0.0241813	0.106677
0	-5.43312	0	187.179	0	0.00730155	0.00162994	0.00567161	0.00730155	18.8496	19.0728	0	0	0.15708	-0.047122	-0.0200911	-0.0270309	0.109958
0	-11.6306	0	1499.2	0	0.00897588	0.00348917	0.00548671	0.00897588	18.8496	18.7429	0	0	0.15708	-0.0187631	0.00960085	-0.028364	0.138317
0	-7.59501	0	915.016	0	0.00793201	0.0022785	0.00565351	0.00793201	18.8496	18.3779	0	0	0.15708	0.0156457	0.0424534	-0.0268077	0.172725
0	-5.29975	0	349.984	0	0.00735279	0.00158993	0.00576286	0.00735279	18.8496	17.7925	0	0	0.15708	0.0747874	0.0951327	-0.0203453	0.231867
0	-4.11437	0	225.486	0	0.00707529	0.00123431	0.00584098	0.00707529	18.8496	17.6595	0	0	0.15708	0.0981231	0.107105	-0.00898213	0.255203
0	-3.93057	0	282.947	0	0.00708575	0.00117917	0.00590658	0.00708575	18.8496	17.7595	0	0	0.15708	0.100616	0.0981019	0.00251404	0.257696
0	-3.08854	0	804.883	0	0.00689016	0.000926561	0.00596359	0.00689016	18.8496	18.6641	0	0	0.15708	0.0287247	0.0166886	0.0120361	0.185804
0	-3.97658	0	-717.83	0	0.00721028	0.00119297	0.0060173	0.00721028	18.8496	19.9071	0	0	0.15708	-0.0850704	-0.0951828	0.0101124	0.0720092
0	-5.89925	0	-928.519	0	0.00786135	0.00176977	0.00609158	0.00786135	18.8496	19.8209	0	0	0.15708	-0.0882925	-0.0874246	-0.000867904	0.0687872
0	-2.70116	0	632.5	0	0.00698759	0.000810347	0.00617725	0.00698759	18.8496	19.7156	0	0	0.15708	-0.0880877	-0.0779423	-0.0101454	0.0689919
0	4.39414	0	3194.3	0	0.00487848	-0.00131824	0.00619672	0.00487848	18.8496	19.1781	0	0	0.15708	-0.0471922	-0.0295731	-0.0176191	0.109887
0	8.74419	0	1484.84	0	0.00347917	-0.00262326	0.00610243	0.00347917	18.8496	18.6801	0	0	0.15708	-0.00438677	0.0152518	-0.0196385	0.152693
0	9.47722	0	326.042	0	0.00311461	-0.00284317	0.00595777	0.00311461	18.8496	17.9681	0	0	0.15708	0.0631196	0.0793288	-0.0162092	0.220199
0	1.81973	0	-286.873	0	0.00498828	-0.000545918	0.0055342	0.00498828	18.8496	17.7883	0	0	0.15708	0.0891531	0.0955157	-0.00636259	0.246233
0	5.51446	0	297.312	0	0.00383111	-0.00165434	0.00548545	0.00383111	18.8496	17.9202	0	0	0.15708	0.0873519	0.0836391	0.00371283	0.244432
0	5.77937	0	-1148.79	0	0.0036574	-0.00173381	0.00539121	0.0036574	18.8496	18.7301	0	0	0.15708	0.0231657	0.0107503	0.0124154	0.180245
0	8.28337	0	517.579	0	0.00280183	-0.00248501	0.00528684	0.00280183	18.8496	20.0029	0	0	0.15708	-0.0943648	-0.103803	0.00943812	0.0627148
0	8.12441	0	-1732.97	0	0.00271496	-0.00243732	0.00515228	0.00271496	18.8496	19.656	0	0	0.15708	-0.0742908	-0.0725784	-0.00171242	0.0827888
0	11.7314	0	560.674	0	0.00148328	-0.00351942	0.00500269	0.00148328	18.8496	19.606	0	0	0.15708	-0.0772843	-0.068077	-0.00920735	0.0797953
0	9.15781	0	737.845	0	0.0017989	-0.00274734	0.00454624	0.0017989	18.8496	19.5091	0	0	0.15708	-0.0763719	-0.059361	-0.0170109	0.0807077
0	18.2284	0	3989.17	0	-0.00109821	-0.00546851	0.0043703	-0.00109821	18.8496	18.7035	0	0	0.15708	-0.00856744	0.0131448	-0.0217122	0.148512
0	19.4355	0	-555.024	0	-0.00176501	-0.00583066	0.00406565	-0.00176501	18.8496	18.0075	0	0	0.15708	0.0575926	0.0757851	-0.0181924	0.214672
0	19.9028	0	-363.488	0	-0.00222217	-0.00597083	0.00374866	-0.00222217	18.8496	17.7649	0	0	0.15708	0.0886386	0.097623	-0.00898435	0.245718
0	20.2022	0	-430.525	0	-0.00263186	-0.00606067	0.00342881	-0.00263186	18.8496	17.7116	0	0	0.15708	0.104424	0.102412	0.00201164	0.261503
0	18.9157	0	-1110.48	0	-0.00257675	-0.00567471	0.00309796	-0.00257675	18.8496	17.9617	0	0	0.15708	0.0934061	0.0799036	0.0135025	0.250486
0	16.5941	0	-1029.08	0	-0.00217311	-0.00497823	0.00280513	-0.00217311	18.8496	19.2516	0	0	0.15708	-0.0171112	-0.0361821	0.0190709	0.139968
0	6.9619	0	-789.656	0	0.000161827	-0.00208857	0.0022504	0.000161827	18.8496	20.0668	0	0	0.15708	-0.0972661	-0.10955	0.0122837	0.0598135
0	13.8265	0	1575.82	0	-0.00204363	-0.00414796	0.00210432	-0.00204363	18.8496	19.9306	0	0	0.15708	-0.0972581	-0.0972898	3.1688e-05	0.0598215
0	18.0796	0	1283.72	0	-0.00355903	-0.00542387	0.00186484	-0.00355903	18.8496	19.5134	0	0	0.15708	-0.069719	-0.0597442	-0.00997481	0.0873607
0	22.4942	0	2169.58	0	-0.0052023	-0.00674825	0.00154595	-0.0052023	18.8496	18.8461	0	0	0.15708	-0.0143821	0.00031002	-0.0146921	0.142698
0	18.6474	0	-1196.67	0	-0.00439757	-0.00559422	0.00119665	-0.00439757	18.8496	18.2161	0	0	0.15708	0.0439615	0.0570122	-0.0130507	0.201041
0	16.1704	0	-775.29	0	-0.00394475	-0.00485112	0.000906372	-0.00394475	18.8496	18.0458	0	0	0.15708	0.0662862	0.0723371	-0.00605086	0.223366
0	14.9786	0	259.005	0	-0.00384589	-0.00449358	0.000647698	-0.00384589	18.8496	18.0894	0	0	0.15708	0.0703168	0.06841	0.00190677	0.227396
0	1.49279	0	-2973.17	0	-0.000301077	-0.000447837	0.00014676	-0.000301077	18.8496	18.5875	0	0	0.15708	0.0323425	0.0235849	0.0087576	0.189422
0	-1.89876	0	-2470.39	0	0.000711077	0.000569627	0.00014145	0.000711077	18.8496	19.1739	0	0	0.15708	-0.019419	-0.0291902	0.00977115	0.137661
0	0.342991	0	1001.21	0	6.1934e-05	-0.000102897	0.000164831	6.1934e-05	18.8496	19.4783	0	0	0.15708	-0.0511783	-0.0565834	0.00540505	0.105901
0	2.2781	0	1106.55	0	-0.000541401	-0.00068343	0.000142029	-0.000541401	18.8496	19.607	0	0	0.15708	-0.0693261	-0.0681727	-0.00115337	0.0877535
0	-0.237807	0	-334.757	0	0.000181969	7.13421e-05	0.000110627	0.000181969	18.8496	19.3793	0	0	0.15708	-0.0560047	-0.0476757	-0.00832903	0.101075
0	-4.73914	0	-1938.87	0	0.00155012	0.00142174	0.000128381	0.00155012	18.8496	18.712	0	0	0.15708	-3.46107e-05	0.0123785	-0.0124131	0.157045
0	29.8672	0	2945.3	0	-0.00875899	-0.00896016	0.000201168	-0.00875899	18.8496	17.8968	0	0	0.15708	0.0771029	0.0857461	-0.00864321	0.234182
0	-16.5884	0	670.807	0	0.00477583	0.00497653	-0.0002007	0.00477583	18.8496	17.7989	0	0	0.15708	0.0960115	0.094558	0.00145349	0.253091
0	-13.517	0	421.81	0	0.00410321	0.0040551	4.81051e-05	0.00410321	18.8496	17.7776	0	0	0.15708	0.108439	0.0964735	0.0119653	0.265518
0	-17.1547	0	-3222.16	0	0.00541305	0.00514641	0.000266648	0.00541305	18.8496	18.3725	0	0	0.15708	0.0646271	0.0429323	0.0216948	0.221707
0	-18.1662	0	-1076.96	0	0.00599748	0.00544986	0.000547621	0.00599748	18.8496	19.5219	0	0	0.15708	-0.0367537	-0.0605103	0.0237566	0.120326
0	-16.0961	0	699.538	0	0.00565763	0.00482882	0.00082881	0.00565763	18.8496	19.9731	0	0	0.15708	-0.0861152	-0.101121	0.0150059	0.0709645
0	-14.9908	0	-28.2995	0	0.00557228	0.00449723	0.00107505	0.00557228	18.8496	19.739	0	0	0.15708	-0.0756248	-0.0800495	0.00442472	0.0814549
0	-18.1625	0	2629.26	0	0.00648256	0.00544874	0.00103382	0.00648256	18.8496	19.1366	0	0	0.15708	-0.0292113	-0.0258378	-0.00337351	0.127868
0	-12.5386	0	2236.62	0	0.00506317	0.00376157	0.0013016	0.00506317	18.8496	18.5268	0	0	0.15708	0.0245239	0.0290442	-0.00452033	0.181604
0	-14.1044	0	-1565.38	0	0.00572973	0.00423133	0.00149841	0.00572973	18.8496	18.0373	0	0	0.15708	0.0728902	0.0731032	-0.000213005	0.22997
0	-14.6904	0	-473.621	0	0.00613676	0.00440713	0.00172963	0.00613676	18.8496	17.8585	0	0	0.15708	0.0980671	0.0891944	0.0088727	0.255147
0	-14.0581	0	163.237	0	0.00617443	0.00421744	0.00195699	0.00617443	18.8496	17.9426	0	0	0.15708	0.0999584	0.0816276	0.0183309	0.257038
0	15.0641	0	-3456.8	0	-0.00232202	-0.00451922	0.00219721	-0.00232202	18.8496	18.6726	0	0	0.15708	0.0423279	0.0159223	0.0264056	0.199407
0	-25.3375	0	-138.433	0	0.00989495	0.00760126	0.00229369	0.00989495	18.8496	19.8444	0	0	0.15708	-0.0650286	-0.0895317	0.0245031	0.0920511
0	-19.5901	0	1135.28	0	0.00854773	0.00587703	0.0026707	0.00854773	18.8496	19.7805	0	0	0.15708	-0.0693574	-0.0837848	0.0144275	0.0877223
0	-18.1349	0	-430.525	0	0.00841262	0.00544048	0.00297214	0.00841262	18.8496	19.6581	0	0	0.15708	-0.0673061	-0.07277	0.00546391	0.0897735
0	-16.3452	0	153.66	0	0.00815954	0.00490357	0.00325597	0.00815954	18.8496	19.5379	0	0	0.15708	-0.0642653	-0.0619469	-0.00231835	0.0928144
0	-10.5752	0	3084.16	0	0.006663	0.00317256	0.00349045	0.006663	18.8496	18.4481	0	0	0.15708	0.028644	0.036132	-0.00748795	0.185724
0	21.8451	0	527.155	0	-0.00290039	-0.00655352	0.00365313	-0.00290039	18.8496	17.8851	0	0	0.15708	0.0861626	0.0867997	-0.000637125	0.243242
0	-16.6824	0	-602.908	0	0.00862093	0.00500472	0.0036162	0.00862093	18.8496	18.0447	0	0	0.15708	0.080397	0.0724327	0.00796436	0.237477
0	-13.623	0	1197.53	0	0.00795616	0.0040869	0.00386926	0.00795616	18.8496	17.8106	0	0	0.15708	0.110453	0.0935043	0.016949	0.267533
0	-14.8444	0	-1771.28	0	0.00853661	0.00445332	0.00408329	0.00853661	18.8496	18.6801	0	0	0.15708	0.0414088	0.0152518	0.026157	0.198488
0	-13.7401	0	-732.195	0	0.00844251	0.00412202	0.00432049	0.00844251	18.8496	19.806	0	0	0.15708	-0.0617227	-0.0860837	0.024361	0.095357
0	-9.26552	0	1738.62	0	0.00729749	0.00277966	0.00451784	0.00729749	18.8496	19.7699	0	0	0.15708	-0.0680788	-0.0828271	0.0147483	0.0890008
0	-6.10205	0	-219.836	0	0.00649281	0.00183062	0.00466219	0.00649281	18.8496	19.7166	0	0	0.15708	-0.0725728	-0.0780383	0.00546546	0.0845068
0	-5.70679	0	1369.91	0	0.00642304	0.00171204	0.00471101	0.00642304	18.8496	19.458	0	0	0.15708	-0.0536334	-0.0547634	0.00113	0.103446
0	1.34483	0	3400.2	0	0.0043699	-0.000403449	0.00477335	0.0043699	18.8496	18.6939	0	0	0.15708	0.0107708	0.0140069	-0.00323611	0.16785
0	-0.380803	0	-1785.64	0	0.00486661	0.000114241	0.00475237	0.00486661	18.8496	18.1278	0	0	0.15708	0.065336	0.0649618	0.000374157	0.222416
0	-2.34733	0	-349.122	0	0.00548262	0.000704199	0.00477842	0.00548262	18.8496	17.999	0	0	0.15708	0.0843987	0.0765512	0.00784755	0.241478
0	-1.80679	0	134.506	0	0.00535191	0.000542038	0.00480987	0.00535191	18.8496	18.0586	0	0	0.15708	0.0874825	0.0711878	0.0162947	0.244562
0	-12.3265	0	-1479.19	0	0.00828903	0.00369796	0.00459107	0.00828903	18.8496	18.8387	0	0	0.15708	0.0242965	0.000980702	0.0233158	0.181376
0	-9.61876	0	-693.888	0	0.00766469	0.00288563	0.00477906	0.00766469	18.8496	19.8039	0	0	0.15708	-0.065841	-0.0858921	0.0200512	0.0912387
0	-8.54817	0	-186.317	0	0.00749942	0.00256445	0.00493497	0.00749942	18.8496	19.4825	0	0	0.15708	-0.0457672	-0.0569665	0.0111994	0.111312
0	-6.11576	0	1451.32	0	0.00690112	0.00183473	0.00506639	0.00690112	18.8496	19.6517	0	0	0.15708	-0.067198	-0.0721955	0.00499746	0.0898816
0	-5.13134	0	-713.041	0	0.006693	0.0015394	0.0051536	0.006693	18.8496	19.3846	0	0	0.15708	-0.0514609	-0.0481546	-0.00330628	0.105619
0	-5.9293	0	464.906	0	0.0070289	0.00177879	0.00525011	0.0070289	18.8496	18.065	0	0	0.15708	0.0650635	0.0706127	-0.00554926	0.222143
0	-3.89662	0	1211.9	0	0.00650474	0.00116899	0.00533575	0.00650474	18.8496	17.7776	0	0	0.15708	0.100494	0.0964735	0.00402066	0.257574
0	-4.62241	0	168.025	0	0.00679048	0.00138672	0.00540375	0.00679048	18.8496	17.9596	0	0	0.15708	0.0939837	0.0800951	0.0138886	0.251063
0	-5.49518	0	560.674	0	0.00713322	0.00164855	0.00548467	0.00713322	18.8496	18.2629	0	0	0.15708	0.0757188	0.0527977	0.0229211	0.232798
0	-6.42379	0	-71.3951	0	0.00750454	0.00192714	0.0055774	0.00750454	18.8496	19.706	0	0	0.15708	-0.0518845	-0.0770802	0.0251957	0.105195
0	-7.75319	0	-669.946	0	0.00801751	0.00232596	0.00569155	0.00801751	18.8496	19.904	0	0	0.15708	-0.0796479	-0.0948956	0.0152477	0.0774318
0	-5.83583	0	819.248	0	0.00756086	0.00175075	0.00581011	0.00756086	18.8496	19.6496	0	0	0.15708	-0.0664115	-0.0720039	0.00559242	0.0906682
0	-0.734806	0	2394.63	0	0.00610805	0.000220442	0.00588761	0.00610805	18.8496	19.2846	0	0	0.15708	-0.041256	-0.0391513	-0.00210471	0.115824
0	3.50676	0	938.958	0	0.00482766	-0.00105203	0.00587969	0.00482766	18.8496	18.4438	0	0	0.15708	0.0321408	0.0365151	-0.0043743	0.18922
0	6.09977	0	445.752	0	0.00398783	-0.00182993	0.00581776	0.00398783	18.8496	18.1299	0	0	0.15708	0.0657249	0.0647702	0.000954692	0.222805
0	8.63494	0	584.616	0	0.00312327	-0.00259048	0.00571375	0.00312327	18.8496	18.1693	0	0	0.15708	0.0693459	0.0612265	0.00811947	0.226426
0	9.10837	0	-607.696	0	0.00283929	-0.00273251	0.0055718	0.00283929	18.8496	18.1948	0	0	0.15708	0.0737597	0.0589277	0.014832	0.230839
0	5.98776	0	-2250.12	0	0.00364377	-0.00179633	0.00544009	0.00364377	18.8496	18.7227	0	0	0.15708	0.0319383	0.0114208	0.0205175	0.189018
0	6.90174	0	-550.235	0	0.00326514	-0.00207052	0.00533566	0.00326514	18.8496	19.3665	0	0	0.15708	-0.0265013	-0.0465264	0.0200251	0.130578
0	10.1591	0	-9.14585	0	0.00216799	-0.00304774	0.00521573	0.00216799	18.8496	19.4687	0	0	0.15708	-0.041632	-0.0557213	0.0140893	0.115448
0	14.5137	0	876.709	0	0.000683945	-0.00435411	0.00503805	0.000683945	18.8496	19.5155	0	0	0.15708	-0.0519472	-0.0599357	0.0079885	0.105132
0	17.5062	0	785.729	0	-0.000456648	-0.00525185	0.0047952	-0.000456648	18.8496	19.5623	0	0	0.15708	-0.0631135	-0.0641499	0.00103632	0.0939661
0	19.5945	0	-684.311	0	-0.00137094	-0.00587835	0.00450741	-0.00137094	18.8496	19.1909	0	0	0.15708	-0.0363724	-0.0307226	-0.0056498	0.120707
0	22.3101	0	934.17	0	-0.00250153	-0.00669303	0.00419151	-0.00250153	18.8496	18.1703	0	0	0.15708	0.0547757	0.0611307	-0.00635496	0.211855
0	18.6283	0	187.179	0	-0.00200361	-0.0055885	0.0035849	-0.00200361	18.8391	17.6755	-12.5607	0	0.147572	0.106773	0.104727	0.00204659	0.254345
0	20.5206	0	-176.74	0	-0.00286159	-0.00615618	0.00329459	-0.00286159	18.7989	17.7776	-27.6402	0	0.135927	0.105254	0.0919139	0.0133405	0.241182
0	19.4442	0	-1230.19	0	-0.00286638	-0.00583326	0.00296688	-0.00286638	18.7285	18.0352	-42.7196	0	0.124031	0.0857032	0.0624029	0.0233004	0.209735
0	19.9366	0	306.889	0	-0.00331846	-0.00598098	0.00266251	-0.00331846	18.628	18.9717	-57.7991	0	0.111884	-0.00317958	-0.0309303	0.0277507	0.108705
0	19.681	0	-1397.78	0	-0.00356176	-0.00590429	0.00234253	-0.00356176	18.4973	19.7166	-72.8785	0	0.0994856	-0.0880249	-0.109738	0.0217128	0.0114607
0	21.9375	0	575.039	0	-0.00455881	-0.00658124	0.00202243	-0.00455881	18.3365	19.5059	-87.958	0	0.0868357	-0.0960158	-0.105248	0.00923223	-0.00918005
0	28.3211	0	2016.35	0	-0.00683871	-0.00849633	0.00165763	-0.00683871	18.1455	19.0323	-103.037	0	0.0739345	-0.0820866	-0.0798152	-0.00227146	-0.0081521
0	30.2261	0	2073.81	0	-0.00788352	-0.00906782	0.0011843	-0.00788352	17.9244	17.9373	-118.117	0	0.060782	-0.0105573	-0.00116095	-0.00939639	0.0502247
0	28.0682	0	-732.195	0	-0.00770725	-0.00842045	0.000713191	-0.00770725	17.6731	17.0571	-133.196	0	0.0473782	0.0479839	0.0554315	-0.00744765	0.095362
0	27.794	0	-128.856	0	-0.0080688	-0.00833821	0.000269403	-0.0080688	17.3916	17.0944	-148.276	0	0.033723	0.0248214	0.0267469	-0.00192553	0.0585444
0	27.6096	0	-33.0879	0	-0.00845541	-0.00828287	-0.000172541	-0.00845541	17.0904	17.0763	-150.796	0	0.0293228	0.00171875	0.00126995	0.000448795	0.0310415
0	26.0772	0	-368.276	0	-0.00843017	-0.00782316	-0.000607015	-0.00843017	16.7888	17.0454	-150.796	0	0.0268095	-0.0233286	-0.0230953	-0.000233235	0.00348099
0	24.8407	0	-435.314	0	-0.00847033	-0.00745221	-0.00101811	-0.00847033	16.4872	16.6229	-150.796	0	0.0242963	-0.015086	-0.0122137	-0.00287225	0.00921033
0	26.1175	0	1441.74	0	-0.0092547	-0.00783526	-0.00141944	-0.0092547	16.1856	16.0546	-150.796	0	0.0217831	0.00865318	0.01179	-0.00313687	0.0304362
0	22.3297	0	-1527.07	0	-0.00852092	-0.00669891	-0.00182201	-0.00852092	15.8841	15.9174	-150.796	0	0.0192698	-0.00522152	-0.00299721	-0.00222432	0.0140483
0	20.9047	0	-18.7227	0	-0.00843688	-0.00627141	-0.00216548	-0.00843688	15.5825	15.6492	-150.796	0	0.0167566	-0.00868702	-0.0060036	-0.00268342	0.00806956
0	21.3802	0	1130.49	0	-0.00891284	-0.00641405	-0.00249879	-0.00891284	15.2809	15.1341	-150.796	0	0.0142433	0.0101602	0.0132111	-0.00305088	0.0244035
0	19.3413	0	-334.757	0	-0.00863516	-0.00580238	-0.00283278	-0.00863516	14.9793	14.7967	-150.796	0	0.0117301	0.0154451	0.0164305	-0.000985388	0.0271752
0	17.241	0	302.1	0	-0.0083014	-0.00517229	-0.00312911	-0.0083014	14.6777	14.6509	-150.796	0	0.00921685	0.00241037	0.00240927	1.10227e-06	0.0116272
0	39.2814	0	-2312.37	0	-0.0151714	-0.0117844	-0.00338692	-0.0151714	14.3761	14.0965	-150.796	0	0.00670361	0.0262365	0.0251679	0.0010686	0.0329401
0	2.51554	0	1187.96	0	-0.00468644	-0.000754662	-0.00393178	-0.00468644	14.0745	14.1082	-150.796	0	0.00419037	0.000146194	-0.00302871	0.0031749	0.00433656
0	8.81379	0	1432.16	0	-0.00664562	-0.00264414	-0.00400148	-0.00664562	13.7729	13.5378	-150.796	0	0.00167713	0.0242513	0.0211665	0.00308477	0.0259284
0	9.84854	0	91.4106	0	-0.00710248	-0.00295456	-0.00414792	-0.00710248	13.4713	12.9609	-150.796	0	-0.000836116	0.0525346	0.0459363	0.00659824	0.0516984
0	9.46667	0	-215.047	0	-0.00714102	-0.00284	-0.00430102	-0.00714102	13.1698	12.979	-150.796	0	-0.00334936	0.0280975	0.0171652	0.0109323	0.0247482
0	10.1027	0	421.81	0	-0.00748203	-0.00303081	-0.00445122	-0.00748203	12.8682	12.7236	-150.796	0	-0.0058626	0.0254302	0.0130094	0.0124208	0.0195676
0	5.61782	0	77.0454	0	-0.00645854	-0.00168535	-0.0047732	-0.00645854	12.5666	12.2139	-150.796	0	-0.00837584	0.0462355	0.031745	0.0144905	0.0378597
0	5.68997	0	-703.464	0	-0.0065646	-0.00170699	-0.00485761	-0.0065646	12.265	11.8584	-150.796	0	-0.0108891	0.0546438	0.0365925	0.0180513	0.0437547
0	7.59292	0	598.981	0	-0.00723111	-0.00227788	-0.00495323	-0.00723111	11.9634	11.5615	-150.796	0	-0.0134023	0.0585625	0.0361723	0.0223901	0.0451601
0	8.38249	0	321.254	0	-0.00759177	-0.00251475	-0.00507703	-0.00759177	11.6618	11.4508	-150.796	0	-0.0159156	0.0448214	0.0189905	0.0258309	0.0289058
0	8.96751	0	220.698	0	-0.00790216	-0.00269025	-0.0052119	-0.00790216	11.3602	11.2018	-150.796	0	-0.0184288	0.0420217	0.01426	0.0277617	0.0235929
0	7.70647	0	-578.966	0	-0.00766092	-0.00231194	-0.00534898	-0.00766092	11.0586	10.5632	-150.796	0	-0.0209421	0.0745502	0.0445852	0.029965	0.0536081
0	4.13923	0	-66.6067	0	-0.00684822	-0.00124177	-0.00560645	-0.00684822	10.757	10.2589	-150.796	0	-0.0234553	0.0802614	0.0448354	0.035426	0.0568061
0	5.22028	0	259.005	0	-0.007237	-0.00156608	-0.00567092	-0.007237	10.4555	10.2184	-150.796	0	-0.0259685	0.0608847	0.021332	0.0395527	0.0349161
0	5.0756	0	-770.502	0	-0.00727803	-0.00152268	-0.00575534	-0.00727803	10.1539	9.90236	-150.796	0	-0.0284818	0.0644963	0.0226357	0.0418606	0.0360146
0	5.5047	0	158.448	0	-0.00748411	-0.00165141	-0.0058327	-0.00748411	9.85228	9.40324	-150.796	0	-0.030995	0.0850997	0.0404137	0.044686	0.0541047
0	8.35566	0	1987.62	0	-0.00843748	-0.0025067	-0.00593079	-0.00843748	9.55069	9.07226	-150.796	0	-0.0335083	0.092646	0.0430583	0.0495877	0.0591377
0	23.9179	0	-296.45	0	-0.0132418	-0.00717536	-0.00606641	-0.0132418	9.2491	9.09355	-150.796	0	-0.0360215	0.0675219	0.0139997	0.0535222	0.0315004
0	3.96425	0	-1182.3	0	-0.00747496	-0.00118927	-0.00628569	-0.00747496	8.94751	8.8243	-150.796	0	-0.0385347	0.0658864	0.0110891	0.0547974	0.0273517
0	5.61373	0	958.112	0	-0.00802916	-0.00168412	-0.00634504	-0.00802916	8.64592	8.30815	-150.796	0	-0.041048	0.0867285	0.0303994	0.0563291	0.0456805
0	9.17632	0	1365.13	0	-0.0092068	-0.0027529	-0.0064539	-0.0092068	8.34433	7.98782	-150.796	0	-0.0435612	0.0923003	0.0320863	0.0602139	0.0487391
0	6.5577	0	-2025.06	0	-0.00855775	-0.00196731	-0.00659044	-0.00855775	8.04274	7.84415	-150.796	0	-0.0460745	0.0808509	0.0178737	0.0629772	0.0347764
0	6.76579	0	-373.065	0	-0.00872017	-0.00202974	-0.00669043	-0.00872017	7.74115	7.65152	-150.796	0	-0.0485877	0.0731168	0.00806684	0.0650499	0.0245291
0	8.59555	0	929.381	0	-0.00938216	-0.00257867	-0.00680349	-0.00938216	7.43957	7.40782	-150.796	0	-0.051101	0.068369	0.00285748	0.0655116	0.0172681
0	6.23128	0	-100.126	0	-0.00890326	-0.00186938	-0.00703388	-0.00890326	7.13798	7.06939	-150.796	0	-0.0536142	0.0721948	0.0061726	0.0660222	0.0185806
0	7.1703	0	-215.047	0	-0.00928694	-0.00215109	-0.00713585	-0.00928694	6.83639	6.70223	-150.796	0	-0.0561274	0.0787622	0.0120738	0.0666884	0.0226347
0	7.9748	0	29.1614	0	-0.00964285	-0.00239244	-0.00725041	-0.00964285	6.5348	6.42979	-150.796	0	-0.0586407	0.0777056	0.00945052	0.0682551	0.0190649
0	9.15793	0	263.793	0	-0.0101311	-0.00274738	-0.00738369	-0.0101311	6.23321	6.28399	-150.796	0	-0.0611539	0.0641561	-0.00457066	0.0687267	0.00300216
0	8.66058	0	-669.946	0	-0.0101283	-0.00259817	-0.00753015	-0.0101283	5.93162	5.80084	-150.796	0	-0.0636672	0.0803902	0.0117706	0.0686196	0.016723
0	19.3214	0	-143.221	0	-0.0134612	-0.00579643	-0.00766475	-0.0134612	5.63003	5.67632	-150.796	0	-0.0661804	0.0656619	-0.00416609	0.069828	-0.000518538
0	7.61409	0	728.268	0	-0.0101582	-0.00228423	-0.007874	-0.0101582	5.32844	5.59012	-150.796	0	-0.0686937	0.0451241	-0.0235509	0.068675	-0.0235696
0	8.58808	0	-57.0299	0	-0.0105758	-0.00257642	-0.00799935	-0.0105758	5.02685	5.2336	-150.796	0	-0.0712069	0.0472182	-0.0186075	0.0658257	-0.0239887
0	9.77824	0	704.326	0	-0.0110733	-0.00293347	-0.00813987	-0.0110733	4.72526	4.46204	-150.796	0	-0.0737201	0.0887217	0.0236901	0.0650316	0.0150016
0	10.1363	0	-205.47	0	-0.0113411	-0.00304089	-0.00830024	-0.0113411	4.42368	4.25558	-150.796	0	-0.0762334	0.0828365	0.0151285	0.067708	0.00660314
0	8.7774	0	-832.751	0	-0.0110865	-0.00263322	-0.00845324	-0.0110865	4.12209	4.09169	-150.796	0	-0.0787466	0.0716846	0.00273568	0.0689489	-0.00706203
0	9.97574	0	910.228	0	-0.0115877	-0.00299272	-0.00859497	-0.0115877	3.8205	3.88842	-150.796	0	-0.0812599	0.062907	-0.00611333	0.0690204	-0.0183528
0	10.6818	0	498.425	0	-0.0119655	-0.00320454	-0.00876095	-0.0119655	3.51891	3.71176	-150.796	0	-0.0837731	0.0506773	-0.0173568	0.0680341	-0.0330958
0	11.392	0	565.463	0	-0.0123518	-0.0034176	-0.00893423	-0.0123518	3.21732	3.54574	-150.796	0	-0.0862863	0.0362245	-0.0295581	0.0657826	-0.0500618
0	10.4901	0	-459.256	0	-0.0122626	-0.00314702	-0.0091156	-0.0122626	2.91573	3.17114	-150.796	0	-0.0887996	0.0393752	-0.0229865	0.0623617	-0.0494244
0	8.71395	0	-1153.57	0	-0.011889	-0.00261419	-0.00927484	-0.011889	2.61414	2.54324	-150.796	0	-0.0913128	0.0670096	0.00638091	0.0606287	-0.0243032
0	9.84963	0	843.19	0	-0.0123709	-0.00295489	-0.00941601	-0.0123709	2.31255	2.27612	-150.796	0	-0.0938261	0.0648894	0.00327873	0.0616107	-0.0289366
0	10.5002	0	211.121	0	-0.0127268	-0.00315006	-0.00957672	-0.0127268	2.01096	2.20056	-150.796	0	-0.0963393	0.0442689	-0.0170639	0.0613328	-0.0520704
0	10.221	0	220.698	0	-0.0128082	-0.00306629	-0.0097419	-0.0128082	1.70937	1.9792	-150.796	0	-0.0988526	0.0348452	-0.0242846	0.0591298	-0.0640074
0	10.1756	0	-9.14585	0	-0.0129589	-0.00305268	-0.0099062	-0.0129589	1.40945	1.66526	-145.788	0	-0.0975952	0.0334424	-0.0230226	0.0564651	-0.0641528
0	9.73533	0	-186.317	0	-0.0129882	-0.0029206	-0.0100676	-0.0129882	1.13296	1.41623	-130.708	0	-0.0885898	0.028373	-0.0254943	0.0538674	-0.0602167
0	9.50221	0	-262.931	0	-0.0130728	-0.00285066	-0.0102221	-0.0130728	0.886624	1.20338	-115.629	0	-0.0793329	0.0224238	-0.0285083	0.0509321	-0.0569092
0	8.97383	0	349.984	0	-0.0130855	-0.00269215	-0.0103933	-0.0130855	0.670449	0.936263	-100.549	0	-0.0698248	0.0239046	-0.0239232	0.0478278	-0.0459202
0	9.00964	0	-33.0879	0	-0.0132422	-0.00270289	-0.0105393	-0.0132422	0.484433	0.653179	-85.4697	0	-0.0600654	0.0302383	-0.0151871	0.0454254	-0.0298271
0	9.14487	0	96.199	0	-0.0134278	-0.00274346	-0.0106843	-0.0134278	0.328575	0.442462	-70.3903	0	-0.0500546	0.0336596	-0.0102499	0.0439095	-0.016395
0	8.9505	0	-267.72	0	-0.0135142	-0.00268515	-0.010829	-0.0135142	0.202875	0.277507	-55.3108	0	-0.0397925	0.0361622	-0.00671688	0.0428791	-0.00363025
0	8.45954	0	-392.218	0	-0.0135081	-0.00253786	-0.0109702	-0.0135081	0.107334	0.13703	-40.2314	0	-0.0292791	0.0395484	-0.00267258	0.042221	0.0102693
0	8.21926	0	-272.508	0	-0.013569	-0.00246578	-0.0111032	-0.013569	0.0419519	-0.00664078	-25.1519	0	-0.0185143	0.0464769	0.00437334	0.0421036	0.0279626
0	7.30072	0	-406.583	0	-0.0134211	-0.00219022	-0.0112309	-0.0134211	0.00672793	-0.149247	-10.0725	0	-0.00749829	0.0568928	0.0140377	0.0428551	0.0493945
0	6.36586	0	-368.276	0	-0.0132538	-0.00190976	-0.011344	-0.0132538	0	-0.255669	0	0	0	0.0676702	0.0230103	0.04466	0.0676702
0	5.5036	0	-588.543	0	-0.0130941	-0.00165108	-0.011443	-0.0130941	0	-0.335486	0	0	0	0.077618	0.0301938	0.0474242	0.077618
0	4.69283	0	-459.256	0	-0.0129364	-0.00140785	-0.0115285	-0.0129364	0	-0.376991	0	0	0	0.0848573	0.0339292	0.0509281	0.0848573
0	4.2575	0	-186.317	0	-0.0128795	-0.00127725	-0.0116022	-0.0128795	0	-0.37167	0	0	0	0.0881536	0.0334503	0.0547033	0.0881536
0	1.52763	0	-124.068	0	-0.0121272	-0.000458288	-0.0116689	-0.0121272	0	-0.350386	0	0	0	0.0899015	0.0315347	0.0583668	0.0899015
0	3.94496	0	-52.2415	0	-0.0128986	-0.00118349	-0.0117152	-0.0128986	0	-0.321651	0	0	0	0.0907607	0.0289486	0.0618121	0.0907607
0	3.42473	0	-80.9719	0	-0.0128044	-0.00102742	-0.011777	-0.0128044	0	-0.28866	0	0	0	0.0909336	0.0259794	0.0649541	0.0909336
0	2.77738	0	-100.126	0	-0.0126626	-0.000833213	-0.0118294	-0.0126626	0	-0.253541	0	0	0	0.0905743	0.0228187	0.0677556	0.0905743
0	2.35931	0	-85.7603	0	-0.0125807	-0.000707792	-0.0118729	-0.0125807	0	-0.208844	0	0	0	0.0889752	0.0187959	0.0701793	0.0889752
0	0.155389	0	-18.7227	0	-0.0119563	-4.66167e-05	-0.0119097	-0.0119563	0	-0.168403	0	0	0	0.0873122	0.0151563	0.072156	0.0873122
0	2.53293	0	-13.9343	0	-0.012678	-0.000759881	-0.0119181	-0.012678	0	-0.127962	0	0	0	0.0852608	0.0115166	0.0737442	0.0852608
0	1.85279	0	-18.7227	0	-0.012511	-0.000555838	-0.0119552	-0.012511	0	-0.0907146	0	0	0	0.083087	0.00816431	0.0749227	0.083087
0	1.3893	0	-71.3951	0	-0.0123999	-0.00041679	-0.0119831	-0.0123999	0	-0.0630447	0	0	0	0.0814347	0.00567402	0.0757607	0.0814347
0	1.11601	0	-90.5487	0	-0.0123386	-0.000334803	-0.0120038	-0.0123386	0	-0.0332464	0	0	0	0.0793035	0.00299218	0.0763113	0.0793035
0	0.747458	0	-33.0879	0	-0.0122444	-0.000224237	-0.0120202	-0.0122444	0	-0.0119619	0	0	0	0.0776672	0.00107657	0.0765906	0.0776672
0	0.558398	0	-42.6647	0	-0.0121992	-0.000167519	-0.0120317	-0.0121992	0	0.00612992	0	0	0	0.0761106	-0.000551693	0.0766623	0.0761106
0	0.225554	0	-128.856	0	-0.0121073	-6.76663e-05	-0.0120396	-0.0121073	0	0.011451	0	0	0	0.0755545	-0.00103059	0.0765851	0.0755545
0	-0.0409172	0	-176.74	0	-0.0120301	1.22752e-05	-0.0120424	-0.0120301	0	0.0125153	0	0	0	0.0753389	-0.00112637	0.0764652	0.0753389
0	-0.308745	0	-229.412	0	-0.011948	9.26235e-05	-0.0120406	-0.011948	0	0.000808798	0	0	0	0.0762886	-7.27918e-05	0.0763614	0.0762886
0	-0.496553	0	-171.952	0	-0.011886	0.000148966	-0.012035	-0.011886	0	-0.0119619	0	0	0	0.0774618	0.00107657	0.0763852	0.0774618
0	-0.676609	0	-148.01	0	-0.0118235	0.000202983	-0.0120265	-0.0118235	0	-0.0162188	0	0	0	0.0779805	0.00145969	0.0765208	0.0779805
0	-0.596547	0	-138.433	0	-0.0118315	0.000178964	-0.0120105	-0.0118315	0	-0.00557655	0	0	0	0.0771636	0.00050189	0.0766617	0.0771636
0	-0.721984	0	-85.7603	0	-0.0117836	0.000216595	-0.0120002	-0.0117836	0	0.00293725	0	0	0	0.0764318	-0.000264352	0.0766962	0.0764318
0	-0.833086	0	-57.0299	0	-0.0117392	0.000249926	-0.0119891	-0.0117392	0	0.0125153	0	0	0	0.0755138	-0.00112637	0.0766402	0.0755138
0	-0.867085	0	-23.5111	0	-0.0117148	0.000260125	-0.0119749	-0.0117148	0	0.0178364	0	0	0	0.0748885	-0.00160528	0.0764938	0.0748885
0	-0.887855	0	0.430959	0	-0.0116952	0.000266356	-0.0119616	-0.0116952	0	0.0199649	0	0	0	0.0745132	-0.00179684	0.0763101	0.0745132
0	-1.10006	0	-18.7227	0	-0.0116129	0.000330019	-0.0119429	-0.0116129	0	0.0231575	0	0	0	0.0740209	-0.00208418	0.0761051	0.0740209
0	-0.955773	0	-9.14585	0	-0.0116388	0.000286732	-0.0119255	-0.0116388	0	0.025286	0	0	0	0.0735978	-0.00227574	0.0758735	0.0735978
0	-1.13756	0	-28.2995	0	-0.0115685	0.000341267	-0.0119098	-0.0115685	0	0.0242218	0	0	0	0.0734354	-0.00217996	0.0756154	0.0734354
0	-1.14458	0	-42.6647	0	-0.0115485	0.000343373	-0.0118919	-0.0115485	0	0.0231575	0	0	0	0.0732943	-0.00208418	0.0753785	0.0732943
0	-1.16705	0	-33.0879	0	-0.0115227	0.000350114	-0.0118728	-0.0115227	0	0.0242218	0	0	0	0.0729722	-0.00217996	0.0751522	0.0729722
0	-1.20145	0	-18.7227	0	-0.0114935	0.000360436	-0.0118539	-0.0114935	0	0.0274144	0	0	0	0.0724374	-0.0024673	0.0749047	0.0724374
0	-1.00068	0	-33.0879	0	-0.0115344	0.000300203	-0.0118346	-0.0115344	0	0.0274144	0	0	0	0.0721526	-0.0024673	0.0746199	0.0721526
0	-0.959853	0	-37.8763	0	-0.0115303	0.000287956	-0.0118182	-0.0115303	0	0.025286	0	0	0	0.0720753	-0.00227574	0.074351	0.0720753
0	-1.05294	0	-42.6647	0	-0.0114869	0.000315881	-0.0118027	-0.0114869	0	0.0263502	0	0	0	0.071732	-0.00237152	0.0741035	0.071732
0	-1.1083	0	5.21936	0	-0.011453	0.000332489	-0.0117855	-0.011453	0	0.0284787	0	0	0	0.0712769	-0.00256308	0.07384	0.0712769
0	-0.980742	0	-37.8763	0	-0.0114746	0.000294223	-0.0117688	-0.0114746	0	0.0284787	0	0	0	0.0709815	-0.00256308	0.0735446	0.0709815
0	-0.947428	0	-9.14585	0	-0.011469	0.000284229	-0.0117533	-0.011469	0	0.0220933	0	0	0	0.0712927	-0.0019884	0.0732811	0.0712927
0	-0.942101	0	-28.2995	0	-0.0114555	0.00028263	-0.0117382	-0.0114555	0	0.0242218	0	0	0	0.0708695	-0.00217996	0.0730495	0.0708695
0	-0.970655	0	-47.4531	0	-0.0114317	0.000291197	-0.0117229	-0.0114317	0	0.0231575	0	0	0	0.0707178	-0.00208418	0.072802	0.0707178
0	-0.947455	0	-33.0879	0	-0.0114226	0.000284237	-0.0117068	-0.0114226	0	0.0220933	0	0	0	0.070582	-0.0019884	0.0725704	0.070582
0	-0.862566	0	-9.14585	0	-0.0114329	0.00025877	-0.0116917	-0.0114329	0	0.0242218	0	0	0	0.0701642	-0.00217996	0.0723441	0.0701642
0	-0.860983	0	-18.7227	0	-0.011419	0.000258295	-0.0116773	-0.011419	0	0.0210291	0	0	0	0.070204	-0.00189262	0.0720966	0.070204
0	-0.796648	0	-18.7227	0	-0.0114238	0.000238994	-0.0116628	-0.0114238	0	0.0199649	0	0	0	0.0700948	-0.00179684	0.0718916	0.0700948
0	-0.785686	0	-4.35744	0	-0.0114147	0.000235706	-0.0116504	-0.0114147	0	0.0210291	0	0	0	0.0698047	-0.00189262	0.0716973	0.0698047
0	-0.76336	0	-4.35744	0	-0.0114093	0.000229008	-0.0116383	-0.0114093	0	0.0210291	0	0	0	0.0695837	-0.00189262	0.0714764	0.0695837
0	-0.711303	0	-23.5111	0	-0.011413	0.000213391	-0.0116264	-0.011413	0	0.0199649	0	0	0	0.0694746	-0.00179684	0.0712714	0.0694746
0	-0.669582	0	-18.7227	0	-0.0114136	0.000200875	-0.0116145	-0.0114136	0	0.0178364	0	0	0	0.0694665	-0.00160528	0.0710717	0.0694665
0	-0.585049	0	-23.5111	0	-0.0114283	0.000175515	-0.0116038	-0.0114283	0	0.0199649	0	0	0	0.0690912	-0.00179684	0.0708881	0.0690912
0	-0.473446	0	-18.7227	0	-0.011453	0.000142034	-0.011595	-0.011453	0	0.0167722	0	0	0	0.0691842	-0.0015095	0.0706937	0.0691842
