1157.44	1891173.6	1438.74	3559.97	1612.64	0.276666	-0.0356493	-0.0265141	-0.00913525	0.241016	0	-0.00135157	0	0	0	0.100703	4.0547e-05	0.100662	0.100703
1180.24	1124.96	3079.97	-1868.53	0.269895	-0.00408364	0.00552783	-0.00961147	0.265812	0	-0.0524344	0	0	0	0.101627	0.00157303	0.100054	0.101627
1185.92	761.708	2599.97	9446.47	0.262947	0.0312524	0.0424209	-0.0111685	0.294199	0	-1.97442	0	0	0	0.16184	0.0592327	0.102607	0.16184
1190.64	1188.67	2119.97	6635.67	0.255821	-0.0103997	0.000196753	-0.0105965	0.245421	0	-1.97336	0	0	0	0.17609	0.0592008	0.116889	0.17609
1194.4	1039.42	1639.97	16796.7	0.252191	0.00472695	0.0153215	-0.0105945	0.256918	0	0.493513	0	0	0	0.108004	-0.0148054	0.122809	0.108004
1197.2	1322.09	1159.97	3901.5	0.241036	-0.0238014	-0.0124888	-0.0113125	0.217235	0	2.59961	0	0	0	0.0254505	-0.0779884	0.103439	0.0254505
1199.04	1250.97	679.965	1579.12	0.233377	-0.0166309	-0.00519352	-0.0114374	0.216746	0	2.23352	0	0	0	0.0286344	-0.0670056	0.0956401	0.0286344
1199.92	1010	199.964	5874.32	0.22554	0.00733884	0.0189916	-0.0116528	0.232878	0	3.78729	0	0	0	-0.0414805	-0.113619	0.0721382	-0.0414805
1200	1056.41	0	2278.23	0.222222	0.00289657	0.0143594	-0.0114629	0.225119	0	4.23639	0	0	0	-0.0663155	-0.127092	0.0607763	-0.0663155
1200	1082.29	0	2713.97	0.222222	0.000693996	0.0117713	-0.0110773	0.222916	0	3.97991	0	0	0	-0.0972563	-0.119397	0.0221411	-0.0972563
1200	1082.22	0	4701.16	0.222222	0.000818118	0.0117777	-0.0109596	0.22304	0	3.35202	0	0	0	-0.0903593	-0.100561	0.0102014	-0.0903593
1200	1068.76	0	13200.6	0.222222	0.00239349	0.0131235	-0.01073	0.224616	0	3.83412	0	0	0	-0.124484	-0.115023	-0.00946057	-0.124484
1200	1016.77	0	4619.76	0.222222	0.00789041	0.0183232	-0.0104328	0.230113	0	4.51309	0	0	0	-0.169684	-0.135393	-0.0342915	-0.169684
1200	510.422	0	4485.68	0.222222	0.0596571	0.0689578	-0.00930069	0.281879	0	3.51059	0	0	0	-0.165296	-0.105318	-0.059978	-0.165296
1200	1107.11	0	4586.24	0.222222	0.000232626	0.00928879	-0.00905617	0.222455	0	3.0849	0	0	0	-0.181158	-0.092547	-0.0886105	-0.181158
1200	1036.54	0	267.097	0.222222	0.00738285	0.0163461	-0.00896328	0.229605	0	2.9093	0	0	0	-0.185144	-0.0872791	-0.0978652	-0.185144
1200	947.698	0	6271.76	0.222222	0.016888	0.0252302	-0.00834213	0.23911	0	0.824487	0	0	0	-0.143014	-0.0247346	-0.11828	-0.143014
1200	946.518	0	5141.69	0.222222	0.0172583	0.0253481	-0.00808983	0.239481	0	0.293439	0	0	0	-0.129556	-0.00880316	-0.120753	-0.129556
1200	950.196	0	1454.62	0.222222	0.0176596	0.0249804	-0.00732083	0.239882	0	0.180631	0	0	0	-0.127514	-0.00541893	-0.122095	-0.127514
1200	960.315	0	2302.17	0.222222	0.0168975	0.0239685	-0.00707103	0.23912	0	0.0710157	0	0	0	-0.124767	-0.00213047	-0.122637	-0.124767
1200	991.243	0	-1767.97	0.222222	0.0142586	0.0208757	-0.00661709	0.236481	0	-0.586675	0	0	0	-0.104553	0.0176003	-0.122153	-0.104553
1200	1008.57	0	1210.41	0.222222	0.0129465	0.0191431	-0.00619661	0.235169	0	-0.604767	0	0	0	-0.100164	0.018143	-0.118307	-0.100164
1200	1052.67	0	10260.5	0.222222	0.00889964	0.0147334	-0.00583373	0.231122	0	-1.21244	0	0	0	-0.0781138	0.0363732	-0.114487	-0.0781138
1200	1037.67	0	8426.54	0.222222	0.0108552	0.016233	-0.0053778	0.233077	0	-4.77866	0	0	0	0.0517828	0.14336	-0.091577	0.0517828
1200	1041	0	4519.2	0.222222	0.0106845	0.0159	-0.00521548	0.232907	0	-5.11283	0	0	0	0.0761438	0.153385	-0.077241	0.0761438
1200	1000.34	0	2608.63	0.222222	0.0152831	0.0199663	-0.00468319	0.237505	0	-4.92339	0	0	0	0.115336	0.147702	-0.0323654	0.115336
1200	1004.85	0	2359.63	0.222222	0.0150316	0.0195152	-0.00448353	0.237254	0	-5.02982	0	0	0	0.133299	0.150894	-0.0175952	0.133299
1200	1003.49	0	-5742.35	0.222222	0.0155494	0.0196508	-0.00410138	0.237772	0	-4.84038	0	0	0	0.15754	0.145212	0.0123283	0.15754
1200	1000.86	0	1761.08	0.222222	0.0161894	0.019914	-0.00372455	0.238412	0	-4.65947	0	0	0	0.180845	0.139784	0.0410609	0.180845
1200	1043.95	0	3580.67	0.222222	0.0122475	0.0156053	-0.00335779	0.23447	0	-4.47748	0	0	0	0.202873	0.134324	0.0685484	0.202873
1200	1062.7	0	9810.39	0.222222	0.0106842	0.0137301	-0.00304594	0.232906	0	-3.09186	0	0	0	0.187147	0.0927558	0.0943916	0.187147
1200	1084.27	0	8776.09	0.222222	0.00878972	0.0115734	-0.00278364	0.231012	0	-0.535593	0	0	0	0.124646	0.0160678	0.108578	0.124646
1200	-198.785	0	1990.92	0.222222	0.137481	0.139879	-0.00239743	0.359703	0	0.444559	0	0	0	0.0962914	-0.0133368	0.109628	0.0962914
1200	317.703	0	2105.84	0.222222	0.0872311	0.0882297	-0.00099864	0.309453	0	0.59355	0	0	0	0.090488	-0.0178065	0.108295	0.090488
1200	-429.789	0	-6972.97	0.222222	0.161598	0.162979	-0.00138071	0.38382	0	0.535018	0	0	0	0.086637	-0.0160505	0.102688	0.086637
1200	2119.03	0	-3961.06	0.222222	-0.0916541	-0.0919032	0.000249084	0.130568	0	0.500963	0	0	0	0.0860536	-0.0150289	0.101083	0.0860536
1200	1286.13	0	1157.74	0.222222	-0.00991836	-0.00861267	-0.00130569	0.212304	0	0.487128	0	0	0	0.0820143	-0.0146138	0.0966281	0.0820143
1200	1237.79	0	-987.465	0.222222	-0.00517065	-0.00377883	-0.00139181	0.217052	0	0.161475	0	0	0	0.0903225	-0.00484425	0.0951667	0.0903225
1200	1226.19	0	8340.35	0.222222	-0.00408761	-0.00261897	-0.00146864	0.218135	0	-0.245059	0	0	0	0.102779	0.00735177	0.0954271	0.102779
1200	1209.28	0	10691.5	0.222222	-0.00242686	-0.000927954	-0.00149891	0.219795	0	1.79612	0	0	0	0.0405681	-0.0538837	0.0944518	0.0405681
1200	1190.8	0	7588.57	0.222222	-0.000589279	0.000919507	-0.00150879	0.221633	0	2.46127	0	0	0	0.00737877	-0.073838	0.0812167	0.00737877
1200	1149.34	0	6171.2	0.222222	0.0036333	0.00506566	-0.00143236	0.225856	0	3.70109	0	0	0	-0.0522738	-0.111033	0.0587589	-0.0522738
1200	1151.01	0	3551.94	0.222222	0.00351771	0.00489941	-0.0013817	0.22574	0	3.81496	0	0	0	-0.0667932	-0.114449	0.0476556	-0.0667932
1200	632.702	0	1392.37	0.222222	0.0545985	0.0567298	-0.00213124	0.276821	0	3.0285	0	0	0	-0.0745712	-0.0908549	0.0162837	-0.0745712
1200	876.252	0	1057.18	0.222222	0.0308109	0.0323748	-0.00156394	0.253033	0	3.02318	0	0	0	-0.083497	-0.0906953	0.00719825	-0.083497
1200	1090.25	0	-3075.21	0.222222	0.0100772	0.0109746	-0.000897383	0.232299	0	3.37969	0	0	0	-0.12127	-0.101391	-0.0198794	-0.12127
1200	1114.02	0	-4042.47	0.222222	0.00780989	0.00859752	-0.000787636	0.230032	0	3.66384	0	0	0	-0.139934	-0.109915	-0.0300185	-0.139934
1200	1149.16	0	2034.02	0.222222	0.00443843	0.00508362	-0.000645184	0.226661	0	2.86141	0	0	0	-0.137509	-0.0858424	-0.0516663	-0.137509
1200	1147.85	0	6137.68	0.222222	0.00467768	0.00521489	-0.000537214	0.2269	0	1.17994	0	0	0	-0.100788	-0.0353981	-0.0653899	-0.100788
1200	1161.93	0	2924.66	0.222222	0.00336791	0.00380657	-0.000438658	0.22559	0	0.973479	0	0	0	-0.101572	-0.0292044	-0.0723674	-0.101572
1200	16.9817	0	2737.91	0.222222	0.11801	0.118302	-0.000292069	0.340232	0	-0.390858	0	0	0	-0.0649077	0.0117257	-0.0766334	-0.0649077
1200	1712.9	0	2737.91	0.222222	-0.0503991	-0.0512901	0.00089095	0.171823	0	-0.414271	0	0	0	-0.0630327	0.0124281	-0.0754608	-0.0630327
1200	1222.85	0	7722.64	0.222222	-0.00223546	-0.00228535	4.98866e-05	0.219987	0	-0.43662	0	0	0	-0.0587934	0.0130986	-0.071892	-0.0587934
1200	1194.4	0	7095.36	0.222222	0.000587385	0.000560352	2.70331e-05	0.22281	0	-1.17732	0	0	0	-0.0352626	0.0353196	-0.0705822	-0.0352626
1200	1145.1	0	635.804	0.222222	0.00558792	0.00548987	9.80488e-05	0.22781	0	-2.84922	0	0	0	0.0328621	0.0854765	-0.0526144	0.0328621
1200	1146.29	0	779.456	0.222222	0.00552363	0.00537068	0.000152948	0.227746	0	-2.67256	0	0	0	0.03611	0.0801767	-0.0440667	0.03611
1200	1161.97	0	1823.33	0.222222	0.00404514	0.00380298	0.00024216	0.226267	0	-2.29582	0	0	0	0.0402941	0.0688746	-0.0285805	0.0402941
1200	3028.86	0	-7178.87	0.222222	-0.182555	-0.182886	0.000331265	0.0396673	0	-2.11277	0	0	0	0.0481785	0.0633832	-0.0152047	0.0481785
1200	2280.94	0	-594.815	0.222222	-0.108643	-0.108094	-0.000549027	0.113579	0	-2.04786	0	0	0	0.0585054	0.0614357	-0.00293032	0.0585054
1200	2024.73	0	5591.8	0.222222	-0.0825758	-0.0824725	-0.000103271	0.139646	0	-2.68107	0	0	0	0.0991986	0.0804321	0.0187665	0.0991986
1200	546.149	0	10207.8	0.222222	0.0644571	0.0653851	-0.000927996	0.286679	0	-2.09362	0	0	0	0.0896183	0.0628086	0.0268097	0.0896183
1200	871.483	0	10025.9	0.222222	0.0325776	0.0328517	-0.000274145	0.2548	0	-1.12837	0	0	0	0.0669415	0.033851	0.0330906	0.0669415
1200	789.234	0	4246.26	0.222222	0.0406948	0.0410766	-0.000381816	0.262917	0	-0.93787	0	0	0	0.0667772	0.0281361	0.0386412	0.0667772
1200	1096.71	0	1272.66	0.222222	0.0105724	0.0103294	0.000243042	0.232795	0	-1.12624	0	0	0	0.0784099	0.0337871	0.0446228	0.0784099
1200	1169.52	0	-192.59	0.222222	0.00346282	0.00304828	0.000414537	0.225685	0	-1.02301	0	0	0	0.0819587	0.0306902	0.0512684	0.0819587
1200	1227.67	0	2704.39	0.222222	-0.00231765	-0.00276726	0.000449611	0.219905	0	-0.78675	0	0	0	0.0809356	0.0236025	0.0573331	0.0809356
1200	1215.28	0	7502.38	0.222222	-0.00113622	-0.00152795	0.00039173	0.221086	0	1.07032	0	0	0	0.0275174	-0.0321097	0.0596271	0.0275174
1200	1224.93	0	6080.22	0.222222	-0.00213724	-0.00249314	0.000355904	0.220085	0	1.36724	0	0	0	0.0111759	-0.0410173	0.0521931	0.0111759
1200	1200.52	0	544.825	0.222222	0.000250805	-5.16357e-05	0.000302441	0.222473	0	1.13631	0	0	0	0.00681085	-0.0340892	0.0409	0.00681085
1200	1203.32	0	1119.43	0.222222	-2.99605e-05	-0.000331885	0.000301924	0.222192	0	1.13631	0	0	0	0.00340194	-0.0340892	0.0374911	0.00340194
1200	1218.04	0	-226.108	0.222222	-0.0015284	-0.0018042	0.000275804	0.220694	0	1.15865	0	0	0	-0.00430027	-0.0347596	0.0304594	-0.00430027
1200	1218.51	0	-6360.05	0.222222	-0.00159627	-0.00185088	0.000254611	0.220626	0	0.848964	0	0	0	-0.00145706	-0.0254689	0.0240119	-0.00145706
1200	1261.75	0	1258.3	0.222222	-0.00597822	-0.00617483	0.000196609	0.216244	0	0.437109	0	0	0	0.00639865	-0.0131133	0.0195119	0.00639865
1200	3263.55	0	-2170.2	0.222222	-0.206348	-0.206355	7.26868e-06	0.0158743	0	0.769148	0	0	0	-0.00646206	-0.0230744	0.0166124	-0.00646206
1200	289.645	0	2704.39	0.222222	0.0889792	0.0910355	-0.00205628	0.311201	0	1.42471	0	0	0	-0.0284364	-0.0427413	0.0143049	-0.0284364
1200	1014.27	0	6717.08	0.222222	0.0178393	0.0185729	-0.000733592	0.240062	0	1.01605	0	0	0	-0.0244853	-0.0304814	0.00599611	-0.0244853
1200	1210.22	0	5218.31	0.222222	-0.00151245	-0.00102239	-0.00049006	0.22071	0	0.894726	0	0	0	-0.0273538	-0.0268418	-0.000512031	-0.0273538
1200	1262.87	0	2771.43	0.222222	-0.00688767	-0.00628724	-0.00060043	0.215335	0	1.04478	0	0	0	-0.0386022	-0.0313435	-0.00725876	-0.0386022
1200	1273.2	0	789.033	0.222222	-0.00798364	-0.00732034	-0.000663303	0.214239	0	1.065	0	0	0	-0.0423432	-0.0319501	-0.0103931	-0.0423432
1200	1298.67	0	-221.32	0.222222	-0.0107013	-0.00986702	-0.000834316	0.211521	0	0.885148	0	0	0	-0.0429736	-0.0265544	-0.0164192	-0.0429736
1200	1301.11	0	2460.19	0.222222	-0.0111317	-0.0101108	-0.00102085	0.211091	0	0.0476028	0	0	0	-0.0225228	-0.00142808	-0.0210947	-0.0225228
1200	888.112	0	-3027.32	0.222222	0.0299565	0.0311888	-0.00123233	0.252179	0	-0.861245	0	0	0	0.00638223	0.0258374	-0.0194551	0.00638223
1200	1426.16	0	4121.76	0.222222	-0.0238665	-0.0226158	-0.00125066	0.198356	0	0.670175	0	0	0	-0.0364362	-0.0201052	-0.016331	-0.0364362
1200	1339.59	0	3657.29	0.222222	-0.015606	-0.0139594	-0.00164654	0.206616	0	0.874506	0	0	0	-0.0475546	-0.0262352	-0.0213194	-0.0475546
1200	1282.95	0	3925.44	0.222222	-0.0102076	-0.00829492	-0.00191272	0.212015	0	-0.219518	0	0	0	-0.0189337	0.00658553	-0.0255192	-0.0189337
1200	1280.45	0	2541.59	0.222222	-0.0101213	-0.00804519	-0.00207612	0.212101	0	-0.519629	0	0	0	-0.00742239	0.0155889	-0.0230113	-0.00742239
1200	68.8561	0	1947.83	0.222222	0.112877	0.113114	-0.000237596	0.335099	0	-1.06345	0	0	0	0.0144341	0.0319034	-0.0174694	0.0144341
1200	2894.28	0	2005.29	0.222222	-0.168534	-0.169428	0.000893549	0.0536882	0	-1.23266	0	0	0	0.0227008	0.0369798	-0.014279	0.0227008
1200	1714.55	0	3269.43	0.222222	-0.0531651	-0.0514553	-0.00170979	0.169057	0	-1.71263	0	0	0	0.0454503	0.0513788	-0.00592847	0.0454503
1200	1412.08	0	2713.97	0.222222	-0.0237335	-0.0212082	-0.00252538	0.198489	0	-0.999595	0	0	0	0.0333965	0.0299878	0.00340864	0.0333965
1200	1365.43	0	-336.242	0.222222	-0.0194559	-0.0165429	-0.00291301	0.202766	0	-1.27523	0	0	0	0.0482122	0.0382569	0.00995535	0.0482122
1200	1328	0	1421.1	0.222222	-0.0160106	-0.0128004	-0.00321018	0.206212	0	-1.10602	0	0	0	0.0506468	0.0331805	0.0174662	0.0506468
1200	1340.67	0	7607.72	0.222222	-0.0175302	-0.0140666	-0.00346356	0.204692	0	-0.696291	0	0	0	0.0449655	0.0208887	0.0240768	0.0449655
1200	1316.27	0	1770.66	0.222222	-0.0153492	-0.0116273	-0.00372187	0.206873	0	-0.392986	0	0	0	0.0388501	0.0117896	0.0270605	0.0388501
1200	1315.97	0	305.404	0.222222	-0.0155441	-0.0115972	-0.00394692	0.206678	0	-0.547299	0	0	0	0.0462716	0.016419	0.0298526	0.0462716
1200	1298.19	0	-5727.98	0.222222	-0.0141459	-0.00981943	-0.00432646	0.208076	0	-0.166306	0	0	0	0.038168	0.00498919	0.0331788	0.038168
1200	890.728	0	1023.66	0.222222	0.0265025	0.0309272	-0.00442466	0.248725	0	-0.198233	0	0	0	0.0396247	0.005947	0.0336777	0.0396247
1200	1453.48	0	563.978	0.222222	-0.0298197	-0.0253475	-0.00447219	0.192403	0	-0.390858	0	0	0	0.0469121	0.0117257	0.0351864	0.0469121
1200	1370.76	0	2522.44	0.222222	-0.0219903	-0.0170764	-0.00491391	0.200232	0	0.287053	0	0	0	0.0285591	-0.0086116	0.0371707	0.0285591
1200	1362.6	0	4059.51	0.222222	-0.0215057	-0.0162604	-0.00524534	0.200716	0	0.383898	0	0	0	0.0230982	-0.0115169	0.0346151	0.0230982
1200	1323.67	0	1847.27	0.222222	-0.017906	-0.0123668	-0.00553911	0.204316	0	0.511605	0	0	0	0.0167082	-0.0153482	0.0320563	0.0167082
1200	1327.21	0	109.08	0.222222	-0.0185012	-0.0127215	-0.00577968	0.203721	0	0.252998	0	0	0	0.0217416	-0.00758995	0.0293315	0.0217416
1200	-1047.03	0	1243.93	0.222222	0.218679	0.224703	-0.00602376	0.440901	0	0.0965572	0	0	0	0.0251435	-0.00289671	0.0280402	0.0251435
1200	1905.54	0	1181.68	0.222222	-0.0756121	-0.0705544	-0.00505774	0.14661	0	-0.1546	0	0	0	0.0324213	0.004638	0.0277833	0.0324213
1200	1476.66	0	1497.72	0.222222	-0.0338611	-0.0276663	-0.00619471	0.188361	0	-0.469611	0	0	0	0.0433963	0.0140883	0.0293079	0.0433963
1200	1392.27	0	4418.64	0.222222	-0.0259167	-0.0192269	-0.0066898	0.196306	0	-0.175884	0	0	0	0.0373511	0.00527653	0.0320745	0.0373511
1200	1356.58	0	880.013	0.222222	-0.0227148	-0.0156579	-0.00705692	0.199507	0	0.984121	0	0	0	0.00125	-0.0295236	0.0307736	0.00125
1200	1333.65	0	4816.08	0.222222	-0.0207082	-0.0133648	-0.00734342	0.201514	0	0.976671	0	0	0	-0.0047952	-0.0293001	0.0245049	-0.0047952
1200	1351.61	0	3465.75	0.222222	-0.0227788	-0.0151612	-0.00761757	0.199443	0	0.806395	0	0	0	-0.00503293	-0.0241919	0.0191589	-0.00503293
1200	1328.64	0	-949.157	0.222222	-0.0207577	-0.012864	-0.00789366	0.201465	0	0.940488	0	0	0	-0.0141144	-0.0282146	0.0141003	-0.0141144
1200	1352.15	0	-3558.84	0.222222	-0.023366	-0.0152145	-0.00815143	0.198856	0	0.937295	0	0	0	-0.0196871	-0.0281189	0.0084318	-0.0196871
1200	1408.29	0	-666.642	0.222222	-0.0291309	-0.0208292	-0.00830161	0.193091	0	1.09586	0	0	0	-0.0303489	-0.0328759	0.00252707	-0.0303489
1200	1370.94	0	-3022.54	0.222222	-0.0257836	-0.0170941	-0.00868946	0.196439	0	0.93091	0	0	0	-0.0317104	-0.0279273	-0.00378312	-0.0317104
1200	1347.1	0	-642.7	0.222222	-0.0238937	-0.0147098	-0.00918387	0.198329	0	0.830873	0	0	0	-0.0373525	-0.0249262	-0.0124263	-0.0373525
1200	1344.41	0	1899.94	0.222222	-0.0237723	-0.0144413	-0.00933097	0.19845	0	0.295567	0	0	0	-0.0237859	-0.00886702	-0.0149189	-0.0237859
1200	1342.54	0	6994.8	0.222222	-0.0238861	-0.0142542	-0.00963185	0.198336	0	-0.380216	0	0	0	-0.00318507	0.0114065	-0.0145915	-0.00318507
1200	1313.26	0	496.941	0.222222	-0.0212134	-0.0113261	-0.00988729	0.201009	0	0.398797	0	0	0	-0.025912	-0.0119639	-0.0139481	-0.025912
1200	1301.89	0	324.558	0.222222	-0.0202962	-0.0101895	-0.0101067	0.201926	0	0.188081	0	0	0	-0.02168	-0.00564242	-0.0160376	-0.02168
1200	1296.9	0	3451.39	0.222222	-0.0199926	-0.00968979	-0.0103028	0.20223	0	0.187016	0	0	0	-0.0226456	-0.00561049	-0.0170352	-0.0226456
1200	1324.81	0	1593.48	0.222222	-0.0229802	-0.0124808	-0.0104994	0.199242	0	0.134869	0	0	0	-0.0222321	-0.00404608	-0.018186	-0.0222321
1200	3012.14	0	-77.6679	0.222222	-0.191963	-0.181214	-0.0107488	0.030259	0	0.17531	0	0	0	-0.0241555	-0.00525929	-0.0188962	-0.0241555
1200	908.415	0	870.436	0.222222	0.0173263	0.0291585	-0.0118322	0.239549	0	0.0241898	0	0	0	-0.0205972	-0.000725695	-0.0198715	-0.0205972
1200	1275.48	0	5941.36	0.222222	-0.019039	-0.00754802	-0.0114909	0.203183	0	-1.82969	0	0	0	0.0388339	0.0548907	-0.0160568	0.0388339
1200	1306.92	0	5802.49	0.222222	-0.0222588	-0.0106924	-0.0115664	0.199963	0	-1.67219	0	0	0	0.0395978	0.0501656	-0.0105678	0.0395978
1200	1090.9	0	3173.66	0.222222	-0.00138737	0.0109099	-0.0122973	0.220835	0	-0.653722	0	0	0	0.0170465	0.0196116	-0.00256518	0.0170465
1200	1269.48	0	975.781	0.222222	-0.0191339	-0.00694762	-0.0121863	0.203088	0	-0.749502	0	0	0	0.0240689	0.0224851	0.00158383	0.0240689
1200	1317.06	0	-7638.56	0.222222	-0.0240786	-0.0117063	-0.0123723	0.198144	0	-0.593061	0	0	0	0.0236875	0.0177918	0.00589566	0.0236875
1200	1331.62	0	587.92	0.222222	-0.0257705	-0.013162	-0.0126085	0.196452	0	-0.606896	0	0	0	0.0274693	0.0182069	0.00926247	0.0274693
1200	1364.88	0	2603.84	0.222222	-0.0293696	-0.0164883	-0.0128813	0.192853	0	-1.07196	0	0	0	0.0457874	0.0321589	0.0136286	0.0457874
1200	-18.0555	0	-1317.86	0.222222	0.108605	0.121806	-0.013201	0.330827	0	-1.09218	0	0	0	0.0530621	0.0327655	0.0202966	0.0530621
1200	1681.35	0	382.019	0.222222	-0.0609303	-0.0481346	-0.0127957	0.161292	0	0.0571808	0	0	0	0.0238476	-0.00171542	0.0255631	0.0238476
1200	-810.348	0	4500.05	0.222222	0.187218	0.201035	-0.0138163	0.409441	0	-0.270601	0	0	0	0.0314169	0.00811802	0.0232988	0.0314169
1200	2443.67	0	3082.68	0.222222	-0.136173	-0.124367	-0.0118059	0.086049	0	-0.52495	0	0	0	0.0398592	0.0157485	0.0241106	0.0398592
1200	1622.48	0	-585.239	0.222222	-0.0560004	-0.0422476	-0.0137529	0.166222	0	-0.55262	0	0	0	0.0438294	0.0165786	0.0272508	0.0438294
1200	3356.61	0	1603.06	0.222222	-0.230107	-0.215661	-0.0144455	-0.00788452	0	-0.0822327	0	0	0	0.032446	0.00246698	0.029979	0.032446
1200	885.054	0	659.746	0.222222	0.0156884	0.0314946	-0.0158062	0.237911	0	0.111456	0	0	0	0.0263721	-0.00334369	0.0297158	0.0263721
1200	499.616	0	358.077	0.222222	0.0532092	0.0700384	-0.0168291	0.275431	0	0.081658	0	0	0	0.0266356	-0.00244974	0.0290853	0.0266356
1200	1129.54	0	3427.44	0.222222	-0.00882006	0.00704634	-0.0158664	0.213402	0	0.474357	0	0	0	0.0137134	-0.0142307	0.0279441	0.0137134
1200	1314.81	0	2005.29	0.222222	-0.0273991	-0.0114809	-0.0159182	0.194823	0	1.19803	0	0	0	-0.0146637	-0.0359409	0.0212772	-0.0146637
1200	1343.46	0	1919.1	0.222222	-0.0303791	-0.0143461	-0.016033	0.191843	0	1.10544	0	0	0	-0.0154802	-0.0331633	0.0176831	-0.0154802
1200	1365.24	0	-5589.12	0.222222	-0.0330262	-0.0165242	-0.016502	0.189196	0	0.846836	0	0	0	-0.0168153	-0.0254051	0.00858974	-0.0168153
1200	948.662	0	-4813.4	0.222222	0.00846659	0.0251338	-0.0166672	0.230689	0	0.687202	0	0	0	-0.0145668	-0.0206161	0.00604923	-0.0145668
1200	1495.27	0	377.23	0.222222	-0.0463496	-0.0295272	-0.0168224	0.175873	0	0.652083	0	0	0	-0.0172853	-0.0195625	0.00227721	-0.0172853
1200	1399.82	0	3695.59	0.222222	-0.0373216	-0.0199818	-0.0173398	0.184901	0	0.960708	0	0	0	-0.0313505	-0.0288212	-0.00252923	-0.0313505
1200	1388.24	0	2129.79	0.222222	-0.036552	-0.018824	-0.017728	0.18567	0	0.158282	0	0	0	-0.0116084	-0.00474847	-0.00685997	-0.0116084
1200	1351.03	0	-647.488	0.222222	-0.0331741	-0.0151035	-0.0180706	0.189048	0	0.0135476	0	0	0	-0.00782339	-0.000406428	-0.00741697	-0.00782339
1200	1370.49	0	1689.25	0.222222	-0.0354211	-0.0170486	-0.0183725	0.186801	0	-0.258894	0	0	0	0.000488867	0.00776682	-0.00727796	0.000488867
1200	1345.38	0	587.92	0.222222	-0.0332459	-0.014538	-0.0187079	0.188976	0	-0.536657	0	0	0	0.0110392	0.0160997	-0.00506051	0.0110392
1199.88	178.416	-239.453	-379.337	0.218209	0.0807638	0.102146	-0.0213826	0.298973	0	-0.485574	0	0	0	0.0126436	0.0145672	-0.00192358	0.0126436
1198.92	1056.18	-719.447	75.561	0.210032	-0.00566923	0.0142742	-0.0199434	0.204362	0	-0.631373	0	0	0	0.0200141	0.0189412	0.00107287	0.0200141
1197	1282.12	-1199.44	-4119.08	0.201677	-0.0283225	-0.00851163	-0.0198109	0.173354	0	-0.697355	0	0	0	0.0259925	0.0209206	0.00507182	0.0259925
1194.12	684.523	-1679.43	2579.9	0.193143	0.0295913	0.0509601	-0.0213688	0.222735	0	-0.483446	0	0	0	0.0235039	0.0145034	0.00900054	0.0235039
1190.29	1179.06	-2159.43	3719.54	0.184433	-0.0195479	0.00112203	-0.02067	0.164885	0	-0.000287342	0	0	0	0.0109233	8.62026e-06	0.0109147	0.0109233
1185.49	1318.52	-2639.42	-379.337	0.175544	-0.0340389	-0.0133032	-0.0207357	0.141505	0	-0.100325	0	0	0	0.0141369	0.00300974	0.0111271	0.0141369
1179.73	1332.16	-3119.42	592.709	0.166478	-0.0362416	-0.015243	-0.0209986	0.130236	0	-0.0439206	0	0	0	0.0130211	0.00131762	0.0117035	0.0130211
1173.01	1374.47	-3599.41	3417.87	0.157234	-0.0414523	-0.0201458	-0.0213065	0.115781	0	0.0231256	0	0	0	0.011385	-0.000693768	0.0120788	0.011385
1165.33	830.008	-4079.4	-2318.64	0.147812	0.0118362	0.0335322	-0.021696	0.159648	0	0.612706	0	0	0	-0.00706692	-0.0183812	0.0113143	-0.00706692
1156.69	1456.59	-4559.4	-700.16	0.138212	-0.0517906	-0.0299896	-0.021801	0.0864216	0	1.00753	0	0	0	-0.0236416	-0.030226	0.00658445	-0.0236416
1147.09	1331.1	-5039.39	-3003.38	0.128435	-0.0409486	-0.0184008	-0.0225478	0.0874861	0	0.729771	0	0	0	-0.0221863	-0.0218931	-0.000293181	-0.0221863
1136.53	1318.22	-5519.39	-4099.93	0.11848	-0.0409	-0.0181683	-0.0227318	0.0775795	0	1.0352	0	0	0	-0.0335386	-0.0310561	-0.00248249	-0.0335386
1125.02	1306.62	-5999.38	-3807.83	0.108347	-0.0412609	-0.0181606	-0.0231003	0.0670856	0	0.956451	0	0	0	-0.0377991	-0.0286935	-0.00910557	-0.0377991
1112.54	1280.02	-6479.37	-1811.07	0.0980358	-0.0401855	-0.0167482	-0.0234373	0.0578503	0	0.234906	0	0	0	-0.0207708	-0.00704719	-0.0137237	-0.0207708
1099.1	1286.81	-6959.37	-819.87	0.0875473	-0.0425453	-0.0187711	-0.0237742	0.045002	0	0.218943	0	0	0	-0.0214077	-0.00656829	-0.0148394	-0.0214077
1084.7	3461.03	-7439.36	-968.311	0.076881	-0.261751	-0.237633	-0.0241179	-0.18487	0	0.199787	0	0	0	-0.0222999	-0.00599361	-0.0163063	-0.0222999
1069.34	687.047	-7919.35	94.7146	0.0660369	0.0126873	0.0382294	-0.0255421	0.0787242	0	0.29131	0	0	0	-0.0264071	-0.00873931	-0.0176678	-0.0264071
1053.02	1047.43	-8399.35	-5857.27	0.0550151	-0.0244732	0.000559119	-0.0250324	0.0305418	0	-0.189719	0	0	0	-0.0131654	0.00569158	-0.018857	-0.0131654
1035.74	1164.35	-8879.34	-12412.6	0.0438155	-0.0379621	-0.0128607	-0.0251014	0.00585341	0	-0.318491	0	0	0	-0.00751581	0.00955472	-0.0170705	-0.00751581
1017.77	1175.21	-9000	-5464.62	0.0384768	-0.0412495	-0.0157434	-0.0255061	-0.0027727	0	-0.0407279	0	0	0	-0.0150799	0.00122184	-0.0163017	-0.0150799
999.775	1179.19	-9000	-2366.52	0.0351435	-0.0436055	-0.017942	-0.0256635	-0.00846196	0	-0.225903	0	0	0	-0.00940242	0.00677709	-0.0161795	-0.00940242
981.775	1175.97	-9000	-427.221	0.0318103	-0.0454555	-0.0194199	-0.0260355	-0.0136452	0	-0.301463	0	0	0	-0.00567485	0.00904389	-0.0147187	-0.00567485
963.776	1126.96	-9000	-465.529	0.028477	-0.0427071	-0.0163187	-0.0263884	-0.0142302	0	-0.193976	0	0	0	-0.00730458	0.00581929	-0.0131239	-0.00730458
945.776	1099.77	-9000	-1202.94	0.0251437	-0.0420995	-0.0153993	-0.0267002	-0.0169559	0	0.0167403	0	0	0	-0.0124941	-0.000502208	-0.0119919	-0.0124941
927.776	1050.3	-9000	-14869	0.0218104	-0.0392214	-0.0122519	-0.0269695	-0.017411	0	0.810652	0	0	0	-0.0381871	-0.0243196	-0.0138675	-0.0381871
909.776	1064.22	-9000	-14079	0.018477	-0.0426577	-0.0154442	-0.0272135	-0.0241807	0	-0.490895	0	0	0	-0.00220071	0.0147269	-0.0169276	-0.00220071
891.776	1055.58	-9000	-4708.05	0.0168104	-0.0430009	-0.0154801	-0.0275208	-0.0261905	0	0.397733	0	0	0	-0.0261185	-0.011932	-0.0141865	-0.0261185
873.776	1038.42	-9000	-1365.75	0.0118105	-0.0442944	-0.0164648	-0.0278296	-0.0324839	0	0.57333	0	0	0	-0.0345391	-0.0171999	-0.0173392	-0.0345391
855.777	995.402	-9000	-752.833	0.00847717	-0.0421113	-0.0139625	-0.0281488	-0.0336341	0	0.393476	0	0	0	-0.0320758	-0.0118043	-0.0202715	-0.0320758
837.777	38.8261	-9000	-1906.84	0.00514388	0.0530826	0.0798951	-0.0268125	0.0582265	0	0.823423	0	0	0	-0.0480726	-0.0247027	-0.0233699	-0.0480726
819.777	2472.45	-9000	-13547.4	0.00181059	-0.190813	-0.165267	-0.0255462	-0.189002	0	-0.0173149	0	0	0	-0.0275994	0.000519448	-0.0281188	-0.0275994
801.777	1302.12	-9000	-11799.7	-0.00152271	-0.0780962	-0.050034	-0.0280622	-0.0796189	0	0.0199329	0	0	0	-0.0269049	-0.000597988	-0.0263069	-0.0269049
783.778	1019.75	-9000	-3348.15	-0.004856	-0.0524703	-0.0235972	-0.0288731	-0.0573263	0	0.743606	0	0	0	-0.0502033	-0.0223082	-0.0278951	-0.0502033
765.778	912.437	-9000	-451.163	-0.00818929	-0.0439407	-0.0146659	-0.0292748	-0.05213	0	0.541403	0	0	0	-0.0484456	-0.0162421	-0.0322035	-0.0484456
747.778	858.314	-9000	113.868	-0.0115226	-0.0405901	-0.0110536	-0.0295365	-0.0521127	0	0.532889	0	0	0	-0.05118	-0.0159867	-0.0351933	-0.05118
729.778	789.25	-9000	-1298.71	-0.0148559	-0.035678	-0.00594719	-0.0297308	-0.0505338	0	0.14019	0	0	0	-0.0427624	-0.00420571	-0.0385567	-0.0427624
711.779	754.062	-9000	-1983.45	-0.0181892	-0.0340616	-0.00422834	-0.0298333	-0.0522508	0	-1.75626	0	0	0	0.0163581	0.0526878	-0.0363296	0.0163581
693.779	694.297	-9000	-16885	-0.0215224	-0.0299648	-5.17944e-05	-0.029913	-0.0514872	0	1.30339	0	0	0	-0.061531	-0.0391017	-0.0224293	-0.061531
675.779	690.516	-9000	-23880.8	-0.0248557	-0.0313872	-0.00147374	-0.0299135	-0.056243	0	2.12603	0	0	0	-0.0901205	-0.063781	-0.0263395	-0.0901205
657.779	717.124	-9000	-15572.9	-0.028189	-0.0358946	-0.00593448	-0.0299601	-0.0640836	0	-0.554749	0	0	0	-0.0183475	0.0166425	-0.0349899	-0.0183475
639.78	227.544	-9000	-6235.55	-0.0315223	0.0101203	0.0412236	-0.0311033	-0.021402	0	-0.00135157	0	0	0	-0.0313655	4.0547e-05	-0.031406	-0.0313655
621.78	624.923	-9000	693.265	-0.0348556	-0.0308605	-0.000314362	-0.0305461	-0.0657161	0	0.345586	0	0	0	-0.042768	-0.0103676	-0.0324004	-0.042768
603.78	687.118	-9000	1607.85	-0.0381889	-0.0389246	-0.00833385	-0.0305908	-0.0771135	0	0.238099	0	0	0	-0.0415243	-0.00714297	-0.0343813	-0.0415243
585.78	675.639	-9000	731.572	-0.0415222	-0.0397423	-0.00898586	-0.0307564	-0.0812645	0	0.2232	0	0	0	-0.042573	-0.006696	-0.035877	-0.042573
567.78	636.58	-9000	-2218.08	-0.0448555	-0.0378073	-0.00687996	-0.0309273	-0.0826627	0	-0.704804	0	0	0	-0.0152228	0.0211441	-0.0363669	-0.0152228
549.781	596.176	-9000	-4301.04	-0.0481888	-0.0356826	-0.00463952	-0.0310431	-0.0838714	0	-1.73391	0	0	0	0.0219672	0.0520173	-0.0300501	0.0219672
531.781	539.423	-9000	-19801.1	-0.0515221	-0.0319052	-0.000764197	-0.031141	-0.0834273	0	2.56982	0	0	0	-0.101561	-0.0770945	-0.0244667	-0.101561
513.781	536.835	-9000	-19676.6	-0.0548554	-0.0334541	-0.00230543	-0.0311486	-0.0883094	0	1.88871	0	0	0	-0.0888375	-0.0566614	-0.0321762	-0.0888375
495.781	75.8741	-9000	-10516.4	-0.0581886	0.0107831	0.0419907	-0.0312077	-0.0474056	0	-0.13438	0	0	0	-0.034704	0.00403139	-0.0387354	-0.034704
477.782	674.852	-9000	1105.07	-0.0615219	-0.0507889	-0.0197071	-0.0310818	-0.112311	0	0.631862	0	0	0	-0.0582291	-0.0189559	-0.0392732	-0.0582291
459.782	575.901	-9000	-767.198	-0.0648552	-0.0430384	-0.011612	-0.0314265	-0.107894	0	0.680817	0	0	0	-0.0636485	-0.0204245	-0.043224	-0.0636485
441.782	510.433	-9000	-728.891	-0.0681885	-0.0384836	-0.00686507	-0.0316185	-0.106672	0	0.493513	0	0	0	-0.0617951	-0.0148054	-0.0469897	-0.0617951
423.782	468.992	-9000	-2400.04	-0.0715218	-0.0362512	-0.00452096	-0.0317303	-0.107773	0	0.0231256	0	0	0	-0.0499709	-0.000693768	-0.0492771	-0.0499709
405.783	422.484	-9000	-19260	-0.0748551	-0.0334669	-0.0016701	-0.0317968	-0.108322	0	0.784047	0	0	0	-0.0735502	-0.0235214	-0.0500288	-0.0735502
387.783	421.375	-9000	-13178.7	-0.0781884	-0.0351856	-0.00335926	-0.0318264	-0.113374	0	0.924524	0	0	0	-0.0835576	-0.0277357	-0.0558218	-0.0835576
369.783	422.569	-9000	-795.928	-0.0815217	-0.0372278	-0.00527861	-0.0319492	-0.11875	0	0.417953	0	0	0	-0.0729329	-0.0125386	-0.0603943	-0.0729329
351.783	412.985	-9000	-2299.49	-0.084855	-0.0381222	-0.00612019	-0.032002	-0.122977	0	0.425403	0	0	0	-0.0744103	-0.0127621	-0.0616482	-0.0744103
333.783	1232.61	-9000	-1423.21	-0.0881883	-0.120294	-0.0898831	-0.0304112	-0.208483	0	0.531825	0	0	0	-0.0802703	-0.0159548	-0.0643156	-0.0802703
315.784	549.762	-9000	61.1958	-0.0915215	-0.0551564	-0.0233978	-0.0317586	-0.146678	0	0.595679	0	0	0	-0.0854918	-0.0178704	-0.0676214	-0.0854918
297.784	342.214	-9000	-5344.91	-0.0948548	-0.0365375	-0.00444304	-0.0320945	-0.131392	0	0.699973	0	0	0	-0.0923543	-0.0209992	-0.0713551	-0.0923543
279.784	232.047	-9000	-10152.5	-0.0981881	-0.027329	0.00477376	-0.0321028	-0.125517	0	0.981993	0	0	0	-0.108855	-0.0294598	-0.0793949	-0.108855
261.784	219.43	-9000	-8213.17	-0.101521	-0.0278196	0.00423543	-0.0320551	-0.129341	0	0.605257	0	0	0	-0.100499	-0.0181577	-0.0823409	-0.100499
243.785	-2188.03	-9000	-2898.04	-0.104855	0.211226	0.243181	-0.0319548	0.106372	0	0.0422817	0	0	0	-0.0862033	-0.00126845	-0.0849348	-0.0862033
225.785	439.701	-9000	-2309.06	-0.108188	-0.0525611	-0.0213916	-0.0311696	-0.160749	0	0.609514	0	0	0	-0.104418	-0.0182854	-0.0861327	-0.104418
207.785	269.135	-9000	-3482.22	-0.111521	-0.0375184	-0.00613495	-0.0313835	-0.14904	0	0.908561	0	0	0	-0.115218	-0.0272568	-0.0879612	-0.115218
189.785	107.149	-9000	-4799.03	-0.114855	-0.0231415	0.00826363	-0.0314051	-0.137996	0	0.618028	0	0	0	-0.112161	-0.0185408	-0.0936201	-0.112161
171.786	43.9147	-9000	-9836.43	-0.118188	-0.0184153	0.0127871	-0.0312024	-0.136603	0	-0.110967	0	0	0	-0.0922018	0.003329	-0.0955308	-0.0922018
154.118	18.5237	-8600.96	-11167.6	-0.114809	-0.0173709	0.0135594	-0.0309303	-0.13218	0	0.469036	0	0	0	-0.110181	-0.0140711	-0.0961102	-0.110181
137.396	2044.96	-8120.96	-4664.96	-0.109906	-0.22141	-0.190756	-0.0306537	-0.331316	0	-0.437684	0	0	0	-0.084488	0.0131305	-0.0976186	-0.084488
121.634	1642.32	-7640.97	-2352.16	-0.104825	-0.182849	-0.152068	-0.0307805	-0.287673	0	-0.255701	0	0	0	-0.0852294	0.00767104	-0.0929004	-0.0852294
106.832	-1535.79	-7160.98	-633.123	-0.0995658	0.131308	0.164262	-0.0329546	0.0317419	0	-0.00986537	0	0	0	-0.0918397	0.000295961	-0.0921356	-0.0918397
92.9907	-815.825	-6680.98	-4765.52	-0.0941292	0.0595696	0.0908816	-0.031312	-0.0345596	0	-0.288692	0	0	0	-0.0834453	0.00866077	-0.092106	-0.0834453
80.1089	-290.813	-6200.99	-9166.06	-0.0885148	0.00724513	0.0370922	-0.029847	-0.0812697	0	-1.03578	0	0	0	-0.0579756	0.0310734	-0.0890489	-0.0579756
68.187	-554.209	-5720.99	-11114.9	-0.0827227	0.0323952	0.0622396	-0.0298444	-0.0503274	0	-0.538785	0	0	0	-0.0651916	0.0161636	-0.0813552	-0.0651916
57.2252	-315.161	-5241	-6867.62	-0.0767528	0.00801661	0.0372386	-0.029222	-0.0687361	0	-0.80697	0	0	0	-0.0555297	0.0242091	-0.0797388	-0.0555297
47.2233	-120.621	-4761.01	-1356.17	-0.0706051	-0.0118178	0.0167844	-0.0286023	-0.0824229	0	-0.895301	0	0	0	-0.0475814	0.026859	-0.0744404	-0.0475814
38.1814	1491.69	-4281.01	-709.737	-0.0642796	-0.173656	-0.145351	-0.0283053	-0.237936	0	-0.665428	0	0	0	-0.0495145	0.0199628	-0.0694773	-0.0495145
30.0995	-430.207	-3801.02	-3305.05	-0.0577763	0.0171404	0.0460306	-0.0288903	-0.040636	0	-0.861245	0	0	0	-0.0396601	0.0258374	-0.0654975	-0.0396601
22.9775	-134.243	-3321.03	-6867.62	-0.0510953	-0.0124429	0.015722	-0.0281649	-0.0635383	0	-1.45934	0	0	0	-0.0154388	0.0437802	-0.059219	-0.0154388
16.8155	-44.8349	-2841.03	-5828.54	-0.0442365	-0.0217407	0.00616505	-0.0279058	-0.0659773	0	-1.56683	0	0	0	-0.00330807	0.0470048	-0.0503129	-0.00330807
11.6135	-4.94203	-2361.04	-3630.66	-0.0372	-0.0261497	0.00165556	-0.0278053	-0.0633497	0	-2.0734	0	0	0	0.0219254	0.0622019	-0.0402766	0.0219254
7.37151	1354.91	-1881.04	-2514.97	-0.0299856	-0.162541	-0.134754	-0.0277867	-0.192526	0	-2.32243	0	0	0	0.0424081	0.0696728	-0.0272647	0.0424081
4.08946	-133.186	-1401.05	-4444.69	-0.0225935	-0.014455	0.0137276	-0.0281826	-0.0370485	0	-2.60658	0	0	0	0.0723708	0.0781972	-0.00582648	0.0723708
1.76738	-45.4907	-921.056	-5158.16	-0.0150236	-0.0233195	0.00472581	-0.0280453	-0.0383431	0	-2.76727	0	0	0	0.0850114	0.0830182	0.00199324	0.0850114
0.405284	27.5699	-441.062	-3908.39	-0.00727599	-0.0307135	-0.00271646	-0.027997	-0.0379895	0	-2.82155	0	0	0	0.10348	0.0846464	0.0188331	0.10348
0	57.0485	0	-2902.83	0	-0.0337728	-0.00570485	-0.0280679	-0.0337728	0	-2.69278	0	0	0	0.116278	0.0807833	0.0354942	0.116278
0	73.9493	0	-2902.83	0	-0.0355869	-0.00739493	-0.028192	-0.0355869	0	-2.74705	0	0	0	0.134094	0.0824116	0.0516828	0.134094
0	-527.863	0	-2452.72	0	0.0232232	0.0527863	-0.0295631	0.0232232	0	-2.9003	0	0	0	0.15543	0.087009	0.0684206	0.15543
0	-64.5275	0	-2064.86	0	-0.0223608	0.00645275	-0.0288135	-0.0223608	0	-3.0461	0	0	0	0.177394	0.091383	0.0860107	0.177394
0	-554.364	0	-5014.51	0	0.0254504	0.0554364	-0.0299861	0.0254504	0	-3.31109	0	0	0	0.204022	0.0993328	0.10469	0.204022
0	-59.9097	0	-5129.43	0	-0.0232191	0.00599097	-0.0292101	-0.0232191	0	-3.40474	0	0	0	0.226948	0.102142	0.124805	0.226948
0	78.4796	0	-2285.12	0	-0.0370286	-0.00784796	-0.0291807	-0.0370286	0	-3.28661	0	0	0	0.243727	0.0985984	0.145128	0.243727
0	-510.924	0	-1633.9	0	0.0204543	0.0510924	-0.030638	0.0204543	0	-3.09293	0	0	0	0.257377	0.0927878	0.164589	0.257377
0	-26.194	0	-1863.74	0	-0.0273223	0.0026194	-0.0299417	-0.0273223	0	-2.89072	0	0	0	0.269553	0.0867217	0.182831	0.269553
0	91.9077	0	-3558.84	0	-0.0391588	-0.00919077	-0.029968	-0.0391588	0	-2.40224	0	0	0	0.271623	0.0720673	0.199556	0.271623
0	127.911	0	-4224.43	0	-0.042816	-0.0126441	-0.0301719	-0.042816	0	-0.829319	0	0	0	0.253321	0.0407152	0.212606	0.253321
0	1586.14	0	-3367.3	0	-0.18904	-0.158614	-0.0304262	-0.18904	0	-0.545171	0	0	0	0.235521	0.0163551	0.219166	0.235521
0	-227.843	0	-2265.97	0	-0.0086362	0.0227843	-0.0314205	-0.0086362	0	-0.287628	0	0	0	0.230583	0.00862885	0.221954	0.230583
0	36.5691	0	-1054.5	0	-0.0347998	-0.00365691	-0.0311429	-0.0347998	0	-0.20249	0	0	0	0.229666	0.0060747	0.223591	0.229666
0	94.0866	0	-2912.4	0	-0.040665	-0.00940866	-0.0312564	-0.040665	0	0.0646304	0	0	0	0.222548	-0.00193891	0.224487	0.222548
0	107.361	0	-4799.03	0	-0.0422945	-0.0107361	-0.0315584	-0.0422945	0	1.26508	0	0	0	0.182763	-0.0379523	0.220715	0.182763
0	107.182	0	-4722.42	0	-0.042384	-0.0107182	-0.0316658	-0.042384	0	1.48537	0	0	0	0.172359	-0.0445611	0.21692	0.172359
0	1046.76	0	-3563.63	0	-0.138366	-0.104676	-0.0336903	-0.138366	0	1.34276	0	0	0	0.167964	-0.0402829	0.208247	0.167964
0	1326.66	0	-3625.88	0	-0.166135	-0.132666	-0.0334692	-0.166135	0	1.70354	0	0	0	0.148644	-0.0511061	0.19975	0.148644
0	-555.609	0	-3697.7	0	0.0219673	0.0555609	-0.0335936	0.0219673	0	1.96853	0	0	0	0.130039	-0.0590559	0.189095	0.130039
0	-69.3998	0	-2696.92	0	-0.0258648	0.00693998	-0.0328047	-0.0258648	0	1.9813	0	0	0	0.11779	-0.059439	0.177229	0.11779
0	61.3258	0	-3755.16	0	-0.0388826	-0.00613258	-0.03275	-0.0388826	0	2.56343	0	0	0	0.0879469	-0.0769029	0.16485	0.0879469
0	105.169	0	-6202.04	0	-0.043416	-0.0105169	-0.0328991	-0.043416	0	3.32222	0	0	0	0.0483818	-0.0996667	0.148048	0.0483818
0	134.153	0	-2902.83	0	-0.046539	-0.0134153	-0.0331236	-0.046539	0	3.29349	0	0	0	0.0292785	-0.0988047	0.128083	0.0292785
0	164.765	0	-3012.96	0	-0.0500373	-0.0164765	-0.0335608	-0.0500373	0	3.66384	0	0	0	-0.0122077	-0.109915	0.0977075	-0.0122077
0	171.896	0	-3132.67	0	-0.0509151	-0.0171896	-0.0337255	-0.0509151	0	3.71705	0	0	0	-0.0247956	-0.111512	0.086716	-0.0247956
0	187.41	0	-4028.1	0	-0.0528193	-0.018741	-0.0340783	-0.0528193	0	3.49569	0	0	0	-0.0401155	-0.104871	0.0647553	-0.0401155
0	205.487	0	-5349.7	0	-0.0550072	-0.0205487	-0.0344585	-0.0550072	0	3.67448	0	0	0	-0.0664949	-0.110234	0.0437396	-0.0664949
0	220.114	0	-6149.36	0	-0.0568861	-0.0220114	-0.0348747	-0.0568861	0	3.78197	0	0	0	-0.0922038	-0.113459	0.0212553	-0.0922038
0	237.013	0	-4363.29	0	-0.0590255	-0.0237013	-0.0353242	-0.0590255	0	3.53507	0	0	0	-0.107163	-0.106052	-0.00111085	-0.107163
0	-850.976	0	-2859.73	0	0.047086	0.0850976	-0.0380116	0.047086	0	3.19665	0	0	0	-0.117751	-0.0958994	-0.0218519	-0.117751
0	-36.3874	0	-2036.12	0	-0.0332192	0.00363874	-0.0368579	-0.0332192	0	2.7965	0	0	0	-0.124378	-0.0838949	-0.0404827	-0.124378
0	158.33	0	-3443.92	0	-0.05275	-0.015833	-0.0369169	-0.05275	0	2.48894	0	0	0	-0.131428	-0.0746681	-0.0567604	-0.131428
0	200.834	0	-5062.4	0	-0.0573468	-0.0200834	-0.0372634	-0.0573468	0	2.13136	0	0	0	-0.135181	-0.0639407	-0.0712407	-0.135181
0	206.449	0	-6446.24	0	-0.058311	-0.0206449	-0.0376661	-0.058311	0	1.5024	0	0	0	-0.128229	-0.045072	-0.0831572	-0.128229
0	209.261	0	-4890.01	0	-0.0590095	-0.0209261	-0.0380834	-0.0590095	0	1.04585	0	0	0	-0.122698	-0.0313754	-0.0913223	-0.122698
0	205.195	0	-2649.04	0	-0.0590187	-0.0205195	-0.0384992	-0.0590187	0	0.739349	0	0	0	-0.119341	-0.0221805	-0.09716	-0.119341
0	200.894	0	-2151.05	0	-0.0589973	-0.0200894	-0.0389079	-0.0589973	0	0.415825	0	0	0	-0.113624	-0.0124747	-0.101149	-0.113624
0	188.002	0	-3185.34	0	-0.0581011	-0.0188002	-0.0393009	-0.0581011	0	0.158282	0	0	0	-0.107879	-0.00474847	-0.10313	-0.107879
0	176.219	0	-5541.24	0	-0.0572915	-0.0176219	-0.0396695	-0.0572915	0	-0.148215	0	0	0	-0.0993588	0.00444644	-0.103805	-0.0993588
0	165.976	0	-5929.1	0	-0.0566148	-0.0165976	-0.0400171	-0.0566148	0	-0.847411	0	0	0	-0.0764368	0.0254223	-0.101859	-0.0764368
0	167.828	0	-4569.19	0	-0.0571324	-0.0167828	-0.0403496	-0.0571324	0	-1.15923	0	0	0	-0.0613178	0.0347769	-0.0960946	-0.0613178
0	-612.456	0	-1399.27	0	0.0188432	0.0612456	-0.0424024	0.0188432	0	-1.26884	0	0	0	-0.0473345	0.0380653	-0.0853998	-0.0473345
0	1263.25	0	-1059.29	0	-0.168115	-0.126325	-0.0417899	-0.168115	0	-1.31886	0	0	0	-0.0420274	0.0395659	-0.0815932	-0.0420274
0	-331.277	0	-1595.59	0	-0.00913695	0.0331277	-0.0422647	-0.00913695	0	-1.39549	0	0	0	-0.0316367	0.0418646	-0.0735013	-0.0316367
0	-0.34248	0	-2155.83	0	-0.0417901	3.4248e-05	-0.0418243	-0.0417901	0	-1.4785	0	0	0	-0.0206681	0.0443549	-0.065023	-0.0206681
0	76.9301	0	-6168.52	0	-0.0495689	-0.00769301	-0.0418759	-0.0495689	0	-1.64664	0	0	0	-0.00651007	0.0493993	-0.0559094	-0.00651007
0	99.0676	0	-6920.3	0	-0.0519493	-0.00990676	-0.0420425	-0.0519493	0	-1.78499	0	0	0	0.0077246	0.0535498	-0.0458252	0.0077246
0	123.654	0	-566.085	0	-0.0547312	-0.0123654	-0.0423658	-0.0547312	0	-1.42635	0	0	0	0.0126918	0.0427905	-0.0300987	0.0126918
0	122.756	0	-791.14	0	-0.0547651	-0.0122756	-0.0424894	-0.0547651	0	-1.39336	0	0	0	0.0159811	0.0418007	-0.0258196	0.0159811
