0	0.0966151	0	32.8963	0	0	-0	0	0	0	0.00181983	0	0	0	-0.000163785	-0.000163785	0	-0.000163785
0	0.0966246	0	28.1079	0	-0	-0	-0	0	0.0150796	-0.016272	15.0796	0	0.0114354	0.0028223	0.00282165	6.51273e-07	0.0142577
0	-0.0345694	0	-14.9877	0	0	0	-0	0	0.0603186	-0.00882242	30.1593	0	0.0231221	0.00665771	0.00622269	0.000435021	0.0297798
0	0.0229209	0	-14.9877	0	0	-0	-0	0	0.135717	-0.0077582	45.2389	0	0.0350602	0.0141822	0.0129128	0.00126947	0.0492424
0	0.132501	0	42.4731	0	-0	-0	-0	0	0.241274	-0.00456552	60.3186	0	0.0472496	0.0250695	0.0221256	0.00294395	0.0723191
0	-0.056584	0	-0.622495	0	0	0	-0	0	0.376991	-0.00137285	75.3982	0	0.0596903	0.0397649	0.0340528	0.00571214	0.0994552
0	-0.0865151	0	-43.7181	0	0	0	-0	0	0.542867	0.00288405	90.4779	0	0.0723823	0.0584795	0.0485985	0.00988098	0.130862
0	-0.087309	0	-5.4109	0	0	0	-0	0	0.738903	0.00288405	105.558	0	0.0853257	0.0819991	0.0662417	0.0157574	0.167325
0	-0.102898	0	13.7427	0	0	0	-0	0	0.965097	0.0156548	120.637	0	0.0985204	0.109087	0.0854498	0.0236376	0.207608
0	-1.84814	0	-1221.67	0	0	0	0	0	1.22145	0.280647	135.717	0	0.111966	0.11807	0.0846724	0.0333975	0.230036
0	-4.2163	0	-1614.31	0	0	0	0	0	1.50796	0.678667	150.796	0	0.125664	0.11699	0.0746368	0.0423537	0.242654
0	-0.95627	0	1091.13	0	0	0	0	0	1.80956	1.39276	150.796	0	0.128177	0.0876937	0.0375116	0.0501821	0.215871
0	0.323965	0	937.905	0	0	-0	0	0	2.11115	2.33673	150.796	0	0.13069	0.0322105	-0.0203021	0.0525126	0.162901
0	0.473294	0	-62.8717	0	0	-0	0	0	2.41274	2.61236	150.796	0	0.133204	0.0318424	-0.0179659	0.0498083	0.165046
0	0.215415	0	-120.333	0	0	-0	0	0	2.71434	2.51871	150.796	0	0.135717	0.0665021	0.0176062	0.0488959	0.202219
0	0.590961	0	320.201	0	0	-0	0	0	3.01593	2.78796	150.796	0	0.13823	0.0717136	0.0205171	0.0511964	0.209944
0	-0.276317	0	-718.883	0	0	0	0	0	3.31752	3.41266	150.796	0	0.140743	0.0442947	-0.00856258	0.0528572	0.185038
0	-0.39204	0	-196.947	0	0	0	0	0	3.61911	3.81707	150.796	0	0.143257	0.0333382	-0.0178157	0.051154	0.176595
0	-1.35106	0	-642.269	0	0	0	0	0	3.76991	3.78195	150.796	0	0.144513	0.0490809	-0.00108333	0.0501642	0.193594
0	-2.61821	0	-1049.28	0	0	0	0	0	4.0715	3.88624	150.796	0	0.147027	0.0674394	0.0166735	0.0507659	0.214466
0	-3.86608	0	-838.593	0	0	0	0	0	4.3731	4.36089	150.796	0	0.14954	0.0534497	0.00109885	0.0523508	0.202989
0	-4.67088	0	-699.729	0	0	0	0	0	4.67469	4.81531	150.796	0	0.152053	0.039331	-0.012656	0.0519871	0.191384
0	-4.65606	0	-62.8717	0	0	0	0	0	4.97628	5.09627	150.796	0	0.154566	0.0396582	-0.0107987	0.0504568	0.194225
0	-3.73379	0	784.676	0	0	0	0	0	5.27787	5.24951	150.796	0	0.15708	0.0523238	0.0025523	0.0497715	0.209403
0	-6.36398	0	-1312.65	0	0	0	0	0	5.57946	5.57836	150.796	0	0.159593	0.0500092	9.94349e-05	0.0499098	0.209602
0	-7.00047	0	-302.292	0	0	0	0	0	5.88106	5.73267	150.796	0	0.162106	0.063641	0.0133546	0.0502864	0.225747
0	-5.94365	0	655.389	0	0	0	0	0	6.18265	6.21264	150.796	0	0.164619	0.0488461	-0.00269899	0.0515451	0.213466
0	-9.08784	0	-321.446	0	0	0	0	0	6.48424	6.62556	150.796	0	0.167133	0.0380729	-0.0127184	0.0507913	0.205206
0	-9.03193	0	-292.715	0	0	0	0	0	6.78583	7.03954	150.796	0	0.169646	0.0263727	-0.0228336	0.0492063	0.196019
0	-8.53272	0	85.5688	0	0	0	0	0	7.08743	7.27154	150.796	0	0.172159	0.0299802	-0.0165703	0.0465505	0.202139
0	-9.7687	0	-1327.01	0	0	0	0	0	7.38902	7.51951	150.796	0	0.174673	0.0333151	-0.0117439	0.045059	0.207988
0	-9.08931	0	851.713	0	0	0	0	0	7.69061	7.6802	150.796	0	0.177186	0.0449924	0.00093667	0.0440558	0.222178
0	-7.73046	0	296.259	0	0	0	0	0	7.9922	8.04417	150.796	0	0.179699	0.0393482	-0.00467696	0.0440252	0.219047
0	-9.94548	0	-1288.7	0	0	0	0	0	8.2938	8.26979	150.796	0	0.182212	0.0458086	0.00216105	0.0436476	0.228021
0	-9.28877	0	392.027	0	0	0	0	0	8.59539	8.73485	150.796	0	0.184726	0.0312601	-0.0125515	0.0438116	0.215986
0	-10.7255	0	-1058.86	0	0	0	0	0	8.89699	9.25951	150.796	0	0.187239	0.00888842	-0.0326277	0.0415161	0.196127
0	-10.89	0	-43.7181	0	0	0	0	0	9.19858	9.37871	150.796	0	0.189752	0.0221829	-0.0162118	0.0383947	0.211935
0	-13.9171	0	238.798	0	0	0	0	0	9.50017	9.54792	150.796	0	0.192265	0.0325179	-0.00429737	0.0368153	0.224783
0	-11.213	0	784.676	0	0	0	0	0	9.80177	9.74374	150.796	0	0.194779	0.0419738	0.00522254	0.0367512	0.236752
0	-10.4182	0	119.088	0	0	0	0	0	10.1034	9.98745	150.796	0	0.197292	0.047778	0.0104321	0.0373458	0.24507
0	-10.4605	0	80.7804	0	0	0	0	0	10.405	10.3535	150.796	0	0.199805	0.0432583	0.00462722	0.0386311	0.243064
0	-13.873	0	-2600.73	0	0	0	0	0	10.7065	11.1145	150.796	0	0.202319	0.00137771	-0.0367123	0.03809	0.203696
0	-14.2983	0	-216.101	0	0	0	0	0	11.0081	11.3965	150.796	0	0.204832	-0.00137238	-0.0349506	0.0335782	0.203459
0	-13.7534	0	219.644	0	0	0	0	0	11.3097	11.3922	150.796	0	0.207345	0.0230621	-0.00742393	0.0304861	0.230407
0	-14.6927	0	8.95431	0	0	0	0	0	11.7621	12.0222	150.796	0	0.211115	0.00675882	-0.0234109	0.0301697	0.217874
0	-15.4599	0	-173.005	0	0	0	0	0	12.0637	12.499	150.796	0	0.213628	-0.0125359	-0.039177	0.026641	0.201092
0	-16.4412	0	-345.388	0	0	0	0	0	12.3653	12.3724	150.796	0	0.216142	0.0226191	-0.000635748	0.0232549	0.238761
0	-18.0364	0	-967.88	0	0	0	0	0	12.6669	12.6214	150.796	0	0.218655	0.027778	0.00409524	0.0236828	0.246433
0	-17.9112	0	573.986	0	0	0	0	0	12.9685	13.4068	150.796	0	0.221168	-0.0164019	-0.0394473	0.0230454	0.204766
0	-18.7935	0	-704.518	0	0	0	0	0	13.2701	13.8814	150.796	0	0.223681	-0.037154	-0.0550219	0.0178679	0.186527
0	-19.8544	0	339.354	0	0	0	0	0	13.5717	13.6473	150.796	0	0.226195	0.00610592	-0.0068068	0.0129127	0.232301
0	-20.0896	0	-125.121	0	0	0	0	0	13.8733	13.6643	150.796	0	0.228708	0.0318581	0.018804	0.0130541	0.260566
0	4.66423	0	-1671.78	0	0	-0	0	0	14.1749	13.9549	150.796	0	0.231221	0.0353564	0.0197995	0.0155569	0.266578
0	-29.4515	0	-1197.72	0	0	0	0	0	14.4765	14.4668	150.796	0	0.233735	0.017835	0.000872641	0.0169623	0.25157
0	-27.4052	0	-62.8717	0	0	0	0	0	14.7781	14.9765	150.796	0	0.236248	-0.000735804	-0.0178627	0.0171269	0.235512
0	-22.8072	0	1895.59	0	0	0	0	0	15.0797	15.6204	150.796	0	0.238761	-0.0349093	-0.0486663	0.013757	0.203852
0	-22.9219	0	-608.75	0	0	0	0	0	15.3812	15.8449	150.796	0	0.241274	-0.0330014	-0.0417325	0.00873113	0.208273
0	-23.9511	0	-455.521	0	0	0	0	0	15.6828	16.1099	150.796	0	0.243788	-0.0345801	-0.0384385	0.00385843	0.209208
0	-21.7936	0	818.195	0	0	0	0	0	15.9844	16.1376	150.796	0	0.246301	-0.0134917	-0.0137853	0.000293589	0.232809
0	-21.6682	0	104.722	0	0	0	0	0	16.286	16.3462	150.796	0	0.248814	-0.00624489	-0.00541489	-0.000830002	0.242569
0	-22.5862	0	-747.613	0	0	0	0	0	16.5876	16.8655	150.796	0	0.251327	-0.0269298	-0.0250123	-0.00191749	0.224398
0	-20.8424	0	1335.34	0	0	0	0	0	16.8892	17.0198	150.796	0	0.253841	-0.0161785	-0.0117569	-0.00442154	0.237662
0	-18.9107	0	746.368	0	0	0	0	0	17.1908	17.139	150.796	0	0.256354	-0.00099042	0.00465923	-0.00564965	0.255364
0	-18.3073	0	324.989	0	0	0	0	0	17.4886	17.1188	143.256	0	0.253181	0.0293627	0.0332831	-0.00392037	0.282543
0	-21.9483	0	-2021.33	0	0	0	0	0	17.7601	18.0096	128.176	0	0.244133	-0.0236569	-0.0224559	-0.00120098	0.220476
0	-20.2646	0	152.606	0	0	0	0	0	18.0013	18.5012	113.097	0	0.234834	-0.0500137	-0.0449921	-0.00502158	0.18482
0	-18.947	0	320.201	0	0	0	0	0	18.2125	18.4714	98.017	0	0.225283	-0.0328319	-0.0233099	-0.00952196	0.192451
0	-17.2266	0	37.6847	0	0	0	0	0	18.3934	18.3821	82.9373	0	0.215481	-0.0102468	0.00102139	-0.0112682	0.205235
0	-15.9634	0	-14.9877	0	0	0	0	0	18.5442	18.5204	67.8576	0	0.205428	-0.0088991	0.00214182	-0.0110409	0.196529
0	-16.67	0	-919.996	0	0	0	0	0	18.6648	18.7567	52.778	0	0.195124	-0.0193695	-0.00826447	-0.0111051	0.175754
0	-12.9853	0	1670.53	0	0	0	0	0	18.7553	18.845	37.6983	0	0.184568	-0.0201317	-0.00807135	-0.0120603	0.164436
0	-10.1241	0	1071.98	0	0	0	0	0	18.8156	18.9578	22.6186	0	0.173761	-0.0259712	-0.0127953	-0.0131759	0.14779
0	-9.61722	0	-331.022	0	0	0	0	0	18.8458	18.7801	7.53894	0	0.162702	-0.00820068	0.00591425	-0.0141149	0.154502
0	-10.181	0	-1561.64	0	0	0	0	0	18.8496	18.3395	0	0	0.15708	0.0334784	0.0459064	-0.0124279	0.190558
0	-7.73916	0	1378.44	0	0	0	0	0	18.8496	18.3374	0	0	0.15708	0.0390316	0.0460981	-0.00706649	0.196111
0	-5.67237	0	18.5311	0	0	0	0	0	18.8496	18.2426	0	0	0.15708	0.0528002	0.0546223	-0.00182209	0.20988
0	-4.34813	0	368.085	0	0	0	0	0	18.8496	18.2022	0	0	0.15708	0.0626421	0.058262	0.00438008	0.219722
0	-5.7064	0	-1355.74	0	0	0	0	0	18.8496	18.2927	0	0	0.15708	0.0609903	0.0501207	0.0108696	0.21807
0	-7.18372	0	-886.477	0	0	0	0	0	18.8496	18.6353	0	0	0.15708	0.0343505	0.0192795	0.015071	0.19143
0	-5.91927	0	660.177	0	0	0	0	0	18.8496	18.7609	0	0	0.15708	0.0255472	0.00797745	0.0175697	0.182627
0	-3.58765	0	1383.23	0	0	0	0	0	18.8496	18.9227	0	0	0.15708	0.0109172	-0.00658115	0.0174983	0.167997
0	-3.44842	0	406.392	0	0	0	0	0	18.8496	18.8173	0	0	0.15708	0.0201417	0.00290108	0.0172407	0.177221
0	-4.33039	0	-53.2949	0	0	0	0	0	18.8496	18.7811	0	0	0.15708	0.0237739	0.00615767	0.0176162	0.180854
0	-4.626	0	95.1456	0	0	0	0	0	18.8496	18.7503	0	0	0.15708	0.0273579	0.00893515	0.0184228	0.184438
0	-7.17169	0	-876.9	0	0	0	0	0	18.8496	18.8971	0	0	0.15708	0.0148563	-0.00428261	0.0191389	0.171936
0	-7.99955	0	296.259	0	0	0	0	0	18.8496	18.8258	0	0	0.15708	0.0208672	0.00213495	0.0187322	0.177947
0	-9.87279	0	-398.06	0	0	0	0	0	18.8496	18.8514	0	0	0.15708	0.0187576	-0.000163937	0.0189215	0.175837
0	-10.8037	0	708.061	0	0	0	0	0	18.8496	18.779	0	0	0.15708	0.0253216	0.00634907	0.0189725	0.182401
0	23.885	0	80.7804	0	0	-0	0	0	18.8496	18.6896	0	0	0.15708	0.0342589	0.0143947	0.0198642	0.191338
0	-20.6478	0	-881.689	0	0	0	0	0	18.8496	18.5545	0	0	0.15708	0.0484268	0.0265588	0.021868	0.205506
0	-21.0362	0	483.006	0	0	0	0	0	18.8496	18.4406	0	0	0.15708	0.061871	0.0368073	0.0250638	0.218951
0	-21.9396	0	-1221.67	0	0	0	0	0	18.8496	18.597	0	0	0.15708	0.0518598	0.0227276	0.0291322	0.208939
0	-23.1124	0	305.835	0	0	0	0	0	18.8496	18.7386	0	0	0.15708	0.0409015	0.00998898	0.0309125	0.197981
0	-23.6887	0	181.337	0	0	0	0	0	18.8496	18.8035	0	0	0.15708	0.0365038	0.00414614	0.0323576	0.193583
0	-33.5651	0	-661.422	0	0	0	0	0	18.8496	19.3931	0	0	0.15708	-0.0179175	-0.0489159	0.0309985	0.139162
0	-31.539	0	717.638	0	0	0	0	0	18.8496	19.2898	0	0	0.15708	-0.0139025	-0.0396255	0.025723	0.143177
0	-31.0572	0	-62.8717	0	0	0	0	0	18.8496	19.2079	0	0	0.15708	-0.0107225	-0.0322502	0.0215277	0.146357
0	-27.7409	0	1823.76	0	0	0	0	0	18.8496	18.9237	0	0	0.15708	0.0115017	-0.00667677	0.0181785	0.168581
0	-25.9236	0	1325.77	0	0	0	0	0	18.8496	18.531	0	0	0.15708	0.0475766	0.0286661	0.0189106	0.204656
0	-27.2495	0	286.682	0	0	0	0	0	18.8496	18.564	0	0	0.15708	0.0475424	0.0256969	0.0218456	0.204622
0	-28.0217	0	-297.504	0	0	0	0	0	18.8496	18.4746	0	0	0.15708	0.0586719	0.0337423	0.0249296	0.215751
0	-30.3674	0	-67.6601	0	0	0	0	0	18.8496	18.4874	0	0	0.15708	0.0614367	0.032593	0.0288437	0.218516
0	-36.6602	0	-3635.02	0	0	0	0	0	18.8496	19.0472	0	0	0.15708	0.0132623	-0.0177874	0.0310497	0.170342
0	-37.2161	0	262.74	0	0	0	0	0	18.8496	18.9716	0	0	0.15708	0.0178149	-0.010987	0.028802	0.174895
0	-36.7904	0	597.928	0	0	0	0	0	18.8496	18.8854	0	0	0.15708	0.024677	-0.00322878	0.0279058	0.181757
0	-35.117	0	1062.4	0	0	0	0	0	18.8496	18.8375	0	0	0.15708	0.0288516	0.00108112	0.0277705	0.185931
0	-36.8959	0	-187.37	0	0	0	0	0	18.8496	18.7418	0	0	0.15708	0.0377357	0.00970144	0.0280343	0.194815
0	-37.6082	0	-216.101	0	0	0	0	0	18.8496	18.796	0	0	0.15708	0.0340832	0.00481665	0.0292666	0.191163
0	-38.7574	0	-254.408	0	0	0	0	0	18.8496	18.7897	0	0	0.15708	0.0348366	0.00539137	0.0294452	0.191916
0	-39.7311	0	-1049.28	0	0	0	0	0	18.8496	18.746	0	0	0.15708	0.0397778	0.00931847	0.0304593	0.196857
0	-39.0196	0	535.679	0	0	0	0	0	18.8496	19.3026	0	0	0.15708	-0.0109668	-0.0407747	0.0298079	0.146113
0	-38.7107	0	234.009	0	0	0	0	0	18.8496	19.0993	0	0	0.15708	0.00332888	-0.0224806	0.0258095	0.160409
0	-37.3992	0	952.27	0	0	0	0	0	18.8496	19.0397	0	0	0.15708	0.00629587	-0.0171169	0.0234127	0.163376
0	-33.0332	0	3221.97	0	0	0	0	0	18.8496	18.4331	0	0	0.15708	0.0599997	0.0374778	0.0225219	0.217079
0	-34.7863	0	-2078.79	0	0	0	0	0	18.8496	17.8201	0	0	0.15708	0.121297	0.0926472	0.0286496	0.278376
0	1.73353	0	732.003	0	0	-0	0	0	18.8496	17.7818	0	0	0.15708	0.13539	0.0960952	0.0392949	0.29247
0	-47.271	0	-3529.68	0	0	0	0	0	18.8496	18.5161	0	0	0.15708	0.0789787	0.0300069	0.0489718	0.236058
0	-43.4299	0	-168.217	0	0	0	0	0	18.8496	19.8698	0	0	0.15708	-0.0434148	-0.0918256	0.0484108	0.113665
0	-38.616	0	1713.63	0	0	0	0	0	18.8496	19.9986	0	0	0.15708	-0.0664469	-0.103415	0.0369681	0.0906328
0	-35.7915	0	310.624	0	0	0	0	0	18.8496	19.6432	0	0	0.15708	-0.0445581	-0.0714245	0.0268664	0.112521
0	-33.446	0	478.218	0	0	0	0	0	18.8496	19.6996	0	0	0.15708	-0.0578739	-0.0765009	0.018627	0.0992058
0	-30.1147	0	2613.85	0	0	0	0	0	18.8496	19.1973	0	0	0.15708	-0.0207558	-0.0312925	0.0105367	0.136324
0	-27.3465	0	684.119	0	0	0	0	0	18.8496	18.0639	0	0	0.15708	0.0813382	0.0707133	0.0106249	0.238418
0	-28.8426	0	-972.668	0	0	0	0	0	18.8496	17.9447	0	0	0.15708	0.100391	0.081441	0.0189502	0.257471
0	-27.3479	0	415.969	0	0	0	0	0	18.8496	17.9883	0	0	0.15708	0.105534	0.0775139	0.0280205	0.262614
0	-40.083	0	-2911.97	0	0	0	0	0	18.8496	18.4895	0	0	0.15708	0.0683642	0.0324016	0.0359626	0.225444
0	-37.3078	0	1091.13	0	0	0	0	0	18.8496	19.5665	0	0	0.15708	-0.0280784	-0.0645284	0.03645	0.129001
0	-32.4397	0	166.972	0	0	0	0	0	18.8496	19.5857	0	0	0.15708	-0.037648	-0.0662524	0.0286044	0.119432
0	-30.5313	0	741.58	0	0	0	0	0	18.8496	19.3611	0	0	0.15708	-0.0238951	-0.0460427	0.0221476	0.133185
0	-29.3366	0	-125.121	0	0	0	0	0	18.8496	19.3292	0	0	0.15708	-0.0263184	-0.0431692	0.0168508	0.130761
0	-37.4908	0	-872.112	0	0	0	0	0	18.8496	18.8588	0	0	0.15708	0.0120128	-0.000834274	0.0128471	0.169092
0	-32.4387	0	1976.99	0	0	0	0	0	18.8496	18.1884	0	0	0.15708	0.0744485	0.0595071	0.0149414	0.231528
0	-29.8649	0	-115.544	0	0	0	0	0	18.8496	18.2852	0	0	0.15708	0.0721105	0.0507913	0.0213191	0.22919
0	-26.1612	0	1900.37	0	0	0	0	0	18.8496	18.1681	0	0	0.15708	0.0886036	0.0613271	0.0272765	0.245683
0	-29.3846	0	-1417.99	0	0	0	0	0	18.8496	18.4055	0	0	0.15708	0.0738246	0.0399681	0.0338565	0.230904
0	4.31796	0	-919.996	0	0	-0	0	0	18.8496	19.3665	0	0	0.15708	-0.0101877	-0.0465216	0.0363339	0.146892
0	-44.0384	0	238.798	0	0	0	0	0	18.8496	19.7698	0	0	0.15708	-0.0533975	-0.0828223	0.0294249	0.103682
0	-37.9274	0	291.47	0	0	0	0	0	18.8496	19.6229	0	0	0.15708	-0.0492172	-0.0696046	0.0203873	0.107862
0	-32.73	0	305.835	0	0	0	0	0	18.8496	19.5516	0	0	0.15708	-0.0501454	-0.0631874	0.0130419	0.106934
0	-29.1807	0	822.983	0	0	0	0	0	18.8496	19.4676	0	0	0.15708	-0.046089	-0.0556205	0.00953153	0.110991
0	-24.6766	0	1081.56	0	0	0	0	0	18.8496	18.5768	0	0	0.15708	0.0296869	0.0245476	0.00513936	0.186767
0	-23.8191	0	-345.388	0	0	0	0	0	18.8496	18.3129	0	0	0.15708	0.0576844	0.048301	0.00938338	0.214764
0	-22.6127	0	530.89	0	0	0	0	0	18.8496	18.3842	0	0	0.15708	0.0562134	0.0418837	0.0143298	0.213293
0	-22.6614	0	-268.773	0	0	0	0	0	18.8496	18.3437	0	0	0.15708	0.0647251	0.0455234	0.0192017	0.221805
0	-22.2815	0	205.279	0	0	0	0	0	18.8496	18.4076	0	0	0.15708	0.063882	0.0397765	0.0241055	0.220962
0	-29.5527	0	-354.964	0	0	0	0	0	18.8496	18.7939	0	0	0.15708	0.0332513	0.00500822	0.0282431	0.190331
0	-26.6632	0	-493.828	0	0	0	0	0	18.8496	19.5176	0	0	0.15708	-0.0335097	-0.0601223	0.0266126	0.12357
0	-24.5557	0	205.279	0	0	0	0	0	18.8496	19.4261	0	0	0.15708	-0.0319049	-0.0518852	0.0199802	0.125175
0	-23.3721	0	-187.37	0	0	0	0	0	18.8496	19.3005	0	0	0.15708	-0.0259955	-0.0405832	0.0145877	0.131084
0	-22.3113	0	-254.408	0	0	0	0	0	18.8496	19.3037	0	0	0.15708	-0.0308187	-0.0408705	0.0100519	0.126261
0	-21.5345	0	219.644	0	0	0	0	0	18.8496	18.8141	0	0	0.15708	0.0093217	0.00318844	0.00613326	0.166401
0	-18.2864	0	1723.2	0	0	0	0	0	18.8496	18.0819	0	0	0.15708	0.077978	0.0690853	0.00889268	0.235058
0	19.101	0	1081.56	0	0	-0	0	0	18.8496	18.1171	0	0	0.15708	0.0825731	0.0659245	0.0166486	0.239653
0	-24.435	0	-479.463	0	0	0	0	0	18.8496	18.2022	0	0	0.15708	0.0821186	0.058262	0.0238565	0.239198
0	-25.758	0	-3678.12	0	0	0	0	0	18.8496	18.8322	0	0	0.15708	0.0303897	0.00156023	0.0288295	0.187469
0	-22.5512	0	248.374	0	0	0	0	0	18.8496	19.2366	0	0	0.15708	-0.0067967	-0.0348364	0.0280397	0.150283
0	-16.4279	0	2230.77	0	0	0	0	0	18.8496	19.4293	0	0	0.15708	-0.0290943	-0.0521725	0.0230782	0.127985
0	-15.6186	0	-675.787	0	0	0	0	0	18.8496	19.2771	0	0	0.15708	-0.0205296	-0.038476	0.0179464	0.13655
0	-14.5685	0	320.201	0	0	0	0	0	18.8496	19.3111	0	0	0.15708	-0.0280507	-0.041541	0.0134904	0.129029
0	-12.9785	0	80.7804	0	0	0	0	0	18.8496	19.2164	0	0	0.15708	-0.0238278	-0.0330165	0.00918865	0.133252
0	-8.86472	0	2182.89	0	0	0	0	0	18.8496	18.8663	0	0	0.15708	0.0047071	-0.00150478	0.00621189	0.161787
0	-9.24353	0	-680.576	0	0	0	0	0	18.8496	18.4182	0	0	0.15708	0.0463002	0.0388188	0.0074814	0.20338
0	-10.8853	0	-647.057	0	0	0	0	0	18.8496	18.3054	0	0	0.15708	0.0611438	0.0489714	0.0121724	0.218223
0	-9.34261	0	837.348	0	0	0	0	0	18.8496	18.2639	0	0	0.15708	0.0703417	0.0527067	0.0176349	0.227421
0	-9.33653	0	243.586	0	0	0	0	0	18.8496	18.2075	0	0	0.15708	0.0814659	0.0577831	0.0236828	0.238546
0	-21.1227	0	-2495.38	0	0	0	0	0	18.8496	18.5342	0	0	0.15708	0.0582955	0.0283785	0.0299169	0.215375
0	-21.6785	0	-1264.76	0	0	0	0	0	18.8496	19.094	0	0	0.15708	0.00940291	-0.0220017	0.0314046	0.166483
0	-16.5175	0	1704.05	0	0	0	0	0	18.8496	19.2143	0	0	0.15708	-0.00420021	-0.0328249	0.0286247	0.152879
0	-13.455	0	985.789	0	0	0	0	0	18.8391	19.3643	-12.5607	0	0.147572	-0.0227335	-0.0472716	0.0245381	0.124838
0	-13.44	0	4.16591	0	0	0	0	0	18.7989	19.3856	-27.6402	0	0.135927	-0.0340217	-0.0528054	0.0187837	0.101906
0	-14.1906	0	-369.33	0	0	0	0	0	18.7285	19.2239	-42.7196	0	0.124031	-0.0315375	-0.0445789	0.0130414	0.0924939
0	-15.3967	0	186.125	0	0	0	0	0	18.628	18.397	-57.7991	0	0.111884	0.0301946	0.0207957	0.00939889	0.142079
0	-13.6564	0	880.444	0	0	0	0	0	18.4973	17.9574	-72.8785	0	0.0994856	0.0616542	0.0485924	0.0130619	0.16114
0	-15.5852	0	-311.869	0	0	0	0	0	18.3365	17.7339	-87.958	0	0.0868357	0.0730801	0.0542307	0.0188493	0.159916
0	-15.9797	0	396.815	0	0	0	0	0	18.1455	17.7786	-103.037	0	0.0739345	0.0572169	0.0330187	0.0241982	0.131151
0	-17.2569	0	-187.37	0	0	0	0	0	17.9244	17.6978	-118.117	0	0.060782	0.0479189	0.0203944	0.0275245	0.108701
0	-18.666	0	-43.7181	0	0	0	0	0	17.6731	17.6296	-133.196	0	0.0473782	0.0333164	0.0039065	0.0294099	0.0806946
0	-19.3815	0	-0.622495	0	0	0	0	0	17.3916	17.5775	-148.276	0	0.033723	0.0124798	-0.0167325	0.0292123	0.0462028
0	-16.8005	0	2412.73	0	0	0	0	0	17.0904	17.1859	-150.796	0	0.0293228	0.018745	-0.00859062	0.0273356	0.0480678
0	-14.8072	0	1909.95	0	0	0	0	0	16.7888	16.5441	-150.796	0	0.0268095	0.0491603	0.0220219	0.0271383	0.0759698
0	-18.4321	0	-1901.62	0	0	0	0	0	16.4872	16.2813	-150.796	0	0.0242963	0.0484747	0.0185367	0.0299381	0.072771
0	-18.0186	0	890.021	0	0	0	0	0	16.1856	16.177	-150.796	0	0.0217831	0.0323432	0.000780201	0.031563	0.0541262
0	-24.5242	0	104.722	0	0	0	0	0	15.8841	15.7406	-150.796	0	0.0192698	0.0445956	0.012907	0.0316886	0.0638654
0	-21.652	0	708.061	0	0	0	0	0	15.5825	15.3501	-150.796	0	0.0167566	0.0547314	0.0209154	0.033816	0.071488
0	-20.3207	0	66.4152	0	0	0	0	0	15.2809	15.2309	-150.796	0	0.0142433	0.0399071	0.00449985	0.0354073	0.0541505
0	-18.3599	0	1210.84	0	0	0	0	0	14.9793	14.553	-150.796	0	0.0117301	0.0750493	0.0383688	0.0366805	0.0867794
0	-16.2928	0	1253.94	0	0	0	0	0	14.6777	14.271	-150.796	0	0.00921685	0.077787	0.0366076	0.0411794	0.0870038
0	-22.9257	0	-776.344	0	0	0	0	0	14.3761	14.1784	-150.796	0	0.00670361	0.0624874	0.0177975	0.0446898	0.069191
0	-21.3667	0	-259.196	0	0	0	0	0	14.0745	13.9208	-150.796	0	0.00419037	0.0604118	0.0138333	0.0465785	0.0646022
0	-19.4984	0	-230.466	0	0	0	0	0	13.7729	13.841	-150.796	0	0.00167713	0.0414589	-0.00612617	0.0475851	0.043136
0	-16.5662	0	1340.13	0	0	0	0	0	13.4713	13.194	-150.796	0	-0.000836116	0.0722011	0.0249652	0.0472359	0.071365
0	-12.7166	0	1818.97	0	0	0	0	0	13.1698	12.6012	-150.796	0	-0.00334936	0.102593	0.0511718	0.0514215	0.099244
0	10.2405	0	-350.176	0	0	-0	0	0	12.8682	12.5724	-150.796	0	-0.0058626	0.0828778	0.0266149	0.0562629	0.0770152
0	-17.3968	0	-144.275	0	0	0	0	0	12.5666	12.4032	-150.796	0	-0.00837584	0.0737789	0.0147009	0.059078	0.0654031
0	-13.4526	0	851.713	0	0	0	0	0	12.265	12.1638	-150.796	0	-0.0108891	0.0692256	0.00910844	0.0601171	0.0583365
0	-9.63905	0	1349.71	0	0	0	0	0	11.9634	11.703	-150.796	0	-0.0134023	0.0850959	0.0234383	0.0616576	0.0716936
0	-10.7443	0	-1877.68	0	0	0	0	0	11.6618	11.3624	-150.796	0	-0.0159156	0.0913255	0.026945	0.0643805	0.07541
0	11.2054	0	401.603	0	0	-0	0	0	11.3602	10.9186	-150.796	0	-0.0184288	0.107507	0.0397424	0.0677645	0.089078
0	-10.2462	0	1263.52	0	0	0	0	0	11.0586	10.7441	-150.796	0	-0.0209421	0.100165	0.0283073	0.0718573	0.0792226
0	-7.10729	0	497.371	0	0	0	0	0	10.757	10.5664	-150.796	0	-0.0234553	0.0920947	0.0171596	0.074935	0.0686394
0	-5.94002	0	23.3195	0	0	0	0	0	10.4555	10.5387	-150.796	0	-0.0259685	0.0684508	-0.00749319	0.075944	0.0424823
0	-3.32298	0	976.212	0	0	0	0	0	10.1539	10.2471	-150.796	0	-0.0284818	0.066758	-0.00839235	0.0751503	0.0382762
0	-6.15009	0	353.719	0	0	0	0	0	9.85228	9.83845	-150.796	0	-0.030995	0.0753946	0.00124429	0.0741503	0.0443996
0	-3.84136	0	224.432	0	0	0	0	0	9.55069	9.38616	-150.796	0	-0.0335083	0.0898377	0.0148079	0.0750298	0.0563294
0	-1.79149	0	253.163	0	0	0	0	0	9.2491	9.28931	-150.796	0	-0.0360215	0.0726531	-0.00361922	0.0762723	0.0366316
0	-1.14962	0	-297.504	0	0	0	0	0	8.94751	9.12649	-150.796	0	-0.0385347	0.0592426	-0.0161078	0.0753504	0.0207079
0	2.93312	0	2254.72	0	0	-0	0	0	8.64592	8.61672	-150.796	0	-0.041048	0.0764829	0.00262796	0.0738549	0.0354349
0	3.61157	0	-177.793	0	0	-0	0	0	8.34433	8.23254	-150.796	0	-0.0435612	0.0848594	0.0100617	0.0747977	0.0412981
0	3.48613	0	277.105	0	0	-0	0	0	8.04274	8.20274	-150.796	0	-0.0460745	0.0606929	-0.0143996	0.0750925	0.0146185
0	5.53016	0	1148.59	0	0	-0	0	0	7.74115	7.83984	-150.796	0	-0.0485877	0.0646818	-0.00888155	0.0735634	0.0160941
0	6.00881	0	162.183	0	0	-0	0	0	7.43957	7.62699	-150.796	0	-0.051101	0.0555606	-0.0168685	0.0724292	0.00445967
0	7.85874	0	923.539	0	0	-0	0	0	7.13798	7.33646	-150.796	0	-0.0536142	0.0525866	-0.0178635	0.0704501	-0.0010276
0	6.78924	0	-723.671	0	0	-0	0	0	6.83639	6.81818	-150.796	0	-0.0561274	0.0705152	0.00163855	0.0688766	0.0143877
0	7.66913	0	540.467	0	0	-0	0	0	6.5348	6.48295	-150.796	0	-0.0586407	0.0740831	0.00466631	0.0694168	0.0154424
0	8.82777	0	564.409	0	0	-0	0	0	6.23321	6.30842	-150.796	0	-0.0611539	0.0628542	-0.00676878	0.069623	0.00170025
0	9.61634	0	712.85	0	0	-0	0	0	5.93162	6.16794	-150.796	0	-0.0636672	0.047178	-0.0212688	0.0684468	-0.0164892
0	10.0579	0	147.818	0	0	-0	0	0	5.63003	5.71564	-150.796	0	-0.0661804	0.0582896	-0.00770519	0.0659948	-0.00789084
0	21.3545	0	1091.13	0	0	-0	0	0	5.32844	4.9526	-150.796	0	-0.0686937	0.100568	0.0338263	0.0667419	0.0318745
0	9.8191	0	406.392	0	0	-0	0	0	5.02685	4.9941	-150.796	0	-0.0712069	0.0727155	0.00294781	0.0697677	0.00150862
0	10.9964	0	569.198	0	0	-0	0	0	4.72526	4.8334	-150.796	0	-0.0737201	0.0598803	-0.00973234	0.0696126	-0.0138398
0	11.1065	0	-177.793	0	0	-0	0	0	4.42368	4.33215	-150.796	0	-0.0762334	0.0770095	0.00823713	0.0687724	0.000776105
0	12.2958	0	808.618	0	0	-0	0	0	4.12209	3.95435	-150.796	0	-0.0787466	0.085344	0.0150961	0.0702479	0.00659739
0	14.2382	0	1230	0	0	-0	0	0	3.8205	3.82984	-150.796	0	-0.0812599	0.0705382	-0.000840626	0.0713788	-0.0107217
0	14.9472	0	765.522	0	0	-0	0	0	3.51891	3.60954	-150.796	0	-0.0837731	0.0629544	-0.00815709	0.0711115	-0.0208187
0	13.7912	0	-560.866	0	0	-0	0	0	3.21732	3.20833	-150.796	0	-0.0862863	0.0710849	0.000809019	0.0702759	-0.0152014
0	14.2641	0	344.143	0	0	-0	0	0	2.91573	2.96249	-150.796	0	-0.0887996	0.0663024	-0.00420875	0.0705111	-0.0224972
0	14.829	0	56.8383	0	0	-0	0	0	2.61414	2.75284	-150.796	0	-0.0913128	0.0571044	-0.012483	0.0695875	-0.0342084
0	14.9816	0	186.125	0	0	-0	0	0	2.31255	2.33567	-150.796	0	-0.0938261	0.0664625	-0.00208017	0.0685427	-0.0273636
0	15.5508	0	497.371	0	0	-0	0	0	2.01096	2.13772	-150.796	0	-0.0963393	0.056772	-0.0114081	0.0681801	-0.0395673
0	15.8717	0	358.508	0	0	-0	0	0	1.70937	1.90785	-150.796	0	-0.0988526	0.0487377	-0.0178625	0.0666002	-0.0501148
0	16.7863	0	602.716	0	0	-0	0	0	1.40945	1.54814	-145.788	0	-0.0975952	0.0522948	-0.012482	0.0647768	-0.0453005
0	17.2899	0	511.737	0	0	-0	0	0	1.13296	1.31188	-130.708	0	-0.0885898	0.0472578	-0.0161031	0.0633609	-0.0413319
0	18.1429	0	664.966	0	0	-0	0	0	0.886624	1.10436	-115.629	0	-0.0793329	0.0418093	-0.0195959	0.0614053	-0.0375236
0	17.1029	0	-594.385	0	0	-0	0	0	0.670449	0.737199	-100.549	0	-0.0698248	0.0534912	-0.0060075	0.0594987	-0.0163336
0	15.7904	0	-833.805	0	0	-0	0	0	0.484433	0.488171	-85.4697	0	-0.0600654	0.0587559	-0.000336416	0.0590923	-0.00130947
0	14.8136	0	-963.092	0	0	-0	0	0	0.328575	0.274262	-70.3903	0	-0.0500546	0.0640455	0.0048882	0.0591573	0.0139909
0	13.7524	0	-814.651	0	0	-0	0	0	0.202875	0.0954717	-55.3108	0	-0.0397925	0.0695232	0.00966633	0.0598568	0.0297307
0	14.5364	0	-58.0833	0	0	-0	0	0	0.107334	-0.0886393	-40.2314	0	-0.0292791	0.0787152	0.0176376	0.0610776	0.0494361
0	11.8039	0	-852.958	0	0	-0	0	0	0.0419519	-0.275943	-25.1519	0	-0.0185143	0.091987	0.0286105	0.0633765	0.0734727
0	11.2976	0	-139.486	0	0	-0	0	0	0.00672793	-0.382365	-10.0725	0	-0.00749829	0.10176	0.0350184	0.0667412	0.0942613
0	10.3113	0	-747.613	0	0	-0	0	0	0	-0.513265	0	0	0	0.117135	0.0461939	0.0709412	0.117135
0	9.51484	0	-278.35	0	0	-0	0	0	0	-0.536678	0	0	0	0.124518	0.048301	0.0762175	0.124518
0	5.8748	0	-192.159	0	0	-0	0	0	0	-0.517522	0	0	0	0.128092	0.046577	0.0815151	0.128092
0	8.99651	0	71.2036	0	0	-0	0	0	0	-0.49943	0	0	0	0.131596	0.0449487	0.0866477	0.131596
0	7.92677	0	8.95431	0	0	-0	0	0	0	-0.483467	0	0	0	0.135117	0.043512	0.0916048	0.135117
0	7.01881	0	-86.8138	0	0	-0	0	0	0	-0.464311	0	0	0	0.138185	0.041788	0.0963969	0.138185
0	6.28922	0	-105.967	0	0	-0	0	0	0	-0.443026	0	0	0	0.140859	0.0398724	0.100987	0.140859
0	6.22035	0	-139.486	0	0	-0	0	0	0	-0.42387	0	0	0	0.143528	0.0381483	0.10538	0.143528
0	4.11976	0	-1164.2	0	0	-0	0	0	0	-0.208897	0	0	0	0.128105	0.0188007	0.109305	0.128105
0	2.25705	0	-991.822	0	0	-0	0	0	0	0.107178	0	0	0	0.100939	-0.00964603	0.110585	0.100939
0	2.7967	0	334.566	0	0	-0	0	0	0	0.661639	0	0	0	0.0485766	-0.0595476	0.108124	0.0485766
0	2.28778	0	-192.159	0	0	-0	0	0	0	0.656318	0	0	0	0.0420453	-0.0590687	0.101114	0.0420453
0	1.04747	0	-96.3906	0	0	-0	0	0	0	0.570116	0	0	0	0.0435756	-0.0513104	0.094886	0.0435756
0	1.8891	0	-67.6601	0	0	-0	0	0	0	0.541382	0	0	0	0.0405456	-0.0487244	0.08927	0.0405456
0	1.50872	0	-110.756	0	0	-0	0	0	0	0.500941	0	0	0	0.0388566	-0.0450847	0.0839413	0.0388566
0	1.32182	0	210.067	0	0	-0	0	0	0	0.453051	0	0	0	0.0382584	-0.0407746	0.079033	0.0382584
0	1.19615	0	4.16591	0	0	-0	0	0	0	0.404097	0	0	0	0.0382774	-0.0363687	0.0746461	0.0382774
0	0.686649	0	-67.6601	0	0	-0	0	0	0	0.367913	0	0	0	0.0375834	-0.0331122	0.0706956	0.0375834
0	0.2939	0	-77.237	0	0	-0	0	0	0	0.328537	0	0	0	0.0375386	-0.0295683	0.067107	0.0375386
0	0.164798	0	85.5688	0	0	-0	0	0	0	0.285968	0	0	0	0.0381962	-0.0257371	0.0639333	0.0381962
0	0.117792	0	-0.622495	0	0	-0	0	0	0	0.240206	0	0	0	0.0395721	-0.0216186	0.0611907	0.0395721
0	0.319	0	109.511	0	0	-0	0	0	0	0.196573	0	0	0	0.0412141	-0.0176916	0.0589057	0.0412141
0	0.470002	0	4.16591	0	0	-0	0	0	0	0.15294	0	0	0	0.0432871	-0.0137646	0.0570517	0.0432871
0	0.386732	0	-29.3529	0	0	-0	0	0	0	0.115692	0	0	0	0.0452058	-0.0104123	0.0556181	0.0452058
0	0.528745	0	-14.9877	0	0	-0	0	0	0	0.0816367	0	0	0	0.047199	-0.0073473	0.0545463	0.047199
0	0.610994	0	4.16591	0	0	-0	0	0	0	0.0529026	0	0	0	0.0490379	-0.00476124	0.0537991	0.0490379
0	0.716379	0	-14.9877	0	0	-0	0	0	0	0.0220401	0	0	0	0.0513716	-0.00198361	0.0533552	0.0513716
0	0.670881	0	-19.7761	0	0	-0	0	0	0	0.00181983	0	0	0	0.0530243	-0.000163785	0.0531881	0.0530243
0	0.883058	0	-29.3529	0	0	-0	0	0	0	-0.016272	0	0	0	0.0546716	0.00146448	0.0532071	0.0546716
0	0.777729	0	-82.0254	0	0	-0	0	0	0	-0.0332996	0	0	0	0.0564253	0.00299696	0.0534284	0.0564253
0	0.826537	0	-82.0254	0	0	-0	0	0	0	-0.0460703	0	0	0	0.0579449	0.00414633	0.0537986	0.0579449
0	0.891962	0	-14.9877	0	0	-0	0	0	0	-0.0556483	0	0	0	0.0592996	0.00500835	0.0542912	0.0592996
0	0.500579	0	-38.9297	0	0	-0	0	0	0	-0.0641621	0	0	0	0.0606489	0.00577459	0.0548743	0.0606489
0	0.777984	0	-101.179	0	0	-0	0	0	0	-0.0673548	0	0	0	0.0615885	0.00606193	0.0555266	0.0615885
0	0.718625	0	-67.6601	0	0	-0	0	0	0	-0.0673548	0	0	0	0.0622674	0.00606193	0.0562055	0.0622674
0	0.589933	0	-38.9297	0	0	-0	0	0	0	-0.0673548	0	0	0	0.0629303	0.00606193	0.0568684	0.0629303
0	0.69394	0	-24.5645	0	0	-0	0	0	0	-0.0641621	0	0	0	0.0633112	0.00577459	0.0575366	0.0633112
0	0.594771	0	-58.0833	0	0	-0	0	0	0	-0.058841	0	0	0	0.0634739	0.00529569	0.0581782	0.0634739
0	0.438807	0	-58.0833	0	0	-0	0	0	0	-0.0545841	0	0	0	0.0636632	0.00491257	0.0587507	0.0636632
0	0.291219	0	-62.8717	0	0	-0	0	0	0	-0.0524557	0	0	0	0.0640228	0.00472101	0.0593018	0.0640228
0	0.319745	0	-43.7181	0	0	-0	0	0	0	-0.0450061	0	0	0	0.063861	0.00405055	0.0598104	0.063861
0	0.207192	0	-58.0833	0	0	-0	0	0	0	-0.0343638	0	0	0	0.063316	0.00309274	0.0602232	0.063316
0	-0.0138786	0	-10.1993	0	0	0	0	0	0	-0.0290427	0	0	0	0.0631701	0.00261384	0.0605562	0.0631701
0	0.11878	0	-34.1413	0	0	-0	0	0	0	-0.0194647	0	0	0	0.0625665	0.00175182	0.0608147	0.0625665
0	0.0634603	0	-82.0254	0	0	-0	0	0	0	-0.0152078	0	0	0	0.0623621	0.0013687	0.0609934	0.0623621
0	-0.0413476	0	-82.0254	0	0	0	0	0	0	-0.00882242	0	0	0	0.0619182	0.000794018	0.0611242	0.0619182
0	-0.179814	0	-72.4485	0	0	0	0	0	0	-0.00562975	0	0	0	0.0617138	0.000506677	0.0612071	0.0617138
0	-0.287437	0	-67.6601	0	0	0	0	0	0	-0.000308622	0	0	0	0.0612752	2.7776e-05	0.0612474	0.0612752
0	-0.257023	0	-14.9877	0	0	0	0	0	0	0.000755603	0	0	0	0.0611825	-6.80043e-05	0.0612505	0.0611825
0	-0.3077	0	-5.4109	0	0	0	0	0	0	0.0050125	0	0	0	0.0607865	-0.000451125	0.0612376	0.0607865
