0	0.00203507	0	4.07014	0	0	-0	0	0	0	-0.00133028	0	0	0	5.32111e-05	5.32111e-05	0	5.32111e-05
0	1577.3	0	-34.2371	0	0	-0	0	0	0.0150796	-0.0130368	15.0796	0	0.0114354	0.00115685	0.00112466	3.21975e-05	0.0125923
0	-1182.99	0	4.07014	0	0	0	-0	0	0.0603186	0.0305965	30.1593	0	0.0231221	0.00159495	0.00118888	0.000406067	0.0247171
0	-295.787	0	-53.3907	0	0	0	-0	0	0.135717	0.0316607	45.2389	0	0.0350602	0.00510301	0.00416225	0.000940767	0.0401632
0	-148.523	0	-43.8139	0	0	0	-0	0	0.241274	0.0305965	60.3186	0	0.0411235	0.00773027	0.00616517	0.0015651	0.0488537
0	-37.1492	0	-19.8719	0	0	0	-0	0	0.376991	0.0231469	75.3982	0	0.0534385	0.0150362	0.0112886	0.00374756	0.0684747
0	-9.29142	0	4.07014	0	0	0	-0	0	0.542867	0.0231469	90.4779	0	0.0660049	0.0248844	0.0173205	0.00756392	0.0908893
0	-1.75997	0	8.85855	0	0	0	-0	0	0.738903	0.0274038	105.558	0	0.0853257	0.0453858	0.02846	0.0169258	0.130711
0	-0.277761	0	-10.2951	0	0	0	0	0	0.965097	0.0327249	120.637	0	0.0918916	0.053815	0.0326202	0.0211948	0.145707
0	-0.316947	0	13.6469	0	0	0	0	0	1.22145	0.0763582	135.717	0	0.111966	0.0835136	0.0458037	0.0377099	0.19548
0	0.68194	0	277.009	0	0	-0	0	0	1.50796	0.157239	150.796	0	0.125664	0.106119	0.054029	0.05209	0.231783
0	-0.351645	0	1004.85	0	0	0	0	0	1.80956	0.445644	150.796	0	0.128177	0.123	0.0545565	0.0684436	0.251177
0	-3.679	0	-3683	0	0	0	0	0	2.11115	1.55244	150.796	0	0.13069	0.105491	0.0223485	0.083142	0.236181
0	-796.653	0	310.528	0	0	0	-0	0	2.41274	2.60815	150.796	0	0.133204	0.0789059	-0.00781627	0.0867222	0.212109
0	-201.289	0	-187.466	0	0	0	-0	0	2.71434	3.14984	150.796	0	0.135717	0.0660038	-0.0174202	0.083424	0.201721
0	-53.1451	0	-809.958	0	0	0	-0	0	3.01593	3.61171	150.796	0	0.13823	0.0535792	-0.0238314	0.0774106	0.191809
0	1598.07	0	-503.501	0	0	-0	0	0	3.31752	4.08955	150.796	0	0.140743	0.0388353	-0.0308812	0.0697165	0.179579
0	-817.551	0	-805.17	0	0	0	-0	0	3.61911	4.33007	150.796	0	0.142	0.0306144	-0.0344699	0.0650843	0.172614
0	-208.314	0	-254.504	0	0	0	-0	0	3.76991	4.53972	150.796	0	0.144513	0.0242236	-0.0307923	0.0550159	0.168737
0	-54.9291	0	300.951	0	0	0	-0	0	4.0715	4.71319	150.796	0	0.147027	0.0204984	-0.0256674	0.0461658	0.167525
0	-17.1818	0	257.856	0	0	0	0	0	4.3731	4.81961	150.796	0	0.14954	0.0211267	-0.0178606	0.0389872	0.170666
0	1676.09	0	-431.675	0	0	-0	0	0	4.67469	5.03671	150.796	0	0.152053	0.0195421	-0.014481	0.034023	0.171595
0	-849.456	0	-503.501	0	0	0	-0	0	4.97628	5.24104	150.796	0	0.15331	0.0152285	-0.0166224	0.0318509	0.168538
0	-109.977	0	-134.794	0	0	0	-0	0	5.27787	5.52413	150.796	0	0.15708	0.0159771	-0.00985018	0.0258272	0.173057
0	-58.693	0	-120.428	0	0	0	-0	0	5.57946	5.6827	150.796	0	0.159593	0.0202204	-0.00412926	0.0243497	0.179813
0	-18.7966	0	765.426	0	0	0	0	0	5.88106	5.8402	150.796	0	0.162106	0.0250369	0.0016342	0.0234027	0.187143
0	-7.12661	0	-144.37	0	0	0	0	0	6.18265	6.10094	150.796	0	0.164619	0.0284116	0.00326849	0.0251431	0.193031
0	-4.9235	0	813.31	0	0	0	0	0	6.48424	6.48619	150.796	0	0.167133	0.0265337	-7.77817e-05	0.0266114	0.193666
0	-4.00044	0	-383.791	0	0	0	0	0	6.78583	6.82674	150.796	0	0.169646	0.0256058	-0.00163616	0.0272419	0.195252
0	-4.90151	0	-944.034	0	0	0	0	0	7.08743	7.09599	150.796	0	0.172159	0.0266541	-0.000342426	0.0269965	0.198813
0	1877.37	0	-771.651	0	0	-0	0	0	7.38902	7.49401	150.796	0	0.173416	0.0152831	-0.0102314	0.0255145	0.188699
0	-237.606	0	880.348	0	0	0	-0	0	7.69061	8.00909	150.796	0	0.177186	0.00836136	-0.0127392	0.0211006	0.185547
0	-59.9788	0	889.925	0	0	0	0	0	7.9922	8.08252	150.796	0	0.179699	0.014952	-0.00361277	0.0185648	0.194651
0	-30.3503	0	492.487	0	0	0	0	0	8.2938	8.10913	150.796	0	0.182212	0.0254096	0.0073867	0.0180229	0.207622
0	2012.32	0	-1202.61	0	0	-0	0	0	8.59539	8.6902	150.796	0	0.184726	0.0166057	-0.00379223	0.020398	0.201331
0	-1011.53	0	-82.1211	0	0	0	-0	0	8.89699	9.0084	150.796	0	0.187239	0.0153726	-0.00445656	0.0198291	0.202611
0	-252.619	0	569.102	0	0	0	-0	0	9.19858	9.36385	150.796	0	0.189752	0.0106808	-0.00661095	0.0172917	0.200433
0	-61.061	0	-541.808	0	0	0	0	0	9.50017	9.42025	150.796	0	0.191009	0.0124668	-0.0028352	0.015302	0.203476
0	-14.6185	0	-695.037	0	0	0	0	0	9.80177	10.0801	150.796	0	0.193522	-0.00376193	-0.0171643	0.0134023	0.18976
0	2170.32	0	320.105	0	0	-0	0	0	10.1034	10.4504	150.796	0	0.196035	-0.0128383	-0.0199145	0.00707621	0.183197
0	-542.578	0	-244.927	0	0	0	-0	0	10.405	10.2695	150.796	0	0.198549	0.00212052	-0.000614052	0.00273457	0.200669
0	-134.768	0	238.702	0	0	0	-0	0	10.7065	10.7516	150.796	0	0.201062	-0.0050877	-0.00783405	0.00274635	0.195974
0	-33.1011	0	-311.964	0	0	0	0	0	11.0081	11.1901	150.796	0	0.204832	-0.0080257	-0.00727692	-0.00074878	0.196806
0	-0.988382	0	616.986	0	0	0	0	0	11.3097	11.4146	150.796	0	0.207345	-0.00645373	-0.00419521	-0.00225851	0.200891
0	-1185.29	0	-273.657	0	0	0	-0	0	11.7621	11.7541	150.796	0	0.209858	-0.00867637	-0.00571094	-0.00296542	0.201182
0	-295.848	0	229.125	0	0	0	-0	0	12.0637	12.1532	150.796	0	0.212372	-0.0145659	-0.00961063	-0.00495522	0.197806
0	-1278.57	0	-62.9675	0	0	0	-0	0	12.3653	12.4586	150.796	0	0.216142	-0.0126242	-0.00373234	-0.00889186	0.203517
0	-316.096	0	181.241	0	0	0	-0	0	12.6669	12.8258	150.796	0	0.218655	-0.0154635	-0.00635483	-0.00910871	0.203191
0	-76.3383	0	746.273	0	0	0	-0	0	12.9685	13.227	150.796	0	0.221168	-0.0210841	-0.0103396	-0.0107445	0.200084
0	-17.4754	0	526.006	0	0	0	0	0	13.2701	13.4239	150.796	0	0.223681	-0.0190309	-0.0061512	-0.0128797	0.204651
0	-1.32363	0	-393.367	0	0	0	0	0	13.5717	13.6942	150.796	0	0.226195	-0.0186072	-0.00489994	-0.0137073	0.207588
0	-1.60461	0	-671.095	0	0	0	0	0	13.8733	13.9294	150.796	0	0.228708	-0.0166862	-0.00224396	-0.0144422	0.212022
0	2.0517	0	990.481	0	0	-0	0	0	14.1749	14.4732	150.796	0	0.231221	-0.0281404	-0.011933	-0.0162073	0.203081
0	3.61704	0	899.502	0	0	-0	0	0	14.4765	14.8712	150.796	0	0.232478	-0.0434418	-0.0218219	-0.0216198	0.189036
0	-2088.21	0	-541.808	0	0	0	0	0	14.7781	14.7318	150.796	0	0.234991	-0.0307217	-0.00418163	-0.0265401	0.204269
0	528.158	0	114.203	0	0	-0	0	0	15.0797	14.8659	150.796	0	0.237504	-0.0249014	0.00251835	-0.0274198	0.212603
0	68.3304	0	1335.25	0	0	-0	0	0	15.3812	15.6481	150.796	0	0.241274	-0.0372283	-0.0106742	-0.0265541	0.204046
0	24.5673	0	1881.12	0	0	-0	0	0	15.6828	15.8429	150.796	0	0.243788	-0.0364527	-0.0064006	-0.0300521	0.207335
0	11.2188	0	1100.61	0	0	-0	0	0	15.9844	15.9546	150.796	0	0.246301	-0.0290651	0.00119339	-0.0302585	0.217236
0	6.742	0	-1633.56	0	0	-0	0	0	16.286	16.607	150.796	0	0.248814	-0.0438511	-0.0128377	-0.0310135	0.204963
0	9.20075	0	1517.21	0	0	-0	0	0	16.5876	16.8932	150.796	0	0.251327	-0.0476536	-0.012225	-0.0354286	0.203674
0	11.4255	0	1234.69	0	0	-0	0	0	16.8892	16.8539	150.796	0	0.253841	-0.0356173	0.0014138	-0.0370311	0.218223
0	7.7597	0	449.392	0	0	-0	0	0	17.1908	16.9965	150.796	0	0.255097	-0.0350776	0.00174141	-0.0368191	0.22002
0	10.8379	0	-541.808	0	0	-0	0	0	17.4886	17.8351	143.256	0	0.253181	-0.0525876	-0.0138581	-0.0387295	0.200593
0	12.2812	0	1019.21	0	-0	-0	-0	0	17.7601	17.9777	128.176	0	0.244133	-0.0511956	-0.00870506	-0.0424906	0.192937
0	9.54935	0	-469.982	0	0	-0	-0	0	18.0013	18.1841	113.097	0	0.234834	-0.0511089	-0.00731255	-0.0437963	0.183725
0	15.3236	0	1507.63	0	-0	-0	-0	0	18.2125	18.4396	98.017	0	0.225283	-0.0573865	-0.00908455	-0.0483019	0.167897
0	13.0311	0	1019.21	0	-0	-0	-0	0	18.3934	18.3544	82.9373	0	0.220414	-0.0515737	-0.0019091	-0.0496646	0.16884
0	17.3838	0	42.3774	0	-0	-0	-0	0	18.5442	18.364	67.8576	0	0.205428	-0.0420494	0.00720787	-0.0492572	0.163379
0	18.0539	0	56.7426	0	-0	-0	-0	0	18.6648	18.3683	52.778	0	0.195124	-0.0346431	0.0118629	-0.046506	0.160481
0	20.6568	0	468.545	0	-0	-0	-0	0	18.7553	18.3895	37.6983	0	0.184568	-0.0280035	0.0146307	-0.0426342	0.156565
0	23.2882	0	1895.49	0	-0	-0	-0	0	18.8156	18.6247	22.6186	0	0.173761	-0.0306688	0.00763565	-0.0383045	0.143092
0	26.0659	0	593.044	0	-0	-0	-0	0	18.8458	18.5268	7.53894	0	0.162702	-0.0234681	0.0127583	-0.0362264	0.139234
0	491.027	0	-235.35	0	0	-0	0	0	18.8496	18.3353	0	0	0.15708	-0.0111727	0.0205714	-0.0317441	0.145907
0	259.971	0	-235.35	0	0	-0	0	0	18.8496	18.1288	0	0	0.15708	0.000171484	0.0288299	-0.0286584	0.157251
0	52.7308	0	-5.50666	0	0	-0	-0	0	18.8496	17.6371	0	0	0.15708	0.0375689	0.0484968	-0.0109279	0.194649
0	42.7615	0	-5.50666	0	0	-0	-0	0	18.8496	17.5743	0	0	0.15708	0.0473549	0.0510083	-0.00365335	0.204435
0	32.3776	0	2436.58	0	-0	-0	-0	0	18.8496	17.7276	0	0	0.15708	0.0641405	0.0448784	0.0192621	0.22122
0	37.2466	0	2834.02	0	-0	-0	-0	0	18.8496	18.149	0	0	0.15708	0.0592972	0.0280211	0.0312761	0.216377
0	32.6258	0	-1307.95	0	0	-0	-0	0	18.8496	18.7046	0	0	0.15708	0.0442692	0.00580002	0.0384692	0.201349
0	32.4105	0	-1269.65	0	0	-0	-0	0	18.8496	19.2409	0	0	0.15708	0.0223515	-0.0156548	0.0380063	0.179431
0	34.3165	0	535.583	0	-0	-0	-0	0	18.8496	19.1302	0	0	0.15708	0.0221653	-0.0112276	0.0333928	0.179245
0	31.5648	0	-340.695	0	0	-0	-0	0	18.8496	19.0983	0	0	0.15708	0.0217582	-0.00995049	0.0317087	0.178838
0	33.803	0	473.334	0	-0	-0	-0	0	18.8496	19.3505	0	0	0.15708	0.00571021	-0.0200394	0.0257496	0.16279
0	31.7102	0	-570.538	0	0	-0	-0	0	18.8496	19.1835	0	0	0.15708	0.00732031	-0.0133561	0.0206764	0.1644
0	30.879	0	-575.327	0	0	-0	-0	0	18.8496	19.2292	0	0	0.15708	0.00106801	-0.0151865	0.0162545	0.158148
0	29.3368	0	-331.118	0	0	-0	-0	0	18.8496	19.1175	0	0	0.15708	0.00144164	-0.0107167	0.0121583	0.158521
0	25.5073	0	1028.79	0	-0	-0	-0	0	18.8496	19.01	0	0	0.15708	0.0041336	-0.00641724	0.0105508	0.161213
0	23.6802	0	985.693	0	-0	-0	-0	0	18.8496	19.0281	0	0	0.15708	0.00194605	-0.00714096	0.00908701	0.159026
0	100.4	0	985.693	0	-0	-0	-0	0	18.8496	19.0898	0	0	0.15708	-0.00159412	-0.00960999	0.00801587	0.155486
0	8.61426	0	-201.831	0	0	-0	-0	0	18.8496	18.8897	0	0	0.15708	0.00369981	-0.00160706	0.00530687	0.160779
0	13.757	0	-379.002	0	0	-0	-0	0	18.8496	18.7727	0	0	0.15708	0.00821328	0.00307564	0.00513764	0.165293
0	290.326	0	-379.002	0	0	-0	-0	0	18.8496	18.7493	0	0	0.15708	0.00961106	0.00401207	0.00559899	0.166691
0	-21.0501	0	-455.617	0	0	0	-0	0	18.8496	18.6024	0	0	0.15708	0.0182361	0.00988663	0.00834946	0.175316
0	1.86737	0	-211.408	0	0	-0	-0	0	18.8496	18.5385	0	0	0.15708	0.0239477	0.0124407	0.011507	0.181027
0	3.95227	0	-1427.66	0	0	-0	-0	0	18.8496	18.6088	0	0	0.15708	0.0246726	0.00963127	0.0150413	0.181752
0	6.01729	0	1847.61	0	-0	-0	-0	0	18.8496	18.3629	0	0	0.15708	0.0381807	0.0194646	0.0187161	0.19526
0	3.21804	0	-704.614	0	0	-0	-0	0	18.8496	18.8355	0	0	0.15708	0.0243405	0.000564041	0.0237765	0.18142
0	1.20883	0	-800.382	0	0	-0	-0	0	18.8496	19.0909	0	0	0.15708	0.0142086	-0.00965248	0.0238611	0.171288
0	-373.72	0	-570.538	0	0	0	-0	0	18.8496	18.9685	0	0	0.15708	0.0152967	-0.00475708	0.0200538	0.172376
0	-184.108	0	-570.538	0	0	0	-0	0	18.8496	18.9355	0	0	0.15708	0.0159027	-0.0034375	0.0193402	0.172982
0	-46.3477	0	382.354	0	0	0	-0	0	18.8496	18.9142	0	0	0.15708	0.0157549	-0.00258606	0.0183409	0.172835
0	-12.4488	0	-742.921	0	0	0	-0	0	18.8496	18.7663	0	0	0.15708	0.0214325	0.00333099	0.0181015	0.178512
0	-2.4699	0	856.406	0	0	0	-0	0	18.8496	18.8653	0	0	0.15708	0.0184729	-0.000627899	0.0191008	0.175553
0	-265.722	0	-594.48	0	0	0	-0	0	18.8496	18.8546	0	0	0.15708	0.0176645	-0.000202255	0.0178668	0.174744
0	-67.5845	0	-728.556	0	0	0	-0	0	18.8496	19.1164	0	0	0.15708	0.00662749	-0.0106742	0.0173017	0.163707
0	-16.5238	0	2115.76	0	0	0	-0	0	18.8496	19.3644	0	0	0.15708	-0.00789177	-0.0205928	0.012701	0.149188
0	-4.96004	0	-699.825	0	0	0	-0	0	18.8496	19.1909	0	0	0.15708	-0.00637744	-0.0136541	0.00727666	0.150702
0	-2.91729	0	-211.408	0	0	0	-0	0	18.8496	19.1866	0	0	0.15708	-0.0103927	-0.0134837	0.00309104	0.146687
0	-5.29011	0	-1327.11	0	0	0	-0	0	18.8496	18.828	0	0	0.15708	0.000846533	0.000861969	-1.54358e-05	0.157926
0	-3.05424	0	526.006	0	0	0	-0	0	18.8496	18.4289	0	0	0.15708	0.0190416	0.0168253	0.00221623	0.176121
0	-786.033	0	468.545	0	0	0	-0	0	18.8496	18.4545	0	0	0.15708	0.0225375	0.0158037	0.00673385	0.179617
0	-195.435	0	621.774	0	0	0	-0	0	18.8496	18.2523	0	0	0.15708	0.0364523	0.0238918	0.0125605	0.193532
0	-45.1888	0	1249.06	0	0	0	-0	0	18.8496	18.6939	0	0	0.15708	0.0245873	0.00622574	0.0183616	0.181667
0	-6.60254	0	995.27	0	0	0	-0	0	18.8496	18.7865	0	0	0.15708	0.0219278	0.0025222	0.0194056	0.179007
0	-2.9393	0	-489.135	0	0	0	-0	0	18.8496	18.7993	0	0	0.15708	0.0217953	0.00201141	0.0197839	0.178875
0	3.39702	0	-2294.36	0	0	-0	-0	0	18.8496	19.325	0	0	0.15708	-0.00203858	-0.0190177	0.0169791	0.155041
0	5.95852	0	1143.71	0	-0	-0	-0	0	18.8496	18.9515	0	0	0.15708	0.00892193	-0.00407593	0.0129979	0.166002
0	4.79909	0	-446.04	0	0	-0	-0	0	18.8496	19.0845	0	0	0.15708	0.00172033	-0.00939705	0.0111174	0.1588
0	5.2962	0	602.621	0	-0	-0	-0	0	18.8496	18.9206	0	0	0.15708	0.00607614	-0.00284149	0.00891763	0.163156
0	2.70274	0	219.548	0	-0	-0	-0	0	18.8496	18.8461	0	0	0.15708	0.00842699	0.000138321	0.00828867	0.165507
0	2286.24	0	372.777	0	-0	-0	-0	0	18.8496	18.8142	0	0	0.15708	0.00991798	0.00141541	0.00850257	0.166998
0	-568.399	0	1138.92	0	0	0	-0	0	18.8496	18.8014	0	0	0.15708	0.0109492	0.00192619	0.00902297	0.168029
0	-279.379	0	1138.92	0	0	0	-0	0	18.8496	18.9036	0	0	0.15708	0.00715156	-0.00216034	0.0093119	0.164231
0	-639.023	0	482.91	0	0	0	-0	0	18.8496	18.845	0	0	0.15708	0.00810556	0.000180893	0.00792467	0.165185
0	-315.019	0	482.91	0	0	0	-0	0	18.8496	18.8504	0	0	0.15708	0.00791984	-3.19672e-05	0.0079518	0.164999
0	-78.6955	0	214.76	0	0	0	-0	0	18.8496	18.795	0	0	0.15708	0.0102388	0.00218163	0.00805716	0.167318
0	-16.3331	0	-809.958	0	0	0	-0	0	18.8496	18.9653	0	0	0.15708	0.00344375	-0.00462936	0.00807311	0.160523
0	-2.04815	0	583.467	0	0	0	-0	0	18.8496	18.7556	0	0	0.15708	0.0116557	0.00375664	0.00789909	0.168735
0	1.69571	0	583.467	0	-0	-0	-0	0	18.8496	18.7642	0	0	0.15708	0.0118788	0.00341621	0.00846259	0.168958
0	3.93537	0	631.351	0	-0	-0	-0	0	18.8496	18.6567	0	0	0.15708	0.0175862	0.00771568	0.00987057	0.174666
0	1.67259	0	-158.736	0	0	-0	-0	0	18.8496	18.8855	0	0	0.15708	0.0112418	-0.00143677	0.0126785	0.168321
0	5.61399	0	-158.736	0	0	-0	-0	0	18.8496	19.0142	0	0	0.15708	0.00587541	-0.0065876	0.012463	0.162955
0	-1902.57	0	2163.64	0	0	0	-0	0	18.8496	19.0377	0	0	0.15708	0.00258588	-0.00752411	0.01011	0.159666
0	484.581	0	387.142	0	-0	-0	-0	0	18.8496	19.0313	0	0	0.15708	0.000667018	-0.00726875	0.00793577	0.157747
0	127.725	0	-134.794	0	0	-0	-0	0	18.8496	19.0036	0	0	0.15708	-0.000470506	-0.0061618	0.0056913	0.156609
0	39.4592	0	722.331	0	-0	-0	-0	0	18.8496	18.928	0	0	0.15708	0.000958659	-0.0031395	0.00409815	0.158038
0	21.3331	0	2738.25	0	-0	-0	-0	0	18.8496	18.7375	0	0	0.15708	0.00840298	0.00448044	0.00392255	0.165483
0	18.1055	0	473.334	0	-0	-0	-0	0	18.8496	18.7141	0	0	0.15708	0.0107985	0.00541687	0.00538161	0.167878
0	20.0982	0	923.444	0	-0	-0	-0	0	18.8496	18.6386	0	0	0.15708	0.0156503	0.00843925	0.00721101	0.17273
0	-1435.59	0	-220.985	0	0	0	-0	0	18.8496	18.696	0	0	0.15708	0.0159281	0.00614059	0.00978748	0.173008
0	1094.84	0	-288.022	0	0	-0	0	0	18.8496	18.7354	0	0	0.15708	0.0159078	0.00456551	0.0113423	0.172987
0	294.086	0	444.603	0	-0	-0	-0	0	18.8496	18.6875	0	0	0.15708	0.0192569	0.00648109	0.0127758	0.176337
0	94.9066	0	502.064	0	-0	-0	-0	0	18.8496	18.6226	0	0	0.15708	0.02413	0.00907783	0.0150522	0.18121
0	47.5109	0	128.569	0	-0	-0	-0	0	18.8496	18.9206	0	0	0.15708	0.0142189	-0.00284149	0.0170604	0.171299
0	35.9362	0	1282.57	0	-0	-0	-0	0	18.8496	19.0589	0	0	0.15708	0.0082587	-0.00837547	0.0166342	0.165338
0	35.8159	0	487.699	0	-0	-0	-0	0	18.8496	18.9121	0	0	0.15708	0.0110795	-0.00250092	0.0135804	0.168159
0	32.553	0	138.145	0	-0	-0	-0	0	18.8496	18.8919	0	0	0.15708	0.011513	-0.0016922	0.0132052	0.168593
0	34.4684	0	339.258	0	-0	-0	-0	0	18.8496	18.8621	0	0	0.15708	0.0123315	-0.000500183	0.0128317	0.169411
0	42.7429	0	664.87	0	-0	-0	-0	0	18.8496	18.9121	0	0	0.15708	0.0100338	-0.00250092	0.0125347	0.167113
0	42.6459	0	664.87	0	-0	-0	-0	0	18.8496	18.8099	0	0	0.15708	0.0134723	0.00158569	0.0118866	0.170552
0	44.1007	0	138.145	0	-0	-0	-0	0	18.8496	18.6811	0	0	0.15708	0.0196544	0.00673653	0.0129179	0.176734
0	45.6653	0	-96.4863	0	0	-0	-0	0	18.8496	18.6152	0	0	0.15708	0.024602	0.00937584	0.0152262	0.181682
0	45.1855	0	487.699	0	-0	-0	-0	0	18.8496	18.4268	0	0	0.15708	0.0355752	0.0169105	0.0186647	0.192655
0	41.0428	0	-426.886	0	0	-0	-0	0	18.8496	19.0962	0	0	0.15708	0.0135803	-0.00986542	0.0234457	0.17066
0	43.5707	0	-62.9675	0	0	-0	-0	0	18.8496	18.9578	0	0	0.15708	0.0176345	-0.00433136	0.0219659	0.174714
0	39.8798	0	-220.985	0	0	-0	-0	0	18.8496	18.7652	0	0	0.15708	0.0253362	0.00337357	0.0219627	0.182416
0	44.4874	0	1086.25	0	-0	-0	-0	0	18.8496	18.91	0	0	0.15708	0.0202014	-0.00241577	0.0226172	0.177281
0	36.9086	0	-867.419	0	0	-0	-0	0	18.8496	18.6769	0	0	0.15708	0.0294585	0.00690681	0.0225517	0.186538
0	33.5014	0	-1145.15	0	0	-0	-0	0	18.8496	18.8195	0	0	0.15708	0.0257688	0.00120255	0.0245663	0.182848
0	35.1333	0	-2102.83	0	0	-0	-0	0	18.8496	18.9153	0	0	0.15708	0.022118	-0.00262871	0.0247467	0.179198
0	32.1584	0	1215.54	0	-0	-0	-0	0	18.8496	19.0313	0	0	0.15708	0.0159949	-0.00726875	0.0232637	0.173075
0	33.1401	0	13.6469	0	-0	-0	-0	0	18.8496	19.2431	0	0	0.15708	0.00438525	-0.01574	0.0201252	0.161465
0	23.411	0	-1097.26	0	0	-0	-0	0	18.8496	19.2909	0	0	0.15708	-0.00248858	-0.0176556	0.015167	0.154591
0	25.9704	0	-618.422	0	0	-0	-0	0	18.8496	19.1739	0	0	0.15708	-0.000454222	-0.0129729	0.0125186	0.156625
0	24.6555	0	-101.275	0	0	-0	-0	0	18.8496	18.9014	0	0	0.15708	0.00687876	-0.00207527	0.00895403	0.163958
0	26.0861	0	-422.098	0	0	-0	-0	0	18.8496	18.8504	0	0	0.15708	0.00861077	-3.19672e-05	0.00864274	0.16569
0	24.1779	0	-355.06	0	0	-0	-0	0	18.8496	18.7705	0	0	0.15708	0.0120238	0.00316078	0.00886303	0.169103
0	25.3744	0	-244.927	0	0	-0	-0	0	18.8391	18.6662	-12.5607	0	0.147572	0.0179492	0.00691399	0.0110352	0.165521
0	23.0497	0	-460.405	0	0	-0	-0	0	18.7989	18.5141	-27.6402	0	0.135927	0.0248261	0.0113933	0.0134328	0.160753
0	20.688	0	-1284.01	0	0	-0	-0	0	18.7285	18.5226	-42.7196	0	0.124031	0.025335	0.00823845	0.0170966	0.149366
0	19.954	0	128.569	0	-0	-0	-0	0	18.628	18.7163	-57.7991	0	0.111884	0.0143688	-0.00352982	0.0178986	0.126253
0	16.5886	0	-139.582	0	0	-0	-0	0	18.4973	18.5886	-72.8785	0	0.105716	0.0164848	-0.000884323	0.0173692	0.122201
0	18.6264	0	995.27	0	-0	-0	-0	0	18.3365	18.5747	-87.958	0	0.0868357	0.00670262	-0.00952858	0.0162312	0.0935383
0	15.0015	0	439.815	0	-0	-0	-0	0	18.1455	18.4736	-103.037	0	0.0739345	0.00167768	-0.0131242	0.0148019	0.0756122
0	17.2343	0	1263.42	0	-0	-0	-0	0	17.9244	18.0181	-118.117	0	0.060782	0.00566371	-0.00375076	0.00941447	0.0664457
0	735.714	0	-747.709	0	0	-0	-0	0	17.6731	17.0848	-133.196	0	0.0473782	0.0334975	0.0235298	0.00996768	0.0808757
0	-349.021	0	-1604.83	0	0	0	-0	0	17.3916	16.8762	-148.276	0	0.033723	0.0341118	0.0206146	0.0134972	0.0678348
0	-30.6618	0	2043.93	0	0	0	-0	0	17.0904	16.1643	-150.796	0	0.0293228	0.0637645	0.0370465	0.026718	0.0930873
0	2.70303	0	-747.709	0	0	-0	-0	0	16.7888	16.16	-150.796	0	0.0268095	0.0619017	0.0251533	0.0367484	0.0887112
0	14.6207	0	2738.25	0	-0	-0	-0	0	16.4872	15.9482	-150.796	0	0.0242963	0.0649716	0.0215609	0.0434107	0.0892679
0	16.0993	0	-580.115	0	0	-0	-0	0	16.1856	15.9269	-150.796	0	0.0217831	0.0593485	0.0103488	0.0489998	0.0811316
0	13.7655	0	-714.19	0	0	-0	-0	0	15.8841	15.7237	-150.796	0	0.0192698	0.056968	0.00641586	0.0505521	0.0762378
0	16.7936	0	-436.463	0	0	-0	-0	0	15.5825	14.8936	-150.796	0	0.0167566	0.0859735	0.0275562	0.0584173	0.10273
0	19.0729	0	703.177	0	-0	-0	-0	0	15.2809	14.8744	-150.796	0	0.0155	0.0848414	0.0222906	0.0625508	0.100341
0	18.8533	0	631.351	0	-0	-0	-0	0	14.9793	14.6626	-150.796	0	0.0117301	0.0831915	0.0126665	0.0705249	0.0949216
0	1254.48	0	1138.92	0	-0	-0	-0	0	14.6777	14.5051	-150.796	0	0.0104735	0.0853598	0.0129349	0.0724249	0.0958333
0	-135.951	0	95.0498	0	0	0	-0	0	14.3761	13.8102	-150.796	0	0.00670361	0.104273	0.0226372	0.0816357	0.110977
0	-19.148	0	-1307.95	0	0	0	-0	0	14.0745	13.7006	-150.796	0	0.00419037	0.1025	0.0149582	0.0875413	0.10669
0	12.8319	0	1727.9	0	-0	-0	-0	0	13.7729	13.6229	-150.796	0	0.00167713	0.0967834	0.00600224	0.0907811	0.0984605
0	20.1312	0	-632.788	0	0	-0	-0	0	13.4713	13.4686	-150.796	0	-0.000836116	0.0919159	0.00011116	0.0918047	0.0910798
0	24.8863	0	1900.28	0	-0	-0	-0	0	13.1698	12.7225	-150.796	0	-0.00334936	0.111306	0.0178885	0.0934172	0.107956
0	24.4729	0	-134.794	0	0	-0	-0	0	12.8682	12.6683	-150.796	0	-0.0058626	0.105871	0.00799599	0.0978746	0.100008
0	22.1818	0	-762.074	0	0	-0	-0	0	12.5666	12.6896	-150.796	0	-0.00837584	0.0941549	-0.00491905	0.099074	0.0857791
0	22.3832	0	-316.753	0	0	-0	-0	0	12.265	12.1723	-150.796	0	-0.0108891	0.102171	0.00370598	0.0984651	0.091282
0	22.951	0	324.893	0	-0	-0	-0	0	11.9634	12.0053	-150.796	0	-0.0134023	0.0977577	-0.00167423	0.099432	0.0843554
0	25.4512	0	8.85855	0	-0	-0	-0	0	11.6618	11.9936	-150.796	0	-0.0146589	0.091943	-0.00723778	0.0991808	0.0772841
0	25.2835	0	1004.85	0	-0	-0	-0	0	11.3602	11.7211	-150.796	0	-0.0171722	0.0883906	-0.00840374	0.0967943	0.0712184
0	20.632	0	-627.999	0	0	-0	-0	0	11.0586	11.2795	-150.796	0	-0.0209421	0.0846582	-0.00883289	0.093491	0.0637161
0	23.0215	0	300.951	0	-0	-0	-0	0	10.757	10.741	-150.796	0	-0.0234553	0.0918781	0.000643501	0.0912346	0.0684228
0	22.9121	0	621.774	0	-0	-0	-0	0	10.4555	10.692	-150.796	0	-0.0259685	0.0803031	-0.0094619	0.089765	0.0543345
0	23.0356	0	861.194	0	-0	-0	-0	0	10.1539	10.477	-150.796	0	-0.0284818	0.0728161	-0.0129265	0.0857426	0.0443343
0	24.2141	0	1723.11	0	-0	-0	-0	0	9.85228	10.0386	-150.796	0	-0.030995	0.0740594	-0.00745163	0.081511	0.0430643
0	21.719	0	1004.85	0	-0	-0	-0	0	9.55069	9.90661	-150.796	0	-0.0335083	0.0661566	-0.0142367	0.0803932	0.0326483
0	19.7627	0	-1331.89	0	0	-0	-0	0	9.2491	9.84169	-150.796	0	-0.0360215	0.052489	-0.0237035	0.0761925	0.0164675
0	-942.856	0	851.618	0	0	0	-0	0	8.94751	9.37662	-150.796	0	-0.0372781	0.0591812	-0.0111326	0.0703138	0.0219031
0	-217.531	0	937.809	0	0	0	-0	0	8.64592	9.1691	-150.796	0	-0.0397914	0.0523872	-0.0148952	0.0672825	0.0125959
0	-37.5864	0	-872.208	0	0	0	-0	0	8.34433	9.11163	-150.796	0	-0.0423046	0.0371852	-0.0246601	0.0618453	-0.00511944
0	2053.66	0	1976.89	0	-0	-0	-0	0	8.04274	8.15808	-150.796	0	-0.0460745	0.0487521	-0.00461357	0.0533657	0.00267767
0	-996.229	0	2546.71	0	0	0	-0	0	7.74115	7.9463	-150.796	0	-0.0473311	0.0504995	-0.00217417	0.0526737	0.0031684
0	-1139.23	0	-872.208	0	0	0	-0	0	7.43957	7.43015	-150.796	0	-0.051101	0.0521625	0.000376434	0.0517861	0.00106158
0	-556.459	0	-417.309	0	0	0	-0	0	7.13798	7.39397	-150.796	0	-0.0523576	0.0476346	-0.00420799	0.0518426	-0.004723
0	-48.5815	0	-24.6603	0	0	0	-0	0	6.83639	6.8576	-150.796	0	-0.0561274	0.0481294	-0.000848522	0.0489779	-0.00799808
0	7.66609	0	612.197	0	-0	-0	-0	0	6.5348	6.15947	-150.796	0	-0.0586407	0.0646324	0.0150132	0.0496192	0.00599172
0	19.1887	0	1555.51	0	-0	-0	-0	0	6.23321	5.9594	-150.796	0	-0.0598973	0.0688556	0.0169843	0.0518712	0.00895825
0	25.3405	0	712.754	0	-0	-0	-0	0	5.93162	5.84446	-150.796	0	-0.0624105	0.065995	0.00951822	0.0564768	0.00358446
0	26.1382	0	803.734	0	-0	-0	-0	0	5.63003	4.92603	-150.796	0	-0.0661804	0.0900771	0.0281599	0.0619172	0.0238967
0	27.393	0	224.337	0	-0	-0	-0	0	5.32844	4.80897	-150.796	0	-0.0686937	0.0907885	0.020779	0.0700095	0.0220949
0	28.8973	0	32.8006	0	-0	-0	-0	0	5.02685	4.72809	-150.796	0	-0.0699503	0.0911088	0.0179824	0.0731264	0.0211586
0	-522.04	0	387.142	0	0	0	-0	0	4.72526	4.16085	-150.796	0	-0.0737201	0.10465	0.0225764	0.0820736	0.0309299
0	-244.197	0	851.618	0	0	0	-0	0	4.42368	4.09168	-150.796	0	-0.0749768	0.104772	0.0193116	0.0854601	0.0297949
0	-4.60633	0	-393.367	0	0	0	-0	0	4.12209	3.70856	-150.796	0	-0.0787466	0.109854	0.0165411	0.0933133	0.0311077
0	22.3233	0	727.119	0	-0	-0	-0	0	3.8205	3.54254	-150.796	0	-0.0812599	0.108248	0.0111183	0.0971301	0.0269886
0	2257.51	0	650.505	0	-0	-0	-0	0	3.51891	3.45208	-150.796	0	-0.0825165	0.107503	0.00870491	0.0987979	0.0249863
0	-524.885	0	-24.6603	0	0	0	-0	0	3.21732	3.12749	-150.796	0	-0.0850297	0.111253	0.00962489	0.101628	0.0262236
0	-106.087	0	367.989	0	0	0	-0	0	2.91573	2.91039	-150.796	0	-0.087543	0.110604	0.00624541	0.104358	0.0230606
0	15.3173	0	61.531	0	-0	-0	-0	0	2.61414	2.37508	-150.796	0	-0.0913128	0.116552	0.00956228	0.106989	0.0252388
0	24.6259	0	-77.3327	0	0	-0	-0	0	2.31255	2.22184	-150.796	0	-0.0925694	0.118084	0.00966043	0.108424	0.0255147
0	32.667	0	511.641	0	-0	-0	-0	0	2.01096	2.1069	-150.796	0	-0.0963393	0.106883	-0.00383745	0.110721	0.0105439
0	33.3343	0	-10.2951	0	0	-0	-0	0	1.70937	2.00686	-150.796	0	-0.0975959	0.104277	-0.00586775	0.110145	0.00668135
0	31.2928	0	-982.341	0	0	-0	-0	0	1.40945	1.52158	-145.788	0	-0.0975952	0.103932	-0.00448503	0.108417	0.00633685
0	31.0676	0	-642.364	0	0	-0	-0	0	1.13296	1.35875	-130.708	0	-0.0885898	0.0975007	-0.00903167	0.106532	0.00891098
0	31.4061	0	-1054.17	0	0	-0	-0	0	0.886624	1.25871	-115.629	0	-0.0839928	0.09507	-0.0101076	0.105178	0.0110773
0	-1076.65	0	-187.466	0	0	0	-0	0	0.670449	1.03416	-100.549	0	-0.0698248	0.0888127	-0.0119092	0.100722	0.0189879
0	-247.331	0	593.044	0	0	0	-0	0	0.484433	0.916032	-85.4697	0	-0.0649765	0.0852411	-0.0136944	0.0989355	0.0202646
0	-5.92499	0	-393.367	0	0	0	-0	0	0.328575	0.761719	-70.3903	0	-0.0500546	0.0746971	-0.0173258	0.0920229	0.0246425
0	11.9773	0	-489.135	0	0	-0	-0	0	0.202875	0.709572	-55.3108	0	-0.044955	0.0715194	-0.0179047	0.089424	0.0265644
0	25.3056	0	-556.173	0	0	-0	-0	0	0.107334	0.49992	-40.2314	0	-0.0292791	0.0659671	-0.0157034	0.0816705	0.036688
0	25.7812	0	-465.193	0	0	-0	-0	0	0.0419519	0.446709	-25.1519	0	-0.0239281	0.0642816	-0.0150334	0.079315	0.0403534
0	24.6936	0	-77.3327	0	0	-0	-0	0	0.00672793	0.258341	-10.0725	0	-0.00749829	0.0631786	-0.0100645	0.0732431	0.0556803
0	2190.75	0	-393.367	0	0	-0	-0	0	0	0.224285	0	0	0	0.062762	-0.00897142	0.0717335	0.062762
0	-250.098	0	-2385.34	0	0	0	-0	0	0	0.4648	0	0	0	0.0478081	-0.018592	0.0664001	0.0478081
0	-113.775	0	-1743.7	0	0	0	-0	0	0	0.480764	0	0	0	0.0443807	-0.0192306	0.0636113	0.0443807
0	-13.0629	0	-441.251	0	0	0	-0	0	0	0.433938	0	0	0	0.040657	-0.0173575	0.0580145	0.040657
0	12.8563	0	-1202.61	0	0	-0	-0	0	0	0.513755	0	0	0	0.0291235	-0.0205502	0.0496737	0.0291235
0	14.1288	0	-704.614	0	0	-0	-0	0	0	0.51269	0	0	0	0.0230329	-0.0205076	0.0435405	0.0230329
0	12.5381	0	-632.788	0	0	-0	-0	0	0	0.569094	0	0	0	0.0144457	-0.0227638	0.0372095	0.0144457
0	11.9347	0	-814.747	0	0	-0	-0	0	0	0.57548	0	0	0	0.0107757	-0.0230192	0.0337949	0.0107757
0	9.07428	0	-599.269	0	0	-0	-0	0	0	0.576544	0	0	0	0.000336181	-0.0230618	0.0233979	0.000336181
0	9.74467	0	-517.866	0	0	-0	-0	0	0	0.548874	0	0	0	-0.00201629	-0.021955	0.0199387	-0.00201629
0	7.61933	0	-355.06	0	0	-0	-0	0	0	0.440323	0	0	0	-0.00389677	-0.0176129	0.0137162	-0.00389677
0	6.35968	0	-96.4863	0	0	-0	-0	0	0	0.370084	0	0	0	-0.0061093	-0.0148034	0.00869408	-0.0061093
0	4.81709	0	-110.852	0	0	-0	-0	0	0	0.274304	0	0	0	-0.00836493	-0.0109722	0.00260724	-0.00836493
0	2.8646	0	-235.35	0	0	-0	-0	0	0	0.209386	0	0	0	-0.00889384	-0.00837545	-0.000518392	-0.00889384
0	2.51524	0	-264.08	0	0	-0	-0	0	0	0.182781	0	0	0	-0.00908594	-0.00731123	-0.00177471	-0.00908594
0	1.9191	0	-244.927	0	0	-0	-0	0	0	0.124248	0	0	0	-0.00960049	-0.00496993	-0.00463056	-0.00960049
0	0.61635	0	-220.985	0	0	-0	-0	0	0	0.117863	0	0	0	-0.0108105	-0.00471452	-0.006096	-0.0108105
0	0.775489	0	-278.446	0	0	-0	-0	0	0	0.116799	0	0	0	-0.0114751	-0.00467195	-0.00680317	-0.0114751
0	-0.0535126	0	-331.118	0	0	0	-0	0	0	0.106156	0	0	0	-0.0124255	-0.00424626	-0.00817922	-0.0124255
0	-0.253337	0	-311.964	0	0	0	-0	0	0	0.0891289	0	0	0	-0.0129672	-0.00356515	-0.00940201	-0.0129672
0	-0.83561	0	-197.043	0	0	0	-0	0	0	0.0582663	0	0	0	-0.0127064	-0.00233065	-0.0103758	-0.0127064
0	-1.19752	0	-86.9095	0	0	0	-0	0	0	0.0252754	0	0	0	-0.0119647	-0.00101101	-0.0109537	-0.0119647
0	-1.55788	0	-48.6023	0	0	0	-0	0	0	-0.0247432	0	0	0	-0.0100932	0.000989729	-0.011083	-0.0100932
0	-2.85493	0	-53.3907	0	0	0	-0	0	0	-0.0290001	0	0	0	-0.00960049	0.00116001	-0.0107605	-0.00960049
0	-2.57146	0	-43.8139	0	0	0	-0	0	0	-0.0279359	0	0	0	-0.00929506	0.00111744	-0.0104125	-0.00929506
0	-2.50418	0	-43.8139	0	0	0	-0	0	0	-0.0300644	0	0	0	-0.0088683	0.00120257	-0.0100709	-0.0088683
0	-2.78345	0	-43.8139	0	0	0	-0	0	0	-0.0258075	0	0	0	-0.00868419	0.0010323	-0.00971649	-0.00868419
0	2104.93	0	-10.2951	0	0	-0	-0	0	0	-0.023679	0	0	0	-0.00861449	0.00094716	-0.00956165	-0.00861449
0	-530.254	0	28.0122	0	0	0	-0	0	0	-0.023679	0	0	0	-0.00833034	0.00094716	-0.0092775	-0.00833034
0	-134.976	0	23.2238	0	0	0	-0	0	0	-0.0172937	0	0	0	-0.00821061	0.000691746	-0.00890236	-0.00821061
0	-19.0882	0	80.6846	0	0	0	-0	0	0	-0.014101	0	0	0	-0.00814357	0.000564039	-0.00870761	-0.00814357
0	-11.3229	0	85.473	0	0	0	-0	0	0	-0.0119725	0	0	0	-0.0081441	0.000478901	-0.008623	-0.0081441
0	-4.59747	0	66.3194	0	0	0	-0	0	0	-0.00984408	0	0	0	-0.00809834	0.000393763	-0.0084921	-0.00809834
0	1052.05	0	71.1078	0	-0	-0	-0	0	0	0.00399085	0	0	0	-0.00855755	-0.000159634	-0.00839792	-0.00855755
0	-792.575	0	-0.718261	0	0	0	-0	0	0	0.00931197	0	0	0	-0.00882467	-0.000372479	-0.00845219	-0.00882467
0	-397.489	0	28.0122	0	0	0	-0	0	0	0.00931197	0	0	0	-0.00888054	-0.000372479	-0.00850806	-0.00888054
0	-100.884	0	4.07014	0	0	0	-0	0	0	0.00718352	0	0	0	-0.00890715	-0.000287341	-0.00861981	-0.00890715
0	-26.7349	0	8.85855	0	0	0	-0	0	0	0.00399085	0	0	0	-0.00885287	-0.000159634	-0.00869324	-0.00885287
0	-7.87915	0	28.0122	0	0	0	-0	0	0	0.0018624	0	0	0	-0.00880285	-7.44959e-05	-0.00872836	-0.00880285
0	-3.17956	0	-5.50666	0	0	0	-0	0	0	-0.00133028	0	0	0	-0.0086975	5.32111e-05	-0.00875071	-0.0086975
0	2106.83	0	-10.2951	0	0	-0	-0	0	0	-0.00345873	0	0	0	-0.00856287	0.000138349	-0.00870122	-0.00856287
0	-528.276	0	4.07014	0	0	0	-0	0	0	0.0018624	0	0	0	-0.00874698	-7.44959e-05	-0.00867249	-0.00874698
0	-132.973	0	4.07014	0	0	0	-0	0	0	-0.000266053	0	0	0	-0.00867781	1.06421e-05	-0.00868845	-0.00867781
0	-67.0935	0	-0.718261	0	0	0	-0	0	0	0.000798172	0	0	0	-0.00871878	-3.19269e-05	-0.00868686	-0.00871878
0	-9.88546	0	23.2238	0	0	0	-0	0	0	0.000798172	0	0	0	-0.00872676	-3.19269e-05	-0.00869484	-0.00872676
0	-4.93351	0	18.4354	0	0	0	-0	0	0	0.0018624	0	0	0	-0.00877412	-7.44959e-05	-0.00869963	-0.00877412
0	-2.1363	0	8.85855	0	0	0	-0	0	0	0.000798172	0	0	0	-0.00874752	-3.19269e-05	-0.00871559	-0.00874752
0	-1.1196	0	28.0122	0	0	0	-0	0	0	-0.00452295	0	0	0	-0.00853148	0.000180918	-0.0087124	-0.00853148
0	-0.895037	0	18.4354	0	0	0	-0	0	0	-0.0023945	0	0	0	-0.0085352	9.57801e-05	-0.00863098	-0.0085352
0	-0.438301	0	18.4354	0	0	0	-0	0	0	-0.00133028	0	0	0	-0.0085634	5.32111e-05	-0.00861662	-0.0085634
