0	-0.00684742	0	-13.6948	0	0	0	0	0	0	0.00186239	0	0	0	-7.44956e-05	-7.44956e-05	0	-7.44956e-05
0	-0.0143772	0	-23.2716	0	0	0	0	0	0.0150796	-0.0183579	15.0796	0	0.0114354	0.00134402	0.0013375	6.52075e-06	0.0127794
0	0.559629	0	-52.0021	0	0	-0	0	0	0.0603186	-0.0694407	30.1593	0	0.0231221	0.00550834	0.00519037	0.00031797	0.0286305
0	0.273288	0	192.207	0	-0	-0	-0	0	0.135717	-0.0651838	45.2389	0	0.0350602	0.00921838	0.00803603	0.00118235	0.0442786
0	0.804405	0	192.207	0	-0	-0	-0	0	0.241274	-0.0641196	60.3186	0	0.0472496	0.0147665	0.0122158	0.00255074	0.0620161
0	0.940776	0	168.264	0	-0	-0	-0	0	0.376991	-0.0598627	75.3982	0	0.0596903	0.0220431	0.0174742	0.00456899	0.0817334
0	0.962897	0	158.688	0	-0	-0	-0	0	0.542867	-0.0513489	90.4779	0	0.0723823	0.0311803	0.0237686	0.00741165	0.103563
0	0.967951	0	173.053	0	-0	-0	-0	0	0.738903	-0.047092	105.558	0	0.0853257	0.0426995	0.0314398	0.0112597	0.128025
0	1.27942	0	149.111	0	-0	-0	-0	0	0.965097	-0.0417708	120.637	0	0.0985204	0.056572	0.0402747	0.0162973	0.155092
0	1.05714	0	173.053	0	-0	-0	-0	0	1.22145	-0.0258075	135.717	0	0.111966	0.0725733	0.0498904	0.022683	0.18454
0	-2277.84	0	144.322	0	0	0	-0	0	1.50796	-0.0119725	150.796	0	0.125664	0.0913601	0.0607975	0.0305626	0.217024
0	1711.75	0	-142.982	0	0	-0	0	0	1.80956	0.0369818	150.796	0	0.128177	0.111019	0.070903	0.0401155	0.239195
0	434.128	0	-1569.93	0	0	-0	0	0	2.11115	0.972436	150.796	0	0.13069	0.0956696	0.0455486	0.050121	0.22636
0	111.803	0	1643.09	0	0	-0	0	0	2.41274	2.03134	150.796	0	0.133204	0.0707622	0.0152561	0.055506	0.203966
0	41.7044	0	1068.48	0	0	-0	0	0	2.71434	2.81674	150.796	0	0.135717	0.0530749	-0.00409606	0.0571709	0.188792
0	9.91369	0	43.766	0	-0	-0	-0	0	3.01593	3.39248	150.796	0	0.13823	0.0408005	-0.0150622	0.0558627	0.179031
0	4.6915	0	-348.883	0	0	-0	-0	0	3.31752	3.58404	150.796	0	0.140743	0.0431938	-0.0106609	0.0538547	0.183937
0	17.2975	0	139.534	0	-0	-0	-0	0	3.61911	3.83627	150.796	0	0.143257	0.043626	-0.00868605	0.052312	0.186883
0	8.71373	0	129.957	0	-0	-0	-0	0	3.76991	3.94907	150.796	0	0.144513	0.044494	-0.00716653	0.0516606	0.189007
0	6.62044	0	-152.559	0	0	-0	-0	0	4.0715	4.36625	150.796	0	0.147027	0.0387245	-0.0117899	0.0505144	0.185751
0	6.9872	0	723.719	0	-0	-0	-0	0	4.3731	4.76533	150.796	0	0.14954	0.0327872	-0.0156896	0.0484767	0.182327
0	6.90882	0	-37.6368	0	0	-0	-0	0	4.67469	4.93774	150.796	0	0.152053	0.035744	-0.010522	0.046266	0.187797
0	7.92656	0	1102	0	-0	-0	-0	0	4.97628	5.02075	150.796	0	0.154566	0.0432368	-0.00177874	0.0450156	0.197803
0	8.7319	0	355.012	0	-0	-0	-0	0	5.27787	5.26233	150.796	0	0.15708	0.0455579	0.000621796	0.0449362	0.202638
0	20.6654	0	886.525	0	-0	-0	-0	0	5.57946	5.75613	150.796	0	0.159593	0.037732	-0.00706655	0.0447986	0.197325
0	18.7814	0	125.169	0	-0	-0	-0	0	5.88106	6.1882	150.796	0	0.162106	0.03119	-0.0122859	0.0434758	0.193296
0	-2111.07	0	-459.016	0	0	0	-0	0	6.18265	6.61177	150.796	0	0.164619	0.0243109	-0.0171646	0.0414755	0.18893
0	548.413	0	527.395	0	0	-0	0	0	6.48424	7.0034	150.796	0	0.167133	0.0179962	-0.0207663	0.0387626	0.185129
0	151.205	0	982.293	0	-0	-0	-0	0	6.78583	7.2652	150.796	0	0.169646	0.0164689	-0.0191746	0.0356435	0.186115
0	52.3926	0	833.853	0	-0	-0	-0	0	7.08743	7.49827	150.796	0	0.172159	0.0164796	-0.0164335	0.0329132	0.188639
0	1053.28	0	-205.231	0	0	-0	0	0	7.38902	7.93247	150.796	0	0.174673	0.00859424	-0.021738	0.0303322	0.183267
0	1291.88	0	297.551	0	0	-0	0	0	7.69061	8.22194	150.796	0	0.177186	0.00576647	-0.021253	0.0270195	0.182952
0	339.768	0	398.108	0	0	-0	0	0	7.9922	8.48267	150.796	0	0.179699	0.00429803	-0.0196187	0.0239168	0.183997
0	102.139	0	-272.269	0	0	-0	-0	0	8.2938	8.70935	150.796	0	0.182212	0.00436036	-0.0166222	0.0209826	0.186573
0	43.4537	0	637.528	0	-0	-0	-0	0	8.59539	8.81258	150.796	0	0.184726	0.0100944	-0.00868763	0.018782	0.19482
0	29.3889	0	273.609	0	-0	-0	-0	0	8.89699	9.16803	150.796	0	0.187239	0.00675406	-0.0108419	0.017596	0.193993
0	25.4964	0	-482.958	0	0	-0	-0	0	9.19858	9.41068	150.796	0	0.189752	0.00739538	-0.00848396	0.0158793	0.197148
0	25.031	0	671.047	0	-0	-0	-0	0	9.50017	9.5735	150.796	0	0.192265	0.0119663	-0.00293324	0.0148995	0.204232
0	-1784.93	0	283.186	0	0	0	-0	0	9.80177	9.92363	150.796	0	0.194779	0.00959344	-0.00487469	0.0144681	0.204372
0	478.699	0	187.418	0	0	-0	0	0	10.1034	10.2142	150.796	0	0.197292	0.00923657	-0.00443234	0.0136689	0.206529
0	139.096	0	235.302	0	-0	-0	-0	0	10.405	10.6952	150.796	0	0.199805	0.00122088	-0.0116098	0.0128307	0.201026
0	55.606	0	350.224	0	-0	-0	-0	0	10.7065	10.8484	150.796	0	0.202319	0.00545375	-0.005676	0.0111297	0.207772
0	33.7331	0	-219.596	0	0	-0	-0	0	11.0081	11.1081	150.796	0	0.204832	0.00647307	-0.00399906	0.0104721	0.211305
0	29.4754	0	517.818	0	-0	-0	-0	0	11.3097	11.4029	150.796	0	0.207345	0.00612204	-0.00372692	0.00984896	0.213467
0	27.012	0	326.282	0	-0	-0	-0	0	11.7621	12.0659	150.796	0	0.211115	-0.00367432	-0.0121518	0.00847751	0.207441
0	26.4501	0	-655.341	0	0	-0	-0	0	12.0637	12.0531	150.796	0	0.213628	0.00752033	0.000422783	0.00709755	0.221149
0	26.4751	0	402.896	0	-0	-0	-0	0	12.3653	12.3213	150.796	0	0.216142	0.00906601	0.00175915	0.00730686	0.225208
0	25.5271	0	-391.979	0	0	-0	-0	0	12.6669	12.7321	150.796	0	0.218655	0.00482687	-0.0026088	0.00743567	0.223482
0	-1386.65	0	292.763	0	0	0	-0	0	12.9685	13.2589	150.796	0	0.221168	-0.00490221	-0.0116167	0.00671453	0.216266
0	375.99	0	-1186.85	0	0	-0	-0	0	13.2701	13.326	150.796	0	0.223681	0.00289265	-0.00223484	0.00512749	0.226574
0	110.782	0	-133.405	0	0	-0	-0	0	13.5717	13.8176	150.796	0	0.226195	-0.00509774	-0.00983795	0.00474022	0.221097
0	45.8264	0	1935.19	0	-0	-0	-0	0	13.8733	14.2753	150.796	0	0.228708	-0.0132017	-0.0160789	0.00287724	0.215506
0	27.3769	0	-85.5209	0	0	-0	-0	0	14.1749	14.3317	150.796	0	0.231221	-0.00563133	-0.00627136	0.000640032	0.22559
0	-1155.84	0	-1253.89	0	0	0	-0	0	14.4765	14.4626	150.796	0	0.233735	0.000647471	0.000556412	9.10591e-05	0.234382
0	-809.92	0	431.627	0	0	0	-0	0	14.7781	14.9351	150.796	0	0.236248	-0.00626333	-0.00628044	1.71131e-05	0.229984
0	378.966	0	1652.67	0	-0	-0	-0	0	15.0797	15.1979	150.796	0	0.238761	-0.0057945	-0.00473129	-0.00106321	0.232967
0	110.359	0	-727.167	0	0	-0	-0	0	15.3812	15.68	150.796	0	0.241274	-0.0137188	-0.0119513	-0.00176749	0.227556
0	42.3591	0	-1909.9	0	0	-0	-0	0	15.6828	16.3484	150.796	0	0.243788	-0.0308813	-0.0266209	-0.00426035	0.212906
0	26.7133	0	1480.29	0	-0	-0	-0	0	15.9844	16.4282	150.796	0	0.246301	-0.0259181	-0.0177499	-0.00816825	0.220383
0	21.9697	0	58.1312	0	-0	-0	-0	0	16.286	16.6495	150.796	0	0.248814	-0.0251167	-0.0145404	-0.0105763	0.223698
0	20.2336	0	-937.857	0	0	-0	-0	0	16.5876	16.9635	150.796	0	0.250071	-0.0327332	-0.0210664	-0.0116668	0.217338
0	18.1932	0	-344.095	0	0	-0	-0	0	16.8892	17.6882	150.796	0	0.253841	-0.0499695	-0.0319603	-0.0180092	0.203871
0	16.1847	0	-353.671	0	0	-0	-0	0	17.1908	17.8851	150.796	0	0.256354	-0.0503238	-0.0277718	-0.022552	0.20603
0	15.0182	0	-928.28	0	0	-0	-0	0	17.4886	18.082	143.256	0	0.253181	-0.0503667	-0.0237342	-0.0266325	0.202814
0	-552.442	0	805.122	0	0	0	-0	0	17.7601	18.264	128.176	0	0.244133	-0.0500165	-0.0201561	-0.0298604	0.194116
0	155.745	0	-1732.73	0	0	-0	-0	0	18.0013	18.4853	113.097	0	0.234834	-0.0522852	-0.0193596	-0.0329256	0.182548
0	48.8826	0	1690.98	0	-0	-0	-0	0	18.2125	18.4853	98.017	0	0.225283	-0.0460186	-0.010915	-0.0351037	0.179265
0	-355.941	0	-267.48	0	0	0	-0	0	18.3934	18.812	82.9373	0	0.215481	-0.0537911	-0.0167455	-0.0370456	0.16169
0	108.155	0	-119.04	0	0	-0	-0	0	18.5442	18.6301	67.8576	0	0.205428	-0.0425309	-0.00343445	-0.0390964	0.162897
0	35.7557	0	-119.04	0	0	-0	-0	0	18.6648	18.6141	52.778	0	0.195124	-0.0373451	0.0020295	-0.0393746	0.157779
0	17.9093	0	632.74	0	-0	-0	-0	0	18.7553	18.6939	37.6983	0	0.184568	-0.0366173	0.00245598	-0.0390732	0.147951
0	14.2202	0	-401.556	0	0	-0	-0	0	18.8156	18.6311	22.6186	0	0.179196	-0.0325644	0.00632462	-0.038889	0.146631
0	12.1426	0	345.435	0	-0	-0	-0	0	18.8458	18.5502	7.53894	0	0.168263	-0.0263129	0.0113695	-0.0376824	0.14195
0	9.88509	0	72.4964	0	-0	-0	-0	0	18.8496	18.4268	0	0	0.15708	-0.0179271	0.0169105	-0.0348376	0.139153
0	9.21591	0	43.766	0	-0	-0	-0	0	18.8496	18.1416	0	0	0.15708	-0.00525021	0.0283191	-0.0335693	0.151829
0	100.837	0	249.667	0	-0	-0	-0	0	18.8496	18.066	0	0	0.15708	0.00511765	0.0313414	-0.0262238	0.162197
0	-42.5339	0	-454.228	0	0	0	-0	0	18.8496	17.983	0	0	0.15708	0.0132957	0.0346618	-0.0213661	0.170375
0	-4.02535	0	-147.77	0	0	0	-0	0	18.8496	17.9394	0	0	0.15708	0.0202818	0.0364071	-0.0161253	0.177361
0	5.76053	0	-253.115	0	0	-0	-0	0	18.8496	17.9383	0	0	0.15708	0.0257982	0.0364497	-0.0106515	0.182878
0	8.55838	0	331.07	0	-0	-0	-0	0	18.8496	17.9149	0	0	0.15708	0.0322788	0.0373862	-0.00510741	0.189358
0	264.882	0	1303.12	0	-0	-0	-0	0	18.8496	18.1522	0	0	0.15708	0.0279564	0.0278933	6.31224e-05	0.185036
0	-166.518	0	-1325.72	0	0	0	-0	0	18.8496	18.4949	0	0	0.15708	0.0182384	0.014186	0.00405237	0.175318
0	-35.2679	0	-545.208	0	0	0	-0	0	18.8496	18.91	0	0	0.15708	0.00268857	-0.00241577	0.00510434	0.159768
0	-2.78799	0	244.879	0	0	0	-0	0	18.8496	18.7727	0	0	0.15708	0.00813368	0.00307564	0.00505805	0.165213
0	747.805	0	-23.2716	0	0	-0	-0	0	18.8496	18.7705	0	0	0.15708	0.00863867	0.00316078	0.00547788	0.165718
0	-181.563	0	187.418	0	0	0	-0	0	18.8496	18.7588	0	0	0.15708	0.00962249	0.003629	0.0059935	0.166702
0	-37.0506	0	235.302	0	0	0	-0	0	18.8496	18.7886	0	0	0.15708	0.00894936	0.00243706	0.0065123	0.166029
0	-463.859	0	1820.26	0	0	0	-0	0	18.8496	19.159	0	0	0.15708	-0.00611207	-0.0123769	0.00626487	0.150968
0	-112.745	0	-942.645	0	0	0	-0	0	18.8496	19.0494	0	0	0.15708	-0.00337966	-0.00799232	0.00461266	0.1537
0	-25.285	0	335.859	0	0	0	-0	0	18.8496	19.1537	0	0	0.15708	-0.0088972	-0.0121642	0.00326695	0.148182
0	-3.70919	0	445.992	0	0	0	-0	0	18.8496	19.1058	0	0	0.15708	-0.00887009	-0.0102486	0.00137848	0.14821
0	0.313974	0	254.456	0	-0	-0	-0	0	18.8496	18.6716	0	0	0.15708	0.00756421	0.0071196	0.000444611	0.164644
0	-628.659	0	436.415	0	0	0	-0	0	18.8496	18.6971	0	0	0.15708	0.00788826	0.00609795	0.00179032	0.164968
0	-156.138	0	-52.0021	0	0	0	-0	0	18.8496	18.7184	0	0	0.15708	0.00777926	0.00524666	0.0025326	0.164859
0	-735.862	0	182.63	0	0	0	-0	0	18.8496	18.7333	0	0	0.15708	0.0080341	0.00465065	0.00338345	0.165114
0	-366.635	0	163.476	0	0	0	-0	0	18.8496	18.7833	0	0	0.15708	0.00638216	0.00264992	0.00373225	0.163462
0	-807.485	0	1413.25	0	0	0	-0	0	18.8496	19.2739	0	0	0.15708	-0.0139007	-0.0169744	0.00307376	0.143179
0	1434.31	0	-305.787	0	0	-0	-0	0	18.8496	19.2601	0	0	0.15708	-0.0159764	-0.016421	0.000444588	0.141103
0	-914.141	0	149.111	0	0	0	-0	0	18.8496	19.2707	0	0	0.15708	-0.0176338	-0.0168468	-0.000786985	0.139446
0	-535.765	0	149.111	0	0	0	-0	0	18.8496	19.3495	0	0	0.15708	-0.0248873	-0.0199969	-0.00489038	0.132192
0	-130.175	0	632.74	0	0	0	-0	0	18.8496	19.309	0	0	0.15708	-0.0262372	-0.0183792	-0.00785799	0.130842
0	-28.505	0	268.821	0	0	0	-0	0	18.8496	18.9429	0	0	0.15708	-0.0140566	-0.00373543	-0.0103211	0.143023
0	-4.28009	0	340.647	0	0	0	-0	0	18.8496	18.6482	0	0	0.15708	-0.00205584	0.00805618	-0.010112	0.155024
0	3.16448	0	62.9196	0	-0	-0	-0	0	18.8496	18.7141	0	0	0.15708	-0.00374533	0.00541687	-0.0091622	0.153334
0	5.57981	0	201.783	0	-0	-0	-0	0	18.8496	18.6907	0	0	0.15708	-0.00192924	0.00635338	-0.00828262	0.15515
0	8.6326	0	1044.54	0	-0	-0	-0	0	18.8496	18.5183	0	0	0.15708	0.00603811	0.0132496	-0.00721148	0.163118
0	9.58278	0	642.316	0	-0	-0	-0	0	18.8496	18.3959	0	0	0.15708	0.0133296	0.018145	-0.00481538	0.170409
0	2319.01	0	340.647	0	-0	-0	-0	0	18.8496	18.4342	0	0	0.15708	0.0143689	0.0166125	-0.00224369	0.171448
0	-566.244	0	-85.5209	0	0	0	-0	0	18.8496	18.4044	0	0	0.15708	0.0181325	0.0178045	0.000328007	0.175212
0	-131.538	0	-267.48	0	0	0	-0	0	18.8496	18.5843	0	0	0.15708	0.0133184	0.0106103	0.00270814	0.170398
0	-21.7943	0	1580.84	0	0	0	-0	0	18.8496	18.9887	0	0	0.15708	-0.00171962	-0.00556595	0.00384633	0.15536
0	6.14997	0	-564.361	0	0	-0	-0	0	18.8496	18.9185	0	0	0.15708	0.000130576	-0.00275635	0.00288692	0.15721
0	13.7482	0	570.49	0	-0	-0	-0	0	18.8496	18.812	0	0	0.15708	0.00417516	0.00150055	0.00267461	0.161255
0	17.2009	0	196.995	0	-0	-0	-0	0	18.8496	18.679	0	0	0.15708	0.00993527	0.00682167	0.0031136	0.167015
0	20.9343	0	1738.86	0	-0	-0	-0	0	18.8496	18.4992	0	0	0.15708	0.0184272	0.0140158	0.00441142	0.175507
0	22.112	0	465.146	0	-0	-0	-0	0	18.8496	18.4076	0	0	0.15708	0.0243725	0.0176767	0.00669578	0.181452
0	-2052.74	0	1341.42	0	0	0	-0	0	18.8496	18.5119	0	0	0.15708	0.0226256	0.013505	0.00912061	0.179705
0	1565.73	0	-1340.08	0	0	-0	0	0	18.8496	18.4183	0	0	0.15708	0.028739	0.0172511	0.011488	0.185819
0	410.683	0	86.8616	0	-0	-0	-0	0	18.8496	18.6301	0	0	0.15708	0.0226096	0.00877975	0.0138298	0.179689
0	122.486	0	82.0732	0	-0	-0	-0	0	18.8496	18.7418	0	0	0.15708	0.0190259	0.00431015	0.0147158	0.176106
0	54.0794	0	153.899	0	-0	-0	-0	0	18.8496	18.4704	0	0	0.15708	0.0309616	0.0151652	0.0157965	0.188041
0	33.2016	0	1667.03	0	-0	-0	-0	0	18.8496	18.6918	0	0	0.15708	0.0243406	0.00631088	0.0180297	0.18142
0	25.4789	0	-2082.29	0	0	-0	-0	0	18.8496	18.6173	0	0	0.15708	0.0282128	0.0092907	0.0189221	0.185292
0	24.0702	0	-372.825	0	0	-0	-0	0	18.8496	18.7226	0	0	0.15708	0.025242	0.00507637	0.0201656	0.182322
0	23.8515	0	551.337	0	-0	-0	-0	0	18.8496	18.4332	0	0	0.15708	0.0379845	0.0166551	0.0213294	0.195064
0	23.1874	0	1700.55	0	-0	-0	-0	0	18.8496	18.5641	0	0	0.15708	0.0352085	0.0114191	0.0237893	0.192288
0	758.152	0	-1024.05	0	0	-0	-0	0	18.8496	18.645	0	0	0.15708	0.0334594	0.0081839	0.0252755	0.190539
0	203.548	0	-344.095	0	0	-0	-0	0	18.8496	18.8089	0	0	0.15708	0.0278184	0.00162819	0.0261902	0.184898
0	741.817	0	2313.47	0	-0	-0	-0	0	18.8496	18.5651	0	0	0.15708	0.0381143	0.0113766	0.0267377	0.195194
0	198.867	0	-296.211	0	0	-0	-0	0	18.8496	18.7322	0	0	0.15708	0.0331247	0.00469322	0.0284315	0.190204
0	-1130.7	0	-526.054	0	0	0	-0	0	18.8496	19.0483	0	0	0.15708	0.0206556	-0.00794983	0.0286055	0.177735
0	637.371	0	292.763	0	-0	-0	-0	0	18.8496	18.9004	0	0	0.15708	0.0259765	-0.0020327	0.0280092	0.183056
0	94.9062	0	125.169	0	-0	-0	-0	0	18.8496	18.6907	0	0	0.15708	0.0355782	0.00635338	0.0292248	0.192658
0	55.3662	0	34.1892	0	-0	-0	-0	0	18.8496	19.0887	0	0	0.15708	0.0201339	-0.00956741	0.0297013	0.177214
0	21.0287	0	675.835	0	-0	-0	-0	0	18.8496	18.7705	0	0	0.15708	0.030984	0.00316078	0.0278232	0.188064
0	-895.703	0	-71.1557	0	0	0	-0	0	18.8496	18.729	0	0	0.15708	0.0328812	0.00482094	0.0280603	0.189961
0	133.309	0	220.937	0	-0	-0	-0	0	18.8496	18.8089	0	0	0.15708	0.0308371	0.00162819	0.0292089	0.187917
0	43.2176	0	-391.979	0	0	-0	-0	0	18.8496	19.2069	0	0	0.15708	0.0146944	-0.0142925	0.028987	0.171774
0	-309.441	0	1025.39	0	0	0	-0	0	18.8496	19.5464	0	0	0.15708	-0.00175061	-0.0278722	0.0261215	0.155329
0	-116.017	0	-334.518	0	0	0	-0	0	18.8496	19.3942	0	0	0.15708	0.00224647	-0.0217847	0.0240311	0.159326
0	614.726	0	-439.863	0	0	-0	-0	0	18.8496	19.2133	0	0	0.15708	0.00784933	-0.014548	0.0223973	0.164929
0	90.4356	0	53.3428	0	-0	-0	-0	0	18.8496	19.1537	0	0	0.15708	0.00708116	-0.0121642	0.0192453	0.164161
0	54.4445	0	230.514	0	-0	-0	-0	0	18.8496	19.0781	0	0	0.15708	0.00919131	-0.00914169	0.018333	0.166271
0	27.4989	0	1058.91	0	-0	-0	-0	0	18.8496	18.9142	0	0	0.15708	0.0146662	-0.00258606	0.0172523	0.171746
0	18.8361	0	-463.805	0	0	-0	-0	0	18.8496	19.0366	0	0	0.15708	0.00878341	-0.00748154	0.0162649	0.165863
0	18.8897	0	-492.535	0	0	-0	-0	0	18.8496	19.0228	0	0	0.15708	0.00877566	-0.00692818	0.0157038	0.165855
0	18.9316	0	-80.7325	0	0	-0	-0	0	18.8496	18.9238	0	0	0.15708	0.0114536	-0.00296921	0.0144228	0.168533
0	-173.831	0	254.456	0	0	0	-0	0	18.8496	18.9121	0	0	0.15708	0.0116992	-0.00250092	0.0142001	0.168779
0	70.9325	0	1173.83	0	-0	-0	-0	0	18.8496	19.1377	0	0	0.15708	0.0019322	-0.0115256	0.0134578	0.159012
0	27.5581	0	-1038.41	0	0	-0	-0	0	18.8496	19.3505	0	0	0.15708	-0.00983254	-0.0200394	0.0102068	0.147247
0	23.9487	0	642.316	0	-0	-0	-0	0	18.8496	19.4144	0	0	0.15708	-0.0156129	-0.0225935	0.00698062	0.141467
0	22.0974	0	-420.709	0	0	-0	-0	0	18.8496	19.3069	0	0	0.15708	-0.0144725	-0.018294	0.00382147	0.142607
0	22.6378	0	101.227	0	-0	-0	-0	0	18.8496	19.3101	0	0	0.15708	-0.0159724	-0.0184218	0.00244942	0.141107
0	-72.0626	0	-435.074	0	0	0	-0	0	18.8496	19.1473	0	0	0.15708	-0.0132147	-0.0119087	-0.00130598	0.143865
0	-1.43652	0	1604.79	0	0	0	-0	0	18.8496	18.6652	0	0	0.15708	0.004816	0.00737511	-0.00255911	0.161896
0	15.5112	0	-18.4832	0	0	-0	-0	0	18.8496	18.4811	0	0	0.15708	0.01389	0.0147395	-0.000849431	0.17097
0	-169.5	0	235.302	0	0	0	-0	0	18.8496	18.5034	0	0	0.15708	0.0151048	0.0138455	0.00125933	0.172184
0	-74.9518	0	158.688	0	0	0	-0	0	18.8496	18.4864	0	0	0.15708	0.0168244	0.0145267	0.00229774	0.173904
0	-3.78256	0	201.783	0	0	0	-0	0	18.8496	18.4289	0	0	0.15708	0.021401	0.0168253	0.00457571	0.178481
0	14.6286	0	618.374	0	-0	-0	-0	0	18.8496	18.4789	0	0	0.15708	0.0219656	0.0148246	0.00714102	0.179045
0	17.597	0	43.766	0	-0	-0	-0	0	18.8496	19.0079	0	0	0.15708	0.00239081	-0.00633217	0.00872298	0.15947
0	709.269	0	-722.379	0	0	-0	-0	0	18.8496	19.1898	0	0	0.15708	-0.00639382	-0.0136114	0.00721763	0.150686
0	-156.721	0	-210.019	0	0	0	-0	0	18.8496	19.3112	0	0	0.15708	-0.0135023	-0.0184643	0.00496201	0.143577
0	-421.827	0	340.647	0	0	0	-0	0	18.8496	19.2388	0	0	0.15708	-0.0132624	-0.0155697	0.0023073	0.143817
0	-90.2823	0	1216.92	0	0	0	-0	0	18.8496	19.1984	0	0	0.15708	-0.0138843	-0.0139519	6.76305e-05	0.143195
0	479.823	0	110.804	0	-0	-0	-0	0	18.8496	19.2569	0	0	0.15708	-0.0183759	-0.0162933	-0.00208263	0.138704
0	-343.046	0	149.111	0	0	0	-0	0	18.8496	19.3058	0	0	0.15708	-0.0228771	-0.0182515	-0.0046256	0.134203
0	1008.91	0	1963.92	0	-0	-0	-0	0	18.8496	19.0515	0	0	0.15708	-0.0153195	-0.00807747	-0.007242	0.14176
0	-274.371	0	-1287.41	0	0	0	-0	0	18.8391	18.5087	-12.5607	0	0.1533	0.00608917	0.0135658	-0.00747666	0.159389
0	-17.0767	0	613.586	0	0	0	-0	0	18.7989	18.6247	-27.6402	0	0.135927	0.00231877	0.00696617	-0.0046474	0.138246
0	3.03019	0	58.1312	0	-0	-0	-0	0	18.7285	18.6247	-42.7196	0	0.130011	0.00158483	0.00570976	-0.00412494	0.131596
0	-648.403	0	-286.634	0	0	0	-0	0	18.628	18.5556	-57.7991	0	0.111884	-0.000241864	0.0028981	-0.00313997	0.111642
0	-148.119	0	-741.532	0	0	0	-0	0	18.4973	18.4374	-72.8785	0	0.0994856	-0.000461583	0.00239624	-0.00285782	0.099024
0	-20.6156	0	1355.79	0	0	0	-0	0	18.3365	18.2842	-87.958	0	0.0868357	-0.000734826	0.00209282	-0.00282764	0.0861009
0	2.8465	0	2016.59	0	-0	-0	-0	0	18.1455	18.199	-103.037	0	0.0804165	-0.00084146	0.00182922	-0.00267068	0.0795751
0	20.0137	0	-13.6948	0	0	-0	-0	0	17.9244	17.4764	-118.117	0	0.060782	0.016303	0.0179169	-0.0016139	0.077085
0	24.546	0	1145.1	0	-0	-0	-0	0	17.6731	17.154	-133.196	0	0.0541115	0.0256698	0.0259399	-0.000270136	0.0797813
0	24.1919	0	29.4008	0	-0	-0	-0	0	17.3916	17.1284	-148.276	0	0.040582	0.0198801	0.0163059	0.00357419	0.0604621
0	-402.16	0	-688.86	0	0	0	-0	0	17.0904	16.8188	-150.796	0	0.0293228	0.0170628	0.0108665	0.00619626	0.0463856
0	-189.329	0	422.05	0	0	0	-0	0	16.7888	16.6325	-150.796	0	0.0268095	0.0132639	0.00625267	0.00701125	0.0400735
0	-926.9	0	153.899	0	0	0	-0	0	16.4872	16.0174	-150.796	0	0.0242963	0.0284934	0.018794	0.00969934	0.0527897
0	-448.477	0	-1636.96	0	0	0	-0	0	16.1856	15.9195	-150.796	0	0.0230397	0.0277875	0.0166786	0.0111089	0.0508272
0	-26.2512	0	1341.42	0	0	0	-0	0	15.8841	15.68	-150.796	0	0.0192698	0.0220104	0.0081612	0.0138492	0.0412803
0	5.07855	0	1183.41	0	-0	-0	-0	0	15.5825	15.4353	-150.796	0	0.0180132	0.0263816	0.0119203	0.0144613	0.0443948
0	27.401	0	450.78	0	-0	-0	-0	0	15.2809	14.6169	-150.796	0	0.0155	0.0497685	0.0325923	0.0171762	0.0652685
0	2176.89	0	-1110.24	0	0	-0	-0	0	14.9793	14.3859	-150.796	0	0.0117301	0.0482661	0.0237345	0.0245316	0.0599962
0	1685.42	0	-396.767	0	0	-0	-0	0	14.6777	14.139	-150.796	0	0.00921685	0.0490979	0.0215469	0.027551	0.0583147
0	-646.294	0	-727.167	0	0	0	-0	0	14.3761	13.9081	-150.796	0	0.00670361	0.0493133	0.0187209	0.0305924	0.0560169
0	-131.893	0	1643.09	0	0	0	-0	0	14.0745	13.2802	-150.796	0	0.00419037	0.0649009	0.031773	0.0331279	0.0690913
0	-47.0402	0	2581.62	0	0	0	-0	0	13.7729	12.8066	-150.796	0	0.00293374	0.0801953	0.0446844	0.0355109	0.083129
0	27.1433	0	-746.321	0	0	-0	-0	0	13.4713	12.3969	-150.796	0	-0.000836116	0.0893058	0.0429781	0.0463277	0.0884697
0	31.2773	0	-511.689	0	0	-0	-0	0	13.1698	12.0276	-150.796	0	-0.00334936	0.0984997	0.045686	0.0528137	0.0951503
0	35.1582	0	173.053	0	-0	-0	-0	0	12.8682	11.8084	-150.796	0	-0.00460598	0.104664	0.0484235	0.0562401	0.100058
0	33.6397	0	939.197	0	-0	-0	-0	0	12.5666	11.2784	-150.796	0	-0.00711922	0.121706	0.0575592	0.0641464	0.114586
0	2520.14	0	-329.729	0	0	-0	-0	0	12.265	11.073	-150.796	0	-0.00963247	0.126311	0.0537115	0.0725992	0.116678
0	-278.676	0	-626.61	0	0	0	-0	0	11.9634	10.4174	-150.796	0	-0.0134023	0.147075	0.0618387	0.0852364	0.133673
0	1164.86	0	-1028.84	0	0	-0	-0	0	11.6618	10.0694	-150.796	0	-0.0159156	0.157753	0.0636952	0.0940576	0.141837
0	312.932	0	-157.347	0	0	-0	-0	0	11.3602	9.93747	-150.796	0	-0.0184288	0.160316	0.0569102	0.103405	0.141887
0	100.225	0	642.316	0	-0	-0	-0	0	11.0586	9.66077	-150.796	0	-0.0209421	0.167867	0.0559146	0.111952	0.146925
0	45.237	0	-779.839	0	0	-0	-0	0	10.757	9.46389	-150.796	0	-0.0234553	0.171866	0.0517263	0.120139	0.14841
0	31.5434	0	182.63	0	-0	-0	-0	0	10.4555	9.35427	-150.796	0	-0.0259685	0.171848	0.0440474	0.1278	0.145879
0	29.7344	0	1197.77	0	-0	-0	-0	0	10.1539	9.52242	-150.796	0	-0.0272252	0.162394	0.0312896	0.131104	0.135168
0	26.8772	0	-377.613	0	0	-0	-0	0	9.85228	9.5469	-150.796	0	-0.0297384	0.153292	0.018247	0.135045	0.123553
0	24.5926	0	-339.306	0	0	-0	-0	0	9.55069	9.37769	-150.796	0	-0.0322516	0.150604	0.0129519	0.137652	0.118352
0	23.7639	0	-439.863	0	0	-0	-0	0	9.2491	9.22763	-150.796	0	-0.0347649	0.146231	0.0068906	0.13934	0.111466
0	22.82	0	-95.0977	0	0	-0	-0	0	8.94751	9.00734	-150.796	0	-0.0372781	0.143845	0.0036388	0.140206	0.106566
0	564.737	0	-75.9441	0	0	-0	-0	0	8.64592	8.62528	-150.796	0	-0.041048	0.141879	0.000825768	0.141053	0.100831
0	158.172	0	1020.6	0	-0	-0	-0	0	8.34433	8.19533	-150.796	0	-0.0435612	0.14673	0.00596004	0.14077	0.103169
0	92.0254	0	1580.84	0	-0	-0	-0	0	8.04274	7.89522	-150.796	0	-0.0448179	0.15315	0.0119327	0.141217	0.108332
0	29.7077	0	-1512.47	0	0	-0	-0	0	7.74115	7.36311	-150.796	0	-0.0485877	0.15941	0.0151219	0.144288	0.110822
0	24.2603	0	-1838.08	0	0	-0	-0	0	7.43957	7.06619	-150.796	0	-0.0498443	0.166389	0.0209668	0.145422	0.116545
0	20.9249	0	-61.5789	0	0	-0	-0	0	7.13798	6.66178	-150.796	0	-0.0536142	0.169631	0.0190477	0.150583	0.116017
0	19.669	0	192.207	0	-0	-0	-0	0	6.83639	6.58303	-150.796	0	-0.0548708	0.168178	0.016166	0.152012	0.113307
0	19.0372	0	-253.115	0	0	-0	-0	0	6.5348	6.34997	-150.796	0	-0.0573841	0.167735	0.0134251	0.15431	0.110351
0	1019.35	0	19.824	0	-0	-0	-0	0	6.23321	6.15734	-150.796	0	-0.0598973	0.165248	0.00906652	0.156181	0.10535
0	143.187	0	-32.8484	0	0	-0	-0	0	5.93162	5.86787	-150.796	0	-0.0636672	0.16026	0.00254995	0.15771	0.0965927
0	49.0298	0	-190.866	0	0	-0	-0	0	5.63003	5.64438	-150.796	0	-0.0661804	0.157411	-0.000574131	0.157985	0.0912303
0	-1913.47	0	522.606	0	0	0	-0	0	5.32844	5.4475	-150.796	0	-0.0686937	0.152978	-0.00476242	0.15774	0.084284
0	1469.4	0	120.38	0	-0	-0	-0	0	5.02685	5.21976	-150.796	0	-0.0712069	0.148794	-0.0077162	0.15651	0.0775873
0	744.464	0	101.227	0	-0	-0	-0	0	4.72526	5.0995	-150.796	0	-0.0724635	0.146994	-0.0089377	0.155932	0.0745305
0	201.389	0	2050.11	0	-0	-0	-0	0	4.42368	4.55036	-150.796	0	-0.0749768	0.155812	0.000964375	0.154847	0.0808351
0	64.0043	0	-1153.33	0	0	-0	-0	0	4.12209	3.97036	-150.796	0	-0.07749	0.167442	0.0121009	0.155341	0.089952
0	28.88	0	-669.706	0	0	-0	-0	0	3.8205	3.5585	-150.796	0	-0.0800032	0.174039	0.0165116	0.157528	0.0940359
0	491.879	0	278.398	0	-0	-0	-0	0	3.51891	3.22434	-150.796	0	-0.0837731	0.172591	0.0117829	0.160808	0.088818
0	136.669	0	402.896	0	-0	-0	-0	0	3.21732	2.94551	-150.796	0	-0.0862863	0.173	0.0108724	0.162127	0.0867135
0	78.0761	0	43.766	0	-0	-0	-0	0	2.91573	2.84441	-150.796	0	-0.087543	0.171828	0.00888469	0.162943	0.0842846
0	33.379	0	-214.808	0	0	-0	-0	0	2.61414	2.49428	-150.796	0	-0.0900562	0.175074	0.0108263	0.164248	0.0850179
0	21.8732	0	-597.88	0	0	-0	-0	0	2.31255	2.04305	-150.796	0	-0.0925694	0.182998	0.016812	0.166186	0.0904282
0	18.4811	0	-281.845	0	0	-0	-0	0	2.01096	1.72059	-150.796	0	-0.0963393	0.181159	0.0116151	0.169543	0.0848192
0	18.5109	0	-13.6948	0	0	-0	-0	0	1.70937	1.4375	-150.796	0	-0.0988526	0.181677	0.0108749	0.170802	0.0828247
0	18.5067	0	-186.077	0	0	-0	-0	0	1.40945	1.18741	-145.788	0	-0.0975952	0.181262	0.00888163	0.17238	0.0836667
0	-1843.06	0	-114.251	0	0	0	-0	0	1.13296	1.01181	-130.708	0	-0.0885898	0.178013	0.00484583	0.173167	0.0894233
0	482.457	0	10.2472	0	-0	-0	-0	0	0.886624	0.848986	-115.629	0	-0.0793329	0.175252	0.00150555	0.173746	0.0959189
0	133.482	0	-305.787	0	0	-0	-0	0	0.670449	0.679774	-100.549	0	-0.0698248	0.173519	-0.000372977	0.173892	0.103694
0	45.7069	0	-95.0977	0	0	-0	-0	0	0.484433	0.481828	-85.4697	0	-0.0600654	0.173982	0.000104196	0.173878	0.113917
0	-1850.2	0	-109.463	0	0	0	-0	0	0.328575	0.340286	-70.3903	0	-0.0500546	0.173187	-0.000468446	0.173656	0.123133
0	486.135	0	-23.2716	0	0	-0	-0	0	0.202875	0.216836	-55.3108	0	-0.0397925	0.173006	-0.000558422	0.173564	0.133213
0	134.504	0	-128.617	0	0	-0	-0	0	0.107334	0.0838077	-40.2314	0	-0.0292791	0.174336	0.000941065	0.173395	0.145057
0	44.6042	0	-439.863	0	0	-0	-0	0	0.0419519	-0.0428351	-25.1519	0	-0.0185143	0.177032	0.00339148	0.173641	0.158518
0	20.9477	0	-1689.64	0	0	-0	-0	0	0.00672793	0.220029	-10.0725	0	-0.00749829	0.165298	-0.00853202	0.17383	0.1578
0	18.2418	0	-253.115	0	0	-0	-0	0	0	0.611663	0	0	0	0.148724	-0.0244665	0.17319	0.148724
0	14.9609	0	-300.999	0	0	-0	-0	0	0	1.1193	0	0	0	0.123707	-0.044772	0.168479	0.123707
0	13.1992	0	-1081.51	0	0	-0	-0	0	0	1.01288	0	0	0	0.121367	-0.0405151	0.161882	0.121367
0	11.7897	0	-846.877	0	0	-0	-0	0	0	0.949023	0	0	0	0.117917	-0.0379609	0.155878	0.117917
0	12.0178	0	594.432	0	-0	-0	-0	0	0	0.982014	0	0	0	0.110925	-0.0392806	0.150206	0.110925
0	10.8358	0	-95.0977	0	0	-0	-0	0	0	0.765976	0	0	0	0.111074	-0.030639	0.141713	0.111074
0	10.8251	0	-152.559	0	0	-0	-0	0	0	0.614856	0	0	0	0.112804	-0.0245942	0.137398	0.112804
0	9.70395	0	-23.2716	0	0	-0	-0	0	0	0.588251	0	0	0	0.110201	-0.02353	0.133731	0.110201
0	9.40034	0	-454.228	0	0	-0	-0	0	0	0.44458	0	0	0	0.112635	-0.0177832	0.130419	0.112635
0	-1919.21	0	-708.013	0	0	0	-0	0	0	0.365827	0	0	0	0.113255	-0.0146331	0.127888	0.113255
0	489.479	0	-909.126	0	0	-0	-0	0	0	0.3488	0	0	0	0.111783	-0.013952	0.125735	0.111783
0	126.19	0	-976.164	0	0	-0	-0	0	0	0.336029	0	0	0	0.110223	-0.0134412	0.123664	0.110223
0	34.8369	0	-856.454	0	0	-0	-0	0	0	0.294524	0	0	0	0.109912	-0.011781	0.121693	0.109912
0	10.9301	0	-660.129	0	0	-0	-0	0	0	0.216836	0	0	0	0.111361	-0.00867344	0.120034	0.111361
0	6.98382	0	-597.88	0	0	-0	-0	0	0	0.174267	0	0	0	0.112413	-0.00697067	0.119384	0.112413
0	3.58106	0	-353.671	0	0	-0	-0	0	0	0.0454956	0	0	0	0.11672	-0.00181982	0.118539	0.11672
0	1.27222	0	-296.211	0	0	-0	-0	0	0	-0.0619911	0	0	0	0.120925	0.00247964	0.118445	0.120925
0	0.451837	0	-210.019	0	0	-0	-0	0	0	-0.0875325	0	0	0	0.122389	0.0035013	0.118887	0.122389
0	-0.22349	0	-138.193	0	0	0	-0	0	0	-0.05667	0	0	0	0.121846	0.0022668	0.119579	0.121846
0	-1.65311	0	-99.8861	0	0	0	-0	0	0	-0.0524131	0	0	0	0.122003	0.00209652	0.119907	0.122003
0	-2.26972	0	-32.8484	0	0	0	-0	0	0	-0.0630553	0	0	0	0.122763	0.00252221	0.12024	0.122763
0	-2.3452	0	5.45878	0	0	0	-0	0	0	-0.0683765	0	0	0	0.123165	0.00273506	0.12043	0.123165
0	-2.38289	0	38.9776	0	0	0	-0	0	0	-0.0822114	0	0	0	0.124141	0.00328846	0.120853	0.124141
0	-3.5982	0	43.766	0	0	0	-0	0	0	-0.0939179	0	0	0	0.125122	0.00375672	0.121365	0.125122
0	482.087	0	-18.4832	0	0	-0	-0	0	0	-0.0864683	0	0	0	0.125669	0.00345873	0.12221	0.125669
0	-1701.18	0	235.302	0	0	0	-0	0	0	-0.0449635	0	0	0	0.124268	0.00179854	0.12247	0.124268
0	543.846	0	503.453	0	-0	-0	-0	0	0	0.128505	0	0	0	0.117315	-0.00514021	0.122455	0.117315
0	-1807.16	0	125.169	0	0	0	-0	0	0	0.133826	0	0	0	0.116255	-0.00535305	0.121608	0.116255
0	257.23	0	-229.173	0	0	-0	-0	0	0	-0.0258075	0	0	0	0.12193	0.0010323	0.120898	0.12193
0	62.38	0	-123.828	0	0	-0	-0	0	0	-0.0736976	0	0	0	0.124109	0.0029479	0.121161	0.124109
0	14.5388	0	206.572	0	-0	-0	-0	0	0	-0.0311286	0	0	0	0.122807	0.00124514	0.121562	0.122807
0	2.30242	0	-152.559	0	0	-0	-0	0	0	0.0125046	0	0	0	0.121172	-0.000500186	0.121672	0.121172
0	970.069	0	-253.115	0	0	-0	-0	0	0	0.0231469	0	0	0	0.120643	-0.000925876	0.121569	0.120643
0	241.482	0	-133.405	0	0	-0	-0	0	0	0.00399084	0	0	0	0.121308	-0.000159634	0.121468	0.121308
0	59.4305	0	-8.90643	0	0	-0	-0	0	0	-0.00452296	0	0	0	0.121644	0.000180918	0.121463	0.121644
0	985.742	0	34.1892	0	-0	-0	-0	0	0	-0.00239451	0	0	0	0.121583	9.57805e-05	0.121487	0.121583
0	245.585	0	82.0732	0	-0	-0	-0	0	0	-0.00133029	0	0	0	0.121555	5.32114e-05	0.121501	0.121555
0	122.206	0	43.766	0	-0	-0	-0	0	0	-0.00345874	0	0	0	0.121644	0.000138349	0.121505	0.121644
0	1000.5	0	-18.4832	0	0	-0	-0	0	0	-0.00345874	0	0	0	0.121665	0.000138349	0.121526	0.121665
0	124.233	0	-80.7325	0	0	-0	-0	0	0	0.00186239	0	0	0	0.121467	-7.44956e-05	0.121541	0.121467
0	61.4837	0	-56.7905	0	0	-0	-0	0	0	0.00399084	0	0	0	0.121376	-0.000159634	0.121536	0.121376
0	7.19978	0	-37.6368	0	0	-0	-0	0	0	0.00718352	0	0	0	0.121203	-0.000287341	0.12149	0.121203
0	0.852579	0	-52.0021	0	0	-0	-0	0	0	-0.000266061	0	0	0	0.121467	1.06424e-05	0.121457	0.121467
0	-0.196185	0	-28.06	0	0	0	-0	0	0	-0.00345874	0	0	0	0.121596	0.000138349	0.121458	0.121596
0	-0.167546	0	19.824	0	0	0	-0	0	0	-0.00239451	0	0	0	0.121584	9.57805e-05	0.121489	0.121584
0	-0.37602	0	-52.0021	0	0	0	-0	0	0	0.00186239	0	0	0	0.121422	-7.44956e-05	0.121497	0.121422
0	-0.436032	0	-52.0021	0	0	0	-0	0	0	0.00399084	0	0	0	0.121323	-0.000159634	0.121482	0.121323
0	-0.446246	0	-42.4253	0	0	0	-0	0	0	0.00399084	0	0	0	0.121296	-0.000159634	0.121455	0.121296
0	-0.407388	0	19.824	0	0	0	-0	0	0	0.00399084	0	0	0	0.121268	-0.000159634	0.121428	0.121268
0	-0.422326	0	-28.06	0	0	0	-0	0	0	0.000798164	0	0	0	0.121379	-3.19266e-05	0.12141	0.121379
