0	0.00670376	0	13.4075	0	0	-0	0	0	0	0.000925872	0	0	0	-2.77762e-05	-2.77762e-05	0	-2.77762e-05
0	0.587978	0	-44.0533	0	0	-0	-0	0	0.0150796	-0.00971638	15.0796	0	0.0114354	0.0158293	0.000743881	5.7545e-06	0.0272647
0	4.0932	0	3475.42	0	-0	-0	-0	0	0.0603186	-0.542893	30.1593	0	0.0231221	0.0487541	0.0180964	0.00049842	0.0718762
0	3.63648	0	-656.969	0	0	-0	-0	0	0.135717	-0.762124	45.2389	0	0.0350602	0.0772046	0.0269352	0.00503042	0.112265
0	3.60039	0	-197.282	0	0	-0	-0	0	0.241274	-0.616325	60.3186	0	0.0472496	0.0962439	0.025728	0.0101973	0.143493
0	2.92665	0	-561.201	0	0	-0	-0	0	0.376991	-0.58227	75.3982	0	0.0596903	0.11966	0.0287778	0.0154841	0.17935
0	5.30763	0	1660.62	0	-0	-0	-0	0	0.542867	-0.14168	90.4779	0	0.0723823	0.132118	0.0205364	0.0211036	0.2045
0	5.5401	0	185.79	0	-0	-0	-0	0	0.738903	0.393625	105.558	0	0.0853257	0.14057	0.0103583	0.024654	0.225896
0	1.80903	0	-2692.04	0	0	-0	-0	0	0.965097	1.27587	120.637	0	0.0985204	0.137343	-0.00932311	0.0260288	0.235863
0	3.73261	0	-211.647	0	0	-0	-0	0	1.22145	1.92611	135.717	0	0.111966	0.137812	-0.0211397	0.0232348	0.249778
0	2.64164	0	-781.467	0	0	-0	-0	0	1.50796	2.49334	150.796	0	0.125664	0.140057	-0.0295613	0.0188219	0.265721
0	3.0656	0	-810.198	0	0	-0	-0	0	1.80956	3.29364	150.796	0	0.128177	0.11834	-0.0445224	0.0120658	0.246517
0	87.1855	0	-1006.52	0	0	-0	0	0	2.11115	4.01944	150.796	0	0.13069	0.0961111	-0.0572487	0.00256329	0.226801
0	21.9972	0	-446.279	0	0	-0	-0	0	2.41274	4.6931	150.796	0	0.133204	0.0728632	-0.0684105	-0.00952276	0.206067
0	5.3689	0	-666.546	0	0	-0	-0	0	2.71434	5.24543	150.796	0	0.135717	0.0512716	-0.0759327	-0.0235922	0.186988
0	0.993905	0	793.917	0	-0	-0	-0	0	3.01593	5.54128	150.796	0	0.13823	0.0360838	-0.0757606	-0.0389521	0.174314
0	-0.926314	0	-249.955	0	0	0	-0	0	3.31752	5.60939	150.796	0	0.140743	0.0282704	-0.0687561	-0.0537699	0.169014
0	-0.828893	0	-20.1113	0	0	0	-0	0	3.61911	5.64558	150.796	0	0.143257	0.0228827	-0.0607939	-0.0671199	0.166139
0	-1.2043	0	-364.876	0	0	0	-0	0	3.76991	5.6626	150.796	0	0.144513	0.0208164	-0.0567808	-0.0731992	0.16533
0	-3.53598	0	-1782.24	0	0	0	-0	0	4.0715	5.8084	150.796	0	0.147027	0.0145098	-0.052107	-0.0841796	0.161536
0	-51.2777	0	530.555	0	0	0	-0	0	4.3731	6.01912	150.796	0	0.14954	0.00685842	-0.0493807	-0.0945573	0.156398
0	27.311	0	-115.879	0	0	-0	0	0	4.67469	5.97017	150.796	0	0.152053	0.00796701	-0.0388643	-0.103965	0.16002
0	2.96742	0	-316.992	0	0	-0	-0	0	4.97628	5.94037	150.796	0	0.154566	0.0107224	-0.0289226	-0.111151	0.165289
0	-2.37077	0	554.497	0	0	0	-0	0	5.27787	5.99464	150.796	0	0.15708	0.012698	-0.0215031	-0.116595	0.169778
0	-3.70879	0	209.732	0	0	0	-0	0	5.57946	6.07127	150.796	0	0.159593	0.0155892	-0.014754	-0.120453	0.175182
0	-4.73494	0	-436.702	0	0	0	-0	0	5.88106	6.19472	150.796	0	0.162106	0.018135	-0.00940978	-0.123252	0.180241
0	-6.27197	0	-1672.11	0	0	0	-0	0	6.18265	6.39266	150.796	0	0.164619	0.0196328	-0.00630039	-0.124863	0.184252
0	-6.73289	0	-101.514	0	0	0	-0	0	6.48424	6.62041	150.796	0	0.167133	0.0206191	-0.00408493	-0.126092	0.187752
0	-7.13983	0	-594.72	0	0	0	0	0	6.78583	6.87263	150.796	0	0.169646	0.0215217	-0.0026038	-0.126671	0.191168
0	-8.33682	0	-522.894	0	0	0	0	0	7.08743	7.2483	150.796	0	0.172159	0.0185733	-0.00482617	-0.127397	0.190733
0	-8.03882	0	334.231	0	0	0	0	0	7.38902	7.36324	150.796	0	0.174673	0.0233983	0.000773506	-0.128172	0.198071
0	-9.34305	0	-321.781	0	0	0	0	0	7.69061	7.45902	150.796	0	0.177186	0.0300776	0.00694787	-0.127667	0.207263
0	-136.703	0	-963.427	0	0	0	-0	0	7.9922	8.09436	150.796	0	0.179699	0.0209301	-0.00306463	-0.126802	0.200629
0	-42.4461	0	540.132	0	0	0	0	0	8.2938	8.32955	150.796	0	0.182212	0.0222507	-0.00107265	-0.127473	0.204463
0	-20.4772	0	-489.375	0	0	0	0	0	8.59539	8.61796	150.796	0	0.184726	0.0226033	-0.000676975	-0.127516	0.207329
0	-16.4109	0	-738.372	0	0	0	0	0	8.89699	9.21179	150.796	0	0.187239	0.0131824	-0.00944429	-0.12817	0.200421
0	-14.2011	0	463.517	0	0	0	0	0	9.19858	9.36611	150.796	0	0.189752	0.0158579	-0.0050259	-0.129913	0.20561
0	-14.4555	0	305.5	0	0	0	0	0	9.50017	9.66516	150.796	0	0.192265	0.0149888	-0.00494951	-0.130858	0.207254
0	-16.0403	0	-1384.81	0	0	0	0	0	9.80177	10.1323	150.796	0	0.194779	0.00880003	-0.00991751	-0.132079	0.203579
0	-16.1824	0	-158.975	0	0	0	0	0	10.1034	10.4069	150.796	0	0.197292	0.00754958	-0.00910687	-0.13414	0.204842
0	-15.2378	0	444.364	0	0	0	0	0	10.405	10.5985	150.796	0	0.199805	0.00930282	-0.00580584	-0.135688	0.209108
0	-16.0635	0	238.462	0	0	0	0	0	10.7065	10.9486	150.796	0	0.202319	0.00655051	-0.00726193	-0.136984	0.208869
0	-16.7161	0	-1269.88	0	0	0	0	0	11.0081	11.4435	150.796	0	0.204832	-0.00115432	-0.0130601	-0.138891	0.203678
0	-14.7614	0	789.129	0	0	0	0	0	11.3097	11.7276	150.796	0	0.207345	-0.00319925	-0.0125367	-0.141459	0.204146
0	-16.5729	0	-1073.56	0	0	0	0	0	11.7621	12.0235	150.796	0	0.211115	-0.00177862	-0.00784063	-0.144734	0.209336
0	-15.4192	0	631.112	0	0	0	0	0	12.0637	12.6322	150.796	0	0.213628	-0.0129132	-0.017055	-0.146655	0.200715
0	-16.1009	0	-465.433	0	0	0	0	0	12.3653	12.7014	150.796	0	0.216142	-0.00929192	-0.0100823	-0.150006	0.20685
0	899.925	0	-436.702	0	0	-0	0	0	12.6669	13.0952	150.796	0	0.218655	-0.013934	-0.0128474	-0.151883	0.204721
0	-244.177	0	113.964	0	0	0	0	0	12.9685	13.5815	150.796	0	0.221168	-0.0226347	-0.0183902	-0.155041	0.198533
0	-72.2292	0	578.439	0	0	0	0	0	13.2701	13.7986	150.796	0	0.223681	-0.0233862	-0.0158554	-0.158327	0.200295
0	-30.3397	0	-925.12	0	0	0	0	0	13.5717	14.0838	150.796	0	0.226195	-0.026319	-0.015364	-0.161751	0.199876
0	-18.6176	0	204.944	0	0	0	0	0	13.8733	14.0402	150.796	0	0.228708	-0.0184294	-0.00500719	-0.164219	0.210279
0	-15.6215	0	841.801	0	0	0	0	0	14.1749	14.4967	150.796	0	0.231221	-0.0241476	-0.00965595	-0.165288	0.207074
0	-14.3259	0	-273.897	0	0	0	0	0	14.4765	14.9969	150.796	0	0.233735	-0.0325612	-0.0156137	-0.167744	0.201173
0	-12.7934	0	741.245	0	0	0	0	0	14.7781	15.0693	150.796	0	0.236248	-0.0286676	-0.00873691	-0.170727	0.20758
0	-13.0294	0	-264.32	0	0	0	0	0	15.0797	15.0789	150.796	0	0.238761	-0.0180671	0.00273726	-0.171601	0.220694
0	-11.6482	0	-609.085	0	0	0	0	0	15.3812	16.0111	150.796	0	0.241274	-0.0401737	-0.0188965	-0.172074	0.201101
0	-11.6853	0	602.381	0	0	0	0	0	15.6828	16.1697	150.796	0	0.243788	-0.0409653	-0.0177985	-0.173963	0.202822
0	-11.8888	0	-829.352	0	0	0	0	0	15.9844	16.0239	150.796	0	0.246301	-0.0277065	-0.00118401	-0.177319	0.218594
0	-14.7318	0	-1868.44	0	0	0	0	0	16.286	16.3283	150.796	0	0.248814	-0.0274921	-0.00126726	-0.177021	0.221322
0	-11.7693	0	908.839	0	0	0	0	0	16.5876	16.7806	150.796	0	0.250071	-0.0288737	-0.00252216	-0.177148	0.221197
0	1735.31	0	343.807	0	0	-0	0	0	16.8892	17.4968	150.796	0	0.253841	-0.046096	-0.0182272	-0.178665	0.207745
0	-444.144	0	501.825	0	0	0	0	0	17.1908	17.7809	150.796	0	0.256354	-0.0493308	-0.0177039	-0.182423	0.207023
0	-123.3	0	224.097	0	0	0	0	0	17.4886	17.9321	143.256	0	0.253181	-0.0556734	-0.0133028	-0.185627	0.197507
0	1850.24	0	-154.187	0	0	-0	0	0	17.7601	18.1098	128.176	0	0.244133	-0.0692722	-0.0104915	-0.186957	0.174861
0	-750.009	0	-1006.52	0	0	0	-0	0	18.0013	18.5482	113.097	0	0.234834	-0.0950627	-0.0164072	-0.191752	0.139771
0	-197.655	0	1483.45	0	0	0	0	0	18.2125	18.5631	98.017	0	0.23009	-0.100676	-0.0128401	-0.193393	0.129414
0	-62.0127	0	-130.245	0	0	0	0	0	18.3934	18.4674	82.9373	0	0.220414	-0.112179	-0.00221872	-0.196422	0.108235
0	-26.1852	0	985.453	0	0	0	0	0	18.5442	18.4184	67.8576	0	0.205428	-0.124913	0.0037738	-0.196545	0.0805148
0	-12.9816	0	3202.48	0	0	0	0	0	18.6648	17.9374	52.778	0	0.200307	-0.1253	0.0105493	-0.196168	0.075007
0	2376.03	0	1315.85	0	0	-0	0	0	18.7553	17.4425	37.6983	0	0.184568	-0.1125	0.039384	-0.189582	0.0720678
0	1846.95	0	-805.409	0	0	0	-0	0	18.8156	16.9061	22.6186	0	0.179196	-0.1064	0.0490859	-0.185644	0.0727961
0	-1540.71	0	-240.378	0	0	0	-0	0	18.8458	16.6646	7.53894	0	0.168263	-0.0948308	0.0650974	-0.175007	0.0734323
0	-204.079	0	1239.24	0	0	0	0	0	18.8496	16.5198	0	0	0.15708	-0.0930069	0.0686147	-0.161622	0.0640728
0	-58.6441	0	1962.29	0	0	0	0	0	18.8496	16.1261	0	0	0.15708	-0.0585247	0.0817047	-0.140229	0.0985549
0	1116.47	0	-48.8417	0	0	0	0	0	18.8496	15.7195	0	0	0.15708	-0.0440008	0.0880581	-0.132059	0.113079
0	271.181	0	410.845	0	0	-0	0	0	18.8496	15.3683	0	0	0.15708	0.000381812	0.104437	-0.104055	0.157461
0	62.8233	0	1282.33	0	0	-0	0	0	18.8496	15.2715	0	0	0.15708	0.0245065	0.107342	-0.0828354	0.181586
0	8.53107	0	358.173	0	0	-0	0	0	18.8496	15.1895	0	0	0.15708	0.0366774	0.108779	-0.0721012	0.193757
0	-2003.24	0	683.784	0	0	0	0	0	18.8496	15.1502	0	0	0.15708	0.0717087	0.110982	-0.0392729	0.228788
0	495.763	0	1057.28	0	0	-0	0	0	18.8496	15.3045	0	0	0.15708	0.0837327	0.111907	-0.0281747	0.240812
0	120.74	0	-637.815	0	0	-0	0	0	18.8496	16.5581	0	0	0.15708	0.0713464	0.0687424	0.00260393	0.228426
0	62.5988	0	813.071	0	0	-0	0	0	18.8496	16.9487	0	0	0.15708	0.0665035	0.0570253	0.00947818	0.223583
0	6.33658	0	-293.05	0	0	-0	0	0	18.8496	17.4574	0	0	0.15708	0.0663164	0.0417644	0.024552	0.223396
0	2.27575	0	497.036	0	0	-0	0	0	18.8496	17.7735	0	0	0.15708	0.0679706	0.0392421	0.0287285	0.22505
0	1.94888	0	425.21	0	0	-0	0	0	18.8496	18.2822	0	0	0.15708	0.0552873	0.0170211	0.0382662	0.212367
0	4.97302	0	1239.24	0	0	-0	0	0	18.8496	18.5387	0	0	0.15708	0.0506492	0.00932671	0.0413225	0.207729
0	5.72938	0	410.845	0	0	-0	0	0	18.8496	18.6685	0	0	0.15708	0.0476868	0.00543165	0.0422551	0.204766
0	5.20252	0	118.752	0	0	-0	0	0	18.8496	19.1559	0	0	0.15708	0.0328868	-0.00919081	0.0420776	0.189966
0	8.39005	0	678.996	0	0	-0	0	0	18.8496	19.1825	0	0	0.15708	0.0302437	-0.0109148	0.0411585	0.187323
0	12.1455	0	1306.28	0	0	-0	0	0	18.8496	19.3358	0	0	0.15708	0.0233838	-0.0145864	0.0379703	0.180463
0	11.3137	0	-968.215	0	0	-0	0	0	18.8496	19.3304	0	0	0.15708	0.0224999	-0.0140117	0.0365116	0.17958
0	12.7696	0	-350.511	0	0	-0	0	0	18.8496	19.406	0	0	0.15708	0.0169742	-0.0166936	0.0336678	0.174054
0	-1091.02	0	731.668	0	0	-0	0	0	18.8496	19.3932	0	0	0.15708	0.0150595	-0.0153526	0.0304121	0.172139
0	294.265	0	-374.453	0	0	-0	0	0	18.8496	19.2964	0	0	0.15708	0.012481	-0.0134051	0.0258861	0.169561
0	-881.917	0	1813.85	0	0	0	0	0	18.8496	19.5805	0	0	0.15708	0.00092756	-0.0219295	0.0228571	0.158007
0	282.666	0	-498.952	0	0	-0	0	0	18.8496	19.4518	0	0	0.15708	-0.00203163	-0.0226957	0.0206641	0.155048
0	87.0678	0	631.112	0	0	-0	0	0	18.8496	19.3411	0	0	0.15708	0.00126719	-0.0153207	0.0165879	0.158347
0	39.4717	0	-369.665	0	0	-0	0	0	18.8496	19.2464	0	0	0.15708	0.000271922	-0.0133093	0.0135812	0.157352
0	26.0033	0	-96.7258	0	0	-0	0	0	18.8496	18.7973	0	0	0.15708	0.01177	0.00156853	0.0102014	0.16885
0	22.6558	0	324.654	0	0	-0	0	0	18.8496	18.6706	0	0	0.15708	0.0164513	0.00536785	0.0110834	0.173531
0	324.374	0	-321.781	0	0	-0	0	0	18.8496	18.5919	0	0	0.15708	0.0198555	0.00773043	0.0121251	0.176935
0	172.467	0	-87.1489	0	0	-0	0	0	18.8496	18.5482	0	0	0.15708	0.0219375	0.0090394	0.0128981	0.179017
0	41.275	0	1421.2	0	0	-0	0	0	18.8496	18.694	0	0	0.15708	0.0205117	0.00466547	0.0158462	0.177591
0	32.1192	0	1100.38	0	0	-0	0	0	18.8496	18.9942	0	0	0.15708	0.0119748	-0.00433794	0.0163127	0.169054
0	-320.702	0	-1245.94	0	0	0	0	0	18.8496	19.207	0	0	0.15708	0.00405785	-0.0107232	0.0147811	0.161137
0	60.6677	0	-278.685	0	0	-0	0	0	18.8496	18.9601	0	0	0.15708	0.00931105	-0.00331621	0.0126273	0.166391
0	26.5139	0	-216.436	0	0	-0	0	0	18.8496	18.8643	0	0	0.15708	0.0116617	-0.000442829	0.0121045	0.168741
0	15.2814	0	918.416	0	0	-0	0	0	18.8496	18.7057	0	0	0.15708	0.0127667	0.000706501	0.0120602	0.169846
0	14.0752	0	722.091	0	0	-0	0	0	18.8496	18.6685	0	0	0.15708	0.0179939	0.00543165	0.0125623	0.175074
0	17.4976	0	904.051	0	0	-0	0	0	18.8496	18.7409	0	0	0.15708	0.0174524	0.00326065	0.0141918	0.174532
0	10.1239	0	-537.259	0	0	-0	0	0	18.8496	18.6249	0	0	0.15708	0.0186724	0.00415455	0.0145178	0.175752
0	8.9243	0	434.787	0	0	-0	0	0	18.8496	18.6398	0	0	0.15708	0.0219011	0.00629374	0.0156074	0.178981
0	4.6395	0	-2122.22	0	0	-0	0	0	18.8496	19.1389	0	0	0.15708	0.00703089	-0.00867989	0.0157108	0.164111
0	3.37987	0	176.213	0	0	-0	0	0	18.8496	18.9239	0	0	0.15708	0.0121208	-0.00223074	0.0143515	0.1692
0	1.04592	0	-762.314	0	0	-0	0	0	18.8496	18.8217	0	0	0.15708	0.0148833	0.000834217	0.014049	0.171963
0	-0.31964	0	-470.221	0	0	0	0	0	18.8496	18.7898	0	0	0.15708	0.0159246	0.00179209	0.0141325	0.173004
0	-1.85745	0	-412.76	0	0	0	0	0	18.8496	18.6845	0	0	0.15708	0.0195235	0.00495277	0.0145707	0.176603
0	-4.22806	0	-154.187	0	0	0	0	0	18.8496	18.4993	0	0	0.15708	0.02643	0.010508	0.015922	0.18351
0	-7.29961	0	-221.224	0	0	0	0	0	18.8496	18.5472	0	0	0.15708	0.0279095	0.00907133	0.0188382	0.184989
0	-5.36164	0	1540.91	0	0	0	0	0	18.8496	18.5504	0	0	0.15708	0.0309876	0.0112423	0.0197453	0.188067
0	-5.56792	0	300.712	0	0	0	0	0	18.8496	18.8207	0	0	0.15708	0.0226332	0.000866146	0.0217671	0.179713
0	-4.72537	0	1469.08	0	0	0	0	0	18.8496	19.0942	0	0	0.15708	0.013934	-0.00733904	0.0212731	0.171014
0	-5.77809	0	-594.72	0	0	0	0	0	18.8496	18.876	0	0	0.15708	0.0171882	-0.0028054	0.0199936	0.174268
0	-6.08643	0	-321.781	0	0	0	0	0	18.8496	18.9154	0	0	0.15708	0.0176583	-0.00197536	0.0196337	0.174738
0	-5.76223	0	-604.297	0	0	0	0	0	18.8496	19.107	0	0	0.15708	0.0111621	-0.00772213	0.0188842	0.168242
0	-5.0629	0	-714.43	0	0	0	0	0	18.8496	19.0165	0	0	0.15708	0.0118433	-0.00500839	0.0168517	0.168923
0	-4.99685	0	-72.7837	0	0	0	0	0	18.8496	19.0218	0	0	0.15708	0.0111829	-0.00516798	0.0163509	0.168263
0	1244.01	0	-230.801	0	0	-0	0	0	18.8496	19.0899	0	0	0.15708	0.0073082	-0.00721132	0.0145195	0.164388
0	-315.132	0	-249.955	0	0	0	-0	0	18.8496	19.0005	0	0	0.15708	0.00879	-0.00500839	0.0137984	0.16587
0	-157.349	0	434.787	0	0	0	0	0	18.8496	19.0005	0	0	0.15708	0.00831515	-0.00452946	0.0128446	0.165395
0	-20.5455	0	-676.123	0	0	0	0	0	18.8496	19.1878	0	0	0.15708	0.000382599	-0.0101486	0.0105312	0.157462
0	-11.0426	0	-326.569	0	0	0	0	0	18.8496	19.1165	0	0	0.15708	0.00150682	-0.00800949	0.00951631	0.158586
0	-3.53349	0	123.541	0	0	0	0	0	18.8496	19.1187	0	0	0.15708	-0.000130204	-0.00807335	0.00794314	0.156949
0	-2.46615	0	-460.644	0	0	0	0	0	18.8496	18.81	0	0	0.15708	4.62355e-05	-0.00628544	0.00633167	0.157126
0	-0.8218	0	678.996	0	0	0	0	0	18.8496	18.6579	0	0	0.15708	0.0122148	0.00575094	0.00646381	0.169294
0	-0.831168	0	372.538	0	0	0	0	0	18.8496	18.6983	0	0	0.15708	0.0115767	0.00453775	0.00703891	0.168656
0	-0.195342	0	18.1959	0	0	0	0	0	18.8496	18.6068	0	0	0.15708	0.015415	0.00728342	0.00813163	0.172495
0	-467.18	0	1109.95	0	0	0	-0	0	18.8496	18.677	0	0	0.15708	0.0169899	0.00741114	0.00957873	0.17407
0	-232.32	0	1330.22	0	0	0	-0	0	18.8496	18.843	0	0	0.15708	0.0154961	0.00517628	0.0103198	0.172576
0	1894.72	0	1033.34	0	0	-0	0	0	18.8496	18.9707	0	0	0.15708	0.00722155	-0.0036355	0.010857	0.164301
0	-263.357	0	-115.879	0	0	0	-0	0	18.8496	18.8867	0	0	0.15708	0.00754474	-0.0024543	0.00999904	0.164624
0	-130.809	0	-690.488	0	0	0	0	0	18.8496	18.9675	0	0	0.15708	0.00610257	-0.00353971	0.00964228	0.163182
0	-14.0337	0	564.074	0	0	0	0	0	18.8496	19.0835	0	0	0.15708	0.000710944	-0.00797756	0.00868851	0.157791
0	-2.41523	0	152.271	0	0	0	0	0	18.8496	18.9239	0	0	0.15708	0.00450828	-0.00223074	0.00673902	0.161588
0	-0.460786	0	276.77	0	0	0	0	0	18.8496	18.8984	0	0	0.15708	0.00505144	-0.0014645	0.00651594	0.162131
0	1.61037	0	453.941	0	0	-0	0	0	18.8496	18.8388	0	0	0.15708	0.00573871	-0.000506687	0.00624539	0.162818
0	1.64634	0	463.517	0	0	-0	0	0	18.8496	18.8154	0	0	0.15708	0.00725286	0.00102579	0.00622706	0.164332
0	2.62049	0	544.92	0	0	-0	0	0	18.8496	18.7771	0	0	0.15708	0.00869041	0.00217518	0.00651523	0.16577
0	3.66248	0	1660.62	0	0	-0	0	0	18.8496	18.9069	0	0	0.15708	0.00506751	-0.00171993	0.00678744	0.162147
0	2.8663	0	588.016	0	0	-0	0	0	18.8496	18.8569	0	0	0.15708	0.0065274	3.60489e-05	0.00649135	0.163607
0	4.05762	0	257.616	0	0	-0	0	0	18.8496	18.7664	0	0	0.15708	0.00692414	0.000451126	0.00647302	0.164004
0	6.55875	0	602.381	0	0	-0	0	0	18.8496	18.6834	0	0	0.15708	0.0107945	0.00402689	0.00676757	0.167874
0	6.77471	0	276.77	0	0	-0	0	0	18.8496	18.6547	0	0	0.15708	0.0133239	0.00565516	0.00766873	0.170404
0	6.75193	0	-680.911	0	0	-0	0	0	18.8496	18.7941	0	0	0.15708	0.013644	0.00482506	0.00881892	0.170724
0	9.73755	0	2565.63	0	0	-0	0	0	18.8496	18.7324	0	0	0.15708	0.0115473	0.00207939	0.00946786	0.168627
0	13.2526	0	1023.76	0	0	-0	0	0	18.8496	18.925	0	0	0.15708	0.0108936	0.000866146	0.0100274	0.167973
0	15.7302	0	635.9	0	0	-0	0	0	18.8496	18.892	0	0	0.15708	0.00845519	-0.00143257	0.00988776	0.165535
0	17.8663	0	-63.2069	0	0	-0	0	0	18.8496	18.9537	0	0	0.15708	0.00626944	-0.00312469	0.00939413	0.163349
0	20.8182	0	822.648	0	0	-0	0	0	18.8496	18.8739	0	0	0.15708	0.00672321	-0.00235846	0.00908166	0.163803
0	23.4009	0	348.596	0	0	-0	0	0	18.8496	18.8132	0	0	0.15708	0.00941544	0.000642643	0.0087728	0.166495
0	810.252	0	295.923	0	0	0	0	0	18.8496	18.759	0	0	0.15708	0.0106743	0.00172823	0.00894603	0.167754
0	224.082	0	377.326	0	0	-0	0	0	18.8496	18.7111	0	0	0.15708	0.0126194	0.00322878	0.00939064	0.169699
0	79.6523	0	310.289	0	0	-0	0	0	18.8496	18.6419	0	0	0.15708	0.0153371	0.00520815	0.010129	0.172417
0	43.4944	0	-297.839	0	0	-0	0	0	18.8496	18.6515	0	0	0.15708	0.0183008	0.00702805	0.0112728	0.17538
0	37.7204	0	1263.18	0	0	-0	0	0	18.8496	18.876	0	0	0.15708	0.0120156	-0.000794048	0.0128097	0.169095
0	-1228.99	0	549.709	0	0	0	0	0	18.8496	18.7632	0	0	0.15708	0.0153204	0.00259014	0.0127303	0.1724
0	354.125	0	439.575	0	0	-0	0	0	18.8496	18.5844	0	0	0.15708	0.021646	0.00795387	0.0136921	0.178726
0	76.1537	0	-580.354	0	0	-0	-0	0	18.8391	18.6004	-12.5607	0	0.147572	0.0108046	0.00716114	0.0162042	0.158376
0	49.4191	0	664.63	0	-0	-0	-0	0	18.7989	18.7345	-27.6402	0	0.141781	0.00199047	0.00517067	0.0169203	0.143771
0	42.9518	0	382.115	0	-0	-0	-0	0	18.7285	18.5621	-42.7196	0	0.130011	-0.0154419	0.00210743	0.0176306	0.114569
0	41.3251	0	300.712	0	-0	-0	-0	0	18.628	18.4439	-57.7991	0	0.117989	-0.0261805	0.00573818	0.0183407	0.0918087
0	41.3967	0	166.636	0	-0	-0	-0	0	18.4973	18.3652	-72.8785	0	0.105716	-0.0398346	0.00603756	0.0194667	0.0658817
0	43.7175	0	726.88	0	-0	-0	-0	0	18.3365	18.1268	-87.958	0	0.0868357	-0.0604782	0.00629087	0.0211889	0.0263575
0	40.2181	0	1071.64	0	-0	-0	-0	0	18.1455	16.904	-103.037	0	0.0739345	-0.0418742	0.037245	0.0239183	0.0320603
0	39.5567	0	204.944	0	-0	-0	-0	0	17.9244	16.6422	-118.117	0	0.0673897	-0.0385813	0.0443531	0.0276428	0.0288084
0	37.0093	0	-843.717	0	0	-0	-0	0	17.6731	16.5134	-133.196	0	0.0541115	-0.0571591	0.032573	0.0359246	-0.00304761
0	35.5694	0	-182.917	0	0	-0	-0	0	17.3916	15.761	-148.276	0	0.040582	-0.0581693	0.0399061	0.0426607	-0.0175873
0	34.3656	0	362.961	0	-0	-0	-0	0	17.0904	15.3385	-150.796	0	0.0305794	-0.0421735	0.0570801	0.0515429	-0.0115941
0	33.5832	0	1392.47	0	-0	-0	-0	0	16.7888	14.6542	-150.796	0	0.0268095	-0.0174026	0.0640375	0.0693563	0.00940689
0	30.0957	0	-642.604	0	-0	-0	-0	0	16.4872	13.9082	-150.796	0	0.0255529	-0.00367795	0.0713585	0.0757601	0.021875
0	27.2141	0	-771.891	0	0	-0	-0	0	16.1856	13.6943	-150.796	0	0.0230397	0.0188131	0.0789766	0.090633	0.0418528
0	-340.639	0	382.115	0	0	-0	-0	0	15.8841	13.4825	-150.796	0	0.0205264	0.0268611	0.0716529	0.106005	0.0473876
0	118.107	0	1047.7	0	-0	-0	-0	0	15.5825	12.9419	-150.796	0	0.0180132	0.0441239	0.0745459	0.120375	0.0621371
0	47.1381	0	-901.178	0	0	-0	-0	0	15.2809	12.5194	-150.796	0	0.0155	0.0664479	0.0814935	0.135751	0.0819478
0	28.6607	0	1296.7	0	-0	-0	-0	0	14.9793	12.1416	-150.796	0	0.0129867	0.0858065	0.0844184	0.152185	0.0987932
0	24.5261	0	1698.93	0	-0	-0	-0	0	14.6777	11.8362	-150.796	0	0.0104735	0.102749	0.084406	0.169139	0.113222
0	21.0547	0	-1154.96	0	-0	-0	-0	0	14.3761	11.5712	-150.796	0	0.00796023	0.1205	0.0851918	0.186105	0.12846
0	19.9264	0	-599.508	0	0	-0	-0	0	14.0745	11.2902	-150.796	0	0.00544698	0.13474	0.0824975	0.203039	0.140187
0	20.9433	0	784.341	0	-0	-0	-0	0	13.7729	11.038	-150.796	0	0.00167713	0.159496	0.0820479	0.228244	0.161173
0	19.7844	0	-589.931	0	0	-0	-0	0	13.4713	11.0263	-150.796	0	0.0004205	0.162027	0.0763747	0.236449	0.162448
0	20.0763	0	-460.644	0	0	-0	-0	0	13.1698	10.9486	-150.796	0	-0.00209274	0.170506	0.0698812	0.251422	0.168414
0	20.1582	0	-412.76	0	0	-0	-0	0	12.8682	10.8975	-150.796	0	-0.00460598	0.17792	0.0636431	0.265073	0.173314
0	15.3427	0	1052.49	0	-0	-0	-0	0	12.5666	11.3232	-150.796	0	-0.00711922	0.172659	0.0462944	0.277161	0.16554
0	-4.7657	0	-1868.44	0	0	-0	-0	0	12.265	11.5424	-150.796	0	-0.00963247	0.166958	0.0322343	0.285521	0.157326
0	13.0468	0	-886.812	0	0	-0	-0	0	11.9634	11.6116	-150.796	0	-0.0121457	0.153149	0.0130339	0.290912	0.141003
0	15.4964	0	-269.108	0	0	-0	-0	0	11.6618	11.5382	-150.796	0	-0.0146589	0.150706	0.00823251	0.29327	0.136047
0	-52.435	0	-259.531	0	0	-0	-0	0	11.3602	11.4296	-150.796	0	-0.0171722	0.144615	0.000876932	0.294535	0.127443
0	-0.551611	0	-321.781	0	0	0	-0	0	11.0586	11.3786	-150.796	0	-0.0209421	0.133465	-0.00959767	0.293859	0.112523
0	8.64886	0	-369.665	0	0	-0	-0	0	10.757	11.3626	-150.796	0	-0.0221987	0.12846	-0.0136426	0.292899	0.106261
0	-105.643	0	-364.876	0	0	-0	-0	0	10.4555	11.3083	-150.796	0	-0.0247119	0.117384	-0.0216048	0.289785	0.0926721
0	-44.8828	0	80.4452	0	0	0	-0	0	10.1539	11.2689	-150.796	0	-0.0272252	0.105341	-0.0289284	0.285066	0.0781162
0	7.47525	0	-178.129	0	-0	-0	-0	0	9.85228	10.3856	-150.796	0	-0.0297384	0.106137	-0.0223639	0.279297	0.0763987
0	8.89556	0	-1830.13	0	0	-0	-0	0	9.55069	10.1749	-150.796	0	-0.0322516	0.110462	-0.014203	0.275461	0.0782099
0	-73.3454	0	439.575	0	0	0	-0	0	9.2491	9.53106	-150.796	0	-0.0347649	0.115722	-0.00648914	0.273008	0.0809572
0	-7.98625	0	-168.552	0	0	0	-0	0	8.94751	9.50339	-150.796	0	-0.0385347	0.102646	-0.0166764	0.270119	0.0641112
0	9.41817	0	-173.34	0	0	-0	-0	0	8.64592	9.1522	-150.796	0	-0.041048	0.100765	-0.0151883	0.266762	0.0609732
0	11.9075	0	-182.917	0	0	-0	-0	0	8.34433	8.95532	-150.796	0	-0.0423046	0.100641	-0.0138056	0.265243	0.0583367
0	16.1822	0	736.456	0	-0	-0	-0	0	8.04274	8.40937	-150.796	0	-0.0460745	0.0993637	-0.0109987	0.261159	0.0532892
0	15.3044	0	-149.398	0	0	-0	-0	0	7.74115	8.23697	-150.796	0	-0.0473311	0.0989121	-0.0103505	0.260059	0.051581
0	16.4677	0	-757.525	0	0	-0	-0	0	7.43957	8.08478	-150.796	0	-0.0498443	0.0920863	-0.0148326	0.257715	0.0422419
0	15.3111	0	578.439	0	0	-0	-0	0	7.13798	7.34408	-150.796	0	-0.0523576	0.0940506	-0.0100241	0.254871	0.041693
0	15.9159	0	731.668	0	-0	-0	-0	0	6.83639	7.1919	-150.796	0	-0.0548708	0.0963125	-0.00614141	0.25325	0.0414417
0	14.5806	0	-618.662	0	0	-0	-0	0	6.5348	6.92371	-150.796	0	-0.0573841	0.087918	-0.0129223	0.251637	0.0305339
0	15.9739	0	1574.43	0	-0	-0	-0	0	6.23321	6.61615	-150.796	0	-0.0598973	0.091417	-0.00696439	0.249178	0.0315196
0	15.1318	0	-470.221	0	-0	-0	-0	0	5.93162	6.24367	-150.796	0	-0.0624105	0.0923018	-0.00502925	0.248128	0.0298913
0	15.923	0	195.367	0	-0	-0	-0	0	5.63003	5.93185	-150.796	0	-0.0661804	0.0857042	-0.00905465	0.245555	0.0195238
0	16.9193	0	913.627	0	-0	-0	-0	0	5.32844	5.68815	-150.796	0	-0.067437	0.0875861	-0.00626727	0.24465	0.0201491
0	17.0081	0	-661.757	0	0	-0	-0	0	5.02685	5.0262	-150.796	0	-0.0712069	0.0926535	1.96838e-05	0.24343	0.0214466
0	17.0951	0	176.213	0	-0	-0	-0	0	4.72526	4.97618	-150.796	0	-0.0724635	0.0896322	-0.0030036	0.243432	0.0171687
0	-355.636	0	-1696.05	0	-0	-0	-0	0	4.42368	4.7197	-150.796	0	-0.0749768	0.0796591	-0.0118597	0.242315	0.00468236
0	-170.432	0	-1025.68	0	0	0	-0	0	4.12209	4.44939	-150.796	0	-0.07749	0.0841496	-0.0052952	0.240241	0.0066596
0	-5.95721	0	1124.32	0	0	0	-0	0	3.8205	3.88109	-150.796	0	-0.0800032	0.0850363	-0.00348775	0.23932	0.00503304
0	5.68668	0	324.654	0	-0	-0	-0	0	3.51891	3.7172	-150.796	0	-0.0825165	0.0865685	-0.0014249	0.23879	0.00405207
0	14.7459	0	530.555	0	-0	-0	-0	0	3.21732	3.63313	-150.796	0	-0.0850297	0.0794622	-0.00795037	0.238209	-0.00556755
0	16.6151	0	-1035.25	0	0	-0	-0	0	2.91573	2.91903	-150.796	0	-0.0887996	0.0850942	-9.902e-05	0.23599	-0.0037054
0	15.7228	0	-958.638	0	0	-0	-0	0	2.61414	2.67639	-150.796	0	-0.0900562	0.0878398	0.00265645	0.23598	-0.00221645
0	16.3181	0	42.138	0	-0	-0	-0	0	2.31255	2.30604	-150.796	0	-0.0925694	0.0841868	-0.00128294	0.236266	-0.00838266
0	16.4519	0	-556.412	0	0	-0	-0	0	2.01096	1.91653	-150.796	0	-0.0963393	0.0883837	0.00283297	0.236347	-0.00795561
0	16.5759	0	147.483	0	0	-0	-0	0	1.70937	1.70901	-150.796	0	-0.0975959	0.0876551	0.00182108	0.23663	-0.0099408
0	15.4711	0	104.387	0	-0	-0	-0	0	1.40945	1.46424	-145.788	0	-0.100109	0.0841863	-0.00183097	0.236814	-0.0159229
0	15.1222	0	56.5032	0	0	-0	-0	0	1.13296	1.21201	-130.708	0	-0.0931239	0.0962414	-0.00197705	0.236466	0.00311746
0	832.578	0	439.575	0	-0	-0	-0	0	0.886624	1.10453	-115.629	0	-0.0839928	0.109908	-0.00295518	0.236031	0.025915
0	-87.2399	0	-197.282	0	0	0	-0	0	0.670449	0.809737	-100.549	0	-0.0746103	0.123256	-0.00401829	0.235363	0.0486456
0	-36.5096	0	-355.3	0	0	0	-0	0	0.484433	0.736305	-85.4697	0	-0.0649765	0.136655	-0.00487903	0.234543	0.0716784
0	0.871702	0	-475.01	0	0	-0	-0	0	0.328575	0.643718	-70.3903	0	-0.0550914	0.148281	-0.00722952	0.23344	0.0931894
0	11.4178	0	-388.818	0	0	-0	-0	0	0.202875	0.562837	-55.3108	0	-0.044955	0.159295	-0.00972883	0.231874	0.11434
0	818.76	0	-412.76	0	0	-0	-0	0	0.107334	0.550066	-40.2314	0	-0.0345672	0.170088	-0.0119619	0.229821	0.135521
0	712.438	0	-144.61	0	0	-0	-0	0	0.0419519	0.576672	-25.1519	0	-0.0185143	0.184615	-0.0160416	0.225808	0.1661
0	-214.105	0	-221.224	0	0	0	-0	0	0.00672793	0.597956	-10.0725	0	-0.0130377	0.189622	-0.0169704	0.224204	0.176584
0	-45.8479	0	-321.781	0	0	0	-0	0	0	0.621369	0	0	-0.00189602	0.199987	-0.0182133	0.220733	0.198091
0	-16.7633	0	171.425	0	0	0	-0	0	0	0.740562	0	0	0	0.194831	-0.0222169	0.217048	0.194831
0	6.25324	0	171.425	0	0	-0	-0	0	0	2.78707	0	0	0	0.141476	-0.0691492	0.210625	0.141476
0	7.58986	0	-240.378	0	0	-0	-0	0	0	2.49121	0	0	0	0.112555	-0.0747364	0.187291	0.112555
0	8.56934	0	133.118	0	0	-0	-0	0	0	2.40501	0	0	0	0.106837	-0.0729804	0.179817	0.106837
0	7.47999	0	-235.589	0	0	-0	-0	0	0	2.3816	0	0	0	0.093633	-0.0716714	0.165304	0.093633
0	7.31024	0	-149.398	0	0	-0	-0	0	0	2.3518	0	0	0	0.0804385	-0.070554	0.150992	0.0804385
0	-193.642	0	-206.859	0	0	0	-0	0	0	2.31029	0	0	0	0.067145	-0.0697877	0.136933	0.067145
0	-43.0899	0	-173.34	0	0	0	-0	0	0	2.29433	0	0	0	0.0472878	-0.0688299	0.116118	0.0472878
0	-19.1322	0	-34.4765	0	0	0	-0	0	0	2.28156	0	0	0	0.040788	-0.0684468	0.109235	0.040788
0	-201.362	0	-613.873	0	0	0	-0	0	0	1.80585	0	0	0	0.0350647	-0.0541756	0.0892403	0.0350647
0	-46.535	0	1181.78	0	0	0	-0	0	0	1.34398	0	0	0	0.0388421	-0.0449806	0.0838227	0.0388421
0	-420.793	0	-407.972	0	0	0	-0	0	0	1.27587	0	0	0	0.0330358	-0.038276	0.0713119	0.0330358
0	-208.736	0	-326.569	0	0	0	-0	0	0	1.09814	0	0	0	0.03454	-0.0329443	0.0674843	0.03454
0	-48.3021	0	382.115	0	0	0	-0	0	0	0.741627	0	0	0	0.0393011	-0.0222488	0.0615499	0.0393011
0	-8.75084	0	-221.224	0	0	0	-0	0	0	0.504304	0	0	0	0.0422073	-0.0151291	0.0573364	0.0422073
0	1.41081	0	147.483	0	-0	-0	-0	0	0	-0.00333103	0	0	0	0.0518819	-0.00306082	0.0549427	0.0518819
0	2.41631	0	-221.224	0	0	-0	-0	0	0	-0.0341936	0	0	0	0.0556725	0.00102581	0.0546467	0.0556725
0	1.21826	0	-724.007	0	0	-0	-0	0	0	-0.116139	0	0	0	0.0585854	0.00348417	0.0551013	0.0585854
0	1.69106	0	-518.105	0	0	-0	-0	0	0	-0.172543	0	0	0	0.0610893	0.00517629	0.055913	0.0610893
0	0.7791	0	-336.146	0	0	-0	-0	0	0	-0.158708	0	0	0	0.0617127	0.00476124	0.0569515	0.0617127
0	0.414238	0	-101.514	0	0	-0	-0	0	0	-0.088469	0	0	0	0.0604556	0.00265407	0.0578016	0.0604556
0	0.760992	0	-101.514	0	0	-0	-0	0	0	-0.0554781	0	0	0	0.0597313	0.00166434	0.058067	0.0597313
0	-627.685	0	-82.3605	0	0	-0	-0	0	0	0.0381738	0	0	0	0.0579826	-0.000315117	0.0582977	0.0579826
0	-314.476	0	-53.6301	0	0	0	-0	0	0	0.058394	0	0	0	0.0563998	-0.00175182	0.0581516	0.0563998
0	-79.2415	0	-5.74609	0	0	0	-0	0	0	0.0849997	0	0	0	0.0552066	-0.00254999	0.0577566	0.0552066
0	-20.7051	0	13.4075	0	0	0	-0	0	0	0.0935135	0	0	0	0.054422	-0.0028054	0.0572274	0.054422
0	-3.97522	0	-39.2649	0	0	0	-0	0	0	0.0743574	0	0	0	0.054193	-0.00248614	0.0566791	0.054193
0	-2.63772	0	-87.1489	0	0	0	-0	0	0	0.0637152	0	0	0	0.054296	-0.00191145	0.0562074	0.054296
0	-2.49437	0	-34.4765	0	0	0	-0	0	0	0.0445591	0	0	0	0.0543543	-0.00149641	0.0558507	0.0543543
0	-1.87287	0	-34.4765	0	0	0	-0	0	0	0.0434949	0	0	0	0.0542625	-0.00130485	0.0555674	0.0542625
0	-2.4436	0	248.039	0	0	0	-0	0	0	0.0232746	0	0	0	0.0546209	-0.000698238	0.0553192	0.0546209
0	-2.32293	0	276.77	0	0	0	-0	0	0	-0.0320651	0	0	0	0.055819	0.000578832	0.0552402	0.055819
0	-1.66123	0	209.732	0	0	0	-0	0	0	-0.0384505	0	0	0	0.0565478	0.00115351	0.0553943	0.0565478
0	-1.82558	0	46.9264	0	0	0	-0	0	0	-0.0139733	0	0	0	0.056456	0.000834246	0.0556218	0.056456
0	-1.49777	0	46.9264	0	0	0	-0	0	0	-0.000138353	0	0	0	0.0557513	4.15058e-06	0.0557471	0.0557513
0	-1.86321	0	-15.3229	0	0	0	-0	0	0	0.0275315	0	0	0	0.0549731	-0.000730165	0.0557033	0.0549731
0	-0.946448	0	-29.6881	0	0	0	-0	0	0	0.0232746	0	0	0	0.0548494	-0.000698238	0.0555476	0.0548494
0	-1.18615	0	-48.8417	0	0	0	-0	0	0	0.006247	0	0	0	0.0552429	-0.00018741	0.0554303	0.0552429
0	-1.24537	0	-48.8417	0	0	0	-0	0	0	-0.00545948	0	0	0	0.055579	0.000163784	0.0554152	0.055579
0	-0.435602	0	56.5032	0	0	0	-0	0	0	-0.00545948	0	0	0	0.0556501	0.000195711	0.0554544	0.0556501
0	-0.66395	0	66.08	0	0	0	-0	0	0	-0.00333103	0	0	0	0.0556541	0.000163784	0.0554903	0.0556541
0	-0.917443	0	42.138	0	0	0	-0	0	0	-0.00120258	0	0	0	0.0555527	3.60773e-05	0.0555167	0.0555527
0	-1.04411	0	-34.4765	0	0	0	-0	0	0	0.0019901	0	0	0	0.0555217	4.15058e-06	0.0555175	0.0555217
0	-0.55136	0	32.5611	0	0	0	-0	0	0	0.00518277	0	0	0	0.0553441	-0.000155483	0.0554996	0.0553441
0	0.174997	0	3.83072	0	0	0	-0	0	0	0.00305432	0	0	0	0.0552966	-0.00018741	0.055484	0.0552966
0	-0.523819	0	-5.74609	0	0	0	-0	0	0	-0.000138353	0	0	0	0.0554603	4.15058e-06	0.0554561	0.0554603
0	-0.806885	0	37.3495	0	0	0	-0	0	0	-0.00439525	0	0	0	0.0555633	9.99308e-05	0.0554634	0.0555633
0	0.129072	0	27.7727	0	-0	-0	-0	0	0	-0.000138353	0	0	0	0.0555007	4.15058e-06	0.0554965	0.0555007
0	-0.86245	0	22.9843	0	0	0	-0	0	0	0.0019901	0	0	0	0.0554345	-5.97029e-05	0.0554942	0.0554345
