0	-0.00215478	0	-4.30956	0	2.15478e-07	2.15478e-07	0	2.15478e-07	0	-0.00100037	0	0	0	3.00111e-05	3.00111e-05	0	3.00111e-05
0.48	0.00700304	480	14.844	0.00808889	4.74227e-05	4.72997e-05	1.22993e-07	0.00813631	0	0.014963	0	0	0	-0.000509934	-0.00044889	-6.1044e-05	-0.000509934
1.92	0.00689829	960	-9.09797	0.0163556	0.000192963	0.00019131	1.6531e-06	0.0165485	0	0.00219231	0	0	0	-0.000203821	-6.57692e-05	-0.000138051	-0.000203821
4.32	419.967	1440	-18.6748	0.0248	-0.0415575	-0.0415647	7.20095e-06	-0.0167575	0	-0.00525727	0	0	0	2.5669e-05	0.000157718	-0.000132049	2.5669e-05
7.68	-314.675	1920	24.4209	0.0334222	0.0316229	0.0322355	-0.000612564	0.0650452	0	-0.00525727	0	0	0	5.72126e-05	0.000157718	-0.000100506	5.72126e-05
12	-78.9613	2400	19.6325	0.0422222	0.00897358	0.00909613	-0.000122547	0.0511958	0	0.00432076	0	0	0	-0.000201777	-0.000129623	-7.21546e-05	-0.000201777
17.28	-19.619	2880	168.073	0.0512	0.00371225	0.0036899	2.23408e-05	0.0549123	0	0.0554036	0	0	0	-0.00184	-0.00166211	-0.000177896	-0.00184
23.52	-4.24553	3360	57.9397	0.0603556	0.00286462	0.00277655	8.80688e-05	0.0632202	0	0.0713669	0	0	0	-0.00269922	-0.00214101	-0.000558208	-0.00269922
30.72	-1.07042	3840	0.478839	0.0696889	0.00332402	0.00317904	0.000144976	0.0730129	0	0.0617889	0	0	0	-0.00281134	-0.00185367	-0.000957675	-0.00281134
38.88	0.457322	4320	163.285	0.0792	0.00405418	0.00384227	0.00021191	0.0832542	0	0.107551	0	0	0	-0.00461878	-0.00322652	-0.00139226	-0.00461878
48	0.85865	4800	192.015	0.0888889	0.00500748	0.00471414	0.000293342	0.0938964	0	0.140542	0	0	0	-0.00630809	-0.00421625	-0.00209184	-0.00630809
58.08	1.23747	5280	144.131	0.0987556	0.00607654	0.00568425	0.000392288	0.104832	0	0.167147	0	0	0	-0.00798782	-0.00501442	-0.0029734	-0.00798782
69.12	2.92555	5760	1513.61	0.1088	0.00713015	0.00661945	0.000510702	0.11593	0	0.014963	0	0	0	-0.00444433	-0.00044889	-0.00399544	-0.00444433
81.12	8.1725	6240	4808.04	0.119022	0.00794118	0.00729475	0.000646433	0.126963	0	0.144798	0	0	0	-0.0081546	-0.00434395	-0.00381065	-0.0081546
94.08	13.2353	6720	3586.99	0.129422	0.0088806	0.00808448	0.000796124	0.138303	0	0.67159	0	0	0	-0.0258456	-0.0201477	-0.00569791	-0.0258456
108	16.8764	7200	3433.76	0.14	0.0100757	0.00911236	0.000963361	0.150076	0	0.6237	0	0	0	-0.0284193	-0.018711	-0.00970829	-0.0284193
122.88	24.5995	7680	1374.75	0.150756	0.0109792	0.00982805	0.00115113	0.161735	0	0.638599	0	0	0	-0.0326404	-0.019158	-0.0134824	-0.0326404
138.72	27.7724	8160	1906.26	0.161689	0.0124528	0.0110948	0.00135804	0.174142	0	0.489607	0	0	0	-0.0318075	-0.0146882	-0.0171193	-0.0318075
147	33.7891	8400	934.218	0.167222	0.0127901	0.0113211	0.00146899	0.180012	0	0.422561	0	0	0	-0.0312649	-0.0126768	-0.0185881	-0.0312649
164.28	51.5862	8880	3491.23	0.178422	0.0129657	0.0112694	0.00169634	0.191388	0	0.354451	0	0	0	-0.0316676	-0.0106335	-0.0210341	-0.0316676
182.25	65.5443	9000	6412.15	0.18375	0.0135719	0.0116706	0.00190134	0.197322	0	0.323588	0	0	0	-0.032763	-0.00970765	-0.0230554	-0.032763
200.25	463.678	9000	7403.35	0.187083	-0.0242166	-0.0263428	0.00212628	0.162867	0	0.364029	0	0	0	-0.03602	-0.0109209	-0.0250991	-0.03602
218.25	-146.6	9000	6426.52	0.190417	0.0382931	0.036485	0.0018081	0.22871	0	0.326781	0	0	0	-0.0370292	-0.00980343	-0.0272258	-0.0370292
236.25	67.3746	9000	3778.53	0.19375	0.0192952	0.0168875	0.00240771	0.213045	0	0.272506	0	0	0	-0.0372946	-0.00817517	-0.0291194	-0.0372946
254.25	139.195	9000	2787.33	0.197083	0.0142181	0.0115055	0.00271265	0.211301	0	0.154377	0	0	0	-0.035207	-0.00463129	-0.0305757	-0.035207
272.25	182.025	9000	3745.01	0.200417	0.0119511	0.00902243	0.00292865	0.212368	0	0.0969084	0	0	0	-0.0342815	-0.00290725	-0.0313742	-0.0342815
290.25	189.389	9000	5497.57	0.20375	0.0131235	0.0100861	0.00303738	0.216873	0	0.057532	0	0	0	-0.0336146	-0.00172596	-0.0318886	-0.0336146
308.25	246.915	9000	5473.62	0.207083	0.00934741	0.00613346	0.00321394	0.216431	0	-0.193625	0	0	0	-0.0261505	0.00580875	-0.0319593	-0.0261505
326.25	288.934	9000	5234.2	0.210417	0.00705273	0.00373158	0.00332115	0.217469	0	-0.639535	0	0	0	-0.0109729	0.0191861	-0.030159	-0.0109729
344.25	322.644	9000	5827.97	0.21375	0.00554644	0.00216057	0.00338587	0.219296	0	-0.938583	0	0	0	0.00241359	0.0281575	-0.0257439	0.00241359
362.25	450.997	9000	4410.6	0.217083	-0.00545045	-0.00887479	0.00342434	0.211633	0	-1.02479	0	0	0	0.0107844	0.0307436	-0.0199591	0.0107844
380.25	359.901	9000	3347.57	0.220417	0.00542242	0.00203482	0.0033876	0.225839	0	-1.2089	0	0	0	0.0226001	0.0362669	-0.0136668	0.0226001
398.25	412.648	9000	4243	0.22375	0.0019663	-0.00143986	0.00340616	0.225716	0	-1.71227	0	0	0	0.0456604	0.0513682	-0.00570781	0.0456604
416.25	460.068	9000	4492	0.227083	-0.00102228	-0.00438182	0.00335954	0.226061	0	-1.76655	0	0	0	0.058153	0.0529965	0.00515649	0.058153
434.25	-124.681	9000	7221.39	0.230417	0.0591544	0.055893	0.00326143	0.289571	0	-1.68993	0	0	0	0.0659842	0.0506978	0.0152865	0.0659842
452.25	619.531	9000	8758.47	0.23375	-0.0133984	-0.0167281	0.0033297	0.220352	0	-2.01451	0	0	0	0.0864489	0.0604354	0.0260135	0.0864489
470.25	574.488	9000	5037.88	0.237083	-0.00738653	-0.0104238	0.00303729	0.229697	0	-1.95279	0	0	0	0.0966587	0.0585837	0.038075	0.0966587
488.25	579.177	9000	2404.26	0.240417	-0.00624843	-0.00909271	0.00284427	0.234168	0	-2.25609	0	0	0	0.11774	0.0676828	0.0500567	0.11774
506.25	538.079	9000	1192.79	0.24375	-0.00063928	-0.00318297	0.00254369	0.243111	0	-2.54024	0	0	0	0.140327	0.0762073	0.0641201	0.140327
524.25	618.922	9000	608.606	0.247083	-0.00702144	-0.00946727	0.00244582	0.240062	0	-2.61899	0	0	0	0.158139	0.0785698	0.0795691	0.158139
542.25	1305.42	9000	4362.71	0.250417	-0.0728067	-0.076317	0.0035103	0.17761	0	-2.57749	0	0	0	0.172541	0.0773247	0.095216	0.172541
560.25	868.27	9000	6718.61	0.25375	-0.0285095	-0.0308021	0.00229253	0.22524	0	-2.41786	0	0	0	0.183083	0.0725357	0.110547	0.183083
578.25	788.377	9000	7781.63	0.257083	-0.0192626	-0.0210127	0.00175006	0.237821	0	-2.10497	0	0	0	0.187664	0.0631492	0.124514	0.187664
596.25	-120.563	9000	6565.38	0.260417	0.0746854	0.0716813	0.0030041	0.335102	0	-2.40083	0	0	0	0.209405	0.0720248	0.137381	0.209405
623.25	1093.01	9000	-593.283	0.265417	-0.0455401	-0.0469755	0.00143544	0.219877	0	-2.83184	0	0	0	0.246034	0.0849552	0.161079	0.246034
641.25	913.166	9000	876.757	0.26875	-0.0265567	-0.0271916	0.000634934	0.242193	0	-2.39231	0	0	0	0.249444	0.0717694	0.177674	0.249444
659.25	1947.87	9000	3002.81	0.272083	-0.126676	-0.128862	0.00218591	0.145407	0	-1.37811	0	0	0	0.231727	0.0413432	0.190384	0.231727
677.25	1189.17	9000	11210.1	0.275417	-0.0510659	-0.0511923	0.000126443	0.224351	0	-1.56541	0	0	0	0.2455	0.0469623	0.198538	0.2455
695.25	967.056	9000	14902	0.27875	-0.0280617	-0.0271806	-0.000881105	0.250688	0	0.228872	0	0	0	0.200093	-0.00686617	0.20696	0.200093
713.25	945.306	9000	4305.25	0.282083	-0.0246137	-0.0232056	-0.00140814	0.25747	0	2.0636	0	0	0	0.139477	-0.0619079	0.201385	0.139477
731.25	945.631	9000	421.858	0.285417	-0.0233042	-0.0214381	-0.00186616	0.262112	0	1.6709	0	0	0	0.139314	-0.0501269	0.189441	0.139314
749.25	3266.04	9000	-2867.77	0.28875	-0.253967	-0.251679	-0.00228753	0.0347832	0	1.57086	0	0	0	0.132778	-0.0471258	0.179904	0.132778
767.25	536.227	9000	-1900.52	0.292083	0.0192404	0.0231023	-0.00386197	0.311324	0	1.80712	0	0	0	0.115927	-0.0542135	0.17014	0.115927
785.25	868.113	9000	2643.68	0.295417	-0.0118141	-0.00828623	-0.00352783	0.283603	0	2.47971	0	0	0	0.0840473	-0.0743913	0.158439	0.0840473
803.25	1043.92	9000	6220.62	0.29875	-0.027854	-0.0240674	-0.0037866	0.270896	0	2.15406	0	0	0	0.0786417	-0.0646217	0.143263	0.0786417
821.25	2944.06	9000	10678.6	0.302083	-0.216572	-0.212281	-0.00429068	0.0855114	0	1.83692	0	0	0	0.0768566	-0.0551075	0.131964	0.0768566
839.25	593.191	9000	9577.29	0.305417	0.0186732	0.024606	-0.00593282	0.32409	0	3.81638	0	0	0	0.00304477	-0.114491	0.117536	0.00304477
857.25	1066.31	9000	2614.95	0.30875	-0.026753	-0.0209057	-0.00584733	0.281997	0	3.40771	0	0	0	-0.00750741	-0.102231	0.094724	-0.00750741
875.25	1042.59	9000	-114.443	0.312083	-0.0228711	-0.0167339	-0.00613724	0.289212	0	3.09909	0	0	0	-0.0176094	-0.0929726	0.0753632	-0.0176094
893.251	1138.55	9000	-2082.48	0.315417	-0.0310575	-0.0245302	-0.00652731	0.284359	0	3.35769	0	0	0	-0.04401	-0.100731	0.0567208	-0.04401
911.251	1198.15	9000	5918.95	0.31875	-0.0357349	-0.0286901	-0.0070448	0.283015	0	5.0711	0	0	0	-0.117544	-0.152133	0.0345888	-0.117544
929.251	1448.4	9000	6479.19	0.322083	-0.0595329	-0.0519148	-0.00761817	0.262551	0	5.9842	0	0	0	-0.178244	-0.179526	0.00128241	-0.178244
947.251	1419.5	9000	13700.1	0.325417	-0.0555436	-0.0472247	-0.00831889	0.269873	0	2.34455	0	0	0	-0.100582	-0.0703366	-0.0302457	-0.100582
965.251	1178	9000	9170.27	0.32875	-0.030204	-0.0212747	-0.00892933	0.298546	0	0.911041	0	0	0	-0.0668679	-0.0273312	-0.0395367	-0.0668679
983.251	1224.54	9000	7901.34	0.332083	-0.0335004	-0.0241292	-0.00937121	0.298583	0	3.22041	0	0	0	-0.145156	-0.0966123	-0.0485436	-0.145156
1001.25	1230.81	9000	2897.46	0.335417	-0.0327857	-0.0229555	-0.00983023	0.302631	0	3.08206	0	0	0	-0.161624	-0.0924618	-0.0691623	-0.161624
1019.25	1371.51	9000	10420	0.33875	-0.0457754	-0.0352262	-0.0105492	0.292975	0	0.477901	0	0	0	-0.0981797	-0.014337	-0.0838426	-0.0981797
1037.2	1123.57	8839.98	3907.82	0.339407	-0.0195427	-0.00863732	-0.0109054	0.319864	0	0.82271	0	0	0	-0.110571	-0.0246813	-0.0858895	-0.110571
1054.4	1353.17	8359.98	2284.55	0.334592	-0.0412882	-0.0298774	-0.0114109	0.293304	0	1.95079	0	0	0	-0.151798	-0.0585237	-0.0932746	-0.151798
1070.64	-121.232	7879.98	1551.92	0.329599	0.107546	0.119187	-0.0116408	0.437145	0	1.26968	0	0	0	-0.142744	-0.0380905	-0.104654	-0.142744
1085.92	1892.46	7399.98	4386.66	0.324429	-0.0918554	-0.080654	-0.0112014	0.232573	0	-0.287277	0	0	0	-0.101348	0.00861831	-0.109967	-0.101348
1100.24	1281.24	6919.98	3725.86	0.319081	-0.0302669	-0.0181004	-0.0121665	0.288814	0	0.229936	0	0	0	-0.114777	-0.00689809	-0.107879	-0.114777
1113.6	1321.43	6439.98	3179.98	0.313555	-0.0333301	-0.0207837	-0.0125464	0.280225	0	1.37717	0	0	0	-0.152786	-0.0413151	-0.111471	-0.152786
1126	1354.83	5959.98	-401.747	0.307851	-0.0358491	-0.0228835	-0.0129656	0.272002	0	1.42825	0	0	0	-0.163536	-0.0428476	-0.120689	-0.163536
1137.44	1376.82	5479.97	7542.21	0.301969	-0.0373682	-0.0239382	-0.01343	0.264601	0	-0.548012	0	0	0	-0.110395	0.0164404	-0.126835	-0.110395
1147.92	1621.62	4999.97	6263.71	0.29591	-0.0617151	-0.0473703	-0.0143448	0.234195	0	0.478965	0	0	0	-0.137137	-0.014369	-0.122768	-0.137137
1157.44	1243.62	4519.97	7039.43	0.289673	-0.0233708	-0.00861823	-0.0147526	0.266302	0	3.12782	0	0	0	-0.224658	-0.0938346	-0.130823	-0.224658
1166	1940.35	4039.97	13738.4	0.283258	-0.0924444	-0.0774356	-0.0150088	0.190814	0	0.21823	0	0	0	-0.154046	-0.0065469	-0.147499	-0.154046
1173.6	1045.2	3559.97	10688.2	0.276666	-0.00321816	0.0128395	-0.0160577	0.273447	0	-2.96061	0	0	0	-0.0525577	0.0888183	-0.141376	-0.0525577
1180.24	1641.71	3079.97	3903.03	0.269895	-0.0620671	-0.0461477	-0.0159194	0.207828	0	-1.05458	0	0	0	-0.094612	0.0316375	-0.12625	-0.094612
1185.92	1142.33	2599.97	2749.02	0.262947	-0.011867	0.00435891	-0.0162259	0.25108	0	-1.02904	0	0	0	-0.0902863	0.0308713	-0.121158	-0.0902863
1190.64	72.6561	2119.97	8011.48	0.255821	0.0956222	0.111798	-0.0161759	0.351443	0	-2.60835	0	0	0	-0.0345522	0.0782506	-0.112803	-0.0345522
1194.4	1496.05	1639.97	259.053	0.248517	-0.0458042	-0.0301654	-0.0156388	0.202713	0	-3.87159	0	0	0	0.021364	0.116148	-0.0947837	0.021364
1197.2	1273.24	1159.97	3170.4	0.241036	-0.0236973	-0.00760476	-0.0160925	0.217339	0	-3.01808	0	0	0	0.0185444	0.0905424	-0.0719979	0.0185444
1199.04	1426.06	679.965	982.102	0.233377	-0.0393159	-0.0227018	-0.0166141	0.194061	0	-2.03367	0	0	0	0.00532638	0.0610101	-0.0556837	0.00532638
1199.92	1065.58	199.964	-502.304	0.22554	-0.00312604	0.0134336	-0.0165596	0.222414	0	-1.98365	0	0	0	0.015616	0.0595096	-0.0438936	0.015616
1200	3014.1	0	6340.33	0.222222	-0.197788	-0.18141	-0.0163774	0.0244344	0	-3.28946	0	0	0	0.0681607	0.0986837	-0.030523	0.0681607
1200	743.625	0	16534.8	0.222222	0.028356	0.0456375	-0.0172815	0.250578	0	-3.71195	0	0	0	0.102695	0.111359	-0.00866315	0.102695
1200	752.492	0	9414.48	0.222222	0.0269135	0.0447508	-0.0178373	0.249136	0	-2.6158	0	0	0	0.0896275	0.0784741	0.0111534	0.0896275
1200	1138.59	0	3304.48	0.222222	-0.0106293	0.00614105	-0.0167704	0.211593	0	-3.6183	0	0	0	0.136652	0.108549	0.0281029	0.136652
1200	903.792	0	1226.31	0.222222	0.0133441	0.0296208	-0.0162767	0.235566	0	-3.78751	0	0	0	0.163971	0.113625	0.0503459	0.163971
1200	1258.49	0	-6123.89	0.222222	-0.0215859	-0.00584926	-0.0157367	0.200636	0	-3.62469	0	0	0	0.181518	0.108741	0.0727773	0.181518
1200	922.644	0	144.131	0.222222	0.0123059	0.0277356	-0.0154296	0.234528	0	-3.58637	0	0	0	0.202155	0.107591	0.0945637	0.202155
1200	844.512	0	599.029	0.222222	0.0203745	0.0355488	-0.0151743	0.242597	0	-3.02446	0	0	0	0.206107	0.0907339	0.115373	0.206107
1200	955.682	0	6943.66	0.222222	0.00989133	0.0244318	-0.0145405	0.232114	0	-2.99786	0	0	0	0.223057	0.0899358	0.133121	0.223057
1200	91.7332	0	11329.8	0.222222	0.0967457	0.110827	-0.0140809	0.318968	0	-1.37066	0	0	0	0.191484	0.0411197	0.150364	0.191484
1200	1202.63	0	7197.45	0.222222	-0.0134702	-0.000262744	-0.0132075	0.208752	0	1.0462	0	0	0	0.122199	-0.0313859	0.153585	0.122199
1200	1023.7	0	3395.46	0.222222	0.00454193	0.0176303	-0.0130884	0.226764	0	0.400213	0	0	0	0.135994	-0.0120064	0.148001	0.135994
1200	1680.27	0	1700.36	0.222222	-0.059309	-0.0480267	-0.0112822	0.162913	0	0.83016	0	0	0	0.120937	-0.0249048	0.145842	0.120937
1200	1131.33	0	4084.99	0.222222	-0.00500821	0.00686658	-0.0118748	0.217214	0	2.70958	0	0	0	0.0570069	-0.0812874	0.138294	0.0570069
1200	1004.35	0	3208.71	0.222222	0.00792531	0.0195651	-0.0116398	0.230148	0	2.48077	0	0	0	0.0467069	-0.0744232	0.12113	0.0467069
1200	962.205	0	3697.13	0.222222	0.012556	0.0237795	-0.0112235	0.234778	0	1.6262	0	0	0	0.0594804	-0.048786	0.108266	0.0594804
1200	873.62	0	4683.54	0.222222	0.0217037	0.032638	-0.0109343	0.243926	0	3.31832	0	0	0	-0.00317623	-0.0995495	0.0963733	-0.00317623
1200	956.83	0	-9.09797	0.222222	0.013983	0.024317	-0.010334	0.236205	0	3.88555	0	0	0	-0.0418367	-0.116567	0.0747298	-0.0418367
1200	996.575	0	3850.36	0.222222	0.0104718	0.0203425	-0.00987066	0.232694	0	3.11612	0	0	0	-0.0411603	-0.0934834	0.0523232	-0.0411603
1200	1024.11	0	2897.46	0.222222	0.00810493	0.0175886	-0.00948369	0.230327	0	2.29985	0	0	0	-0.0334503	-0.0689956	0.0355453	-0.0334503
1200	1036.69	0	4061.04	0.222222	0.00719366	0.016331	-0.00913732	0.229416	0	3.60885	0	0	0	-0.0883839	-0.108266	0.0198816	-0.0883839
1200	1041.36	0	6924.51	0.222222	0.00703447	0.0158639	-0.00882945	0.229257	0	3.14804	0	0	0	-0.0965033	-0.0944413	-0.002062	-0.0965033
1200	1036.77	0	5990.77	0.222222	0.00781243	0.0163231	-0.0085107	0.230035	0	2.31795	0	0	0	-0.0885347	-0.0695384	-0.0189963	-0.0885347
1200	1039.6	0	5669.95	0.222222	0.0078645	0.0160396	-0.00817513	0.230087	0	3.15336	0	0	0	-0.128562	-0.0946009	-0.0339608	-0.128562
1200	1018.96	0	2763.39	0.222222	0.0102578	0.0181043	-0.00784652	0.23248	0	2.78408	0	0	0	-0.136604	-0.0835223	-0.0530821	-0.136604
1200	1257.85	0	-181.48	0.222222	-0.0142433	-0.00578547	-0.00845783	0.207979	0	1.69112	0	0	0	-0.11864	-0.0507335	-0.0679061	-0.11864
1200	701.77	0	72.3049	0.222222	0.042106	0.049823	-0.007717	0.264328	0	1.57831	0	0	0	-0.124987	-0.0473493	-0.0776377	-0.124987
1200	939.397	0	-2499.07	0.222222	0.0191769	0.0260603	-0.00688335	0.241399	0	1.67622	0	0	0	-0.137493	-0.0502866	-0.0872066	-0.137493
1200	1019.46	0	-80.924	0.222222	0.0116452	0.0180538	-0.0064086	0.233867	0	2.11042	0	0	0	-0.161033	-0.0633127	-0.0977205	-0.161033
1200	1367.43	0	5583.76	0.222222	-0.0228098	-0.0167434	-0.00606646	0.199412	0	1.55809	0	0	0	-0.157375	-0.0467427	-0.110632	-0.157375
1200	1020	0	18229.9	0.222222	0.0120425	0.018	-0.00595756	0.234265	0	-2.15393	0	0	0	-0.0496829	0.0646178	-0.114301	-0.0496829
1200	1039.32	0	4559.04	0.222222	0.0104534	0.0160677	-0.00561426	0.232676	0	-2.63921	0	0	0	-0.0197903	0.0791764	-0.0989667	-0.0197903
1200	1049.41	0	1317.29	0.222222	0.00977227	0.0150593	-0.00528699	0.231994	0	-2.63389	0	0	0	-0.00470528	0.0790168	-0.0837221	-0.00470528
1200	-492.467	0	4041.89	0.222222	0.164265	0.169247	-0.00498208	0.386487	0	-3.48208	0	0	0	0.0377505	0.104462	-0.0667119	0.0377505
1200	381.016	0	2643.68	0.222222	0.0795316	0.0818984	-0.00236677	0.301754	0	-4.07805	0	0	0	0.0778023	0.122341	-0.0445391	0.0778023
1200	1823.78	0	1029.99	0.222222	-0.065277	-0.0623784	-0.00289866	0.156945	0	-4.08443	0	0	0	0.102491	0.122533	-0.0200421	0.102491
1200	1321.95	0	-2020.23	0.222222	-0.0160042	-0.0121947	-0.00380951	0.206218	0	-3.94289	0	0	0	0.122697	0.118287	0.0044102	0.122697
1200	1225.31	0	-1258.87	0.222222	-0.0065108	-0.00253125	-0.00397955	0.215711	0	-2.49448	0	0	0	0.10097	0.0748344	0.026136	0.10097
1200	1231.58	0	2993.23	0.222222	-0.00718064	-0.00315828	-0.00402236	0.215042	0	-2.12413	0	0	0	0.103013	0.0637239	0.0392894	0.103013
1200	1230.75	0	6637.21	0.222222	-0.00717864	-0.00307484	-0.00410379	0.215044	0	-3.36821	0	0	0	0.154856	0.101046	0.0538093	0.154856
1200	1071.94	0	7293.22	0.222222	0.00834708	0.012806	-0.0044589	0.230569	0	-2.62538	0	0	0	0.152729	0.0787614	0.0739675	0.152729
1200	1189	0	3266.17	0.222222	-0.00319251	0.00109957	-0.00429208	0.21903	0	-0.90772	0	0	0	0.113615	0.0272316	0.0863834	0.113615
1200	738.21	0	1987.67	0.222222	0.0410258	0.046179	-0.00515317	0.263248	0	-0.814068	0	0	0	0.115875	0.0244221	0.091453	0.115875
1200	928.873	0	-262.883	0.222222	0.0223913	0.0271127	-0.00472137	0.244614	0	-0.854509	0	0	0	0.1221	0.0256353	0.0964651	0.1221
1200	1101.92	0	1197.58	0.222222	0.00550925	0.00980814	-0.00429889	0.227731	0	-0.738508	0	0	0	0.12376	0.0221553	0.101605	0.12376
1200	1160.22	0	5104.92	0.222222	-0.000168104	0.00397825	-0.00414635	0.222054	0	0.531112	0	0	0	0.0887043	-0.0159334	0.104638	0.0887043
1200	1170.31	0	5684.31	0.222222	-0.0011041	0.00296885	-0.00407294	0.221118	0	1.73582	0	0	0	0.0472023	-0.0520745	0.0992767	0.0472023
1200	1166.96	0	3783.32	0.222222	-0.000700483	0.00330435	-0.00400483	0.221522	0	2.48716	0	0	0	0.0130275	-0.0746147	0.0876422	0.0130275
1200	1146.35	0	4061.04	0.222222	0.00141872	0.00536523	-0.00394651	0.223641	0	3.24808	0	0	0	-0.0258405	-0.0974424	0.0716019	-0.0258405
1200	1125.82	0	263.841	0.222222	0.00359228	0.00741777	-0.00382549	0.225815	0	3.28852	0	0	0	-0.0469317	-0.0986556	0.0517239	-0.0469317
1200	989.18	0	1930.21	0.222222	0.0171592	0.021082	-0.00392282	0.239381	0	3.1076	0	0	0	-0.0609958	-0.093228	0.0322322	-0.0609958
1200	1849.75	0	1714.73	0.222222	-0.067074	-0.0649748	-0.00209915	0.155148	0	2.54463	0	0	0	-0.0622382	-0.0763388	0.0141006	-0.0622382
1200	1191.04	0	-2355.42	0.222222	-0.00242113	0.000896338	-0.00331747	0.219801	0	1.82095	0	0	0	-0.0545729	-0.0546286	5.56588e-05	-0.0545729
1200	-845.148	0	2418.62	0.222222	0.201206	0.204515	-0.00330851	0.423429	0	1.78903	0	0	0	-0.059078	-0.0536708	-0.0054072	-0.059078
1200	1720.8	0	5181.53	0.222222	-0.0543496	-0.0520803	-0.00226927	0.167873	0	3.29384	0	0	0	-0.116796	-0.0988152	-0.0179803	-0.116796
1200	3721.72	0	8643.55	0.222222	-0.25524	-0.252172	-0.0030679	-0.033018	0	3.34599	0	0	0	-0.139892	-0.10038	-0.0395121	-0.139892
1200	676.795	0	5799.24	0.222222	0.0478027	0.0523205	-0.00451784	0.270025	0	1.06642	0	0	0	-0.0875578	-0.0319925	-0.0555653	-0.0875578
1200	924.379	0	-2235.71	0.222222	0.0235202	0.0275621	-0.00404191	0.245742	0	0.658819	0	0	0	-0.0805215	-0.0197646	-0.060757	-0.0805215
1200	2577.92	0	2116.95	0.222222	-0.141426	-0.137792	-0.00363371	0.0807961	0	0.46513	0	0	0	-0.0788458	-0.0139539	-0.0648919	-0.0788458
1200	822.21	0	3701.91	0.222222	0.0335122	0.037779	-0.00426678	0.255734	0	-0.225552	0	0	0	-0.0595879	0.00676656	-0.0663545	-0.0595879
1200	1112.97	0	2442.56	0.222222	0.00498863	0.00870338	-0.00371475	0.227211	0	-0.555462	0	0	0	-0.047603	0.0166638	-0.0642669	-0.047603
1200	1176.05	0	488.896	0.222222	-0.00118252	0.00239543	-0.00357796	0.22104	0	-0.418177	0	0	0	-0.0487464	0.0125453	-0.0612917	-0.0487464
1200	1118.61	0	-4313.87	0.222222	0.00408817	0.00813949	-0.00405132	0.22631	0	-0.572489	0	0	0	-0.0415505	0.0171747	-0.0587252	-0.0415505
1200	1105.5	0	4453.69	0.222222	0.00568365	0.00945026	-0.00376661	0.227906	0	-1.31745	0	0	0	-0.0146813	0.0395234	-0.0542047	-0.0146813
1200	1208.24	0	7997.11	0.222222	-0.00447322	-0.000824341	-0.00364888	0.217749	0	-2.01239	0	0	0	0.0149176	0.0603716	-0.045454	0.0149176
1200	1205.66	0	8887.76	0.222222	-0.00423765	-0.000566089	-0.00367156	0.217985	0	-2.49874	0	0	0	0.0424477	0.0749621	-0.0325144	0.0424477
1200	1036.86	0	2207.93	0.222222	0.0123317	0.0163143	-0.00398265	0.234554	0	-2.09752	0	0	0	0.0451962	0.0629257	-0.0177295	0.0451962
1200	1129.72	0	345.244	0.222222	0.00330501	0.00702838	-0.00372338	0.225527	0	-1.79209	0	0	0	0.0477819	0.0537627	-0.00598088	0.0477819
1200	1160.92	0	2729.87	0.222222	0.000302232	0.00390831	-0.00360608	0.222524	0	-2.03686	0	0	0	0.0660564	0.0611059	0.00495046	0.0660564
1200	1177.62	0	2461.72	0.222222	-0.00129712	0.00223829	-0.00353541	0.220925	0	-2.0209	0	0	0	0.0780413	0.060627	0.0174143	0.0780413
1200	1197.09	0	5760.93	0.222222	-0.00319926	0.000291125	-0.00349039	0.219023	0	-1.24508	0	0	0	0.065864	0.0373524	0.0285116	0.065864
1200	1494.56	0	4664.38	0.222222	-0.032964	-0.0294559	-0.00350815	0.189258	0	-0.402213	0	0	0	0.0465192	0.0120664	0.0344528	0.0465192
1200	1138.59	0	867.18	0.222222	0.00249768	0.00614133	-0.00364365	0.22472	0	-0.0478263	0	0	0	0.0377262	0.00143479	0.0362914	0.0377262
1200	1199.86	0	1350.81	0.222222	-0.00354248	1.36841e-05	-0.00355617	0.21868	0	0.00112808	0	0	0	0.0362955	-3.38425e-05	0.0363294	0.0362955
1200	410.986	0	2873.52	0.222222	0.0737354	0.0789014	-0.00516605	0.295958	0	-0.189368	0	0	0	0.0424538	0.00568105	0.0367728	0.0424538
1200	869.279	0	613.394	0.222222	0.0287779	0.0330721	-0.00429425	0.251	0	0.278891	0	0	0	0.0289963	-0.00836673	0.037363	0.0289963
1200	1119.25	0	-181.48	0.222222	0.00427289	0.00807495	-0.00380207	0.226495	0	0.511956	0	0	0	0.019817	-0.0153587	0.0351756	0.019817
1200	1196.83	0	1844.01	0.222222	-0.00338228	0.000317334	-0.00369961	0.21884	0	0.0745596	0	0	0	0.0305184	-0.00223679	0.0327552	0.0305184
1200	1017.77	0	235.111	0.222222	0.0141305	0.0182225	-0.00409204	0.236353	0	0.117129	0	0	0	0.028893	-0.00351386	0.0324068	0.028893
1200	1186.08	0	-5956.29	0.222222	-0.00243379	0.00139204	-0.00382583	0.219788	0	0.047954	0	0	0	0.0303421	-0.00143862	0.0317807	0.0303421
1200	1230.81	0	278.206	0.222222	-0.00692506	-0.0030811	-0.00384396	0.215297	0	0.0766881	0	0	0	0.0292083	-0.00230064	0.0315089	0.0292083
1200	1510.07	0	9031.41	0.222222	-0.0343912	-0.0310072	-0.00338399	0.187831	0	0.278891	0	0	0	0.0224426	-0.00836673	0.0308093	0.0224426
1200	1328.44	0	8198.23	0.222222	-0.0167148	-0.0128439	-0.0038709	0.205507	0	1.043	0	0	0	-0.00297785	-0.0312901	0.0283123	-0.00297785
1200	1088.21	0	96.2469	0.222222	0.00681314	0.011179	-0.00436587	0.229035	0	1.28671	0	0	0	-0.0173006	-0.0386014	0.0213008	-0.0173006
1200	1041.56	0	642.125	0.222222	0.0113274	0.0158444	-0.00451702	0.23355	0	1.14304	0	0	0	-0.0204011	-0.0342913	0.0138902	-0.0204011
1200	1178.39	0	-631.59	0.222222	-0.00213917	0.00216088	-0.00430005	0.220083	0	1.23882	0	0	0	-0.0302476	-0.0371647	0.00691702	-0.0302476
1200	1231.34	0	996.467	0.222222	-0.0074119	-0.00313387	-0.00427802	0.21481	0	1.26117	0	0	0	-0.0384053	-0.0378351	-0.000570192	-0.0384053
1200	1259.09	0	1800.92	0.222222	-0.0102626	-0.00590864	-0.00435391	0.21196	0	1.69218	0	0	0	-0.0596817	-0.0507655	-0.00891623	-0.0596817
1200	1298.06	0	10764.8	0.222222	-0.014288	-0.00980646	-0.00448159	0.207934	0	0.858894	0	0	0	-0.044386	-0.0257668	-0.0186192	-0.044386
1200	1302.85	0	4506.37	0.222222	-0.0149869	-0.0102852	-0.00470172	0.207235	0	-0.381993	0	0	0	-0.0100459	0.0114598	-0.0215057	-0.0100459
1200	1292	0	-1067.34	0.222222	-0.0140996	-0.00919998	-0.00489962	0.208123	0	-0.507572	0	0	0	-0.0034247	0.0152271	-0.0186518	-0.0034247
1200	1293.37	0	-4562.87	0.222222	-0.0144081	-0.00933706	-0.00507102	0.207814	0	-0.465003	0	0	0	-0.00194049	0.0139501	-0.0158906	-0.00194049
1200	1278.44	0	302.148	0.222222	-0.0130931	-0.00784399	-0.00524915	0.209129	0	-0.582067	0	0	0	0.00465839	0.017462	-0.0128036	0.00465839
1200	1115.75	0	-3686.59	0.222222	0.00268016	0.00842463	-0.00574448	0.224902	0	-0.558654	0	0	0	0.00745479	0.0167596	-0.00930484	0.00745479
1200	1239.62	0	-1124.8	0.222222	-0.00962321	-0.00396172	-0.00566149	0.212599	0	-0.674655	0	0	0	0.0143378	0.0202396	-0.00590183	0.0143378
1200	1277.69	0	-1651.52	0.222222	-0.0135454	-0.00776875	-0.00577661	0.208677	0	-0.717224	0	0	0	0.0197873	0.0215167	-0.00172939	0.0197873
1200	1311.23	0	6153.58	0.222222	-0.0170856	-0.0111232	-0.00596235	0.205137	0	-0.837481	0	0	0	0.0278931	0.0251244	0.00276871	0.0278931
1200	1302.58	0	9074.5	0.222222	-0.0164342	-0.0102583	-0.00617597	0.205788	0	-1.10035	0	0	0	0.0419086	0.0330103	0.00889826	0.0419086
1200	1285.16	0	1010.83	0.222222	-0.0149075	-0.00851562	-0.00639185	0.207315	0	-0.302176	0	0	0	0.0230012	0.00906528	0.0139359	0.0230012
1200	-177.663	0	287.783	0.222222	0.131218	0.137766	-0.00654788	0.353441	0	-0.327717	0	0	0	0.0254624	0.00983152	0.0156308	0.0254624
1200	1637.51	0	273.418	0.222222	-0.0497012	-0.0437511	-0.00595008	0.172521	0	-0.350066	0	0	0	0.0282524	0.010502	0.0177504	0.0282524
1200	1369.32	0	1082.66	0.222222	-0.0235749	-0.0169325	-0.00664241	0.198647	0	-0.336231	0	0	0	0.0297973	0.0100869	0.0197103	0.0297973
1200	1172.28	0	393.128	0.222222	-0.00450481	0.00277206	-0.00727687	0.217717	0	-0.485223	0	0	0	0.0363323	0.0145567	0.0217756	0.0363323
1200	1304.61	0	3089	0.222222	-0.0177692	-0.010461	-0.00730817	0.204453	0	0.0522109	0	0	0	0.0228365	-0.00156633	0.0244028	0.0228365
1200	302.287	0	2614.95	0.222222	0.0801676	0.0897713	-0.00960373	0.30239	0	0.34168	0	0	0	0.0127345	-0.0102504	0.0229849	0.0127345
1200	1082.14	0	-420.901	0.222222	0.0034519	0.0117864	-0.0083345	0.225674	0	0.334231	0	0	0	0.0111856	-0.0100269	0.0212125	0.0111856
1200	1259.27	0	-147.962	0.222222	-0.0141403	-0.00592664	-0.00821369	0.208082	0	0.455552	0	0	0	0.00519259	-0.0136666	0.0188592	0.00519259
1200	1289.64	0	335.667	0.222222	-0.0173365	-0.00896371	-0.00837278	0.204886	0	0.263992	0	0	0	0.00852855	-0.00791975	0.0164483	0.00852855
1200	1297.36	0	656.49	0.222222	-0.0182868	-0.00973618	-0.00855065	0.203935	0	0.345937	0	0	0	0.0044607	-0.0103781	0.0148388	0.0044607
1200	1323.16	0	1470.52	0.222222	-0.0210598	-0.0123165	-0.00874332	0.201162	0	-0.0318629	0	0	0	0.0142171	0.000955887	0.0132612	0.0142171
1200	1318.43	0	4808.04	0.222222	-0.0208322	-0.0118431	-0.00898907	0.20139	0	-0.00100037	0	0	0	0.0137155	3.00111e-05	0.0136855	0.0137155
1200	1156.05	0	-5022.56	0.222222	-0.00515135	0.00439543	-0.00954678	0.217071	0	0.379992	0	0	0	0.00140416	-0.0113998	0.0128039	0.00140416
1200	1584.2	0	3069.85	0.222222	-0.0479531	-0.0384199	-0.00953313	0.174269	0	-0.342617	0	0	0	0.021623	0.0102785	0.0113445	0.021623
1200	1062.42	0	2021.19	0.222222	0.00359193	0.0137579	-0.010166	0.225814	0	-0.836417	0	0	0	0.039741	0.0250925	0.0146485	0.039741
1200	1266.12	0	1700.36	0.222222	-0.0166532	-0.00661218	-0.010041	0.205569	0	-0.402213	0	0	0	0.0313599	0.0120664	0.0192935	0.0313599
1200	1298.68	0	1302.92	0.222222	-0.0200576	-0.00986757	-0.01019	0.202165	0	-0.0169637	0	0	0	0.02136	0.000508912	0.0208511	0.02136
1200	1316.43	0	-2810.31	0.222222	-0.0220593	-0.0116431	-0.0104161	0.200163	0	0.103294	0	0	0	0.0174454	-0.00309881	0.0205442	0.0174454
1200	-965.894	0	742.681	0.222222	0.205938	0.216589	-0.0106519	0.42816	0	-0.198946	0	0	0	0.0265282	0.00596839	0.0205598	0.0265282
1200	1938.37	0	3783.32	0.222222	-0.083606	-0.0738367	-0.00976929	0.138616	0	0.371478	0	0	0	0.0100153	-0.0111444	0.0211597	0.0100153
1200	1508.11	0	4630.87	0.222222	-0.0417695	-0.0308107	-0.0109588	0.180453	0	0.820581	0	0	0	-0.00682643	-0.0246174	0.017791	-0.00682643
1200	1241.11	0	1350.81	0.222222	-0.0159443	-0.00411086	-0.0118335	0.206278	0	0.400213	0	0	0	0.0017966	-0.0120064	0.013803	0.0017966
1200	2685.3	0	-1517.45	0.222222	-0.160504	-0.14853	-0.0119738	0.0617181	0	0.641792	0	0	0	-0.00830222	-0.0192538	0.0109515	-0.00830222
1200	992.306	0	594.241	0.222222	0.0078588	0.0207694	-0.0129106	0.230081	0	0.742893	0	0	0	-0.0152211	-0.0222868	0.00706567	-0.0152211
1200	1238.91	0	282.995	0.222222	-0.0165497	-0.00389089	-0.0126588	0.205673	0	0.924876	0	0	0	-0.0254828	-0.0277463	0.0022635	-0.0254828
1200	1355.15	0	953.371	0.222222	-0.0288448	-0.0155148	-0.01333	0.193377	0	0.685425	0	0	0	-0.0234877	-0.0205627	-0.00292498	-0.0234877
1200	1169.94	0	321.302	0.222222	-0.0102897	0.00300605	-0.0132958	0.211932	0	0.673718	0	0	0	-0.0271022	-0.0202116	-0.00689067	-0.0271022
1200	1301.17	0	3788.11	0.222222	-0.0234263	-0.0101165	-0.0133098	0.198796	0	0.649241	0	0	0	-0.0305667	-0.0194772	-0.0110894	-0.0305667
1200	1338.38	0	1863.17	0.222222	-0.0273611	-0.0138382	-0.013523	0.194861	0	0.124578	0	0	0	-0.017509	-0.00373735	-0.0137717	-0.017509
1200	1324.07	0	4348.35	0.222222	-0.0262011	-0.0124066	-0.0137945	0.196021	0	-0.127643	0	0	0	-0.010246	0.0038293	-0.0140753	-0.010246
1200	1156.08	0	144.131	0.222222	-0.00997787	0.00439188	-0.0143697	0.212244	0	-0.0488905	0	0	0	-0.0121429	0.00146672	-0.0136096	-0.0121429
1200	1276.15	0	-3767.99	0.222222	-0.0219793	-0.00761533	-0.014364	0.200243	0	-0.313883	0	0	0	-0.00359966	0.00941648	-0.0130161	-0.00359966
1200	1333.3	0	1015.62	0.222222	-0.0278869	-0.0133296	-0.0145573	0.194335	0	-0.410727	0	0	0	0.00137415	0.0123218	-0.0109477	0.00137415
1200	1351.11	0	-2580.47	0.222222	-0.0299422	-0.0151109	-0.0148313	0.19228	0	-0.412856	0	0	0	0.00373953	0.0123857	-0.00864613	0.00373953
1200	3713.01	0	-1282.81	0.222222	-0.266436	-0.251301	-0.0151349	-0.0442139	0	-0.581003	0	0	0	0.0115548	0.0174301	-0.00587527	0.0115548
1200	611.488	0	2107.38	0.222222	0.0418541	0.0588512	-0.0169971	0.264076	0	0.117129	0	0	0	-0.00681941	-0.00351386	-0.00330555	-0.00681941
1200	1191.24	0	-147.962	0.222222	-0.015343	0.000875537	-0.0162185	0.206879	0	-0.201075	0	0	0	0.00210054	0.00603224	-0.0039317	0.00210054
1200	1329.86	0	1891.9	0.222222	-0.0292633	-0.0129865	-0.0162768	0.192959	0	-0.621444	0	0	0	0.0162469	0.0186433	-0.0023964	0.0162469
1200	1341.49	0	905.487	0.222222	-0.0306977	-0.0141488	-0.0165488	0.191525	0	-0.751279	0	0	0	0.0245634	0.0225384	0.00202507	0.0245634
1200	1179.05	0	-85.7124	0.222222	-0.0150819	0.00209485	-0.0171768	0.20714	0	-0.560783	0	0	0	0.0228646	0.0168235	0.00604107	0.0228646
1200	1301.72	0	4769.73	0.222222	-0.0273912	-0.0101717	-0.0172195	0.194831	0	-0.656563	0	0	0	0.0292463	0.0196969	0.00954944	0.0292463
1199.88	1337.59	-239.453	421.858	0.218209	-0.0312258	-0.0137709	-0.0174549	0.186983	0	-0.835353	0	0	0	0.0387633	0.0250606	0.0137027	0.0387633
1198.92	1338.06	-719.447	579.876	0.210032	-0.0316425	-0.0139137	-0.0177288	0.178389	0	-0.842803	0	0	0	0.0440692	0.0252841	0.0187851	0.0440692
1197	1348.45	-1199.44	752.258	0.201677	-0.0331476	-0.0151444	-0.0180031	0.168529	0	-0.929005	0	0	0	0.0518174	0.0278701	0.0239473	0.0518174
1194.12	1172.2	-1679.43	1336.44	0.193143	-0.0164536	0.00219236	-0.018646	0.17669	0	-0.522471	0	0	0	0.0445122	0.0156741	0.0288381	0.0445122
1190.29	1291.83	-2159.43	-2470.34	0.184433	-0.0288399	-0.0101546	-0.0186853	0.155593	0	0.024541	0	0	0	0.0306396	-0.000736231	0.0313758	0.0306396
1185.49	1338.67	-2639.42	857.603	0.175544	-0.0342221	-0.0153182	-0.0189039	0.141322	0	0.272506	0	0	0	0.0224788	-0.00817517	0.0306539	0.0224788
1179.73	1331.98	-3119.42	-42.6168	0.166478	-0.0344383	-0.0152252	-0.0192131	0.132039	0	0.228872	0	0	0	0.0220346	-0.00686617	0.0289008	0.0220346
1173.01	1175.86	-3599.41	-722.57	0.157234	-0.0201363	-0.000284949	-0.0198514	0.137097	0	0.121386	0	0	0	0.024151	-0.00364157	0.0277925	0.024151
1165.33	1292.2	-4079.4	-349.075	0.147812	-0.0326305	-0.0126873	-0.0199432	0.115181	0	0.13522	0	0	0	0.0230331	-0.00405661	0.0270897	0.0230331
1156.69	1324.97	-4559.4	273.418	0.138212	-0.0370584	-0.0168275	-0.0202309	0.101154	0	0.226744	0	0	0	0.0193165	-0.00680231	0.0261188	0.0193165
1147.09	1312.87	-5039.39	-3356.19	0.128435	-0.0371462	-0.0165781	-0.0205681	0.0912885	0	0.534305	0	0	0	0.00867809	-0.0160291	0.0247072	0.00867809
1136.53	1299.71	-5519.39	-8585.13	0.11848	-0.0372052	-0.0163172	-0.020888	0.0812743	0	1.01321	0	0	0	-0.0103666	-0.0303962	0.0200296	-0.0103666
1125.02	1588.62	-5999.38	-2015.44	0.108347	-0.0675872	-0.0463607	-0.0212265	0.0407593	0	0.393827	0	0	0	0.00330725	-0.0118148	0.0151221	0.00330725
1112.54	1201.58	-6479.37	-1397.73	0.0980358	-0.0305811	-0.00890396	-0.0216772	0.0674547	0	0.872729	0	0	0	-0.0138218	-0.0261819	0.01236	-0.0138218
1099.1	1245.93	-6959.37	1240.68	0.0875473	-0.0365732	-0.0146832	-0.02189	0.0509741	0	0.982344	0	0	0	-0.0227681	-0.0294703	0.00670221	-0.0227681
1084.7	1224.72	-7439.36	249.476	0.076881	-0.0361861	-0.0140019	-0.0221842	0.0406949	0	0.871664	0	0	0	-0.0251662	-0.0261499	0.000983743	-0.0251662
1069.34	1055.89	-7919.35	1762.61	0.0660369	-0.0214067	0.00134545	-0.0227521	0.0446302	0	0.862086	0	0	0	-0.0301152	-0.0258626	-0.00425263	-0.0301152
1053.02	1127.5	-8399.35	-1043.39	0.0550151	-0.0302395	-0.00744794	-0.0227916	0.0247756	0	0.841866	0	0	0	-0.0347386	-0.025256	-0.00948262	-0.0347386
1035.74	1118.12	-8879.34	3941.33	0.0438155	-0.0311916	-0.00823708	-0.0229545	0.0126238	0	0.92594	0	0	0	-0.0424589	-0.0277782	-0.0146807	-0.0424589
1017.77	1071.55	-9000	-3677.02	0.0384768	-0.0284884	-0.00537729	-0.0231111	0.00998847	0	1.40591	0	0	0	-0.0627583	-0.0421772	-0.0205811	-0.0627583
999.775	1270.08	-9000	-24252.8	0.0351435	-0.0502231	-0.0270307	-0.0231923	-0.0150795	0	1.25798	0	0	0	-0.0684129	-0.0377393	-0.0306736	-0.0684129
981.775	815.766	-9000	-10414.3	0.0318103	-0.00700395	0.0166009	-0.0236049	0.0248063	0	-0.857702	0	0	0	-0.00766944	0.025731	-0.0334005	-0.00766944
963.776	1003.29	-9000	-1914.88	0.028477	-0.0273485	-0.00395137	-0.0233971	0.0011285	0	0.177789	0	0	0	-0.0351524	-0.00533368	-0.0298187	-0.0351524
945.776	1065.96	-9000	-780.031	0.0251437	-0.0355289	-0.0120185	-0.0235103	-0.0103852	0	0.189496	0	0	0	-0.0370779	-0.00568488	-0.0313931	-0.0370779
927.776	1062.13	-9000	-1009.87	0.0218104	-0.0371963	-0.0134353	-0.023761	-0.0153859	0	-0.419241	0	0	0	-0.0190269	0.0125772	-0.0316042	-0.0190269
909.776	924.49	-9000	-1373.79	0.018477	-0.025776	-0.00147136	-0.0243046	-0.00729896	0	-1.45792	0	0	0	0.0162613	0.0437377	-0.0274764	0.0162613
891.776	1012.61	-9000	-33.04	0.0151437	-0.0364988	-0.0120838	-0.0244149	-0.0213551	0	-1.40259	0	0	0	0.0236903	0.0420775	-0.0183872	0.0236903
873.776	1002.36	-9000	-85.7124	0.0118105	-0.0375254	-0.0128588	-0.0246666	-0.025715	0	-1.35682	0	0	0	0.0304775	0.0407047	-0.0102271	0.0304775
855.777	1177.62	-9000	2859.16	0.00847717	-0.0571005	-0.0321843	-0.0249163	-0.0486234	0	-1.3068	0	0	0	0.037102	0.0392041	-0.00210217	0.037102
837.777	2155.2	-9000	-10759.1	0.00514388	-0.157159	-0.131742	-0.0254169	-0.152015	0	0.0681743	0	0	0	0.00280587	-0.00204523	0.0048511	0.00280587
819.777	326.298	-9000	-25100.3	0.00181059	0.0231704	0.049348	-0.0261775	0.024981	0	-0.0116426	0	0	0	0.00241598	0.000349279	0.0020667	0.00241598
801.777	1595.16	-9000	-16969.6	-0.00152271	-0.104772	-0.0793381	-0.0254337	-0.106295	0	-1.31106	0	0	0	0.0456764	0.0393318	0.0063445	0.0456764
783.778	592.934	-9000	-2235.71	-0.004856	-0.00666949	0.0190844	-0.0257539	-0.0115255	0	0.186303	0	0	0	0.00587288	-0.0055891	0.011462	0.00587288
765.778	793.424	-9000	3428.98	-0.00818929	-0.0282824	-0.00276465	-0.0255177	-0.0364717	0	-0.0861384	0	0	0	0.0128453	0.00258415	0.0102612	0.0128453
747.778	728.129	-9000	-382.593	-0.0115226	-0.0238613	0.00196489	-0.0258262	-0.0353839	0	-0.0286702	0	0	0	0.0116764	0.000860107	0.0108163	0.0116764
729.778	794.954	-9000	2179.2	-0.0148559	-0.0323712	-0.00651752	-0.0258537	-0.0472271	0	-0.122322	0	0	0	0.0146356	0.00366966	0.010966	0.0146356
711.779	862.836	-9000	656.49	-0.0181892	-0.041283	-0.0151057	-0.0261773	-0.0594721	0	-0.0712392	0	0	0	0.0136934	0.00213718	0.0115562	0.0136934
693.779	679.93	-9000	-2068.11	-0.0215224	-0.0248592	0.00138486	-0.026244	-0.0463816	0	-0.195754	0	0	0	0.0179105	0.00587261	0.0120379	0.0179105
675.779	820.783	-9000	-5860.53	-0.0248557	-0.0407251	-0.0145004	-0.0262247	-0.0655808	0	-2.27844	0	0	0	0.0841135	0.0683533	0.0157602	0.0841135
657.779	-57.7568	-9000	-22141.1	-0.028189	0.0452735	0.0715536	-0.0262801	0.0170845	0	-0.369222	0	0	0	0.0412003	0.0110767	0.0301237	0.0412003
639.78	-20.7256	-9000	-16706.3	-0.0315223	0.0402071	0.0660505	-0.0258434	0.00868481	0	1.56873	0	0	0	-0.0215074	-0.047062	0.0255546	-0.0215074
621.78	898.227	-9000	-4084.03	-0.0348556	-0.0533196	-0.0276448	-0.0256748	-0.0881752	0	-1.02585	0	0	0	0.0521121	0.0307755	0.0213367	0.0521121
603.78	731.161	-9000	-6401.62	-0.0381889	-0.0388639	-0.0127381	-0.0261258	-0.0770528	0	0.277827	0	0	0	0.0182439	-0.0083348	0.0265787	0.0182439
585.78	614.398	-9000	-444.843	-0.0415222	-0.0293886	-0.00286175	-0.0265268	-0.0709108	0	1.66983	0	0	0	-0.028194	-0.050095	0.021901	-0.028194
567.78	656.043	-9000	915.064	-0.0448555	-0.0354601	-0.00882621	-0.0266339	-0.0803156	0	1.33886	0	0	0	-0.0280252	-0.0401658	0.0121406	-0.0280252
549.781	650.483	-9000	163.285	-0.0481888	-0.0368955	-0.0100702	-0.0268253	-0.0850842	0	1.43464	0	0	0	-0.0389828	-0.0430392	0.00405637	-0.0389828
531.781	617.952	-9000	1729.09	-0.0515221	-0.0356413	-0.00861708	-0.0270242	-0.0871633	0	1.31332	0	0	0	-0.0438584	-0.0393995	-0.00445888	-0.0438584
513.781	1603.84	-9000	-4960.31	-0.0548554	-0.134364	-0.109006	-0.025358	-0.18922	0	0.43746	0	0	0	-0.0247538	-0.0131238	-0.01163	-0.0247538
495.781	710.493	-9000	-18343.9	-0.0581886	-0.0483448	-0.0214712	-0.0268736	-0.106533	0	0.635406	0	0	0	-0.0315259	-0.0190622	-0.0124637	-0.0315259
477.782	546.209	-9000	-20709.4	-0.0615219	-0.0340375	-0.00684269	-0.0271948	-0.0955594	0	2.34242	0	0	0	-0.091191	-0.0702727	-0.0209183	-0.091191
459.782	1628.55	-9000	-6028.12	-0.0648552	-0.141985	-0.116876	-0.0251088	-0.20684	0	0.0160272	0	0	0	-0.031632	-0.000480817	-0.0311512	-0.031632
441.782	945.123	-9000	1743.46	-0.0681885	-0.0772404	-0.0503341	-0.0269063	-0.145429	0	0.249093	0	0	0	-0.0384647	-0.00747278	-0.0309919	-0.0384647
423.782	489.463	-9000	-440.054	-0.0715218	-0.0342825	-0.00656803	-0.0277145	-0.105804	0	0.654562	0	0	0	-0.0526597	-0.0196369	-0.0330229	-0.0526597
405.783	490.503	-9000	-3672.23	-0.0748551	-0.0363422	-0.00847204	-0.0278702	-0.111197	0	1.23882	0	0	0	-0.0747758	-0.0371647	-0.0376111	-0.0747758
387.783	450.645	-9000	1326.87	-0.0781884	-0.0343155	-0.00628619	-0.0280293	-0.112504	0	1.80605	0	0	0	-0.100161	-0.0541816	-0.0459795	-0.100161
369.783	2422.93	-9000	-1412.1	-0.0815217	-0.233454	-0.205315	-0.0281391	-0.314976	0	1.95611	0	0	0	-0.115793	-0.0586833	-0.0571095	-0.115793
351.783	-1068.48	-9000	-5850.95	-0.084855	0.110877	0.142026	-0.0311489	0.0260224	0	1.17071	0	0	0	-0.103511	-0.0351213	-0.0683897	-0.103511
333.783	-154.26	-9000	-18669.5	-0.0881883	0.0199331	0.0488044	-0.0288713	-0.0682552	0	0.847187	0	0	0	-0.0987256	-0.0254156	-0.0733099	-0.0987256
315.784	199.613	-9000	-11348	-0.0915215	-0.016456	0.0116171	-0.0280731	-0.107978	0	2.31156	0	0	0	-0.151198	-0.0693468	-0.0818507	-0.151198
297.784	96.4029	-9000	-2728.91	-0.0948548	-0.00771121	0.0201381	-0.0278493	-0.102566	0	1.18135	0	0	0	-0.129421	-0.0354406	-0.0939801	-0.129421
279.784	161.759	-9000	1987.67	-0.0981881	-0.0157033	0.0118025	-0.0275058	-0.113891	0	1.19732	0	0	0	-0.136684	-0.0359195	-0.100765	-0.136684
261.784	104.034	-9000	-894.953	-0.101521	-0.0116031	0.0157751	-0.0273782	-0.113125	0	1.46337	0	0	0	-0.152354	-0.0439012	-0.108453	-0.152354
243.785	60.822	-9000	-4112.76	-0.104855	-0.0088846	0.0182963	-0.0271809	-0.113739	0	1.93163	0	0	0	-0.175831	-0.057949	-0.117882	-0.175831
225.785	68.2448	-9000	-10514.9	-0.108188	-0.0110808	0.015754	-0.0268348	-0.119269	0	0.985536	0	0	0	-0.158782	-0.0295661	-0.129216	-0.158782
207.785	56.7449	-9000	-10926.7	-0.111521	-0.0114176	0.015104	-0.0265217	-0.122939	0	0.46513	0	0	0	-0.146816	-0.0139539	-0.132862	-0.146816
189.785	160.003	-9000	-3969.11	-0.114855	-0.0232503	0.00297825	-0.0262286	-0.138105	0	1.25904	0	0	0	-0.175219	-0.0377713	-0.137447	-0.175219
171.786	-23.4675	-9000	120.189	-0.118188	-0.00660232	0.0195253	-0.0261276	-0.12479	0	0.522598	0	0	0	-0.159725	-0.015678	-0.144047	-0.159725
154.118	21.5385	-8600.96	-85.7124	-0.114809	-0.0125232	0.0132579	-0.0257811	-0.127332	0	0.251221	0	0	0	-0.15395	-0.00753663	-0.146413	-0.15395
137.396	8.22169	-8120.96	-5961.08	-0.109906	-0.0126055	0.0129174	-0.0255229	-0.122511	0	0.855701	0	0	0	-0.174387	-0.025671	-0.148716	-0.174387
121.634	-348.005	-7640.97	-8829.34	-0.104825	0.0210409	0.0469639	-0.025923	-0.0837838	0	0.955738	0	0	0	-0.183157	-0.0286721	-0.154485	-0.183157
106.832	-111.648	-7160.98	-10328.1	-0.0995658	-0.00330258	0.021848	-0.0251506	-0.102868	0	0.680104	0	0	0	-0.179856	-0.0204031	-0.159453	-0.179856
92.9907	-47.497	-6680.98	-3988.26	-0.0941292	-0.010712	0.0140488	-0.0247608	-0.104841	0	1.14198	0	0	0	-0.198604	-0.0342593	-0.164345	-0.198604
80.1089	79.3424	-6200.99	-1436.04	-0.0885148	-0.024423	7.66472e-05	-0.0244996	-0.112938	0	1.07174	0	0	0	-0.203349	-0.0321522	-0.171197	-0.203349
68.187	-116.163	-5720.99	369.186	-0.0827227	-0.00601588	0.018435	-0.0244509	-0.0887386	0	1.13772	0	0	0	-0.211775	-0.0341316	-0.177643	-0.211775
57.2252	44.3769	-5241	-6243.6	-0.0767528	-0.022838	0.00128483	-0.0241228	-0.0995907	0	1.5666	0	0	0	-0.231902	-0.0469981	-0.184904	-0.231902
47.2233	-96.9364	-4761.01	-13684.8	-0.0706051	-0.00951759	0.014416	-0.0239336	-0.0801227	0	0.82271	0	0	0	-0.218432	-0.0246813	-0.193751	-0.218432
38.1814	-59.0636	-4281.01	-6439.92	-0.0642796	-0.0139459	0.0097245	-0.0236704	-0.0782254	0	-0.018028	0	0	0	-0.196192	0.000540839	-0.196733	-0.196192
30.0995	-89.9615	-3801.02	-3317.88	-0.0577763	-0.01162	0.0120061	-0.0236261	-0.0693963	0	-0.148928	0	0	0	-0.192068	0.00446783	-0.196536	-0.192068
22.9775	-20.7306	-3321.03	-535.822	-0.0510953	-0.0190618	0.00437082	-0.0234326	-0.0701571	0	-0.704453	0	0	0	-0.173832	0.0211336	-0.194965	-0.173832
16.8155	135.507	-2841.03	-2489.49	-0.0442365	-0.0352336	-0.0118692	-0.0233644	-0.0794701	0	-0.998179	0	0	0	-0.159985	0.0299454	-0.189931	-0.159985
11.6135	-11.1445	-2361.04	-6257.96	-0.0372	-0.021142	0.0022758	-0.0234178	-0.058342	0	-0.860894	0	0	0	-0.158364	0.0258268	-0.184191	-0.158364
7.37151	28.7746	-1881.04	-8326.55	-0.0299856	-0.0255372	-0.00214031	-0.0233968	-0.0555228	0	-1.6282	0	0	0	-0.129617	0.048846	-0.178464	-0.129617
4.08946	63.2564	-1401.05	-4821.44	-0.0225935	-0.0293756	-0.00591669	-0.0234589	-0.0519691	0	-2.76905	0	0	0	-0.083538	0.0830715	-0.166609	-0.083538
1.76738	760.241	-921.056	-2925.24	-0.0150236	-0.0984032	-0.0758474	-0.0225558	-0.113427	0	-3.11386	0	0	0	-0.0561292	0.0934158	-0.149545	-0.0561292
0.405284	223.935	-441.062	-2532.59	-0.00727599	-0.0459685	-0.022353	-0.0236155	-0.0532445	0	-3.4608	0	0	0	-0.0265016	0.103824	-0.130325	-0.0265016
0	320.444	0	-2288.38	0	-0.0560747	-0.0320444	-0.0240303	-0.0560747	0	-3.50549	0	0	0	-0.00405746	0.105165	-0.109222	-0.00405746
0	79.2656	0	-6190.93	0	-0.0325246	-0.00792656	-0.0245981	-0.0325246	0	-3.26604	0	0	0	0.00919176	0.0979813	-0.0887895	0.00919176
0	178.126	0	-8240.36	0	-0.0426322	-0.0178126	-0.0248196	-0.0426322	0	-3.88436	0	0	0	0.0478387	0.116531	-0.068692	0.0478387
0	159.631	0	-7637.02	0	-0.0413023	-0.0159631	-0.0253392	-0.0413023	0	-4.3292	0	0	0	0.0855566	0.129876	-0.0443195	0.0855566
0	-1693.13	0	-3471.11	0	0.143594	0.169313	-0.0257189	0.143594	0	-4.44946	0	0	0	0.11535	0.133484	-0.0181336	0.11535
0	1797.2	0	-626.802	0	-0.202986	-0.17972	-0.0232661	-0.202986	0	-4.6208	0	0	0	0.147516	0.138624	0.00889204	0.147516
0	-1447.81	0	-1819.11	0	0.118651	0.144781	-0.0261295	0.118651	0	-4.46117	0	0	0	0.170382	0.133835	0.0365466	0.170382
0	1022.79	0	-4548.5	0	-0.12867	-0.102279	-0.0263917	-0.12867	0	-3.57467	0	0	0	0.169305	0.10724	0.0620653	0.169305
0	408.943	0	-8690.47	0	-0.0689883	-0.0408943	-0.028094	-0.0689883	0	-2.96487	0	0	0	0.171699	0.088946	0.0827534	0.171699
0	361.718	0	-10505.3	0	-0.0650492	-0.0361718	-0.0288774	-0.0650492	0	-1.52391	0	0	0	0.144485	0.0457172	0.0987675	0.144485
0	310.767	0	-3763.21	0	-0.060754	-0.0310767	-0.0296773	-0.060754	0	-0.393699	0	0	0	0.117426	0.011811	0.105615	0.117426
0	342.145	0	-1263.66	0	-0.0645384	-0.0342145	-0.0303239	-0.0645384	0	-0.400085	0	0	0	0.119967	0.0120025	0.107965	0.119967
0	367.33	0	-2216.55	0	-0.0678091	-0.036733	-0.0310761	-0.0678091	0	-0.244708	0	0	0	0.117573	0.00734124	0.110231	0.117573
0	275.915	0	-4792.71	0	-0.0593766	-0.0275915	-0.0317851	-0.0593766	0	0.0734954	0	0	0	0.109048	-0.00220486	0.111253	0.109048
0	295.017	0	-10165.3	0	-0.0618544	-0.0295017	-0.0323527	-0.0618544	0	0.80249	0	0	0	0.0859323	-0.0240747	0.110007	0.0859323
0	300.083	0	-6133.47	0	-0.0629537	-0.0300083	-0.0329455	-0.0629537	0	1.64855	0	0	0	0.0542478	-0.0494565	0.103704	0.0542478
0	340.413	0	-3116.77	0	-0.0675882	-0.0340413	-0.0335469	-0.0675882	0	1.73582	0	0	0	0.0413363	-0.0520745	0.0934107	0.0413363
0	275.873	0	-698.628	0	-0.061795	-0.0275873	-0.0342077	-0.061795	0	1.58257	0	0	0	0.0357806	-0.047477	0.0832576	0.0357806
0	316.631	0	-2992.27	0	-0.0664319	-0.0316631	-0.0347688	-0.0664319	0	1.62833	0	0	0	0.0249315	-0.0488499	0.0737814	0.0249315
0	261.224	0	-4055.3	0	-0.0615023	-0.0261224	-0.0353799	-0.0615023	0	1.51765	0	0	0	0.0184851	-0.0455295	0.0640146	0.0184851
0	266.541	0	-5099.17	0	-0.0625649	-0.0266541	-0.0359108	-0.0625649	0	1.29203	0	0	0	0.0166681	-0.038761	0.0554291	0.0166681
0	254.526	0	-4313.87	0	-0.0619113	-0.0254526	-0.0364587	-0.0619113	0	1.59747	0	0	0	-0.000604622	-0.047924	0.0473194	-0.000604622
0	258.869	0	-3121.56	0	-0.0628611	-0.0258869	-0.0369742	-0.0628611	0	1.70176	0	0	0	-0.01358	-0.0510528	0.0374728	-0.01358
0	255.933	0	-3983.47	0	-0.0630846	-0.0255933	-0.0374914	-0.0630846	0	1.56448	0	0	0	-0.0194837	-0.0469343	0.0274506	-0.0194837
0	239.703	0	-1536.6	0	-0.0619872	-0.0239703	-0.0380169	-0.0619872	0	1.48253	0	0	0	-0.0262078	-0.0444759	0.018268	-0.0262078
0	255.145	0	-2939.6	0	-0.0640122	-0.0255145	-0.0384977	-0.0640122	0	1.4506	0	0	0	-0.034142	-0.0435181	0.00937606	-0.034142
0	238.748	0	-3207.75	0	-0.0628508	-0.0238748	-0.0389761	-0.0628508	0	1.35376	0	0	0	-0.0397711	-0.0406127	0.000841653	-0.0397711
0	208.61	0	-4045.72	0	-0.0602833	-0.020861	-0.0394223	-0.0602833	0	1.22286	0	0	0	-0.0437591	-0.0366858	-0.00707337	-0.0437591
0	202.694	0	-4625.12	0	-0.060105	-0.0202694	-0.0398356	-0.060105	0	1.21647	0	0	0	-0.0508153	-0.0364942	-0.0143211	-0.0508153
0	219.769	0	-3911.65	0	-0.0622132	-0.0219769	-0.0402364	-0.0622132	0	1.16539	0	0	0	-0.0566487	-0.0349617	-0.021687	-0.0566487
0	170.861	0	-4299.51	0	-0.0577486	-0.0170861	-0.0406625	-0.0577486	0	0.93871	0	0	0	-0.0564416	-0.0281613	-0.0282803	-0.0564416
0	181.168	0	-3049.73	0	-0.0591297	-0.0181168	-0.0410129	-0.0591297	0	0.895077	0	0	0	-0.0606691	-0.0268523	-0.0338168	-0.0606691
0	-658.206	0	-3590.82	0	0.0227642	0.0658206	-0.0430565	0.0227642	0	0.737572	0	0	0	-0.0611579	-0.0221272	-0.0390308	-0.0611579
0	-34.828	0	-4055.3	0	-0.0386762	0.0034828	-0.042159	-0.0386762	0	0.457681	0	0	0	-0.0567301	-0.0137304	-0.0429997	-0.0567301
0	148.387	0	-4922	0	-0.0570253	-0.0148387	-0.0421865	-0.0570253	0	0.359772	0	0	0	-0.0563569	-0.0107932	-0.0455638	-0.0563569
0	133.088	0	-4883.69	0	-0.0557557	-0.0133088	-0.0424468	-0.0557557	0	0.259735	0	0	0	-0.055374	-0.00779204	-0.0475819	-0.055374
0	145.985	0	-3662.65	0	-0.0573198	-0.0145985	-0.0427213	-0.0573198	0	0.109679	0	0	0	-0.052236	-0.00329037	-0.0489456	-0.052236
0	149.971	0	-2858.2	0	-0.058013	-0.0149971	-0.0430158	-0.058013	0	-0.0850742	0	0	0	-0.0467066	0.00255222	-0.0492588	-0.0467066
0	147.967	0	-2106.42	0	-0.0581123	-0.0147967	-0.0433157	-0.0581123	0	-0.171276	0	0	0	-0.0434856	0.00513829	-0.0486239	-0.0434856
0	117.248	0	-3734.48	0	-0.0553829	-0.0117248	-0.0436581	-0.0553829	0	-0.314947	0	0	0	-0.0379818	0.0094484	-0.0474302	-0.0379818
0	181.843	0	-3423.23	0	-0.0620875	-0.0181843	-0.0439032	-0.0620875	0	-0.53737	0	0	0	-0.0291002	0.0161211	-0.0452213	-0.0291002
0	93.4854	0	-4031.36	0	-0.0535905	-0.00934854	-0.044242	-0.0535905	0	-0.658692	0	0	0	-0.0219905	0.0197607	-0.0417512	-0.0219905
0	123.01	0	-3102.41	0	-0.0567508	-0.012301	-0.0444498	-0.0567508	0	-0.766178	0	0	0	-0.0147467	0.0229853	-0.037732	-0.0147467
0	1309.11	0	-3504.63	0	-0.175609	-0.130911	-0.0446983	-0.175609	0	-1.05352	0	0	0	-0.00111751	0.0316056	-0.0327231	-0.00111751
0	-196.273	0	-4146.28	0	-0.0259661	0.0196273	-0.0455935	-0.0259661	0	-1.23018	0	0	0	0.0107972	0.0369054	-0.0261082	0.0107972
0	38.3169	0	-3815.88	0	-0.0491902	-0.00383169	-0.0453586	-0.0491902	0	-1.27275	0	0	0	0.0195543	0.0381825	-0.0186282	0.0195543
0	113.423	0	-3404.08	0	-0.0568589	-0.0113423	-0.0455166	-0.0568589	0	-1.36853	0	0	0	0.0301919	0.0410559	-0.010864	0.0301919
0	87.6133	0	-3739.26	0	-0.0544573	-0.00876133	-0.045696	-0.0544573	0	-1.3515	0	0	0	0.0379018	0.0405451	-0.00264322	0.0379018
0	81.0626	0	-4740.04	0	-0.0540288	-0.00810625	-0.0459225	-0.0540288	0	-1.30787	0	0	0	0.0446316	0.0392361	0.00539556	0.0446316
0	102.83	0	-2714.55	0	-0.056382	-0.010283	-0.046099	-0.056382	0	-1.18335	0	0	0	0.048654	0.0355006	0.0131534	0.048654
