0	0	0	0	0	0	0	0	0	0	0	0	0	0	0	0	0	0
0.48	0	480	-8.66701	0.0107556	0.000144	0.000144	0	0.0108996	0	0.0277656	0	25.5414	0	-0.0011173	-0.00111063	-6.67269e-06	-0.0011173
1.92	0	960	10.4866	0.0216889	0.0005856	0.000576	9.6e-06	0.0222745	0	-0.000968447	0	-26.6056	0	-0.000128143	3.87379e-05	-0.000166881	-0.000128143
4.32	0	1440	29.6402	0.0328	0.0013548	0.001296	5.88e-05	0.0341548	0	-0.0158676	0	-1.06423	0	0.000515138	0.000634704	-0.000119566	0.000515138
7.68	0	1920	-23.0322	0.0440889	0.0024492	0.002304	0.0001452	0.0465381	0	-0.00628957	0	3.19268	0	0.000208067	0.000251583	-4.35161e-05	0.000208067
12	0	2400	-37.3974	0.0555556	0.0038988	0.0036	0.0002988	0.0594544	0	9.57781e-05	0	1.06423	0	-2.55732e-05	-3.83113e-06	-2.17421e-05	-2.55732e-05
17.28	0	2880	29.6402	0.0672	0.0057228	0.005184	0.0005388	0.0729228	0	0.00222423	0	2.12845	0	-0.000111286	-8.89692e-05	-2.23167e-05	-0.000111286
23.52	0	3360	0.909801	0.0790222	0.0079404	0.007056	0.0008844	0.0869626	0	0.00328845	0	1.06423	0	-0.0001672	-0.000131538	-3.56621e-05	-0.0001672
30.72	2.42901	3840	1892.33	0.0910222	0.0098178	0.0084873	0.0013305	0.10084	0	-0.307465	0	-271.377	0	0.0123613	0.0122986	6.27362e-05	0.0123613
38.88	4.85897	4320	3865.15	0.1032	0.0120905	0.0102063	0.00188416	0.11529	0	-0.617155	0	38.3121	0	0.0276377	0.0246862	0.00295153	0.0276377
48	8.50344	4800	2993.66	0.115556	0.0144014	0.011849	0.00255244	0.129957	0	-0.108455	0	183.047	0	0.0100157	0.00433821	0.0056775	0.0100157
58.08	14.5769	5280	4406.24	0.128089	0.0163569	0.0130509	0.00330594	0.144446	0	-0.336199	0	-138.349	0	0.0200444	0.013448	0.00659642	0.0200444
69.12	20.6509	5760	5086.19	0.1408	0.0186803	0.0145407	0.00413956	0.15948	0	-0.27341	0	70.2389	0	0.0195724	0.0109364	0.00863596	0.0195724
81.12	31.5838	6240	5809.24	0.153689	0.0199212	0.0148609	0.00506037	0.17361	0	-0.19785	0	23.413	0	0.018034	0.007914	0.01012	0.018034
94.08	43.7307	6720	728.747	0.166756	0.0211073	0.0151048	0.00600253	0.187863	0	-0.274474	0	-87.2664	0	0.0222541	0.010979	0.0112752	0.0222541
108	68.0251	7200	3946.55	0.18	0.0188805	0.0119925	0.00688806	0.198881	0	-0.75444	0	-256.478	0	0.0437701	0.0301776	0.0135925	0.0437701
122.88	105.681	7680	-286.394	0.193422	0.0126649	0.00515958	0.00750536	0.206087	0	-1.06307	0	-127.707	0	0.0611845	0.0425226	0.0186619	0.0611845
138.72	144.551	8160	5019.16	0.207022	0.00591775	-0.00174939	0.00766714	0.21294	0	-1.32806	0	-135.157	0	0.0785521	0.0531223	0.0254298	0.0785521
147	162.774	8400	5397.44	0.207022	0.00039274	-0.00721609	0.00760883	0.207415	0	-1.48237	0	-154.313	0	0.0887087	0.0592948	0.0294139	0.0887087
164.28	193.141	8880	9443.64	0.227755	-0.00164196	-0.00865817	0.00701621	0.226114	0	-1.66329	0	-32.9911	0	0.105283	0.0665315	0.0387519	0.105283
182.25	222.294	9000	8457.23	0.23375	-0.00571996	-0.0120132	0.00629323	0.22803	0	-1.0354	0	380.993	0	0.0894068	0.0414158	0.047991	0.0894068
200.25	247.804	9000	5148.44	0.237083	-0.0089197	-0.0142663	0.00534658	0.228164	0	-0.597999	0	143.67	0	0.0772421	0.0239199	0.0533222	0.0772421
218.25	276.957	9000	4468.49	0.240417	-0.0133623	-0.017612	0.00424975	0.227054	0	-0.724642	0	-71.3031	0	0.0860618	0.0289857	0.0570762	0.0860618
236.25	308.54	9000	5517.15	0.24375	-0.0187936	-0.021687	0.00289342	0.224956	0	-0.550109	0	157.505	0	0.0833773	0.0220043	0.0613729	0.0833773
254.25	334.049	9000	5885.86	0.247083	-0.0226258	-0.0239398	0.00131401	0.224457	0	-0.276603	0	121.322	0	0.0752811	0.0110641	0.064217	0.0752811
272.25	352.27	9000	8318.37	0.250417	-0.0243973	-0.024006	-0.000391285	0.226019	0	0.376831	0	386.314	0	0.050002	-0.0150733	0.0650753	0.050002
290.25	361.987	9000	9477.16	0.25375	-0.0235859	-0.0215213	-0.00206456	0.230164	0	0.620539	0	14.8991	0	0.0373063	-0.0248216	0.0621279	0.0373063
308.25	371.705	9000	6288.08	0.257083	-0.0225845	-0.0190366	-0.00354789	0.234499	0	0.505603	0	-2.12842	0	0.038519	-0.0202241	0.0587431	0.038519
326.25	387.496	9000	2821.28	0.260417	-0.0233003	-0.018374	-0.00492632	0.237116	0	1.05687	0	322.46	0	0.0127482	-0.0422749	0.055023	0.0127482
344.25	414.219	9000	4363.15	0.26375	-0.0272757	-0.0209909	-0.00628486	0.236474	0	1.06432	0	-113.872	0	0.00574499	-0.0425728	0.0483178	0.00574499
362.25	440.943	9000	6465.25	0.267083	-0.0314259	-0.023608	-0.00781789	0.235657	0	0.267216	0	-476.773	0	0.0322042	-0.0106887	0.0428929	0.0322042
380.25	464.022	9000	7829.95	0.270417	-0.0346328	-0.0251317	-0.0095011	0.235784	0	0.750375	0	491.672	0	0.0113002	-0.030015	0.0413151	0.0113002
398.25	477.387	9000	7916.14	0.27375	-0.0349663	-0.0237412	-0.0112252	0.238784	0	1.67731	0	273.506	0	-0.03224	-0.0670926	0.0348526	-0.03224
416.25	476.17	9000	10109.2	0.277083	-0.0307963	-0.0179763	-0.01282	0.246287	0	0.551364	0	-635.342	0	0.00420595	-0.0220546	0.0262605	0.00420595
434.25	491.962	9000	4281.74	0.280417	-0.0314537	-0.0173137	-0.0141399	0.248963	0	0.419401	0	129.835	0	0.00696172	-0.016776	0.0237377	0.00696172
452.25	506.54	9000	7820.37	0.28375	-0.0316785	-0.0162871	-0.0153913	0.252071	0	1.16968	0	337.359	0	-0.0268046	-0.0467872	0.0199826	-0.0268046
470.25	507.753	9000	10832.3	0.287083	-0.0277525	-0.011251	-0.0165014	0.259331	0	0.619475	0	-449.103	0	-0.0115112	-0.024779	0.0132678	-0.0115112
488.25	508.967	9000	8869.03	0.290417	-0.0235032	-0.0062153	-0.0172879	0.266913	0	0.647145	0	274.57	0	-0.0155941	-0.0258858	0.0102917	-0.0155941
506.25	524.76	9000	5244.21	0.29375	-0.0233404	-0.00555308	-0.0177873	0.27041	0	1.18671	0	101.101	0	-0.0423749	-0.0474683	0.0050934	-0.0423749
524.25	545.41	9000	5143.66	0.297083	-0.0245785	-0.00634812	-0.0182304	0.272505	0	1.14627	0	9.57811	0	-0.0477274	-0.0458507	-0.00187678	-0.0477274
542.25	552.698	9000	11531.4	0.29875	-0.0246337	-0.00583434	-0.0187994	0.274116	0	1.03239	0	-63.8536	0	-0.0499001	-0.0412958	-0.00860433	-0.0499001
560.25	552.699	9000	9247.32	0.30375	-0.0170273	0.00226538	-0.0192927	0.286723	0	0.67375	0	-239.451	0	-0.0413911	-0.02695	-0.0144411	-0.0413911
578.25	572.134	9000	11263.2	0.307083	-0.0174162	0.00183475	-0.019251	0.289667	0	0.723769	0	125.579	0	-0.0472077	-0.0289508	-0.0182569	-0.0472077
596.25	587.925	9000	4573.83	0.310417	-0.0165827	0.00249736	-0.0190801	0.293834	0	1.3921	0	349.066	0	-0.0792414	-0.0556841	-0.0235574	-0.0792414
623.25	629.226	9000	2945.78	0.315417	-0.020844	-0.00179286	-0.0190512	0.294573	0	0.826999	0	-392.699	0	-0.0687448	-0.0330799	-0.0356648	-0.0687448
641.25	686.316	9000	2040.77	0.31875	-0.0330912	-0.0135197	-0.0195716	0.285659	0	-0.109519	0	-485.287	0	-0.0348924	0.00438078	-0.0392731	-0.0348924
659.25	737.336	9000	4549.89	0.322083	-0.0442024	-0.0234258	-0.0207766	0.277881	0	-0.152088	0	60.6608	0	-0.0322228	0.00608354	-0.0383063	-0.0322228
677.25	794.428	9000	2730.3	0.325417	-0.0579775	-0.0351533	-0.0228242	0.267439	0	1.08561	0	760.921	0	-0.0822483	-0.0434242	-0.0388241	-0.0822483
695.25	835.728	9000	12604	0.32875	-0.0676754	-0.0421433	-0.0255321	0.261075	0	2.0317	0	1762.36	0	-0.124157	-0.0812681	-0.042889	-0.124157
713.25	840.586	9000	17612.7	0.332083	-0.066761	-0.0382007	-0.0285604	0.265322	0	-2.9063	0	-2701	0	0.0678839	0.116252	-0.0483682	0.0678839
731.25	836.944	9000	11306.3	0.335417	-0.0629609	-0.031708	-0.0312528	0.272456	0	-1.20461	0	1394.13	0	0.0163312	0.0481843	-0.031853	0.0163312
749.25	834.511	9000	6517.93	0.33875	-0.0590664	-0.0255782	-0.0334882	0.279684	0	-1.43874	0	-696.003	0	0.0315384	0.0575495	-0.026011	0.0315384
767.25	845.447	9000	2265.82	0.342083	-0.0588345	-0.0234589	-0.0353757	0.283249	0	-2.84671	0	-507.636	0	0.0991907	0.113868	-0.0146776	0.0991907
785.25	879.458	9000	-817.907	0.345417	-0.0654328	-0.0282624	-0.0371704	0.279984	0	-2.77221	0	175.597	0	0.113594	0.110888	0.00270594	0.113594
803.25	917.11	9000	-1646.3	0.34875	-0.0735405	-0.034158	-0.0393825	0.27521	0	-2.33801	0	186.239	0	0.112116	0.0935203	0.0185953	0.112116
821.25	964.492	9000	4631.3	0.352083	-0.0850087	-0.0429724	-0.0420363	0.267075	0	-1.32593	0	663.012	0	0.0846133	0.0530372	0.0315762	0.0846133
839.25	980.282	9000	12010.2	0.355417	-0.0875142	-0.0423094	-0.0452048	0.267903	0	-0.676751	0	-174.533	0	0.0641307	0.0270701	0.0370606	0.0641307
857.25	952.341	9000	22396.3	0.35875	-0.0766011	-0.0285272	-0.0480739	0.282149	0	-3.55548	0	-1251.53	0	0.188222	0.142219	0.0460027	0.188222
875.25	917.116	9000	11268	0.362083	-0.0625233	-0.0125597	-0.0499636	0.29956	0	-1.19396	0	1629.33	0	0.112898	0.0477586	0.065139	0.112898
893.251	904.966	9000	2170.06	0.365417	-0.0544007	-0.00351473	-0.0508859	0.311016	0	-0.437301	0	-83.0095	0	0.0872758	0.017492	0.0697838	0.0872758
911.251	928.051	9000	-4394.84	0.36875	-0.0564033	-0.00504011	-0.0513632	0.312347	0	-1.17162	0	-288.405	0	0.12061	0.0468646	0.0737453	0.12061
929.251	964.489	9000	3932.19	0.372083	-0.0626715	-0.0105715	-0.0521	0.309412	0	-1.79632	0	-373.543	0	0.153381	0.0718526	0.0815285	0.153381
947.251	1016.72	9000	-1540.96	0.375417	-0.0740464	-0.0208407	-0.0532056	0.30137	0	-2.39122	0	-210.716	0	0.189108	0.0956487	0.093459	0.189108
965.251	1068.95	9000	4607.35	0.37875	-0.0861429	-0.0311106	-0.0550323	0.292607	0	-1.6867	0	665.141	0	0.175156	0.067468	0.107688	0.175156
983.251	1077.46	9000	13633.5	0.382083	-0.0855986	-0.0282614	-0.0573372	0.296485	0	1.78161	0	1795.35	0	0.0415251	-0.0712643	0.112789	0.0415251
1001.25	1064.1	9000	18579.9	0.385417	-0.0782214	-0.0188543	-0.0593671	0.307195	0	0.567328	0	-1264.3	0	0.0792566	-0.0226931	0.10195	0.0792566
1019.25	1076.24	9000	8912.13	0.38875	-0.0778551	-0.0170975	-0.0607576	0.310895	0	1.83269	0	1715.53	0	0.0265886	-0.0733077	0.0998963	0.0265886
1037.2	1067.74	8839.98	2940.99	0.388518	-0.0707923	-0.00916205	-0.0616302	0.317725	0	4.40492	0	-726.866	0	-0.0971941	-0.176197	0.0790028	-0.0971941
1054.4	1087.18	8359.98	1700.79	0.381036	-0.0723174	-0.00983339	-0.062484	0.308719	0	2.4095	0	-698.132	0	-0.0399149	-0.0963801	0.0564652	-0.0399149
1070.64	1124.83	7879.98	3280.97	0.373377	-0.0797861	-0.0162579	-0.0635283	0.293591	0	1.20373	0	-635.342	0	-0.00442995	-0.0481494	0.0437194	-0.00442995
1085.92	1161.28	7399.98	-4179.37	0.36554	-0.0875968	-0.0226081	-0.0649887	0.277943	0	0.710998	0	-155.377	0	0.00906918	-0.0284399	0.0375091	0.00906918
1100.24	1212.29	6919.98	-286.394	0.357525	-0.10056	-0.0336152	-0.0669453	0.256964	0	1.08241	0	-36.1836	0	-0.0112762	-0.0432965	0.0320203	-0.0112762
1113.6	1271.81	6439.98	1044.78	0.349332	-0.117185	-0.0474645	-0.0697209	0.232147	0	0.856797	0	371.415	0	-0.00695495	-0.0342719	0.0273169	-0.00695495
1126	1270.6	5959.98	20485.7	0.340962	-0.116509	-0.0433806	-0.0731281	0.224453	0	4.43366	0	1918.8	0	-0.160144	-0.177346	0.017202	-0.160144
1137.44	1211.08	5479.97	30910.1	0.332414	-0.0981004	-0.0220924	-0.076008	0.234313	0	1.46234	0	-2491.35	0	-0.0664537	-0.0584936	-0.00796009	-0.0664537
1147.92	1150.34	4999.97	4343.99	0.323688	-0.0780986	-0.000727148	-0.0773714	0.245589	0	0.105454	0	95.7803	0	-0.0165943	-0.00421816	-0.0123761	-0.0165943
1157.44	1127.26	4519.97	44.0054	0.314784	-0.0684646	0.00905252	-0.0775171	0.246319	0	1.03239	0	475.709	0	-0.0556583	-0.0412958	-0.0143626	-0.0556583
1166	1126.05	4039.97	-7358.87	0.305703	-0.065076	0.0119833	-0.0770593	0.240627	0	1.11328	0	-41.5047	0	-0.0654551	-0.044531	-0.0209241	-0.0654551
1173.6	1138.2	3559.97	-66.1278	0.296443	-0.0657744	0.0106195	-0.0763939	0.230669	0	0.993018	0	12.7707	0	-0.0669254	-0.0397207	-0.0272046	-0.0669254
1180.24	1161.27	3079.97	374.405	0.287006	-0.0701294	0.00569011	-0.0758195	0.216877	0	1.01005	0	1.06418	0	-0.0736125	-0.0404018	-0.0332106	-0.0736125
1185.92	1180.71	2599.97	-2383.72	0.277391	-0.0740106	0.00156328	-0.0755739	0.203381	0	2.15515	0	839.674	0	-0.126393	-0.0862061	-0.0401872	-0.126393
1190.64	1198.94	2119.97	2926.62	0.267599	-0.0780323	-0.00248983	-0.0755425	0.189566	0	3.28536	0	464.002	0	-0.186531	-0.131414	-0.0551167	-0.186531
1194.4	1212.3	1639.97	1815.71	0.257628	-0.0810426	-0.00537074	-0.0756719	0.176586	0	3.06826	0	-342.681	0	-0.197936	-0.12273	-0.0752056	-0.197936
1197.2	1156.42	1159.97	24206.3	0.24748	-0.063456	0.0122337	-0.0756897	0.184024	0	-1.28442	0	-2702.07	0	-0.0372864	0.051377	-0.0886633	-0.0372864
1199.04	1102.96	679.965	7351.11	0.237154	-0.045747	0.0288234	-0.0745704	0.191407	0	-2.82968	0	-88.3307	0	0.0366011	0.113187	-0.076586	0.0366011
1199.92	1067.75	199.964	5660.8	0.22665	-0.03278	0.0396503	-0.0724303	0.19387	0	-2.99038	0	-267.12	0	0.0596879	0.119615	-0.0599272	0.0596879
1200	1050.73	0	-679.044	0.222222	-0.0249213	0.0447805	-0.0697018	0.197301	0	-3.08616	0	55.3396	0	0.0819147	0.123446	-0.0415316	0.0819147
1200	1050.74	0	53.5822	0.222222	-0.021925	0.0447794	-0.0667043	0.200297	0	-3.01592	0	48.9545	0	0.0975582	0.120637	-0.0230785	0.0975582
1200	1060.45	0	872.399	0.222222	-0.0218776	0.0418657	-0.0637433	0.200345	0	-3.02124	0	-25.5411	0	0.115806	0.12085	-0.00504366	0.115806
1200	1079.9	0	-1679.82	0.222222	-0.0249462	0.0360304	-0.0609765	0.197276	0	-2.92439	0	62.7897	0	0.129957	0.116976	0.0129816	0.129957
1200	1084.73	0	-2369.35	0.222222	-0.0237875	0.0345804	-0.0583679	0.198435	0	-2.15815	0	481.03	0	0.115998	0.0863261	0.0296724	0.115998
1200	1045.86	0	11373.4	0.222222	-0.00942119	0.0462408	-0.055662	0.212801	0	-0.753376	0	826.903	0	0.0710227	0.030135	0.0408876	0.0710227
1200	1010.65	0	7375.05	0.222222	0.00427399	0.0568048	-0.0525308	0.226496	0	0.430043	0	478.901	0	0.0260926	-0.0172017	0.0432943	0.0260926
1200	996.075	0	2778.18	0.222222	0.0123367	0.0611776	-0.048841	0.234559	0	0.724833	0	25.5414	0	0.010913	-0.0289933	0.0399063	0.010913
1200	994.858	0	1202.8	0.222222	0.0166346	0.0615427	-0.0449081	0.238857	0	0.489639	0	-79.8168	0	0.0164379	-0.0195856	0.0360235	0.0164379
1200	1011.87	0	111.043	0.222222	0.0153419	0.0564386	-0.0410968	0.237564	0	0.400244	0	-22.3487	0	0.017277	-0.0160098	0.0332868	0.017277
1200	1042.22	0	4147.67	0.222222	0.00964732	0.0473337	-0.0376864	0.23187	0	0.500282	0	58.5324	0	0.0107495	-0.0200113	0.0307608	0.0107495
1200	1062.89	0	7911.35	0.222222	0.00628767	0.0411344	-0.0348468	0.22851	0	0.988761	0	371.415	0	-0.0121425	-0.0395504	0.0274079	-0.0121425
1200	1045.88	0	15534.5	0.222222	0.0139872	0.0462374	-0.0322501	0.236209	0	0.536465	0	-665.141	0	-0.000621799	-0.0214586	0.0208368	-0.000621799
1200	1041.02	0	-2101.2	0.222222	0.0183919	0.047693	-0.0293012	0.240614	0	0.194849	0	92.5876	0	0.0111267	-0.00779396	0.0189206	0.0111267
1200	1038.59	0	1992.89	0.222222	0.0221679	0.0484232	-0.0262552	0.24439	0	0.691842	0	124.514	0	-0.0110396	-0.0276737	0.0166341	-0.0110396
1200	1062.88	0	-3839.39	0.222222	0.0179628	0.0411356	-0.0231727	0.240185	0	0.684393	0	25.5414	0	-0.0147937	-0.0273757	0.012582	-0.0147937
1200	1112.69	0	-1143.52	0.222222	0.00560594	0.0261942	-0.0205882	0.227828	0	0.588612	0	-3.19266	0	-0.0147911	-0.0235445	0.00875343	-0.0147911
1200	1128.48	0	-2589.62	0.222222	0.00273583	0.0214563	-0.0187205	0.224958	0	0.654594	0	9.57799	0	-0.0211312	-0.0261838	0.00505254	-0.0211312
1200	1180.7	0	-2675.81	0.222222	-0.0118286	0.00578936	-0.017618	0.210394	0	-3.52355	0	-3739.69	0	0.143383	0.140942	0.00244036	0.143383
1200	1217.15	0	4976.06	0.222222	-0.0225708	-0.00514435	-0.0174265	0.199651	0	-1.54409	0	3052.2	0	0.0885637	0.0617638	0.0267999	0.0885637
1200	1230.51	0	4832.41	0.222222	-0.0269845	-0.00915436	-0.0178302	0.195238	0	-1.00985	0	-598.095	0	0.0730616	0.0403942	0.0326675	0.0730616
1200	1243.87	0	-4471.46	0.222222	-0.0317118	-0.0131621	-0.0185498	0.19051	0	-1.99746	0	-252.221	0	0.120831	0.0798982	0.0409327	0.120831
1200	1220.8	0	17449.9	0.222222	-0.0255829	-0.00624067	-0.0193422	0.196639	0	0.782301	0	1923.05	0	0.0190553	-0.0312921	0.0503474	0.0190553
1200	1175.85	0	8236.96	0.222222	-0.0121973	0.00724504	-0.0194424	0.210025	0	1.99658	0	-51.0828	0	-0.0380058	-0.0798633	0.0418574	-0.0380058
1200	1150.34	0	134.985	0.222222	-0.00390259	0.0148989	-0.0188014	0.21832	0	1.5677	0	-50.0188	0	-0.0316934	-0.062708	0.0310145	-0.0316934
1200	1139.41	0	484.539	0.222222	0.000441113	0.0181764	-0.0177353	0.222663	0	1.76032	0	87.2666	0	-0.0491207	-0.070413	0.0212923	-0.0491207
1200	1140.62	0	441.443	0.222222	0.00126467	0.0178125	-0.0165478	0.223487	0	1.67731	0	-72.3673	0	-0.0563303	-0.0670926	0.0107623	-0.0563303
1200	1161.28	0	747.901	0.222222	-0.00388932	0.0116167	-0.015506	0.218333	0	1.62623	0	64.9178	0	-0.0640029	-0.0650493	0.00104637	-0.0640029
1200	1166.13	0	3434.2	0.222222	-0.00480136	0.010161	-0.0149623	0.217421	0	2.33926	0	461.874	0	-0.103035	-0.0935705	-0.0094645	-0.103035
1200	1186.78	0	513.269	0.222222	-0.0106356	0.00396515	-0.0146008	0.211587	0	2.44143	0	-84.074	0	-0.121716	-0.0976571	-0.0240588	-0.121716
1200	1175.83	0	18417.1	0.222222	-0.00726912	0.00724959	-0.0145187	0.214953	0	-0.709742	0	-2053.95	0	-0.00702602	0.0283897	-0.0354157	-0.00702602
1200	1160.05	0	5296.88	0.222222	-0.00217199	0.0119852	-0.0141572	0.22005	0	-1.62391	0	291.598	0	0.0374165	0.0649565	-0.02754	0.0374165
1200	1150.34	0	992.109	0.222222	0.00148972	0.0148965	-0.0134068	0.223712	0	-1.14501	0	119.193	0	0.0269248	0.0458004	-0.0188756	0.0269248
1200	1156.41	0	-7832.92	0.222222	0.000395976	0.013077	-0.012681	0.222618	0	-1.52494	0	-399.084	0	0.0489345	0.0609976	-0.012063	0.0489345
1200	1166.14	0	1782.2	0.222222	-0.00188136	0.0101587	-0.01204	0.220341	0	-1.99001	0	-145.799	0	0.0776446	0.0796002	-0.00195558	0.0776446
1200	1190.43	0	958.591	0.222222	-0.00879528	0.00287109	-0.0116664	0.213427	0	-2.29544	0	-173.469	0	0.102198	0.0918175	0.0103803	0.102198
1200	1218.37	0	-152.319	0.222222	-0.0173376	-0.00551052	-0.0118271	0.204885	0	-2.14964	0	109.615	0	0.11003	0.0859856	0.0240444	0.11003
1200	1239.01	0	379.194	0.222222	-0.0240322	-0.0117041	-0.0123281	0.19819	0	-2.1805	0	-41.5051	0	0.12413	0.0872201	0.0369103	0.12413
1200	1268.17	0	-5299.85	0.222222	-0.0337888	-0.0204497	-0.0133392	0.188433	0	-1.33976	0	680.04	0	0.103102	0.0535906	0.0495112	0.103102
1200	1263.31	0	7724.6	0.222222	-0.0336942	-0.0189917	-0.0147025	0.188528	0	0.65353	0	951.417	0	0.028283	-0.0261412	0.0544242	0.028283
1200	1232.94	0	6264.14	0.222222	-0.0256808	-0.0098822	-0.0157986	0.196541	0	1.14733	0	55.3397	0	0.00329442	-0.0458932	0.0491876	0.00329442
1200	1213.51	0	6546.66	0.222222	-0.0203399	-0.00405256	-0.0162874	0.201882	0	1.73265	0	279.891	0	-0.0279188	-0.0693062	0.0413873	-0.0279188
1200	1219.57	0	484.539	0.222222	-0.0224784	-0.00587219	-0.0166062	0.199744	0	1.69115	0	-61.725	0	-0.0367152	-0.067646	0.0309308	-0.0367152
1200	1222.01	0	451.02	0.222222	-0.0236244	-0.00660234	-0.017022	0.198598	0	1.64113	0	20.2205	0	-0.0446507	-0.0656452	0.0209946	-0.0446507
1200	1222.01	0	-90.0699	0.222222	-0.0240646	-0.00660234	-0.0174623	0.198158	0	1.68902	0	-34.0552	0	-0.0566589	-0.0675608	0.010902	-0.0566589
1200	1226.86	0	3520.39	0.222222	-0.0260212	-0.00805803	-0.0179632	0.196201	0	1.27291	0	-394.828	0	-0.0500847	-0.0509164	0.000831684	-0.0500847
1200	1224.43	0	11756.4	0.222222	-0.0257921	-0.00732788	-0.0184642	0.19643	0	0.0362794	0	-481.03	0	-0.00599015	-0.00145118	-0.00453897	-0.00599015
1200	1178.28	0	1892.33	0.222222	-0.0123264	0.00651716	-0.0188435	0.209896	0	-0.109519	0	13.8349	0	0.00010303	0.00438078	-0.00427775	0.00010303
1200	1188	0	585.095	0.222222	-0.0149052	0.00360125	-0.0185064	0.207317	0	0.053307	0	98.9729	0	-0.00594447	-0.00213228	-0.00381219	-0.00594447
1200	1197.71	0	-147.531	0.222222	-0.0175908	0.000687561	-0.0182784	0.204631	0	0.105454	0	9.57803	0	-0.0084779	-0.00421816	-0.00425974	-0.0084779
1200	1218.37	0	-6530.47	0.222222	-0.0237432	-0.00551056	-0.0182327	0.198479	0	0.0628851	0	-38.3121	0	-0.0073951	-0.0025154	-0.00487969	-0.0073951
1200	1245.08	0	-161.896	0.222222	-0.0322696	-0.0135237	-0.0187459	0.189953	0	-0.335135	0	31.9268	0	0.00943824	0.0134054	-0.00396716	0.00943824
1200	1263.31	0	67.9474	0.222222	-0.0387486	-0.0189917	-0.0197569	0.183474	0	0.105454	0	146.863	0	-0.00705569	-0.00421816	-0.00283753	-0.00705569
1200	1262.09	0	-4227.25	0.222222	-0.0390177	-0.0186278	-0.02039	0.183205	0	0.0054169	0	-100.037	0	-0.00337057	-0.000216676	-0.00315389	-0.00337057
1200	1254.81	0	7657.57	0.222222	-0.0382196	-0.016442	-0.0217776	0.184003	0	-0.269153	0	-25.5414	0	0.00832682	0.0107661	-0.00243931	0.00832682
1200	1239.01	0	8107.68	0.222222	-0.0344929	-0.0117041	-0.0227888	0.187729	0	-0.0595008	0	-127.707	0	0.000543566	0.00238003	-0.00183647	0.000543566
1200	1219.57	0	1964.16	0.222222	-0.0293441	-0.00587219	-0.0234719	0.192878	0	-0.394732	0	32.991	0	0.0154145	0.0157893	-0.000374796	0.0154145
1200	1194.07	0	-324.702	0.222222	-0.0220962	0.00177935	-0.0238756	0.200126	0	-0.274474	0	-161.762	0	0.0121265	0.010979	0.00114754	0.0121265
1200	1195.27	0	1877.96	0.222222	-0.0224122	0.00141768	-0.0238299	0.19981	0	-0.875762	0	-267.12	0	0.0388273	0.0350305	0.00379688	0.0388273
1200	1175.84	0	666.498	0.222222	-0.0168164	0.00724731	-0.0240637	0.205406	0	-0.892789	0	46.8259	0	0.0449546	0.0357116	0.00924301	0.0449546
1200	1232.93	0	3620.94	0.222222	-0.0338736	-0.00987993	-0.0239937	0.188349	0	-0.837449	0	-6.38533	0	0.0479126	0.033498	0.0144146	0.0479126
1200	1246.31	0	-142.742	0.222222	-0.0383624	-0.0138922	-0.0244702	0.18386	0	-0.800202	0	21.2846	0	0.0513994	0.0320081	0.0193914	0.0513994
1200	1257.23	0	2155.69	0.222222	-0.0423961	-0.0171698	-0.0252263	0.179826	0	-1.04178	0	-148.992	0	0.0661416	0.0416712	0.0244704	0.0661416
1200	1252.37	0	8289.64	0.222222	-0.0418133	-0.0157095	-0.0261038	0.180409	0	0.414079	0	1118.5	0	0.0131458	-0.0165632	0.029709	0.0131458
1200	1241.43	0	6829.17	0.222222	-0.039253	-0.0124296	-0.0268233	0.182969	0	1.33357	0	143.67	0	-0.0284458	-0.0533428	0.024897	-0.0284458
1200	1226.85	0	-2163.45	0.222222	-0.0353801	-0.00805573	-0.0273243	0.186842	0	1.36337	0	-19.156	0	-0.037786	-0.0545347	0.0167487	-0.037786
1200	1219.59	0	-7248.73	0.222222	-0.0334467	-0.00587677	-0.02757	0.188776	0	1.11328	0	-145.799	0	-0.0356496	-0.044531	0.00888141	-0.0356496
1200	1229.31	0	163.716	0.222222	-0.0365599	-0.00879273	-0.0277672	0.185662	0	1.39742	0	84.0737	0	-0.0542954	-0.0558969	0.00160154	-0.0542954
1200	1205	0	-243.299	0.222222	-0.0299996	-0.00150055	-0.0284991	0.192223	0	1.19522	0	-90.4591	0	-0.0542566	-0.0478088	-0.00644777	-0.0542566
1200	1247.53	0	-4155.42	0.222222	-0.0431977	-0.0142584	-0.0289392	0.179025	0	1.15797	0	-24.4772	0	-0.0598997	-0.0463189	-0.0135808	-0.0598997
1200	1257.23	0	-3810.66	0.222222	-0.0471322	-0.0171698	-0.0299624	0.17509	0	1.15372	0	-20.2203	0	-0.0667251	-0.0461486	-0.0205765	-0.0667251
1200	1263.29	0	3510.81	0.222222	-0.0501552	-0.0189871	-0.0311681	0.172067	0	0.952577	0	-168.148	0	-0.0655029	-0.0381031	-0.0273998	-0.0655029
1200	1247.53	0	10975.9	0.222222	-0.0466075	-0.0142584	-0.0323491	0.175615	0	-1.34508	0	-1240.89	0	0.0238584	0.0538034	-0.029945	0.0238584
1200	1231.74	0	451.02	0.222222	-0.0426864	-0.00952057	-0.0331658	0.179536	0	-1.71756	0	119.193	0	0.0483031	0.0687026	-0.0203994	0.0483031
1200	1230.53	0	642.556	0.222222	-0.0429349	-0.00915894	-0.033776	0.179287	0	-1.48343	0	46.8258	0	0.0486814	0.0593374	-0.010656	0.0486814
1200	1237.79	0	398.347	0.222222	-0.0457971	-0.0113379	-0.0344592	0.176425	0	-1.58879	0	-55.3397	0	0.0619464	0.0635517	-0.00160531	0.0619464
1200	1240.22	0	-506.661	0.222222	-0.0473174	-0.0120657	-0.0352517	0.174905	0	-1.50898	0	56.4041	0	0.0682162	0.060359	0.0078572	0.0682162
1200	1229.29	0	436.655	0.222222	-0.044978	-0.00878815	-0.0361899	0.177244	0	-1.48982	0	-14.8993	0	0.0764017	0.0595928	0.0168089	0.0764017
1200	1262.1	0	-75.7047	0.222222	-0.0556367	-0.0186301	-0.0370066	0.166586	0	-1.47705	0	45.7617	0	0.0849287	0.0590819	0.0258468	0.0849287
1200	1277.88	0	4569.05	0.222222	-0.0614905	-0.0233633	-0.0381272	0.160732	0	-1.60901	0	-58.5324	0	0.0992899	0.0643605	0.0349294	0.0992899
1200	1265.75	0	6656.79	0.222222	-0.0591294	-0.0197241	-0.0394053	0.163093	0	-0.215942	0	948.225	0	0.0518866	0.00863768	0.0432489	0.0518866
1200	1258.44	0	1614.6	0.222222	-0.0579481	-0.0175314	-0.0404166	0.164274	0	1.01962	0	304.368	0	0.000966027	-0.0407849	0.041751	0.000966027
1200	1256.03	0	-1531.38	0.222222	-0.0581023	-0.0168082	-0.0412941	0.16412	0	1.09518	0	47.8901	0	-0.00825712	-0.0438073	0.0355502	-0.00825712
1200	1259.67	0	-664.678	0.222222	-0.0601101	-0.0179022	-0.0422079	0.162112	0	1.28568	0	29.7983	0	-0.0229302	-0.0514272	0.028497	-0.0229302
1200	1257.23	0	-2369.35	0.222222	-0.0603525	-0.0171698	-0.0431827	0.16187	0	1.2048	0	-39.3763	0	-0.0272845	-0.048192	0.0209075	-0.0272845
1200	1263.31	0	-3279.15	0.222222	-0.0630882	-0.0189917	-0.0440965	0.159134	0	1.19628	0	-7.44963	0	-0.0341695	-0.0478514	0.0136819	-0.0341695
1200	1254.81	0	3295.33	0.222222	-0.0616103	-0.0164419	-0.0451684	0.160612	0	0.600319	0	-389.506	0	-0.0168892	-0.0240128	0.00712353	-0.0168892
1200	1259.66	0	-3197.74	0.222222	-0.0639071	-0.0178976	-0.0460095	0.158315	0	0.521566	0	27.6698	0	-0.0170218	-0.0208626	0.00384088	-0.0170218
1200	1239.01	0	1715.16	0.222222	-0.0586396	-0.0117041	-0.0469355	0.163583	0	0.289565	0	-67.0462	0	-0.0103763	-0.0115826	0.00120635	-0.0103763
1200	1231.74	0	364.828	0.222222	-0.0572121	-0.00952057	-0.0476915	0.16501	0	-0.47987	0	-433.14	0	0.0196726	0.0191948	0.000477846	0.0196726
1200	1225.66	0	-449.2	0.222222	-0.055964	-0.00769867	-0.0482654	0.166258	0	-0.656531	0	53.2113	0	0.0303079	0.0262612	0.00404668	0.0303079
1200	1228.07	0	2112.6	0.222222	-0.0571641	-0.00842194	-0.0487421	0.165058	0	-0.243612	0	220.295	0	0.0171525	0.00974447	0.00740799	0.0171525
1200	1231.74	0	398.347	0.222222	-0.0588729	-0.00952057	-0.0493523	0.163349	0	-0.0903634	0	20.2203	0	0.0120851	0.00361453	0.00847058	0.0120851
1200	1234.15	0	154.139	0.222222	-0.0602307	-0.0102438	-0.0499868	0.161992	0	-0.143575	0	-40.4406	0	0.0147941	0.00574298	0.00905107	0.0147941
1200	1235.37	0	2428.63	0.222222	-0.0613285	-0.01061	-0.0507184	0.160894	0	-0.169116	0	-18.0918	0	0.0166995	0.00676464	0.00993487	0.0166995
1200	1226.87	0	1308.14	0.222222	-0.059462	-0.0080603	-0.0514017	0.16276	0	-0.0616293	0	135.157	0	0.0134977	0.00246517	0.0110326	0.0134977
1200	1239.03	0	-2268.79	0.222222	-0.0637934	-0.0117087	-0.0520848	0.158429	0	0.161858	0	143.67	0	0.00468858	-0.00647432	0.0111629	0.00468858
1200	1220.79	0	2711.15	0.222222	-0.0590305	-0.0062384	-0.0527921	0.163192	0	-0.249997	0	-269.249	0	0.0206195	0.00999989	0.0106196	0.0206195
1200	1236.59	0	2208.36	0.222222	-0.0643301	-0.0109763	-0.0533539	0.157892	0	-0.00203267	0	315.011	0	0.012402	8.13069e-05	0.0123207	0.012402
1200	1243.88	0	-655.102	0.222222	-0.067262	-0.0131644	-0.0540977	0.15496	0	0.552429	0	316.075	0	-0.0104794	-0.0220971	0.0116177	-0.0104794
1200	1246.32	0	-477.931	0.222222	-0.0688719	-0.0138968	-0.0549752	0.15335	0	0.877017	0	98.9729	0	-0.0274544	-0.0350807	0.00762631	-0.0274544
1200	1241.46	0	-650.313	0.222222	-0.0683136	-0.0124365	-0.055877	0.153909	0	0.815292	0	-131.964	0	-0.0304582	-0.0326117	0.00215349	-0.0304582
1200	1239.01	0	2122.17	0.222222	-0.0684344	-0.0117041	-0.0567303	0.153788	0	0.448135	0	-196.882	0	-0.0201528	-0.0179254	-0.00222744	-0.0201528
1200	1228.07	0	1279.41	0.222222	-0.0658839	-0.00842194	-0.057462	0.156338	0	0.100133	0	-129.835	0	-0.00826706	-0.00400532	-0.00426175	-0.00826706
1200	1206.21	0	-90.0699	0.222222	-0.059971	-0.00186218	-0.0581088	0.162251	0	0.136317	0	21.2845	0	-0.0103599	-0.00545266	-0.00490724	-0.0103599
1200	1222.02	0	-5879.25	0.222222	-0.0649592	-0.00660461	-0.0583545	0.157263	0	-0.105263	0	-180.918	0	-0.00133266	0.0042105	-0.00554316	-0.00133266
1200	1207.44	0	2519.61	0.222222	-0.0610155	-0.00223297	-0.0587825	0.161207	0	-0.582035	0	-327.781	0	0.0188168	0.0232814	-0.00446461	0.0188168
1200	1234.15	0	374.405	0.222222	-0.0692722	-0.0102438	-0.0590284	0.15295	0	-0.828936	0	61.725	0	0.0331109	0.0331574	-4.65195e-05	0.0331109
1200	1235.35	0	307.368	0.222222	-0.0701105	-0.0106055	-0.059505	0.152112	0	-0.599063	0	14.8991	0	0.0282447	0.0239625	0.00428217	0.0282447
1200	1229.28	0	-1962.34	0.222222	-0.0686924	-0.00878357	-0.0599089	0.15353	0	-1.03752	0	-200.074	0	0.0500927	0.041501	0.00859171	0.0500927
1200	1228.09	0	6963.25	0.222222	-0.0687026	-0.00842651	-0.0602761	0.15352	0	-0.445815	0	454.424	0	0.0322376	0.0178326	0.014405	0.0322376
1200	1225.66	0	-1531.38	0.222222	-0.0682813	-0.00769867	-0.0605826	0.153941	0	-0.109519	0	102.166	0	0.0207583	0.00438078	0.0163775	0.0207583
1200	1219.57	0	-942.406	0.222222	-0.066725	-0.00587219	-0.0608528	0.155497	0	-0.031831	0	39.3763	0	0.0181929	0.00127324	0.0169197	0.0181929
1200	1218.37	0	1145.34	0.222222	-0.0665848	-0.00551056	-0.0610743	0.155637	0	0.267216	0	203.267	0	0.00613467	-0.0106887	0.0168233	0.00613467
1200	1228.1	0	-195.415	0.222222	-0.0697026	-0.00843109	-0.0612715	0.15252	0	0.523695	0	86.2022	0	-0.00623858	-0.0209478	0.0147092	-0.00623858
1200	1205	0	1097.45	0.222222	-0.0633823	-0.00150055	-0.0618818	0.15884	0	0.376831	0	-145.799	0	-0.00350304	-0.0150733	0.0115702	-0.00350304
1200	1240.23	0	-1651.09	0.222222	-0.0742465	-0.0120703	-0.0621762	0.147976	0	0.318299	0	-9.57802	0	-0.00327587	-0.012732	0.0094561	-0.00327587
1200	1251.14	0	-2445.96	0.222222	-0.0781421	-0.0153433	-0.0627987	0.14408	0	0.162922	0	-119.193	0	0.00113796	-0.00651689	0.00765485	0.00113796
1200	1249.95	0	1217.16	0.222222	-0.0785166	-0.0149863	-0.0635303	0.143706	0	0.0192518	0	20.2203	0	0.00639892	-0.000770073	0.00716899	0.00639892
1200	1247.51	0	39.217	0.222222	-0.078528	-0.0142538	-0.0642741	0.143694	0	0.0841696	0	18.0918	0	0.00354622	-0.00336678	0.006913	0.00354622
1200	1241.44	0	-458.777	0.222222	-0.0774015	-0.0124319	-0.0649696	0.144821	0	0.0522428	0	-15.9634	0	0.00436616	-0.00208971	0.00645587	0.00436616
1200	1241.47	0	245.118	0.222222	-0.0780208	-0.0124411	-0.0655797	0.144201	0	-0.126547	0	-123.45	0	0.0113703	0.00506188	0.00630844	0.0113703
1200	1235.37	0	1212.38	0.222222	-0.0768123	-0.01061	-0.0662022	0.14541	0	-0.128675	0	87.2665	0	0.0124829	0.00514702	0.0073359	0.0124829
1200	1237.79	0	1207.59	0.222222	-0.0780775	-0.0113379	-0.0667396	0.144145	0	-0.42453	0	-214.973	0	0.0253318	0.0169812	0.0083506	0.0253318
1200	1249.95	0	-564.122	0.222222	-0.0822145	-0.0149863	-0.0672283	0.140008	0	-0.509668	0	5.32114	0	0.0315559	0.0203867	0.0111692	0.0315559
1200	1217.13	0	470.173	0.222222	-0.0730876	-0.00513977	-0.0679478	0.149135	0	-0.490512	0	3.19266	0	0.0337998	0.0196205	0.0141793	0.0337998
1200	1232.93	0	-27.8206	0.222222	-0.0783022	-0.00987762	-0.0684246	0.14392	0	-0.442622	0	34.0552	0	0.0347857	0.0177049	0.0170808	0.0347857
1200	1217.16	0	719.17	0.222222	-0.0743053	-0.00514893	-0.0691563	0.147917	0	-0.151024	0	221.359	0	0.0255668	0.00604097	0.0195259	0.0255668
1200	1224.41	0	-645.525	0.222222	-0.0769079	-0.0073233	-0.0695846	0.145314	0	0.0288299	0	-45.7617	0	0.018602	-0.00115319	0.0197552	0.018602
1200	1219.6	0	1676.85	0.222222	-0.0759421	-0.00588135	-0.0700608	0.14628	0	0.622668	0	400.149	0	-0.00590559	-0.0249067	0.0190011	-0.00590559
1200	1217.15	0	-315.125	0.222222	-0.0755849	-0.00514435	-0.0704405	0.146637	0	0.787622	0	-14.8992	0	-0.0167794	-0.0315049	0.0147255	-0.0167794
1200	1213.49	0	125.408	0.222222	-0.0748535	-0.00404572	-0.0708077	0.147369	0	0.697163	0	-43.6333	0	-0.0177462	-0.0278865	0.0101403	-0.0177462
1200	1226.88	0	1830.08	0.222222	-0.0791913	-0.00806488	-0.0711264	0.143031	0	0.6812	0	-10.6422	0	-0.0212747	-0.027248	0.00597327	-0.0212747
1200	1215.96	0	-1411.67	0.222222	-0.0764753	-0.00478729	-0.071688	0.145747	0	0.779109	0	54.2755	0	-0.0294092	-0.0311643	0.00175517	-0.0294092
1200	1240.23	0	2146.11	0.222222	-0.0841985	-0.0120703	-0.0721282	0.138024	0	-0.00841802	0	-609.801	0	-0.00204958	0.000336721	-0.0023863	-0.00204958
1200	1241.49	0	-1359	0.222222	-0.0851354	-0.0124457	-0.0726897	0.137087	0	-0.0531155	0	128.771	0	0.000309229	0.00212462	-0.00181539	0.000309229
1200	1235.38	0	-166.684	0.222222	-0.0838661	-0.0106146	-0.0732514	0.138356	0	-0.0552439	0	-43.6332	0	0.000588546	0.00220976	-0.00162121	0.000588546
1200	1229.29	0	-937.617	0.222222	-0.0825164	-0.00878815	-0.0737282	0.139706	0	-0.21807	0	-94.716	0	0.0076374	0.00872282	-0.00108542	0.0076374
1200	1228.1	0	-4356.54	0.222222	-0.0825265	-0.00843109	-0.0740955	0.139696	0	-0.0690789	0	77.6885	0	0.00277225	0.00276315	9.09654e-06	0.00277225
1200	1229.29	0	-252.876	0.222222	-0.0832145	-0.00878815	-0.0744264	0.139008	0	-0.252126	0	-103.23	0	0.010748	0.010085	0.00066302	0.010748
1199.88	1232.93	-239.453	527.634	0.216879	-0.0847437	-0.00991348	-0.0748302	0.132135	0	-0.246804	0	39.3763	0	0.0121501	0.00987218	0.00227794	0.0121501
1198.92	1246.32	-719.447	843.669	0.206035	-0.0895658	-0.0142203	-0.0753455	0.116469	0	-0.12229	0	59.5966	0	0.00845562	0.0048916	0.00356401	0.00845562
1197	1253.6	-1199.44	987.321	0.195013	-0.0929933	-0.0169795	-0.0760138	0.10202	0	0.0373437	0	67.0462	0	0.00252624	-0.00149375	0.00401999	0.00252624
1194.12	1226.84	-1679.43	700.017	0.183813	-0.0866319	-0.00981398	-0.0768179	0.0971814	0	-0.0775927	0	-83.0096	0	0.00699542	0.00310371	0.00389171	0.00699542
1190.29	1222.03	-2159.43	-2354.98	0.172436	-0.0869597	-0.00952365	-0.077436	0.0854762	0	-0.303208	0	-39.3763	0	0.0170443	0.0121283	0.00491598	0.0170443
1185.49	1206.21	-2639.42	-889.733	0.160881	-0.0841776	-0.00621628	-0.0779614	0.076703	0	-0.202107	0	7.44958	0	0.0145386	0.00808428	0.00645428	0.0145386
1179.73	1195.28	-3119.42	-980.713	0.149148	-0.0829815	-0.00466633	-0.0783152	0.0661662	0	0.171436	0	230.937	0	0.00038166	-0.00685744	0.0072391	0.00038166
1173.01	1166.14	-3599.41	-2867.34	0.137237	-0.0766136	0.00206133	-0.078675	0.0606233	0	0.464098	0	159.634	0	-0.0127525	-0.0185639	0.0058114	-0.0127525
1165.33	1172.2	-4079.4	1940.21	0.125148	-0.080682	-0.00205961	-0.0786224	0.0444665	0	1.34528	0	426.754	0	-0.0521475	-0.0538111	0.00166354	-0.0521475
1156.69	1150.38	-4559.4	-4514.55	0.112882	-0.0768043	0.00189481	-0.0786991	0.0360779	0	1.49533	0	-92.5876	0	-0.0669493	-0.0598133	-0.00713605	-0.0669493
1147.09	1151.57	-5039.39	-6061.21	0.100438	-0.0799262	-0.00134183	-0.0785844	0.0205119	0	-0.158474	0	-983.344	0	-0.00775771	0.00633895	-0.0140967	-0.00775771
1136.53	1133.32	-5519.39	-2541.73	0.0878163	-0.077684	0.000965442	-0.0786494	0.0101323	0	0.0352152	0	416.112	0	-0.0138872	-0.00140861	-0.0124785	-0.0138872
1125.02	1132.13	-5999.38	-1833.05	0.0750167	-0.0807305	-0.00213311	-0.0785974	-0.00571387	0	0.107583	0	-80.8811	0	-0.0174529	-0.0043033	-0.0131496	-0.0174529
1112.54	1111.48	-6479.37	-6994.95	0.0620393	-0.0780704	0.000316882	-0.0783873	-0.0160311	0	-1.20886	0	-826.903	0	0.0360281	0.0483546	-0.0123264	0.0360281
1099.1	1077.44	-6959.37	-1469.13	0.0488841	-0.0714673	0.00649801	-0.0779653	-0.0225832	0	-1.53665	0	145.799	0	0.0578133	0.0614658	-0.00365252	0.0578133
1084.7	1065.32	-7439.36	-12750.6	0.0355512	-0.0716461	0.00581309	-0.0774592	-0.0360949	0	0.90788	0	1364.34	0	-0.0339884	-0.0363152	0.00232679	-0.0339884
1069.34	1067.75	-7919.35	-6812.99	0.0220405	-0.0765332	0.000477686	-0.0770109	-0.0544927	0	0.20017	0	-860.958	0	-0.011587	-0.0080068	-0.00358024	-0.011587
1053.02	1030.08	-8399.35	-238.51	0.00835204	-0.0699562	0.00688433	-0.0768405	-0.0616041	0	-1.17694	0	-361.836	0	0.045342	0.0470775	-0.00173545	0.045342
1035.74	992.416	-8879.34	307.368	-0.00551419	-0.063335	0.0129984	-0.0763334	-0.0688492	0	-0.899175	0	156.441	0	0.0409292	0.035967	0.00496221	0.0409292
1017.77	962.082	-9000	-3485.05	-0.0115232	-0.0586786	0.0167079	-0.0753865	-0.0702018	0	-0.101006	0	599.159	0	0.0138005	0.00404022	0.00976023	0.0138005
999.775	918.32	-9000	-7057.2	-0.0148565	-0.0494106	0.0244367	-0.0738473	-0.0642671	0	1.92954	0	1047.2	0	-0.0697652	-0.0771814	0.00741623	-0.0697652
981.775	874.573	-9000	-10136.1	-0.0181897	-0.0398803	0.0321608	-0.0720411	-0.05807	0	1.46447	0	-788.591	0	-0.0637103	-0.0585788	-0.00513156	-0.0637103
963.776	869.705	-9000	-18022.6	-0.021523	-0.0416693	0.0282212	-0.0698905	-0.0631924	0	-1.46428	0	-1081.25	0	0.0501952	0.0585711	-0.00837589	0.0501952
945.776	876.999	-9000	-13205.5	-0.0248563	-0.0474303	0.0206331	-0.0680634	-0.0722866	0	1.06113	0	1481.4	0	-0.0451674	-0.0424451	-0.00272224	-0.0451674
927.776	858.78	-9000	-1344.63	-0.0281896	-0.0459946	0.0206989	-0.0666934	-0.0741842	0	0.387474	0	-758.793	0	-0.0248434	-0.015499	-0.00934442	-0.0248434
909.776	834.503	-9000	-961.559	-0.0315229	-0.0427128	0.0225819	-0.0652947	-0.0742358	0	-0.370255	0	-148.992	0	0.00496713	0.0148102	-0.00984306	0.00496713
891.776	804.123	-9000	168.504	-0.0348562	-0.0374253	0.026296	-0.0637213	-0.0722816	0	-0.235098	0	73.4315	0	0.00159722	0.00940392	-0.0078067	0.00159722
873.776	743.423	-9000	1111.82	-0.0381895	-0.0226927	0.0391059	-0.0617986	-0.0608822	0	-0.372383	0	-57.4682	0	0.00873866	0.0148953	-0.00615667	0.00873866
855.777	693.603	-9000	-1603.21	-0.0415228	-0.0100897	0.048652	-0.0587417	-0.0516125	0	-0.267025	0	74.4958	0	0.00666604	0.010681	-0.00401495	0.00666604
837.777	662.033	-9000	-20938.8	-0.0448561	-0.00262212	0.0527232	-0.0553453	-0.0474782	0	1.27717	0	1014.21	0	-0.0550894	-0.0510866	-0.00400276	-0.0550894
819.777	685.135	-9000	-19478.3	-0.0481894	-0.0116368	0.0403927	-0.0520295	-0.0598262	0	1.09944	0	-533.177	0	-0.0567097	-0.0439776	-0.0127321	-0.0567097
801.777	709.427	-9000	-5477.02	-0.0515227	-0.0217159	0.0277052	-0.0494211	-0.0732386	0	1.5975	0	520.406	0	-0.0831616	-0.0638999	-0.0192617	-0.0831616
783.778	702.118	-9000	-592.852	-0.054856	-0.0231171	0.0244979	-0.0476151	-0.0779731	0	1.22289	0	-433.14	0	-0.0779379	-0.0489156	-0.0290223	-0.0779379
765.778	679.031	-9000	-621.583	-0.0581893	-0.0199383	0.026024	-0.0459623	-0.0781276	0	1.02069	0	32.9909	0	-0.0764816	-0.0408275	-0.0356541	-0.0764816
747.778	642.609	-9000	767.054	-0.0615226	-0.0125965	0.0315509	-0.0441474	-0.0741191	0	1.35698	0	177.726	0	-0.0965332	-0.0542793	-0.0422539	-0.0965332
729.778	596.42	-9000	-6674.12	-0.0648559	-0.00189525	0.0400074	-0.0419027	-0.0667511	0	2.29244	0	500.186	0	-0.143399	-0.0916975	-0.0517016	-0.143399
711.779	570.908	-9000	-12530.3	-0.0681892	0.00323195	0.0422613	-0.0390294	-0.0649572	0	1.75181	0	-542.755	0	-0.135535	-0.0700724	-0.0654626	-0.135535
693.779	549.042	-9000	-9341.27	-0.0715224	0.00726492	0.0434211	-0.0361562	-0.0642575	0	1.25801	0	171.34	0	-0.124298	-0.0503204	-0.073978	-0.124298
675.779	529.633	-9000	-4241.62	-0.0748557	0.0106017	0.043844	-0.0332422	-0.064254	0	1.83376	0	166.019	0	-0.156106	-0.0733502	-0.0827553	-0.156106
657.779	512.604	-9000	-9499.28	-0.078189	0.0132285	0.0435527	-0.0303241	-0.0649605	0	0.22039	0	-1056.78	0	-0.100904	-0.00881562	-0.092088	-0.100904
639.78	502.899	-9000	-3240.84	-0.0815223	0.013602	0.0410641	-0.0274621	-0.0679203	0	-0.636311	0	-113.872	0	-0.0657295	0.0254524	-0.0911819	-0.0657295
621.78	482.239	-9000	-4078.81	-0.0848556	0.0171812	0.0418623	-0.0246811	-0.0676744	0	0.151216	0	293.726	0	-0.0948941	-0.00604863	-0.0888454	-0.0948941
603.78	460.388	-9000	-5563.21	-0.0881889	0.0211709	0.0430175	-0.0218467	-0.067018	0	-0.635247	0	-584.26	0	-0.0637362	0.0254099	-0.0891461	-0.0637362
585.78	443.359	-9000	-5213.66	-0.0915222	0.0237304	0.0427263	-0.0189959	-0.0677918	0	-1.39085	0	-237.322	0	-0.0281459	0.0556339	-0.0837798	-0.0281459
567.78	431.213	-9000	-7583.92	-0.0948555	0.024956	0.0409701	-0.0160141	-0.0698994	0	-0.976863	0	161.762	0	-0.0371169	0.0390745	-0.0761914	-0.0371169
549.781	415.436	-9000	-6880.03	-0.0981888	0.0270034	0.0403035	-0.0133001	-0.0711854	0	-1.63881	0	-470.387	0	-0.00420309	0.0655524	-0.0697555	-0.00420309
531.781	411.804	-9000	-8436.26	-0.101522	0.0253145	0.035993	-0.0106785	-0.0762075	0	-1.21631	0	479.965	0	-0.0110977	0.0486525	-0.0597503	-0.0110977
513.781	409.363	-9000	-6094.73	-0.104855	0.0229568	0.0313255	-0.00836867	-0.0818985	0	-0.447943	0	201.139	0	-0.0362363	0.0179177	-0.0541541	-0.0362363
495.781	402.069	-9000	-4313.44	-0.108189	0.0217916	0.0281137	-0.00632208	-0.086397	0	-0.986441	0	-301.176	0	-0.0112968	0.0394576	-0.0507544	-0.0112968
477.782	389.954	-9000	-3968.68	-0.111522	0.0218957	0.0263484	-0.00445269	-0.0896262	0	-0.952386	0	139.414	0	-0.00642429	0.0380954	-0.0445197	-0.00642429
459.782	361.999	-9000	-3298.3	-0.114855	0.0266706	0.0293347	-0.00266406	-0.0881846	0	-0.569265	0	196.882	0	-0.0165935	0.0227706	-0.0393641	-0.0165935
441.782	332.825	-9000	-3599.97	-0.118189	0.0320469	0.0326872	-0.000640328	-0.0861416	0	-0.884275	0	-326.717	0	-0.000612639	0.035371	-0.0359837	-0.000612639
423.782	304.901	-9000	-7143.39	-0.121522	0.0372587	0.0356643	0.00159439	-0.0842631	0	-1.22376	0	34.0551	0	0.0193932	0.0489505	-0.0295574	0.0193932
405.783	301.3	-9000	-18745.7	-0.124855	0.0352756	0.0313447	0.00393084	-0.0895795	0	0.758888	0	1152.56	0	-0.0550606	-0.0303555	-0.0247051	-0.0550606
387.783	312.164	-9000	-5726.02	-0.128188	0.0284952	0.0226855	0.00580964	-0.0996932	0	0.115032	0	-708.774	0	-0.0340544	-0.00460128	-0.0294532	-0.0340544
369.783	309.753	-9000	-1837.84	-0.131522	0.0252165	0.0180089	0.0072076	-0.106305	0	-0.339392	0	-42.569	0	-0.0153321	0.0135757	-0.0289078	-0.0153321
351.783	283.051	-9000	230.753	-0.134855	0.0290595	0.0206198	0.00843965	-0.105795	0	0.279987	0	340.552	0	-0.0389074	-0.0111995	-0.0277079	-0.0389074
333.783	245.331	-9000	-2781.15	-0.138188	0.0364182	0.0265358	0.00988239	-0.10177	0	0.580099	0	46.8259	0	-0.0533516	-0.0232039	-0.0301477	-0.0533516
315.784	219.849	-9000	-8450.62	-0.141522	0.0405235	0.0287805	0.011743	-0.100998	0	0.0980045	0	-207.524	0	-0.0367248	-0.00392018	-0.0328046	-0.0367248
297.784	213.837	-9000	-13914.2	-0.144855	0.0389307	0.0251842	0.0137466	-0.105924	0	0.765274	0	469.323	0	-0.0645974	-0.0306109	-0.0339864	-0.0645974
279.784	213.806	-9000	-7962.21	-0.148188	0.0352198	0.0197934	0.0154264	-0.112968	0	0.937678	0	-98.973	0	-0.0768993	-0.0375071	-0.0393922	-0.0768993
261.784	200.47	-9000	-4404.42	-0.151521	0.0352014	0.0183943	0.016807	-0.11632	0	0.679071	0	35.1194	0	-0.0713	-0.0271629	-0.0441371	-0.0713
243.785	181.03	-9000	-4361.33	-0.154855	0.0369335	0.0188263	0.0181072	-0.117921	0	1.15052	0	122.386	0	-0.0952797	-0.0460209	-0.0492587	-0.0952797
225.785	161.56	-9000	-7598.29	-0.158188	0.0387396	0.0192674	0.0194721	-0.119448	0	0.663108	0	-318.203	0	-0.0821786	-0.0265243	-0.0556542	-0.0821786
207.785	155.457	-9000	-6664.55	-0.161521	0.0364552	0.0156986	0.0207566	-0.125066	0	0.901495	0	237.322	0	-0.0956959	-0.0360598	-0.0596361	-0.0956959
189.785	140.93	-9000	-4212.89	-0.164855	0.0365201	0.0146565	0.0218636	-0.128334	0	1.14201	0	58.5324	0	-0.111271	-0.0456804	-0.065591	-0.111271
171.786	122.681	-9000	-3015.78	-0.168188	0.0376936	0.0147315	0.0229622	-0.130494	0	0.982376	0	23.413	0	-0.111189	-0.039295	-0.0718939	-0.111189
154.118	99.6094	-8600.96	-5414.77	-0.162592	0.0404182	0.0163525	0.0240657	-0.122174	0	1.25695	0	69.1745	0	-0.128682	-0.0502778	-0.0784044	-0.128682
137.396	76.5381	-8120.96	-5793.06	-0.155022	0.0435106	0.0182574	0.0252532	-0.111512	0	1.29526	0	8.51369	0	-0.137846	-0.0518103	-0.0860354	-0.137846
121.634	57.1289	-7640.97	-5797.85	-0.147274	0.0459074	0.0193516	0.0265558	-0.101367	0	1.56131	0	213.909	0	-0.156416	-0.0624526	-0.0939634	-0.156416
106.832	44.9829	-7160.98	-4682.15	-0.139349	0.046438	0.0185549	0.0278832	-0.092911	0	1.39955	0	-222.423	0	-0.159495	-0.0559821	-0.103513	-0.159495
92.9907	31.5857	-6680.98	-6353.3	-0.131246	0.0476271	0.0184215	0.0292056	-0.0836187	0	0.73654	0	-337.359	0	-0.140395	-0.0294616	-0.110934	-0.140395
80.1089	27.9541	-6200.99	-4198.52	-0.122965	0.0460927	0.0156464	0.0304462	-0.0768721	0	-0.105263	0	-393.763	0	-0.109798	0.0042105	-0.114009	-0.109798
68.187	31.5857	-5720.99	-7679.69	-0.114506	0.0424575	0.0109804	0.0314771	-0.0720484	0	-0.156345	0	-25.5414	0	-0.107047	0.00625381	-0.113301	-0.107047
57.2252	44.9524	-5241	-7808.98	-0.105869	0.0358425	0.00368184	0.0321606	-0.0700269	0	-1.4132	0	-763.05	0	-0.0543533	0.0565278	-0.110881	-0.0543533
47.2233	74.1424	-4761.01	-5366.89	-0.0970551	0.0241851	-0.00807574	0.0322608	-0.07287	0	-2.34546	0	-302.24	0	-0.00669359	0.0938183	-0.100512	-0.00669359
38.1814	94.7113	-4281.01	-3125.92	-0.088063	0.0146789	-0.016959	0.0316379	-0.0733841	0	-2.57426	0	-58.532	0	0.0170423	0.102971	-0.0859283	0.0170423
30.0995	110.565	-3801.02	-2718.9	-0.0788931	0.00628199	-0.0241397	0.0304217	-0.0726111	0	-2.74241	0	-98.973	0	0.0394213	0.109696	-0.0702752	0.0394213
22.9775	121.46	-3321.03	-4811.44	-0.0695455	-0.000780409	-0.0295447	0.0287643	-0.0703259	0	-2.87651	0	-31.9269	0	0.061546	0.11506	-0.0535142	0.061546
16.8155	137.253	-2841.03	-7861.65	-0.06002	-0.00939739	-0.0361312	0.0267338	-0.0694174	0	-2.45933	0	230.937	0	0.0615593	0.0983731	-0.0368139	0.0615593
11.6135	151.84	-2361.04	-6975.79	-0.0503169	-0.0178282	-0.042068	0.0242397	-0.0681451	0	-2.28373	0	70.2388	0	0.0689753	0.0913493	-0.022374	0.0689753
7.37151	167.587	-1881.04	-5323.79	-0.0404359	-0.0267028	-0.0480647	0.021362	-0.0671386	0	-1.89742	0	255.414	0	0.0668324	0.0758967	-0.0090643	0.0668324
4.08946	178.574	-1401.05	-2728.48	-0.0303771	-0.0342423	-0.0523452	0.018103	-0.0646194	0	-1.44938	0	188.368	0	0.0595164	0.0579752	0.0015412	0.0595164
1.76738	178.574	-921.056	-4964.66	-0.0201406	-0.0384411	-0.0530419	0.0146008	-0.0585817	0	-1.03114	0	233.065	0	0.0509275	0.0412455	0.00968194	0.0509275
0.405284	177.353	-441.062	-4763.55	-0.00972634	-0.0420273	-0.0530843	0.011057	-0.0517537	0	-0.785302	0	38.3121	0	0.0466583	0.0314121	0.0152462	0.0466583
0	183.411	0	-5912.77	0	-0.0475449	-0.0550232	0.00747832	-0.0475449	0	-0.456457	0	285.212	0	0.0380854	0.0182583	0.0198271	0.0380854
0	190.704	0	-5199.3	0	-0.0534381	-0.0572113	0.00377318	-0.0534381	0	0.253381	0	290.533	0	0.0111727	-0.0101353	0.0213079	0.0111727
0	198.029	0	-4021.35	0	-0.0594734	-0.0594086	-6.48608e-05	-0.0594734	0	0.138445	0	-97.9087	0	0.0143009	-0.0055378	0.0198387	0.0143009
0	198.029	0	-4145.85	0	-0.0634215	-0.0594086	-0.00401292	-0.0634215	0	0.242739	0	106.423	0	0.00930489	-0.00970956	0.0190145	0.00930489
0	199.203	0	-3312.67	0	-0.0677585	-0.0597611	-0.00799745	-0.0677585	0	0.493896	0	98.9729	0	-0.00265438	-0.0197559	0.0171015	-0.00265438
0	193.13	0	-3025.36	0	-0.0699086	-0.0579391	-0.0119695	-0.0699086	0	0.4343	0	-45.7617	0	-0.00319239	-0.017372	0.0141796	-0.00319239
0	188.293	0	-3341.4	0	-0.072284	-0.056488	-0.0157959	-0.072284	0	0.735475	0	205.395	0	-0.0181326	-0.029419	0.0112865	-0.0181326
0	176.147	0	-3346.18	0	-0.0723328	-0.0528442	-0.0194885	-0.0723328	0	0.956834	0	60.6608	0	-0.0318819	-0.0382734	0.00639151	-0.0318819
0	163.971	0	-4006.98	0	-0.0721298	-0.0491913	-0.0229385	-0.0721298	0	1.05581	0	70.2389	0	-0.041668	-0.0422323	0.000564306	-0.041668
0	153.076	0	-2733.27	0	-0.0720801	-0.0459229	-0.0261572	-0.0720801	0	1.10476	0	11.7066	0	-0.0500727	-0.0441905	-0.00588228	-0.0500727
0	139.679	0	-3116.34	0	-0.0710251	-0.0419037	-0.0291214	-0.0710251	0	1.03452	0	22.3489	0	-0.053614	-0.0413809	-0.0122331	-0.053614
0	128.723	0	-3307.88	0	-0.0704718	-0.0386169	-0.0318549	-0.0704718	0	0.952577	0	-93.6518	0	-0.0565784	-0.0381031	-0.0184753	-0.0565784
0	119.049	0	-3877.7	0	-0.0700958	-0.0357147	-0.0343811	-0.0700958	0	0.840834	0	0	0	-0.0574889	-0.0336333	-0.0238556	-0.0574889
0	111.725	0	-2393.29	0	-0.0702551	-0.0335175	-0.0367377	-0.0702551	0	0.90788	0	-3.19278	0	-0.0654265	-0.0363152	-0.0291113	-0.0654265
0	102.02	0	-1416.46	0	-0.0695425	-0.0306061	-0.0389365	-0.0695425	0	0.703549	0	-104.294	0	-0.0624004	-0.0281419	-0.0342585	-0.0624004
0	92.3462	0	-3092.4	0	-0.06862	-0.0277039	-0.0409161	-0.06862	0	0.774852	0	92.5876	0	-0.06941	-0.0309941	-0.0384159	-0.06941
0	82.6111	0	-2852.98	0	-0.067485	-0.0247833	-0.0427017	-0.067485	0	0.850412	0	-12.7708	0	-0.0773465	-0.0340165	-0.04333	-0.0773465
0	76.5076	0	-2972.69	0	-0.0672577	-0.0229523	-0.0443054	-0.0672577	0	0.508795	0	-245.836	0	-0.068497	-0.0203518	-0.0481451	-0.068497
0	69.2139	0	-3494.62	0	-0.0665393	-0.0207642	-0.0457752	-0.0665393	0	-0.0467301	0	-212.845	0	-0.0483007	0.00186921	-0.0501699	-0.0483007
0	66.8335	0	-3504.2	0	-0.0671976	-0.02005	-0.0471475	-0.0671976	0	0.115032	0	114.936	0	-0.0546312	-0.00460128	-0.05003	-0.0546312
0	64.3921	0	-2460.33	0	-0.0677774	-0.0193176	-0.0484598	-0.0677774	0	0.136317	0	-13.8349	0	-0.0562782	-0.00545266	-0.0508255	-0.0562782
0	61.9507	0	-1162.67	0	-0.0683325	-0.0185852	-0.0497473	-0.0683325	0	-0.00628957	0	-83.0096	0	-0.051213	0.000251583	-0.0514646	-0.051213
0	60.6995	0	-2714.11	0	-0.0691843	-0.0182098	-0.0509744	-0.0691843	0	-0.10207	0	-31.9268	0	-0.0471525	0.00408279	-0.0512353	-0.0471525
0	60.73	0	-4160.21	0	-0.0704077	-0.018219	-0.0521887	-0.0704077	0	-0.190401	0	-44.6975	0	-0.042876	0.00761602	-0.050492	-0.042876
0	61.9812	0	-3427.59	0	-0.0719736	-0.0185944	-0.0533792	-0.0719736	0	-0.238291	0	-50.0186	0	-0.0398244	0.00953163	-0.049356	-0.0398244
0	60.7605	0	-2671.02	0	-0.0728464	-0.0182282	-0.0546182	-0.0728464	0	-0.473484	0	-102.166	0	-0.0285878	0.0189394	-0.0475271	-0.0285878
0	58.2886	0	-2278.37	0	-0.0733197	-0.0174866	-0.0558331	-0.0733197	0	-0.544788	0	-25.5414	0	-0.0227575	0.0217915	-0.044549	-0.0227575
0	54.6265	0	-2570.46	0	-0.0733994	-0.0163879	-0.0570114	-0.0733994	0	-0.559687	0	15.9634	0	-0.0188002	0.0223875	-0.0411876	-0.0188002
0	52.2156	0	-3518.57	0	-0.0737692	-0.0156647	-0.0581046	-0.0737692	0	-0.360677	0	120.257	0	-0.0236387	0.0144271	-0.0380658	-0.0236387
0	53.4668	0	-4107.54	0	-0.0751892	-0.01604	-0.0591492	-0.0751892	0	-0.121226	0	111.744	0	-0.0314358	0.00484904	-0.0362848	-0.0314358
0	52.2156	0	-3259.99	0	-0.0758707	-0.0156647	-0.060206	-0.0758707	0	-0.182951	0	-93.6518	0	-0.0283352	0.00731804	-0.0356533	-0.0283352
0	49.7742	0	-3983.04	0	-0.0761832	-0.0149323	-0.0612509	-0.0761832	0	-0.285117	0	17.0276	0	-0.0227933	0.0114047	-0.034198	-0.0227933
0	49.7742	0	-3628.7	0	-0.0771793	-0.0149323	-0.062247	-0.0771793	0	-0.0339594	0	108.551	0	-0.0315567	0.00135838	-0.0329151	-0.0315567
0	47.3328	0	-2331.04	0	-0.0774307	-0.0141998	-0.0632309	-0.0774307	0	-0.103134	0	-61.7251	0	-0.0285636	0.00412536	-0.032689	-0.0285636
0	43.7012	0	-3006.21	0	-0.0772763	-0.0131104	-0.064166	-0.0772763	0	-0.0850422	0	31.9268	0	-0.028627	0.00340169	-0.0320287	-0.028627
0	41.2903	0	-3633.49	0	-0.0774158	-0.0123871	-0.0650287	-0.0774158	0	-0.0531155	0	7.44958	0	-0.0294673	0.00212462	-0.0315919	-0.0294673
0	37.6587	0	-3470.68	0	-0.0771277	-0.0112976	-0.0658301	-0.0771277	0	-0.0754642	0	-27.6699	0	-0.0282706	0.00301857	-0.0312891	-0.0282706
0	33.9966	0	-3738.83	0	-0.0767581	-0.010199	-0.0665592	-0.0767581	0	-0.00522535	0	70.2389	0	-0.0306273	0.000209014	-0.0308364	-0.0306273
0	26.7029	0	-2015.01	0	-0.0752258	-0.00801086	-0.067215	-0.0752258	0	0.0416006	0	-9.57803	0	-0.0326382	-0.00166402	-0.0309742	-0.0326382
0	20.6604	0	-3216.9	0	-0.073923	-0.00619812	-0.0677249	-0.073923	0	0.0724631	0	51.0828	0	-0.0340617	-0.00289852	-0.0311632	-0.0340617
0	14.5569	0	-3231.26	0	-0.0724689	-0.00436707	-0.0681018	-0.0724689	0	0.229968	0	59.5966	0	-0.0410904	-0.00919874	-0.0318917	-0.0410904
0	8.45337	0	-2738.06	0	-0.0709052	-0.00253601	-0.0683692	-0.0709052	0	0.112904	0	-95.7803	0	-0.0377238	-0.00451615	-0.0332076	-0.0377238
0	4.85229	0	-2939.17	0	-0.0699706	-0.00145569	-0.0685149	-0.0699706	0	-0.111648	0	-103.23	0	-0.0290552	0.00446591	-0.0335211	-0.0290552
0	2.4414	0	-2661.44	0	-0.0693199	-0.000732421	-0.0685875	-0.0693199	0	-0.27341	0	-79.8169	0	-0.0216689	0.0109364	-0.0326054	-0.0216689
0	1.2207	0	-2757.21	0	-0.0690022	-0.000366211	-0.068636	-0.0690022	0	-0.36919	0	-25.5414	0	-0.0159866	0.0147676	-0.0307542	-0.0159866
0	2.42615	0	-3590.39	0	-0.0693762	-0.000727845	-0.0686484	-0.0693762	0	-0.181887	0	129.835	0	-0.021436	0.00727547	-0.0287114	-0.021436
0	1.2207	0	-2776.36	0	-0.0690509	-0.000366211	-0.0686847	-0.0690509	0	-0.00628957	0	51.0828	0	-0.0277421	0.000251583	-0.0279937	-0.0277421
0	1.20544	0	-2560.89	0	-0.0690709	-0.000361633	-0.0687093	-0.0690709	0	-0.121226	0	-76.6242	0	-0.022992	0.00484904	-0.027841	-0.022992
0	-0.0305176	0	-3365.34	0	-0.0687244	9.15527e-06	-0.0687335	-0.0687244	0	-0.190401	0	-22.3487	0	-0.0193571	0.00761602	-0.0269732	-0.0193571
0	-1.23596	0	-3188.17	0	-0.0683748	0.000370788	-0.0687456	-0.0683748	0	-0.288309	0	-58.5324	0	-0.0141803	0.0115324	-0.0257126	-0.0141803
