0	0	0	-25.1391	0	0	0	0	0	0	-0.000638535	0	0	0	1.91561e-05	1.91561e-05	0	1.91561e-05
0.48	0	480	-25.1391	0.00808889	4.812e-05	4.8e-05	1.2e-07	0.00813701	0	0.0100037	0	0	0	-0.000302666	-0.000300111	-2.55414e-06	-0.000302666
1.92	0	960	-106.542	0.0163556	0.00019368	0.000192	1.68e-06	0.0165492	0	-0.00170276	0	0	0	4.46976e-06	5.10828e-05	-4.66131e-05	4.46976e-06
4.32	0	1440	-34.7159	0.0248	0.0004386	0.000432	6.6e-06	0.0252386	0	-0.00170276	0	0	0	1.7879e-05	5.10828e-05	-3.32038e-05	1.7879e-05
7.68	0	1920	46.6869	0.0334222	0.0007848	0.000768	1.68e-05	0.034207	0	-0.00170276	0	0	0	3.12882e-05	5.10828e-05	-1.97946e-05	3.12882e-05
12	0	2400	-20.3507	0.0422222	0.00123542	0.0012	3.5415e-05	0.0434576	0	0.00148991	0	0	0	-6.06608e-05	-4.46974e-05	-1.59634e-05	-6.06608e-05
17.28	1.21498	2880	41.8985	0.0512	0.00166844	0.0016065	6.1935e-05	0.0528684	0	0.00255414	0	0	0	-0.000101527	-7.66242e-05	-2.49029e-05	-0.000101527
23.52	0	3360	99.3594	0.0603556	0.0024515	0.002352	9.9495e-05	0.0628071	0	0.00042569	0	0	0	-4.98057e-05	-1.27707e-05	-3.7035e-05	-4.98057e-05
30.72	1.21498	3840	-5.98551	0.0696889	0.00310052	0.0029505	0.000150015	0.0727894	0	0.00681104	0	0	0	-0.000256691	-0.000204331	-5.23599e-05	-0.000256691
38.88	0	4320	-106.542	0.0792	0.0041022	0.003888	0.0002142	0.0833022	0	0.00574682	0	0	0	-0.000265631	-0.000172404	-9.32261e-05	-0.000265631
48	0	4800	2977.19	0.0888889	0.00509518	0.0048	0.000295179	0.0939841	0	-0.054914	0	0	0	0.00152929	0.00164742	-0.000118129	0.00152929
58.08	2.44141	5280	975.637	0.0987556	0.00595511	0.00556386	0.000391247	0.104711	0	-0.601926	0	0	0	0.019029	0.0180578	0.000971212	0.019029
69.12	0	5760	7607.58	0.1088	0.00741996	0.006912	0.000507955	0.11622	0	-0.65833	0	0	0	0.024719	0.0197499	0.00496908	0.024719
81.12	13.3915	6240	4265.27	0.119022	0.00741158	0.00677285	0.000638726	0.126434	0	-0.0538498	0	0	0	0.00960548	0.00161549	0.00798999	0.00960548
94.08	26.7038	6720	3738.55	0.129422	0.00752305	0.00673762	0.000785432	0.136945	0	0.221785	0	0	0	0.00119662	-0.00665354	0.00785015	0.00119662
108	14.576	7200	5079.3	0.14	0.0102743	0.00934241	0.000931851	0.150274	0	0.436758	0	0	0	-0.00699834	-0.0131027	0.0061044	-0.00699834
122.88	18.2199	7680	4150.35	0.150756	0.0115689	0.010466	0.00110292	0.162325	0	0.284574	0	0	0	-0.00496716	-0.00853721	0.00357005	-0.00496716
138.72	20.649	8160	5357.03	0.161689	0.0130992	0.0118071	0.00129212	0.174788	0	0.0972702	0	0	0	-0.000669185	-0.00291811	0.00224892	-0.000669185
147	60.7395	8400	4768.05	0.167222	0.0100362	0.00862604	0.00141019	0.177258	0	0.0919491	0	0	0	-0.000801361	-0.00275847	0.00195711	-0.000801361
164.28	77.7368	8880	4480.75	0.178422	0.0102808	0.00865431	0.00162646	0.188703	0	0.178151	0	0	0	-0.00403171	-0.00534454	0.00131283	-0.00403171
182.25	104.459	9000	4854.24	0.18375	0.00963378	0.00777911	0.00185467	0.193384	0	0.346299	0	0	0	-0.0103877	-0.010389	1.2772e-06	-0.0103877
200.25	104.455	9000	5931.63	0.187083	0.0116157	0.00957949	0.00203624	0.198699	0	0.429308	0	0	0	-0.0151218	-0.0128793	-0.00224254	-0.0151218
218.25	137.25	9000	8962.69	0.190417	0.010321	0.00809999	0.00222099	0.200738	0	0.381418	0	0	0	-0.0162258	-0.0114425	-0.00478327	-0.0162258
236.25	252.64	9000	8412.03	0.19375	0.000816152	-0.00163899	0.00245515	0.194566	0	0.480391	0	0	0	-0.0214452	-0.0144117	-0.00703346	-0.0214452
254.25	301.273	9000	5136.76	0.197083	-0.00210702	-0.00470235	0.00259533	0.194976	0	0.865641	0	0	0	-0.0364948	-0.0259692	-0.0105256	-0.0364948
272.25	227.172	9000	3499.13	0.200417	0.0071068	0.00450778	0.00259901	0.207523	0	1.04549	0	0	0	-0.0473908	-0.0313648	-0.016026	-0.0473908
290.25	388.696	9000	1679.53	0.20375	-0.0070298	-0.0098446	0.0028148	0.19672	0	1.36263	0	0	0	-0.0636505	-0.040879	-0.0227714	-0.0636505
308.25	454.316	9000	2297.24	0.207083	-0.0117113	-0.0146066	0.00289535	0.195372	0	1.67339	0	0	0	-0.0816086	-0.0502016	-0.031407	-0.0816086
326.25	529.628	9000	14574.7	0.210417	-0.0174037	-0.0203378	0.00293412	0.193013	0	1.69893	0	0	0	-0.0928111	-0.0509679	-0.0418432	-0.0928111
344.25	585.477	9000	11471.8	0.21375	-0.0211976	-0.0241227	0.00292509	0.192552	0	1.19555	0	0	0	-0.0870413	-0.0358665	-0.0511748	-0.0870413
362.25	394.773	9000	4988.32	0.217083	-0.000595418	-0.00325229	0.00265688	0.216488	0	1.14766	0	0	0	-0.0926502	-0.0344298	-0.0582204	-0.0926502
380.25	679.037	9000	3575.74	0.220417	-0.0270301	-0.0298788	0.00284862	0.193386	0	1.1285	0	0	0	-0.0988625	-0.0338551	-0.0650073	-0.0988625
398.25	456.747	9000	-877.475	0.22375	-0.00334552	-0.00584976	0.00250423	0.220404	0	1.30304	0	0	0	-0.111115	-0.0390911	-0.0720242	-0.111115
416.25	506.541	9000	4557.36	0.227083	-0.00665717	-0.00902912	0.00237195	0.220426	0	1.72979	0	0	0	-0.132241	-0.0518938	-0.0803469	-0.132241
434.25	918.34	9000	18242.6	0.230417	-0.0458649	-0.048409	0.00254414	0.184552	0	1.44458	0	0	0	-0.134695	-0.0433374	-0.0913578	-0.134695
452.25	970.531	9000	3235.76	0.23375	-0.0494877	-0.0518282	0.00234052	0.184262	0	-0.262438	0	0	0	-0.0896331	0.00787314	-0.0975062	-0.0896331
470.25	982.731	9000	3446.45	0.237083	-0.0491287	-0.0512482	0.0021195	0.187955	0	-1.1053	0	0	0	-0.0616071	0.0331591	-0.0947663	-0.0616071
488.25	1002.15	9000	3245.34	0.240417	-0.0494644	-0.0513903	0.00192593	0.190952	0	-1.69382	0	0	0	-0.0361289	0.0508146	-0.0869436	-0.0361289
506.25	1045.87	9000	-365.116	0.24375	-0.0522201	-0.0539618	0.00174164	0.19153	0	-1.23195	0	0	0	-0.0403458	0.0369584	-0.0773042	-0.0403458
524.25	651.081	9000	5931.63	0.247083	-0.011595	-0.0126831	0.00108804	0.235488	0	-0.916936	0	0	0	-0.0433431	0.0275081	-0.0708512	-0.0433431
542.25	1168.54	9000	9427.17	0.250417	-0.0613312	-0.0626289	0.00129767	0.189085	0	-0.714734	0	0	0	-0.0445365	0.021442	-0.0659785	-0.0445365
560.25	2610.45	9000	28336.6	0.25375	-0.202598	-0.20502	0.00242156	0.0511519	0	-2.06311	0	0	0	0.00164296	0.0618932	-0.0602502	0.00164296
578.25	713.059	9000	8651.45	0.257083	-0.013257	-0.013481	0.000223944	0.243826	0	-3.07625	0	0	0	0.0465869	0.0922875	-0.0457006	0.0465869
596.25	1185.58	9000	5318.72	0.260417	-0.0584859	-0.0589327	0.000446802	0.201931	0	-3.22631	0	0	0	0.0698685	0.0967892	-0.0269206	0.0698685
623.25	705.768	9000	-1021.13	0.265417	-0.0085778	-0.00825178	-0.000326014	0.256839	0	-2.53349	0	0	0	0.0763554	0.0760048	0.000350577	0.0763554
641.25	740.993	9000	137.667	0.26875	-0.0104649	-0.00997435	-0.000490516	0.258285	0	-2.50689	0	0	0	0.0905028	0.0752067	0.0152961	0.0905028
659.25	284.245	9000	1521.52	0.272083	0.0413201	0.0375005	0.00381958	0.313403	0	-2.13335	0	0	0	0.0939898	0.0640004	0.0299895	0.0939898
677.25	816.292	9000	-1083.38	0.275417	-0.0147956	-0.0139042	-0.000891321	0.260621	0	-2.06311	0	0	0	0.104348	0.0618932	0.0424543	0.104348
695.25	883.101	9000	4610.04	0.27875	-0.0199868	-0.0187851	-0.00120171	0.258763	0	-2.02373	0	0	0	0.115462	0.0607119	0.0547499	0.115462
713.25	421.508	9000	20593.7	0.282083	0.0275936	0.0291742	-0.00158057	0.309677	0	-1.74703	0	0	0	0.118869	0.052411	0.0664581	0.118869
731.25	921.968	9000	-4248.51	0.285417	-0.021056	-0.0190718	-0.00198415	0.264361	0	-1.78641	0	0	0	0.130759	0.0535923	0.077167	0.130759
749.25	948.693	9000	3269.28	0.28875	-0.0223203	-0.0199443	-0.00237602	0.26643	0	-0.309264	0	0	0	0.0952733	0.00927791	0.0859954	0.0952733
767.25	504.109	9000	3513.49	0.292083	0.023536	0.0263141	-0.00277807	0.315619	0	0.231363	0	0	0	0.079218	-0.00694088	0.0861588	0.079218
785.25	521.115	9000	-714.669	0.295417	0.0232111	0.0264135	-0.00320242	0.318628	0	0.358005	0	0	0	0.0742827	-0.0107402	0.0850229	0.0742827
803.25	563.631	9000	21920.1	0.29875	0.0202898	0.023962	-0.00367214	0.31904	0	0.14516	0	0	0	0.0781721	-0.00435481	0.0825269	0.0781721
821.25	1098.09	9000	24529.8	0.302083	-0.0318863	-0.0276844	-0.00420185	0.270197	0	-3.10392	0	0	0	0.176274	0.0931176	0.0831565	0.176274
839.25	631.655	9000	12003.3	0.305417	0.0160033	0.0207596	-0.00475629	0.32142	0	1.32326	0	0	0	0.0515432	-0.0396977	0.0912409	0.0515432
857.25	637.729	9000	8886.08	0.30875	0.0166592	0.0219522	-0.00529294	0.325409	0	0.441015	0	0	0	0.072309	-0.0132304	0.0855395	0.072309
875.25	1075.06	9000	-3209.43	0.312083	-0.0257451	-0.0199807	-0.00576443	0.286338	0	2.01394	0	0	0	0.0202148	-0.0604182	0.080633	0.0202148
893.251	1085.94	9000	-6594.83	0.315417	-0.0254278	-0.0192692	-0.00615865	0.289989	0	2.37152	0	0	0	-0.00376477	-0.0711456	0.0673808	-0.00376477
911.251	652.306	9000	4452.02	0.31875	0.0193594	0.0258945	-0.00653506	0.33811	0	2.17357	0	0	0	-0.0117107	-0.0652072	0.0534965	-0.0117107
929.251	1122.39	9000	3125.63	0.322083	-0.0262322	-0.0193142	-0.00691799	0.295851	0	2.56414	0	0	0	-0.0369577	-0.0769243	0.0399666	-0.0369577
947.251	666.882	9000	13578.7	0.325417	0.0207198	0.0280369	-0.00731715	0.346137	0	3.55174	0	0	0	-0.083302	-0.106552	0.0232504	-0.083302
965.251	642.586	9000	7497.44	0.32875	0.0245291	0.0322665	-0.00773741	0.353279	0	3.44319	0	0	0	-0.100478	-0.103296	0.00281788	-0.100478
983.251	621.937	9000	2191.89	0.332083	0.0280304	0.0361314	-0.00810101	0.360114	0	0.671952	0	0	0	-0.0322051	-0.0201586	-0.0120466	-0.0322051
1001.25	1134.53	9000	401.029	0.335417	-0.0217221	-0.0133275	-0.00839464	0.313695	0	1.30517	0	0	0	-0.0560825	-0.039155	-0.0169275	-0.0560825
1019.25	628.012	9000	5926.85	0.33875	0.0304438	0.0391239	-0.00868014	0.369194	0	1.62869	0	0	0	-0.0741301	-0.0488607	-0.0252694	-0.0741301
1037.2	1219.58	8839.98	7837.42	0.339407	-0.0272871	-0.0182384	-0.00904873	0.312119	0	2.69079	0	0	0	-0.116924	-0.0807236	-0.0362005	-0.116924
1054.4	-3356.25	8359.98	-2280.48	0.334592	0.426966	0.441065	-0.0140997	0.761557	0	4.40738	0	0	0	-0.187386	-0.132221	-0.0551643	-0.187386
1070.64	1292.46	7879.98	53600.2	0.329599	-0.0321043	-0.0221818	-0.00992248	0.297495	0	2.68121	0	0	0	-0.161448	-0.0804363	-0.0810116	-0.161448
1085.92	597.643	7399.98	8842.98	0.324429	0.0384922	0.0488274	-0.0103353	0.362921	0	0.62619	0	0	0	-0.110556	-0.0187857	-0.0917703	-0.110556
1100.24	1252.41	6919.98	-8127.12	0.319081	-0.0258996	-0.0152168	-0.0106828	0.293181	0	2.58224	0	0	0	-0.176037	-0.0774671	-0.09857	-0.176037
1113.6	563.633	6439.98	-8792.71	0.313555	0.0439907	0.0549964	-0.0110058	0.357545	0	2.6248	0	0	0	-0.193465	-0.0787441	-0.114721	-0.193465
1126	546.623	5959.98	3848.68	0.307851	0.0465268	0.0579374	-0.0114106	0.354378	0	2.39068	0	0	0	-0.201679	-0.0717203	-0.129959	-0.201679
1137.44	1413.91	5479.97	4758.48	0.301969	-0.0395328	-0.0276469	-0.011886	0.262437	0	2.5269	0	0	0	-0.22034	-0.0758069	-0.144533	-0.22034
1147.92	574.566	4999.97	7875.73	0.29591	0.0448591	0.0573351	-0.0124761	0.340769	0	3.98169	0	0	0	-0.280272	-0.119451	-0.160821	-0.280272
1157.44	1536.62	4519.97	-6690.6	0.289673	-0.051113	-0.0379178	-0.0131951	0.23856	0	5.68658	0	0	0	-0.358894	-0.170597	-0.188297	-0.358894
1166	2611.66	4039.97	16092.6	0.283258	-0.157523	-0.144567	-0.0129567	0.125735	0	3.68264	0	0	0	-0.331561	-0.110479	-0.221082	-0.331561
1173.6	1565.8	3559.97	1339.56	0.276666	-0.0540083	-0.0392199	-0.0147885	0.222657	0	0.607034	0	0	0	-0.255243	-0.018211	-0.237032	-0.255243
1180.24	481.029	3079.97	-8016.98	0.269895	0.0543538	0.0699208	-0.015567	0.324249	0	0.690044	0	0	0	-0.261229	-0.0207013	-0.240527	-0.261229
1185.92	1552.43	2599.97	14981.7	0.262947	-0.0529988	-0.0366516	-0.0163472	0.209948	0	-1.78215	0	0	0	-0.18976	0.0534646	-0.243224	-0.18976
1190.64	1466.15	2119.97	-1672.35	0.255821	-0.0445621	-0.0275511	-0.017011	0.211259	0	-5.07274	0	0	0	-0.0735075	0.152182	-0.22569	-0.0735075
1194.4	1433.34	1639.97	-6149.51	0.248517	-0.0414347	-0.0238941	-0.0175406	0.207083	0	-4.70026	0	0	0	-0.0545871	0.141008	-0.195595	-0.0545871
1197.2	392.353	1159.97	-6331.47	0.241036	0.0624759	0.0804844	-0.0180085	0.303512	0	-4.50125	0	0	0	-0.0327996	0.135037	-0.167837	-0.0327996
1199.04	387.497	679.965	-6436.81	0.233377	0.0627106	0.081154	-0.0184434	0.296087	0	-4.31926	0	0	0	-0.0120083	0.129578	-0.141586	-0.0120083
1199.92	1393.27	199.964	6578.07	0.22554	-0.0381972	-0.0193356	-0.0188617	0.187342	0	-4.27031	0	0	0	0.0126589	0.128109	-0.11545	0.0126589
1200	1377.49	0	17692	0.222222	-0.0369974	-0.0177491	-0.0192483	0.185225	0	-6.69355	0	0	0	0.113286	0.200807	-0.0875202	0.113286
1200	906.189	0	22102.1	0.222222	0.00935753	0.0293811	-0.0200236	0.23158	0	-9.74681	0	0	0	0.250741	0.292404	-0.0416631	0.250741
1200	1302.17	0	17749.4	0.222222	-0.0300688	-0.0102174	-0.0198514	0.192153	0	-8.24838	0	0	0	0.263682	0.247452	0.0162303	0.263682
1200	2078.41	0	-882.263	0.222222	-0.107032	-0.0878415	-0.0191909	0.11519	0	-6.34768	0	0	0	0.251649	0.19043	0.0612189	0.251649
1200	1179.5	0	3312.38	0.222222	-0.0180316	0.00204995	-0.0200816	0.204191	0	-6.76273	0	0	0	0.302615	0.202882	0.0997328	0.302615
1200	-2712.52	0	9053.67	0.222222	0.367369	0.391252	-0.0238827	0.589592	0	-5.9156	0	0	0	0.317238	0.177468	0.13977	0.317238
1200	483.456	0	-1959.65	0.222222	0.0517593	0.0716544	-0.0198951	0.273982	0	-4.6247	0	0	0	0.311619	0.138741	0.172878	0.311619
1200	1085.94	0	1080.98	0.222222	-0.0082741	0.0114062	-0.0196803	0.213948	0	-4.74176	0	0	0	0.342889	0.142253	0.200636	0.342889
1200	-949.932	0	-6819.88	0.222222	0.193497	0.214993	-0.0214967	0.415719	0	-4.76092	0	0	0	0.371972	0.142828	0.229144	0.371972
1200	1136.96	0	4049.79	0.222222	-0.0129569	0.00630372	-0.0192606	0.209265	0	-3.12308	0	0	0	0.350074	0.0936923	0.256381	0.350074
1200	1649.6	0	8191.76	0.222222	-0.0636383	-0.0449605	-0.0186778	0.158584	0	1.72234	0	0	0	0.217368	-0.0516703	0.269038	0.217368
1200	720.329	0	-848.745	0.222222	0.0288868	0.0479671	-0.0190802	0.251109	0	3.79758	0	0	0	0.139275	-0.113927	0.253203	0.139275
1200	991.184	0	-2342.73	0.222222	0.00170146	0.0208816	-0.0191801	0.223924	0	3.21651	0	0	0	0.135062	-0.0964954	0.231557	0.135062
1200	761.635	0	5448.01	0.222222	0.0248967	0.0438365	-0.0189399	0.247119	0	3.2378	0	0	0	0.115044	-0.097134	0.212178	0.115044
1200	770.13	0	-178.368	0.222222	0.0240699	0.042987	-0.0189171	0.246292	0	3.27079	0	0	0	0.0945064	-0.0981237	0.19263	0.0945064
1200	1211.04	0	-1974.02	0.222222	-0.0200154	-0.00110404	-0.0189113	0.202207	0	3.19949	0	0	0	0.077174	-0.0959846	0.173159	0.077174
1200	840.591	0	13928.3	0.222222	0.0169758	0.0359409	-0.018965	0.239198	0	4.30841	0	0	0	0.0240517	-0.129252	0.153304	0.0240517
1200	1237.82	0	1871.07	0.222222	-0.0228732	-0.00378158	-0.0190916	0.199349	0	7.60964	0	0	0	-0.105998	-0.228289	0.122291	-0.105998
1200	1219.59	0	17227.5	0.222222	-0.0211221	-0.00195853	-0.0191636	0.2011	0	6.6976	0	0	0	-0.12508	-0.200928	0.0758477	-0.12508
1200	766.487	0	8191.76	0.222222	0.024174	0.0433513	-0.0191773	0.246396	0	6.19422	0	0	0	-0.147719	-0.185826	0.0381078	-0.147719
1200	716.675	0	-3099.29	0.222222	0.0292157	0.0483325	-0.0191168	0.251438	0	6.99451	0	0	0	-0.210451	-0.209835	-0.000615573	-0.210451
1200	682.678	0	-1753.75	0.222222	0.0327098	0.0517322	-0.0190224	0.254932	0	6.93172	0	0	0	-0.250672	-0.207952	-0.0427199	-0.250672
1200	1631.35	0	7210.14	0.222222	-0.0615913	-0.0431348	-0.0184566	0.160631	0	6.45389	0	0	0	-0.277566	-0.193617	-0.0839495	-0.277566
1200	1162.48	0	2689.89	0.222222	-0.015089	0.00375168	-0.0188407	0.207133	0	4.65003	0	0	0	-0.259473	-0.139501	-0.119972	-0.259473
1200	1752.85	0	2718.62	0.222222	-0.0735178	-0.0552853	-0.0182324	0.148704	0	3.84973	0	0	0	-0.261716	-0.115492	-0.146225	-0.261716
1200	5780.85	0	4231.75	0.222222	-0.476273	-0.458085	-0.0181878	-0.254051	0	2.41622	0	0	0	-0.240437	-0.0724865	-0.16795	-0.240437
1200	4555.18	0	-130.484	0.222222	-0.354319	-0.335518	-0.0188003	-0.132096	0	1.01463	0	0	0	-0.209975	-0.030439	-0.179536	-0.209975
1200	1161.28	0	9403.23	0.222222	-0.014915	0.00387222	-0.0187872	0.207307	0	0.252647	0	0	0	-0.192226	-0.00757941	-0.184647	-0.192226
1200	1157.61	0	2038.66	0.222222	-0.0144572	0.00423921	-0.0186964	0.207765	0	-0.797743	0	0	0	-0.16033	0.0239323	-0.184263	-0.16033
1200	1869.46	0	884.658	0.222222	-0.0849006	-0.0669461	-0.0179545	0.137322	0	-1.03507	0	0	0	-0.147792	0.031052	-0.178844	-0.147792
1200	1901.02	0	11471.8	0.222222	-0.088009	-0.0701016	-0.0179074	0.134213	0	-2.89001	0	0	0	-0.0839157	0.0867003	-0.170616	-0.0839157
1200	1201.37	0	3551.8	0.222222	-0.0180155	-0.000137012	-0.0178785	0.204207	0	-5.34411	0	0	0	0.0110479	0.160323	-0.149276	0.0110479
1200	1151.6	0	10571.6	0.222222	-0.0136939	0.00483964	-0.0185335	0.208528	0	-5.60485	0	0	0	0.0528502	0.168145	-0.115295	0.0528502
1200	472.534	0	-5163.1	0.222222	0.0542929	0.0727466	-0.0184536	0.276515	0	-4.53424	0	0	0	0.0521006	0.136027	-0.0839266	0.0521006
1200	465.233	0	2182.31	0.222222	0.0550799	0.0734767	-0.0183968	0.277302	0	-5.18767	0	0	0	0.0995667	0.15563	-0.0560634	0.0995667
1200	1157.62	0	6520.61	0.222222	-0.0140761	0.00423844	-0.0183146	0.208146	0	-5.49417	0	0	0	0.140692	0.164825	-0.0241328	0.140692
1200	1156.42	0	7281.96	0.222222	-0.0138777	0.00435823	-0.0182359	0.208345	0	-5.56867	0	0	0	0.176068	0.16706	0.00900777	0.176068
1200	506.538	0	5749.68	0.222222	0.0512035	0.0693462	-0.0181426	0.273426	0	-4.55233	0	0	0	0.177987	0.13657	0.0414173	0.177987
1200	505.325	0	2225.41	0.222222	0.0514181	0.0694675	-0.0180494	0.27364	0	-3.58388	0	0	0	0.174246	0.107517	0.0667294	0.174246
1200	523.544	0	-5153.52	0.222222	0.0496979	0.0676456	-0.0179476	0.27192	0	-3.62858	0	0	0	0.196854	0.108857	0.0879965	0.196854
1200	550.27	0	1708.26	0.222222	0.0471052	0.064973	-0.0178677	0.269327	0	-3.64667	0	0	0	0.219222	0.1094	0.109822	0.219222
1200	595.215	0	-322.02	0.222222	0.0426384	0.0604785	-0.0178401	0.264861	0	-3.41254	0	0	0	0.23383	0.102376	0.131453	0.23383
1200	1237.83	0	5577.29	0.222222	-0.0216721	-0.00378311	-0.017889	0.20055	0	-1.80982	0	0	0	0.204809	0.0542946	0.150514	0.204809
1200	679.024	0	11203.7	0.222222	0.0341149	0.0520976	-0.0179828	0.256337	0	0.895439	0	0	0	0.129746	-0.0268632	0.15661	0.129746
1200	1248.75	0	1435.32	0.222222	-0.0229928	-0.00487488	-0.0181179	0.199229	0	2.69717	0	0	0	0.0671132	-0.0809152	0.148028	0.0671132
1200	1249.95	0	587.777	0.222222	-0.0232169	-0.00499541	-0.0182215	0.199005	0	2.92704	0	0	0	0.0430858	-0.0878113	0.130897	0.0430858
1200	683.884	0	-6230.91	0.222222	0.0333012	0.0516116	-0.0183104	0.255523	0	2.7557	0	0	0	0.0309638	-0.0826711	0.113635	0.0309638
1200	675.384	0	1128.87	0.222222	0.0338363	0.0524616	-0.0186253	0.256058	0	2.77805	0	0	0	0.0137144	-0.0833416	0.097056	0.0137144
1200	676.605	0	-7499.84	0.222222	0.0338147	0.0523395	-0.0185248	0.256037	0	2.74613	0	0	0	-0.00187156	-0.0823838	0.0805122	-0.00187156
1200	685.104	0	2234.99	0.222222	0.0328406	0.0514896	-0.0186489	0.255063	0	3.69542	0	0	0	-0.0476826	-0.110862	0.0631798	-0.0476826
1200	674.171	0	13741.5	0.222222	0.0337708	0.0525829	-0.018812	0.255993	0	4.65854	0	0	0	-0.100996	-0.139756	0.0387597	-0.100996
1200	1249.94	0	3853.47	0.222222	-0.0239483	-0.0049939	-0.0189544	0.198274	0	2.74719	0	0	0	-0.0693117	-0.0824157	0.013104	-0.0693117
1200	568.481	0	1736.99	0.222222	0.0434148	0.0631519	-0.019737	0.265637	0	2.24168	0	0	0	-0.0689982	-0.0672505	-0.0017477	-0.0689982
1200	1220.77	0	305.261	0.222222	-0.0211827	-0.00207717	-0.0191055	0.20104	0	2.43005	0	0	0	-0.0813743	-0.0729016	-0.00847275	-0.0813743
1200	642.586	0	-73.0232	0.222222	0.0365834	0.0557414	-0.019158	0.258806	0	2.34491	0	0	0	-0.0935186	-0.0703474	-0.0231712	-0.0935186
1200	623.146	0	6348.23	0.222222	0.0384506	0.0576854	-0.0192348	0.260673	0	1.04549	0	0	0	-0.067702	-0.0313648	-0.0363372	-0.067702
1200	626.801	0	1617.28	0.222222	0.0379925	0.0573199	-0.0193274	0.260215	0	1.46799	0	0	0	-0.0865318	-0.0440398	-0.042492	-0.0865318
1200	629.219	0	6477.51	0.222222	0.0376107	0.0570781	-0.0194674	0.259833	0	2.1193	0	0	0	-0.116003	-0.0635789	-0.0524238	-0.116003
1200	631.653	0	8962.69	0.222222	0.0371739	0.0568347	-0.0196608	0.259396	0	1.47544	0	0	0	-0.109546	-0.0442633	-0.0652832	-0.109546
1200	1287.63	0	1382.65	0.222222	-0.0286317	-0.00876282	-0.0198689	0.193591	0	-0.788165	0	0	0	-0.0467555	0.023645	-0.0704004	-0.0467555
1200	631.653	0	4983.53	0.222222	0.0367919	0.0568347	-0.0200428	0.259014	0	-1.27558	0	0	0	-0.0261525	0.0382674	-0.0644199	-0.0261525
1200	1266.98	0	-556.652	0.222222	-0.0269107	-0.00669753	-0.0202132	0.195312	0	-0.952056	0	0	0	-0.0285975	0.0285617	-0.0571591	-0.0285975
1200	1935.03	0	4729.75	0.222222	-0.0931988	-0.0735028	-0.019696	0.129023	0	-1.05103	0	0	0	-0.0199191	0.0315309	-0.05145	-0.0199191
1200	1282.7	0	-4138.38	0.222222	-0.0287583	-0.00826995	-0.0204883	0.193464	0	-1.07231	0	0	0	-0.012703	0.0321694	-0.0448724	-0.012703
1200	1273.03	0	4001.91	0.222222	-0.0279551	-0.00730254	-0.0206526	0.194267	0	-1.61507	0	0	0	0.0104222	0.048452	-0.0380299	0.0104222
1200	895.248	0	3872.62	0.222222	0.0103373	0.0304752	-0.0201378	0.23256	0	-1.84494	0	0	0	0.0272641	0.0553482	-0.0280841	0.0272641
1200	1262.12	0	-2199.07	0.222222	-0.0271489	-0.00621155	-0.0209374	0.195073	0	-1.76087	0	0	0	0.0355402	0.052826	-0.0172858	0.0355402
1200	1933.86	0	-2079.36	0.222222	-0.0938002	-0.0733861	-0.0204141	0.128422	0	-2.16314	0	0	0	0.0586494	0.0648943	-0.0062449	0.0586494
1200	1921.65	0	1133.65	0.222222	-0.0927243	-0.0721654	-0.020559	0.129498	0	-1.91305	0	0	0	0.0640106	0.0573915	0.00661903	0.0640106
1200	1913.19	0	372.298	0.222222	-0.0920048	-0.0713193	-0.0206856	0.130217	0	-1.39903	0	0	0	0.0593467	0.0419709	0.0173758	0.0593467
1200	1263.32	0	147.243	0.222222	-0.0277881	-0.00633209	-0.021456	0.194434	0	-1.6587	0	0	0	0.0754065	0.049761	0.0256455	0.0754065
1200	1925.3	0	2857.48	0.222222	-0.093475	-0.0725301	-0.0209449	0.128747	0	-1.498	0	0	0	0.081055	0.0449401	0.0361149	0.081055
1200	634.079	0	-738.611	0.222222	0.0348561	0.0565921	-0.021736	0.257078	0	-0.40398	0	0	0	0.0553163	0.0121194	0.0431969	0.0553163
1200	1273.07	0	-3506.31	0.222222	-0.0292158	-0.00730713	-0.0219087	0.193006	0	-0.279466	0	0	0	0.0535897	0.00838397	0.0452057	0.0535897
1200	1956.92	0	3666.72	0.222222	-0.097129	-0.0756924	-0.0214365	0.125093	0	-0.0815196	0	0	0	0.0493089	0.00244559	0.0468634	0.0493089
1200	1966.6	0	5452.79	0.222222	-0.0983141	-0.0766598	-0.0216542	0.123908	0	1.22003	0	0	0	0.00909464	-0.0366008	0.0456955	0.00909464
1200	1308.23	0	-1442.51	0.222222	-0.0333483	-0.0108228	-0.0225255	0.188874	0	0.867769	0	0	0	0.0121187	-0.0260331	0.0381518	0.0121187
1200	1955.69	0	741.005	0.222222	-0.0976707	-0.0755688	-0.0221018	0.124552	0	0.679401	0	0	0	0.013438	-0.020382	0.03382	0.013438
1200	1944.81	0	-1121.68	0.222222	-0.0967907	-0.0744809	-0.0223098	0.125432	0	0.901824	0	0	0	0.00213332	-0.0270547	0.0291881	0.00213332
1200	1078.69	0	1976.41	0.222222	-0.0112346	0.0121311	-0.0233657	0.210988	0	0.863512	0	0	0	-0.00201332	-0.0259054	0.023892	-0.00201332
1200	1958.13	0	-278.924	0.222222	-0.0985145	-0.075813	-0.0227016	0.123708	0	0.856063	0	0	0	-0.00701561	-0.0256819	0.0186663	-0.00701561
1200	659.592	0	-63.4464	0.222222	0.0304947	0.0540408	-0.0235461	0.252717	0	0.836907	0	0	0	-0.0110984	-0.0251072	0.0140088	-0.0110984
1200	1292.4	0	-2668.34	0.222222	-0.0330127	-0.0092404	-0.0237723	0.18921	0	1.22854	0	0	0	-0.0284372	-0.0368562	0.00841906	-0.0284372
1200	664.444	0	-87.3884	0.222222	0.0319355	0.0535556	-0.0216201	0.254158	0	1.26047	0	0	0	-0.037392	-0.037814	0.00042205	-0.037392
1200	1325.23	0	5218.16	0.222222	-0.0367449	-0.0125226	-0.0242224	0.185477	0	0.27606	0	0	0	-0.0140689	-0.0082818	-0.00578707	-0.0140689
1200	1326.46	0	635.661	0.222222	-0.0371214	-0.0126462	-0.0244753	0.185101	0	-0.263502	0	0	0	0.00155034	0.00790506	-0.00635472	0.00155034
1200	1339.84	0	2809.6	0.222222	-0.0387296	-0.0139844	-0.0247452	0.183493	0	-0.195392	0	0	0	0.00100184	0.00586175	-0.00485991	0.00100184
1200	-3579.82	0	5390.55	0.222222	0.448028	0.477982	-0.0299543	0.67025	0	-0.565742	0	0	0	0.0135848	0.0169723	-0.00338745	0.0135848
1200	664.459	0	-34.7159	0.222222	0.028235	0.0535541	-0.0253191	0.250457	0	-0.498696	0	0	0	0.0151307	0.0149609	0.000169828	0.0151307
1200	668.106	0	-269.348	0.222222	0.0275881	0.0531894	-0.0256013	0.24981	0	-0.312457	0	0	0	0.0128582	0.0093737	0.00348446	0.0128582
1200	682.678	0	4116.83	0.222222	0.0258063	0.0517322	-0.0259258	0.248029	0	-0.242218	0	0	0	0.0122522	0.00726653	0.00498566	0.0122522
1200	-1552.43	0	-1375.47	0.222222	0.246037	0.275243	-0.0292059	0.468259	0	-0.0740701	0	0	0	0.0085174	0.0022221	0.0062953	0.0085174
1200	1369.05	0	4140.77	0.222222	-0.0435286	-0.0169049	-0.0266237	0.178694	0	0.22072	0	0	0	-0.000491693	-0.00662161	0.00612992	-0.000491693
1200	2050.4	0	7095.22	0.222222	-0.11131	-0.08504	-0.0262705	0.110912	0	0.129197	0	0	0	0.0012266	-0.00387591	0.00510251	0.0012266
1200	2055.34	0	1148.02	0.222222	-0.11212	-0.0855343	-0.0265854	0.110103	0	0.0887564	0	0	0	0.00111869	-0.00266269	0.00378138	0.00111869
1200	2045.53	0	75.4174	0.222222	-0.111451	-0.0845532	-0.0268979	0.110771	0	-0.312457	0	0	0	0.0134079	0.0093737	0.00403424	0.0134079
1200	-173.691	0	-2888.6	0.222222	0.109496	0.137369	-0.0278736	0.331718	0	-0.224126	0	0	0	0.0127062	0.00672377	0.00598241	0.0127062
1200	3555.47	0	5783.19	0.222222	-0.261517	-0.235547	-0.0259704	-0.0392947	0	-0.0315011	0	0	0	0.00771987	0.000945032	0.00677484	0.00771987
1200	1350.81	0	4294	0.222222	-0.0435544	-0.0150815	-0.0284729	0.178668	0	-0.296493	0	0	0	0.0163535	0.00889479	0.00745871	0.0163535
1200	1351.91	0	-1078.59	0.222222	-0.0439574	-0.0151913	-0.0287661	0.178265	0	-0.276273	0	0	0	0.0174907	0.00828819	0.00920255	0.0174907
1200	1337.43	0	1473.63	0.222222	-0.042806	-0.0137433	-0.0290627	0.179416	0	-0.299686	0	0	0	0.0201349	0.00899057	0.0111443	0.0201349
1200	1339.86	0	118.513	0.222222	-0.0433307	-0.0139859	-0.0293448	0.178892	0	0.141968	0	0	0	0.00791398	-0.00425903	0.012173	0.00791398
1200	671.738	0	3365.05	0.222222	0.023203	0.0528262	-0.0296232	0.245425	0	0.265418	0	0	0	0.00314476	-0.00796253	0.0111073	0.00314476
1200	675.384	0	2857.48	0.222222	0.02251	0.0524616	-0.0299515	0.244732	0	0.317565	0	0	0	-4.72739e-05	-0.00952694	0.00947967	-4.72739e-05
1200	1371.44	0	3456.03	0.222222	-0.0474498	-0.0171445	-0.0303053	0.174772	0	0.240941	0	0	0	0.000294981	-0.00722822	0.0075232	0.000294981
1200	694.824	0	4404.13	0.222222	0.0198622	0.0505176	-0.0306554	0.242084	0	-0.297557	0	0	0	0.01601	0.00892672	0.00708325	0.01601
1200	681.457	0	-4157.53	0.222222	0.0208244	0.0518543	-0.0310298	0.243047	0	0.459107	0	0	0	-0.00642752	-0.0137732	0.00734569	-0.00642752
1200	672.943	0	-106.542	0.222222	0.0213318	0.0527057	-0.0313739	0.243554	0	0.278188	0	0	0	-0.00347046	-0.00834566	0.00487519	-0.00347046
1200	669.311	0	3207.03	0.222222	0.0213655	0.0530689	-0.0317034	0.243588	0	0.214335	0	0	0	-0.00331338	-0.00643005	0.00311667	-0.00331338
1200	664.459	0	-1327.58	0.222222	0.0215127	0.0535541	-0.0320414	0.243735	0	0.0951417	0	0	0	-0.00105552	-0.00285425	0.00179873	-0.00105552
1200	1345.9	0	9652.22	0.222222	-0.0469525	-0.0145901	-0.0323623	0.17527	0	-0.064492	0	0	0	0.00368305	0.00193476	0.00174829	0.00368305
1200	1360.49	0	-3147.18	0.222222	-0.0487188	-0.0160489	-0.0326699	0.173503	0	0.202628	0	0	0	-0.00462685	-0.00607885	0.00145201	-0.00462685
1200	1355.61	0	-1543.06	0.222222	-0.0485515	-0.0155606	-0.0329909	0.173671	0	-0.343319	0	0	0	0.0116788	0.0102996	0.00137921	0.0116788
1200	2037.12	0	51.4753	0.222222	-0.116337	-0.0837125	-0.0326244	0.105885	0	-0.118768	0	0	0	0.00657114	0.00356303	0.00300812	0.00657114
1200	2034.59	0	4298.79	0.222222	-0.116379	-0.0834592	-0.0329199	0.105843	0	0.04938	0	0	0	0.00219462	-0.0014814	0.00367602	0.00219462
1200	1358.08	0	2282.87	0.222222	-0.0497094	-0.0158078	-0.0339016	0.172513	0	0.299473	0	0	0	-0.00618551	-0.00898419	0.00279868	-0.00618551
1200	1362.88	0	-4253.3	0.222222	-0.0505123	-0.0162884	-0.0342238	0.17171	0	-0.12196	0	0	0	0.00521298	0.00365881	0.00155417	0.00521298
1200	2074.72	0	8230.07	0.222222	-0.121336	-0.0874722	-0.0338633	0.100887	0	-0.482733	0	0	0	0.018029	0.014482	0.00354704	0.018029
1200	1381.13	0	-4784.81	0.222222	-0.0530144	-0.0181134	-0.034901	0.169208	0	0.3314	0	0	0	-0.00437016	-0.00994199	0.00557183	-0.00437016
1200	2097.82	0	-824.802	0.222222	-0.124361	-0.0897824	-0.0345781	0.0978617	0	0.430373	0	0	0	-0.010011	-0.0129112	0.0029002	-0.010011
1200	1382.4	0	-551.864	0.222222	-0.0538935	-0.01824	-0.0356534	0.168329	0	0.082371	0	0	0	-0.00153698	-0.00247113	0.000934154	-0.00153698
1200	693.619	0	2728.19	0.222222	0.0146199	0.0506381	-0.0360182	0.236842	0	0.0451231	0	0	0	-0.000734977	-0.00135369	0.000618717	-0.000734977
1200	1373.86	0	-2744.95	0.222222	-0.0537866	-0.0173855	-0.036401	0.168436	0	0.285638	0	0	0	-0.00855639	-0.00856914	1.27473e-05	-0.00855639
1200	685.104	0	903.811	0.222222	0.0147347	0.0514896	-0.0367548	0.236957	0	0.179216	0	0	0	-0.00702008	-0.00537647	-0.00164361	-0.00702008
1200	666.885	0	-2701.86	0.222222	0.0166219	0.0533115	-0.0366895	0.238844	0	0.0195817	0	0	0	-0.00283384	-0.000587452	-0.00224639	-0.00283384
1200	672.943	0	7760.81	0.222222	0.0152518	0.0527057	-0.0374539	0.237474	0	0.535731	0	0	0	-0.0190999	-0.0160719	-0.00302796	-0.0190999
1200	674.164	0	865.504	0.222222	0.014782	0.0525836	-0.0378016	0.237004	0	0.403767	0	0	0	-0.0183426	-0.012113	-0.00622957	-0.0183426
1200	670.517	0	1128.87	0.222222	0.0147929	0.0529483	-0.0381554	0.237015	0	-0.105997	0	0	0	-0.00470922	0.00317991	-0.00788912	-0.00470922
1200	1359.31	0	5151.12	0.222222	-0.0544198	-0.0159314	-0.0384884	0.167802	0	0.0100037	0	0	0	-0.00754048	-0.000300111	-0.00724037	-0.00754048
1200	1371.43	0	4638.77	0.222222	-0.0559633	-0.0171429	-0.0388204	0.166259	0	-0.1773	0	0	0	-0.00199098	0.005319	-0.00730997	-0.00199098
1200	675.384	0	908.6	0.222222	0.0132971	0.0524616	-0.0391644	0.235519	0	-0.343319	0	0	0	0.00446525	0.0102996	-0.00583432	0.00446525
1200	1367.78	0	6491.88	0.222222	-0.056305	-0.0167782	-0.0395267	0.165917	0	-0.246475	0	0	0	0.00349851	0.00739424	-0.00389573	0.00349851
1200	691.177	0	-4502.3	0.222222	0.0110006	0.0508823	-0.0398817	0.233223	0	0.157931	0	0	0	-0.00742619	-0.00473793	-0.00268826	-0.00742619
1200	687.546	0	-3286.04	0.222222	0.0109395	0.0512454	-0.0403059	0.233162	0	0.529346	0	0	0	-0.0201388	-0.0158804	-0.00425841	-0.0201388
1200	689.987	0	4495.11	0.222222	0.0102748	0.0510013	-0.0407265	0.232497	0	0.28351	0	0	0	-0.0160036	-0.00850529	-0.00749834	-0.0160036
1200	688.736	0	4581.31	0.222222	0.00997569	0.0511264	-0.0411507	0.232198	0	-0.195392	0	0	0	-0.00208293	0.00586175	-0.00794468	-0.00208293
1200	273.315	0	-1437.72	0.222222	0.0499577	0.0926685	-0.0427107	0.27218	0	0.153674	0	0	0	-0.0118934	-0.00461022	-0.00728316	-0.0118934
1200	1396.91	0	-4425.68	0.222222	-0.0616843	-0.0196911	-0.0419931	0.160538	0	0.179216	0	0	0	-0.0138147	-0.00537647	-0.00843827	-0.0138147
1200	676.605	0	357.933	0.222222	0.00995617	0.0523395	-0.0423833	0.232178	0	-0.1773	0	0	0	-0.0037412	0.005319	-0.0090602	-0.0037412
1200	668.106	0	-5953.18	0.222222	0.010428	0.0531894	-0.0427614	0.23265	0	-0.134731	0	0	0	-0.00372779	0.00404193	-0.00776972	-0.00372779
1199.88	1372.6	-239.453	-1370.68	0.218209	-0.0603973	-0.0172724	-0.0431249	0.157812	0	0.0600223	0	0	0	-0.00942608	-0.00180067	-0.00762541	-0.00942608
1198.92	681.442	-719.447	-2912.55	0.210032	0.0106629	0.0517479	-0.041085	0.220695	0	-0.219869	0	0	0	-0.000712629	0.00659607	-0.0073087	-0.000712629
1197	1393.33	-1199.44	865.504	0.201677	-0.0635144	-0.0196323	-0.0438822	0.138162	0	-0.772202	0	0	0	0.017681	0.0231661	-0.00548504	0.017681
1194.12	1394.52	-1679.43	7957.13	0.193143	-0.0643177	-0.0200392	-0.0442785	0.128826	0	-1.39265	0	0	0	0.0416139	0.0417794	-0.000165405	0.0416139
1190.29	681.442	-2159.43	46.6869	0.184433	0.0062093	0.0508843	-0.044675	0.190642	0	-2.26957	0	0	0	0.0779249	0.068087	0.00983789	0.0779249
1185.49	668.106	-2639.42	-2606.09	0.175544	0.00668273	0.051738	-0.0450553	0.182227	0	-1.7896	0	0	0	0.0764409	0.053688	0.0227529	0.0764409
1179.73	679.031	-3119.42	13052	0.166478	0.00468102	0.0500696	-0.0453886	0.171159	0	-1.72468	0	0	0	0.0849947	0.0517405	0.0332543	0.0849947
1173.01	1998.25	-3599.41	-8792.71	0.157234	-0.127623	-0.0825236	-0.0450999	0.0296102	0	-1.62677	0	0	0	0.0923449	0.0488032	0.0435417	0.0923449
1165.33	1360.46	-4079.4	2876.63	0.147812	-0.0656109	-0.0195128	-0.0460981	0.0822009	0	0.0227744	0	0	0	0.0511377	-0.000683233	0.0518209	0.0511377
1156.69	1360.49	-4559.4	-5048.17	0.138212	-0.0668748	-0.0203797	-0.046495	0.0713374	0	1.66807	0	0	0	-0.00223679	-0.050042	0.0478052	-0.00223679
1147.09	708.176	-5039.39	-6776.79	0.128435	-0.00300463	0.0438917	-0.0468963	0.12543	0	1.53291	0	0	0	-0.00776907	-0.0459873	0.0382182	-0.00776907
1136.53	1338.62	-5519.39	875.081	0.11848	-0.0675226	-0.0202089	-0.0473137	0.0509569	0	2.16506	0	0	0	-0.0368154	-0.0649518	0.0281364	-0.0368154
1125.02	1175.86	-5999.38	21723.8	0.108347	-0.0527895	-0.00508419	-0.0477053	0.055557	0	2.10866	0	0	0	-0.0482573	-0.0632597	0.0150024	-0.0482573
1112.54	645.004	-6479.37	2584.54	0.0980358	-0.00127608	0.0467533	-0.0480294	0.0967597	0	2.04055	0	0	0	-0.0587765	-0.0612164	0.00243983	-0.0587765
1099.1	1213.5	-6959.37	166.397	0.0875473	-0.0597498	-0.0114403	-0.0483095	0.0277975	0	1.95221	0	0	0	-0.068156	-0.0585664	-0.00958954	-0.068156
1084.7	1180.73	-7439.36	-25068.5	0.076881	-0.0581297	-0.00960253	-0.0485272	0.0187513	0	1.49034	0	0	0	-0.0658885	-0.0447102	-0.0211783	-0.0658885
1069.34	1164.89	-7919.35	4839.88	0.0660369	-0.0582667	-0.00955452	-0.0487122	0.00777019	0	0.436758	0	0	0	-0.041531	-0.0131027	-0.0284282	-0.041531
1053.02	1166.11	-8399.35	8287.53	0.0550151	-0.0602211	-0.0113084	-0.0489126	-0.00520598	0	0.0951417	0	0	0	-0.0329548	-0.00285425	-0.0301006	-0.0329548
1035.74	1163.7	-8879.34	1708.26	0.0438155	-0.0619486	-0.0127952	-0.0491534	-0.0181331	0	0.205821	0	0	0	-0.0370951	-0.00617463	-0.0309204	-0.0370951
1017.77	1141.86	-9000	-17129.3	0.0384768	-0.0618135	-0.0124086	-0.0494049	-0.0233367	0	0.37929	0	0	0	-0.0435788	-0.0113787	-0.0322001	-0.0435788
999.775	1101.78	-9000	-34.7159	0.0351435	-0.0598415	-0.0102001	-0.0496414	-0.0246979	0	0.5783	0	0	0	-0.0518248	-0.017349	-0.0344758	-0.0518248
981.775	1627.73	-9000	-16679.2	0.0318103	-0.113878	-0.0645956	-0.0492822	-0.0820676	0	0.602777	0	0	0	-0.0561279	-0.0180833	-0.0380446	-0.0561279
963.776	1040.95	-9000	-14931.4	0.028477	-0.0577144	-0.0077179	-0.0499965	-0.0292374	0	0.315436	0	0	0	-0.050671	-0.00946309	-0.0412079	-0.050671
945.776	1026.43	-9000	726.64	0.0251437	-0.0582179	-0.00806524	-0.0501527	-0.0330742	0	0.0940775	0	0	0	-0.0455461	-0.00282233	-0.0427238	-0.0455461
927.776	1013.11	-9000	-6254.85	0.0218104	-0.0588439	-0.00853312	-0.0503108	-0.0370335	0	0.3314	0	0	0	-0.0534601	-0.00994199	-0.0435181	-0.0534601
909.776	1529.34	-9000	-7068.88	0.018477	-0.111915	-0.0619567	-0.0499584	-0.093438	0	0.795402	0	0	0	-0.0701476	-0.0238621	-0.0462855	-0.0701476
891.776	980.27	-9000	-1538.27	0.0151437	-0.0595129	-0.00884941	-0.0506635	-0.0443692	0	0.504868	0	0	0	-0.0659933	-0.0151461	-0.0508472	-0.0659933
873.776	1475.91	-9000	-1006.76	0.0118105	-0.110544	-0.060213	-0.0503308	-0.0987333	0	0.380354	0	0	0	-0.064888	-0.0114106	-0.0534773	-0.064888
855.777	928.039	-9000	-7562.09	0.00847717	-0.0582334	-0.00722628	-0.0510071	-0.0497562	0	0.569786	0	0	0	-0.0731148	-0.0170936	-0.0560213	-0.0731148
837.777	873.398	-9000	-4890.16	0.00514388	-0.0546997	-0.00356208	-0.0511376	-0.0495558	0	0.592135	0	0	0	-0.07722	-0.017764	-0.0594559	-0.07722
819.777	1275.42	-9000	-5134.37	0.00181059	-0.096289	-0.0455644	-0.0507246	-0.0944784	0	0.289895	0	0	0	-0.0714278	-0.00869685	-0.062731	-0.0714278
801.777	1062.9	-9000	-17325.6	-0.00152271	-0.0772504	-0.0261119	-0.0511384	-0.0787731	0	0.0259671	0	0	0	-0.0641766	-0.000779013	-0.0633976	-0.0641766
783.778	702.148	-9000	14469.4	-0.004856	-0.0428592	0.00816292	-0.0510222	-0.0477152	0	0.87309	0	0	0	-0.0911701	-0.0261927	-0.0649773	-0.0911701
765.778	1712.83	-9000	-8716.09	-0.00818929	-0.144532	-0.0947052	-0.0498268	-0.152721	0	-0.401851	0	0	0	-0.0566566	0.0120555	-0.0687121	-0.0566566
747.778	657.196	-9000	-1887.83	-0.0115226	-0.0416391	0.00905821	-0.0506973	-0.0531616	0	-0.797743	0	0	0	-0.0410566	0.0239323	-0.0649888	-0.0410566
729.778	617.096	-9000	-3214.22	-0.0148559	-0.0392471	0.0112682	-0.0505153	-0.0541029	0	-0.302878	0	0	0	-0.0517929	0.00908635	-0.0608792	-0.0517929
711.779	574.585	-9000	-1174.36	-0.0181892	-0.0365577	0.0137194	-0.0502771	-0.0547469	0	0.235619	0	0	0	-0.0675832	-0.00706858	-0.0605146	-0.0675832
693.779	524.719	-9000	-5230.13	-0.0215224	-0.0330887	0.016906	-0.0499947	-0.0546112	0	-0.578513	0	0	0	-0.0439951	0.0173554	-0.0613505	-0.0439951
675.779	166.443	-9000	-15012.8	-0.0248557	0.00128382	0.0509336	-0.0496498	-0.0235719	0	-1.12765	0	0	0	-0.0218053	0.0338296	-0.0556349	-0.0218053
657.779	491.974	-9000	-6029.8	-0.028189	-0.0327362	0.0165805	-0.0493167	-0.0609252	0	0.731548	0	0	0	-0.0738262	-0.0219465	-0.0518797	-0.0738262
639.78	156.677	-9000	-8189.37	-0.0315223	-0.000696007	0.0483102	-0.0490062	-0.0322183	0	0.136647	0	0	0	-0.0604035	-0.0040994	-0.0563041	-0.0604035
621.78	511.414	-9000	-22353.5	-0.0348556	-0.0377255	0.0110366	-0.0487621	-0.0725811	0	-0.134731	0	0	0	-0.0519519	0.00404193	-0.0559938	-0.0519519
603.78	512.634	-9000	-8936.36	-0.0381889	-0.0394394	0.00911457	-0.048554	-0.0776283	0	0.665567	0	0	0	-0.0765348	-0.019967	-0.0565678	-0.0765348
585.78	134.827	-9000	-4248.51	-0.0415222	-0.00328042	0.0450954	-0.0483758	-0.0448026	0	-0.0612994	0	0	0	-0.0581987	0.00183898	-0.0600376	-0.0581987
567.78	-4424.01	-9000	-10885.2	-0.0448555	0.44605	0.499179	-0.0531289	0.401195	0	-0.229447	0	0	0	-0.0518797	0.00688341	-0.0587631	-0.0518797
549.781	453.125	-9000	-1868.67	-0.0481888	-0.0383926	0.00966557	-0.0480581	-0.0865813	0	0.902889	0	0	0	-0.0864589	-0.0270867	-0.0593723	-0.0864589
531.781	434.845	-9000	-3927.69	-0.0515221	-0.0381595	0.00969359	-0.0478531	-0.0896816	0	0.339914	0	0	0	-0.0747029	-0.0101974	-0.0645055	-0.0747029
513.781	419.098	-9000	5131.97	-0.0548554	-0.0381988	0.00946833	-0.0476671	-0.0930541	0	-0.228383	0	0	0	-0.05841	0.00685148	-0.0652615	-0.05841
495.781	726.41	-9000	-8850.17	-0.0581886	-0.0701851	-0.0230628	-0.0471223	-0.128374	0	0.226041	0	0	0	-0.0710939	-0.00678124	-0.0643126	-0.0710939
477.782	3351.38	-9000	-11474.2	-0.0615219	-0.334592	-0.28736	-0.0472317	-0.396113	0	0.622997	0	0	0	-0.0853198	-0.0186899	-0.0666299	-0.0853198
459.782	330.383	-9000	-3961.21	-0.0648552	-0.0340462	0.0129399	-0.0469861	-0.0989015	0	-0.0432075	0	0	0	-0.0681585	0.00129623	-0.0694548	-0.0681585
441.782	292.786	-9000	-4813.54	-0.0681885	-0.0318245	0.0148996	-0.0467241	-0.100013	0	0.190922	0	0	0	-0.0749998	-0.00572766	-0.0692721	-0.0749998
423.782	269.684	-9000	195.127	-0.0715218	-0.0310277	0.0154098	-0.0464375	-0.102549	0	0.568722	0	0	0	-0.08822	-0.0170617	-0.0711584	-0.08822
405.783	536.896	-9000	-6326.68	-0.0748551	-0.0589545	-0.0131113	-0.0458432	-0.13381	0	-0.367796	0	0	0	-0.0626684	0.0110339	-0.0737023	-0.0626684
387.783	500.488	-9000	9628.28	-0.0781884	-0.0568164	-0.0112706	-0.0455459	-0.135005	0	-1.59378	0	0	0	-0.0214248	0.0478135	-0.0692383	-0.0214248
369.783	451.843	-9000	-1112.11	-0.0815217	-0.053453	-0.00820602	-0.045247	-0.134975	0	-1.18406	0	0	0	-0.0241315	0.0355217	-0.0596532	-0.0241315
351.783	172.455	-9000	-7456.74	-0.084855	-0.0272237	0.0179328	-0.0451566	-0.112079	0	-0.0559782	0	0	0	-0.0525265	0.00167935	-0.0542059	-0.0525265
333.783	345.001	-9000	-7815.87	-0.0881883	-0.0457052	-0.00112177	-0.0445835	-0.133893	0	-0.840312	0	0	0	-0.0288458	0.0252094	-0.0540552	-0.0288458
315.784	119.08	-9000	-5603.63	-0.0915215	-0.024727	0.0196704	-0.0443974	-0.116249	0	-2.14718	0	0	0	0.0185213	0.0644154	-0.0458941	0.0185213
297.784	94.7266	-9000	-1701.08	-0.0948548	-0.0236951	0.0203057	-0.0440008	-0.11855	0	-1.09147	0	0	0	-0.00175789	0.0327441	-0.034502	-0.00175789
279.784	188.324	-9000	-1873.46	-0.0981881	-0.0343107	0.00914602	-0.0434567	-0.132499	0	-1.26281	0	0	0	0.00949374	0.0378843	-0.0283906	0.00949374
261.784	-51.0254	-9000	-7504.63	-0.101521	-0.0118572	0.031281	-0.0431382	-0.113379	0	-2.25254	0	0	0	0.0484737	0.0675762	-0.0191024	0.0484737
243.785	-4.88281	-9000	-3448.85	-0.104855	-0.0177933	0.0248667	-0.0426601	-0.122648	0	-2.17059	0	0	0	0.0597126	0.0651178	-0.0054052	0.0597126
225.785	-30.3345	-9000	-5388.15	-0.108188	-0.0165465	0.0256119	-0.0421584	-0.124734	0	-2.29937	0	0	0	0.0765131	0.0689809	0.00753216	0.0765131
207.785	-58.2581	-9000	-6053.74	-0.111521	-0.0150374	0.0266043	-0.0416417	-0.126559	0	-2.66546	0	0	0	0.101934	0.0799638	0.0219701	0.101934
189.785	-35.2478	-9000	-4377.8	-0.114855	-0.0188619	0.0225033	-0.0413652	-0.133716	0	-2.95812	0	0	0	0.127121	0.0887436	0.0383779	0.127121
171.786	-194.305	-9000	-2060.21	-0.118188	-0.00399919	0.0366091	-0.0406083	-0.122187	0	-2.91662	0	0	0	0.143762	0.0874985	0.0562639	0.143762
154.118	-148.193	-8600.96	-6642.71	-0.114809	-0.00971096	0.0302311	-0.0399421	-0.12452	0	-2.57181	0	0	0	0.150209	0.0771542	0.0730548	0.150209
137.396	-165.222	-8120.96	-4933.25	-0.109906	-0.00907437	0.0302618	-0.0393362	-0.11898	0	-2.76337	0	0	0	0.171597	0.082901	0.0886964	0.171597
121.634	-183.441	-7640.97	-9941.92	-0.104825	-0.00822051	0.0305075	-0.038728	-0.113045	0	-2.66014	0	0	0	0.185109	0.0798041	0.105305	0.185109
106.832	-383.82	-7160.98	2306.81	-0.0995658	0.0107539	0.0490652	-0.0383113	-0.0888119	0	-1.57356	0	0	0	0.167391	0.0472069	0.120184	0.167391
92.9907	-1292.42	-6680.98	-11373.7	-0.0941292	0.0999189	0.138541	-0.0386221	0.00578966	0	-1.36604	0	0	0	0.169476	0.0409812	0.128495	0.169476
80.1089	-195.587	-6200.99	-7389.7	-0.0885148	-0.00938025	0.0275696	-0.0369499	-0.0978951	0	-1.97371	0	0	0	0.196921	0.0592114	0.13771	0.196921
68.187	-451.874	-5720.99	736.217	-0.0827227	0.0153671	0.0520061	-0.036639	-0.0673556	0	-2.34406	0	0	0	0.220458	0.0703219	0.150136	0.220458
57.2252	-236.908	-5241	-20.3507	-0.0767528	-0.00642438	0.0294133	-0.0358377	-0.0831771	0	-2.57394	0	0	0	0.241815	0.0772181	0.164596	0.241815
47.2233	-257.507	-4761.01	-14596.3	-0.0706051	-0.00477914	0.0304731	-0.0352522	-0.0753842	0	-2.23551	0	0	0	0.246959	0.0670653	0.179893	0.246959
38.1814	-267.242	-4281.01	-8826.22	-0.0642796	-0.0041159	0.0305424	-0.0346583	-0.0683955	0	-0.791358	0	0	0	0.214726	0.0237407	0.190985	0.214726
30.0995	-252.716	-3801.02	-13667.3	-0.0577763	-0.00579195	0.0282816	-0.0340735	-0.0635683	0	-1.66402	0	0	0	0.246628	0.0499207	0.196707	0.246628
22.9775	-221.1	-3321.03	-7940.37	-0.0510953	-0.00912943	0.0244077	-0.0335372	-0.0602248	0	-0.633852	0	0	0	0.224957	0.0190156	0.205941	0.224957
16.8155	129.974	-2841.03	664.391	-0.0442365	-0.0443803	-0.0113159	-0.0330644	-0.0886168	0	0.520832	0	0	0	0.191747	-0.015625	0.207372	0.191747
11.6135	-182.251	-2361.04	-16952.1	-0.0372	-0.013262	0.0193864	-0.0326484	-0.050462	0	0.266482	0	0	0	0.196211	-0.00799446	0.204205	0.196211
7.37151	-323.12	-1881.04	-15927.4	-0.0299856	0.000608779	0.0330492	-0.0324404	-0.0293769	0	-0.395466	0	0	0	0.215875	0.011864	0.204011	0.215875
4.08946	-116.638	-1401.05	-11186.9	-0.0225935	-0.0198894	0.0120728	-0.0319621	-0.0424829	0	1.74575	0	0	0	0.151892	-0.0523726	0.204264	0.151892
1.76738	4562.5	-921.056	-7380.13	-0.0150236	-0.488033	-0.456073	-0.0319601	-0.503057	0	3.01218	0	0	0	0.100216	-0.0903655	0.190581	0.100216
0.405284	-9.70459	-441.062	-12494.1	-0.00727599	-0.0306561	0.00101099	-0.0316671	-0.0379321	0	2.81849	0	0	0	0.088764	-0.0845548	0.173319	0.088764
0	4812.68	0	-6020.22	0	-0.50815	-0.481268	-0.0268818	-0.50815	0	4.42547	0	0	0	0.0213098	-0.132764	0.154074	0.0213098
0	108.093	0	-21089.3	0	-0.0425694	-0.0108093	-0.0317601	-0.0425694	0	4.91395	0	0	0	-0.021018	-0.147419	0.126401	-0.021018
0	164.032	0	-12968.2	0	-0.0484147	-0.0164032	-0.0320115	-0.0484147	0	5.54291	0	0	0	-0.0701048	-0.166287	0.0961825	-0.0701048
0	211.334	0	-2543.84	0	-0.053496	-0.0211334	-0.0323626	-0.053496	0	6.35491	0	0	0	-0.129054	-0.190647	0.0615937	-0.129054
0	264.771	0	147.243	0	-0.0592928	-0.0264771	-0.0328157	-0.0592928	0	6.55818	0	0	0	-0.173786	-0.196745	0.0229598	-0.173786
0	-4368.16	0	-2539.05	0	0.403204	0.436816	-0.0336126	0.403204	0	6.57308	0	0	0	-0.21361	-0.197192	-0.016418	-0.21361
0	303.772	0	506.374	0	-0.0643323	-0.0303772	-0.0339551	-0.0643323	0	6.28255	0	0	0	-0.244151	-0.188476	-0.0556745	-0.244151
0	4834.59	0	-8155.85	0	-0.513499	-0.483459	-0.0300401	-0.513499	0	5.49502	0	0	0	-0.256918	-0.164851	-0.0920672	-0.256918
0	306.152	0	-6178.24	0	-0.065796	-0.0306152	-0.0351807	-0.065796	0	4.84797	0	0	0	-0.269793	-0.145439	-0.124354	-0.269793
0	414.215	0	-6551.73	0	-0.0769084	-0.0414215	-0.0354869	-0.0769084	0	3.87208	0	0	0	-0.25506	-0.116162	-0.138898	-0.25506
0	229.645	0	-556.652	0	-0.0593599	-0.0229645	-0.0363954	-0.0593599	0	2.60671	0	0	0	-0.245365	-0.0782014	-0.167163	-0.245365
0	200.409	0	343.568	0	-0.056881	-0.0200409	-0.0368401	-0.056881	0	3.04411	0	0	0	-0.27497	-0.0913233	-0.183647	-0.27497
0	168.823	0	-8428.79	0	-0.0541063	-0.0168823	-0.037224	-0.0541063	0	2.63438	0	0	0	-0.280684	-0.0790315	-0.201653	-0.280684
0	146.881	0	-2606.09	0	-0.0522364	-0.0146881	-0.0375483	-0.0522364	0	1.58719	0	0	0	-0.263459	-0.0476156	-0.215843	-0.263459
0	128.723	0	-3961.21	0	-0.0507085	-0.0128723	-0.0378361	-0.0507085	0	0.919916	0	0	0	-0.252016	-0.0275975	-0.224418	-0.252016
0	4003.72	0	-3961.21	0	-0.438461	-0.400372	-0.0380888	-0.438461	0	0.020646	0	0	0	-0.229261	-0.000619379	-0.228642	-0.229261
0	98.3887	0	-4622.01	0	-0.0481585	-0.00983887	-0.0383196	-0.0481585	0	-0.784973	0	0	0	-0.203872	0.0235492	-0.227421	-0.203872
0	78.949	0	10327.4	0	-0.0463129	-0.0078949	-0.038418	-0.0463129	0	-0.971212	0	0	0	-0.19593	0.0291364	-0.225066	-0.19593
0	64.4226	0	1765.72	0	-0.0450084	-0.00644226	-0.0385661	-0.0450084	0	-0.724312	0	0	0	-0.197717	0.0217294	-0.219447	-0.197717
0	61.9812	0	-8002.62	0	-0.044961	-0.00619812	-0.0387629	-0.044961	0	-1.55228	0	0	0	-0.165622	0.0465684	-0.21219	-0.165622
0	69.2139	0	-1270.12	0	-0.0458083	-0.00692138	-0.0388869	-0.0458083	0	-3.619	0	0	0	-0.0910884	0.10857	-0.199658	-0.0910884
0	74.1272	0	-45610.7	0	-0.0464393	-0.00741272	-0.0390266	-0.0464393	0	-3.86058	0	0	0	-0.0610638	0.115817	-0.176881	-0.0610638
0	75.2258	0	-23574.5	0	-0.0466974	-0.00752258	-0.0391748	-0.0466974	0	-3.01878	0	0	0	-0.0637418	0.0905634	-0.154305	-0.0637418
0	69.2444	0	-11996.1	0	-0.0462462	-0.00692444	-0.0393218	-0.0462462	0	-0.192199	0	0	0	-0.134695	0.00576597	-0.140461	-0.134695
0	66.7725	0	-4071.34	0	-0.0460682	-0.00667725	-0.039391	-0.0460682	0	0.235619	0	0	0	-0.148327	-0.00706858	-0.141259	-0.148327
0	-1813.6	0	-18470.1	0	0.139917	0.18136	-0.0414426	0.139917	0	-1.24578	0	0	0	-0.103125	0.0373735	-0.140498	-0.103125
0	42.511	0	-19308	0	-0.0439288	-0.0042511	-0.0396777	-0.0439288	0	-0.784973	0	0	0	-0.109312	0.0235492	-0.132861	-0.109312
0	37.6587	0	-10655.4	0	-0.0435273	-0.00376587	-0.0397615	-0.0435273	0	-0.467833	0	0	0	-0.115086	0.014035	-0.129121	-0.115086
0	32.8064	0	-19030.3	0	-0.043115	-0.00328064	-0.0398343	-0.043115	0	-0.530623	0	0	0	-0.11029	0.0159187	-0.126209	-0.11029
0	30.365	0	-11775.9	0	-0.042934	-0.0030365	-0.0398975	-0.042934	0	-0.407173	0	0	0	-0.110791	0.0122152	-0.123006	-0.110791
0	23.0408	0	-8519.77	0	-0.0422599	-0.00230408	-0.0399558	-0.0422599	0	-0.168786	0	0	0	-0.116042	0.00506358	-0.121106	-0.116042
0	12.1765	0	-12053.6	0	-0.0412135	-0.00121765	-0.0399959	-0.0412135	0	-0.0368222	0	0	0	-0.118998	0.00110467	-0.120103	-0.118998
0	1.2207	0	-10545.3	0	-0.0401362	-0.00012207	-0.0400141	-0.0401362	0	0.222849	0	0	0	-0.127094	-0.00668546	-0.120409	-0.127094
0	-6.073	0	-7787.14	0	-0.0394044	0.0006073	-0.0400117	-0.0394044	0	0.12494	0	0	0	-0.125436	-0.0037482	-0.121688	-0.125436
0	-15.8386	0	-3511.1	0	-0.0384109	0.00158386	-0.0399947	-0.0384109	0	-0.278401	0	0	0	-0.113594	0.00835204	-0.121946	-0.113594
0	-24.231	0	-4305.97	0	-0.0375376	0.0024231	-0.0399607	-0.0375376	0	-0.613632	0	0	0	-0.101216	0.018409	-0.119624	-0.101216
0	-32.8064	0	-3242.95	0	-0.0366266	0.00328064	-0.0399073	-0.0366266	0	-0.782844	0	0	0	-0.0923041	0.0234853	-0.115789	-0.0923041
0	-42.511	0	-465.672	0	-0.0355857	0.0042511	-0.0398368	-0.0355857	0	-1.18831	0	0	0	-0.0747949	0.0356494	-0.110444	-0.0747949
0	-49.7742	0	-1231.82	0	-0.0347707	0.00497742	-0.0397481	-0.0347707	0	-1.22343	0	0	0	-0.0663656	0.036703	-0.103069	-0.0663656
0	-54.657	0	1650.8	0	-0.0341828	0.0054657	-0.0396485	-0.0341828	0	-1.32347	0	0	0	-0.0560238	0.0397041	-0.095728	-0.0560238
0	-59.5093	0	1569.4	0	-0.033587	0.00595093	-0.0395379	-0.033587	0	-1.48736	0	0	0	-0.0428023	0.0446208	-0.0874232	-0.0428023
0	1010.71	0	712.275	0	-0.140489	-0.101071	-0.0394177	-0.140489	0	-1.31815	0	0	0	-0.0391429	0.0395445	-0.0786874	-0.0391429
0	-65.5823	0	-1480.81	0	-0.0327344	0.00655823	-0.0392926	-0.0327344	0	-1.17129	0	0	0	-0.0359368	0.0351386	-0.0710754	-0.0359368
0	-66.8335	0	-446.519	0	-0.0325437	0.00668335	-0.039227	-0.0325437	0	-1.24153	0	0	0	-0.0303158	0.0372458	-0.0675615	-0.0303158
0	-63.1714	0	1574.19	0	-0.0327762	0.00631714	-0.0390934	-0.0327762	0	-1.32134	0	0	0	-0.0201656	0.0396403	-0.0598059	-0.0201656
0	-65.6433	0	1904.59	0	-0.0323335	0.00656433	-0.0388978	-0.0323335	0	-1.21173	0	0	0	-0.0125453	0.0363518	-0.0488971	-0.0125453
0	-64.4531	0	539.893	0	-0.0323237	0.00644531	-0.0387691	-0.0323237	0	-1.21598	0	0	0	-0.00503872	0.0364795	-0.0415182	-0.00503872
0	-60.6995	0	2072.18	0	-0.0325703	0.00606995	-0.0386402	-0.0325703	0	-1.05635	0	0	0	-0.00279362	0.0316905	-0.0344841	-0.00279362
0	-57.0984	0	1693.9	0	-0.0328102	0.00570984	-0.03852	-0.0328102	0	-0.836055	0	0	0	-0.00324954	0.0250817	-0.0283312	-0.00324954
0	-53.5278	0	985.214	0	-0.0330543	0.00535278	-0.0384071	-0.0330543	0	-0.435907	0	0	0	-0.0109081	0.0130772	-0.0239853	-0.0109081
