0	-0.106698	0	-142.263	0	0	0	0	0	0	-0.00197414	0	-41.9656	0	0	0	0	0
0	-0.369149	0	125.887	0	0.000390488	0.000369149	2.13395e-05	0.000390488	0.0301593	0.0139892	30.1593	4.48195	0.0557165	0	0	0	0.0557165
0	2.87035	0	1136.24	0	-0.00351793	-0.00287035	-0.000647579	-0.00351793	0.120637	-0.122764	60.3186	-88.8919	0.112646	0	0	0	0.112646
0	2.94965	0	10.9654	0	-0.00480224	-0.00294965	-0.00185259	-0.00480224	0.271434	-0.229718	90.4779	13.5799	0.170787	0	0	0	0.170787
0	2.95376	0	-63.2548	0	-0.00588972	-0.00295376	-0.00293596	-0.00588972	0.482549	-0.128085	120.637	5.20021	0.230142	0	0	0	0.230142
0	-0.0232745	0	-1016.15	0	-0.00362374	2.32745e-05	-0.00364702	-0.00362374	0.753982	0.0134571	150.796	112.46	0.290709	0	0	0	0.290709
0	1.89114	0	137.858	0	-0.00608694	-0.00189114	-0.0041958	-0.00608694	1.05558	0.63124	150.796	266.168	0.296772	0	0	0	0.296772
0	0.307968	0	-68.0432	0	-0.00487544	-0.000307968	-0.00456747	-0.00487544	1.35717	1.00532	150.796	145.022	0.302836	0	0	0	0.302836
0	0.0808732	0	494.594	0	-0.00470931	-8.08732e-05	-0.00462843	-0.00470931	1.65876	1.373	150.796	154.359	0.308899	0	0	0	0.308899
0	-0.584738	0	238.415	0	-0.00398414	0.000584738	-0.00456887	-0.00398414	1.96035	1.59064	150.796	101.926	0.314963	0	0	0	0.314963
0	-0.175067	0	-87.1968	0	-0.00414532	0.000175067	-0.00432039	-0.00414532	2.26195	1.79923	150.796	92.828	0.321026	0	0	0	0.321026
0	-1.04023	0	595.151	0	-0.00318117	0.00104023	-0.0042214	-0.00318117	2.56354	2.02644	150.796	71.5196	0.327089	0	0	0	0.327089
0	-1.75318	0	-223.666	0	-0.00181184	0.00175318	-0.00356502	-0.00181184	2.86513	2.19512	150.796	83.9694	0.333153	0	0	0	0.333153
0	0.848333	0	-716.872	0	-0.00420215	-0.000848333	-0.00335382	-0.00420215	3.16673	2.36433	150.796	83.4906	0.339216	0	0	0	0.339216
0	4.5882	0	343.76	0	-0.00862713	-0.0045882	-0.00403892	-0.00862713	3.46832	2.54418	150.796	77.0263	0.34528	0	0	0	0.34528
0	5.28142	0	348.548	0	-0.0114488	-0.00528142	-0.00616738	-0.0114488	3.76991	2.70329	150.796	54.0419	0.351343	0	0	0	0.351343
0	3.72772	0	288.693	0	-0.0117598	-0.00372772	-0.00803212	-0.0117598	4.0715	2.86558	150.796	100.25	0.357406	0	0	0	0.357406
0	2.2317	0	-1152.62	0	-0.0115793	-0.0022317	-0.00934759	-0.0115793	4.3731	2.99754	150.796	32.2547	0.36347	0	0	0	0.36347
0	2.27079	0	-738.42	0	-0.0120647	-0.00227079	-0.00979393	-0.0120647	4.52389	3.06033	150.796	73.6744	0.366501	0	0	0	0.366501
0	2.6289	0	-175.782	0	-0.013383	-0.0026289	-0.0107541	-0.013383	4.82549	3.27265	150.796	98.3347	0.372565	0	0	0	0.372565
0	2.20411	0	-470.269	0	-0.0139613	-0.00220411	-0.0117571	-0.0139613	5.12708	3.53604	150.796	111.024	0.378628	0	0	0	0.378628
0	4.88485	0	-309.858	0	-0.0176546	-0.00488485	-0.0127698	-0.0176546	5.42867	3.81487	150.796	155.796	0.384692	0	0	0	0.384692
0	7.00181	0	-101.562	0	-0.0218689	-0.00700181	-0.014867	-0.0218689	5.73026	3.95056	150.796	34.8883	0.390755	0	0	0	0.390755
0	6.58611	0	683.736	0	-0.0241406	-0.00658611	-0.0175545	-0.0241406	6.03186	4.01973	150.796	13.8193	0.396818	0	0	0	0.396818
0	4.01665	0	-566.037	0	-0.024175	-0.00401665	-0.0201583	-0.024175	6.33345	4.26983	150.796	124.431	0.402882	0	0	0	0.402882
0	-3.48592	0	-1217.26	0	-0.017608	0.00348592	-0.0210939	-0.017608	6.63504	4.69445	150.796	180.456	0.408945	0	0	0	0.408945
0	-11.1236	0	-496.605	0	-0.00804272	0.0111236	-0.0191664	-0.00804272	6.93663	5.12599	150.796	187.399	0.415008	0	0	0	0.415008
0	-10.9507	0	-580.402	0	-0.00369832	0.0109507	-0.014649	-0.00369832	7.23822	5.60224	150.796	192.906	0.421072	0	0	0	0.421072
0	-12.9043	0	-297.887	0	0.00275298	0.0129043	-0.0101514	0.00275298	7.53982	6.01569	150.796	186.202	0.427135	0	0	0	0.427135
0	-8.54622	0	-503.788	0	0.0029494	0.00854622	-0.00559682	0.0029494	7.84141	6.49193	150.796	162.739	0.433199	0	0	0	0.433199
0	-8.44267	0	197.713	0	0.0065647	0.00844267	-0.00187796	0.0065647	8.143	6.75532	150.796	155.796	0.439262	0	0	0	0.439262
0	-1.50511	0	85.1857	0	0.00255242	0.00150511	0.00104732	0.00255242	8.44459	7.08736	150.796	156.035	0.445325	0	0	0	0.445325
0	4.24353	0	415.586	0	-0.00294634	-0.00424353	0.00129719	-0.00294634	8.74619	7.47527	150.796	150.289	0.451389	0	0	0	0.451389
0	0.890714	0	-613.921	0	-0.000879256	-0.000890714	1.14576e-05	-0.000879256	9.04778	7.98983	150.796	202.961	0.457452	0	0	0	0.457452
0	1.84538	0	-403.231	0	-0.00191988	-0.00184538	-7.45058e-05	-0.00191988	9.34937	8.3208	150.796	181.892	0.463516	0	0	0	0.463516
0	3.07411	0	-44.1012	0	-0.00375807	-0.00307411	-0.000683957	-0.00375807	9.65097	8.55227	150.796	102.405	0.469579	0	0	0	0.469579
0	2.0041	0	338.971	0	-0.00451115	-0.0020041	-0.00250704	-0.00451115	9.95256	8.82205	150.796	101.447	0.475642	0	0	0	0.475642
0	6.99084	0	-544.489	0	-0.0112325	-0.00699084	-0.00424166	-0.0112325	10.2542	9.21315	150.796	149.571	0.481706	0	0	0	0.481706
0	6.51151	0	504.171	0	-0.0132755	-0.00651151	-0.00676396	-0.0132755	10.5557	9.54785	150.796	186.92	0.487769	0	0	0	0.487769
0	6.34903	0	-539.701	0	-0.0158071	-0.00634903	-0.00945811	-0.0158071	10.8573	9.86499	150.796	162.499	0.493833	0	0	0	0.493833
0	9.19546	0	789.081	0	-0.021118	-0.00919546	-0.0119226	-0.021118	11.1589	10.3263	150.796	141.191	0.499896	0	0	0	0.499896
0	11.6012	0	-446.327	0	-0.0275996	-0.0116012	-0.0159984	-0.0275996	11.4605	10.7515	150.796	202.004	0.505959	0	0	0	0.505959
0	10.228	0	-125.504	0	-0.0309413	-0.010228	-0.0207132	-0.0309413	11.7621	11.0904	150.796	142.627	0.512023	0	0	0	0.512023
0	-9.59588	0	480.229	0	-0.0130397	0.00959588	-0.0226356	-0.0130397	12.0428	11.4235	125.664	158.19	0.47174	0	0	0	0.47174
0	-14.7008	0	-2153.39	0	0.00123459	0.0147008	-0.0134662	0.00123459	12.3519	12.2356	80.4248	319.08	0.39529	0	0	0	0.39529
0	-15.2814	0	-819.823	0	0.00756681	0.0152814	-0.00771462	0.00756681	12.4826	12.8411	50.2654	259.943	0.342807	0	-0	0	0.342807
0	-0.0891428	0	-324.223	0	-0.00276902	8.91428e-05	-0.00285816	-0.00276902	12.553	12.8767	20.1061	4.48195	0.289112	0	-0	0	0.289112
0	13.1886	0	391.644	0	-0.0175751	-0.0131886	-0.00438657	-0.0175751	12.5664	12.7623	0	-40.7685	0.252641	0	-0	0	0.252641
0	13.0825	0	324.606	0	-0.023198	-0.0130825	-0.0101155	-0.023198	12.5664	12.7288	0	9.03093	0.252641	0	-0	0	0.252641
0	0.290071	0	30.1191	0	-0.0146278	-0.000290072	-0.0143377	-0.0146278	12.5664	12.7469	0	49.9718	0.252641	0	-0	0	0.252641
0	-9.413	0	-745.602	0	-0.00387481	0.009413	-0.0132878	-0.00387481	12.5664	12.6682	0	-96.0745	0.252641	0	-0	0	0.252641
0	-9.13084	0	22.9365	0	-0.000525374	0.00913084	-0.00965621	-0.000525374	12.5664	12.3473	0	-119.298	0.252641	0	0	0	0.252641
0	-12.5731	0	506.565	0	0.00702079	0.0125731	-0.0055523	0.00702079	12.5664	11.8939	0	-179.632	0.252641	0	0	0	0.252641
0	-12.2333	0	-417.597	0	0.011556	0.0122333	-0.000677327	0.011556	12.5664	11.762	0	-31.1917	0.252641	0	0	0	0.252641
0	-8.43266	0	-398.443	0	0.0118852	0.00843266	0.00345253	0.0118852	12.5664	11.7151	0	-70.4566	0.252641	0	0	0	0.252641
0	-5.65023	0	774.716	0	0.0119139	0.00565023	0.00626368	0.0119139	12.5664	11.6194	0	-44.5992	0.252641	0	0	0	0.252641
0	-7.19538	0	247.991	0	0.0156369	0.00719538	0.00844148	0.0156369	12.5664	11.423	0	-36.4589	0.252641	0	0	0	0.252641
0	-4.63066	0	1078.78	0	0.0161664	0.00463066	0.0115358	0.0161664	12.5664	11.0878	0	-115.707	0.252641	0	0	0	0.252641
0	-7.30511	0	516.142	0	0.020335	0.00730511	0.0130299	0.020335	12.5664	10.9053	0	-132.706	0.252641	0	0	0	0.252641
0	-8.1897	0	240.809	0	0.0247081	0.0081897	0.0165184	0.0247081	12.5664	10.9148	0	-15.1505	0.252641	0	0	0	0.252641
0	-8.26986	0	66.0321	0	0.0279798	0.00826986	0.0197099	0.0279798	12.5664	10.893	0	39.6767	0.252641	0	0	0	0.252641
0	-7.12023	0	403.615	0	0.0297987	0.00712023	0.0226785	0.0297987	12.5664	10.8462	0	16.453	0.252641	0	0	0	0.252641
0	-0.200751	0	729.226	0	0.025321	0.000200751	0.0251203	0.025321	12.5664	10.7052	0	-128.157	0.252641	0	0	0	0.252641
0	0.905753	0	1126.66	0	0.0243408	-0.000905753	0.0252465	0.0243408	12.5664	10.5413	0	-71.1748	0.252641	0	0	0	0.252641
0	2.37507	0	338.971	0	0.0222271	-0.00237507	0.0246021	0.0222271	12.5664	10.4061	0	-23.5302	0.252641	0	0	0	0.252641
0	6.6102	0	595.151	0	0.0165382	-0.0066102	0.0231484	0.0165382	12.5664	10.2423	0	-21.3754	0.252641	0	0	0	0.252641
0	4.79268	0	755.562	0	0.0155744	-0.00479268	0.020367	0.0155744	12.5664	10.0651	0	-153.775	0.252641	0	0	0	0.252641
0	7.05949	0	767.533	0	0.0116428	-0.00705949	0.0187023	0.0116428	12.5664	9.89106	0	-58.725	0.252641	0	0	0	0.252641
0	2.861	0	209.684	0	0.0138108	-0.002861	0.0166718	0.0138108	12.5664	9.70589	0	-47.9511	0.252641	0	0	0	0.252641
0	6.07509	0	1114.69	0	0.00844835	-0.00607509	0.0145234	0.00844835	12.5664	9.38822	0	-107.327	0.252641	0	0	0	0.252641
0	7.92105	0	-290.704	0	0.00388185	-0.00792105	0.0118029	0.00388185	12.5664	9.31053	0	-50.5847	0.252641	0	0	0	0.252641
0	8.67344	0	951.887	0	-0.000142515	-0.00867344	0.00853093	-0.000142515	12.5664	9.17218	0	-46.5145	0.252641	0	0	0	0.252641
0	7.2852	0	1141.03	0	-0.00225462	-0.0072852	0.00503058	-0.00225462	12.5664	8.9157	0	-87.9342	0.252641	0	0	0	0.252641
0	1.37294	0	164.194	0	0.00156062	-0.00137294	0.00293356	0.00156062	12.5664	8.77256	0	-59.6827	0.252641	0	0	0	0.252641
0	-6.95706	0	-424.779	0	0.0104145	0.00695706	0.0034574	0.0104145	12.5664	8.59963	0	-99.4264	0.252641	0	0	0	0.252641
0	-5.71453	0	528.113	0	0.0118605	0.00571453	0.00614592	0.0118605	12.5664	8.49799	0	-36.2195	0.252641	0	0	0	0.252641
0	-0.937926	0	887.243	0	0.00891016	0.000937926	0.00797223	0.00891016	12.5664	8.27451	0	-74.0479	0.252641	0	0	0	0.252641
0	-1.19618	0	1076.39	0	0.00909756	0.00119618	0.00790138	0.00909756	12.5664	8.02867	0	-141.325	0.252641	0	0	0	0.252641
0	1.34583	0	935.127	0	0.00698093	-0.00134583	0.00832676	0.00698093	12.5664	7.69663	0	-127.678	0.252641	0	0	0	0.252641
0	6.93477	0	508.959	0	0.000270469	-0.00693477	0.00720524	0.000270469	12.5664	7.4758	0	-72.1325	0.252641	0	0	0	0.252641
0	11.2182	0	1090.75	0	-0.00725271	-0.0112182	0.00396552	-0.00725271	12.5664	7.34703	0	-70.4566	0.252641	0	0	0	0.252641
0	12.3097	0	956.675	0	-0.0128607	-0.0123097	-0.000551055	-0.0128607	12.5664	7.18208	0	-91.0467	0.252641	0	0	0	0.252641
0	9.72075	0	-508.576	0	-0.0148394	-0.00972075	-0.00511868	-0.0148394	12.5664	6.93518	0	-102.06	0.252641	0	0	0	0.252641
0	9.61892	0	-1365.7	0	-0.0188294	-0.00961892	-0.00921049	-0.0188294	12.5664	6.71701	0	-38.8531	0.252641	0	0	0	0.252641
0	4.33707	0	-1375.28	0	-0.0164937	-0.00433707	-0.0121566	-0.0164937	12.5664	6.61485	0	-50.8241	0.252641	0	0	0	0.252641
0	0.654589	0	-1176.56	0	-0.0142931	-0.000654589	-0.0136385	-0.0142931	12.5664	6.53929	0	-70.2171	0.252641	0	0	0	0.252641
0	2.085	0	-628.286	0	-0.0159735	-0.002085	-0.0138885	-0.0159735	12.5664	6.36103	0	-65.1893	0.252641	0	0	0	0.252641
0	-0.365551	0	343.759	0	-0.0140806	0.000365551	-0.0144461	-0.0140806	12.5664	6.17372	0	-55.1337	0.252641	0	0	0	0.252641
0	-2.96297	0	377.278	0	-0.0111326	0.00296297	-0.0140955	-0.0111326	12.5664	6.02527	0	-60.4009	0.252641	0	0	0	0.252641
0	-9.17897	0	-690.536	0	-0.00296059	0.00917897	-0.0121396	-0.00296059	12.5664	5.92736	0	-83.8641	0.252641	0	0	0	0.252641
0	-7.97032	0	-233.243	0	-0.000612754	0.00797032	-0.00858308	-0.000612754	12.5664	5.87361	0	-21.8543	0.252641	0	0	0	0.252641
0	-3.62635	0	760.351	0	-0.00221801	0.00362635	-0.00584436	-0.00221801	12.5664	5.86297	0	26.748	0.252641	0	0	0	0.252641
0	-6.85086	0	1433.12	0	0.00297586	0.00685086	-0.003875	0.00297586	12.5664	5.73633	0	-70.696	0.252641	0	0	0	0.252641
0	-7.32008	0	-32.1302	0	0.00622373	0.00732008	-0.00109634	0.00622373	12.5664	5.70121	0	-17.0659	0.252641	0	0	0	0.252641
0	-6.38353	0	73.2147	0	0.00808442	0.00638353	0.0017009	0.00808442	12.5664	5.66981	0	-19.4601	0.252641	0	0	0	0.252641
0	-5.96943	0	-144.658	0	0.0103565	0.00596943	0.00438704	0.0103565	12.5664	5.62405	0	21.4808	0.252641	0	0	0	0.252641
0	-2.64347	0	406.009	0	0.00903615	0.00264347	0.00639268	0.00903615	12.5664	5.56818	0	-57.049	0.252641	0	0	0	0.252641
0	0.106721	0	525.719	0	0.00722385	-0.000106721	0.00733057	0.00722385	12.5664	5.52189	0	-29.2763	0.252641	0	0	0	0.252641
0	2.03747	0	192.925	0	0.00520176	-0.00203747	0.00723923	0.00520176	12.5664	5.48517	0	15.0164	0.252641	0	0	0	0.252641
0	-0.571816	0	140.252	0	0.00722608	0.000571816	0.00665426	0.00722608	12.5664	5.42132	0	-26.1638	0.252641	0	0	0	0.252641
0	-3.86332	0	214.473	0	0.0113726	0.00386332	0.00750923	0.0113726	12.5664	5.34256	0	-46.5145	0.252641	0	0	0	0.252641
0	-4.32543	0	66.0321	0	0.0133393	0.00432543	0.00901386	0.0133393	12.5664	5.31968	0	-12.038	0.252641	0	0	0	0.252641
0	-6.13539	0	633.458	0	0.0169076	0.00613539	0.0107722	0.0169076	12.5664	5.23135	0	-23.2908	0.252641	0	0	0	0.252641
0	-9.54256	0	-161.417	0	0.023287	0.00954256	0.0137445	0.023287	12.5664	5.13983	0	-45.3175	0.252641	0	0	0	0.252641
0	-6.90232	0	655.006	0	0.0241178	0.00690232	0.0172155	0.0241178	12.5664	5.14515	0	-23.0514	0.252641	0	0	0	0.252641
0	-7.79534	0	1588.74	0	0.0281484	0.00779534	0.0203531	0.0281484	12.5664	5.14036	0	-5.33428	0.252641	0	0	0	0.252641
0	-1.82294	0	286.299	0	0.0245087	0.00182294	0.0226858	0.0245087	12.5664	5.14568	0	32.0153	0.252641	0	0	0	0.252641
0	3.46975	0	257.568	0	0.019244	-0.00346975	0.0227137	0.019244	12.5664	5.11908	0	-38.3743	0.252641	0	0	0	0.252641
0	5.36616	0	1464.25	0	0.0157712	-0.00536616	0.0211373	0.0157712	12.5664	5.12972	0	29.6211	0.252641	0	0	0	0.252641
0	3.93325	0	743.591	0	0.0146171	-0.00393325	0.0185503	0.0146171	12.5664	5.24732	0	25.5509	0.252641	0	0	0	0.252641
0	1.52145	0	250.386	0	0.0157588	-0.00152145	0.0172802	0.0157588	12.5664	5.19304	0	-22.3331	0.252641	0	0	0	0.252641
0	1.01062	0	-336.194	0	0.0159099	-0.00101062	0.0169205	0.0159099	12.5664	5.07066	0	-39.3319	0.252641	0	0	0	0.252641
0	3.02718	0	504.171	0	0.013215	-0.00302718	0.0162422	0.013215	12.5664	5.06427	0	6.87615	0.252641	0	0	0	0.252641
0	1.7586	0	1059.63	0	0.0132888	-0.0017586	0.0150474	0.0132888	12.5664	5.06161	0	-16.587	0.252641	0	0	0	0.252641
0	-0.56712	0	293.481	0	0.0151659	0.00056712	0.0145988	0.0151659	12.5664	5.10684	0	22.199	0.252641	0	0	0	0.252641
0	-1.19729	0	322.212	0	0.0161909	0.00119729	0.0149936	0.0161909	12.5664	5.06374	0	-16.1082	0.252641	0	0	0	0.252641
0	0.290598	0	370.096	0	0.0149133	-0.000290598	0.0152039	0.0149133	12.5664	4.91528	0	-41.9656	0.252641	0	0	0	0.252641
0	0.760457	0	1157.79	0	0.0140817	-0.000760457	0.0148421	0.0140817	12.5664	4.86898	0	-32.1493	0.252641	0	0	0	0.252641
0	1.54881	0	813.023	0	0.0128654	-0.00154881	0.0144142	0.0128654	12.5664	4.85834	0	-21.136	0.252641	0	0	0	0.252641
0	3.42242	0	707.678	0	0.010269	-0.00342242	0.0136914	0.010269	12.5664	4.72957	0	-33.5859	0.252641	0	0	0	0.252641
0	4.39301	0	-156.629	0	0.00766675	-0.00439301	0.0120598	0.00766675	12.5664	4.60612	0	-46.754	0.252641	0	0	0	0.252641
0	5.74998	0	501.777	0	0.00453525	-0.00574999	0.0102852	0.00453525	12.5664	4.5295	0	-53.6972	0.252641	0	0	0	0.252641
0	2.97669	0	271.933	0	0.00493327	-0.0029767	0.00790997	0.00493327	12.5664	4.4699	0	-12.038	0.252641	0	0	0	0.252641
0	0.66348	0	-250.003	0	0.00619407	-0.00066348	0.00685755	0.00619407	12.5664	4.46618	0	16.2135	0.252641	0	0	0	0.252641
0	0.28039	0	-446.327	0	0.00633167	-0.00028039	0.00661206	0.00633167	12.5664	4.37944	0	-61.3586	0.252641	0	0	0	0.252641
0	1.66379	0	1076.39	0	0.00474066	-0.00166379	0.00640445	0.00474066	12.5664	4.27887	0	-54.176	0.252641	0	0	0	0.252641
0	4.24932	0	1236.8	0	0.00134558	-0.00424932	0.0055949	0.00134558	12.5664	4.17192	0	-42.9233	0.252641	0	0	0	0.252641
0	3.57123	0	161.8	0	0.0004585	-0.00357123	0.00402973	0.0004585	12.5664	4.17032	0	28.6634	0.252641	0	0	0	0.252641
0	2.37696	0	-458.298	0	0.00026399	-0.00237696	0.00264095	0.00026399	12.5664	4.15383	0	-31.4311	0.252641	0	0	0	0.252641
0	1.3129	0	18.1481	0	0.000973658	-0.0013129	0.00228656	0.000973658	12.5664	4.05698	0	-41.7261	0.252641	0	0	0	0.252641
0	0.80365	0	142.647	0	0.00122033	-0.00080365	0.00202398	0.00122033	12.5664	4.00324	0	-30.234	0.252641	0	0	0	0.252641
0	-0.0156973	0	-290.704	0	0.00187617	1.56973e-05	0.00186047	0.00187617	12.5664	4.01973	0	4.0031	0.252641	0	0	0	0.252641
0	0.953129	0	374.884	0	0.000961382	-0.000953129	0.00191451	0.000961382	12.5664	3.96865	0	-11.3198	0.252641	0	0	0	0.252641
0	2.80516	0	836.965	0	-0.00145727	-0.00280516	0.00134789	-0.00145727	12.5664	3.86542	0	-40.2896	0.252641	0	0	0	0.252641
0	3.83018	0	140.252	0	-0.00383193	-0.00383018	-1.74833e-06	-0.00383193	12.5664	3.84414	0	-33.3464	0.252641	0	0	0	0.252641
0	1.56224	0	-352.953	0	-0.00302174	-0.00156224	-0.0014595	-0.00302174	12.5664	3.84148	0	4.48195	0.252641	0	0	0	0.252641
0	1.00743	0	-139.869	0	-0.00315275	-0.00100743	-0.00214531	-0.00315275	12.5664	3.80316	0	17.1712	0.252641	0	0	0	0.252641
0	0.124588	0	-297.887	0	-0.00241058	-0.000124588	-0.002286	-0.00241058	12.5664	3.6547	0	-85.3006	0.252641	0	0	0	0.252641
0	-0.0847017	0	540.084	0	-0.00227464	8.47017e-05	-0.00235935	-0.00227464	12.5664	3.52913	0	-68.0624	0.252641	0	0	0	0.252641
0	-0.552471	0	370.096	0	-0.00178993	0.000552471	-0.00234241	-0.00178993	12.5664	3.52008	0	-85.0612	0.252641	0	0	0	0.252641
0	-1.66014	0	-178.176	0	-0.00042041	0.00166014	-0.00208055	-0.00042041	12.5664	3.48496	0	3.28484	0.252641	0	0	0	0.252641
0	0.527201	0	39.6959	0	-0.00202481	-0.000527201	-0.0014976	-0.00202481	12.5664	3.49028	0	28.9028	0.252641	0	0	0	0.252641
0	-0.465396	0	257.568	0	-0.00103889	0.000465396	-0.00150429	-0.00103889	12.5664	3.34927	0	-68.0624	0.252641	0	0	0	0.252641
0	-0.494668	0	1014.14	0	-0.000939688	0.000494668	-0.00143436	-0.000939688	12.5664	3.13589	0	-65.1893	0.252641	0	0	0	0.252641
0	0.470089	0	176.165	0	-0.00184465	-0.000470089	-0.00137456	-0.00184465	12.5664	3.00287	0	-117.862	0.252641	0	0	0	0.252641
0	0.922634	0	-391.26	0	-0.00251077	-0.000922634	-0.00158814	-0.00251077	12.5664	2.93848	0	-6.05254	0.252641	0	0	0	0.252641
0	0.527891	0	-123.11	0	-0.00233816	-0.000527891	-0.00181027	-0.00233816	12.5664	2.9736	0	39.9161	0.252641	0	0	0	0.252641
0	0.280377	0	233.626	0	-0.00237774	-0.000280377	-0.00209737	-0.00237774	12.5664	2.96881	0	-14.4322	0.252641	0	0	0	0.252641
0	-0.747331	0	-161.417	0	-0.00152057	0.000747331	-0.0022679	-0.00152057	12.5664	2.84696	0	-99.4264	0.252641	0	0	0	0.252641
0	-0.0535022	0	68.4263	0	-0.00190918	5.35022e-05	-0.00196269	-0.00190918	12.5664	2.71553	0	-21.3754	0.252641	0	0	0	0.252641
0	-0.0801933	0	279.116	0	-0.00176902	8.01933e-05	-0.00184922	-0.00176902	12.5664	2.66551	0	3.04542	0.252641	0	0	0	0.252641
0	1.1664	0	597.545	0	-0.00321667	-0.0011664	-0.00205027	-0.00321667	12.5664	2.63039	0	-31.6705	0.252641	0	0	0	0.252641
0	1.74873	0	518.536	0	-0.00429261	-0.00174873	-0.00254388	-0.00429261	12.5664	2.58409	0	-74.5267	0.252641	0	0	0	0.252641
0	0.959716	0	-51.2838	0	-0.00404291	-0.000959716	-0.00308319	-0.00404291	12.5664	2.50055	0	2.56658	0.252641	0	0	0	0.252641
0	0.86569	0	-190.148	0	-0.00423067	-0.00086569	-0.00336498	-0.00423067	12.5664	2.44947	0	-11.3198	0.252641	0	0	0	0.252641
0	-1.51535	0	-575.614	0	-0.00178498	0.00151535	-0.00330033	-0.00178498	12.5664	2.39626	0	-61.8374	0.252641	0	0	0	0.252641
0	-0.426335	0	80.3973	0	-0.00226231	0.000426335	-0.00268864	-0.00226231	12.5664	2.37976	0	3.28484	0.252641	0	0	0	0.252641
0	-0.719412	0	-228.455	0	-0.00168676	0.000719412	-0.00240617	-0.00168676	12.5664	2.35582	0	1.6089	0.252641	0	0	0	0.252641
0	1.10478	0	142.647	0	-0.00353065	-0.00110478	-0.00242588	-0.00353065	12.5664	2.21161	0	-46.0357	0.252641	0	0	0	0.252641
0	2.16088	0	398.826	0	-0.00527868	-0.00216088	-0.00311781	-0.00527868	12.5664	2.10892	0	-19.4601	0.252641	0	0	0	0.252641
0	2.60643	0	523.325	0	-0.00664456	-0.00260643	-0.00403813	-0.00664456	12.5664	2.07486	0	-38.1348	0.252641	0	0	0	0.252641
0	2.41189	0	-606.739	0	-0.00737788	-0.00241189	-0.00496599	-0.00737788	12.5664	2.03176	0	-58.2461	0.252641	0	0	0	0.252641
0	1.85285	0	-305.069	0	-0.00757487	-0.00185285	-0.00572202	-0.00757487	12.5664	1.99824	0	6.87615	0.252641	0	0	0	0.252641
0	1.16749	0	305.452	0	-0.00753587	-0.00116749	-0.00636838	-0.00753587	12.5664	1.89288	0	5.67905	0.252641	0	0	0	0.252641
0	1.43114	0	712.467	0	-0.00837459	-0.00143114	-0.00694345	-0.00837459	12.5664	1.76145	0	-92.4832	0.252641	0	0	0	0.252641
0	-0.0830987	0	-223.666	0	-0.00714359	8.30987e-05	-0.00722669	-0.00714359	12.5664	1.73005	0	-64.9499	0.252641	0	0	0	0.252641
0	-0.3633	0	554.449	0	-0.00684372	0.0003633	-0.00720702	-0.00684372	12.5664	1.70877	0	-1.9824	0.252641	0	0	0	0.252641
0	-1.01156	0	116.31	0	-0.00611094	0.00101156	-0.0071225	-0.00611094	12.5664	1.70504	0	10.228	0.252641	0	0	0	0.252641
0	-2.15932	0	-429.568	0	-0.00395503	0.0024508	-0.00640583	-0.00395503	12.5664	1.67578	0	0.651222	0.252641	0	0	0	0.252641
0	-2.14124	0	-56.0722	0	-0.00334256	0.00214124	-0.0054838	-0.00334256	12.5664	1.63374	0	2.56658	0.252641	0	0	0	0.252641
0	-0.805508	0	458.681	0	-0.0038922	0.000805508	-0.00469771	-0.0038922	12.5664	1.56137	0	-34.0647	0.252641	0	0	0	0.252641
0	-0.124708	0	46.8785	0	-0.00413918	0.000124708	-0.00426389	-0.00413918	12.5664	1.51774	0	-35.9801	0.252641	0	0	0	0.252641
0	-0.447989	0	-345.771	0	-0.00358723	0.000447989	-0.00403522	-0.00358723	12.5664	1.46772	0	-15.8688	0.252641	0	0	0	0.252641
0	-1.26955	0	-127.898	0	-0.00261901	0.00126955	-0.00388856	-0.00261901	12.5664	1.41238	0	25.5509	0.252641	0	0	0	0.252641
0	-1.93987	0	-405.626	0	-0.00148877	0.00193987	-0.00342863	-0.00148877	12.5664	1.3597	0	-84.5824	0.252641	0	0	0	0.252641
0	-2.66985	0	-36.9186	0	7.81191e-05	0.00266985	-0.00259173	7.81191e-05	12.5664	1.31234	0	-33.3464	0.252641	0	0	0	0.252641
0	-3.28146	0	-283.521	0	0.0018119	0.00328146	-0.00146956	0.0018119	12.5664	1.30702	0	32.9729	0.252641	0	0	0	0.252641
0	-3.63621	0	111.522	0	0.00272977	0.00278638	-5.66147e-05	0.00272977	12.5664	1.22455	0	-10.8409	0.252641	0	0	0	0.252641
0	-3.41207	0	109.128	0	0.00463997	0.00341207	0.0012279	0.00463997	12.5664	1.16921	0	-74.2873	0.252641	0	0	0	0.252641
0	-2.66556	0	568.814	0	0.00522135	0.00266556	0.0025558	0.00522135	12.5664	1.13196	0	-16.8265	0.252641	0	0	0	0.252641
0	-2.79755	0	190.531	0	0.00641493	0.00279755	0.00361738	0.00641493	12.5664	1.11546	0	19.0866	0.252641	0	0	0	0.252641
0	-3.05727	0	-216.484	0	0.00792946	0.00305727	0.00487219	0.00792946	12.5664	1.09311	0	-25.4456	0.252641	0	0	0	0.252641
0	-3.12798	0	56.4553	0	0.00935481	0.00312798	0.00622683	0.00935481	12.5664	1.0399	0	-13.4746	0.252641	0	0	0	0.252641
0	-1.98523	0	846.542	0	0.0093317	0.00198523	0.00734647	0.0093317	12.5664	1.00744	0	-11.5592	0.252641	0	0	0	0.252641
0	-0.423076	0	415.586	0	0.00838802	0.000423076	0.00796495	0.00838802	12.5664	0.98403	0	-11.0804	0.252641	0	0	0	0.252641
0	-0.0176024	0	398.826	0	0.00825392	1.76024e-05	0.00823632	0.00825392	12.5664	0.932416	0	-27.6004	0.252641	0	0	0	0.252641
0	1.55605	0	599.939	0	0.0070158	-0.00121857	0.00823437	0.0070158	12.5664	0.803112	0	-10.3621	0.252641	0	0	0	0.252641
0	1.76111	0	408.403	0	0.00591834	-0.00176111	0.00767945	0.00591834	12.5664	0.75469	0	-74.0479	0.252641	0	0	0	0.252641
0	0.688109	0	99.5509	0	0.00647553	-0.000688109	0.00716364	0.00647553	12.5664	0.70946	0	-56.0914	0.252641	0	0	0	0.252641
0	0.62042	0	-242.82	0	0.00611479	-0.00062042	0.00673521	0.00611479	12.5664	0.626983	0	16.453	0.252641	0	0	0	0.252641
0	0.0316084	0	-48.8896	0	0.00663799	-3.16084e-05	0.00666959	0.00663799	12.5664	0.604102	0	-3.89776	0.252641	0	0	0	0.252641
0	-0.104905	0	-63.2548	0	0.00688574	0.000104905	0.00678083	0.00688574	12.5664	0.539716	0	-82.4276	0.252641	0	0	0	0.252641
0	0.0333567	0	554.449	0	0.00687045	-3.33567e-05	0.00690381	0.00687045	12.5664	0.470542	0	-23.5302	0.252641	0	0	0	0.252641
0	-0.681865	0	-8.18816	0	0.00760584	0.000681865	0.00692398	0.00760584	12.5664	0.433826	0	20.2837	0.252641	0	0	0	0.252641
0	-0.68461	0	-362.53	0	0.00775272	0.00068461	0.00706811	0.00775272	12.5664	0.406156	0	-30.9522	0.252641	0	0	0	0.252641
0	-0.808343	0	3.78284	0	0.00852736	0.000808343	0.00771902	0.00852736	12.5664	0.36944	0	-21.136	0.252641	0	0	0	0.252641
0	-0.473925	0	432.345	0	0.00835461	0.000473925	0.00788069	0.00835461	12.5664	0.334321	0	-9.88327	0.252641	0	0	0	0.252641
0	-1.41157	0	-60.8606	0	0.00946995	0.00141157	0.00805838	0.00946995	12.5664	0.316761	0	-0.785299	0.252641	0	0	0	0.252641
0	-0.669157	0	-235.637	0	0.00919229	0.000669157	0.00852313	0.00919229	12.5664	0.316229	0	-12.038	0.252641	0	0	0	0.252641
0	-1.21502	0	145.041	0	0.0101228	0.00121502	0.00890774	0.0101228	12.5664	0.307183	0	39.9161	0.252641	0	0	0	0.252641
0	-1.49354	0	281.51	0	0.0109199	0.00149354	0.00942635	0.0109199	12.5664	0.291752	0	-10.6015	0.252641	0	0	0	0.252641
0	-1.92646	0	-144.658	0	0.0120085	0.00192646	0.010082	0.0120085	12.5664	0.298137	0	-28.3186	0.252641	0	0	0	0.252641
0	-2.0832	0	-68.0432	0	0.0129902	0.0020832	0.010907	0.0129902	12.5664	0.305587	0	15.7347	0.252641	0	0	0	0.252641
0	-2.25636	0	82.7915	0	0.0138914	0.00225636	0.0116351	0.0138914	12.5664	0.304523	0	29.8605	0.252641	0	0	0	0.252641
0	-1.72883	0	437.133	0	0.0142871	0.00172883	0.0125583	0.0142871	12.5664	0.278981	0	-29.0369	0.252641	0	0	0	0.252641
0	-1.05381	0	343.759	0	0.0142565	0.00105381	0.0132027	0.0142565	12.5664	0.267807	0	-28.3186	0.252641	0	0	0	0.252641
0	-0.842096	0	178.56	0	0.0144392	0.000842096	0.0135971	0.0144392	12.5664	0.266211	0	47.0987	0.252641	0	0	0	0.252641
0	-1.05422	0	-357.742	0	0.0150038	0.00105422	0.0139495	0.0150038	12.5664	0.255036	0	-30.4734	0.252641	0	0	0	0.252641
0	-0.991386	0	449.104	0	0.0153783	0.000991386	0.0143869	0.0153783	12.5664	0.226302	0	-26.4033	0.252641	0	0	0	0.252641
0	-0.215047	0	681.342	0	0.0149682	0.000215047	0.0147532	0.0149682	12.5664	0.214596	0	-8.44674	0.252641	0	0	0	0.252641
0	-0.151663	0	137.858	0	0.014888	0.000151663	0.0147363	0.014888	12.5664	0.224174	0	30.0999	0.252641	0	0	0	0.252641
0	-0.0692782	0	-209.301	0	0.0148892	6.92782e-05	0.01482	0.0148892	12.5664	0.241201	0	-31.9099	0.252641	0	0	0	0.252641
0	0.589787	0	501.777	0	0.0142127	-0.000589787	0.0148025	0.0142127	12.5664	0.240669	0	27.7057	0.252641	0	0	0	0.252641
0	1.27735	0	99.5509	0	0.0129208	-0.00127735	0.0141982	0.0129208	12.5664	0.265146	0	-55.6125	0.252641	0	0	0	0.252641
0	1.32854	0	-17.765	0	0.0126141	-0.00132854	0.0139427	0.0126141	12.5664	0.264082	0	-13.714	0.252641	0	0	0	0.252641
0	1.7224	0	185.742	0	0.0116091	-0.0017224	0.0133315	0.0116091	12.5664	0.284835	0	24.8327	0.252641	0	0	0	0.252641
0	1.45831	0	111.522	0	0.0112133	-0.00145831	0.0126716	0.0112133	12.5664	0.29388	0	34.6489	0.252641	0	0	0	0.252641
0	1.41867	0	341.365	0	0.0106767	-0.00141867	0.0120954	0.0106767	12.5664	0.29388	0	-12.7563	0.252641	0	0	0	0.252641
0	1.70213	0	233.626	0	0.00980472	-0.00170213	0.0115069	0.00980472	12.5664	0.302926	0	-15.3899	0.252641	0	0	0	0.252641
0	1.99691	0	34.9075	0	0.00882309	-0.00199691	0.01082	0.00882309	12.5664	0.326339	0	47.0987	0.252641	0	0	0	0.252641
0	0.14257	0	-645.046	0	0.0099831	-0.00014257	0.0101257	0.0099831	12.5664	0.347092	0	-23.7696	0.252641	0	0	0	0.252641
0	0.140846	0	125.887	0	0.0100207	-0.000140846	0.0101616	0.0100207	12.5664	0.354009	0	-5.09486	0.252641	0	0	0	0.252641
0	-0.132768	0	157.012	0	0.0103847	0.000132768	0.010252	0.0103847	12.5664	0.393918	0	-5.81312	0.252641	0	0	0	0.252641
0	-1.2215	0	-345.771	0	0.0115	0.0012215	0.0102785	0.0115	12.5664	0.416266	0	30.5787	0.252641	0	0	0	0.252641
0	-1.1192	0	-530.124	0	0.0118345	0.0011192	0.0107153	0.0118345	12.5664	0.455111	0	-7.01022	0.252641	0	0	0	0.252641
0	-1.62543	0	358.125	0	0.0129162	0.00162543	0.0112908	0.0129162	12.5664	0.484909	0	36.3248	0.252641	0	0	0	0.252641
0	-1.07753	0	259.962	0	0.0129305	0.00107753	0.0118529	0.0129305	12.5664	0.501404	0	-5.5737	0.252641	0	0	0	0.252641
0	-1.64776	0	-261.974	0	0.0138987	0.00164776	0.0122509	0.0138987	12.5664	0.517368	0	-7.48906	0.252641	0	0	0	0.252641
0	-1.77952	0	70.8205	0	0.0146954	0.00177952	0.0129158	0.0146954	12.5664	0.550891	0	26.748	0.252641	0	0	0	0.252641
0	-1.34675	0	3.78285	0	0.0149785	0.00134675	0.0136318	0.0149785	12.5664	0.566854	0	26.2692	0.252641	0	0	0	0.252641
0	-1.31387	0	267.145	0	0.0155932	0.00131387	0.0142793	0.0155932	12.5664	0.575368	0	-16.8265	0.252641	0	0	0	0.252641
0	-1.42471	0	214.473	0	0.0162363	0.00142472	0.0148116	0.0162363	12.5664	0.608359	0	9.98861	0.252641	0	0	0	0.252641
0	-1.02632	0	327	0	0.0162573	0.00102632	0.015231	0.0162573	12.5664	0.6339	0	49.4929	0.252641	0	0	0	0.252641
0	-0.720898	0	-261.974	0	0.016297	0.000720898	0.0155761	0.016297	12.5664	0.647735	0	-25.2062	0.252641	0	0	0	0.252641
0	0.577984	0	781.898	0	0.0151443	-0.000577984	0.0157223	0.0151443	12.5664	0.636561	0	-10.3621	0.252641	0	0	0	0.252641
0	1.91641	0	655.006	0	0.0134892	-0.00191641	0.0154056	0.0134892	12.5664	0.617405	0	-8.20732	0.252641	0	0	0	0.252641
0	2.75011	0	168.983	0	0.0117005	-0.00275011	0.0144506	0.0117005	12.5664	0.595056	0	-2.70066	0.252641	0	0	0	0.252641
0	2.98603	0	329.394	0	0.0102352	-0.00298603	0.0132213	0.0102352	12.5664	0.558873	0	-21.136	0.252641	0	0	0	0.252641
0	4.71508	0	1078.78	0	0.00717441	-0.00471508	0.0118895	0.00717441	12.5664	0.522689	0	0.172382	0.252641	0	0	0	0.252641
0	5.32703	0	599.939	0	0.00467683	-0.00532703	0.0100039	0.00467683	12.5664	0.46256	0	-42.9233	0.252641	0	0	0	0.252641
0	5.11307	0	315.029	0	0.0019375	-0.00511307	0.00705057	0.0019375	12.5664	0.405624	0	13.3405	0.252641	0	0	0	0.252641
0	4.74761	0	322.212	0	0.00128035	-0.00474761	0.00602795	0.00128035	12.5664	0.40456	0	26.9874	0.252641	0	0	0	0.252641
0	3.90806	0	-355.347	0	0.000210566	-0.00390806	0.00411863	0.000210566	12.5664	0.378486	0	-25.4456	0.252641	0	0	0	0.252641
0	3.55432	0	166.589	0	-0.000952771	-0.00355432	0.00260155	-0.000952771	12.5664	0.348156	0	-33.107	0.252641	0	0	0	0.252641
0	3.90555	0	365.307	0	-0.00280425	-0.00390555	0.0011013	-0.00280425	12.5664	0.344963	0	15.0164	0.252641	0	0	0	0.252641
0	2.80779	0	-417.597	0	-0.00326875	-0.00280779	-0.000460955	-0.00326875	12.5664	0.322082	0	8.07325	0.252641	0	0	0	0.252641
0	1.66705	0	-745.602	0	-0.00325761	-0.00166705	-0.00159056	-0.00325761	12.5664	0.280578	0	-41.0079	0.252641	0	0	0	0.252641
0	1.20222	0	152.223	0	-0.00356076	-0.00120222	-0.00235854	-0.00356076	12.5664	0.239605	0	-14.4322	0.252641	0	0	0	0.252641
0	0.732806	0	30.1191	0	-0.00333179	-0.000732806	-0.00259898	-0.00333179	12.5664	0.199697	0	-10.8409	0.252641	0	0	0	0.252641
0	-1.02262	0	-556.46	0	-0.00174652	0.00102262	-0.00276915	-0.00174652	12.5664	0.158724	0	8.55209	0.252641	0	0	0	0.252641
0	-1.5522	0	-408.02	0	-0.00101242	0.0015522	-0.00256462	-0.00101242	12.5664	0.158192	0	-2.94008	0.252641	0	0	0	0.252641
0	-1.45148	0	298.27	0	-0.000483842	0.00145148	-0.00193532	-0.000483842	12.5664	0.12254	0	-8.92558	0.252641	0	0	0	0.252641
0	-1.40322	0	157.012	0	1.03696e-05	0.00140322	-0.00139285	1.03696e-05	12.5664	0.0964667	0	-31.6705	0.252641	0	0	0	0.252641
0	-2.81765	0	27.7249	0	0.00258589	0.00281765	-0.000231764	0.00258589	12.5664	0.101256	0	39.6767	0.252641	0	0	0	0.252641
0	-1.98111	0	176.165	0	0.00231288	0.00198111	0.000331766	0.00231288	12.5664	0.123072	0	41.5921	0.252641	0	0	0	0.252641
0	-2.67482	0	-135.081	0	0.00375669	0.00267482	0.00108187	0.00375669	12.5664	0.133182	0	-20.6572	0.252641	0	0	0	0.252641
0	-2.56928	0	322.212	0	0.00465443	0.00256928	0.00208515	0.00465443	12.5664	0.131054	0	-17.0659	0.252641	0	0	0	0.252641
0	-1.77196	0	374.884	0	0.00481617	0.00177196	0.00304421	0.00481617	12.5664	0.136375	0	24.5932	0.252641	0	0	0	0.252641
0	-2.25425	0	44.4843	0	0.00645163	0.00225425	0.00419738	0.00645163	12.5664	0.143293	0	8.31267	0.252641	0	0	0	0.252641
0	-1.85393	0	-345.771	0	0.00650216	0.00185393	0.00464823	0.00650216	12.5664	0.153935	0	-18.7418	0.252641	0	0	0	0.252641
0	-2.02893	0	496.988	0	0.00745817	0.00202893	0.00542924	0.00745817	12.5664	0.127329	0	-5.81312	0.252641	0	0	0	0.252641
0	-1.17143	0	456.287	0	0.00738435	0.00117143	0.00621292	0.00738435	12.5664	0.110302	0	-4.13718	0.252641	0	0	0	0.252641
0	-1.36611	0	-314.646	0	0.00814025	0.00136611	0.00677413	0.00814025	12.5664	0.114026	0	-6.53138	0.252641	0	0	0	0.252641
0	-1.4038	0	140.252	0	0.00877662	0.0014038	0.00737282	0.00877662	12.5664	0.113494	0	14.0588	0.252641	0	0	0	0.252641
0	-0.95521	0	686.13	0	0.00902643	0.00095521	0.00807122	0.00902643	12.5664	0.0890171	0	-15.1505	0.252641	0	0	0	0.252641
0	-0.0253722	0	432.345	0	0.0084831	2.53722e-05	0.00845773	0.0084831	12.5664	0.0608151	0	-27.6004	0.252641	0	0	0	0.252641
0	-0.922941	0	-149.446	0	0.00939738	0.000922941	0.00847443	0.00939738	12.5664	0.0576225	0	11.904	0.252641	0	0	0	0.252641
0	-0.438804	0	329.394	0	0.00922973	0.000438804	0.00879093	0.00922973	12.5664	0.065072	0	40.6344	0.252641	0	0	0	0.252641
0	-0.798939	0	-77.62	0	0.00972174	0.000798939	0.0089228	0.00972174	12.5664	0.0597509	0	-58.9644	0.252641	0	0	0	0.252641
0	-0.0314906	0	456.287	0	0.00918824	3.14906e-05	0.00915675	0.00918824	12.5664	0.0374022	0	-19.9389	0.252641	0	0	0	0.252641
0	0.30967	0	303.058	0	0.00875473	-0.00030967	0.0090644	0.00875473	12.5664	0.0342095	0	26.9874	0.252641	0	0	0	0.252641
0	0.13131	0	54.0611	0	0.00877009	-0.00013131	0.0089014	0.00877009	12.5664	0.050705	0	2.08774	0.252641	0	0	0	0.252641
0	-0.16554	0	-297.887	0	0.0090508	0.00016554	0.00888526	0.0090508	12.5664	0.0549619	0	-10.1227	0.252641	0	0	0	0.252641
0	0.245964	0	669.371	0	0.00874075	-0.000245964	0.00898672	0.00874075	12.5664	0.0352737	0	5.67905	0.252641	0	0	0	0.252641
0	0.341257	0	298.27	0	0.00838588	-0.000341257	0.00872714	0.00838588	12.5664	0.0246315	0	2.56658	0.252641	0	0	0	0.252641
0	0.153463	0	-331.405	0	0.00837273	-0.000153463	0.00852619	0.00837273	12.5664	0.0379343	0	-7.72848	0.252641	0	0	0	0.252641
0	-0.270001	0	66.0321	0	0.00882515	0.000270001	0.00855515	0.00882515	12.5664	0.0400628	0	21.0019	0.252641	0	0	0	0.252641
0	0.487362	0	365.307	0	0.00814156	-0.000487362	0.00862892	0.00814156	12.5664	0.0320811	0	-15.1505	0.252641	0	0	0	0.252641
0	0.693797	0	238.415	0	0.00780268	-0.000693797	0.00849648	0.00780268	12.5664	0.0246315	0	-17.7841	0.252641	0	0	0	0.252641
0	0.631092	0	-99.1678	0	0.0076408	-0.000631092	0.00827189	0.0076408	12.5664	0.0288884	0	18.3683	0.252641	0	0	0	0.252641
0	-0.036742	0	130.676	0	0.00814174	3.6742e-05	0.008105	0.00814174	12.5664	0.0352737	0	35.1277	0.252641	0	0	0	0.252641
0	0.356805	0	-168.6	0	0.00772897	-0.000356805	0.00808578	0.00772897	12.5664	0.0288884	0	-58.9644	0.252641	0	0	0	0.252641
0	0.787876	0	415.586	0	0.00730421	-0.000787876	0.00809209	0.00730421	12.5664	0.0203746	0	-18.263	0.252641	0	0	0	0.252641
0	0.24376	0	82.7915	0	0.00756563	-0.00024376	0.00780939	0.00756563	12.5664	0.0230352	0	38.0008	0.252641	0	0	0	0.252641
0	0.06324	0	-127.898	0	0.00768052	-6.324e-05	0.00774376	0.00768052	12.5664	0.0416591	0	5.91847	0.252641	0	0	0	0.252641
0	-0.715089	0	-170.994	0	0.00839803	0.000715089	0.00768294	0.00839803	12.5664	0.036338	0	-21.8543	0.252641	0	0	0	0.252641
0	0.296521	0	604.727	0	0.00752013	-0.000296521	0.00781665	0.00752013	12.5664	0.0214388	0	4.96078	0.252641	0	0	0	0.252641
0	0.75391	0	66.0321	0	0.00686672	-0.00075391	0.00762063	0.00686672	12.5664	0.0299526	0	24.3538	0.252641	0	0	0	0.252641
0	-0.0549414	0	70.8205	0	0.00757935	5.49414e-05	0.00752441	0.00757935	12.5664	0.036338	0	-50.3453	0.252641	0	0	0	0.252641
0	0.357602	0	499.383	0	0.00715656	-0.000357602	0.00751417	0.00715656	12.5664	0.0336774	0	-8.92558	0.252641	0	0	0	0.252641
0	-0.328218	0	-65.649	0	0.00769178	0.000328218	0.00736356	0.00769178	12.5664	0.0251636	0	21.2414	0.252641	0	0	0	0.252641
0	0.13647	0	-12.9766	0	0.00735617	-0.00013647	0.00749264	0.00735617	12.5664	0.0299526	0	9.74919	0.252641	0	0	0	0.252641
0	-0.228148	0	99.5509	0	0.00790223	0.000228148	0.00767408	0.00790223	12.5664	0.041127	0	-2.46124	0.252641	0	0	0	0.252641
0	0.465782	0	590.362	0	0.00719668	-0.000465782	0.00766246	0.00719668	12.5664	0.041127	0	5.43963	0.252641	0	0	0	0.252641
0	-0.343657	0	-405.626	0	0.00784661	0.000343657	0.00750295	0.00784661	12.5664	0.0368701	0	-37.656	0.252641	0	0	0	0.252641
0	-0.870921	0	-17.765	0	0.00854351	0.000870921	0.00767258	0.00854351	12.5664	0.0421912	0	16.9318	0.252641	0	0	0	0.252641
0	-1.11354	0	101.945	0	0.00907323	0.00111354	0.0079597	0.00907323	12.5664	0.0491087	0	35.1277	0.252641	0	0	0	0.252641
0	-0.212024	0	195.319	0	0.00856664	0.000212024	0.00835462	0.00856664	12.5664	0.0491087	0	-31.1917	0.252641	0	0	0	0.252641
0	-0.604685	0	-29.736	0	0.00902903	0.000604685	0.00842434	0.00902903	12.5664	0.0549619	0	-28.7975	0.252641	0	0	0	0.252641
0	0.0346219	0	611.91	0	0.0085472	-3.46219e-05	0.00858182	0.0085472	12.5664	0.0395306	0	4.24252	0.252641	0	0	0	0.252641
0	-0.217423	0	-12.9766	0	0.00887339	0.000217423	0.00865596	0.00887339	12.5664	0.0421912	0	16.9318	0.252641	0	0	0	0.252641
0	-0.767704	0	-242.82	0	0.00967455	0.000767704	0.00890685	0.00967455	12.5664	0.0560261	0	-11.3198	0.252641	0	0	0	0.252641
0	-0.275782	0	178.56	0	0.00949641	0.000275782	0.00922063	0.00949641	12.5664	0.0645399	0	33.6912	0.252641	0	0	0	0.252641
0	-0.282535	0	303.058	0	0.00966885	0.000282535	0.00938631	0.00966885	12.5664	0.0496408	0	-28.558	0.252641	0	0	0	0.252641
0	-0.279511	0	173.771	0	0.00980613	0.000279511	0.00952661	0.00980613	12.5664	0.0395306	0	-11.7986	0.252641	0	0	0	0.252641
0	-0.686552	0	27.7249	0	0.0104321	0.000686552	0.00974558	0.0104321	12.5664	0.0544298	0	30.0999	0.252641	0	0	0	0.252641
0	-0.576739	0	204.896	0	0.0105522	0.000576739	0.00997544	0.0105522	12.5664	0.0714574	0	38.719	0.252641	0	0	0	0.252641
0	-1.0979	0	-127.898	0	0.0113791	0.0010979	0.0102812	0.0113791	12.5664	0.0618794	0	-69.7383	0.252641	0	0	0	0.252641
0	-0.491196	0	532.901	0	0.0109295	0.000292965	0.0106366	0.0109295	12.5664	0.0645399	0	7.35499	0.252641	0	0	0	0.252641
0	0.0842564	0	92.3683	0	0.0107091	-8.42565e-05	0.0107934	0.0107091	12.5664	0.0608151	0	40.395	0.252641	0	0	0	0.252641
0	-1.14957	0	-137.475	0	0.0119496	0.00114957	0.0108	0.0119496	12.5664	0.0698611	0	0.651223	0.252641	0	0	0	0.252641
0	-0.809244	0	109.128	0	0.0118978	0.000809244	0.0110886	0.0118978	12.5664	0.0576225	0	-41.2473	0.252641	0	0	0	0.252641
0	0.0591991	0	578.391	0	0.0110984	-5.91991e-05	0.0111576	0.0110984	12.5664	0.0576225	0	-12.5169	0.252641	0	0	0	0.252641
0	-0.272618	0	-39.3128	0	0.0114184	0.000272618	0.0111458	0.0114184	12.5664	0.0480444	0	25.3115	0.252641	0	0	0	0.252641
0	-0.505035	0	-273.945	0	0.0117853	0.000505035	0.0112803	0.0117853	12.5664	0.0666684	0	-6.7708	0.252641	0	0	0	0.252641
0	0.270088	0	204.896	0	0.0111057	-0.000270088	0.0113758	0.0111057	12.5664	0.0762464	0	21.0019	0.252641	0	0	0	0.252641
0	-0.595915	0	281.51	0	0.0119541	0.000595915	0.0113582	0.0119541	12.5664	0.0624115	0	-29.2763	0.252641	0	0	0	0.252641
0	-0.511234	0	75.6089	0	0.0120122	0.000511234	0.0115009	0.0120122	12.5664	0.0656042	0	4.72137	0.252641	0	0	0	0.252641
0	-0.778712	0	20.5423	0	0.0124146	0.000778712	0.0116359	0.0124146	12.5664	0.0858244	0	16.9318	0.252641	0	0	0	0.252641
0	-0.367031	0	135.464	0	0.01213	0.000367031	0.011763	0.01213	12.5664	0.100724	0	49.9718	0.252641	0	0	0	0.252641
0	-0.498747	0	-108.745	0	0.0124976	0.000498747	0.0119989	0.0124976	12.5664	0.0996594	0	-67.823	0.252641	0	0	0	0.252641
0	0.184715	0	473.046	0	0.0119684	-0.000184715	0.0121532	0.0119684	12.5664	0.105513	0	15.2559	0.252641	0	0	0	0.252641
0	0.000201628	0	70.8205	0	0.012116	-2.01628e-07	0.0121162	0.012116	12.5664	0.108705	0	38.719	0.252641	0	0	0	0.252641
0	-0.598177	0	-192.542	0	0.0127331	0.000598177	0.0121349	0.0127331	12.5664	0.127329	0	-9.165	0.252641	0	0	0	0.252641
0	-0.510177	0	161.8	0	0.012882	0.000510177	0.0123719	0.012882	12.5664	0.126265	0	-40.7685	0.252641	0	0	0	0.252641
0	0.118174	0	597.545	0	0.012418	-0.000118174	0.0125362	0.012418	12.5664	0.107641	0	15.2559	0.252641	0	0	0	0.252641
0	0.120788	0	-72.8316	0	0.0123704	-0.000120788	0.0124912	0.0123704	12.5664	0.12254	0	32.9729	0.252641	0	0	0	0.252641
0	-0.452632	0	-271.55	0	0.0130117	0.000452632	0.0125591	0.0130117	12.5664	0.142228	0	-7.01022	0.252641	0	0	0	0.252641
0	-0.173621	0	525.719	0	0.0130002	0.000173621	0.0128266	0.0130002	12.5664	0.1401	0	15.7347	0.252641	0	0	0	0.252641
0	-0.0294855	0	192.925	0	0.0128861	2.94855e-05	0.0128566	0.0128861	12.5664	0.123604	0	-42.4444	0.252641	0	0	0	0.252641
0	-0.233021	0	18.148	0	0.0132381	0.000233021	0.0130051	0.0132381	12.5664	0.133182	0	13.8193	0.252641	0	0	0	0.252641
0	-0.502796	0	51.6669	0	0.0135709	0.000502796	0.0130681	0.0135709	12.5664	0.166173	0	19.0866	0.252641	0	0	0	0.252641
0	-0.346306	0	89.9741	0	0.0134465	0.000346306	0.0131002	0.0134465	12.5664	0.183733	0	45.4228	0.252641	0	0	0	0.252641
0	-0.971905	0	-235.637	0	0.0142766	0.000971905	0.0133047	0.0142766	12.5664	0.186394	0	-55.6125	0.252641	0	0	0	0.252641
0	-0.517081	0	288.693	0	0.0141606	0.000517081	0.0136436	0.0141606	12.5664	0.206082	0	7.35499	0.252641	0	0	0	0.252641
0	-0.619477	0	130.676	0	0.0143531	0.000619477	0.0137336	0.0143531	12.5664	0.233752	0	56.1967	0.252641	0	0	0	0.252641
0	-0.89384	0	-34.5244	0	0.0147782	0.00089384	0.0138844	0.0147782	12.5664	0.261422	0	6.63673	0.252641	0	0	0	0.252641
0	-0.277758	0	221.655	0	0.0143561	0.000277758	0.0140783	0.0143561	12.5664	0.283238	0	30.3393	0.252641	0	0	0	0.252641
0	0.236726	0	592.756	0	0.0138971	-0.000236726	0.0141339	0.0138971	12.5664	0.272064	0	14.777	0.252641	0	0	0	0.252641
0	0.386419	0	-27.3418	0	0.0135313	-0.000386419	0.0139177	0.0135313	12.5664	0.27366	0	-71.1748	0.252641	0	0	0	0.252641
0	-0.120816	0	-163.811	0	0.0139612	0.000120816	0.0138404	0.0139612	12.5664	0.298137	0	-14.9111	0.252641	0	0	0	0.252641
0	1.48158	0	619.093	0	0.0122063	-0.00148158	0.0136879	0.0122063	12.5664	0.307183	0	2.08774	0.252641	0	0	0	0.252641
0	1.19367	0	238.415	0	0.0121979	-0.00119367	0.0133916	0.0121979	12.5664	0.30133	0	-31.6705	0.252641	0	0	0	0.252641
0	0.720665	0	-36.9186	0	0.0123092	-0.000720665	0.0130298	0.0123092	12.5664	0.310908	0	18.3683	0.252641	0	0	0	0.252641
0	1.22172	0	305.452	0	0.0113992	-0.00122172	0.0126209	0.0113992	12.5664	0.332193	0	35.846	0.252641	0	0	0	0.252641
0	2.30451	0	496.988	0	0.00965931	-0.00230451	0.0119638	0.00965931	12.5664	0.329	0	6.15789	0.252641	0	0	0	0.252641
0	1.82017	0	89.9741	0	0.00931747	-0.00182017	0.0111376	0.00931747	12.5664	0.290688	0	-76.6815	0.252641	0	0	0	0.252641
0	2.97203	0	508.959	0	0.00734105	-0.00297203	0.0103131	0.00734105	12.5664	0.279513	0	-18.5024	0.252641	0	0	0	0.252641
0	3.01903	0	530.507	0	0.00610296	-0.00301903	0.00912199	0.00610296	12.5664	0.285899	0	0.890643	0.252641	0	0	0	0.252641
0	2.65078	0	-194.936	0	0.00530078	-0.00265078	0.00795155	0.00530078	12.5664	0.291752	0	11.1857	0.252641	0	0	0	0.252641
0	1.7884	0	-396.049	0	0.00520441	-0.0017884	0.00699282	0.00520441	12.5664	0.271	0	-7.01022	0.252641	0	0	0	0.252641
0	1.90187	0	425.162	0	0.00436225	-0.00190187	0.00626412	0.00436225	12.5664	0.272064	0	14.777	0.252641	0	0	0	0.252641
0	2.0311	0	226.444	0	0.00338194	-0.0020311	0.00541303	0.00338194	12.5664	0.282174	0	-18.5024	0.252641	0	0	0	0.252641
0	1.16537	0	-410.414	0	0.00349971	-0.00116537	0.00466508	0.00349971	12.5664	0.301862	0	-2.70066	0.252641	0	0	0	0.252641
0	1.34304	0	56.4553	0	0.00284441	-0.00134304	0.00418745	0.00284441	12.5664	0.310908	0	33.9306	0.252641	0	0	0	0.252641
0	-0.269109	0	-295.492	0	0.00404708	0.000269109	0.00377797	0.00404708	12.5664	0.309312	0	4.96079	0.252641	0	0	0	0.252641
0	0.0678828	0	-22.5534	0	0.00374129	-6.78828e-05	0.00380917	0.00374129	12.5664	0.324211	0	-19.4601	0.252641	0	0	0	0.252641
0	-0.345132	0	133.07	0	0.00415715	0.000345132	0.00381201	0.00415715	12.5664	0.357734	0	18.1289	0.252641	0	0	0	0.252641
0	-0.651814	0	-166.205	0	0.00462212	0.000651814	0.00397031	0.00462212	12.5664	0.390725	0	45.6622	0.252641	0	0	0	0.252641
0	-1.39435	0	-702.507	0	0.00567523	0.00139435	0.00428088	0.00567523	12.5664	0.393386	0	-20.4178	0.252641	0	0	0	0.252641
0	-2.23566	0	94.7625	0	0.00735942	0.00223566	0.00512376	0.00735942	12.5664	0.405092	0	-2.46124	0.252641	0	0	0	0.252641
0	-1.37131	0	832.177	0	0.00724417	0.00137131	0.00587286	0.00724417	12.5664	0.411477	0	-17.7841	0.252641	0	0	0	0.252641
0	-0.404688	0	56.4553	0	0.00674769	0.000404688	0.006343	0.00674769	12.5664	0.349752	0	-2.94008	0.252641	0	0	0	0.252641
0	0.0986711	0	-182.965	0	0.00649252	-9.86711e-05	0.00659119	0.00649252	12.5664	0.326871	0	-10.1227	0.252641	0	0	0	0.252641
0	0.158248	0	817.811	0	0.00656013	-0.000158248	0.00671838	0.00656013	12.5664	0.312504	0	-2.46124	0.252641	0	0	0	0.252641
0	0.592739	0	377.278	0	0.00598582	-0.000592739	0.00657856	0.00598582	12.5664	0.311972	0	-13.4746	0.252641	0	0	0	0.252641
0	-0.679055	0	-372.107	0	0.00692116	0.000679055	0.0062421	0.00692116	12.5664	0.319422	0	-5.09486	0.252641	0	0	0	0.252641
0	-0.163454	0	204.896	0	0.00654137	0.000163454	0.00637791	0.00654137	12.5664	0.326339	0	33.9306	0.252641	0	0	0	0.252641
0	-0.0587766	0	178.56	0	0.00659744	5.87766e-05	0.00653867	0.00659744	12.5664	0.307183	0	-22.812	0.252641	0	0	0	0.252641
0	-0.123939	0	319.817	0	0.0067715	0.000123939	0.00664756	0.0067715	12.5664	0.298137	0	-32.1493	0.252641	0	0	0	0.252641
0	-0.0894068	0	-173.388	0	0.00675092	8.94068e-05	0.00666152	0.00675092	12.5664	0.292284	0	-15.8688	0.252641	0	0	0	0.252641
0	-0.0068557	0	224.049	0	0.00678426	6.8557e-06	0.00677741	0.00678426	12.5664	0.256633	0	26.748	0.252641	0	0	0	0.252641
0	-0.356897	0	-106.35	0	0.00728612	0.000356897	0.00692923	0.00728612	12.5664	0.219917	0	4.72137	0.252641	0	0	0	0.252641
0	-0.839598	0	27.7249	0	0.00796728	0.000839598	0.00712768	0.00796728	12.5664	0.189586	0	-59.4432	0.252641	0	0	0	0.252641
0	-0.494643	0	288.693	0	0.00790296	0.000494643	0.00740832	0.00790296	12.5664	0.166173	0	-4.61602	0.252641	0	0	0	0.252641
0	-0.907651	0	-202.118	0	0.00853984	0.000907651	0.00763219	0.00853984	12.5664	0.1401	0	-0.545878	0.252641	0	0	0	0.252641
0	-1.56554	0	-182.965	0	0.00963209	0.00156554	0.00806656	0.00963209	12.5664	0.105513	0	2.806	0.252641	0	0	0	0.252641
0	-1.17277	0	367.702	0	0.00988746	0.00117277	0.0087147	0.00988746	12.5664	0.088485	0	-26.4033	0.252641	0	0	0	0.252641
0	-0.264448	0	568.814	0	0.00932131	0.000264448	0.00905686	0.00932131	12.5664	0.0852923	0	1.36948	0.252641	0	0	0	0.252641
0	-0.39102	0	-463.086	0	0.00953785	0.00039102	0.00914683	0.00953785	12.5664	0.0805033	0	-23.2908	0.252641	0	0	0	0.252641
0	-0.72731	0	8.57125	0	0.0101736	0.00072731	0.00944626	0.0101736	12.5664	0.0597509	0	19.5654	0.252641	0	0	0	0.252641
0	-0.917157	0	552.055	0	0.0107872	0.000917157	0.00987003	0.0107872	12.5664	0.0549619	0	-7.9679	0.252641	0	0	0	0.252641
0	0.111294	0	386.855	0	0.010041	-0.000111294	0.0101523	0.010041	12.5664	0.0672005	0	-25.9244	0.252641	0	0	0	0.252641
0	-0.399553	0	-321.829	0	0.0104951	0.000399553	0.0100955	0.0104951	12.5664	0.0725216	0	-5.33428	0.252641	0	0	0	0.252641
0	-0.195216	0	283.904	0	0.0106081	0.000195216	0.0104129	0.0106081	12.5664	0.0608151	0	47.0987	0.252641	0	0	0	0.252641
0	0.590629	0	343.759	0	0.00986131	-0.000590629	0.0104519	0.00986131	12.5664	0.0437875	0	-4.3766	0.252641	0	0	0	0.252641
0	-0.151125	0	128.281	0	0.0104997	0.000151125	0.0103485	0.0104997	12.5664	0.0443197	0	-45.078	0.252641	0	0	0	0.252641
0	0.282484	0	87.5799	0	0.0100641	-0.000282484	0.0103466	0.0100641	12.5664	0.0624115	0	16.9318	0.252641	0	0	0	0.252641
0	0.129748	0	147.435	0	0.0101807	-0.000129748	0.0103104	0.0101807	12.5664	0.0597509	0	24.3538	0.252641	0	0	0	0.252641
0	-0.0989261	0	18.1481	0	0.010439	9.89261e-05	0.0103401	0.010439	12.5664	0.0437875	0	8.07325	0.252641	0	0	0	0.252641
0	-0.427241	0	305.452	0	0.010962	0.000427241	0.0105347	0.010962	12.5664	0.0374022	0	-31.6705	0.252641	0	0	0	0.252641
0	0.260849	0	489.806	0	0.0103109	-0.000260849	0.0105718	0.0103109	12.5664	0.055494	0	23.6356	0.252641	0	0	0	0.252641
0	0.169952	0	-381.684	0	0.0102025	-0.000169952	0.0103724	0.0102025	12.5664	0.0560261	0	-18.9812	0.252641	0	0	0	0.252641
0	-0.179785	0	-46.4954	0	0.0105874	0.000179785	0.0104076	0.0105874	12.5664	0.0427233	0	10.7069	0.252641	0	0	0	0.252641
0	0.245562	0	506.565	0	0.010198	-0.000245562	0.0104436	0.010198	12.5664	0.0262278	0	-6.7708	0.252641	0	0	0	0.252641
0	0.576882	0	377.278	0	0.00971351	-0.000576882	0.0102904	0.00971351	12.5664	0.0368701	0	0.411803	0.252641	0	0	0	0.252641
0	-0.533056	0	-556.46	0	0.0105086	0.000533056	0.00997559	0.0105086	12.5664	0.0448518	0	-24.9667	0.252641	0	0	0	0.252641
0	-0.0146202	0	164.194	0	0.0101336	1.46202e-05	0.0101189	0.0101336	12.5664	0.0256957	0	32.2547	0.252641	0	0	0	0.252641
0	0.12669	0	489.806	0	0.00993143	-0.00012669	0.0100581	0.00993143	12.5664	0.0203746	0	-10.8409	0.252641	0	0	0	0.252641
0	0.708529	0	123.493	0	0.00921113	-0.000708529	0.00991966	0.00921113	12.5664	0.0262278	0	-37.4166	0.252641	0	0	0	0.252641
0	0.253938	0	-230.849	0	0.00941025	-0.000253938	0.00966419	0.00941025	12.5664	0.0352737	0	11.904	0.252641	0	0	0	0.252641
0	-0.0905719	0	140.252	0	0.00965369	9.05719e-05	0.00956312	0.00965369	12.5664	0.0246315	0	39.9161	0.252641	0	0	0	0.252641
0	0.592139	0	264.751	0	0.00898612	-0.000592139	0.00957826	0.00898612	12.5664	0.0139892	0	-16.1082	0.252641	0	0	0	0.252641
0	-0.259307	0	178.56	0	0.00964496	0.000259307	0.00938566	0.00964496	12.5664	0.0187783	0	-39.0925	0.252641	0	0	0	0.252641
0	0.441902	0	118.705	0	0.00890164	-0.000441902	0.00934354	0.00890164	12.5664	0.0368701	0	32.9729	0.252641	0	0	0	0.252641
0	0.509286	0	-113.533	0	0.00874071	-0.000509286	0.00925	0.00874071	12.5664	0.0395306	0	5.91847	0.252641	0	0	0	0.252641
0	-0.204413	0	34.9075	0	0.00941405	0.000204413	0.00920963	0.00941405	12.5664	0.022503	0	-5.5737	0.252641	0	0	0	0.252641
0	0.305362	0	485.017	0	0.00898629	-0.000305362	0.00929165	0.00898629	12.5664	0.0161177	0	-18.0236	0.252641	0	0	0	0.252641
0	0.556711	0	343.759	0	0.00864528	-0.000556711	0.00920199	0.00864528	12.5664	0.031549	0	31.0576	0.252641	0	0	0	0.252641
0	0.182658	0	-458.298	0	0.00892097	-0.000182658	0.00910363	0.00892097	12.5664	0.041127	0	-29.9946	0.252641	0	0	0	0.252641
0	-0.550936	0	-58.4664	0	0.00972757	0.000550936	0.00917664	0.00972757	12.5664	0.0230352	0	17.6501	0.252641	0	0	0	0.252641
0	-0.236403	0	377.278	0	0.00949915	0.000236403	0.00926275	0.00949915	12.5664	0.0240994	0	-20.6572	0.252641	0	0	0	0.252641
0	-0.181201	0	250.386	0	0.00949123	0.000181201	0.00931003	0.00949123	12.5664	0.031549	0	-12.2775	0.252641	0	0	0	0.252641
0	-0.0366768	0	-400.837	0	0.00926131	3.66768e-05	0.00922464	0.00926131	12.5664	0.0326132	0	-14.1928	0.252641	0	0	0	0.252641
0	0.066815	0	178.56	0	0.00918293	-6.6815e-05	0.00924974	0.00918293	12.5664	0.0145214	0	41.8315	0.252641	0	0	0	0.252641
0	0.0354593	0	319.817	0	0.0090507	-3.54593e-05	0.00908616	0.0090507	12.5664	0.0107966	0	-20.6572	0.252641	0	0	0	0.252641
0	-0.0555017	0	94.7625	0	0.00916832	5.55017e-05	0.00911282	0.00916832	12.5664	0.0230352	0	-35.9801	0.252641	0	0	0	0.252641
0	0.126601	0	-101.562	0	0.00904548	-0.000126601	0.00917208	0.00904548	12.5664	0.0310168	0	24.8327	0.252641	0	0	0	0.252641
0	-0.26441	0	61.2437	0	0.00937815	0.00026441	0.00911374	0.00937815	12.5664	0.022503	0	27.7057	0.252641	0	0	0	0.252641
0	0.12974	0	310.241	0	0.00903688	-0.00012974	0.00916662	0.00903688	12.5664	0.00760389	0	-20.1783	0.252641	0	0	0	0.252641
0	0.286009	0	508.959	0	0.00881656	-0.000286009	0.00910257	0.00881656	12.5664	0.0209067	0	-5.09486	0.252641	0	0	0	0.252641
0	0.564133	0	82.7915	0	0.00848124	-0.000564133	0.00904537	0.00848124	12.5664	0.0342095	0	38.0008	0.252641	0	0	0	0.252641
0	-0.779319	0	-348.165	0	0.00972226	0.000779319	0.00894294	0.00972226	12.5664	0.0304847	0	-10.8409	0.252641	0	0	0	0.252641
0	-0.272108	0	264.751	0	0.00952198	0.000272108	0.00924987	0.00952198	12.5664	0.012925	0	-11.7986	0.252641	0	0	0	0.252641
0	0.519187	0	604.727	0	0.00879303	-0.000519187	0.00931222	0.00879303	12.5664	0.0214388	0	-8.92559	0.252641	0	0	0	0.252641
0	0.517701	0	140.252	0	0.008504	-0.000517701	0.0090217	0.008504	12.5664	0.0384664	0	26.9874	0.252641	0	0	0	0.252641
0	-0.335986	0	-453.51	0	0.00920206	0.000335986	0.00886607	0.00920206	12.5664	0.0405949	0	-27.1215	0.252641	0	0	0	0.252641
0	-0.296551	0	125.887	0	0.00941088	0.000296551	0.00911433	0.00941088	12.5664	0.0256957	0	20.7625	0.252641	0	0	0	0.252641
0	-0.275035	0	511.354	0	0.00947068	0.000275035	0.00919565	0.00947068	12.5664	0.0214388	0	-9.64384	0.252641	0	0	0	0.252641
0	-0.0172851	0	-17.765	0	0.00919245	1.72851e-05	0.00917516	0.00919245	12.5664	0.0283563	0	-15.6293	0.252641	0	0	0	0.252641
0	-0.463384	0	-216.484	0	0.0096456	0.000463384	0.00918221	0.0096456	12.5664	0.0336774	0	-2.46124	0.252641	0	0	0	0.252641
0	-0.11823	0	178.56	0	0.00946036	0.00011823	0.00934213	0.00946036	12.5664	0.0193104	0	46.6199	0.252641	0	0	0	0.252641
0	0.422525	0	336.577	0	0.0089232	-0.000422525	0.00934572	0.0089232	12.5664	0.0155856	0	-22.3331	0.252641	0	0	0	0.252641
0	-0.0747503	0	27.7249	0	0.00931058	7.47503e-05	0.00923583	0.00931058	12.5664	0.0214388	0	-27.8398	0.252641	0	0	0	0.252641
0	-0.379182	0	37.3017	0	0.00963631	0.000379182	0.00925713	0.00963631	12.5664	0.0320811	0	38.2402	0.252641	0	0	0	0.252641
0	-0.592732	0	-137.475	0	0.00997959	0.000592732	0.00938685	0.00997959	12.5664	0.0240994	0	8.31267	0.252641	0	0	0	0.252641
0	-0.157691	0	341.365	0	0.00979897	0.000157691	0.00964128	0.00979897	12.5664	0.0187783	0	-20.8966	0.252641	0	0	0	0.252641
0	-0.0136262	0	362.913	0	0.00973723	1.36262e-05	0.00972361	0.00973723	12.5664	0.0240994	0	-13.9534	0.252641	0	0	0	0.252641
0	0.25261	0	-53.678	0	0.00922384	-0.00025261	0.00947645	0.00922384	12.5664	0.0299526	0	27.7057	0.252641	0	0	0	0.252641
0	-0.267113	0	-482.24	0	0.00969304	0.000267113	0.00942593	0.00969304	12.5664	0.0342095	0	-29.0369	0.252641	0	0	0	0.252641
0	-0.508589	0	336.577	0	0.0102583	0.000508589	0.00974976	0.0102583	12.5664	0.0310168	0	-6.05254	0.252641	0	0	0	0.252641
0	0.412385	0	547.267	0	0.00943909	-0.000412385	0.00985148	0.00943909	12.5664	0.022503	0	-1.74298	0.252641	0	0	0	0.252641
0	-0.184551	0	10.9654	0	0.00987717	0.000184551	0.00969262	0.00987717	12.5664	0.0352737	0	13.5799	0.252641	0	0	0	0.252641
0	-0.446299	0	-285.916	0	0.0100844	0.000446299	0.00963813	0.0100844	12.5664	0.0374022	0	-18.0236	0.252641	0	0	0	0.252641
0	-0.307548	0	343.759	0	0.0101346	0.000307548	0.00982704	0.0101346	12.5664	0.0150535	0	25.3115	0.252641	0	0	0	0.252641
0	0.529694	0	437.133	0	0.00930503	-0.000529694	0.00983472	0.00930503	12.5664	0.0123929	0	-17.0659	0.252641	0	0	0	0.252641
0	-0.418072	0	-139.869	0	0.0100769	0.000418072	0.00965882	0.0100769	12.5664	0.0267599	0	-20.6572	0.252641	0	0	0	0.252641
0	-0.11262	0	-27.3418	0	0.00987962	0.00011262	0.009767	0.00987962	12.5664	0.0294205	0	2.56658	0.252641	0	0	0	0.252641
0	-0.199404	0	180.954	0	0.0099758	0.000199404	0.0097764	0.0099758	12.5664	0.008136	0	37.7613	0.252641	0	0	0	0.252641
0	0.599051	0	336.577	0	0.00925271	-0.000599051	0.00985176	0.00925271	12.5664	0.00707178	0	-13.714	0.252641	0	0	0	0.252641
0	0.184286	0	-17.765	0	0.00962277	-0.000184286	0.00980705	0.00962277	12.5664	0.0166498	0	-24.2485	0.252641	0	0	0	0.252641
0	0.0865334	0	142.647	0	0.00958663	-8.65334e-05	0.00967316	0.00958663	12.5664	0.0235673	0	32.9729	0.252641	0	0	0	0.252641
0	-0.26897	0	-235.637	0	0.00987262	0.00026897	0.00960365	0.00987262	12.5664	0.0145214	0	2.80601	0.252641	0	0	0	0.252641
0	0.0333983	0	262.357	0	0.00976972	-3.33983e-05	0.00980311	0.00976972	12.5664	0.00760389	0	-15.8688	0.252641	0	0	0	0.252641
0	0.364455	0	372.49	0	0.00946066	-0.000364455	0.00982512	0.00946066	12.5664	0.0182461	0	-6.29196	0.252641	0	0	0	0.252641
0	0.784652	0	89.9741	0	0.00895549	-0.000784652	0.00974014	0.00895549	12.5664	0.0326132	0	35.3671	0.252641	0	0	0	0.252641
0	-0.355856	0	-266.762	0	0.0100245	0.000355856	0.00966868	0.0100245	12.5664	0.0256957	0	-3.1795	0.252641	0	0	0	0.252641
0	-0.0510471	0	415.586	0	0.0097909	5.10471e-05	0.00973985	0.0097909	12.5664	0.0113287	0	-19.2207	0.252641	0	0	0	0.252641
0	0.855674	0	518.536	0	0.00889771	-0.000855674	0.00975338	0.00889771	12.5664	0.0134571	0	-0.306458	0.252641	0	0	0	0.252641
0	-0.363319	0	-223.666	0	0.00989548	0.000363319	0.00953217	0.00989548	12.5664	0.031549	0	6.39731	0.252641	0	0	0	0.252641
0	-0.164158	0	-271.55	0	0.00983513	0.000164158	0.00967097	0.00983513	12.5664	0.0331453	0	1.13006	0.252641	0	0	0	0.252641
0	0.356708	0	540.084	0	0.0094621	-0.000356708	0.0098188	0.0094621	12.5664	0.0182461	0	12.8617	0.252641	0	0	0	0.252641
0	0.50133	0	425.162	0	0.00922304	-0.00050133	0.00972437	0.00922304	12.5664	0.008136	0	-19.6995	0.252641	0	0	0	0.252641
0	-0.237971	0	-17.765	0	0.0099125	0.000237971	0.00967453	0.0099125	12.5664	0.0118608	0	14.5376	0.252641	0	0	0	0.252641
0	0.300268	0	125.887	0	0.00942186	-0.000300268	0.00972213	0.00942186	12.5664	0.0310168	0	22.199	0.252641	0	0	0	0.252641
0	-0.195012	0	-51.2838	0	0.00981455	0.000195012	0.00961953	0.00981455	12.5664	0.0209067	0	6.87615	0.252641	0	0	0	0.252641
0	-0.0752178	0	350.942	0	0.00973375	7.52178e-05	0.00965854	0.00973375	12.5664	0.0107966	0	-23.2908	0.252641	0	0	0	0.252641
0	-0.40891	0	-36.9186	0	0.0101073	0.00040891	0.00969844	0.0101073	12.5664	0.0203746	0	-11.7986	0.252641	0	0	0	0.252641
0	-0.134623	0	255.174	0	0.0098483	0.000134623	0.00971367	0.0098483	12.5664	0.0304847	0	45.6622	0.252641	0	0	0	0.252641
0	-0.209226	0	-506.182	0	0.00992994	0.000209226	0.00972072	0.00992994	12.5664	0.0187783	0	-23.2908	0.252641	0	0	0	0.252641
0	-0.471749	0	331.788	0	0.0104265	0.000471749	0.00995472	0.0104265	12.5664	0.00973234	0	-20.4178	0.252641	0	0	0	0.252641
0	0.209253	0	417.98	0	0.00981637	-0.000209253	0.0100256	0.00981637	12.5664	0.0182461	0	8.79151	0.252641	0	0	0	0.252641
0	-0.153762	0	8.57124	0	0.010129	0.000153762	0.00997524	0.010129	12.5664	0.0320811	0	30.0999	0.252641	0	0	0	0.252641
0	-0.43294	0	-475.057	0	0.0103828	0.00043294	0.00994989	0.0103828	12.5664	0.0288884	0	-24.4879	0.252641	0	0	0	0.252641
0	0.0887356	0	571.209	0	0.0101662	-8.87356e-05	0.010255	0.0101662	12.5664	0.0155856	0	-1.26414	0.252641	0	0	0	0.252641
0	0.71955	0	458.681	0	0.00946865	-0.00071955	0.0101882	0.00946865	12.5664	0.0230352	0	-4.85544	0.252641	0	0	0	0.252641
0	0.138034	0	-290.704	0	0.00988785	-0.000138034	0.0100259	0.00988785	12.5664	0.0432554	0	1.6089	0.252641	0	0	0	0.252641
0	-0.301804	0	-173.388	0	0.010346	0.000301804	0.0100442	0.010346	12.5664	0.0342095	0	7.11557	0.252641	0	0	0	0.252641
0	0.1121	0	621.487	0	0.0100869	-0.0001121	0.010199	0.0100869	12.5664	0.0150535	0	10.4675	0.252641	0	0	0	0.252641
0	0.288377	0	329.394	0	0.00982604	-0.000288377	0.0101144	0.00982604	12.5664	0.0171819	0	-24.9667	0.252641	0	0	0	0.252641
0	0.0112434	0	-187.753	0	0.0101073	-1.12434e-05	0.0101186	0.0101073	12.5664	0.0352737	0	1.84832	0.252641	0	0	0	0.252641
0	0.0921482	0	212.078	0	0.00999088	-9.21482e-05	0.010083	0.00999088	12.5664	0.0379343	0	36.0854	0.252641	0	0	0	0.252641
0	-0.662783	0	-166.205	0	0.0107175	0.000662783	0.0100548	0.0107175	12.5664	0.0171819	0	-19.4601	0.252641	0	0	0	0.252641
0	-0.0129264	0	305.452	0	0.010367	1.29264e-05	0.0103541	0.010367	12.5664	0.012925	0	-26.4033	0.252641	0	0	0	0.252641
0	-0.198971	0	188.136	0	0.0104927	0.000198971	0.0102937	0.0104927	12.5664	0.0262278	0	17.8895	0.252641	0	0	0	0.252641
0	0.243905	0	-82.4084	0	0.0101019	-0.000243905	0.0103458	0.0101019	12.5664	0.0288884	0	11.4251	0.252641	0	0	0	0.252641
0	-0.821407	0	-443.933	0	0.0111185	0.000821407	0.010297	0.0111185	12.5664	0.0235673	0	-28.0792	0.252641	0	0	0	0.252641
0	-0.546041	0	350.942	0	0.0112232	0.000546042	0.0106771	0.0112232	12.5664	0.0171819	0	-18.5024	0.252641	0	0	0	0.252641
0	0.113312	0	372.49	0	0.0106919	-0.000113312	0.0108052	0.0106919	12.5664	0.0320811	0	16.2135	0.252641	0	0	0	0.252641
0	0.157097	0	-77.62	0	0.0105938	-0.000157097	0.0107509	0.0105938	12.5664	0.0358059	0	10.9463	0.252641	0	0	0	0.252641
0	-0.721332	0	-381.684	0	0.0114801	0.000721333	0.0107587	0.0114801	12.5664	0.0331453	0	-12.7563	0.252641	0	0	0	0.252641
0	-0.251917	0	583.18	0	0.0113387	0.000251917	0.0110868	0.0113387	12.5664	0.0235673	0	5.67905	0.252641	0	0	0	0.252641
0	-0.0987575	0	391.644	0	0.011085	9.87575e-05	0.0109863	0.011085	12.5664	0.0304847	0	-4.3766	0.252641	0	0	0	0.252641
0	-0.576266	0	-355.347	0	0.0115371	0.000576266	0.0109608	0.0115371	12.5664	0.050705	0	-3.41892	0.252641	0	0	0	0.252641
0	-0.905451	0	-1.00556	0	0.0120181	0.000905452	0.0111126	0.0120181	12.5664	0.0464481	0	17.6501	0.252641	0	0	0	0.252641
0	-0.338371	0	573.603	0	0.0117092	0.000338371	0.0113709	0.0117092	12.5664	0.0256957	0	-1.9824	0.252641	0	0	0	0.252641
0	-0.441787	0	-144.658	0	0.0118138	0.000441787	0.011372	0.0118138	12.5664	0.0304847	0	-59.4432	0.252641	0	0	0	0.252641
0	-0.425468	0	-125.504	0	0.0118858	0.000425468	0.0114604	0.0118858	12.5664	0.0469802	0	17.6501	0.252641	0	0	0	0.252641
0	-0.27586	0	137.858	0	0.0119223	0.00027586	0.0116465	0.0119223	12.5664	0.0485766	0	36.8037	0.252641	0	0	0	0.252641
0	-0.206404	0	-123.11	0	0.0119897	0.000206404	0.0117833	0.0119897	12.5664	0.0272921	0	-46.2751	0.252641	0	0	0	0.252641
0	0.223928	0	372.49	0	0.0118456	-0.000223928	0.0120695	0.0118456	12.5664	0.0230352	0	-28.7975	0.252641	0	0	0	0.252641
0	-0.349214	0	123.493	0	0.0124054	0.000349214	0.0120562	0.0124054	12.559	0.0256957	-14.9401	25.7903	0.225192	0	0	0	0.225192
0	-0.172207	0	-8.18817	0	0.0122983	0.000172207	0.0121261	0.0122983	12.4989	0.036338	-45.1008	16.453	0.168872	0	0	0	0.168872
0	-0.757365	0	-295.492	0	0.0130096	0.000757365	0.0122523	0.0130096	12.3786	-0.0088916	-75.2615	-42.9232	0.11134	0	0	0	0.11134
0	-0.106533	0	552.055	0	0.0125469	0.000106533	0.0124403	0.0125469	12.1979	-0.0919012	-105.422	-42.9232	0.0525943	0	0	0	0.0525943
0	0.564289	0	212.078	0	0.0118147	-0.000564289	0.012379	0.0118147	11.9569	-0.1797	-135.583	-30.9522	-0.00736394	0	0	0	-0.00736394
0	-1.09561	0	-558.855	0	0.0133634	0.00109561	0.0122678	0.0133634	11.6629	-0.309003	-150.796	-59.2038	-0.041073	0	0	0	-0.041073
0	-2.33954	0	-841.37	0	0.0152308	0.00233954	0.0128912	0.0152308	11.3613	-0.407444	-150.796	-37.656	-0.0471367	0	0	0	-0.0471367
0	-3.27554	0	-12.9766	0	0.0172244	0.00327554	0.0139489	0.0172244	11.0597	-0.479811	-150.796	-26.1638	-0.0532004	0	0	0	-0.0532004
0	-3.33601	0	61.2437	0	0.0185861	0.00333601	0.0152501	0.0185861	10.7581	-0.499499	-150.796	-8.20732	-0.059264	0	0	0	-0.059264
0	-5.11256	0	-89.591	0	0.0227168	0.00511256	0.0176042	0.0227168	10.4565	-0.46438	-150.796	43.268	-0.0653277	0	0	0	-0.0653277
0	-4.48501	0	27.7249	0	0.0231117	0.00448501	0.0186267	0.0231117	10.1549	-0.4266	-150.796	53.5631	-0.0713914	0	0	0	-0.0713914
0	-4.75281	0	195.319	0	0.0252763	0.00475281	0.0205235	0.0252763	9.85327	-0.410637	-150.796	-15.3899	-0.0774551	0	0	0	-0.0774551
0	-5.4922	0	315.029	0	0.0280336	0.0054922	0.0225414	0.0280336	9.55167	-0.385627	-150.796	-4.85544	-0.0835187	0	0	0	-0.0835187
0	-4.7338	0	-209.301	0	0.0293894	0.0047338	0.0246556	0.0293894	9.25006	-0.346783	-150.796	33.2124	-0.0895824	0	0	0	-0.0895824
0	-4.62854	0	188.136	0	0.0312214	0.00462854	0.0265929	0.0312214	8.94845	-0.327627	-150.796	47.5776	-0.0956461	0	0	0	-0.0956461
0	-4.38776	0	-192.542	0	0.0328589	0.00438776	0.0284711	0.0328589	8.64685	-0.304746	-150.796	-48.4299	-0.10171	0	0	0	-0.10171
0	-3.15891	0	463.47	0	0.0334939	0.00315891	0.030335	0.0334939	8.34524	-0.280801	-150.796	-2.94008	-0.107773	0	0	0	-0.107773
0	-2.53218	0	1011.74	0	0.0341208	0.00253218	0.0315886	0.0341208	8.04363	-0.342526	-150.796	3.04543	-0.113837	0	0	0	-0.113837
0	-1.49587	0	602.333	0	0.0338801	0.00149587	0.0323842	0.0338801	7.74203	-0.364875	-150.796	6.63673	-0.119901	0	0	0	-0.119901
0	-0.0610216	0	432.345	0	0.0328727	6.10216e-05	0.0328117	0.0328727	7.44042	-0.382435	-150.796	-54.4154	-0.125964	0	0	0	-0.125964
0	1.51	0	1200.88	0	0.0311003	-0.00151	0.0326103	0.0311003	7.13881	-0.391481	-150.796	-7.72849	-0.132028	0	0	0	-0.132028
0	1.85166	0	724.438	0	0.0299542	-0.00185166	0.0318059	0.0299542	6.8372	-0.387224	-150.796	27.9451	-0.138092	0	0	0	-0.138092
0	3.14943	0	377.278	0	0.0275985	-0.00314943	0.0307479	0.0275985	6.5356	-0.384031	-150.796	-9.165	-0.144155	0	0	0	-0.144155
0	4.05529	0	566.42	0	0.0253249	-0.00405529	0.0293802	0.0253249	6.23399	-0.391481	-150.796	4.0031	-0.150219	0	0	0	-0.150219
0	5.63846	0	1339.75	0	0.0219507	-0.00563846	0.0275891	0.0219507	5.93238	-0.410637	-150.796	0.890643	-0.156283	0	0	0	-0.156283
0	6.66417	0	865.695	0	0.0186023	-0.00666417	0.0252665	0.0186023	5.63078	-0.415426	-150.796	-3.89776	-0.162346	0	0	0	-0.162346
0	8.42621	0	446.71	0	0.012821	-0.00842621	0.0212473	0.012821	5.32917	-0.394673	-150.796	6.87615	-0.16841	0	0	0	-0.16841
0	9.90786	0	686.13	0	0.00778862	-0.00990786	0.0176965	0.00778862	5.02756	-0.345719	-150.796	53.8025	-0.174474	0	0	0	-0.174474
0	10.629	0	556.843	0	0.00508595	-0.010629	0.0157149	0.00508595	4.72596	-0.299957	-150.796	-11.3198	-0.180537	0	0	0	-0.180537
0	6.27737	0	-211.695	0	0.00536523	-0.00627737	0.0116426	0.00536523	4.42435	-0.263774	-150.796	-36.9377	-0.186601	0	0	0	-0.186601
0	3.25078	0	-1430.34	0	0.00649496	-0.00325078	0.00974573	0.00649496	4.12274	-0.344655	-150.796	19.8048	-0.192665	0	0	0	-0.192665
0	3.39074	0	-455.904	0	0.00506747	-0.00339074	0.00845821	0.00506747	3.82113	-0.357425	-150.796	25.3115	-0.198728	0	0	0	-0.198728
0	3.91604	0	-240.426	0	0.00315528	-0.00391604	0.00707133	0.00315528	3.51953	-0.342526	-150.796	-45.078	-0.204792	0	0	0	-0.204792
0	4.77917	0	291.087	0	0.000650664	-0.00477917	0.00542984	0.000650664	3.21792	-0.309003	-150.796	-1.9824	-0.210856	0	0	0	-0.210856
0	4.12172	0	-65.649	0	-0.000734409	-0.00412172	0.00338731	-0.000734409	2.91631	-0.316453	-150.796	31.7758	-0.216919	0	0	0	-0.216919
0	5.1548	0	-324.223	0	-0.0036221	-0.0051548	0.0015327	-0.0036221	2.61471	-0.380838	-150.796	-33.8253	-0.222983	0	0	0	-0.222983
0	3.49402	0	-329.011	0	-0.00492552	-0.00349402	-0.0014315	-0.00492552	2.3131	-0.457995	-150.796	-64.9499	-0.229047	0	0	0	-0.229047
0	2.49718	0	-163.811	0	-0.00462749	-0.00249718	-0.00213031	-0.00462749	2.01149	-0.46438	-150.796	2.32716	-0.23511	0	0	0	-0.23511
0	1.53577	0	-661.805	0	-0.00463068	-0.00153577	-0.0030949	-0.00463068	1.70989	-0.399462	-150.796	49.7324	-0.241174	0	0	0	-0.241174
0	1.55412	0	-822.217	0	-0.00517711	-0.00155412	-0.00362299	-0.00517711	1.40828	-0.395737	-150.796	-24.7273	-0.247238	0	0	0	-0.247238
0	2.65033	0	-3.39976	0	-0.00706143	-0.00265033	-0.00441109	-0.00706143	1.10667	-0.425536	-150.796	-7.01022	-0.253302	0	0	0	-0.253302
0	2.51883	0	317.423	0	-0.00801707	-0.00251883	-0.00549825	-0.00801707	0.805065	-0.488325	-150.796	-29.5157	-0.259365	0	0	0	-0.259365
0	0.50459	0	-264.368	0	-0.00692418	-0.00050459	-0.00641959	-0.00692418	0.524268	-0.628271	-125.744	-36.4589	-0.219232	0	0	0	-0.219232
0	-2.82896	0	-1238.81	0	-0.00338959	0.00282896	-0.00621854	-0.00338959	0.302931	-0.909758	-95.5833	-144.437	-0.168569	0	0	0	-0.168569
0	-4.20136	0	-46.4954	0	-0.000749517	0.00420136	-0.00495088	-0.000749517	0.141917	-0.999153	-65.4226	-30.9522	-0.116694	0	0	0	-0.116694
0	-5.35718	0	70.8205	0	0.00217809	0.00535718	-0.00317909	0.00217809	0.0412279	-0.856015	-35.2619	74.1532	-0.0636053	0	0	0	-0.0636053
0	-7.54479	0	-657.017	0	0.00672939	0.00754479	-0.000815404	0.00672939	0.000862839	-0.524509	-5.10124	142.149	-0.00930415	0	0	0	-0.00930415
0	-6.56323	0	34.9074	0	0.00852809	0.00656323	0.00196486	0.00852809	0	-0.198324	0	110.785	0	0	0	0	0
0	-4.74027	0	748.38	0	0.00909908	0.00474027	0.00435881	0.00909908	0	0.0868887	0	135.205	0	0	-0	0	0
0	-3.87445	0	511.354	0	0.0100355	0.00387445	0.00616105	0.0100355	0	0.329532	0	134.966	0	0	-0	0	0
0	-2.58234	0	635.852	0	0.0107642	0.00258234	0.00818188	0.0107642	0	0.549827	0	44.944	0	0	-0	0	0
0	-1.81205	0	166.589	0	0.0105104	0.00181205	0.00869835	0.0105104	0	0.612616	0	70.3225	0	0	-0	0	0
0	-1.31637	0	-130.292	0	0.0106509	0.00131637	0.00933455	0.0106509	0	0.622194	0	13.3405	0	0	-0	0	0
0	-3.08807	0	202.502	0	0.0131919	0.00308807	0.0101038	0.0131919	0	0.554616	0	-37.656	0	0	-0	0	0
0	-4.13494	0	257.568	0	0.0161597	0.00413494	0.0120248	0.0161597	0	0.444468	0	-25.4456	0	0	-0	0	0
0	-4.58839	0	-192.542	0	0.0174401	0.00458839	0.0128517	0.0174401	0	0.375826	0	-2.94008	0	0	-0	0	0
0	-5.91927	0	-259.579	0	0.0206782	0.00591927	0.0147589	0.0206782	0	0.294413	0	-111.158	0	0	-0	0	0
0	-4.98505	0	360.519	0	0.0220225	0.00498505	0.0170375	0.0220225	0	0.187458	0	-39.0925	0	0	-0	0	0
0	-4.99563	0	118.705	0	0.0238746	0.00499563	0.018879	0.0238746	0	0.0959346	0	-0.0670376	0	0	-0	0	0
0	-5.10536	0	221.655	0	0.0258777	0.00510537	0.0207724	0.0258777	0	0.0145214	0	-23.2908	0	0	-0	0	0
0	-4.31315	0	39.6959	0	0.0269322	0.00431315	0.0226191	0.0269322	0	-0.0796626	0	-96.0745	0	0	0	0	0
0	-4.6771	0	188.136	0	0.029849	0.0046771	0.0251719	0.029849	0	-0.191406	0	4.96079	0	0	0	0	0
0	-3.97953	0	394.038	0	0.0300869	0.00397953	0.0261073	0.0300869	0	-0.251535	0	-48.1905	0	0	0	0	0
0	-4.84518	0	236.02	0	0.0337818	0.00484518	0.0289366	0.0337818	0	-0.289847	0	-6.53138	0	0	0	0	0
0	-4.99628	0	101.945	0	0.0349019	0.00499628	0.0299056	0.0349019	0	-0.28559	0	3.04542	0	0	0	0	0
0	-4.54148	0	80.3973	0	0.0363411	0.00454148	0.0317996	0.0363411	0	-0.289847	0	32.9729	0	0	0	0	0
0	-4.53936	0	468.258	0	0.0382701	0.00453936	0.0337308	0.0382701	0	-0.286654	0	-12.038	0	0	0	0	0
0	-3.89996	0	429.951	0	0.0394089	0.00389996	0.035509	0.0394089	0	-0.244617	0	-2.46124	0	0	0	0	0
0	-3.74126	0	123.493	0	0.0407457	0.00374126	0.0370044	0.0407457	0	-0.185021	0	67.9283	0	0	0	0	0
0	-4.05021	0	-336.194	0	0.0426367	0.00405021	0.0385865	0.0426367	0	-0.136599	0	1.36948	0	0	0	0	0
0	-3.03204	0	559.238	0	0.04317	0.00303204	0.040138	0.04317	0	-0.0812589	0	-0.545877	0	0	0	0	0
0	-1.48637	0	992.588	0	0.0426977	0.00148637	0.0412113	0.0426977	0	0.0203746	0	40.395	0	0	-0	0	0
0	0.322483	0	298.27	0	0.041734	-0.000322483	0.0420565	0.041734	0	0.101788	0	62.9005	0	0	-0	0	0
0	-1.02625	0	99.5509	0	0.0430182	0.00102625	0.041992	0.0430182	0	0.128393	0	-21.136	0	0	-0	0	0
0	0.955672	0	894.426	0	0.041268	-0.000955672	0.0422237	0.041268	0	0.110834	0	-8.20732	0	0	-0	0	0
0	2.22247	0	877.667	0	0.0394441	-0.00222247	0.0416666	0.0394441	0	0.0709253	0	-13.2351	0	0	-0	0	0
0	1.85485	0	13.3596	0	0.0389266	-0.00185485	0.0407815	0.0389266	0	0.0570904	0	-9.165	0	0	-0	0	0
0	1.66963	0	228.838	0	0.0383414	-0.00166963	0.040011	0.0383414	0	0.0491087	0	-8.68616	0	0	-0	0	0
0	2.22887	0	374.884	0	0.0370566	-0.00222887	0.0392854	0.0370566	0	0.0219709	0	15.0164	0	0	-0	0	0
0	2.57193	0	451.499	0	0.0358	-0.00257193	0.038372	0.0358	0	0.00866811	0	-14.1928	0	0	-0	0	0
0	1.50812	0	44.4843	0	0.0358027	-0.00150812	0.0373108	0.0358027	0	0.0230352	0	-14.1928	0	0	-0	0	0
0	1.99018	0	116.31	0	0.034537	-0.00199018	0.0365272	0.034537	0	0.0453839	0	26.0298	0	0	-0	0	0
0	1.93092	0	-273.945	0	0.0338587	-0.00193092	0.0357896	0.0338587	0	0.0358059	0	4.24253	0	0	-0	0	0
0	1.3796	0	305.452	0	0.0336403	-0.0013796	0.0350199	0.0336403	0	0.0166498	0	-14.4322	0	0	-0	0	0
0	1.66287	0	168.983	0	0.0327227	-0.00166287	0.0343856	0.0327227	0	0.0113287	0	-7.9679	0	0	-0	0	0
0	1.83494	0	-39.3128	0	0.0317721	-0.00183494	0.033607	0.0317721	0	0.0198425	0	32.9729	0	0	-0	0	0
0	0.661499	0	-659.411	0	0.0323215	-0.000661499	0.032983	0.0323215	0	0.022503	0	-27.6004	0	0	-0	0	0
0	0.984759	0	209.684	0	0.0317477	-0.000984759	0.0327324	0.0317477	0	0.0171819	0	-10.1227	0	0	-0	0	0
0	0.865694	0	358.125	0	0.0314849	-0.000865694	0.0323506	0.0314849	0	0.0150535	0	0.890643	0	0	-0	0	0
0	0.0313231	0	-340.982	0	0.0319672	-3.13231e-05	0.0319985	0.0319672	0	0.0278242	0	14.2982	0	0	-0	0	0
0	-0.145281	0	-410.414	0	0.0321454	0.000145281	0.0320001	0.0321454	0	0.0246315	0	-16.1082	0	0	-0	0	0
0	-0.0395013	0	602.333	0	0.0320974	3.95013e-05	0.0320579	0.0320974	0	-0.00995583	0	-0.067038	0	0	0	0	0
0	0.537514	0	401.22	0	0.0314652	-0.000537514	0.0320027	0.0314652	0	-0.0285798	0	-24.9667	0	0	0	0	0
0	-0.346799	0	-386.472	0	0.0321805	0.000346799	0.0318337	0.0321805	0	-0.0317724	0	-4.13718	0	0	0	0	0
0	-0.900552	0	25.3307	0	0.0329465	0.000900552	0.032046	0.0329465	0	-0.0312403	0	12.1434	0	0	0	0	0
0	-0.466352	0	262.357	0	0.0329205	0.000466352	0.0324541	0.0329205	0	-0.0472037	0	-5.33428	0	0	0	0	0
0	0.109178	0	444.316	0	0.0324724	-0.000109178	0.0325816	0.0324724	0	-0.0498643	0	-15.8688	0	0	0	0	0
