0	0.485795	0	136.398	0	0	-0	0	0	0	0.003198	0	-11.4802	0	-0.00012792	-0.00012792	0	-0.00012792
1	-0.919737	1000	-665.66	0.0335	0	0	0	0.0335	0	0.00532645	0	-4.05817	0	-0.000251402	-0.000213058	-3.8344e-05	-0.000251402
4	0.264363	2000	394.971	0.0673333	0	0	0	0.0673333	0	-0.00957271	0	13.4195	0	0.000376459	0.000382908	-6.44921e-06	0.000376459
9	2.61183	3000	842.687	0.1015	0	0	0	0.1015	0	-0.0319214	0	-39.9712	0	0.00131188	0.00127686	3.50237e-05	0.00131188
16	5.23568	4000	981.551	0.136	0	0	0	0.136	0	-0.22295	0	-73.0112	0	0.00940635	0.00891799	0.000488352	0.00940635
25	13.3903	5000	1469.97	0.170833	0	0	0	0.170833	0	-0.286803	0	-8.84658	0	0.013469	0.0114721	0.00199686	0.013469
36	41.369	6000	3330.26	0.206	0	-0	0	0.206	0	-0.403336	0	-63.195	0	0.0199868	0.0161334	0.00385337	0.0199868
48	64.944	6000	3253.65	0.208	0	-0	0	0.208	0	-0.550199	0	-9.56483	0	0.0282558	0.022008	0.00624784	0.0282558
60	94.8825	6000	7093.95	0.21	0	-0	0	0.21	0	-0.43207	0	28.7424	0	0.0266834	0.0172828	0.00940058	0.0266834
72	118.563	6000	3971.91	0.212	0	-0	-0	0.212	0	-0.533171	0	-70.3776	0	0.0333757	0.0213269	0.0120489	0.0333757
84	139.264	6000	3303.93	0.214	0	-0	-0	0.214	0	-0.546474	0	-4.53701	0	0.0371755	0.021859	0.0153165	0.0371755
96	156.108	6000	5353.36	0.216	0	-0	-0	0.216	0	-0.692273	0	-44.2808	0	0.0465609	0.0276909	0.01887	0.0465609
108	174.537	6000	4062.89	0.218	0	-0	-0	0.218	0	-0.71409	0	-48.8298	0	0.0515074	0.0285636	0.0229438	0.0515074
120	205.167	6000	3198.58	0.22	0	-0	-0	0.22	0	-0.815191	0	-3.57933	0	0.0601201	0.0326076	0.0275125	0.0601201
132	232.574	6000	5568.84	0.222	0	-0	-0	0.222	0	-1.00409	0	-116.107	0	0.0727397	0.0401636	0.032576	0.0727397
144	242.249	6000	5700.52	0.224	0	-0	-0	0.224	0	-1.07859	0	4.80037	0	0.0821272	0.0431435	0.0389837	0.0821272
156	264.191	6000	3382.94	0.226	0	-0	-0	0.226	0	-1.04985	0	-20.0993	0	0.0872785	0.0419941	0.0452844	0.0872785
168	287.539	6000	5039.72	0.228	0	-0	-0	0.228	0	-1.16053	0	-7.64949	0	0.0982602	0.0464213	0.0518389	0.0982602
174	300.291	6000	3524.19	0.229	0	-0	-0	0.229	0	-1.09668	0	9.8282	0	0.0991877	0.0438671	0.0553205	0.0991877
186	325.641	6000	4196.96	0.231	0	-0	-0	0.231	0	-1.13286	0	-19.1417	0	0.107295	0.0453145	0.0619804	0.107295
198	339.851	6000	3502.65	0.233	0	-0	-0	0.233	0	-1.18661	0	-22.9724	0	0.11616	0.0474642	0.0686962	0.11616
210	357.127	6000	3833.05	0.235	0	-0	-0	0.235	0	-1.14191	0	61.3035	0	0.121612	0.0456763	0.0759355	0.121612
222	380.319	6000	5611.94	0.237	0	-0	-0	0.237	0	-0.688548	0	67.7679	0	0.109868	0.0275419	0.0823257	0.109868
234	409.79	6000	4673.41	0.239	0	-0	-0	0.239	0	-0.708237	0	25.6299	0	0.114775	0.0283295	0.0864458	0.114775
246	426.864	6000	3275.2	0.241	0	-0	-0	0.241	0	-0.894476	0	63.4583	0	0.126809	0.035779	0.0910304	0.126809
258	444.956	6000	3955.15	0.243	0	-0	-0	0.243	0	-0.551795	0	128.581	0	0.118052	0.0220718	0.0959806	0.118052
270	454.605	6000	3447.58	0.245	0	-0	-0	0.245	0	-0.575208	0	-65.3497	0	0.122477	0.0230083	0.0994686	0.122477
282	471.931	6000	4283.16	0.247	0	-0	-0	0.247	0	-0.379923	0	61.3035	0	0.117858	0.0151969	0.102661	0.117858
294	490.802	6000	4058.1	0.249	0	-0	-0	0.249	0	-0.208051	0	187.717	0	0.112985	0.00832203	0.104663	0.112985
306	496.676	6000	4769.18	0.251	0	-0	-0	0.251	0	0.0191614	0	-57.2094	0	0.104513	-0.000766455	0.105279	0.104513
318	512.406	6000	2693.41	0.253	0	-0	-0	0.253	0	-0.0861969	0	55.5575	0	0.108955	0.00344788	0.105507	0.108955
330	524.816	6000	4589.61	0.255	0	-0	-0	0.255	0	-0.112803	0	-75.6448	0	0.110637	0.0045121	0.106125	0.110637
342	542.231	6000	3189	0.257	0	-0	-0	0.257	0	-0.0457564	0	46.6989	0	0.108346	0.00183025	0.106516	0.108346
354	563.927	6000	5176.19	0.259	0	-0	-0	0.259	0	0.301713	0	-20.8176	0	0.0939257	-0.0120685	0.105994	0.0939257
366	565.251	6000	8063.6	0.261	-0	-0	-0	0.261	0	0.37142	0	121.877	0	0.0894341	-0.0148568	0.104291	0.0894341
378	581.731	6000	1845.86	0.263	0	-0	-0	0.263	0	0.416649	0	1.44849	0	0.0848776	-0.016666	0.101544	0.0848776
390	596.604	6000	3165.06	0.265	0	-0	-0	0.265	0	2.25137	0	123.313	0	0.00907967	-0.090055	0.0991346	0.00907967
402	612.804	6000	4644.68	0.267	0	-0	-0	0.267	0	0.561384	0	-101.742	0	0.0649829	-0.0224554	0.0874382	0.0649829
414	628.907	6000	4199.36	0.269	0	-0	-0	0.269	0	0.206465	0	-34.7039	0	0.0768585	-0.0082586	0.0851171	0.0768585
426	652.573	6000	4699.75	0.271	0	-0	-0	0.271	0	0.399622	0	50.2902	0	0.0675901	-0.0159849	0.083575	0.0675901
438	672.434	6000	5303.08	0.273	0	-0	-0	0.273	0	-1.7714	0	22.0386	0	0.155558	0.0708559	0.084702	0.155558
450	688.71	6000	6038.1	0.275	-0	-0	-0	0.275	0	0.134098	0	-188.891	0	0.0877827	-0.00536391	0.0931466	0.0877827
462	721.599	6000	3579.26	0.277	0	-0	-0	0.277	0	0.459751	0	184.366	0	0.0727436	-0.01839	0.0911336	0.0727436
474	734.417	6000	2674.25	0.279	0	-0	-0	0.279	0	0.322466	0	5.27921	0	0.0759937	-0.0128986	0.0888923	0.0759937
492	740.654	6000	5082.82	0.282	0	-0	-0	0.282	0	0.812009	0	-107.727	0	0.0506826	-0.0324804	0.083163	0.0506826
504	750.24	6000	5836.99	0.284	0	-0	-0	0.284	0	0.385787	0	-24.6483	0	0.0640008	-0.0154315	0.0794323	0.0640008
516	754.227	6000	5034.93	0.286	0	-0	-0	0.286	0	0.37142	0	241.348	0	0.0623374	-0.0148568	0.0771942	0.0623374
528	779.604	6000	3215.34	0.288	0	-0	-0	0.288	0	0.414521	0	-88.5735	0	0.0585221	-0.0165808	0.075103	0.0585221
540	786.358	6000	4570.46	0.29	0	-0	-0	0.29	0	0.510833	0	-332.303	0	0.0522017	-0.0204333	0.072635	0.0522017
552	795.409	6000	6952.69	0.292	-0	-0	-0	0.292	0	-0.211775	0	393.379	0	0.0750112	0.00847102	0.0665402	0.0750112
564	797.028	6000	7812.21	0.294	-0	-0	-0	0.294	0	0.437934	0	-10.0437	0	0.0568911	-0.0175174	0.0744085	0.0568911
576	812.796	6000	3473.92	0.296	0	-0	-0	0.296	0	1.26058	0	-89.5312	0	0.0172519	-0.0504232	0.0676751	0.0172519
588	837.73	6000	5817.84	0.298	0	-0	-0	0.298	0	0.608742	0	19.8838	0	0.0369305	-0.0243497	0.0612801	0.0369305
600	831.329	6000	4048.52	0.3	0	-0	-0	0.3	0	0.248502	0	-100.544	0	0.0485816	-0.00994008	0.0585216	0.0485816
612	840.284	6000	5506.59	0.302	0	-0	-0	0.302	0	0.288942	0	23.7146	0	0.0452606	-0.0115577	0.0568183	0.0452606
624	846.293	6000	7723.62	0.304	-0	-0	-0	0.304	0	0.35386	0	-88.8129	0	0.0407419	-0.0141544	0.0548963	0.0407419
636	872.991	6000	2228.93	0.306	0	-0	-0	0.306	0	1.26803	0	25.3905	0	0.00226106	-0.0507212	0.0529822	0.00226106
648	894.8	6000	1941.63	0.308	0	-0	-0	0.308	0	5.05348	0	-17.7051	0	-0.156392	-0.202139	0.0457476	-0.156392
660	909.56	6000	5784.32	0.31	0	-0	-0	0.31	0	-1.06209	0	6.47632	0	0.0659783	0.0424837	0.0234946	0.0659783
672	904.543	6000	12375.6	0.312	-0	-0	-0	0.312	0	-0.323519	0	-172.849	0	0.0415309	0.0129408	0.0285901	0.0415309
684	914.316	6000	4046.13	0.314	0	-0	-0	0.314	0	3.00431	0	-65.3497	0	-0.0914052	-0.120173	0.0287673	-0.0914052
696	875.766	6000	6648.63	0.316	-0	-0	-0	0.316	0	-1.7102	0	21.5598	0	0.0874282	0.0684082	0.01902	0.0874282
708	901.84	6000	6095.57	0.318	-0	-0	-0	0.318	0	0.0191614	0	13.1801	0	0.0267365	-0.000766455	0.0275029	0.0267365
720	902.418	6000	5214.5	0.32	0	-0	-0	0.32	0	0.0404459	0	-23.2118	0	0.0245202	-0.00161784	0.026138	0.0245202
732	919.3	6000	7007.76	0.322	-0	-0	-0	0.322	0	0.69122	0	-301.657	0	0.000438325	-0.0276488	0.0280871	0.000438325
744	902.615	6000	7256.75	0.324	-0	-0	-0	0.324	0	3.39914	0	6.71575	0	-0.121558	-0.135966	0.0144081	-0.121558
756.001	892.148	6000	7709.26	0.326	-0	-0	-0	0.326	0	-1.62187	0	-101.742	0	0.0660829	0.064875	0.00120791	0.0660829
768.001	850.968	6000	9789.82	0.328	-0	-0	-0	0.328	0	-1.19672	0	146.537	0	0.0593809	0.0478686	0.0115122	0.0593809
780.001	842.904	6000	5073.24	0.33	0	-0	-0	0.33	0	-0.306492	0	86.6821	0	0.0282177	0.0122597	0.015958	0.0282177
792.001	898.782	6000	3586.44	0.332	0	-0	-0	0.332	0	-2.13749	0	47.6566	0	0.104788	0.0854996	0.0192879	0.104788
804.001	928.087	6000	138.792	0.334	0	-0	-0	0.334	0	-0.309684	0	19.8838	0	0.0429614	0.0123874	0.030574	0.0429614
816.001	974.806	6000	4405.26	0.336	0	-0	-0	0.336	0	3.50556	0	-125.205	0	-0.113566	-0.140223	0.0266566	-0.113566
828.001	980.813	6000	10400.3	0.338	-0	-0	-0	0.338	0	0.197419	0	245.897	0	0.00337267	-0.00789677	0.0112694	0.00337267
840.001	944.954	6000	13263.8	0.34	-0	-0	-0	0.34	0	6.27787	0	-67.7439	0	-0.254659	-0.251115	-0.00354461	-0.254659
852.001	985.218	6000	4005.43	0.342	0	-0	-0	0.342	0	1.37658	0	233.207	0	-0.085586	-0.0550632	-0.0305228	-0.085586
864.001	1002.78	6000	2389.34	0.344	0	-0	-0	0.344	0	0.13463	0	-37.0982	0	-0.0386792	-0.00538519	-0.033294	-0.0386792
876.001	1049.97	6000	4773.97	0.346	0	-0	-0	0.346	0	-0.945559	0	-91.686	0	0.00376524	0.0378224	-0.0340571	0.00376524
888.001	1067.38	6000	4017.4	0.348	0	-0	-0	0.348	0	-0.408125	0	145.819	0	-0.0126175	0.016325	-0.0289425	-0.0126175
900.001	1071.62	6000	6311.04	0.35	-0	-0	-0	0.35	0	0.319805	0	-79.2361	0	-0.0409014	-0.0127922	-0.0281092	-0.0409014
912.001	1060.35	6000	8578.35	0.352	-0	-0	-0	0.352	0	0.518283	0	68.965	0	-0.0519247	-0.0207313	-0.0311934	-0.0519247
924.001	1100.43	6000	5911.21	0.354	0	-0	-0	0.354	0	-0.632144	0	74.2322	0	-0.00769234	0.0252858	-0.0329781	-0.00769234
936.001	1121.36	6000	1908.11	0.356	0	-0	-0	0.356	0	0.766247	0	60.3458	0	-0.0596979	-0.0306499	-0.029048	-0.0596979
948.001	1145.33	6000	3833.05	0.358	0	-0	-0	0.358	0	-1.43138	0	-241.324	0	0.0248388	0.0572551	-0.0324163	0.0248388
960.001	1133.74	6000	10469.8	0.36	-0	-0	-0	0.36	0	-0.77209	0	-66.068	0	0.0135894	0.0308836	-0.0172942	0.0135894
972.001	1137.72	6000	10292.6	0.362	-0	-0	-0	0.362	0	0.452301	0	-108.206	0	-0.0351388	-0.018092	-0.0170468	-0.0351388
984.001	1106.84	6000	6756.37	0.364	-0	-0	-0	0.364	0	-0.729521	0	97.456	0	0.0113359	0.0291808	-0.017845	0.0113359
996.001	1114.86	6000	6564.83	0.366	-0	-0	-0	0.366	0	-1.15574	0	-366.54	0	0.0336686	0.0462297	-0.0125611	0.0336686
1008	1130.96	6000	6459.48	0.368	-0	-0	-0	0.368	0	-1.56547	0	-48.5903	0	0.0584065	0.0626188	-0.00421233	0.0584065
1020	1138.47	6000	8530.47	0.37	-0	-0	-0	0.37	0	-1.08284	0	178.619	0	0.0470783	0.0433137	0.00376454	0.0470783
1032	1166.21	6000	8552.02	0.372	-0	-0	-0	0.372	0	0.0298036	0	70.1621	0	0.00592946	-0.00119214	0.00712161	0.00592946
1044	1178.74	6000	4599.19	0.374	0	-0	-0	0.374	0	-1.00249	0	-125.444	0	0.0485495	0.0400998	0.00844973	0.0485495
1056	1248.65	6000	1168.3	0.376	0	-0	-0	0.376	0	-1.28398	0	-143.401	0	0.0664498	0.0513593	0.0150905	0.0664498
1068	1264.85	6000	3744.46	0.378	0	-0	-0	0.378	0	-1.27653	0	59.6276	0	0.0727446	0.0510613	0.0216833	0.0727446
1080	1301.13	6000	9401.96	0.38	-0	-0	-0	0.38	0	-0.707704	0	181.492	0	0.0578646	0.0283082	0.0295564	0.0578646
1092	1314.65	6000	7737.99	0.382	-0	-0	-0	0.382	0	-0.456015	0	-249.703	0	0.0520576	0.0182406	0.033817	0.0520576
1104	1333.31	6000	2279.21	0.384	0	-0	-0	0.384	0	-1.36646	0	51.4873	0	0.0923353	0.0546584	0.0376769	0.0923353
1116	1353.19	6000	6327.8	0.386	-0	-0	-0	0.386	0	2.23009	0	-69.8987	0	-0.0429831	-0.0892036	0.0462205	-0.0429831
1128	1381.95	6000	3744.46	0.388	0	-0	-0	0.388	0	-0.553392	0	62.9795	0	0.0581188	0.0221357	0.0359831	0.0581188
1140	1419.04	6000	-38.379	0.39	0	-0	-0	0.39	0	1.36647	0	160.184	0	-0.0114762	-0.0546588	0.0431826	-0.0114762
1152	1415.81	6000	8956.64	0.392	-0	-0	-0	0.392	0	-0.528382	0	-45.9567	0	0.053715	0.0211353	0.0325797	0.053715
1164	1379.49	5999.89	10934.2	0.393996	-0	-0	-0	0.393996	0	1.42607	0	-292.56	0	-0.0267362	-0.0570427	0.0303065	-0.0267362
1175	1390.37	4999.88	4070.07	0.362496	0	-0	-0	0.362496	0	-0.834347	0	18.4473	0	0.057536	0.0333739	0.0241621	0.057536
1184	1401.9	3999.88	7453.08	0.330663	-0	-0	-0	0.330663	0	-2.73825	0	-248.027	0	0.14282	0.10953	0.03329	0.14282
1191	1426.32	2999.88	2358.22	0.298496	0	-0	-0	0.298496	0	-5.08912	0	25.8693	0	0.254027	0.203565	0.0504617	0.254027
1196	1427.38	1999.88	2930.43	0.265996	-0	-0	-0	0.265996	0	-2.02096	0	-161.597	0	0.161587	0.0808383	0.080749	0.161587
1199	1406.15	999.875	7436.32	0.233163	-0	-0	-0	0.233163	0	2.58341	0	417.321	0	-0.0127812	-0.103336	0.0905553	-0.0127812
1200	1380.77	0	5657.43	0.2	-0	-0	-0	0.2	0	5.51429	0	125.468	0	-0.14481	-0.220572	0.075762	-0.14481
1200	1394.2	0	5904.03	0.2	-0	-0	-0	0.2	0	-1.72298	0	17.4896	0	0.109008	0.068919	0.0400886	0.109008
1200	1393.22	0	1328.71	0.2	-0	-0	-0	0.2	0	-2.2636	0	52.6844	0	0.14461	0.0905441	0.0540661	0.14461
1200	1342.61	0	567.354	0.2	-0	-0	-0	0.2	0	-3.15436	0	-67.5045	0	0.193083	0.126174	0.0669086	0.193083
1200	1281.95	0	751.708	0.2	-0	-0	-0	0.2	0	1.2808	0	165.451	0	0.028235	-0.051232	0.079467	0.028235
1200	1243.34	0	4139.5	0.2	-0	-0	-0	0.2	0	-1.52716	0	205.913	0	0.134013	0.0610863	0.0729267	0.134013
1200	1211.54	0	5157.04	0.2	-0	-0	-0	0.2	0	0.20274	0	244.939	0	0.0722082	-0.00810961	0.0803178	0.0722082
1200	1186.44	0	-1395.89	0.2	0	0	-0	0.2	0	5.28388	0	137.439	0	-0.133354	-0.211355	0.0780014	-0.133354
1200	1177.97	0	1572.92	0.2	0	0	-0	0.2	0	1.1946	0	187.239	0	0.00237736	-0.0477839	0.0501613	0.00237736
1200	1170.95	0	1874.59	0.2	0	0	-0	0.2	0	1.96882	0	-142.204	0	-0.0322472	-0.0787529	0.0465056	-0.0322472
1200	1120.87	0	-268.222	0.2	0	0	-0	0.2	0	2.84202	0	11.2647	0	-0.0786193	-0.113681	0.0350615	-0.0786193
1200	1117.22	0	6806.64	0.2	0	0	-0	0.2	0	3.95573	0	48.3748	0	-0.138232	-0.158229	0.0199968	-0.138232
1200	1115.61	0	4247.24	0.2	0	0	-0	0.2	0	0.810945	0	-15.5503	0	-0.0317759	-0.0324378	0.00066191	-0.0317759
1200	1117.5	0	-454.97	0.2	0	0	-0	0.2	0	0.946101	0	-129.993	0	-0.0422282	-0.0378441	-0.00438415	-0.0422282
1200	1109.12	0	2118.8	0.2	0	0	-0	0.2	0	0.225621	0	29.2212	0	-0.0182906	-0.00902484	-0.00926578	-0.0182906
1200	1104.74	0	2568.91	0.2	0	0	-0	0.2	0	-0.220821	0	-227.916	0	-0.000908664	0.00883286	-0.00974152	-0.000908664
1200	1093	0	-3071.83	0.2	0	0	-0	0.2	0	-0.998238	0	143.185	0	0.0346625	0.0399295	-0.00526702	0.0346625
1200	1108.96	0	1639.96	0.2	0	0	-0	0.2	0	0.347475	0	-85.2216	0	-0.0152582	-0.013899	-0.00135921	-0.0152582
1200	1113.97	0	763.679	0.2	0	0	-0	0.2	0	0.282025	0	-2.86107	0	-0.0153843	-0.011281	-0.00410335	-0.0153843
1200	1108.47	0	1072.53	0.2	0	0	-0	0.2	0	0.218171	0	-126.641	0	-0.014575	-0.00872686	-0.00584818	-0.014575
1200	1113.65	0	1862.62	0.2	0	0	-0	0.2	0	-2.2354	0	-50.9845	0	0.096388	0.089416	0.00697198	0.096388
1200	1109.17	0	1019.86	0.2	0	0	-0	0.2	0	3.26824	0	-172.61	0	-0.122027	-0.13073	0.00870238	-0.122027
1200	1109.32	0	3438	0.2	0	0	-0	0.2	0	-1.2627	0	129.059	0	0.0452423	0.0505079	-0.00526561	0.0452423
1200	1106.5	0	-2411.03	0.2	0	0	-0	0.2	0	-0.361831	0	-27.2819	0	0.0179396	0.0144732	0.00346633	0.0179396
1200	1108.9	0	-203.579	0.2	0	0	-0	0.2	0	-0.162289	0	14.3772	0	0.0108023	0.00649156	0.00431076	0.0108023
1200	1120.19	0	1606.44	0.2	0	0	-0	0.2	0	-0.416639	0	-102.939	0	0.0231281	0.0166656	0.00646259	0.0231281
1200	1095.69	0	1517.85	0.2	0	0	-0	0.2	0	-0.188895	0	151.086	0	0.0160233	0.00755579	0.00846756	0.0160233
1200	1090.76	0	-184.425	0.2	0	0	-0	0.2	0	-0.879045	0	161.86	0	0.043484	0.0351618	0.00832226	0.043484
1200	1094.48	0	641.574	0.2	0	0	-0	0.2	0	1.25419	0	-134.782	0	-0.0349254	-0.0501678	0.0152423	-0.0349254
1200	1128.3	0	-1264.21	0.2	0	0	-0	0.2	0	1.46491	0	131.454	0	-0.0562781	-0.0585964	0.00231837	-0.0562781
1200	1105.14	0	2032.61	0.2	0	0	-0	0.2	0	2.30458	0	-135.979	0	-0.0988971	-0.0921834	-0.00671375	-0.0988971
1200	1127.01	0	2676.65	0.2	0	0	-0	0.2	0	-0.479428	0	-162.075	0	0.00355099	0.0191771	-0.0156261	0.00355099
1200	1119.08	0	794.803	0.2	0	0	-0	0.2	0	2.21359	0	28.503	0	-0.10897	-0.0885438	-0.0204263	-0.10897
1200	1110.89	0	2676.65	0.2	0	0	-0	0.2	0	0.212318	0	-285.137	0	-0.0355599	-0.00849273	-0.0270671	-0.0355599
1200	1120.45	0	344.693	0.2	0	0	-0	0.2	0	-1.218	0	46.6989	0	0.0235892	0.04872	-0.0251308	0.0235892
1200	1150.37	0	2566.51	0.2	0	0	-0	0.2	0	-0.798164	0	-97.9109	0	0.0135227	0.0319265	-0.0184039	0.0135227
1200	1152.97	0	631.997	0.2	0	0	-0	0.2	0	1.85335	0	5.03979	0	-0.0943339	-0.0741341	-0.0201998	-0.0943339
1200	1131.48	0	-3354.35	0.2	0	0	-0	0.2	0	0.942377	0	30.6578	0	-0.064277	-0.0376951	-0.026582	-0.064277
1200	1118.46	0	-273.011	0.2	0	0	-0	0.2	0	-2.19443	0	-88.8129	0	0.0611887	0.0877771	-0.0265884	0.0611887
1200	1148.08	0	2631.16	0.2	0	0	-0	0.2	0	-2.2072	0	11.0253	0	0.0796998	0.0882879	-0.00858811	0.0796998
1200	1130.89	0	4951.14	0.2	0	0	-0	0.2	0	-0.890751	0	-113.234	0	0.0354195	0.03563	-0.000210566	0.0354195
1200	1120.07	0	-2332.02	0.2	0	0	-0	0.2	0	-1.43457	0	-41.8866	0	0.0637826	0.0573828	0.00639984	0.0637826
1200	1129.69	0	234.56	0.2	0	0	-0	0.2	0	-1.16372	0	144.861	0	0.0612162	0.046549	0.0146672	0.0612162
1200	1143.24	0	-40.7733	0.2	0	0	-0	0.2	0	-0.958329	0	44.0653	0	0.0596044	0.0383332	0.0212713	0.0596044
1200	1152.57	0	1589.68	0.2	0	0	-0	0.2	0	-0.714622	0	138.157	0	0.0553635	0.0285849	0.0267786	0.0553635
1200	1109.96	0	3136.33	0.2	0	0	-0	0.2	0	-0.362895	0	-102.699	0	0.0453746	0.0145158	0.0308588	0.0453746
1200	1129.64	0	-265.828	0.2	0	0	-0	0.2	0	1.51014	0	90.9916	0	-0.0325129	-0.0604056	0.0278928	-0.0325129
1200	1141.28	0	-435.817	0.2	0	0	-0	0.2	0	-2.26839	0	82.6119	0	0.116151	0.0907356	0.0254152	0.116151
1200	1150.89	0	895.36	0.2	0	0	-0	0.2	0	-0.457079	0	94.5829	0	0.0573247	0.0182832	0.0390415	0.0573247
1200	1147.73	0	392.577	0.2	0	0	-0	0.2	0	1.78418	0	-30.8732	0	-0.0354289	-0.0713672	0.0359382	-0.0354289
1200	1148.7	0	-469.335	0.2	0	0	-0	0.2	0	1.36062	0	185.563	0	-0.0290798	-0.0544247	0.0253449	-0.0290798
1200	1135.3	0	3866.56	0.2	0	0	-0	0.2	0	0.729532	0	-140.288	0	-0.00569136	-0.0291813	0.0234899	-0.00569136
1200	1158.75	0	3517.01	0.2	0	0	-0	0.2	0	0.743899	0	-87.6158	0	-0.00771235	-0.0297559	0.0220436	-0.00771235
1200	1153.54	0	-2399.06	0.2	0	0	-0	0.2	0	0.888633	0	182.69	0	-0.022138	-0.0355453	0.0134074	-0.022138
1200	1155.25	0	-2.46606	0.2	0	0	-0	0.2	0	-2.67546	0	-153.217	0	0.130487	0.107018	0.0234691	0.130487
1200	1154.16	0	1611.23	0.2	0	0	-0	0.2	0	0.380998	0	-71.3352	0	0.0164471	-0.0152399	0.031687	0.0164471
1200	1139.56	0	3318.29	0.2	0	0	-0	0.2	0	-0.651301	0	106.554	0	0.0575857	0.026052	0.0315337	0.0575857
1200	1161.52	0	-1893.89	0.2	0	0	-0	0.2	0	-1.38934	0	-133.106	0	0.0937752	0.0555736	0.0382016	0.0937752
1200	1178.02	0	320.751	0.2	0	0	-0	0.2	0	0.06918	0	157.311	0	0.0413967	-0.0027672	0.0441639	0.0413967
1200	1157.07	0	-100.628	0.2	0	0	-0	0.2	0	0.995056	0	-61.519	0	0.00122798	-0.0398022	0.0410302	0.00122798
1200	1159.64	0	-529.19	0.2	0	0	-0	0.2	0	1.73097	0	58.4305	0	-0.035515	-0.0692387	0.0337237	-0.035515
1200	1158.13	0	23.8702	0.2	0	0	-0	0.2	0	0.159639	0	59.6276	0	0.0202121	-0.00638556	0.0265977	0.0202121
1200	1170.95	0	1115.63	0.2	0	0	-0	0.2	0	-0.354382	0	-55.7729	0	0.0406803	0.0141753	0.026505	0.0406803
1200	1130.23	0	-320.895	0.2	0	0	-0	0.2	0	-0.450694	0	-109.882	0	0.046359	0.0180278	0.0283312	0.046359
1200	1162.36	0	2142.74	0.2	0	0	-0	0.2	0	-0.409189	0	158.029	0	0.0479138	0.0163676	0.0315462	0.0479138
1200	1169.97	0	1771.64	0.2	0	0	-0	0.2	0	-0.0883254	0	49.5719	0	0.0367713	0.00353301	0.0332383	0.0367713
1200	1177.39	0	1505.88	0.2	0	0	-0	0.2	0	0.150061	0	-89.5312	0	0.027852	-0.00600244	0.0338545	0.027852
1200	1150.98	0	1007.89	0.2	0	0	-0	0.2	0	1.42234	0	96.2589	0	-0.0222187	-0.0568937	0.0346749	-0.0222187
1200	1207.25	0	2688.62	0.2	-0	-0	-0	0.2	0	0.62843	0	-56.4912	0	0.00200299	-0.0251372	0.0271402	0.00200299
1200	1175.79	0	564.96	0.2	0	0	-0	0.2	0	0.0894002	0	50.5296	0	0.021117	-0.00357601	0.024693	0.021117
1200	1176.82	0	1520.25	0.2	0	0	-0	0.2	0	-1.22864	0	-161.836	0	0.0801075	0.0491457	0.0309618	0.0801075
1200	1178.01	0	-814.1	0.2	0	0	-0	0.2	0	0.710376	0	-26.0848	0	0.0056484	-0.028415	0.0340634	0.0056484
1200	1159.78	0	1410.11	0.2	0	0	-0	0.2	0	-0.162821	0	146.537	0	0.0376565	0.00651285	0.0311437	0.0376565
1200	1183.96	0	-1450.96	0.2	0	0	-0	0.2	0	-0.200601	0	119.961	0	0.0404128	0.00802405	0.0323888	0.0404128
1200	1187.02	0	98.0905	0.2	0	0	-0	0.2	0	0.633219	0	-162.794	0	0.00827481	-0.0253288	0.0336036	0.00827481
1200	1157.33	0	809.168	0.2	0	0	-0	0.2	0	-1.32389	0	47.6566	0	0.0803925	0.0529556	0.0274369	0.0803925
1200	1164.48	0	-67.1095	0.2	0	0	-0	0.2	0	0.721018	0	55.318	0	0.0138396	-0.0288407	0.0426803	0.0138396
1200	1158.79	0	964.792	0.2	0	0	-0	0.2	0	3.08253	0	65.1343	0	-0.0982478	-0.123301	0.0250535	-0.0982478
1200	1164.16	0	-2061.48	0.2	0	0	-0	0.2	0	-1.87622	0	17.7291	0	0.0986306	0.075049	0.0235817	0.0986306
1200	1158.06	0	3114.78	0.2	0	0	-0	0.2	0	4.26808	0	-117.304	0	-0.146947	-0.170723	0.0237764	-0.146947
1200	1154.55	0	1079.71	0.2	0	0	-0	0.2	0	0.335768	0	111.103	0	-0.00977304	-0.0134307	0.00365769	-0.00977304
1200	1178.88	0	-838.042	0.2	0	0	-0	0.2	0	0.0968498	0	-61.9979	0	0.000233836	-0.00387399	0.00410783	0.000233836
1200	1186.78	0	-1084.65	0.2	0	0	-0	0.2	0	0.0149045	0	-16.7474	0	0.00266237	-0.000596179	0.00325855	0.00266237
1200	1203.12	0	4529.76	0.2	-0	-0	-0	0.2	0	1.85229	0	-35.1828	0	-0.0696901	-0.0740916	0.00440149	-0.0696901
1200	1190.95	0	1185.06	0.2	0	0	-0	0.2	0	2.13218	0	-21.5358	0	-0.0905596	-0.0852872	-0.00527235	-0.0905596
1200	1183.73	0	505.105	0.2	0	0	-0	0.2	0	-4.45431	0	-18.6628	0	0.173005	0.178172	-0.00516702	0.173005
1200	1212.04	0	1419.69	0.2	-0	-0	-0	0.2	0	0.529989	0	104.399	0	-0.00673966	-0.0211996	0.0144599	-0.00673966
1200	1188.45	0	-239.492	0.2	0	0	-0	0.2	0	0.194226	0	-159.681	0	0.00187149	-0.00776906	0.00964055	0.00187149
1200	1187.38	0	-1345.61	0.2	0	0	-0	0.2	0	2.53605	0	-74.9265	0	-0.0916228	-0.101442	0.0098193	-0.0916228
1200	1198.96	0	1180.27	0.2	0	0	-0	0.2	0	-1.68466	0	188.675	0	0.0643872	0.0673865	-0.00299932	0.0643872
1200	1215.15	0	1137.17	0.2	-0	-0	-0	0.2	0	-0.648108	0	-139.331	0	0.0336635	0.0259243	0.00773921	0.0336635
1200	1203.92	0	-974.512	0.2	0	-0	-0	0.2	0	-0.591704	0	-193.44	0	0.0342855	0.0236682	0.0106174	0.0342855
1200	1201.11	0	636.786	0.2	-0	-0	-0	0.2	0	-0.268179	0	132.411	0	0.02542	0.0107272	0.0146928	0.02542
1200	1188.57	0	2109.22	0.2	0	0	-0	0.2	0	9.29548	0	79.4995	0	-0.372316	-0.371819	-0.00049639	-0.372316
1200	1225.6	0	1328.71	0.2	-0	-0	-0	0.2	0	-2.86436	0	-87.6158	0	0.0730376	0.114574	-0.0415367	0.0730376
1200	1212.57	0	3011.83	0.2	-0	-0	-0	0.2	0	0.253823	0	-43.3231	0	-0.0330444	-0.0101529	-0.0228915	-0.0330444
1200	1214.52	0	2200.2	0.2	-0	-0	-0	0.2	0	-0.794971	0	-154.653	0	0.00664691	0.0317988	-0.0251519	0.00664691
1200	1221.93	0	-201.185	0.2	0	-0	-0	0.2	0	-1.32442	0	-33.2674	0	0.0344099	0.0529769	-0.0185671	0.0344099
1200	1194.41	0	-426.24	0.2	0	0	-0	0.2	0	-1.14457	0	5.03979	0	0.0345955	0.0457828	-0.0111872	0.0345955
1200	1207.72	0	1201.82	0.2	-0	-0	-0	0.2	0	-1.27547	0	-36.6193	0	0.0471172	0.0510187	-0.00390157	0.0471172
1200	1174.2	0	-1934.59	0.2	0	0	-0	0.2	0	-1.06741	0	130.975	0	0.0464445	0.0426965	0.00374804	0.0464445
1200	1194.86	0	21.476	0.2	0	0	-0	0.2	0	-0.797099	0	16.7714	0	0.0417492	0.031884	0.00986518	0.0417492
1200	1224.96	0	1539.4	0.2	-0	-0	-0	0.2	0	3.42628	0	105.836	0	-0.133302	-0.137051	0.00374958	-0.133302
1200	1221.85	0	2858.6	0.2	-0	-0	-0	0.2	0	-1.21215	0	-130.472	0	0.038815	0.0484859	-0.00967087	0.038815
1200	1220.87	0	1316.74	0.2	-0	-0	-0	0.2	0	-1.55004	0	-99.3474	0	0.060796	0.0620015	-0.00120552	0.060796
1200	1242.21	0	5908.82	0.2	-0	-0	-0	0.2	0	0.582669	0	-96.9532	0	-0.0156399	-0.0233067	0.0076669	-0.0156399
1200	1223.83	0	-356.808	0.2	0	-0	-0	0.2	0	1.01581	0	70.8803	0	-0.0448901	-0.0406323	-0.00425778	-0.0448901
1200	1234.72	0	-5669.54	0.2	0	-0	-0	0.2	0	-2.35779	0	61.543	0	0.0872776	0.0943114	-0.00703384	0.0872776
1200	1230.65	0	-1436.59	0.2	0	-0	-0	0.2	0	0.677917	0	57.2334	0	-0.0236147	-0.0271167	0.00350195	-0.0236147
1200	1206.58	0	1647.14	0.2	-0	-0	-0	0.2	0	-0.702383	0	45.2624	0	0.0291357	0.0280953	0.00104037	0.0291357
1200	1219.25	0	-648.901	0.2	0	-0	-0	0.2	0	-1.38242	0	-96.2349	0	0.0620921	0.0552969	0.00679514	0.0620921
1200	1214.08	0	-1403.07	0.2	0	-0	-0	0.2	0	-1.26004	0	-37.577	0	0.065389	0.0504015	0.0149875	0.065389
1200	1242.46	0	2616.79	0.2	-0	-0	-0	0.2	0	0.462411	0	210.223	0	-0.00155664	-0.0184964	0.0169398	-0.00155664
1200	1225.16	0	2372.58	0.2	-0	-0	-0	0.2	0	-0.604475	0	-152.738	0	0.0396757	0.024179	0.0154967	0.0396757
1200	1216.3	0	2999.86	0.2	-0	-0	-0	0.2	0	1.51919	0	50.2902	0	-0.0502322	-0.0607675	0.0105352	-0.0502322
1200	1225.28	0	876.206	0.2	-0	-0	-0	0.2	0	-1.5378	0	-31.8309	0	0.0689615	0.061512	0.00744948	0.0689615
1200	1242.85	0	3528.98	0.2	-0	-0	-0	0.2	0	-1.30048	0	-111.797	0	0.0688007	0.0520191	0.0167816	0.0688007
1200	1249	0	-1676.01	0.2	0	-0	-0	0.2	0	-0.216032	0	-102.699	0	0.0326495	0.0086413	0.0240082	0.0326495
1200	1231.11	0	40.6296	0.2	-0	-0	-0	0.2	0	2.07631	0	97.2166	0	-0.0617005	-0.0830523	0.0213519	-0.0617005
1200	1220.18	0	-239.492	0.2	0	-0	-0	0.2	0	-0.393758	0	179.338	0	0.0288379	0.0157503	0.0130876	0.0288379
1200	1226.22	0	-292.164	0.2	0	-0	-0	0.2	0	1.12702	0	-60.5613	0	-0.0335784	-0.0450808	0.0115024	-0.0335784
1200	1222.38	0	-1204.36	0.2	0	-0	-0	0.2	0	-0.99877	0	42.1499	0	0.0483164	0.0399508	0.00836558	0.0483164
1200	1226.04	0	402.154	0.2	-0	-0	-0	0.2	0	-1.18714	0	-46.1961	0	0.062594	0.0474855	0.0151085	0.062594
1200	1235.2	0	-138.936	0.2	0	-0	-0	0.2	0	0.400686	0	-31.3521	0	0.00579361	-0.0160274	0.021821	0.00579361
1200	1191.94	0	2209.78	0.2	0	0	-0	0.2	0	0.267126	0	51.2479	0	0.00387265	-0.010685	0.0145577	0.00387265
1200	1229.41	0	3469.13	0.2	-0	-0	-0	0.2	0	-0.577869	0	68.4861	0	0.0410566	0.0231148	0.0179419	0.0410566
1200	1221.11	0	-1008.03	0.2	0	-0	-0	0.2	0	-1.12754	0	-174.286	0	0.0626412	0.0451017	0.0175396	0.0626412
1200	1243.17	0	-421.451	0.2	0	-0	-0	0.2	0	-0.910439	0	92.6676	0	0.0602802	0.0364176	0.0238626	0.0602802
1200	1233.71	0	1647.14	0.2	-0	-0	-0	0.2	0	2.97079	0	145.34	0	-0.0914171	-0.118832	0.0274145	-0.0914171
1200	1239	0	1000.7	0.2	-0	-0	-0	0.2	0	-0.341079	0	-84.0245	0	0.0248931	0.0136432	0.0112499	0.0248931
1200	1234.61	0	-1992.05	0.2	0	-0	-0	0.2	0	-0.758787	0	26.1088	0	0.0493723	0.0303515	0.0190209	0.0493723
1200	1226.8	0	2355.82	0.2	-0	-0	-0	0.2	0	1.02805	0	-71.0958	0	-0.0241907	-0.0411219	0.0169312	-0.0241907
1200	1230.28	0	-1240.27	0.2	0	-0	-0	0.2	0	4.22817	0	-3.57933	0	-0.163129	-0.169127	0.00599786	-0.163129
1200	1234.15	0	2913.67	0.2	-0	-0	-0	0.2	0	-1.49789	0	-157.048	0	0.0536696	0.0599157	-0.00624608	0.0536696
1200	1250.61	0	555.383	0.2	-0	-0	-0	0.2	0	0.80722	0	214.772	0	-0.0324896	-0.0322888	-0.000200778	-0.0324896
1200	1242.68	0	1675.87	0.2	-0	-0	-0	0.2	0	1.3239	0	-106.53	0	-0.0623326	-0.0529561	-0.00937656	-0.0623326
1200	1252.63	0	734.948	0.2	-0	-0	-0	0.2	0	-1.69477	0	4.80037	0	0.0560645	0.0677909	-0.0117264	0.0560645
1200	1253.24	0	-426.24	0.2	0	-0	-0	0.2	0	2.25191	0	-73.9689	0	-0.0962426	-0.0900762	-0.00616639	-0.0962426
1200	1261.94	0	-308.924	0.2	0	-0	-0	0.2	0	-1.1584	0	-68.4622	0	0.0346767	0.0463362	-0.0116594	0.0346767
1200	1212.54	0	-1704.74	0.2	0	-0	-0	0.2	0	1.33667	0	3.12443	0	-0.0622896	-0.0534669	-0.00882276	-0.0622896
1200	1233.55	0	-1357.58	0.2	0	-0	-0	0.2	0	0.542228	0	46.9383	0	-0.0356761	-0.0216891	-0.0139869	-0.0356761
1200	1238.92	0	-1427.02	0.2	0	-0	-0	0.2	0	-0.260198	0	145.819	0	-0.0122264	0.0104079	-0.0226343	-0.0122264
1200	1262.27	0	1232.94	0.2	-0	-0	-0	0.2	0	-0.367685	0	-24.4089	0	-0.000583836	0.0147074	-0.0152912	-0.000583836
1200	1236.82	0	-265.828	0.2	0	-0	-0	0.2	0	-0.52519	0	-130.711	0	0.00522148	0.0210076	-0.0157861	0.00522148
1200	1234.19	0	4821.85	0.2	-0	-0	-0	0.2	0	-1.276	0	17.0108	0	0.0406479	0.05104	-0.0103921	0.0406479
1200	1240.28	0	4012.61	0.2	-0	-0	-0	0.2	0	-1.11637	0	-77.7996	0	0.0412689	0.0446547	-0.00338582	0.0412689
1200	1261.81	0	-2061.48	0.2	0	-0	-0	0.2	0	-1.53461	0	3.84269	0	0.0651564	0.0613843	0.00377212	0.0651564
1200	1277.62	0	14.2934	0.2	-0	-0	-0	0.2	0	-1.35475	0	124.75	0	0.0673726	0.0541901	0.0131825	0.0673726
1200	1244.7	0	1493.91	0.2	-0	-0	-0	0.2	0	2.1093	0	-123.768	0	-0.063899	-0.084372	0.0204729	-0.063899
1200	1239.29	0	679.881	0.2	-0	-0	-0	0.2	0	0.815202	0	-63.9132	0	-0.0317877	-0.0326081	0.000820397	-0.0317877
1200	1249.7	0	1098.87	0.2	-0	-0	-0	0.2	0	-1.82621	0	184.366	0	0.0759454	0.0730482	0.0028972	0.0759454
1200	1266.38	0	-864.379	0.2	0	-0	-0	0.2	0	-0.8402	0	21.5598	0	0.0466483	0.033608	0.0130403	0.0466483
1200	1273.56	0	-1022.4	0.2	0	-0	-0	0.2	0	1.67722	0	-208.284	0	-0.0488829	-0.067089	0.018206	-0.0488829
1200	1271.45	0	-780.582	0.2	0	-0	-0	0.2	0	-0.81998	0	292.344	0	0.0428288	0.0327992	0.0100295	0.0428288
1200	1246.71	0	1381.38	0.2	-0	-0	-0	0.2	0	-1.33879	0	-75.166	0	0.0708093	0.0535516	0.0172577	0.0708093
1200	1247.46	0	69.36	0.2	-0	-0	-0	0.2	0	-1.03868	0	-13.3956	0	0.0658606	0.0415471	0.0243135	0.0658606
1200	1253.11	0	845.081	0.2	-0	-0	-0	0.2	0	-1.06156	0	33.052	0	0.0730415	0.0424624	0.0305791	0.0730415
1200	1271.33	0	1369.41	0.2	-0	-0	-0	0.2	0	0.541696	0	13.6589	0	0.014342	-0.0216678	0.0360098	0.014342
1200	1263.99	0	1489.12	0.2	-0	-0	-0	0.2	0	-1.25844	0	-53.3787	0	0.0860186	0.0503376	0.0356809	0.0860186
1200	1246.96	0	509.893	0.2	-0	-0	-0	0.2	0	-0.819448	0	99.1319	0	0.0767023	0.0327779	0.0439244	0.0767023
1200	1244.69	0	1833.89	0.2	-0	-0	-0	0.2	0	0.404411	0	47.1777	0	0.0312806	-0.0161764	0.0474571	0.0312806
1200	1255.36	0	186.676	0.2	-0	-0	-0	0.2	0	-0.469318	0	-0.70629	0	0.0654555	0.0187727	0.0466828	0.0654555
1200	1269.41	0	-2985.64	0.2	0	-0	-0	0.2	0	-0.267115	0	109.188	0	0.0598976	0.0106846	0.049213	0.0598976
1200	1253.21	0	1062.95	0.2	-0	-0	-0	0.2	0	-0.210179	0	43.8259	0	0.0589243	0.00840717	0.0505171	0.0589243
1200	1261.12	0	3445.18	0.2	-0	-0	-0	0.2	0	-1.90868	0	0.0119751	0	0.132439	0.0763473	0.0560915	0.132439
1200	1251.84	0	1910.5	0.2	-0	-0	-0	0.2	0	-2.77815	0	-144.358	0	0.183711	0.111126	0.0725849	0.183711
1200	1280.21	0	631.997	0.2	-0	-0	-0	0.2	0	3.86846	0	47.6566	0	-0.0857184	-0.154739	0.0690202	-0.0857184
1200	1286.74	0	1192.24	0.2	-0	-0	-0	0.2	0	-1.24141	0	29.9395	0	0.111121	0.0496565	0.0614647	0.111121
1200	1293.94	0	1582.5	0.2	-0	-0	-0	0.2	0	-0.0542702	0	118.764	0	0.0676343	0.00217081	0.0654635	0.0676343
1200	1261.06	0	-1091.83	0.2	0	-0	-0	0.2	0	-0.735906	0	-107.488	0	0.0963013	0.0294363	0.066865	0.0963013
1200	1250.1	0	-919.445	0.2	0	-0	-0	0.2	0	-0.396419	0	226.743	0	0.0870766	0.0158567	0.0712198	0.0870766
1200	1275.11	0	-1496.45	0.2	0	-0	-0	0.2	0	0.193162	0	27.7847	0	0.064938	-0.00772649	0.0726645	0.064938
1200	1262.91	0	-1438.99	0.2	0	-0	-0	0.2	0	1.15416	0	75.6687	0	0.0274703	-0.0461663	0.0736366	0.0274703
1200	1282.49	0	744.525	0.2	-0	-0	-0	0.2	0	0.317676	0	79.0206	0	0.0546	-0.0127071	0.0673071	0.0546
1200	1264.58	0	-466.941	0.2	0	-0	-0	0.2	0	0.392704	0	-68.4622	0	0.0506108	-0.0157082	0.0663189	0.0506108
1200	1247.56	0	497.922	0.2	-0	-0	-0	0.2	0	0.754541	0	-46.675	0	0.0328775	-0.0301816	0.0630592	0.0328775
1200	1284.29	0	4017.4	0.2	-0	-0	-0	0.2	0	0.146336	0	254.037	0	0.0544297	-0.00585345	0.0602831	0.0544297
1200	1294.17	0	-138.936	0.2	0	-0	-0	0.2	0	0.351732	0	-243.478	0	0.0447548	-0.0140693	0.058824	0.0447548
1200	1283.12	0	2173.86	0.2	-0	-0	-0	0.2	0	0.691752	0	132.411	0	0.0270561	-0.0276701	0.0547262	0.0270561
1200	1265.14	0	2741.29	0.2	-0	-0	-0	0.2	0	1.03124	0	47.896	0	0.00840183	-0.0412496	0.0496514	0.00840183
1200	1258.33	0	-160.483	0.2	0	-0	-0	0.2	0	0.637476	0	-75.6448	0	0.0189642	-0.025499	0.0444633	0.0189642
1200	1296.33	0	-1185.2	0.2	0	-0	-0	0.2	0	-0.481024	0	-43.5625	0	0.0605722	0.019241	0.0413312	0.0605722
1200	1293.25	0	1623.2	0.2	-0	-0	-0	0.2	0	0.0532166	0	-89.2918	0	0.0426442	-0.00212866	0.0447729	0.0426442
1200	1285.95	0	988.734	0.2	-0	-0	-0	0.2	0	0.766247	0	182.929	0	0.0120382	-0.0306499	0.042688	0.0120382
1200	1302.21	0	-1290.55	0.2	0	-0	-0	0.2	0	0.0138402	0	-6.21296	0	0.0382601	-0.00055361	0.0388137	0.0382601
1200	1269.6	0	299.203	0.2	-0	-0	-0	0.2	0	0.771569	0	-94.3196	0	0.00769552	-0.0308627	0.0385583	0.00769552
1200	1298.14	0	-2157.25	0.2	0	-0	-0	0.2	0	-0.0877933	0	134.566	0	0.0396866	0.00351173	0.0361749	0.0396866
1200	1290.59	0	529.047	0.2	-0	-0	-0	0.2	0	0.272979	0	66.0919	0	0.025377	-0.0109192	0.0362962	0.025377
1200	1314.41	0	-1704.74	0.2	0	-0	-0	0.2	0	0.0729047	0	-195.115	0	0.0318874	-0.00291619	0.0348036	0.0318874
1200	1261.87	0	643.968	0.2	-0	-0	-0	0.2	0	-0.260198	0	-106.769	0	0.0454892	0.0104079	0.0350813	0.0454892
1200	1254.78	0	-282.588	0.2	0	-0	-0	0.2	0	-0.0691693	0	129.538	0	0.0391922	0.00276677	0.0364254	0.0391922
1200	1257.3	0	134.003	0.2	-0	-0	-0	0.2	0	0.359713	0	166.409	0	0.0217798	-0.0143885	0.0361683	0.0217798
1200	1289.66	0	1802.76	0.2	-0	-0	-0	0.2	0	0.350135	0	-112.994	0	0.019655	-0.0140054	0.0336605	0.019655
1200	1300.7	0	2319.91	0.2	-0	-0	-0	0.2	0	0.216575	0	122.595	0	0.023631	-0.00866301	0.032294	0.023631
1200	1297.88	0	2485.11	0.2	-0	-0	-0	0.2	0	0.480503	0	-107.967	0	0.0109331	-0.0192201	0.0301533	0.0109331
1199.75	1296.85	-497.937	1089.29	0.183361	-0	-0	-0	0.183361	0	0.472521	0	-94.3196	0	0.00968317	-0.0189009	0.028584	0.00968317
1197.76	1302.42	-1497.92	-1745.44	0.149695	0	-0	-0	0.149695	0	0.0101155	0	-39.2529	0	0.0252756	-0.000404618	0.0256802	0.0252756
1193.76	1301.55	-2497.91	1240.12	0.115696	-0	-0	-0	0.115696	0	-0.274565	0	167.367	0	0.0375727	0.0109826	0.0265901	0.0375727
1187.76	1287.61	-3497.9	2532.99	0.0813641	-0	-0	-0	0.0813641	0	-2.69781	0	-239.648	0	0.136352	0.107912	0.0284403	0.136352
1179.77	1285.09	-4497.89	-4142.04	0.0466986	-0	-0	-0	0.0466986	0	0.368759	0	-62.9555	0	0.0263488	-0.0147504	0.0410992	0.0263488
1169.77	1230.21	-5497.87	-3239.43	0.0116998	-0	-0	-0	0.0116998	0	0.444851	0	143.664	0	0.019509	-0.0177941	0.0373031	0.019509
1158.03	1226.61	-6000	-565.103	-0.00699573	-0	-0	-0	-0.00699573	0	0.159639	0	-133.824	0	0.0300075	-0.00638556	0.0363931	0.0300075
1146.03	1203.87	-6000	-663.266	-0.00899569	-0	-0	-0	-0.00899569	0	-5.78725	0	-97.6715	0	0.276896	0.23149	0.045406	0.276896
1134.03	1186.73	-6000	-6756.51	-0.0109957	0	-0	-0	-0.0109957	0	0.461347	0	368.958	0	0.0572458	-0.0184539	0.0756997	0.0572458
1122.03	1162.76	-6000	-8111.63	-0.0129956	0	-0	-0	-0.0129956	0	3.67052	0	32.3337	0	-0.07716	-0.146821	0.0696607	-0.07716
1110.03	1158.69	-6000	-2528.35	-0.0149956	-0	-0	-0	-0.0149956	0	2.83883	0	418.758	0	-0.0628553	-0.113553	0.0506978	-0.0628553
1098.03	1130.78	-6000	-433.422	-0.0169956	-0	-0	-0	-0.0169956	0	3.00272	0	317.962	0	-0.0886069	-0.120109	0.0315018	-0.0886069
1086.03	1113.17	-6000	1920.08	-0.0189956	-0	-0	-0	-0.0189956	0	-0.0510775	0	-50.5057	0	0.0204692	0.0020431	0.0184261	0.0204692
1074.03	1101.77	-6000	-3454.9	-0.0209955	-0	-0	-0	-0.0209955	0	-1.19565	0	-135.5	0	0.0671174	0.0478261	0.0192913	0.0671174
1062.03	1079.76	-6000	-4805.23	-0.0229955	-0	-0	-0	-0.0229955	0	0.518815	0	-3.81875	0	0.00878558	-0.0207526	0.0295382	0.00878558
1050.03	1051.71	-6000	2489.9	-0.0249955	-0	-0	-0	-0.0249955	0	0.767844	0	4.56095	0	-0.00786425	-0.0307138	0.0228495	-0.00786425
1038.03	1004.43	-6000	-708.755	-0.0269955	0	0	-0	-0.0269955	0	-0.683759	0	-241.084	0	0.0427769	0.0273504	0.0154265	0.0427769
1026.03	986.228	-6000	-3876.28	-0.0289954	0	0	-0	-0.0289954	0	-0.687484	0	-71.3352	0	0.0552496	0.0274994	0.0277502	0.0552496
1014.03	973.934	-6000	-756.64	-0.0309954	0	0	-0	-0.0309954	0	0.123455	0	123.792	0	0.0209458	-0.00493822	0.025884	0.0209458
1002.03	1007.89	-6000	-10244.9	-0.0329954	0	-0	-0	-0.0329954	0	0.685366	0	-13.3956	0	2.49594e-07	-0.0274146	0.0274149	2.49594e-07
990.028	997.644	-6000	-14906.4	-0.0349954	0	-0	-0	-0.0349954	0	4.17656	0	108.948	0	-0.145428	-0.167062	0.0216345	-0.145428
978.028	998.411	-6000	-2197.95	-0.0369953	-0	-0	-0	-0.0369953	0	-0.608732	0	34.2491	0	0.0255203	0.0243493	0.00117104	0.0255203
966.028	998.5	-6000	-3371.11	-0.0389953	-0	-0	-0	-0.0389953	0	-5.39775	0	70.6409	0	0.224882	0.21591	0.00897232	0.224882
954.028	994.092	-6000	-1020	-0.0409953	-0	-0	-0	-0.0409953	0	-1.17224	0	-123.289	0	0.0909781	0.0468895	0.0440885	0.0909781
942.029	955.362	-6000	-6325.55	-0.0429953	0	-0	-0	-0.0429953	0	4.48838	0	235.362	0	-0.137353	-0.179535	0.0421825	-0.137353
930.029	948.015	-6000	-4000.78	-0.0449952	-0	-0	-0	-0.0449952	0	1.97095	0	-59.8431	0	-0.0611753	-0.078838	0.0176627	-0.0611753
918.029	949.715	-6000	-2087.82	-0.0469952	-0	-0	-0	-0.0469952	0	0.790725	0	41.9105	0	-0.0231357	-0.031629	0.00849329	-0.0231357
906.029	909.747	-6000	-4668.77	-0.0489952	-0	-0	-0	-0.0489952	0	-0.94077	0	91.2311	0	0.0498531	0.0376308	0.0122223	0.0498531
894.029	910.823	-6000	-1259.42	-0.0509952	-0	-0	-0	-0.0509952	0	0.708779	0	-41.4077	0	-0.0186256	-0.0283512	0.0097256	-0.0186256
882.029	888.417	-6000	-3871.5	-0.0529951	-0	-0	-0	-0.0529951	0	0.774761	0	43.1076	0	-0.0230368	-0.0309905	0.00795363	-0.0230368
870.029	885.574	-6000	-6945.65	-0.0549951	0	-0	-0	-0.0549951	0	-0.110142	0	192.985	0	0.0134161	0.00440568	0.00901037	0.0134161
858.03	883.931	-6000	-6450.05	-0.0569951	0	-0	-0	-0.0569951	0	2.86384	0	-278.913	0	-0.102997	-0.114553	0.0115565	-0.102997
846.03	882.433	-6000	-5066.2	-0.058995	-0	-0	-0	-0.058995	0	4.18294	0	212.378	0	-0.183391	-0.167318	-0.0160729	-0.183391
834.03	859.752	-6000	-2959.31	-0.060995	-0	-0	-0	-0.060995	0	2.04385	0	-40.4501	0	-0.117781	-0.081754	-0.0360272	-0.117781
822.03	815.821	-6000	-3706.3	-0.062995	0	0	-0	-0.062995	0	-0.45708	0	-17.9445	0	-0.0289695	0.0182832	-0.0472527	-0.0289695
810.03	817.815	-6000	-3512.37	-0.064995	-0	-0	-0	-0.064995	0	-1.13499	0	-31.1127	0	0.00328234	0.0453996	-0.0421173	0.00328234
798.03	834.862	-6000	-9519.42	-0.066995	0	-0	-0	-0.066995	0	-4.42345	0	-132.387	0	0.139067	0.176938	-0.0378711	0.139067
786.03	817.565	-6000	-6928.89	-0.0689949	0	-0	-0	-0.0689949	0	0.232539	0	-197.988	0	-0.0193038	-0.00930154	-0.0100022	-0.0193038
774.031	798.036	-6000	-1999.23	-0.0709949	-0	-0	-0	-0.0709949	0	1.56761	0	177.183	0	-0.0777223	-0.0627044	-0.015018	-0.0777223
762.031	777.81	-6000	347.087	-0.0729949	-0	-0	-0	-0.0729949	0	1.51865	0	-41.6471	0	-0.0851315	-0.0607462	-0.0243853	-0.0851315
750.031	739.482	-6000	-4048.67	-0.0749948	0	0	-0	-0.0749948	0	1.28186	0	-133.106	0	-0.0842003	-0.0512746	-0.0329257	-0.0842003
738.031	723.498	-6000	-4826.78	-0.0769948	0	0	-0	-0.0769948	0	2.91864	0	47.6566	0	-0.158547	-0.116746	-0.0418014	-0.158547
726.031	726.785	-6000	-5724.61	-0.0789948	-0	-0	-0	-0.0789948	0	0.961001	0	331.848	0	-0.0963741	-0.03844	-0.057934	-0.0963741
714.031	713.143	-6000	-12744.4	-0.0809948	0	0	-0	-0.0809948	0	1.1648	0	-509.474	0	-0.112967	-0.046592	-0.0663755	-0.112967
702.032	708.251	-6000	-1503.63	-0.0829947	-0	-0	-0	-0.0829947	0	1.69159	0	369.916	0	-0.141729	-0.0676636	-0.0740651	-0.141729
690.032	693.57	-6000	-2595.39	-0.0849947	-0	-0	-0	-0.0849947	0	1.55111	0	-21.2964	0	-0.146847	-0.0620445	-0.0848021	-0.146847
678.032	692.551	-6000	-7216.2	-0.0869947	0	-0	-0	-0.0869947	0	1.11212	0	-255.928	0	-0.137136	-0.0444848	-0.0926513	-0.137136
666.032	644.09	-6000	-4228.23	-0.0889947	0	0	-0	-0.0889947	0	1.27335	0	238.235	0	-0.15086	-0.050934	-0.0999259	-0.15086
654.032	625.429	-6000	-4982.41	-0.0909946	0	0	-0	-0.0909946	0	1.51653	0	-273.406	0	-0.169493	-0.060661	-0.108832	-0.169493
642.032	600.925	-6000	-3476.45	-0.0929946	0	0	-0	-0.0929946	0	0.801899	0	89.7945	0	-0.145207	-0.032076	-0.113131	-0.145207
630.032	560.022	-6000	-5274.5	-0.0949946	0	0	-0	-0.0949946	0	2.03853	0	245.178	0	-0.202595	-0.0815411	-0.121053	-0.202595
618.033	534.312	-6000	-2506.8	-0.0969946	0	0	-0	-0.0969946	0	1.12542	0	-304.052	0	-0.177235	-0.0450169	-0.132218	-0.177235
606.033	506.291	-6000	-3792.49	-0.0989945	0	0	-0	-0.0989945	0	1.11372	0	119.004	0	-0.182868	-0.0445487	-0.13832	-0.182868
594.033	479.171	-6000	-6304	-0.100995	0	0	-0	-0.100995	0	1.19939	0	-33.028	0	-0.193748	-0.0479755	-0.145773	-0.193748
582.033	460.934	-6000	-5801.22	-0.102994	0	0	-0	-0.102994	0	0.689623	0	-134.063	0	-0.179638	-0.0275849	-0.152053	-0.179638
570.033	432.472	-6000	-4259.36	-0.104994	0	0	-0	-0.104994	0	1.08818	0	111.582	0	-0.200139	-0.043527	-0.156612	-0.200139
558.033	408.706	-6000	-5049.44	-0.106994	0	0	-0	-0.106994	0	1.03816	0	-192.961	0	-0.204699	-0.0415263	-0.163173	-0.204699
546.034	374.194	-6000	-4908.19	-0.108994	0	0	-0	-0.108994	0	0.784339	0	-23.2118	0	-0.2011	-0.0313736	-0.169726	-0.2011
534.034	354.43	-6000	-2846.78	-0.110994	0	0	-0	-0.110994	0	0.537439	0	-11.4802	0	-0.195056	-0.0214976	-0.173559	-0.195056
522.034	341.162	-6000	-5451.67	-0.112994	0	0	-0	-0.112994	0	0.16496	0	-234.62	0	-0.182884	-0.00659841	-0.176285	-0.182884
510.034	318.928	-6000	-4819.6	-0.114994	0	0	-0	-0.114994	0	-0.0893896	0	8.6311	0	-0.173321	0.00357558	-0.176897	-0.173321
498.034	322.664	-6000	-7062.97	-0.116994	0	0	-0	-0.116994	0	-0.169739	0	-59.1248	0	-0.169502	0.00678954	-0.176292	-0.169502
486.034	325.862	-6000	-6483.57	-0.118994	0	0	-0	-0.118994	0	-0.811998	0	-270.293	0	-0.141759	0.0324799	-0.174239	-0.141759
474.034	326.169	-6000	-4690.31	-0.120994	0	0	-0	-0.120994	0	-0.698659	0	11.5042	0	-0.141414	0.0279463	-0.169361	-0.141414
462.035	317.53	-6000	-1642.49	-0.122994	0	0	-0	-0.122994	0	-0.839136	0	-181.229	0	-0.132128	0.0335655	-0.165694	-0.132128
450.035	314.037	-6000	-3689.54	-0.124994	0	0	-0	-0.124994	0	-1.35954	0	-75.166	0	-0.105158	0.0543817	-0.15954	-0.105158
438.035	301.473	-6000	-5461.25	-0.126994	0	0	-0	-0.126994	0	-1.26962	0	23.4751	0	-0.100667	0.0507846	-0.151451	-0.100667
426.035	293.409	-6000	-5020.71	-0.128994	0	0	-0	-0.128994	0	-1.47927	0	-96.7138	0	-0.0844635	0.0591707	-0.143634	-0.0844635
414.035	292.02	-6000	-4072.61	-0.130994	0	0	-0	-0.130994	0	-1.51864	0	-20.5782	0	-0.0738117	0.0607458	-0.134557	-0.0738117
402.035	295.406	-6000	-5494.76	-0.132994	0	0	-0	-0.132994	0	-1.37072	0	-15.3109	0	-0.071099	0.0548287	-0.125928	-0.071099
390.036	275.29	-6000	-8413.3	-0.134994	0	0	-0	-0.134994	0	-1.44628	0	30.4184	0	-0.0598348	0.0578511	-0.117686	-0.0598348
378.036	283.165	-6000	-6742.14	-0.136994	0	0	-0	-0.136994	0	-1.55642	0	113.258	0	-0.0463186	0.062257	-0.108576	-0.0463186
366.036	281.634	-6000	-7750.1	-0.138994	0	0	-0	-0.138994	0	-1.37444	0	74.2322	0	-0.0449921	0.0549777	-0.0999698	-0.0449921
354.036	274.012	-6000	-6404.56	-0.140994	0	0	-0	-0.140994	0	-1.26217	0	29.7	0	-0.0414743	0.0504866	-0.091961	-0.0414743
342.036	266.092	-6000	-3507.58	-0.142994	0	0	-0	-0.142994	0	-1.2611	0	-60.3219	0	-0.0338497	0.0504441	-0.0842938	-0.0338497
330.036	249.799	-6000	-5442.09	-0.144994	0	0	-0	-0.144994	0	-1.0307	0	-7.64949	0	-0.035461	0.0412279	-0.0766889	-0.035461
318.036	234.721	-6000	-7659.12	-0.146994	0	0	-0	-0.146994	0	-1.21215	0	17.2502	0	-0.0220683	0.0484859	-0.0705542	-0.0220683
306.037	230.076	-6000	-6418.93	-0.148994	0	0	-0	-0.148994	0	-1.37125	0	-8.12832	0	-0.00820306	0.05485	-0.063053	-0.00820306
294.037	209.841	-6000	-4654.4	-0.150994	0	0	-0	-0.150994	0	-1.4649	0	-63.9132	0	0.00393653	0.058596	-0.0546595	0.00393653
282.037	179.156	-6000	-5252.95	-0.152994	0	0	-0	-0.152994	0	-1.45639	0	18.9261	0	0.0122178	0.0582555	-0.0460377	0.0122178
270.037	152.344	-6000	-3782.91	-0.154994	0	0	-0	-0.154994	0	-1.91294	0	-193.679	0	0.0401329	0.0765176	-0.0363847	0.0401329
258.037	139.891	-6000	-6347.1	-0.156994	0	0	-0	-0.156994	0	-1.66072	0	117.807	0	0.0411928	0.0664287	-0.0252359	0.0411928
246.037	128.478	-6000	-8525.82	-0.158994	0	0	-0	-0.158994	0	-1.66285	0	-56.97	0	0.050923	0.0665139	-0.0155909	0.050923
234.038	111.103	-6000	-6208.24	-0.160994	0	0	-0	-0.160994	0	-1.87569	0	-15.7898	0	0.0700173	0.0750277	-0.00501035	0.0700173
222.038	96.3989	-6000	-6143.59	-0.162994	0	0	-0	-0.162994	0	-1.66231	0	41.9105	0	0.0723597	0.0664926	0.00586706	0.0723597
210.038	82.5142	-6000	-7161.13	-0.164994	0	0	-0	-0.164994	0	-1.80386	0	-65.5892	0	0.0881277	0.0721543	0.0159734	0.0881277
198.038	78.3098	-6000	-6648.77	-0.166994	0	0	-0	-0.166994	0	-1.70754	0	55.0786	0	0.0950345	0.0683018	0.0267327	0.0950345
186.038	75.2126	-6000	-7249.71	-0.168994	0	0	-0	-0.168994	0	-1.55908	0	93.6253	0	0.0992328	0.0623634	0.0368694	0.0992328
174.038	62.3446	-6000	-5633.63	-0.170994	0	0	-0	-0.170994	0	-1.59154	0	-49.3086	0	0.109806	0.0636617	0.0461441	0.109806
162.038	42.1875	-6000	-5834.74	-0.172994	0	0	-0	-0.172994	0	-1.53514	0	24.4328	0	0.117042	0.0614056	0.0556359	0.117042
150.039	24.9773	-6000	-4924.94	-0.174994	0	0	-0	-0.174994	0	-1.44042	0	50.2902	0	0.122385	0.0576169	0.0647685	0.122385
138.039	16.0492	-6000	-6301.61	-0.176994	0	0	-0	-0.176994	0	-1.40424	0	5.51865	0	0.12948	0.0561696	0.0733105	0.12948
126.039	17.8466	-6000	-8465.97	-0.178994	0	0	-0	-0.178994	0	-1.21108	0	83.0908	0	0.129945	0.0484433	0.0815013	0.129945
114.039	25.7321	-6000	-8269.64	-0.180993	0	0	-0	-0.180993	0	-0.929595	0	126.665	0	0.12557	0.0371838	0.0883863	0.12557
102.039	29.5698	-6000	-8116.42	-0.182993	0	0	-0	-0.182993	0	-0.682695	0	107.033	0	0.120916	0.0273078	0.0936079	0.120916
90.0394	34.3458	-6000	-9282.39	-0.184993	0	0	-0	-0.184993	0	-0.490602	0	64.1766	0	0.116876	0.0196241	0.0972523	0.116876
78.0396	25.663	-6000	-6543.43	-0.186993	0	0	-0	-0.186993	0	-0.311813	0	117.807	0	0.112506	0.0124725	0.100033	0.112506
66.0397	16.4197	-6000	-5090.14	-0.188993	0	0	-0	-0.188993	0	-0.204326	0	39.5163	0	0.109866	0.00817304	0.101693	0.109866
54.0399	9.35851	-6000	-6756.51	-0.190993	0	0	-0	-0.190993	0	-0.136748	0	25.6299	0	0.108263	0.00546991	0.102793	0.108263
42.04	-2.26022	-6000	-5758.13	-0.192993	0	0	-0	-0.192993	0	0.0909966	0	107.751	0	0.0996943	-0.00363986	0.103334	0.0996943
30.2868	-8.74683	-5503.35	-5643.21	-0.178397	0	0	-0	-0.178397	0	0.197951	0	131.693	0	0.0946547	-0.00791805	0.102573	0.0946547
20.2803	-12.8516	-4503.36	-6940.86	-0.146732	0	0	-0	-0.146732	0	0.387383	0	82.8514	0	0.0855688	-0.0154953	0.101064	0.0855688
12.2736	-13.3837	-3503.37	-7742.92	-0.114734	0	0	-0	-0.114734	0	0.624705	0	95.0618	0	0.0733589	-0.0249882	0.0983471	0.0733589
6.26695	-5.35337	-2503.39	-6804.39	-0.0824018	0	0	-0	-0.0824018	0	0.808284	0	93.6253	0	0.0620281	-0.0323314	0.0943594	0.0620281
2.26021	13.9295	-1503.4	-7113.25	-0.0497366	0	-0	-0	-0.0497366	0	1.04507	0	92.907	0	0.0473013	-0.041803	0.0891043	0.0473013
0.253425	44.0033	-503.413	-6883.4	-0.0167382	0	-0	-0	-0.0167382	0	1.21748	0	61.3035	0	0.0337994	-0.0486992	0.0824986	0.0337994
0	82.456	0	-4369.49	0	0	-0	-0	0	0	1.33242	0	82.8513	0	0.0217949	-0.0532966	0.0750916	0.0217949
0	116.99	0	-3519.55	0	0	-0	-0	0	0	1.36753	0	2.64559	0	0.0122903	-0.0547014	0.0669917	0.0122903
0	147.334	0	-4316.82	0	0	-0	-0	0	0	1.30475	0	-64.6315	0	0.00655676	-0.0521898	0.0587466	0.00655676
0	169.061	0	-2150.06	0	0	-0	-0	0	0	1.26058	0	26.5876	0	0.000810981	-0.0504232	0.0512342	0.000810981
0	180.423	0	-909.869	0	0	-0	-0	0	0	1.07647	0	-73.0112	0	0.000747621	-0.0430588	0.0438064	0.000747621
0	186.571	0	-3229.85	0	0	-0	-0	0	0	0.765183	0	-157.048	0	0.0071521	-0.0306073	0.0377594	0.0071521
0	194.609	0	-2901.84	0	0	-0	-0	0	0	0.492742	0	-107.967	0	0.0139519	-0.0197097	0.0336616	0.0139519
0	202.36	0	-1941.77	0	0	-0	-0	0	0	0.397493	0	-4.77643	0	0.0151279	-0.0158997	0.0310276	0.0151279
0	204.907	0	-2475.68	0	0	-0	-0	0	0	0.4672	0	0.730237	0	0.00975031	-0.018688	0.0284383	0.00975031
0	210.086	0	-1245.06	0	0	-0	-0	0	0	0.409732	0	-16.0292	0	0.00935279	-0.0163893	0.0257421	0.00935279
0	206.032	0	-996.06	0	0	-0	-0	0	0	0.382062	0	-5.01585	0	0.00813688	-0.0152825	0.0234194	0.00813688
0	201.017	0	-2104.58	0	0	-0	-0	0	0	0.378869	0	-16.2686	0	0.00587963	-0.0151548	0.0210344	0.00587963
0	193.902	0	-2214.71	0	0	-0	-0	0	0	0.386319	0	-12.9167	0	0.0032797	-0.0154528	0.0187325	0.0032797
0	186.961	0	-1573.06	0	0	-0	-0	0	0	0.377273	0	35.4462	0	0.0015056	-0.0150909	0.0165965	0.0015056
0	182.367	0	-1285.76	0	0	-0	-0	0	0	0.492209	0	29.2212	0	-0.00563964	-0.0196884	0.0140487	-0.00563964
0	183.426	0	-1166.05	0	0	-0	-0	0	0	0.318209	0	-99.5868	0	-0.00147482	-0.0127283	0.0112535	-0.00147482
0	179.706	0	-2027.96	0	0	-0	-0	0	0	0.274043	0	17.2502	0	-0.00133651	-0.0109617	0.00962522	-0.00133651
0	180.001	0	-1247.45	0	0	-0	-0	0	0	0.199548	0	-78.5178	0	-4.72311e-05	-0.0079819	0.00793467	-4.72311e-05
0	182.713	0	-2344	0	0	-0	-0	0	0	0.0771616	0	-9.08599	0	0.00389037	-0.00308647	0.00697684	0.00389037
0	178.613	0	-1257.03	0	0	-0	-0	0	0	0.159639	0	16.2925	0	-1.00071e-06	-0.00638556	0.00638456	-1.00071e-06
0	177.016	0	-545.95	0	0	-0	-0	0	0	0.0314	0	-38.0558	0	0.00440379	-0.001256	0.00565979	0.00440379
0	168.94	0	-2200.34	0	0	-0	-0	0	0	0.0202256	0	-19.1417	0	0.00457297	-0.000809024	0.005382	0.00457297
0	162.697	0	-1355.19	0	0	-0	-0	0	0	-0.0186186	0	-2.62165	0	0.00616502	0.000744745	0.00542028	0.00616502
0	162.032	0	-658.477	0	0	-0	-0	0	0	-0.0526738	0	-42.6048	0	0.00768364	0.00210695	0.00557669	0.00768364
0	162.603	0	-1072.67	0	0	-0	-0	0	0	-0.218693	0	-51.4634	0	0.0148272	0.00874772	0.0060795	0.0148272
0	160.464	0	-1587.43	0	0	-0	-0	0	0	-0.129298	0	27.7847	0	0.0124949	0.00517192	0.00732302	0.0124949
0	163.061	0	-979.3	0	0	-0	-0	0	0	-0.131426	0	10.0676	0	0.0134054	0.00525706	0.00814829	0.0134054
0	157.638	0	-574.68	0	0	-0	-0	0	0	-0.0936465	0	10.7859	0	0.0126316	0.00374586	0.00888577	0.0126316
0	154.587	0	-2875.51	0	0	-0	-0	0	0	0.0681157	0	62.7401	0	0.00648197	-0.00272463	0.0092066	0.00648197
0	146.336	0	102.879	0	-0	-0	-0	0	0	0.0915287	0	13.4195	0	0.00509206	-0.00366115	0.00875321	0.00509206
0	145.39	0	428.49	0	-0	-0	-0	0	0	-0.0516096	0	-56.97	0	0.0104552	0.00206438	0.00839081	0.0104552
0	143.797	0	-2559.47	0	0	-0	-0	0	0	-0.100564	0	-55.0547	0	0.0127023	0.00402256	0.00867971	0.0127023
0	138.898	0	-1479.69	0	0	-0	-0	0	0	-0.177188	0	4.08212	0	0.0165622	0.00708753	0.00947466	0.0165622
0	141.17	0	426.096	0	-0	-0	-0	0	0	-0.263923	0	-21.2964	0	0.0212511	0.0105569	0.0106942	0.0212511
0	137.452	0	-1510.81	0	0	-0	-0	0	0	-0.115995	0	54.5998	0	0.0167085	0.00463981	0.0120686	0.0167085
0	138.673	0	-1726.29	0	0	-0	-0	0	0	-0.0766189	0	-7.17064	0	0.0156841	0.00306476	0.0126193	0.0156841
0	136.198	0	1192.24	0	-0	-0	-0	0	0	-0.252748	0	-49.548	0	0.0235067	0.0101099	0.0133967	0.0235067
0	136.836	0	-1546.73	0	0	-0	-0	0	0	-0.273501	0	1.68791	0	0.0259027	0.01094	0.0149627	0.0259027
0	136.724	0	-2083.03	0	0	-0	-0	0	0	-0.0622519	0	75.9082	0	0.0187857	0.00249007	0.0162956	0.0187857
0	137.247	0	636.786	0	-0	-0	-0	0	0	-0.00957271	0	4.56095	0	0.0169243	0.000382908	0.0165414	0.0169243
0	133.017	0	-964.935	0	0	-0	-0	0	0	-0.158032	0	-34.4645	0	0.0231277	0.00632128	0.0168064	0.0231277
0	127.607	0	-2712.7	0	0	-0	-0	0	0	-0.0148938	0	46.4595	0	0.018162	0.000595753	0.0175662	0.018162
0	127.827	0	-98.2341	0	0	-0	-0	0	0	0.000537433	0	9.58878	0	0.0176468	-2.14973e-05	0.0176683	0.0176468
0	120.97	0	-1434.2	0	0	-0	-0	0	0	0.0824828	0	37.8404	0	0.01427	-0.00329931	0.0175693	0.01427
0	112.191	0	-1996.84	0	0	-0	-0	0	0	0.169749	0	35.6856	0	0.0100338	-0.00678997	0.0168238	0.0100338
0	114.947	0	543.412	0	-0	-0	-0	0	0	0.147933	0	30.6578	0	0.00999976	-0.00591731	0.0159171	0.00999976
0	117.474	0	-864.379	0	0	-0	-0	0	0	0.093125	0	-58.4066	0	0.011405	-0.003725	0.01513	0.011405
0	113.228	0	-1496.45	0	0	-0	-0	0	0	0.120263	0	-9.08599	0	0.00963786	-0.00481051	0.0144484	0.00963786
0	114.19	0	-931.416	0	0	-0	-0	0	0	0.151657	0	81.4148	0	0.00762218	-0.0060663	0.0136885	0.00762218
0	113.075	0	-620.17	0	0	-0	-0	0	0	0.0532166	0	-71.3352	0	0.0108781	-0.00212866	0.0130068	0.0108781
