0	0.433048	0	449.535	0	-0.000259829	-0.000259829	0	-0.000259829	0	-0.00694939	0	-17.2526	0	0.000277976	0.000277976	0	0.000277976
1	-0.304027	1000	-536.876	0.0301667	0.000769834	0.000782417	-1.25825e-05	0.0309365	0	0.00688554	0	3.57694	0	-0.000278423	-0.000275422	-3.00111e-06	-0.000278423
4	0.630368	2000	171.808	0.0606667	0.00212461	0.00202178	0.00010283	0.0627913	0	-0.0122705	0	30.8708	0	0.000516745	0.000490821	2.59245e-05	0.000516745
9	0.248548	3000	85.6167	0.0915	0.00575423	0.00525087	0.000503358	0.0972542	0	0.00794976	0	-12.4642	0	-0.000282296	-0.00031799	3.56941e-05	-0.000282296
16	-0.063364	4000	-541.664	0.122667	0.0109631	0.00963802	0.00132513	0.13363	0	0.0824455	0	23.6882	0	-0.00341838	-0.00329782	-0.000120555	-0.00341838
25	4.52047	5000	799.089	0.154167	0.0149585	0.0122877	0.00267083	0.169125	0	0.139914	0	55.2917	0	-0.00622135	-0.00559655	-0.000624807	-0.00622135
36	15.2902	6000	5012.88	0.186	0.0168383	0.0124259	0.00441238	0.202838	0	0.169712	0	-129.062	0	-0.00845071	-0.00678848	-0.00166223	-0.00845071
48	34.3387	6000	5932.26	0.188	0.0140912	0.0081968	0.00589439	0.202091	0	-0.230437	0	-105.838	0	0.00712441	0.00921747	-0.00209305	0.00712441
60	50.5359	6000	5103.86	0.19	0.0126117	0.00567848	0.00693321	0.202612	0	-0.429447	0	-48.8561	0	0.0169304	0.0171779	-0.000247496	0.0169304
72	67.1142	6000	4055.2	0.192	0.010581	0.00293147	0.00764954	0.202581	0	-0.418805	0	-46.7013	0	0.0189856	0.0167522	0.0022334	0.0189856
84	80.9023	6000	1742.4	0.194	0.00982647	0.00185863	0.00796785	0.203826	0	-0.31451	0	118.738	0	0.0173522	0.0125804	0.00477177	0.0173522
96	100.217	6000	4557.99	0.196	0.0056251	-0.00253049	0.00815559	0.201625	0	-0.320896	0	-53.4051	0	0.019351	0.0128358	0.00651517	0.019351
108	120.754	6000	2982.6	0.198	-8.71019e-06	-0.00765222	0.00764351	0.197991	0	-0.338988	0	-8.39408	0	0.022032	0.0135595	0.00847247	0.022032
120	141.105	6000	3533.27	0.2	-0.0063027	-0.0126628	0.00636008	0.193697	0	-0.325153	0	51.461	0	0.023554	0.0130061	0.0105479	0.023554
132	162.747	6000	4457.43	0.202	-0.0138725	-0.0184484	0.00457584	0.188127	0	-0.327281	0	-43.11	0	0.0255166	0.0130912	0.0124254	0.0255166
144	174.289	6000	2647.41	0.204	-0.0161445	-0.0181737	0.00202913	0.187855	0	-0.204895	0	79.4731	0	0.0224668	0.00819581	0.0142709	0.0224668
156	178.295	6000	3935.49	0.206	-0.0136964	-0.013377	-0.000319466	0.192304	0	-0.0473899	0	110.837	0	0.017265	0.0018956	0.0153694	0.017265
168	184.66	6000	4883.6	0.208	-0.0119768	-0.00999616	-0.0019806	0.196023	0	-0.0378119	0	-68.4885	0	0.0169587	0.00151248	0.0154462	0.0169587
174	190.366	6000	4332.93	0.209	-0.0124664	-0.00981942	-0.00264701	0.196534	0	-0.0878305	0	-0.732642	0	0.0190729	0.00351322	0.0155597	0.0190729
186	200.068	6000	3849.3	0.211	-0.0123481	-0.00844092	-0.00390722	0.198652	0	-0.076124	0	-51.9685	0	0.0191125	0.00304496	0.0160675	0.0191125
198	201.852	6000	2613.89	0.213	-0.00722547	-0.00231146	-0.00491401	0.205775	0	-0.0910232	0	11.4778	0	0.0201747	0.00364093	0.0165338	0.0201747
210	204.941	6000	3739.17	0.215	-0.00193756	0.00303531	-0.00497287	0.213062	0	-0.109115	0	56.7282	0	0.0215084	0.0043646	0.0171438	0.0215084
222	213.968	6000	4553.2	0.217	0.000394674	0.00481892	-0.00442425	0.217395	0	-0.0601607	0	-65.3761	0	0.0201411	0.00240643	0.0177346	0.0201411
234	231.494	6000	3643.4	0.219	-0.00220202	0.00150363	-0.00370565	0.216798	0	-0.0207843	0	83.3039	0	0.0189461	0.000831373	0.0181148	0.0189461
246	256.257	6000	5453.42	0.221	-0.00981889	-0.00615449	-0.00366441	0.211181	0	-0.158069	0	-88.5998	0	0.024674	0.00632277	0.0183512	0.024674
258	265.181	6000	4447.85	0.223	-0.00873974	-0.004309	-0.00443073	0.21426	0	-0.153812	0	-44.3071	0	0.0253787	0.0061525	0.0192262	0.0253787
270	282.455	6000	3648.19	0.225	-0.0125704	-0.00747325	-0.00509719	0.21243	0	-0.161262	0	76.3607	0	0.0267305	0.00645048	0.02028	0.0267305
282	278.707	6000	5913.1	0.227	-0.00376545	0.00197567	-0.00574113	0.223235	0	-0.250657	0	-98.8949	0	0.0313664	0.0100263	0.0213401	0.0313664
294	302.081	6000	3260.33	0.229	-0.010469	-0.00484867	-0.00562028	0.218531	0	-0.166583	0	54.8129	0	0.0293158	0.00666333	0.0226525	0.0293158
306	325.251	6000	4347.3	0.231	-0.0182279	-0.011551	-0.0066769	0.212772	0	-0.229372	0	-12.7036	0	0.0329482	0.0091749	0.0237733	0.0329482
318	325.629	6000	5659.32	0.233	-0.0125319	-0.00457749	-0.00795441	0.220468	0	-0.376236	0	-82.6143	0	0.0403682	0.0150494	0.0253188	0.0403682
330	335.683	6000	3145.41	0.235	-0.011838	-0.00341027	-0.0084277	0.223162	0	-0.420933	0	-0.493201	0	0.0444582	0.0168373	0.0276209	0.0444582
342	353.743	6000	5113.44	0.237	-0.0161711	-0.00704579	-0.00912533	0.220829	0	-0.487979	0	-33.2938	0	0.0497997	0.0195192	0.0302806	0.0497997
354	360.974	6000	3834.94	0.239	-0.0144062	-0.00418456	-0.0102216	0.224594	0	-0.391135	0	69.1781	0	0.0488379	0.0156454	0.0331925	0.0488379
366	357.513	6000	5252.3	0.241	-0.00529814	0.00509233	-0.0103905	0.235702	0	-0.313446	0	-24.4352	0	0.0480133	0.0125379	0.0354754	0.0480133
378	372.033	6000	3552.42	0.243	-0.0062222	0.0035799	-0.00980209	0.236778	0	-0.401777	0	20.3363	0	0.0538039	0.0160711	0.0377329	0.0538039
390	388.189	6000	3815.78	0.245	-0.00839434	0.00108669	-0.00948104	0.236606	0	-0.305997	0	8.12593	0	0.0521024	0.0122399	0.0398626	0.0521024
402	396.311	6000	3102.31	0.247	-0.00579732	0.0034134	-0.00921072	0.241203	0	-0.0495184	0	55.7705	0	0.0433377	0.00198074	0.0413569	0.0433377
414	416.157	6000	4639.39	0.249	-0.0100337	-0.00129406	-0.00873966	0.238966	0	-0.168712	0	-58.6723	0	0.0484472	0.00674846	0.0416987	0.0484472
426	440.337	6000	1866.9	0.251	-0.0178651	-0.00860255	-0.00926259	0.233135	0	-0.217666	0	2.14042	0	0.0517625	0.00870664	0.0430558	0.0517625
438	448.775	6000	2585.16	0.253	-0.0167254	-0.00646531	-0.0102601	0.236275	0	-0.056968	0	73.7271	0	0.0464043	0.00227872	0.0441256	0.0464043
450	463.731	6000	4845.29	0.255	-0.0192382	-0.00823857	-0.0109996	0.235762	0	-0.0718671	0	65.1079	0	0.0473389	0.00287469	0.0444642	0.0473389
462	467.179	6000	3284.27	0.257	-0.0151916	-0.00310756	-0.012084	0.241808	0	0.284648	0	152.736	0	0.0331136	-0.0113859	0.0444995	0.0331136
474	483.846	6000	7000.07	0.259	-0.0182218	-0.0059075	-0.0123143	0.240778	0	0.284648	0	-159.947	0	0.0313099	-0.0113859	0.0426958	0.0313099
492	499.966	6000	4672.91	0.262	-0.0184049	-0.00477949	-0.0136254	0.243595	0	0.238887	0	-19.4074	0	0.0306871	-0.00955546	0.0402425	0.0306871
504	530.602	6000	3289.06	0.264	-0.0303679	-0.0159612	-0.0144068	0.233632	0	0.22718	0	-1.92972	0	0.0296805	-0.00908721	0.0387677	0.0296805
516	546.466	6000	2091.96	0.266	-0.0349598	-0.0182798	-0.01668	0.23104	0	1.38506	0	-7.67581	0	-0.0194631	-0.0554023	0.0359392	-0.0194631
528	565.46	6000	4270.68	0.268	-0.0417688	-0.0224759	-0.0192929	0.226231	0	0.061161	0	16.5056	0	0.0275099	-0.00244644	0.0299563	0.0275099
540	565.006	6000	4112.66	0.27	-0.0370083	-0.0150036	-0.0220047	0.232992	0	0.117565	0	68.2204	0	0.0249697	-0.0047026	0.0296723	0.0249697
552	560.418	6000	4821.35	0.272	-0.0288332	-0.00505074	-0.0237824	0.243167	0	0.163327	0	-71.1222	0	0.0221625	-0.00653307	0.0286956	0.0221625
564	544.684	6000	5558.76	0.274	-0.0121219	0.0115897	-0.0237116	0.261878	0	-0.0292981	0	-80.9384	0	0.0291813	0.00117192	0.0280093	0.0291813
576	547.718	6000	3384.83	0.276	-0.0049268	0.0169694	-0.0218962	0.271073	0	0.188868	0	113.231	0	0.0204708	-0.00755472	0.0280255	0.0204708
588	563.24	6000	4256.32	0.278	-0.00482079	0.0148563	-0.0196771	0.273179	0	0.445346	0	72.7694	0	0.00863784	-0.0178139	0.0264517	0.00863784
600	598.007	6000	4735.16	0.28	-0.0169803	0.00119615	-0.0181764	0.26302	0	1.37016	0	9.08362	0	-0.0325911	-0.0548063	0.0222152	-0.0325911
612	573.009	6000	6506.87	0.282	0.00629614	0.0233949	-0.0170987	0.288296	0	0.72843	0	34.941	0	-0.0155931	-0.0291372	0.0135441	-0.0155931
624	592.094	6000	3873.24	0.284	0.00543788	0.019144	-0.0137062	0.289438	0	0.383621	0	26.8007	0	-0.004923	-0.0153448	0.0104218	-0.004923
636	611.054	6000	5884.37	0.286	0.00361347	0.0149681	-0.0113546	0.289614	0	0.602852	0	-48.1378	0	-0.0164601	-0.0241141	0.00765399	-0.0164601
648	629.315	6000	2384.05	0.288	0.00177624	0.0112109	-0.00943465	0.289776	0	0.769935	0	69.1781	0	-0.027083	-0.0307974	0.00371442	-0.027083
660	660.438	6000	5707.2	0.29	-0.00874218	-0.000262537	-0.00847964	0.281258	0	0.556026	0	11.9567	0	-0.0232069	-0.022241	-0.000965852	-0.0232069
672	654.192	6000	8771.78	0.292	0.00255857	0.0106848	-0.00812618	0.294559	0	0.218666	0	-167.608	0	-0.0122856	-0.00874665	-0.00353896	-0.0122856
684	645.462	6000	4605.87	0.294	0.0167416	0.0231231	-0.00638155	0.310742	0	0.213345	0	27.2795	0	-0.0134071	-0.00853381	-0.0048733	-0.0134071
696	648.415	6000	5400.74	0.296	0.0254046	0.0285511	-0.00314651	0.321405	0	0.190996	0	-103.444	0	-0.0132888	-0.00763986	-0.00564893	-0.0132888
708	693.663	6000	3332.15	0.298	0.00862245	0.00860251	1.99306e-05	0.306623	0	1.92888	0	-88.3604	0	-0.0856548	-0.077155	-0.0084998	-0.0856548
720	735.069	6000	1397.64	0.3	-0.00820797	-0.00904127	0.0008333	0.291792	0	1.63409	0	21.0546	0	-0.0928978	-0.0653634	-0.0275343	-0.0928978
732	791.328	6000	3978.59	0.302	-0.0376405	-0.0355965	-0.00204399	0.26436	0	2.95479	0	-82.3749	0	-0.15433	-0.118192	-0.0361384	-0.15433
744	790.455	6000	9255.41	0.304	-0.0342461	-0.0278728	-0.00637338	0.269754	0	-2.12901	0	-105.359	0	0.050657	0.0851606	-0.0345036	0.050657
756.001	762.698	6000	7411.87	0.306	-0.0134142	-0.00401851	-0.00939574	0.292586	0	-10.2256	0	32.0679	0	0.384799	0.409026	-0.0242262	0.384799
768.001	744.643	6000	7167.67	0.308	0.00478847	0.0140144	-0.00922591	0.312789	0	-0.653998	0	-40.237	0	0.0536681	0.0261599	0.0275082	0.0536681
780.001	769.479	6000	2350.53	0.31	-0.00098264	0.00631282	-0.00729546	0.309017	0	1.79691	0	41.8842	0	-0.0486751	-0.0718765	0.0232014	-0.0486751
792.001	790.849	6000	4064.78	0.312	-0.0064689	0.000691113	-0.00716001	0.305531	0	-0.466695	0	29.1949	0	0.0348072	0.0186678	0.0161394	0.0348072
804.001	799.411	6000	5563.55	0.314	-0.00402484	0.00275409	-0.00677893	0.309975	0	0.482594	0	-171.2	0	-0.00291513	-0.0193038	0.0163886	-0.00291513
816.001	815.577	6000	4984.15	0.316	-0.006222	0.00025448	-0.00647648	0.309778	0	0.720981	0	95.7537	0	-0.0136221	-0.0288392	0.0152171	-0.0136221
828.001	833.794	6000	9561.87	0.318	-0.00972608	-0.00347589	-0.00625019	0.308274	0	-5.03328	0	-72.5587	0	0.216782	0.201331	0.0154504	0.216782
840.001	838.557	6000	5530.03	0.32	-0.00609363	0.000866162	-0.00695979	0.313906	0	-0.434768	0	-2.16914	0	0.0569428	0.0173907	0.0395521	0.0569428
852.001	836.686	6000	1886.06	0.322	0.00247335	0.00918907	-0.00671572	0.324473	0	1.37016	0	125.442	0	-0.0156372	-0.0548063	0.0391691	-0.0156372
864.001	845.448	6000	5917.89	0.324	0.00567514	0.0111316	-0.00545646	0.329675	0	0.0153993	0	-111.345	0	0.0316348	-0.000615974	0.0322508	0.0316348
876.001	848.086	6000	5084.71	0.326	0.0126704	0.0167491	-0.00407877	0.338671	0	0.061161	0	-57.9541	0	0.0310337	-0.00244644	0.0334802	0.0310337
888.001	902.601	6000	444.747	0.328	-0.010999	-0.00875995	-0.00223906	0.317001	0	1.4223	0	301.655	0	-0.0260043	-0.0568922	0.0308879	-0.0260043
900.001	928.705	6000	5831.7	0.33	-0.0211907	-0.0172227	-0.00396797	0.308809	0	-0.326217	0	-198.015	0	0.036616	0.0130487	0.0235673	0.036616
912.001	950.387	6000	9202.74	0.332	-0.0295684	-0.0230318	-0.00653663	0.302432	0	-0.19851	0	42.1236	0	0.033465	0.0079404	0.0255246	0.033465
924.001	915.661	6000	1196.53	0.334	-0.00348959	0.00500387	-0.00849346	0.330511	0	-0.424126	0	43.3207	0	0.0437318	0.016965	0.0267668	0.0437318
936.001	921.795	6000	9662.42	0.336	0.000280431	0.0085236	-0.00824316	0.336281	0	-0.635907	0	-82.6143	0	0.0554821	0.0254363	0.0300458	0.0554821
948.001	912.284	6000	5975.35	0.338	0.0153966	0.0214302	-0.00603365	0.353397	0	0.696503	0	33.0256	0	0.00486453	-0.0278601	0.0327247	0.00486453
960.001	947.269	6000	2834.16	0.34	0.00402847	0.00763923	-0.00361076	0.344029	0	0.122886	0	125.681	0	0.0224617	-0.00491544	0.0273771	0.0224617
972.001	981.926	6000	6578.69	0.342	-0.00917849	-0.00595488	-0.0032236	0.332822	0	11.5495	0	-31.8573	0	-0.433085	-0.461979	0.0288938	-0.433085
984.001	1012.18	6000	3806.21	0.344	-0.0214025	-0.0169065	-0.00449607	0.322598	0	0.734816	0	51.461	0	-0.0603772	-0.0293926	-0.0309846	-0.0603772
996.001	1015.54	6000	12358.3	0.346	-0.0175161	-0.0117218	-0.00579435	0.328484	0	-1.75441	0	-265.771	0	0.0446418	0.0701763	-0.0255345	0.0446418
1008	979.991	6000	8134.92	0.348	0.0101892	0.0168059	-0.0066167	0.358189	0	-0.330474	0	-66.5732	0	-0.00781369	0.013219	-0.0210326	-0.00781369
1020	1000.38	6000	621.918	0.35	0.00775258	0.0117733	-0.00402074	0.357753	0	-0.977523	0	112.274	0	0.0254914	0.0391009	-0.0136095	0.0254914
1032	1058.45	6000	3499.75	0.352	-0.0189111	-0.0158664	-0.00304475	0.333089	0	3.73912	0	-55.081	0	-0.161728	-0.149565	-0.012163	-0.161728
1044	1083.4	6000	4289.83	0.354	-0.0291463	-0.0236382	-0.00550811	0.324854	0	0.943404	0	-45.0254	0	-0.065227	-0.0377361	-0.0274909	-0.065227
1056	1130.45	6000	10787.7	0.356	-0.0534636	-0.0446721	-0.00879147	0.302537	0	-0.931761	0	-473.587	0	0.00273035	0.0372704	-0.0345401	0.00273035
1068	1079.45	6000	7938.6	0.358	-0.0196774	-0.00687224	-0.0128052	0.338323	0	-2.66326	0	21.7729	0	0.0813225	0.10653	-0.0252077	0.0813225
1080	1031.34	6000	6104.64	0.36	0.0167429	0.029199	-0.0124561	0.376743	0	-2.13008	0	35.6593	0	0.0673005	0.0852031	-0.0179027	0.0673005
1092	1063.75	6000	3557.21	0.362	0.00770396	0.0169514	-0.00924744	0.369704	0	5.9591	0	-78.3048	0	-0.259791	-0.238364	-0.0214272	-0.259791
1104	1094.77	6000	-1403.58	0.364	-0.0010216	0.00553916	-0.00656076	0.362979	0	1.8299	0	231.026	0	-0.120762	-0.0731961	-0.0475654	-0.120762
1116	1135.05	6000	7842.83	0.366	-0.0183681	-0.0114273	-0.00694077	0.347632	0	-4.25534	0	-128.583	0	0.122422	0.170213	-0.0477919	0.122422
1128	1133.75	6000	7071.9	0.368	-0.0122492	-0.0034511	-0.00879807	0.355751	0	-0.664641	0	-153.004	0	-0.00252577	0.0265856	-0.0291114	-0.00252577
1140	1143.73	6000	8283.36	0.37	-0.0112426	-0.00223557	-0.00900707	0.358758	0	2.62594	0	-1.21147	0	-0.135506	-0.105038	-0.0304681	-0.135506
1152	1135.13	6000	9490.04	0.372	0.00153945	0.0101224	-0.00858292	0.37354	0	-1.32872	0	-18.2103	0	0.0133262	0.0531487	-0.0398224	0.0133262
1164	1177.15	5999.89	2546.86	0.373997	-0.0164635	-0.00788767	-0.00857578	0.357533	0	2.79835	0	-56.5175	0	-0.153637	-0.111934	-0.0417027	-0.153637
1175	1192.7	4999.88	5980.14	0.34583	-0.0195849	-0.0106212	-0.00896365	0.326245	0	-4.29684	0	84.2615	0	0.130213	0.171874	-0.041661	0.130213
1184	1248.62	3999.88	6147.74	0.31733	-0.050104	-0.0387722	-0.0113318	0.267226	0	5.50361	0	-190.832	0	-0.265068	-0.220144	-0.0449238	-0.265068
1191	1208.5	2999.88	2125.48	0.288496	-0.0256287	-0.0104995	-0.0151292	0.262868	0	3.78276	0	217.619	0	-0.212852	-0.15131	-0.0615415	-0.212852
1196	1171.57	1999.88	14264.1	0.25933	-0.00128921	0.0146584	-0.0159476	0.258041	0	2.8771	0	-209.746	0	-0.192372	-0.115084	-0.0772875	-0.192372
1199	1105.14	999.875	5716.78	0.22983	0.0432338	0.0563169	-0.0130831	0.273063	0	-4.20957	0	-26.8294	0	0.0929634	0.168383	-0.0754196	0.0929634
1200	1079.91	0	-287.879	0.2	0.0677532	0.0720554	-0.00430214	0.267753	0	5.0577	0	-67.5309	0	-0.260203	-0.202308	-0.0578948	-0.260203
1200	1075.66	0	851.761	0.2	0.0798297	0.0746027	0.00522704	0.27983	0	1.20095	0	71.3328	0	-0.143718	-0.0480378	-0.09568	-0.143718
1200	1122.06	0	-378.858	0.2	0.0606217	0.0467621	0.0138596	0.260622	0	-3.65724	0	-11.746	0	0.0615384	0.14629	-0.0847513	0.0615384
1200	1106.1	0	10984	0.2	0.0772633	0.056339	0.0209243	0.277263	0	-0.69976	0	-357.469	0	-0.041107	0.0279904	-0.0690974	-0.041107
1200	1075.75	0	-2552.79	0.2	0.10409	0.0745491	0.029541	0.30409	0	-0.956238	0	366.298	0	-0.0250785	0.0382495	-0.063328	-0.0250785
1200	1039.72	0	9796.5	0.2	0.136201	0.096168	0.0400331	0.336201	0	-2.40146	0	-158.989	0	0.0393744	0.0960582	-0.0566839	0.0393744
1200	1057.8	0	3700.86	0.2	0.13781	0.0853223	0.0524872	0.33781	0	-3.36139	0	-68.2491	0	0.0939746	0.134455	-0.0404808	0.0939746
1200	1114.12	0	6439.83	0.2	0.114582	0.0515291	0.0630528	0.314582	0	-2.28439	0	97.669	0	0.0709099	0.0913757	-0.0204658	0.0709099
1200	1126.7	0	2996.97	0.2	0.114094	0.0439821	0.0701117	0.314094	0	-2.96656	0	-20.8439	0	0.112088	0.118662	-0.00657425	0.112088
1200	1168.04	0	789.512	0.2	0.093732	0.0191736	0.0745583	0.293732	0	4.52346	0	-112.063	0	-0.176475	-0.180938	0.00446303	-0.176475
1200	1177.89	0	2374.47	0.2	0.0898576	0.013265	0.0765927	0.289858	0	7.04461	0	24.6459	0	-0.311176	-0.281784	-0.0293919	-0.311176
1200	1183.79	0	12913.8	0.2	0.0876292	0.00972883	0.0779003	0.287629	0	3.88918	0	5.97114	0	-0.22715	-0.155567	-0.0715829	-0.22715
1200	1166.8	0	5951.41	0.2	0.0995445	0.0199193	0.0796252	0.299545	0	-4.30536	0	38.5323	0	0.0942716	0.172214	-0.0779426	0.0942716
1200	1166.9	0	4390.39	0.2	0.101269	0.0198596	0.0814095	0.301269	0	-3.40289	0	-85.7268	0	0.0834402	0.136116	-0.0526755	0.0834402
1200	1144.9	0	61.6746	0.2	0.117598	0.0330599	0.0845377	0.317598	0	1.32333	0	-70.6433	0	-0.0849328	-0.0529333	-0.0319996	-0.0849328
1200	1179.74	0	2542.07	0.2	0.100412	0.0121573	0.0882551	0.300412	0	-1.71184	0	-25.8717	0	0.0211653	0.0684735	-0.0473083	0.0211653
1200	1181.72	0	2570.8	0.2	0.10083	0.0109692	0.0898607	0.30083	0	-0.742329	0	85.2192	0	0.00351103	0.0296932	-0.0261821	0.00351103
1200	1201.15	0	703.321	0.2	0.0903235	-0.000689136	0.0910126	0.290323	0	0.27507	0	102.697	0	-0.0349563	-0.0110028	-0.0239534	-0.0349563
1200	1200.51	0	789.512	0.2	0.0898595	-0.000306885	0.0901664	0.28986	0	4.08819	0	24.8853	0	-0.201615	-0.163528	-0.0380872	-0.201615
1200	1202.15	0	5965.78	0.2	0.0887655	-0.00129294	0.0900584	0.288765	0	-7.6417	0	-4.08452	0	0.257179	0.305668	-0.0484888	0.257179
1200	1199.24	0	2977.81	0.2	0.0909433	0.000455127	0.0904882	0.290943	0	-3.44546	0	-88.5998	0	0.136827	0.137818	-0.000991147	0.136827
1200	1212.93	0	-3606.24	0.2	0.0827418	-0.00775986	0.0905016	0.282742	0	8.41959	0	173.565	0	-0.346541	-0.336783	-0.00975804	-0.346541
1200	1208.79	0	11845.9	0.2	0.0838162	-0.00527168	0.0890879	0.283816	0	0.232501	0	-83.3326	0	-0.066517	-0.00930005	-0.057217	-0.066517
1200	1247.6	0	10668	0.2	0.0596513	-0.0285576	0.088209	0.259651	0	-3.0219	0	-250.927	0	0.0639242	0.120876	-0.0569518	0.0639242
1200	1249.67	0	-575.183	0.2	0.0540213	-0.0298043	0.0838256	0.254021	0	3.32727	0	149.863	0	-0.173942	-0.133091	-0.0408509	-0.173942
1200	1253.13	0	5860.43	0.2	0.0485648	-0.0318801	0.0804449	0.248565	0	-3.02722	0	-179.34	0	0.0736484	0.121089	-0.0474404	0.0736484
1200	1220.93	0	-1968.61	0.2	0.0641238	-0.0125592	0.076683	0.264124	0	-1.25103	0	108.443	0	0.0115181	0.0500411	-0.0385231	0.0115181
1200	1205.94	0	4548.41	0.2	0.072257	-0.00356477	0.0758218	0.272257	0	-9.76483	0	-88.121	0	0.376801	0.390593	-0.0137924	0.376801
1200	1189.64	0	4735.16	0.2	0.0814308	0.00621606	0.0752147	0.281431	0	3.86683	0	98.1479	0	-0.132816	-0.154673	0.0218572	-0.132816
1200	1203.26	0	2101.53	0.2	0.0737945	-0.00195806	0.0757525	0.273794	0	4.60434	0	33.5045	0	-0.195035	-0.184174	-0.0108612	-0.195035
1200	1216.14	0	-900.794	0.2	0.0655481	-0.0096821	0.0752302	0.265548	0	-2.26949	0	104.612	0	0.0722371	0.0907797	-0.0185426	0.0722371
1200	1213.98	0	2905.99	0.2	0.0661377	-0.00838901	0.0745267	0.266138	0	-0.563539	0	-38.561	0	0.0117127	0.0225416	-0.0108289	0.0117127
1200	1238.54	0	9.00219	0.2	0.0495518	-0.0231212	0.072673	0.249552	0	-4.4437	0	116.104	0	0.183333	0.177748	0.00558487	0.183333
1200	1251.14	0	143.077	0.2	0.0404493	-0.0306823	0.0711316	0.240449	0	-1.70545	0	132.146	0	0.0871341	0.0682181	0.018916	0.0871341
1200	1235.96	0	2949.08	0.2	0.0463465	-0.0215774	0.067924	0.246347	0	-4.42774	0	-81.8961	0	0.207762	0.17711	0.0306525	0.207762
1200	1229.04	0	5099.08	0.2	0.0477594	-0.017421	0.0651804	0.247759	0	-3.28583	0	79.952	0	0.187385	0.131433	0.0559514	0.187385
1200	1239.86	0	5214	0.2	0.0385758	-0.0239134	0.0624892	0.238576	0	-1.87466	0	140.525	0	0.1464	0.0749866	0.0714137	0.1464
1200	1247.43	0	119.135	0.2	0.0308822	-0.0284583	0.0593405	0.230882	0	-2.64729	0	-107.035	0	0.19029	0.105892	0.0843985	0.19029
1200	1237.67	0	-2552.79	0.2	0.032368	-0.0226044	0.0549724	0.232368	0	-3.74344	0	73.2482	0	0.250483	0.149738	0.100745	0.250483
1200	1253.01	0	-934.313	0.2	0.0198855	-0.0318083	0.0516938	0.219886	0	-3.32201	0	236.533	0	0.257328	0.13288	0.124448	0.257328
1200	1233.25	0	-2974.17	0.2	0.0281719	-0.0199476	0.0481195	0.228172	0	-2.83566	0	338.047	0	0.257806	0.113426	0.14438	0.257806
1200	1237.46	0	-2490.54	0.2	0.023312	-0.0224782	0.0457901	0.223312	0	-0.338988	0	246.349	0	0.173842	0.0135595	0.160283	0.173842
1200	1242	0	1809.44	0.2	0.0169042	-0.0252026	0.0421068	0.216904	0	-2.30887	0	168.777	0	0.247609	0.0923547	0.155255	0.247609
1200	1241.89	0	837.396	0.2	0.0131181	-0.0251322	0.0382503	0.213118	0	0.616687	0	141.962	0	0.152211	-0.0246675	0.176879	0.152211
1200	1264.03	0	-1307.81	0.2	-0.0040797	-0.0384183	0.0343386	0.19592	0	6.09212	0	132.864	0	-0.0790915	-0.243685	0.164594	-0.0790915
1200	1230.27	0	483.054	0.2	0.0106778	-0.0181629	0.0288407	0.210678	0	3.18147	0	126.878	0	0.00395869	-0.127259	0.131217	0.00395869
1200	1249.13	0	2819.8	0.2	-0.00342197	-0.0294788	0.0260568	0.196578	0	2.40139	0	-28.266	0	0.0152876	-0.0960557	0.111343	0.0152876
1200	1230.69	0	-714.047	0.2	0.00393071	-0.0184125	0.0223432	0.203931	0	5.39612	0	255.208	0	-0.128763	-0.215845	0.0870823	-0.128763
1200	1226.26	0	-441.108	0.2	0.00470596	-0.015757	0.020463	0.204706	0	-1.25316	0	23.6882	0	0.125102	0.0501263	0.0749759	0.125102
1200	1198.55	0	-1049.23	0.2	0.0197333	0.000869824	0.0188635	0.219733	0	7.77467	0	74.4453	0	-0.249742	-0.310987	0.0612444	-0.249742
1200	1221.76	0	2800.64	0.2	0.00528908	-0.0130578	0.0183468	0.205289	0	0.427254	0	-5.04219	0	0.0116114	-0.0170902	0.0287016	0.0116114
1200	1214.62	0	7526.8	0.2	0.00833326	-0.00877031	0.0171036	0.208333	0	2.05658	0	-232.013	0	-0.0587432	-0.0822633	0.0235201	-0.0587432
1200	1193.48	0	-3917.49	0.2	0.0210761	0.0039126	0.0171635	0.221076	0	1.60748	0	111.795	0	-0.054268	-0.0642992	0.0100312	-0.054268
1200	1205.65	0	1086.39	0.2	0.0147002	-0.00339038	0.0180906	0.2147	0	1.52553	0	-85.4874	0	-0.0587194	-0.0610214	0.00230195	-0.0587194
1200	1201.47	0	416.016	0.2	0.016599	-0.000884766	0.0174838	0.216599	0	0.944468	0	96.7114	0	-0.0440042	-0.0377787	-0.00622549	-0.0440042
1200	1209.14	0	559.669	0.2	0.0119052	-0.00548254	0.0173878	0.211905	0	0.805054	0	-30.1813	0	-0.0437401	-0.0322022	-0.0115379	-0.0437401
1200	1203.76	0	3700.86	0.2	0.0149108	-0.00225688	0.0171677	0.214911	0	0.449603	0	-153.962	0	-0.0339086	-0.0179841	-0.0159245	-0.0339086
1200	1188.77	0	3820.57	0.2	0.0242294	0.00673799	0.0174914	0.224229	0	0.365529	0	-136.723	0	-0.0329431	-0.0146212	-0.018322	-0.0329431
1200	1211.59	0	1713.67	0.2	0.0099369	-0.0069564	0.0168933	0.209937	0	-1.24784	0	30.6314	0	0.0270293	0.0499134	-0.0228841	0.0270293
1200	1213.26	0	1330.6	0.2	0.00762748	-0.0079571	0.0155846	0.207627	0	0.932761	0	-57.4752	0	-0.0535568	-0.0373105	-0.0162463	-0.0535568
1200	1204.95	0	2475.03	0.2	0.0117563	-0.00296777	0.0147241	0.211756	0	-0.415612	0	-228.421	0	-0.00415847	0.0166245	-0.0207829	-0.00415847
1200	1190.16	0	-3256.69	0.2	0.0205982	0.00590376	0.0146944	0.220598	0	-0.0473899	0	132.146	0	-0.0164895	0.0018956	-0.0183851	-0.0164895
1200	1188.07	0	1617.91	0.2	0.0214939	0.00715869	0.0143352	0.221494	0	-0.57631	0	111.795	0	0.00474416	0.0230524	-0.0183082	0.00474416
1200	1189.75	0	2125.48	0.2	0.0219095	0.00614971	0.0157598	0.221909	0	-3.26348	0	-112.302	0	0.108901	0.130539	-0.021638	0.108901
1200	1219.83	0	-4961.36	0.2	0.00340644	-0.0118994	0.0153058	0.203406	0	-7.75132	0	-2.64797	0	0.309866	0.310053	-0.000186227	0.309866
1200	1208.84	0	3049.64	0.2	0.0094018	-0.00530662	0.0147084	0.209402	0	3.80617	0	-85.0085	0	-0.115011	-0.152247	0.0372353	-0.115011
1200	1207.6	0	2259.55	0.2	0.00851573	-0.00456072	0.0130764	0.208516	0	0.623072	0	20.5758	0	-0.00853554	-0.0249229	0.0163873	-0.00853554
1200	1187.78	0	2202.09	0.2	0.0193493	0.00733242	0.0120169	0.219349	0	-0.146363	0	154.412	0	0.020866	0.00585452	0.0150115	0.020866
1200	1233.46	0	583.611	0.2	-0.00813458	-0.0200744	0.0119399	0.191865	0	0.402777	0	194.874	0	-0.000882313	-0.0161111	0.0152288	-0.000882313
1200	1213.14	0	2810.22	0.2	0.00232323	-0.00788306	0.0102063	0.202323	0	0.217602	0	-154.919	0	0.00401544	-0.00870408	0.0127195	0.00401544
1200	1210.79	0	-896.006	0.2	0.0031619	-0.00647373	0.00963563	0.203162	0	-0.0750598	0	-120.922	0	0.0149591	0.00300239	0.0119567	0.0149591
1200	1199.29	0	-1805.8	0.2	0.00881577	0.000425024	0.00839075	0.208816	0	0.139914	0	78.7549	0	0.00674343	-0.00559655	0.01234	0.00674343
1200	1217.24	0	2613.89	0.2	-0.0020257	-0.0103445	0.00831881	0.197974	0	-0.25385	0	-178.861	0	0.0221047	0.010154	0.0119507	0.0221047
1200	1206.11	0	-484.203	0.2	0.00370396	-0.00366563	0.00736958	0.203704	0	-0.139978	0	89.2894	0	0.0188973	0.0055991	0.0132982	0.0188973
1200	1209.47	0	894.857	0.2	0.00147678	-0.00567905	0.00715583	0.201477	0	0.0345554	0	63.432	0	0.012344	-0.00138222	0.0137262	0.012344
1200	1201.07	0	1833.38	0.2	0.00532403	-0.000644238	0.00596827	0.205324	0	-0.128271	0	-41.9129	0	0.0187582	0.00513084	0.0136274	0.0187582
1200	1227.69	0	-158.592	0.2	-0.0113783	-0.0166118	0.00523354	0.188622	0	0.263364	0	-55.5598	0	0.00344104	-0.0105346	0.0139756	0.00344104
1200	1219.43	0	4548.41	0.2	-0.00782734	-0.0116553	0.00382799	0.192173	0	-1.3383	0	-92.1911	0	0.064698	0.0535318	0.0111662	0.064698
1200	1197.75	0	3437.5	0.2	0.00406084	0.0013522	0.00270864	0.204061	0	-0.612494	0	-19.4074	0	0.0461669	0.0244997	0.0216671	0.0461669
1200	1189.69	0	-6378.73	0.2	0.00864833	0.00618523	0.0024631	0.208648	0	6.45928	0	237.251	0	-0.231117	-0.258371	0.0272545	-0.231117
1200	1182.01	0	-666.163	0.2	0.0144718	0.0107928	0.00367894	0.214472	0	3.2996	0	54.334	0	-0.150372	-0.131984	-0.0183878	-0.150372
1200	1214.27	0	76.0398	0.2	-0.00397319	-0.00856318	0.00458999	0.196027	0	-7.22452	0	-1.69031	0	0.273974	0.288981	-0.0150066	0.273974
1200	1209.68	0	133.501	0.2	-0.00257756	-0.00580781	0.00323025	0.197422	0	-1.87679	0	-119.246	0	0.092222	0.0750717	0.0171503	0.092222
1200	1210.52	0	2810.22	0.2	-0.00433755	-0.00631106	0.00197351	0.195662	0	2.88136	0	-38.3216	0	-0.0961946	-0.115254	0.0190597	-0.0961946
1200	1194.51	0	-1030.08	0.2	0.00488857	0.00329568	0.00159289	0.204889	0	-4.3426	0	61.2772	0	0.193457	0.173704	0.0197527	0.193457
1200	1228.01	0	-1944.67	0.2	-0.0154397	-0.0168046	0.00136489	0.18456	0	2.59721	0	145.553	0	-0.0690214	-0.103888	0.034867	-0.0690214
1200	1216.77	0	923.587	0.2	-0.0103198	-0.0100636	-0.000256213	0.18968	0	0.530484	0	123.287	0	-0.00232834	-0.0212194	0.018891	-0.00232834
1200	1211.71	0	1819.02	0.2	-0.00886297	-0.00702466	-0.00183831	0.191137	0	-3.19218	0	-42.3917	0	0.151942	0.127687	0.0242549	0.151942
1200	1232.96	0	957.106	0.2	-0.0228197	-0.0197741	-0.00304564	0.17718	0	1.71284	0	-142.469	0	-0.0339493	-0.0685135	0.0345643	-0.0339493
1200	1222.38	0	1024.14	0.2	-0.0188745	-0.0134281	-0.0054464	0.181126	0	0.139914	0	47.3908	0	0.020651	-0.00559655	0.0262475	0.020651
1200	1209.73	0	-421.954	0.2	-0.0124285	-0.00583623	-0.00659227	0.187571	0	0.850816	0	-45.0254	0	-0.00919928	-0.0340326	0.0248334	-0.00919928
1200	1243	0	-2394.78	0.2	-0.0335391	-0.0257988	-0.00774036	0.166461	0	0.759293	0	64.3897	0	-0.0119395	-0.0303717	0.0184322	-0.0119395
1200	1225.64	0	2293.07	0.2	-0.0267163	-0.0153854	-0.0113309	0.173284	0	1.06792	0	31.1103	0	-0.0281059	-0.0427167	0.0146108	-0.0281059
1200	1217.7	0	3648.19	0.2	-0.0238096	-0.0106183	-0.0131914	0.17619	0	0.842302	0	-87.1633	0	-0.0239819	-0.0336921	0.00971023	-0.0239819
1200	1211.51	0	-292.667	0.2	-0.0208808	-0.00690645	-0.0139744	0.179119	0	0.0132709	0	-52.9262	0	0.00534519	-0.000530835	0.00587602	0.00534519
1200	1227.3	0	-402.801	0.2	-0.0310828	-0.0163813	-0.0147014	0.168917	0	0.0505188	0	43.3207	0	0.00385227	-0.00202075	0.00587302	0.00385227
1200	1212	0	1498.2	0.2	-0.0237051	-0.00720176	-0.0165034	0.176295	0	1.17966	0	-154.44	0	-0.0438482	-0.0471865	0.00333823	-0.0438482
1200	1225.95	0	-2294.22	0.2	-0.0328239	-0.0155703	-0.0172537	0.167176	0	-0.326217	0	-136.484	0	0.0109947	0.0130487	-0.00205401	0.0109947
1200	1198.15	0	-3046	0.2	-0.0177301	0.00111292	-0.018843	0.18227	0	0.114372	0	246.828	0	-0.00414481	-0.00457489	0.000430082	-0.00414481
1200	1189.85	0	2197.3	0.2	-0.0119829	0.00608701	-0.0180699	0.188017	0	-0.217666	0	-134.329	0	0.00852073	0.00870664	-0.000185913	0.00852073
1200	1185.49	0	-1264.71	0.2	-0.00856676	0.00870315	-0.0172699	0.191433	0	-0.353887	0	25.6036	0	0.0145604	0.0141555	0.000404923	0.0145604
1200	1214.83	0	-1159.37	0.2	-0.026199	-0.00890039	-0.0172986	0.173801	0	-0.315575	0	175.959	0	0.0156876	0.012623	0.00306461	0.0156876
1200	1208.22	0	5807.76	0.2	-0.023883	-0.00493447	-0.0189485	0.176117	0	-2.04281	0	-231.294	0	0.0865971	0.0817125	0.00488463	0.0865971
1200	1215.94	0	-5076.28	0.2	-0.0290908	-0.00956191	-0.0195289	0.170909	0	-0.323024	0	238.448	0	0.02906	0.012921	0.016139	0.02906
1200	1200.92	0	4428.7	0.2	-0.0208238	-0.000553564	-0.0202702	0.179176	0	6.43055	0	-29.463	0	-0.244828	-0.257222	0.0123942	-0.244828
1200	1198.78	0	-1638.21	0.2	-0.0196712	0.000730151	-0.0204014	0.180329	0	1.39038	0	-61.7848	0	-0.0786371	-0.0556151	-0.023022	-0.0786371
1200	1193.33	0	-1480.19	0.2	-0.0161172	0.00400188	-0.0201191	0.183883	0	-4.03291	0	101.26	0	0.145475	0.161317	-0.0158415	0.145475
1200	1209.81	0	1249.2	0.2	-0.0260675	-0.00588787	-0.0201797	0.173932	0	0.724173	0	-105.838	0	-0.0290045	-0.0289669	-3.75198e-05	-0.0290045
1200	1220.79	0	1067.24	0.2	-0.0341278	-0.0124729	-0.0216549	0.165872	0	-2.74733	0	-164.735	0	0.11764	0.109893	0.00774642	0.11764
1200	1192.49	0	1316.24	0.2	-0.0182795	0.0045071	-0.0227866	0.181721	0	0.786963	0	90.0076	0	-0.0148116	-0.0314785	0.0166669	-0.0148116
1200	1203.78	0	-1063.6	0.2	-0.023845	-0.00226882	-0.0215762	0.176155	0	-0.485851	0	73.7271	0	0.0331543	0.019434	0.0137203	0.0331543
1200	1200.78	0	1397.64	0.2	-0.0224205	-0.000465674	-0.0219549	0.177579	0	-2.7037	0	-89.7969	0	0.118286	0.108148	0.0101383	0.118286
1200	1203.9	0	-1911.15	0.2	-0.0243342	-0.00233877	-0.0219954	0.175666	0	-3.08362	0	139.328	0	0.149824	0.123345	0.0264786	0.149824
1200	1207.35	0	-2571.95	0.2	-0.0269953	-0.00440896	-0.0225864	0.173005	0	1.92994	0	28.9555	0	-0.0392795	-0.0771976	0.0379182	-0.0392795
1200	1209.32	0	-3994.1	0.2	-0.0292768	-0.0055949	-0.0236819	0.170723	0	-0.85088	0	180.748	0	0.0679244	0.0340352	0.0338892	0.0679244
1200	1198.37	0	2020.13	0.2	-0.0230913	0.000976465	-0.0240678	0.176909	0	-1.07437	0	133.343	0	0.0819883	0.0429747	0.0390136	0.0819883
1200	1202.24	0	200.538	0.2	-0.0255009	-0.00134458	-0.0241563	0.174499	0	0.902963	0	29.9132	0	0.00329119	-0.0361185	0.0394097	0.00329119
1200	1193.57	0	-4223.95	0.2	-0.0202131	0.00385994	-0.0240731	0.179787	0	0.115437	0	109.879	0	0.0312805	-0.00461746	0.035898	0.0312805
1200	1213.23	0	-2935.87	0.2	-0.0315036	-0.00793726	-0.0235664	0.168496	0	0.341052	0	74.2059	0	0.0212408	-0.0136421	0.0348829	0.0212408
1200	1212.67	0	641.071	0.2	-0.0321089	-0.00760225	-0.0245066	0.167891	0	0.329346	0	-117.57	0	0.0199501	-0.0131738	0.0331239	0.0199501
1200	1178.86	0	2498.97	0.2	-0.012545	0.0126843	-0.0252293	0.187455	0	0.190996	0	-102.247	0	0.0235271	-0.00763986	0.031167	0.0235271
1200	1195.55	0	-2634.2	0.2	-0.0218504	0.0026688	-0.0245192	0.17815	0	-4.20213	0	171.171	0	0.204456	0.168085	0.0363712	0.204456
1200	1186.37	0	-225.63	0.2	-0.0155627	0.00817939	-0.0237421	0.184437	0	1.13603	0	2.37984	0	0.00660314	-0.0454411	0.0520443	0.00660314
1200	1198.24	0	947.529	0.2	-0.0217638	0.00105725	-0.022821	0.178236	0	1.23181	0	-91.2335	0	-0.00416556	-0.0492723	0.0451068	-0.00416556
1200	1210.81	0	-2993.33	0.2	-0.0296849	-0.00648699	-0.0231979	0.170315	0	0.956174	0	240.124	0	-0.00109614	-0.038247	0.0371508	-0.00109614
1200	1197.82	0	6779.8	0.2	-0.0228347	0.00131001	-0.0241447	0.177165	0	0.379364	0	-116.133	0	0.0173662	-0.0151746	0.0325408	0.0173662
1200	1202.61	0	660.225	0.2	-0.0255259	-0.00156387	-0.0239621	0.174474	0	0.252722	0	-47.1801	0	0.0201781	-0.0101089	0.030287	0.0201781
1200	1207.52	0	-2801.79	0.2	-0.028901	-0.00450952	-0.0243915	0.171099	0	2.45354	0	96.9508	0	-0.0700733	-0.0981416	0.0280682	-0.0700733
1200	1222.07	0	-1700.46	0.2	-0.0381114	-0.0132415	-0.0248699	0.161889	0	-0.567796	0	35.4198	0	0.0525841	0.0227118	0.0298723	0.0525841
1200	1212.11	0	157.443	0.2	-0.0343253	-0.00726687	-0.0270585	0.165675	0	1.78095	0	-164.975	0	-0.0436642	-0.071238	0.0275738	-0.0436642
1200	1182.29	0	-2126.63	0.2	-0.0170426	0.0106243	-0.0276669	0.182957	0	1.02322	0	-13.9007	0	-0.0222944	-0.0409288	0.0186345	-0.0222944
1200	1200.45	0	-527.299	0.2	-0.0262891	-0.000270557	-0.0260185	0.173711	0	1.49042	0	71.5723	0	-0.0475493	-0.0596166	0.0120673	-0.0475493
1200	1191.04	0	-48.4586	0.2	-0.020166	0.00537598	-0.0255419	0.179834	0	1.61387	0	40.2082	0	-0.0615862	-0.0645546	0.00296839	-0.0615862
1200	1215.14	0	799.089	0.2	-0.0343447	-0.0090846	-0.0252601	0.165655	0	0.0888309	0	-34.7303	0	-0.00804913	-0.00355324	-0.0044959	-0.00804913
1200	1211.04	0	248.422	0.2	-0.0338959	-0.00662183	-0.0272741	0.166104	0	-0.157005	0	-150.37	0	0.00247412	0.00628021	-0.00380609	0.00247412
1200	1209.04	0	2436.72	0.2	-0.0332418	-0.0054219	-0.0278199	0.166758	0	0.0558399	0	-48.3772	0	-0.00594052	-0.0022336	-0.00370692	-0.00594052
1200	1198.44	0	-249.572	0.2	-0.0266812	0.000937354	-0.0276186	0.173319	0	0.042005	0	104.852	0	-0.00562957	-0.0016802	-0.00394937	-0.00562957
1200	1206.3	0	-1398.79	0.2	-0.0307222	-0.00378018	-0.026942	0.169278	0	-0.139978	0	-48.1378	0	0.00216713	0.0055991	-0.00343197	0.00216713
1200	1202.76	0	-1101.91	0.2	-0.0291323	-0.00165374	-0.0274785	0.170868	0	-0.25385	0	-85.2479	0	0.00772152	0.010154	-0.00243247	0.00772152
1200	1235.34	0	-369.282	0.2	-0.0493878	-0.0212069	-0.0281809	0.150612	0	-0.100601	0	81.6279	0	0.00287842	0.00402405	-0.00114563	0.00287842
1200	1224.74	0	2867.68	0.2	-0.0454354	-0.0148442	-0.0305912	0.154565	0	-0.230437	0	-37.6033	0	0.00880635	0.00921747	-0.000411122	0.00880635
1200	1189.81	0	3317.79	0.2	-0.025415	0.00611462	-0.0315296	0.174585	0	-0.242143	0	-117.091	0	0.0108073	0.00968573	0.00112155	0.0108073
1200	1182.67	0	-613.49	0.2	-0.0211635	0.0103997	-0.0315633	0.178836	0	-0.0931516	0	119.935	0	0.00535864	0.00372607	0.00163257	0.00535864
1200	1224.39	0	-81.9775	0.2	-0.0453803	-0.0146318	-0.0307485	0.15462	0	-0.451796	0	-77.8259	0	0.0209402	0.0180718	0.00286833	0.0209402
1200	1205.91	0	-2643.77	0.2	-0.0356584	-0.00354807	-0.0321103	0.164342	0	-0.174033	0	22.0123	0	0.0125787	0.00696131	0.00561742	0.0125787
1200	1197.82	0	-943.89	0.2	-0.030972	0.00130781	-0.0322798	0.169028	0	-0.295354	0	-17.7315	0	0.0183513	0.0118142	0.0065371	0.0183513
1200	1150.58	0	-3639.76	0.2	-0.00207393	0.0296504	-0.0317243	0.197926	0	-0.647613	0	-59.8694	0	0.0353567	0.0259045	0.0094522	0.0353567
1200	1167.96	0	-2174.51	0.2	-0.0090239	0.0192212	-0.0282451	0.190976	0	-0.19106	0	59.1224	0	0.0203066	0.00764241	0.0126642	0.0203066
1200	1195.99	0	-790.661	0.2	-0.0239441	0.00240425	-0.0263483	0.176056	0	-0.0729314	0	109.161	0	0.0166065	0.00291725	0.0136893	0.0166065
1200	1205.04	0	1546.08	0.2	-0.0288854	-0.00302139	-0.025864	0.171115	0	-0.0910232	0	-35.2091	0	0.0178923	0.00364093	0.0142514	0.0178923
1200	1199.41	0	3073.58	0.2	-0.0266271	0.000354272	-0.0269814	0.173373	0	-0.1304	0	-114.936	0	0.0198666	0.00521598	0.0146506	0.0198666
1200	1204.67	0	1737.62	0.2	-0.0301301	-0.00280188	-0.0273282	0.16987	0	-0.113372	0	154.891	0	0.020086	0.00453488	0.0155512	0.020086
1200	1213.74	0	846.973	0.2	-0.0348618	-0.00824238	-0.0266194	0.165138	0	-0.0165274	0	21.7729	0	0.0168095	0.000661097	0.0161484	0.0168095
1200	1184.5	0	-1542.44	0.2	-0.0177444	0.00930015	-0.0270446	0.182256	0	-0.133592	0	-102.726	0	0.0213614	0.00534369	0.0160177	0.0213614
1200	1200.69	0	-1767.5	0.2	-0.0264823	-0.000413818	-0.0260684	0.173518	0	-0.265556	0	67.0233	0	0.0280194	0.0106222	0.0173971	0.0280194
1200	1198.39	0	-417.166	0.2	-0.0258363	0.000965039	-0.0268013	0.174164	0	-0.236822	0	29.1949	0	0.0282654	0.00947288	0.0187925	0.0282654
1200	1186.41	0	-785.873	0.2	-0.0182002	0.00815654	-0.0263567	0.1818	0	-0.158069	0	-83.572	0	0.0261627	0.00632277	0.0198399	0.0261627
1200	1192.83	0	-790.661	0.2	-0.0209054	0.00430269	-0.0252081	0.179095	0	-0.0857021	0	71.8117	0	0.0243313	0.00342808	0.0209032	0.0243313
1200	1189.3	0	1526.93	0.2	-0.0178929	0.00641851	-0.0243114	0.182107	0	-0.257042	0	-100.092	0	0.0316928	0.0102817	0.0214111	0.0316928
1200	1189.59	0	947.529	0.2	-0.0171649	0.00624448	-0.0234094	0.182835	0	-0.28152	0	17.4633	0	0.0344184	0.0112608	0.0231577	0.0344184
1200	1223.24	0	-211.264	0.2	-0.0372222	-0.0139463	-0.0232759	0.162778	0	-0.0282339	0	171.41	0	0.0255707	0.00112936	0.0244413	0.0255707
1200	1213.62	0	540.515	0.2	-0.0324078	-0.00817119	-0.0242366	0.167592	0	0.440025	0	-104.88	0	0.00635201	-0.017601	0.023953	0.00635201
1200	1180.99	0	-48.4586	0.2	-0.0130585	0.0114035	-0.024462	0.186942	0	-0.235758	0	-70.4039	0	0.0320394	0.00943031	0.0226091	0.0320394
1200	1184.68	0	-383.647	0.2	-0.0147667	0.00919321	-0.0239599	0.185233	0	0.740137	0	116.823	0	-0.00579893	-0.0296055	0.0238065	-0.00579893
1200	1192.92	0	760.782	0.2	-0.018657	0.00424717	-0.0229042	0.181343	0	4.41384	0	59.1224	0	-0.157651	-0.176554	0.0189028	-0.157651
1200	1212.83	0	-2988.54	0.2	-0.030711	-0.00769871	-0.0230123	0.169289	0	6.0304	0	-65.6155	0	-0.253796	-0.241216	-0.01258	-0.253796
1200	1205.78	0	-2184.09	0.2	-0.0271826	-0.00346919	-0.0237134	0.172817	0	0.59753	0	144.835	0	-0.0605219	-0.0239012	-0.0366207	-0.0605219
1200	1195.39	0	1565.23	0.2	-0.0216518	0.00276855	-0.0244203	0.178348	0	0.705017	0	-205.676	0	-0.068215	-0.0282007	-0.0400143	-0.068215
1200	1197.9	0	669.802	0.2	-0.024012	0.00126292	-0.0252749	0.175988	0	0.143106	0	-14.1402	0	-0.0488672	-0.00572425	-0.0431429	-0.0488672
1200	1205.98	0	6717.56	0.2	-0.0284056	-0.00358726	-0.0248184	0.171594	0	-0.85833	0	-363.454	0	-0.00884147	0.0343332	-0.0431747	-0.00884147
1200	1197.46	0	-2461.81	0.2	-0.0237621	0.00152102	-0.0252831	0.176238	0	-1.11055	0	76.3607	0	0.00752118	0.044422	-0.0369009	0.00752118
1200	1197.44	0	-1188.1	0.2	-0.0238641	0.00153677	-0.0254009	0.176136	0	-0.730623	0	89.5288	0	-0.00177889	0.0292249	-0.0310038	-0.00177889
1200	1191.85	0	2551.64	0.2	-0.0204984	0.00488943	-0.0253878	0.179502	0	-0.899834	0	-34.012	0	0.00964469	0.0359934	-0.0263487	0.00964469
1200	1186.49	0	1483.83	0.2	-0.0161965	0.00810718	-0.0243037	0.183804	0	-1.17973	0	-102.007	0	0.0265969	0.047189	-0.0205921	0.0265969
1200	1192.89	0	813.454	0.2	-0.019085	0.00426738	-0.0233524	0.180915	0	-1.29892	0	-60.5877	0	0.0385069	0.0519568	-0.0134499	0.0385069
1200	1220.72	0	-77.1891	0.2	-0.0356723	-0.0124308	-0.0232415	0.164328	0	-0.910477	0	114.189	0	0.0302742	0.0364191	-0.00614485	0.0302742
1200	1203.34	0	-1470.61	0.2	-0.0272428	-0.00200317	-0.0252396	0.172757	0	1.95974	0	120.414	0	-0.0796654	-0.0783895	-0.00127583	-0.0796654
1200	1180.86	0	2465.45	0.2	-0.0131848	0.011485	-0.0246697	0.186815	0	-0.0857021	0	-274.629	0	-0.0155988	0.00342808	-0.0190269	-0.0155988
1200	1173.4	0	-6728.28	0.2	-0.00696575	0.0159592	-0.0229249	0.193034	0	4.15098	0	189.606	0	-0.183763	-0.166039	-0.0177241	-0.183763
1200	1202.47	0	-996.563	0.2	-0.022322	-0.00148484	-0.0208372	0.177678	0	-2.75478	0	62.4743	0	0.0747447	0.110191	-0.0354465	0.0747447
1200	1204.75	0	1948.31	0.2	-0.023943	-0.00285066	-0.0210924	0.176057	0	-2.0641	0	12.4355	0	0.0683233	0.0825639	-0.0142405	0.0683233
1200	1224.09	0	3509.33	0.2	-0.0364161	-0.0144533	-0.0219627	0.163584	0	1.6724	0	-197.057	0	-0.0793196	-0.0668959	-0.0124237	-0.0793196
1200	1182.99	0	-1192.89	0.2	-0.013148	0.0102034	-0.0233515	0.186852	0	0.198446	0	-43.3494	0	-0.0284165	-0.00793784	-0.0204786	-0.0284165
1200	1213.35	0	339.402	0.2	-0.0303211	-0.00800845	-0.0223126	0.169679	0	-0.776384	0	159.2	0	0.00969575	0.0310554	-0.0213596	0.00969575
1200	1210.62	0	3538.06	0.2	-0.030001	-0.00637471	-0.0236263	0.169999	0	-1.21378	0	-69.6856	0	0.0332547	0.0485512	-0.0152965	0.0332547
1200	1203.28	0	1493.41	0.2	-0.0263966	-0.0019678	-0.0244288	0.173603	0	-1.34042	0	-151.567	0	0.045651	0.0536169	-0.00796596	0.045651
1200	1213.36	0	-3807.36	0.2	-0.0335877	-0.00801394	-0.0255738	0.166412	0	-1.15206	0	99.5844	0	0.0459641	0.0460822	-0.000118168	0.0459641
1200	1188.02	0	-3462.59	0.2	-0.0192393	0.00718799	-0.0264273	0.180761	0	-0.685925	0	117.78	0	0.0333564	0.027437	0.00591937	0.0333564
1200	1182.26	0	631.495	0.2	-0.0142672	0.0106447	-0.0249118	0.185733	0	-1.07969	0	-34.9697	0	0.0536503	0.0431875	0.0104627	0.0536503
1200	1190.17	0	-1106.7	0.2	-0.0177115	0.00589966	-0.0236112	0.182288	0	-1.06266	0	49.785	0	0.0594473	0.0425064	0.0169409	0.0594473
1200	1201.11	0	2340.95	0.2	-0.0245143	-0.0006646	-0.0238497	0.175486	0	-0.801926	0	1.18274	0	0.0545638	0.032077	0.0224867	0.0545638
1200	1215.79	0	655.437	0.2	-0.0341183	-0.00947336	-0.024645	0.165882	0	-1.04776	0	-24.9141	0	0.0695855	0.0419105	0.027675	0.0695855
1200	1216.97	0	-570.395	0.2	-0.0361625	-0.0101824	-0.0259801	0.163837	0	2.55145	0	129.033	0	-0.0685593	-0.102058	0.0334987	-0.0685593
1200	1192.52	0	195.75	0.2	-0.0222948	0.00449041	-0.0267852	0.177705	0	0.279327	0	-59.63	0	0.00862281	-0.0111731	0.0197959	0.00862281
1200	1187.67	0	-1710.03	0.2	-0.0183174	0.00740098	-0.0257184	0.181683	0	-0.894513	0	-13.6613	0	0.0560779	0.0357805	0.0202973	0.0560779
1199.75	1176.91	-497.937	-2433.08	0.185021	-0.0108597	0.0137032	-0.0245629	0.174161	0	-0.383685	0	165.425	0	0.0412257	0.0153474	0.0258783	0.0412257
1197.76	1205.68	-1497.92	693.744	0.154688	-0.0278663	-0.00475452	-0.0231118	0.126822	0	0.0728675	0	46.1937	0	0.0236694	-0.0029147	0.0265841	0.0236694
1193.76	1212.78	-2497.91	320.248	0.124023	-0.0347129	-0.0114105	-0.0233023	0.0893098	0	-0.908348	0	-158.989	0	0.0639878	0.0363339	0.0276538	0.0639878
1187.76	1186.39	-3497.9	-2313.37	0.0930238	-0.0242593	0.000825293	-0.0250846	0.0687645	0	-0.628457	0	119.456	0	0.0581017	0.0251383	0.0329634	0.0581017
1179.77	1173.33	-4497.89	2326.59	0.0616916	-0.0207847	0.00386631	-0.024651	0.0409069	0	-0.3773	0	-18.9286	0	0.0514399	0.015092	0.0363479	0.0514399
1169.77	1180.67	-5497.87	-2452.24	0.030026	-0.0308522	-0.0065395	-0.0243127	-0.000826143	0	-0.260235	0	11.9567	0	0.0479835	0.0104094	0.0375741	0.0479835
1158.03	1162	-6000	-4937.42	0.0130043	-0.0275385	-0.00238586	-0.0251527	-0.0145343	0	0.128207	0	113.231	0	0.0326216	-0.00512829	0.0377498	0.0326216
1146.03	1114.46	-6000	329.825	0.0110043	-0.00614192	0.0189393	-0.0250812	0.00486238	0	0.203767	0	-64.179	0	0.0297749	-0.00815069	0.0379256	0.0297749
1134.03	1091.98	-6000	554.88	0.00900433	0.00254836	0.0252292	-0.0226809	0.0115527	0	2.31413	0	-128.104	0	-0.0614683	-0.092565	0.0310967	-0.0614683
1122.03	1061.11	-6000	-5904.68	0.00700435	0.0178121	0.0365512	-0.0187392	0.0248164	0	7.54373	0	243.715	0	-0.296478	-0.301749	0.00527133	-0.296478
1110.03	1041.51	-6000	-3879.18	0.00500437	0.0263766	0.0411078	-0.0147313	0.0313809	0	1.39251	0	-81.1778	0	-0.0919495	-0.0557003	-0.0362492	-0.0919495
1098.03	1043.03	-6000	-5210.36	0.00300441	0.0238676	0.0329982	-0.00913061	0.026872	0	-0.76787	0	-35.688	0	-0.00623023	0.0307148	-0.036945	-0.00623023
1086.03	1057.78	-6000	-2811.37	0.00100443	0.011628	0.016946	-0.00531802	0.0126324	0	1.2648	0	235.096	0	-0.0870835	-0.050592	-0.0364915	-0.0870835
1074.03	1047.82	-6000	813.454	-0.000995552	0.0125101	0.0157231	-0.00321301	0.0115146	0	0.513457	0	-336.16	0	-0.063731	-0.0205383	-0.0431927	-0.063731
1062.03	1059.68	-6000	-335.763	-0.00299551	-0.000927606	0.00140588	-0.00233349	-0.00392312	0	-0.523099	0	-309.824	0	-0.0248802	0.0209239	-0.0458041	-0.0248802
1050.03	1049.33	-6000	-5382.74	-0.00499549	-0.00152456	0.000419385	-0.00194395	-0.00652005	0	-0.555025	0	428.787	0	-0.0196025	0.022201	-0.0418035	-0.0196025
1038.03	1009.43	-6000	305.883	-0.00699547	0.0154094	0.0171589	-0.00174948	0.0084139	0	-0.843431	0	-180.058	0	-0.00523421	0.0337372	-0.0389714	-0.00523421
1026.03	974.338	-6000	2053.65	-0.00899545	0.0321218	0.0310136	0.00110825	0.0231264	0	1.61493	0	-452.997	0	-0.104715	-0.0645972	-0.0401174	-0.104715
1014.03	975.239	-6000	-5468.93	-0.0109954	0.0288739	0.0232731	0.0056008	0.0178785	0	-2.11305	0	331.822	0	0.0472335	0.084522	-0.0372885	0.0472335
1002.03	983.75	-6000	-4516.04	-0.0129954	0.0198781	0.0109667	0.00891143	0.00688274	0	0.848688	0	66.5444	0	-0.0650165	-0.0339475	-0.031069	-0.0650165
990.028	969.41	-6000	-4415.48	-0.0149954	0.0228437	0.0123707	0.010473	0.00784835	0	-1.54369	0	-378.777	0	0.0294752	0.0617476	-0.0322724	0.0294752
978.028	978.758	-6000	-11545.4	-0.0169953	0.0112656	-0.000438208	0.0117038	-0.0057297	0	-0.909412	0	358.637	0	0.0131523	0.0363765	-0.0232242	0.0131523
966.028	995.87	-6000	23.3674	-0.0189953	-0.00636631	-0.0179054	0.0115391	-0.0253616	0	-0.213409	0	-117.33	0	-0.00923136	0.00853636	-0.0177677	-0.00923136
954.028	970.14	-6000	-3591.88	-0.0209953	-0.000570864	-0.0096668	0.00909593	-0.0215662	0	-0.420933	0	-26.59	0	-0.000866355	0.0168373	-0.0177037	-0.000866355
942.029	988.214	-6000	-4372.39	-0.0229953	-0.0202138	-0.0277111	0.00749731	-0.043209	0	0.686925	0	-51.0109	0	-0.0429456	-0.027477	-0.0154686	-0.0429456
930.029	947.391	-6000	-5804.12	-0.0249952	-0.00582637	-0.0104176	0.00459127	-0.0308216	0	5.38654	0	-23.2381	0	-0.234889	-0.215462	-0.0194273	-0.234889
918.029	936.017	-6000	-2437.87	-0.0269952	-0.00740801	-0.0107927	0.00338467	-0.0344032	0	-2.11092	0	67.7415	0	0.0440977	0.0844369	-0.0403392	0.0440977
906.029	920.724	-6000	-1662.15	-0.0289952	-0.00639353	-0.00881682	0.0024233	-0.0353887	0	3.77956	0	-83.572	0	-0.19707	-0.151183	-0.0458879	-0.19707
894.029	891.18	-6000	-637.432	-0.0309952	0.00320783	0.00170962	0.00149822	-0.0277873	0	-0.565668	0	5.25288	0	-0.0369096	0.0226267	-0.0595364	-0.0369096
882.029	886.491	-6000	-4836.86	-0.0329951	-0.00120259	-0.00267693	0.00147434	-0.0341977	0	-0.139978	0	45.9543	0	-0.0525993	0.0055991	-0.0581984	-0.0525993
870.029	867.92	-6000	-3309.36	-0.0349951	0.00245881	0.00126592	0.00119289	-0.0325363	0	0.0632895	0	-4.56335	0	-0.0590856	-0.00253158	-0.056554	-0.0590856
858.03	845.35	-6000	1177.37	-0.0369951	0.00870334	0.0076077	0.00109564	-0.0282917	0	-0.320896	0	-129.062	0	-0.0445768	0.0128358	-0.0574126	-0.0445768
846.03	816.662	-6000	-5152.9	-0.0389951	0.0202835	0.0176208	0.00266274	-0.0187115	0	-1.80123	0	74.4453	0	0.0195121	0.0720493	-0.0525372	0.0195121
834.03	807.313	-6000	-5181.63	-0.040995	0.0206537	0.0160302	0.00462352	-0.0203413	0	1.92356	0	-160.665	0	-0.128748	-0.0769422	-0.0518059	-0.128748
822.03	824.272	-6000	-6067.48	-0.042995	0.00454695	-0.00134513	0.00589208	-0.0384481	0	-2.21096	0	-19.8862	0	0.0330441	0.0884384	-0.0553943	0.0330441
810.03	788.854	-6000	-7963.69	-0.044995	0.0185434	0.0127058	0.0058376	-0.0264516	0	-1.76186	0	172.608	0	0.0274294	0.0704743	-0.0430448	0.0274294
798.03	794.961	-6000	-4305.35	-0.046995	0.00920598	0.00184178	0.0073642	-0.037789	0	-1.07437	0	-66.0943	0	0.00906749	0.0429747	-0.0339072	0.00906749
786.03	828.187	-6000	-1872.84	-0.0489949	-0.0188933	-0.0252936	0.00640039	-0.0678882	0	-1.61925	0	61.0378	0	0.0387745	0.06477	-0.0259956	0.0387745
774.031	784.238	-6000	-1647.79	-0.0509949	-0.00226638	-0.00612422	0.00385784	-0.0532613	0	-0.154877	0	-130.498	0	-0.0100946	0.00619507	-0.0162896	-0.0100946
762.031	783.477	-6000	-4788.98	-0.0529949	-0.00978963	-0.0128676	0.00307799	-0.0627845	0	-0.261299	0	2.14041	0	-0.0118078	0.010452	-0.0222597	-0.0118078
750.031	726.492	-6000	-2749.12	-0.0549948	0.0163722	0.0141236	0.00224859	-0.0386227	0	1.06792	0	10.999	0	-0.0640504	-0.0427167	-0.0213337	-0.0640504
738.031	722.544	-6000	4385.6	-0.0569948	0.0137954	0.0092922	0.00450325	-0.0431994	0	-3.21133	0	-300.008	0	0.101009	0.128453	-0.0274443	0.101009
726.031	701.171	-6000	-5526.39	-0.0589948	0.0210025	0.0149164	0.00608607	-0.0379923	0	-1.69694	0	159.918	0	0.0605218	0.0678776	-0.00735576	0.0605218
714.031	697.437	-6000	-6153.67	-0.0609948	0.0182767	0.00995691	0.00831976	-0.0427181	0	0.999808	0	111.555	0	-0.031624	-0.0399923	0.00836836	-0.031624
702.032	691.22	-6000	-10990	-0.0629947	0.0155969	0.00648702	0.00910986	-0.0473979	0	0.33786	0	95.9931	0	-0.0198864	-0.0135144	-0.00637204	-0.0198864
690.032	710.862	-6000	-3184.86	-0.0649947	-0.00239366	-0.0124981	0.0101045	-0.0673884	0	-8.2366	0	73.4876	0	0.337842	0.329464	0.00837832	0.337842
678.032	691.679	-6000	-4879.96	-0.0669947	0.00044287	-0.00818855	0.00863142	-0.0665518	0	-0.216602	0	107.006	0	0.0533688	0.00866407	0.0447048	0.0533688
666.032	670.867	-6000	-4252.68	-0.0689947	0.00493316	-0.00290109	0.00783424	-0.0640615	0	3.30492	0	-162.341	0	-0.100499	-0.132197	0.031698	-0.100499
654.032	645.012	-6000	-6297.33	-0.0709946	0.0129904	0.0054119	0.00757845	-0.0580043	0	5.90589	0	61.756	0	-0.214907	-0.236235	0.0213284	-0.214907
642.032	616.855	-6000	-3295	-0.0729946	0.0235822	0.0151067	0.0084755	-0.0494124	0	2.6153	0	26.5613	0	-0.127528	-0.104612	-0.0229155	-0.127528
630.032	617.4	-6000	-666.163	-0.0749946	0.0178553	0.00757954	0.0102757	-0.0571393	0	-2.23224	0	-87.6421	0	0.0644429	0.0892898	-0.0248469	0.0644429
618.033	605.665	-6000	-5617.37	-0.0769946	0.0186456	0.00742064	0.011225	-0.0583489	0	-0.677411	0	17.7027	0	0.0119874	0.0270965	-0.0151091	0.0119874
606.033	624.855	-6000	-8308.46	-0.0789945	-0.000158033	-0.0112932	0.0111352	-0.0791526	0	-0.722109	0	271.488	0	0.0181143	0.0288843	-0.01077	0.0181143
594.033	602.757	-6000	-13211.8	-0.0809945	0.00466683	-0.00523462	0.00990145	-0.0763277	0	-0.680604	0	446.025	0	0.0202664	0.0272242	-0.00695777	0.0202664
582.033	631.877	-6000	1488.62	-0.0829945	-0.0219529	-0.0299066	0.00795371	-0.104947	0	-0.609301	0	-560.736	0	0.0211148	0.024372	-0.00325727	0.0211148
570.033	596.992	-6000	147.866	-0.0849945	-0.0119293	-0.0161753	0.00424605	-0.0969237	0	-1.40215	0	24.6459	0	0.0581798	0.0560859	0.00209385	0.0581798
558.033	555.776	-6000	-967.832	-0.0869944	0.00398079	0.00135432	0.00262647	-0.0830136	0	-1.1627	0	8.84418	0	0.0565358	0.0465079	0.0100278	0.0565358
546.034	517.863	-6000	-2859.25	-0.0889944	0.0203754	0.0169023	0.00347306	-0.068619	0	0.1314	0	-11.746	0	0.010969	-0.005256	0.016225	0.010969
534.034	493.964	-6000	-3290.21	-0.0909944	0.0298378	0.0240419	0.00579584	-0.0611566	0	-0.832788	0	61.5166	0	0.0486364	0.0333115	0.0153249	0.0486364
522.034	499.971	-6000	-2284.64	-0.0929944	0.0221054	0.0132378	0.00886758	-0.070889	0	-1.49686	0	-157.553	0	0.0825971	0.0598746	0.0227225	0.0825971
510.034	501.692	-6000	-8188.74	-0.0949943	0.0151353	0.00500504	0.0101303	-0.079859	0	-1.4543	0	53.8552	0	0.0889464	0.0581718	0.0307746	0.0889464
498.034	500.581	-6000	-9601.32	-0.0969943	0.00944719	-0.00152809	0.0109753	-0.0875471	0	-0.416676	0	170.213	0	0.0530865	0.016667	0.0364195	0.0530865
486.034	518.648	-6000	-9438.52	-0.0989943	-0.00885323	-0.0195683	0.0107151	-0.107848	0	-0.813632	0	56.7282	0	0.0720012	0.0325453	0.0394559	0.0720012
474.034	511.575	-6000	-11497.5	-0.100994	-0.0143115	-0.0225244	0.00821294	-0.115306	0	-0.183611	0	94.5566	0	0.05105	0.00734443	0.0437055	0.05105
462.035	512.015	-6000	-6780.95	-0.102994	-0.025086	-0.029988	0.00490195	-0.12808	0	0.219731	0	195.592	0	0.0355902	-0.00878922	0.0443794	0.0355902
450.035	512.222	-6000	-1427.52	-0.104994	-0.0362764	-0.0373126	0.00103617	-0.141271	0	1.3393	0	-162.341	0	-0.00962326	-0.0535718	0.0439486	-0.00962326
438.035	477.758	-6000	-7111.35	-0.106994	-0.0270697	-0.023834	-0.00323576	-0.134064	0	2.17897	0	118.02	0	-0.0510544	-0.0871588	0.0361043	-0.0510544
426.035	462.169	-6000	-8231.84	-0.108994	-0.0278849	-0.02168	-0.00620482	-0.136879	0	1.03493	0	259.038	0	-0.01617	-0.0413971	0.0252271	-0.01617
414.035	433.532	-6000	2106.32	-0.110994	-0.0202858	-0.0116979	-0.00858793	-0.13128	0	-4.9673	0	-184.847	0	0.22603	0.198692	0.0273376	0.22603
402.035	374.686	-6000	-2480.97	-0.112994	0.00710172	0.0164094	-0.00930768	-0.105892	0	2.22899	0	-69.2068	0	-0.042755	-0.0891595	0.0464045	-0.042755
390.036	340.074	-6000	-5981.29	-0.114994	0.0234777	0.0299769	-0.00649917	-0.0915164	0	0.162262	0	258.559	0	0.0367662	-0.0064905	0.0432567	0.0367662
378.036	316.331	-6000	-4784.19	-0.116994	0.0348981	0.037023	-0.00212488	-0.082096	0	1.76924	0	68.9387	0	-0.0331894	-0.0707697	0.0375803	-0.0331894
366.036	320.833	-6000	-5449.78	-0.118994	0.0296775	0.027122	0.00255551	-0.0893165	0	0.0196562	0	-106.556	0	0.0295182	-0.00078625	0.0303044	0.0295182
354.036	339.148	-6000	-4822.5	-0.120994	0.013995	0.00893306	0.00506195	-0.106999	0	0.524099	0	97.6691	0	0.0087436	-0.020964	0.0297076	0.0087436
342.036	325.304	-6000	-6531.96	-0.122994	0.0163185	0.0100393	0.00627922	-0.106675	0	1.2084	0	326.794	0	-0.022686	-0.0483358	0.0256499	-0.022686
330.036	311.127	-6000	-3002.9	-0.124994	0.019129	0.0113458	0.00778326	-0.105865	0	0.915734	0	-188.438	0	-0.018498	-0.0366294	0.0181313	-0.018498
318.036	321.087	-6000	-8705.89	-0.126994	0.00699599	-0.00183003	0.00882602	-0.119998	0	1.05302	0	205.648	0	-0.0287336	-0.0421208	0.0133872	-0.0287336
306.037	331.227	-6000	-14246.1	-0.128994	-0.00699347	-0.0151142	0.0081207	-0.135987	0	2.00337	0	277.474	0	-0.0751858	-0.0801349	0.00494913	-0.0751858
294.037	332.506	-6000	-4271.83	-0.130994	-0.0175294	-0.0230815	0.00555207	-0.148523	0	1.33185	0	-267.926	0	-0.0594701	-0.0532738	-0.00619631	-0.0594701
282.037	329.394	-6000	-6153.67	-0.132994	-0.0263961	-0.028414	0.00201786	-0.15939	0	1.65963	0	216.182	0	-0.0806587	-0.0663851	-0.0142736	-0.0806587
270.037	293.563	-6000	-5995.66	-0.134994	-0.015507	-0.0141158	-0.00139122	-0.150501	0	1.97038	0	-21.3228	0	-0.103695	-0.0788152	-0.0248795	-0.103695
258.037	260.093	-6000	-6048.33	-0.136994	-0.00395186	-0.0012336	-0.00271826	-0.140946	0	0.112244	0	-140.554	0	-0.0346944	-0.00448975	-0.0302047	-0.0346944
246.037	232.562	-6000	-4214.37	-0.138994	0.00540244	0.0080851	-0.00268266	-0.133591	0	2.17258	0	155.609	0	-0.122379	-0.0869034	-0.0354756	-0.122379
234.038	222.534	-6000	-766.719	-0.140994	0.00542296	0.00690241	-0.00147945	-0.135571	0	2.05871	0	-21.5622	0	-0.130914	-0.0823485	-0.0485654	-0.130914
222.038	191.928	-6000	-2806.58	-0.142994	0.017742	0.0180657	-0.000323613	-0.125252	0	1.66814	0	-26.59	0	-0.126883	-0.0667256	-0.0601578	-0.126883
210.038	158.99	-6000	-1202.46	-0.144994	0.0330612	0.0306286	0.00243268	-0.111932	0	1.6873	0	43.7995	0	-0.137534	-0.0674919	-0.0700421	-0.137534
198.038	139.647	-6000	-1532.86	-0.146994	0.041824	0.0350345	0.00678954	-0.10517	0	1.78521	0	30.6314	0	-0.151651	-0.0714082	-0.0802425	-0.151651
186.038	132.527	-6000	-2725.18	-0.148994	0.0436131	0.0321065	0.0115066	-0.10538	0	1.87673	0	-13.1825	0	-0.166422	-0.0750692	-0.0913528	-0.166422
174.038	134.284	-6000	-6359.57	-0.150994	0.0393202	0.0238525	0.0154677	-0.111673	0	1.89376	0	107.246	0	-0.178009	-0.0757503	-0.102259	-0.178009
162.038	137.763	-6000	-4578.29	-0.152994	0.0331201	0.0145653	0.0185548	-0.119873	0	2.17046	0	15.0691	0	-0.201084	-0.0868182	-0.114266	-0.201084
150.039	134.788	-6000	-3323.73	-0.154994	0.0294794	0.00915057	0.0203289	-0.125514	0	1.72242	0	-123.795	0	-0.195474	-0.0688967	-0.126577	-0.195474
138.039	119.251	-6000	-5037.98	-0.156994	0.0327825	0.0112724	0.0215101	-0.124211	0	1.80968	0	61.756	0	-0.209372	-0.0723873	-0.136985	-0.209372
126.039	108.083	-6000	-3543.99	-0.158994	0.0337662	0.0107738	0.0229924	-0.125227	0	1.67453	0	-88.5998	0	-0.214716	-0.0669811	-0.147735	-0.214716
114.039	97.7035	-6000	-3204.02	-0.160993	0.0341358	0.00980134	0.0243345	-0.126858	0	1.14667	0	-255.715	0	-0.203115	-0.0458668	-0.157248	-0.203115
102.039	113.708	-6000	-2820.94	-0.162993	0.018193	-0.00700098	0.025194	-0.1448	0	0.779513	0	-135.047	0	-0.194607	-0.0311805	-0.163426	-0.194607
90.0394	105.996	-6000	-771.508	-0.164993	0.0144363	-0.00957367	0.02401	-0.150557	0	0.374043	0	-158.75	0	-0.182458	-0.0149617	-0.167497	-0.182458
78.0396	83.2238	-6000	-1982.97	-0.166993	0.0197229	-0.00311056	0.0228335	-0.147271	0	0.619879	0	-153.243	0	-0.196017	-0.0247952	-0.171222	-0.196017
66.0397	70.8834	-6000	-4798.55	-0.168993	0.0194221	-0.00290623	0.0223283	-0.149571	0	0.321896	0	138.849	0	-0.186824	-0.0128758	-0.173949	-0.186824
54.0399	51.4001	-6000	-1504.13	-0.170993	0.0236811	0.00158389	0.0220972	-0.147312	0	0.355951	0	-54.1233	0	-0.190511	-0.0142381	-0.176273	-0.190511
42.04	32.4726	-6000	-2820.94	-0.172993	0.028117	0.00574045	0.0223765	-0.144876	0	0.0877667	0	-85.2479	0	-0.181437	-0.00351067	-0.177926	-0.181437
30.2868	23.7116	-5503.35	-2758.7	-0.160053	0.0272162	0.00394518	0.023271	-0.132836	0	0.201639	0	-0.253784	0	-0.186873	-0.00806555	-0.178807	-0.186873
20.2803	17.4361	-4503.36	-1657.36	-0.131721	0.0254564	0.00170649	0.0237499	-0.106264	0	-0.066546	0	-50.0532	0	-0.177279	0.00266184	-0.17994	-0.177279
12.2736	8.47474	-3503.37	-5095.44	-0.103056	0.0261951	0.00227934	0.0239157	-0.0768606	0	-0.033555	0	-41.4341	0	-0.178311	0.0013422	-0.179653	-0.178311
6.26695	-2.11951	-2503.39	-4817.71	-0.0740571	0.0294006	0.00503188	0.0243688	-0.0446565	0	-0.134656	0	32.3074	0	-0.173791	0.00538626	-0.179177	-0.173791
2.26021	8.75093	-1503.4	-3496.11	-0.0447253	0.0209981	-0.00389443	0.0248926	-0.0237272	0	-0.268749	0	-112.781	0	-0.167482	0.01075	-0.178232	-0.167482
0.253425	38.5182	-503.413	-1480.19	-0.0150602	0.000839051	-0.0229588	0.0237979	-0.0142211	0	-0.466695	0	-97.6978	0	-0.15768	0.0186678	-0.176348	-0.15768
0	75.8974	0	-1508.92	0	-0.0255381	-0.0455385	0.0200003	-0.0255381	0	-0.818953	0	-136.963	0	-0.140301	0.0327581	-0.173059	-0.140301
0	102.337	0	-465.05	0	-0.0480321	-0.0614022	0.0133702	-0.0480321	0	-1.07862	0	-88.3604	0	-0.124368	0.043145	-0.167513	-0.124368
0	109.327	0	-1159.37	0	-0.0604939	-0.065596	0.00510202	-0.0604939	0	-1.20952	0	-66.0943	0	-0.11268	0.048381	-0.161061	-0.11268
0	137.791	0	-2638.98	0	-0.086914	-0.0826747	-0.00423929	-0.086914	0	-1.47877	0	-126.907	0	-0.0941931	0.0591509	-0.153344	-0.0941931
0	160.667	0	-2643.77	0	-0.112074	-0.0964005	-0.0156733	-0.112074	0	-1.77143	0	-87.1633	0	-0.0730073	0.0708574	-0.143865	-0.0730073
0	161.972	0	-4118.6	0	-0.12579	-0.0971831	-0.0286071	-0.12579	0	-1.80443	0	-75.1923	0	-0.0611325	0.072177	-0.13331	-0.0611325
0	161.008	0	-4903.9	0	-0.138192	-0.0966049	-0.0415874	-0.138192	0	-1.97789	0	16.5056	0	-0.0431501	0.0791158	-0.122266	-0.0431501
0	168.394	0	-1666.94	0	-0.155845	-0.101037	-0.054809	-0.155845	0	-1.99811	0	-76.6288	0	-0.030442	0.0799246	-0.110367	-0.030442
0	153.538	0	-3630.18	0	-0.160171	-0.0921229	-0.068048	-0.160171	0	-2.20138	0	-65.1366	0	-0.0100417	0.0880553	-0.098097	-0.0100417
0	134.085	0	-7159.24	0	-0.160524	-0.0804509	-0.0800727	-0.160524	0	-2.04068	0	105.331	0	-0.00337625	0.0816273	-0.0850036	-0.00337625
0	114.413	0	-3792.99	0	-0.159049	-0.0686481	-0.0904012	-0.159049	0	-1.75547	0	84.7404	0	-0.00299081	0.0702189	-0.0732097	-0.00299081
0	98.3043	0	-2121.84	0	-0.158234	-0.0589826	-0.0992517	-0.158234	0	-1.82677	0	-77.5865	0	0.0103335	0.073071	-0.0627375	0.0103335
0	80.3062	0	-4204.79	0	-0.154989	-0.0481837	-0.106806	-0.154989	0	-1.79698	0	57.6859	0	0.0201501	0.071879	-0.051729	0.0201501
0	61.9211	0	-1963.82	0	-0.149994	-0.0371527	-0.112842	-0.149994	0	-1.7576	0	5.25288	0	0.0293537	0.070304	-0.0409503	0.0293537
0	45.8271	0	-3634.97	0	-0.144929	-0.0274963	-0.117433	-0.144929	0	-1.71716	0	10.0413	0	0.0382082	0.0686864	-0.0304781	0.0382082
0	30.1061	0	-5555.12	0	-0.138917	-0.0180637	-0.120854	-0.138917	0	-1.63309	0	41.8842	0	0.0449599	0.0653234	-0.0203635	0.0449599
0	12.3737	0	-5526.39	0	-0.130306	-0.00742422	-0.122882	-0.130306	0	-1.48516	0	105.331	0	0.0488381	0.0594063	-0.0105682	0.0488381
0	-3.48214	0	-5162.47	0	-0.121391	0.00208929	-0.12348	-0.121391	0	-1.31275	0	32.3074	0	0.0505049	0.0525101	-0.00200527	0.0505049
0	-9.58634	0	-6407.46	0	-0.117308	0.00575181	-0.123059	-0.117308	0	-1.19569	0	49.5456	0	0.0534721	0.0478276	0.00564458	0.0534721
0	-9.44413	0	-5928.62	0	-0.116651	0.00566648	-0.122317	-0.116651	0	-0.979651	0	140.046	0	0.0518579	0.039186	0.0126718	0.0518579
0	-14.1811	0	-5832.85	0	-0.112939	0.00850868	-0.121448	-0.112939	0	-0.659319	0	89.7682	0	0.0443606	0.0263728	0.0179878	0.0443606
0	-15.3032	0	-6115.37	0	-0.111117	0.0091819	-0.120299	-0.111117	0	-0.453924	0	96.2325	0	0.0397527	0.018157	0.0215958	0.0397527
0	-13.8095	0	-4702.79	0	-0.110796	0.00828568	-0.119082	-0.110796	0	-0.168712	0	140.525	0	0.0307038	0.00674846	0.0239553	0.0307038
0	-13.0511	0	-4832.07	0	-0.110155	0.00783066	-0.117986	-0.110155	0	0.0813813	0	82.825	0	0.0216485	-0.00325525	0.0249038	0.0216485
0	-13.6292	0	-6445.77	0	-0.108761	0.00817752	-0.116938	-0.108761	0	0.33786	0	119.217	0	0.0105148	-0.0135144	0.0240292	0.0105148
0	-12.1243	0	-5401.89	0	-0.108607	0.0072746	-0.115882	-0.108607	0	0.667769	0	163.749	0	-0.00514937	-0.0267108	0.0215614	-0.00514937
0	-9.96782	0	-4611.81	0	-0.108935	0.00598069	-0.114916	-0.108935	0	0.917862	0	81.8673	0	-0.0195652	-0.0367145	0.0171493	-0.0195652
0	-6.37148	0	-5784.97	0	-0.110362	0.00382289	-0.114184	-0.110362	0	1.17966	0	110.598	0	-0.0359913	-0.0471865	0.0111952	-0.0359913
0	3.56244	0	-5014.03	0	-0.116038	-0.00213746	-0.1139	-0.116038	0	1.40315	0	121.372	0	-0.0523057	-0.056126	0.00382028	-0.0523057
0	15.0862	0	-4927.84	0	-0.123467	-0.00905172	-0.114415	-0.123467	0	1.6128	0	77.5578	0	-0.0694299	-0.0645121	-0.00491788	-0.0694299
0	24.5862	0	-5133.74	0	-0.130606	-0.0147517	-0.115855	-0.130606	0	1.74689	0	27.0401	0	-0.0848184	-0.0698757	-0.0149427	-0.0848184
0	30.6329	0	-3548.78	0	-0.136329	-0.0183798	-0.117949	-0.136329	0	1.68623	0	8.12592	0	-0.0927552	-0.0674493	-0.0253059	-0.0927552
0	31.5989	0	-3127.4	0	-0.139398	-0.0189594	-0.120438	-0.139398	0	1.5564	0	-65.6155	0	-0.09751	-0.0622559	-0.0352541	-0.09751
0	26.9674	0	-4391.54	0	-0.139093	-0.0161804	-0.122912	-0.139093	0	1.40741	0	-79.2625	0	-0.100748	-0.0562962	-0.044452	-0.100748
0	18.8351	0	-3213.59	0	-0.136282	-0.0113011	-0.124981	-0.136282	0	1.2946	0	-18.9286	0	-0.104409	-0.0517839	-0.0526251	-0.104409
0	7.31671	0	-2514.49	0	-0.130652	-0.00439003	-0.126262	-0.130652	0	1.16689	0	-68.728	0	-0.106896	-0.0466756	-0.0602203	-0.106896
0	-1.25644	0	-3879.18	0	-0.125914	0.000753864	-0.126668	-0.125914	0	1.08707	0	-56.0387	0	-0.110644	-0.043483	-0.0671609	-0.110644
0	-4.70039	0	-3184.86	0	-0.12369	0.00282023	-0.12651	-0.12369	0	1.00087	0	-5.2816	0	-0.113543	-0.0400349	-0.0735078	-0.113543
0	-8.87827	0	-2342.1	0	-0.120682	0.00532696	-0.126009	-0.120682	0	0.856137	0	-53.6445	0	-0.113516	-0.0342455	-0.0792704	-0.113516
0	-17.8153	0	-2495.33	0	-0.114441	0.0106892	-0.12513	-0.114441	0	0.679476	0	-123.555	0	-0.111446	-0.027179	-0.0842667	-0.111446
0	-23.2722	0	-3122.61	0	-0.109604	0.0139633	-0.123568	-0.109604	0	0.496429	0	-33.0543	0	-0.107818	-0.0198572	-0.0879605	-0.107818
0	-28.578	0	-2533.64	0	-0.104363	0.0171468	-0.12151	-0.104363	0	0.396392	0	-58.4329	0	-0.106626	-0.0158557	-0.0907698	-0.106626
0	-26.7815	0	-2801.79	0	-0.103191	0.0160689	-0.11926	-0.103191	0	0.285713	0	-77.5865	0	-0.104548	-0.0114285	-0.0931194	-0.104548
0	-24.9999	0	-1829.74	0	-0.102169	0.0149999	-0.117169	-0.102169	0	-0.00482094	0	-94.5853	0	-0.0942035	0.000192838	-0.0943963	-0.0942035
0	-23.8375	0	-1202.46	0	-0.100859	0.0143025	-0.115161	-0.100859	0	-0.220859	0	-69.4462	0	-0.0850733	0.00883435	-0.0939077	-0.0850733
0	-26.1565	0	-2729.96	0	-0.097484	0.0156939	-0.113178	-0.097484	0	-0.326217	0	-94.3459	0	-0.0794859	0.0130487	-0.0925346	-0.0794859
0	-22.1	0	-2672.5	0	-0.0979432	0.01326	-0.111203	-0.0979432	0	-0.459245	0	-20.1257	0	-0.0719425	0.0183698	-0.0903123	-0.0719425
0	-19.0358	0	-1116.27	0	-0.0980801	0.0114215	-0.109502	-0.0980801	0	-0.586952	0	-60.1088	0	-0.0638808	0.0234781	-0.0873589	-0.0638808
0	-16.7692	0	-3385.98	0	-0.0979457	0.0100615	-0.108007	-0.0979457	0	-0.646549	0	-32.5755	0	-0.0578922	0.0258619	-0.0837542	-0.0578922
0	-14.7969	0	-3385.98	0	-0.0978254	0.00887814	-0.106704	-0.0978254	0	-0.629521	0	12.1961	0	-0.0546813	0.0251808	-0.0798621	-0.0546813
