-3.94034	4.97072	-0.0279806	-38.7383	1.97951	4.30039
-3.95109	4.9784	0.102919	-55.4977	3.65545	4.26798
-3.93343	4.98608	0.0246985	-38.7383	7.72559	4.25083
-3.92114	5.0237	0.0704602	432.919	25.2033	4.25845
-3.88659	5.03599	-0.218477	1675.51	31.6676	4.23749
-3.85742	5.0713	-0.015742	3040.21	25.9215	4.25655
-3.79369	5.11584	-0.141853	3298.78	51.7789	4.26036
-3.75914	5.15423	-0.0545862	3806.35	0.542993	4.24511
-3.70923	5.18724	-0.358955	3997.89	-4.72426	4.25655
-3.65625	5.24329	-0.229651	4060.14	1.50067	4.23939
-3.59867	5.30011	-0.312129	4354.62	-10.2309	4.25083
-3.51191	5.3623	-0.180697	4251.67	-20.526	4.23939
-3.45432	5.39685	-0.147174	4306.74	-10.2309	4.25274
-3.37908	5.47977	-0.0540541	4342.65	-6.63962	4.2432
-3.29308	5.55195	0.0252307	4507.85	8.44382	4.25274
-3.20632	5.64715	0.0529005	4577.28	15.387	4.2413
-3.13492	5.73084	0.0486436	4965.14	18.2601	4.25274
-3.01514	5.84141	0.0491757	5056.12	27.358	4.23939
-2.94143	5.94122	0.128993	5386.52	21.1331	4.29848
-2.81782	6.08787	0.135378	5532.57	35.7377	4.23749
-2.69958	6.18999	0.333324	5798.33	26.8792	4.24511
-2.56752	6.3374	0.291819	5788.75	25.9215	4.24511
-2.46847	6.47944	0.309379	5740.86	22.0908	4.26798
-2.31261	6.63531	0.183268	5645.1	12.514	4.24511
-2.19667	6.73819	0.179543	5628.34	6.52847	4.25845
-2.01777	6.89252	0.0582216	5609.18	4.61309	4.24511
-1.89492	7.04454	0.0826988	5582.85	2.45833	4.25274
-1.71142	7.21576	-0.0466045	5635.52	7.72556	4.25274
-1.57091	7.35857	0.246057	5740.86	14.4293	4.24511
-1.38127	7.54668	0.171562	5860.57	26.4003	4.24892
-1.20851	7.69103	0.337049	5659.46	15.387	4.26036
-0.999673	7.90985	0.158791	5527.78	2.2189	4.23939
-0.858398	8.07339	0.0124599	5309.91	-13.3434	4.26036
-0.627291	8.31295	-0.0178705	5496.66	5.33137	4.24511
-0.476035	8.47111	0.358865	5774.38	12.514	4.25274
-0.260283	8.7122	0.375361	5968.31	31.907	4.25083
-0.0476035	8.93409	0.463691	6049.72	18.4995	4.24892
0.166612	9.18132	0.382278	5944.37	16.1053	4.2413
0.362401	9.39017	0.350884	5949.16	16.5842	4.25274
0.601953	9.62972	0.388131	6095.21	31.1888	4.26036
0.771637	9.82397	0.407287	6155.06	17.5418	4.24892
1.04037	10.1127	0.366315	5889.31	-9.03384	4.25274
1.25228	10.3215	0.132717	5525.39	-7.59729	4.24511
1.50565	10.5895	0.267342	5688.19	8.68328	4.25274
1.70451	10.7722	0.299801	5815.08	16.5842	4.24892
1.98552	11.0816	0.404095	5630.73	-1.8512	4.25083
2.2174	11.3396	0.194442	5197.38	-3.52717	4.26417
2.51684	11.6567	0.317893	5159.07	-7.35789	4.23939
2.76638	11.9009	0.286498	5496.66	24.485	4.25274
3.01284	12.1205	0.473802	5551.72	6.04966	4.26798
3.3499	12.5013	0.278516	5314.7	-17.653	4.25845
3.57947	12.7355	0.0965337	5130.34	-27.4692	4.26417
3.90732	13.0618	0.0502399	5477.5	7.24673	4.25274
4.21905	13.3704	0.345562	5707.35	-13.8222	4.25274
4.51926	13.6637	0.235947	5295.54	-16.6953	4.25274
4.83098	13.9862	0.217323	5082.46	-17.4135	4.24892
5.07207	14.2603	0.193378	5149.5	-17.8924	4.25274
5.43217	14.6235	0.243397	5065.7	-26.2721	4.24892
5.71856	14.8991	0.350351	4486.3	-0.893555	4.24892
6.03105	15.2799	0.246589	4390.54	-10.4703	4.25845
6.33203	15.5517	0.293415	4318.71	-1.85122	4.26036
6.72975	15.9479	0.26681	4313.92	-2.33005	4.24702
6.95702	16.2182	0.466884	4237.31	36.456	4.26417
7.32709	16.6113	0.312039	4316.31	44.3569	4.2432
7.61502	16.9269	0.371636	4519.82	3.41604	4.25655
8.02042	17.2801	0.322682	4646.71	16.1053	4.22605
8.39357	17.6432	0.591398	4661.08	39.5685	4.25274
8.67611	17.9695	0.117818	5166.26	4.37368	4.25845
9.10147	18.3987	0.159323	5027.39	-9.5127	4.25464
9.45543	18.7304	0.0885521	5441.59	-23.1596	4.25274
9.88924	19.1742	0.217855	5341.03	-33.2152	4.25274
10.2048	19.4936	0.178479	5132.74	-10.4703	4.24892
10.6532	19.9435	0.162516	5070.49	-16.6953	4.23558
10.9757	20.2937	0.0587537	5034.58	-32.2576	4.25274
11.4486	20.6991	0.150809	4967.54	-38.9614	4.25274
11.7627	21.1106	0.164644	4297.16	-11.6675	4.2413
12.2195	21.5168	0.142828	4163.09	-25.075	4.25845
12.5811	21.8653	0.124204	3880.57	-15.977	4.25274
13.0203	22.359	0.00394614	3669.88	-37.046	4.25274
13.3512	22.6777	0.0757813	3593.27	-11.1886	4.24511
13.8227	23.1353	0.0709923	3799.17	9.40154	4.24892
14.2081	23.5445	0.319489	3890.15	9.88037	4.25083
14.5398	23.8816	0.0853594	4093.65	11.0775	4.26417
15.0089	24.3845	0.168901	4108.02	12.514	4.29086
15.3836	24.7768	0.114626	4438.42	15.387	4.25274
15.8842	25.2559	0.27958	4462.36	17.7812	4.2413
16.3003	25.7312	0.322682	4831.07	19.2178	4.25845
16.6988	26.1082	0.538719	4761.64	17.063	4.26036
17.2294	26.6533	0.380682	4637.14	4.61311	4.25083
17.5856	26.9651	0.391856	4742.48	15.1476	4.24511
18.16	27.5424	0.335452	4706.57	11.5563	4.24511
18.5892	28.0315	0.0731208	4515.03	-36.3277	4.24511
19.0168	28.4715	-0.081724	4189.42	-48.7776	4.24892
19.542	28.9675	-0.0136136	4201.39	-47.5805	4.25083
19.9136	29.3759	0.273727	4136.75	5.81022	4.25274
20.4488	29.8919	0.186993	3981.13	-9.75208	4.24702
20.8572	30.2727	0.0816346	3648.33	-23.399	4.26036
21.407	30.8639	-0.0870451	3564.54	-31.7787	4.26417
21.8477	31.2087	0.0731208	3449.61	-22.2019	4.27561
22.4036	31.7845	-0.0120172	3645.94	-2.56947	4.25083
22.7959	32.2176	0.022038	3511.86	-19.8077	4.25845
23.4409	32.7788	-0.139192	3614.81	-9.51266	4.25274
23.8294	33.2403	0.0278912	3756.07	-5.44252	4.25274
24.406	33.8023	-0.00403554	3981.13	17.063	4.25083
24.8267	34.2353	0.176883	4304.34	8.20442	4.25655
25.4064	34.8542	0.0933411	4239.7	1.74009	4.25274
25.864	35.2711	-0.0386229	3978.73	-6.16077	4.25274
26.3393	35.8385	-0.015742	3835.08	-5.2031	4.2718
26.9259	36.3752	0.0630106	4024.22	13.7111	4.25845
27.4004	36.7668	0.445067	3954.79	26.4004	4.26798
27.9801	37.4409	0.220516	3416.09	-27.4692	4.24892
28.4538	37.9108	-0.197192	3236.53	-23.8779	4.26036
29.0681	38.515	-0.13866	3847.05	37.1743	4.23939
29.5095	38.9857	0.432297	3892.54	37.8925	4.26036
30.1437	39.6345	0.295012	3538.2	2.45836	4.25274
30.6367	40.1136	0.161451	3018.66	-4.96367	4.25274
31.1757	40.5996	0.0385335	3394.55	10.5986	4.26798
31.7669	41.2661	0.169433	3243.71	-4.48483	4.24892
32.3227	41.8189	-0.249339	3150.34	-35.37	4.26036
32.8495	42.3594	-0.162073	3250.9	-16.2164	4.24702
33.3009	42.7694	-0.197725	3734.52	-4.24541	4.25274
33.9321	43.4312	-0.0418155	3751.28	-2.56947	4.25655
34.4373	43.9633	-0.0987516	3636.36	-7.83672	4.25083
35.0968	44.5822	-0.067889	3768.04	5.3314	4.24511
35.5375	45.0882	-0.0455403	4038.59	17.063	4.25083
36.204	45.7761	-0.0141457	3969.16	10.1198	4.24511
36.7407	46.2491	0.169965	3902.12	5.3314	4.26036
37.3764	46.9915	0.111433	3830.29	-1.85121	4.26798
37.9	47.4791	-0.0290448	3497.5	-8.7944	4.2413
38.5841	48.1532	0.00128558	3669.88	8.44386	4.25655
39.097	48.6047	0.567453	3253.29	41.005	4.2413
39.7044	49.288	0.421122	3222.16	37.8925	4.26036
40.1766	49.8577	0.253507	3179.07	-8.55498	4.26036
40.8814	50.5441	0.175286	3262.87	-0.175269	4.25274
41.5179	51.1906	0.492958	3064.15	40.7656	4.24892
42.0024	51.6482	0.236479	3169.49	29.7523	4.25845
42.6896	52.35	0.282773	3095.27	22.3302	4.25274
43.2147	52.8391	0.173158	3428.07	-0.893518	4.26036
43.8996	53.5639	0.330663	3499.89	6.28909	4.24892
44.4486	54.1305	0.447728	3602.84	14.1899	4.25655
45.1058	54.8522	0.447196	3547.78	8.68328	4.24892
45.6202	55.4335	0.49615	3411.31	10.3592	4.26608
46.3658	56.0991	0.564261	3329.9	2.21893	4.25845
46.9516	56.7848	0.564261	2530.24	5.09198	4.25845
47.5689	57.4551	0.0353408	2796	-10.4703	4.24892
48.2638	58.0609	0.257232	2805.57	-13.3434	4.24511
48.9064	58.7143	0.190186	3054.57	-8.55498	4.24892
49.4469	59.287	0.51371	3109.64	15.1476	4.25274
50.1633	60.0648	0.420058	3406.52	44.8357	4.26036
50.763	60.5608	0.638756	3827.9	25.6821	4.26417
51.5008	61.3401	0.455178	3724.95	15.387	4.29848
51.9914	61.9083	0.35248	3531.02	-4.96367	4.26036
52.7316	62.6968	0.302461	3586.08	0.542993	4.26036
53.4241	63.3594	0.375893	3729.74	9.64095	4.24511
54.0668	64.0443	0.617472	3574.11	11.3169	4.24511
54.6442	64.5856	0.403031	3425.67	23.7667	4.26227
55.4373	65.3242	0.458902	3425.67	23.7667	4.25274
56.0508	66.0406	0.287562	2872.61	-12.8645	4.25845
56.7633	66.7408	0.22903	2784.03	-4.00599	4.26608
57.303	67.3574	-0.0380908	2980.35	-35.1306	4.26227
58.0793	68.0814	0.257764	2980.35	-35.1306	4.26036
58.6605	68.7079	0.25936	3375.39	1.02183	4.25274
59.4705	69.4949	0.285434	3375.39	1.02183	4.26417
60.0955	70.0685	0.083763	3329.9	-36.0883	4.26036
60.9416	70.9115	0.0332123	3329.9	-36.0883	4.25274
61.4868	71.5181	-0.50635	3121.61	-35.8489	4.25274
62.3866	72.3434	-0.349909	3121.61	-35.8489	4.25274
62.9471	72.9323	-0.259982	3538.2	0.542993	4.26227
63.7449	73.7838	-0.233376	3538.2	0.542993	4.26417
64.3568	74.3942	0.215195	3559.75	-14.0616	4.25845
65.173	75.1275	0.235947	3610.03	-9.03381	4.24892
65.7995	75.8415	0.0571574	3133.58	30.9494	4.26798
66.6356	76.6899	-0.106733	2432.08	-39.2008	4.25083
67.2153	77.2604	0.0507721	2345.89	-29.1451	4.26608
68.063	78.1587	0.0018177	2587.7	-4.96367	4.24892
68.8461	78.849	0.101323	2451.23	-5.68193	4.25845
69.4135	79.4509	-0.0652285	2161.53	-8.31556	4.26798
70.3188	80.3186	-0.123229	2022.67	-22.2019	4.24892
71.0374	81.0196	-0.470698	1251.74	-42.3132	4.24892
71.753	81.7421	-0.154091	1388.21	-41.595	4.26417
72.4033	82.407	-0.0902378	2063.37	-11.9069	4.26417
73.2425	83.2853	-0.0891736	2286.03	10.3592	4.28323
73.9205	83.8896	-0.153559	2482.36	-7.83671	4.26417
74.7935	84.7603	-0.0742744	2666.71	10.5986	4.25274
75.3709	85.3822	0.064607	3210.19	7.00734	4.26798
76.2961	86.2498	0.0385335	3095.27	-4.48484	4.25655
76.888	86.8602	0.279048	3162.31	20.8937	4.24702
77.7403	87.7631	0.186461	3095.27	14.1899	4.26608
78.4083	88.4534	0.405159	3186.25	38.6108	4.26798
79.3104	89.2557	0.351416	3181.46	38.132	4.24702
80.0552	90.0035	0.336516	2592.49	47.2299	4.25274
80.6856	90.7069	-0.0423476	2645.16	3.65546	4.24892
81.5655	91.5929	0.0246985	2649.95	4.1343	4.24892
82.3279	92.3645	0.184332	2652.34	-3.76658	4.26036
82.9736	93.0364	0.367379	2484.75	20.1755	4.26036
83.8497	93.9024	0.398242	2748.11	46.5117	4.26608
84.5092	94.5589	0.328535	2939.65	40.2867	4.24702
85.4213	95.4833	0.274791	2580.52	4.37372	4.26036
86.1085	96.2358	0.136974	2128.01	-17.4135	4.25083
87.003	97.1049	0.333324	2429.68	12.7534	4.26798
87.6549	97.8013	0.346095	2362.65	2.69778	4.26608
88.577	98.7111	0.496682	2360.25	2.45836	4.26417
89.2734	99.3546	0.306186	2372.22	5.09198	4.28323
90.1295	100.284	0.450389	2535.03	21.3725	4.26608
90.8143	100.948	0.278516	2810.36	-3.28773	4.24511
91.761	101.935	0.418994	2875.01	3.17661	4.26417
92.3714	102.529	0.624922	2963.59	23.5273	4.26036
93.3765	103.455	0.731876	3076.12	34.7801	4.26036
93.9984	104.203	0.754757	2812.76	45.3146	4.24511
94.9113	105.133	0.621729	2269.27	-9.03381	4.26798
95.6062	105.88	0.310443	2142.38	-15.977	4.26798
96.4761	106.798	0.264149	2271.67	-3.04832	4.26989
97.2132	107.46	0.702078	2767.27	28.3157	4.26417
98.1867	108.428	0.546701	2666.71	18.2601	4.26036
98.8616	109.139	0.800519	2264.48	1.02184	4.25274
99.8828	110.101	0.780831	2075.34	-17.8924	4.25845
100.536	110.854	0.721766	2384.19	-20.526	4.26798
101.5	111.796	0.1838	2566.15	-2.33005	4.25274
102.218	112.407	0.143892	3131.18	-11.428	4.26417
103.16	113.391	0.681325	3341.87	9.64097	4.25845
103.918	114.124	0.179543	2930.07	-33.4547	4.25274
104.861	115.147	-0.168458	2415.32	-84.93	4.26036
105.531	115.886	-0.373854	1974.79	-70.086	4.26227
106.494	116.79	0.22903	2623.61	-5.2031	4.25655
107.253	117.465	1.04848	2690.65	27.8369	4.26417
108.247	118.507	0.879803	2034.64	-37.7642	4.26417
109.109	119.363	0.120479	1117.66	-63.861	4.25083
109.833	120.133	0.180608	1263.71	-14.3011	4.26798
110.856	121.172	-0.039155	1529.46	12.2746	4.25274
111.575	121.863	0.262021	1989.15	-11.6674	4.26608
112.598	122.833	0.0630106	2118.44	1.26124	4.25083
113.343	123.556	-0.254128	2041.82	-22.6808	4.26417
114.323	124.534	-0.323835	1788.04	-48.0593	4.23939
114.988	125.212	-0.151431	1754.52	-29.3845	4.25274
116.007	126.219	-0.0354302	2321.94	27.3581	4.25274
116.696	126.976	-0.0242558	2604.46	-5.20309	4.26798
117.736	127.95	0.0912126	2446.44	-21.0048	4.2413
118.661	128.84	-0.129614	1804.8	-0.89353	4.24511
119.333	129.595	0.180075	2072.95	14.4294	4.26798
120.322	130.643	0.111433	2314.76	38.6108	4.24892
121.056	131.302	0.383875	2503.9	31.6676	4.25274
122.075	132.353	0.258828	2377.01	18.9783	4.25655
122.861	133.069	0.185397	2128.01	18.9783	4.25274
123.909	134.131	0.111965	2046.61	10.8381	4.26417
124.604	134.924	0.0523684	2527.85	-7.59729	4.26036
125.679	135.936	0.130057	3054.57	45.0751	4.26036
126.418	136.686	0.38015	2908.52	18.0207	4.25845
127.417	137.74	0.379618	2467.99	-26.0326	4.26417
128.186	138.514	-0.149302	1582.14	-17.8924	4.24511
129.203	139.561	0.0348087	1730.58	-3.04831	4.25845
129.98	140.298	0.289158	1867.05	20.1755	4.25274
131.002	141.307	0.542976	1955.63	29.034	4.25274
131.899	142.187	-0.895324	1309.2	18.0207	4.25655
132.641	142.963	0.0614143	825.569	-15.4982	4.25083
133.647	144.04	-0.144513	1086.54	10.5986	4.25274
134.412	144.825	0.648335	2096.89	12.514	4.26417
135.469	145.805	0.734537	2482.36	51.0606	4.25274
136.184	146.629	-0.132275	2685.86	12.9928	4.25845
137.283	147.76	-0.350441	2626.01	7.00734	4.26036
138.125	148.565	0.273727	2211.81	-37.7642	4.25845
139.192	149.672	0.625986	2226.18	-36.3277	4.25845
139.961	150.397	-0.674497	2539.82	-13.104	4.2737
141.024	151.526	-0.0854488	2848.67	17.7812	4.25845
141.759	152.256	0.253507	3140.76	-5.20309	4.25845
142.929	153.398	0.51371	3162.31	-3.04832	4.26608
143.636	154.205	0.565325	3021.05	2.93719	4.25274
144.7	155.197	0.850005	2997.11	0.542993	4.25274
145.543	156.079	0.68505	2058.58	17.7812	4.26608
146.568	157.178	0.5036	1280.47	-60.0303	4.25274
147.417	157.976	0.144956	1191.88	-12.8645	4.25655
148.536	159.116	-0.0317054	1163.15	-15.7376	4.25655
149.28	159.901	0.0576895	1218.22	-4.96367	4.26798
150.495	161.009	-0.0396871	1141.6	-12.6251	4.26608
151.224	161.874	0.0236343	880.635	-24.3567	4.25083
152.306	162.914	-0.0774671	880.635	-24.3567	4.25274
153.122	163.771	-0.0104209	1304.41	-25.5538	4.26798
154.157	164.85	-0.091302	1536.65	-2.33005	4.26417
155.008	165.612	0.10558	1546.22	-13.3434	4.26036
156.092	166.725	0.0555611	1476.79	-20.2866	4.26036
156.801	167.483	-0.107265	1826.34	-17.4135	4.24511
157.868	168.651	-0.0705496	2087.31	8.68328	4.25655
158.665	169.376	-0.0279806	1996.33	-15.2587	4.25845
159.766	170.496	0.218388	2403.35	25.4427	4.26417
160.619	171.374	0.209874	2388.98	25.4427	4.25274
161.788	172.482	0.213066	2025.06	-10.9492	4.26036
162.795	173.472	0.0369371	1766.49	-21.9625	4.25655
163.637	174.316	0.38281	1996.33	12.0352	4.26036
164.753	175.456	0.752629	2372.22	49.6241	4.26036
165.654	176.417	0.720702	2870.22	41.9627	4.24892
166.515	177.24	0.406755	3250.9	39.8079	4.25655
167.679	178.38	0.378021	2930.07	7.7256	4.26036
168.535	179.167	0.430168	2506.3	22.8091	4.25845
169.638	180.307	0.349287	2149.56	-12.8645	4.25083
170.427	181.232	0.422187	1677.9	7.48618	4.25845
171.581	182.316	0.566389	1634.81	3.17661	4.25845
172.316	183.16	1.06977	1565.38	43.1598	4.26798
173.478	184.339	0.740922	1534.25	40.0473	4.26036
174.375	185.155	0.602041	1498.34	31.6676	4.29086
175.476	186.319	0.451453	1548.62	36.6954	4.25274
176.43	187.312	0.453049	2353.07	-11.1886	4.27561
177.288	188.114	2.31491	2551.79	5.33138	4.25845
178.438	189.208	1.36137	2568.55	7.00732	4.25274
179.494	190.18	0.298737	2697.83	34.7801	4.24892
180.292	191.145	-1.06081	2362.65	-19.3289	4.26036
181.461	192.265	-2.9381	2156.74	-39.919	4.26036
182.325	193.183	-2.56935	1732.97	-35.8489	4.26036
183.465	194.346	-1.97817	1977.18	-11.428	4.26608
184.304	195.191	0.330663	2020.28	-7.59729	4.26608
185.471	196.395	1.76045	1996.33	-9.99149	4.26227
186.257	197.242	2.26862	2293.21	-3.28773	4.25845
187.57	198.466	1.29592	1960.42	-36.5671	4.26798
188.412	199.273	0.619068	1440.88	14.9082	4.26798
189.581	200.5	0.291819	1208.64	-8.31555	4.25083
190.435	201.504	0.151873	1019.5	-21.0048	4.26798
191.564	202.66	0.240736	1110.48	-11.9069	4.25655
192.498	203.457	0.306718	971.615	21.1331	4.26608
193.655	204.68	0.147617	636.427	-12.3857	4.24892
194.469	205.53	0.172094	550.235	-16.2164	4.25845
195.6	206.73	0.101855	662.763	-4.96368	4.27561
196.611	207.762	0.782427	978.797	15.1476	4.26417
197.421	208.601	0.542444	1373.84	1.50067	4.26798
198.688	209.79	0.325342	1227.79	-13.104	4.26036
199.525	210.777	0.197103	1455.24	-3.28773	4.25464
200.726	211.848	0.353544	1649.17	16.1053	4.26036
201.647	212.747	0.52382	1962.81	33.1041	4.25274
202.808	213.958	0.426444	1673.12	4.1343	4.24511
203.706	214.867	0.462095	1694.66	-0.89353	4.26798
204.906	216.077	0.42059	1747.34	4.37372	4.26036
205.911	217.143	0.980373	1761.7	45.0751	4.25274
206.844	217.962	0.867565	2111.25	8.68328	4.26798
208.002	219.167	2.05098	1888.59	-13.5828	4.23749
208.892	220.177	0.780831	2013.09	-29.3845	4.26227
210.016	221.305	0.847345	2278.85	-2.80889	4.24511
210.899	222.222	1.08254	2329.13	24.7244	4.25274
212.166	223.502	0.189653	1831.13	-25.075	4.25083
213.105	224.324	0.180608	1337.93	18.4995	4.26798
214.257	225.554	0.459967	1395.39	24.2456	4.24892
215.185	226.354	0.631839	1883.81	21.8514	4.26036
216.349	227.598	0.639289	1790.43	12.514	4.24892
217.364	228.667	0.604169	1689.88	10.1198	4.29848
218.509	229.744	0.124736	1776.07	-10.9492	4.23749
219.341	230.703	0.539251	1665.93	6.28907	4.26036
220.534	231.856	0.588738	1675.51	7.24675	4.24892
221.465	232.841	0.487104	1596.5	-31.7787	4.24511
222.647	234.151	0.310443	1771.28	-14.3011	4.24892
223.699	235.229	0.643546	1843.1	-10.4703	4.26798
224.635	236.013	0.742518	2209.42	33.8224	4.24511
225.918	237.269	0.66483	2161.53	29.034	4.25845
226.844	238.157	0.217855	1428.91	-16.9347	4.24892
228.069	239.458	0.192846	1163.15	-43.5103	4.26036
228.983	240.405	0.593527	1543.83	5.09197	4.25845
230.213	241.593	0.265213	1661.14	16.8236	4.26417
231.099	242.591	0.378553	1021.89	-4.96368	4.26036
232.349	243.873	0.0699281	859.087	-21.2442	4.26798
233.306	244.742	0.306186	978.797	-30.3422	4.25845
234.441	246.061	0.311507	1091.32	-19.0895	4.25655
235.418	246.915	0.298737	861.482	-25.3144	4.25274
236.668	248.221	0.255635	897.395	-21.7231	4.24511
237.746	249.246	0.25936	1026.68	-7.35787	4.24511
238.701	250.245	0.397177	1297.23	18.2601	4.25274
239.955	251.356	0.199764	1191.88	7.7256	4.26417
240.896	252.39	0.248718	1175.12	3.17661	4.26036
242.143	253.688	0.11569	1325.96	18.2601	4.24892
243.023	254.556	0.5616	2163.93	9.64095	4.26798
244.241	255.811	0.658977	2350.68	28.3157	4.26036
245.219	256.726	0.306718	1670.72	-32.9758	4.26036
246.424	258.041	0.497215	1603.68	-39.6796	4.25845
247.369	258.965	0.910134	1388.21	7.7256	4.26417
248.664	260.265	1.16076	1562.98	25.2033	4.25845
249.658	261.191	1.14054	1472	16.5841	4.25655
250.925	262.473	0.964409	1419.33	11.3169	4.24511
251.799	263.417	0.899492	1637.2	6.28907	4.25845
252.992	264.681	0.333324	1807.19	23.2879	4.25464
254.161	265.766	-1.36465	1388.21	21.1331	4.26036
255.042	266.706	-0.377579	875.847	-0.893533	4.23939
256.296	268.027	-0.0870451	1148.79	26.4004	4.24511
257.461	269.046	0.474334	1843.1	-39.6796	4.24511
258.354	269.968	1.93977	1840.71	-14.5405	4.25845
259.718	271.306	3.12425	1658.75	-32.7364	4.25274
260.577	272.402	1.23685	1273.28	-33.9335	4.24892
261.923	273.621	-2.13621	1321.17	-29.1451	4.24511
262.91	274.57	-2.51082	1627.63	21.612	4.24892
264.286	275.847	-0.797948	1766.49	35.4983	4.25274
265.246	276.836	1.81739	1510.31	-20.7654	4.26417
266.424	278.167	1.71256	1553.41	-16.4558	4.25274
267.349	279.102	1.02773	1967.6	-28.1874	4.25083
268.805	280.44	0.5616	2163.93	-8.55498	4.24892
269.722	281.369	0.628114	1970	4.1343	4.25083
271.01	282.693	0.353544	2199.84	27.1186	4.27942
271.937	283.707	0.437618	2324.34	14.1899	4.26036
273.232	285.06	0.424847	1795.22	-38.7219	4.23749
274.392	286.284	0.51371	847.116	-36.8066	4.26227
275.391	287.199	0.474866	686.705	-7.83672	4.26417
276.694	288.488	0.064607	772.896	0.78241	4.26608
277.65	289.369	0.0401298	622.061	-33.4547	4.25845
278.951	290.727	0.120479	691.493	-26.5115	4.24702
279.859	291.657	0.561068	447.285	20.4149	4.24511
281.256	292.969	0.429104	777.684	53.4548	4.26417
282.145	293.961	0.326406	952.461	6.76791	4.25274
283.422	295.274	0.397709	909.366	2.45835	4.25464
284.388	296.281	1.00113	1407.36	7.7256	4.2413
285.666	297.641	1.31135	1574.95	24.485	4.26608
286.71	298.626	2.67143	1491.16	6.04965	4.25274
288.115	299.987	1.92221	1474.4	4.37371	4.25083
289.014	300.955	0.41048	1577.35	10.3592	4.2413
290.397	302.264	0.106644	1515.1	4.1343	4.25845
291.262	303.233	0.147084	1737.76	13.4717	4.26036
292.581	304.575	0.479123	1562.98	-4.00599	4.26798
293.627	305.603	0.520627	1618.05	8.20444	4.24892
294.939	306.901	0.886721	1694.66	15.8659	4.25655
295.915	307.883	0.786152	1680.3	16.8236	4.26036
297.226	309.251	0.502004	1359.48	-15.2587	4.2737
298.134	310.294	0.343434	1232.58	8.9227	4.24511
299.602	311.613	0.34503	1270.89	12.7534	4.23749
300.554	312.584	0.235947	1424.12	-14.0616	4.25655
301.934	313.97	0.524884	1534.25	-3.04832	4.26417
302.977	315.083	0.636628	1282.86	-70.3254	4.26036
304.228	316.251	1.05913	1649.17	-33.6941	4.26036
305.295	317.348	1.76205	1539.04	-10.7098	4.26417
306.669	318.777	0.917051	1167.94	-47.8199	4.24702
307.61	319.692	-0.186018	830.357	0.303567	4.26036
308.923	321.071	-0.363212	1017.1	18.9783	4.27942
309.898	322.026	0.0326802	727.406	-10.4703	4.26798
311.236	323.423	0.0529005	425.737	-40.6373	4.25845
312.334	324.405	0.0395977	258.143	-28.1874	4.26608
313.699	325.81	0.19125	303.633	-23.6384	4.26417
314.739	326.891	-0.136532	521.505	-12.8645	4.26036
316.074	328.192	-0.120036	423.343	-22.6808	4.25655
317.003	329.243	0.103451	578.966	3.89487	4.26417
318.35	330.608	0.291819	784.867	24.485	4.26417
319.364	331.527	0.21892	535.87	18.2601	4.24702
320.711	332.972	0.097598	224.624	-12.8645	4.25274
321.789	334.137	0.0507721	1299.62	13.2323	4.2432
322.826	335.085	0.53127	2120.83	25.9215	4.26417
324.124	336.49	0.519563	1900.57	3.89487	4.26036
325.261	337.609	0.132185	1653.96	20.8937	4.25274
326.643	338.866	0.250846	1443.27	-0.175269	4.25845
327.799	340.006	0.263617	792.05	-22.2019	4.26798
329.132	341.374	0.0635428	476.015	-53.8054	4.24892
330.303	342.621	-0.552112	557.418	-20.2866	4.26227
331.401	343.622	0.367911	473.621	-41.595	4.24511
332.787	344.988	-1.63177	904.577	1.50067	4.26608
333.733	345.953	-0.342459	2001.12	36.456	4.25655
335.142	347.401	1.59816	2475.17	83.8612	4.26036
336.083	348.381	0.100259	3748.89	-26.7509	4.25655
337.494	349.751	-1.12254	3547.78	-46.8622	4.26798
338.626	350.895	-0.0114851	3025.84	-18.6106	4.24892
340.048	352.32	1.05646	2467.99	-74.3955	4.23939
341.114	353.324	0.333324	1917.32	-27.4692	4.26036
342.508	354.789	0.346627	1819.16	-37.2854	4.26417
343.527	355.771	0.24925	1570.17	-18.6106	4.25274
344.867	357.267	0.117818	1290.04	-46.6228	4.25083
346.125	358.561	-0.220605	555.024	-49.7352	4.25274
347.117	359.561	-0.381835	351.517	-58.5938	4.26417
348.535	360.956	-0.253064	279.691	-65.7764	4.25274
349.75	362.155	-0.0668248	270.114	-36.0883	4.26417
350.863	363.257	0.313104	-433.782	-25.5538	4.25845
352.317	364.692	0.1258	-560.674	-38.2431	4.25655
353.304	365.668	-0.293505	-713.903	-46.3834	4.25464
354.716	367.093	-0.366404	-330.831	-8.07614	4.24892
355.814	368.088	0.0582216	176.74	22.0908	4.25274
357.155	369.46	0.00979939	121.673	16.5841	4.25845
358.406	370.65	0.0225701	224.624	-32.9758	4.25274
359.544	371.877	0.103451	-100.988	1.50067	4.26608
360.587	372.966	-1.15446	408.977	-41.3555	4.25274
361.967	374.261	-1.23056	440.102	-38.2431	4.25274
363.246	375.575	-0.809122	1366.66	0.303577	4.25083
364.467	376.78	0.549362	1601.29	18.4995	4.26036
365.574	377.828	0.388131	1613.26	6.76792	4.26036
366.967	379.34	0.391324	1428.91	-11.6674	4.26798
368.129	380.391	-0.455267	1120.06	7.7256	4.26798
369.559	381.847	-0.449946	1084.14	4.1343	4.26417
370.525	382.828	-0.0966231	1376.23	35.7378	4.25274
372.046	384.284	0.299801	1867.05	84.8189	4.25274
373.207	385.546	1.01656	2542.21	82.4247	4.24511
374.311	386.633	0.364718	3356.24	58.9615	4.25274
375.732	388.12	0.496682	3088.09	32.1465	4.24892
376.764	389.105	0.698353	2961.2	-6.87904	4.26798
378.219	390.626	-0.412698	2575.73	-45.4257	4.23939
379.294	391.666	0.0651391	2130.41	-12.8645	4.25845
380.749	393.164	0.637692	2056.19	-20.2866	4.29467
381.891	394.197	0.71272	1895.78	-3.76657	4.25845
383.338	395.647	0.520627	1838.32	-9.51266	4.2432
384.437	396.838	0.422187	1206.25	-20.0471	4.25274
385.788	398.185	-0.0327696	691.493	-71.5225	4.24511
386.76	399.459	-0.601598	-529.55	-57.1573	4.25845
388.271	400.916	-0.585102	-464.906	-50.6929	4.25274
389.418	401.924	0.130057	-934.17	-10.4703	4.26798
390.84	403.324	-0.0833203	-814.46	1.50067	4.26036
391.953	404.355	0.227433	-462.512	-40.3979	4.26417
393.384	405.897	0.144956	-407.445	-34.8912	4.26036
394.441	406.927	-0.0418155	-452.935	-4.48483	4.25655
395.948	408.379	0.0454509	-179.996	22.8091	4.23939
396.902	409.568	0.000753473	574.177	14.9082	4.24511
398.28	410.95	0.194975	748.954	32.3859	4.28895
399.379	412.06	-0.356826	1929.3	-26.2721	4.26417
400.83	413.535	-1.3423	2283.64	9.16212	4.23939
402.008	414.588	-0.466441	2877.4	35.9772	4.25274
403.493	416.061	-0.380771	2676.29	15.8659	4.26417
404.462	417.089	-0.318514	1996.33	25.9215	4.25845
406.04	418.654	-1.38114	1572.56	-16.4558	4.24892
407.084	419.683	-0.688864	1139.21	-10.9492	4.26608
408.5	421.178	0.492426	1144	-10.4703	4.25845
409.602	422.347	0.677601	969.221	2.21893	4.25845
411.035	423.809	0.364718	962.038	1.50067	4.26227
412.085	424.824	0.179543	495.169	42.9204	4.26036
413.569	426.29	0.13591	377.853	31.1888	4.28323
414.63	427.363	0.388131	90.5486	3.89487	4.25845
416.157	428.82	0.48604	461.65	41.005	4.2413
417.128	429.866	2.16166	1199.06	12.2746	4.26036
418.585	431.399	1.72427	1199.06	12.2746	4.24892
419.754	432.588	-0.87404	1062.59	-11.9069	4.25274
421.257	433.975	-0.263174	1062.59	-11.9069	4.2413
422.402	435.171	0.280645	954.855	26.1609	4.26227
423.793	436.66	0.613215	954.855	26.1609	4.29848
424.839	437.73	0.741986	1258.92	-41.595	4.25655
426.313	439.286	0.863308	1258.92	-41.595	4.25274
427.683	440.584	0.365783	1194.28	-49.017	4.26798
428.735	441.643	2.18667	2130.41	4.37371	4.26417
430.312	443.164	2.4075	2130.41	4.37371	4.25274
431.393	444.217	1.1565	3114.43	28.0763	4.26036
432.867	445.707	-0.107798	3114.43	28.0763	4.29086
434.025	446.917	-0.660662	1850.29	-10.7098	4.26417
435.513	448.468	0.369507	1850.29	-10.7098	4.25845
436.638	449.539	0.882464	1148.79	0.0641541	4.26036
438.094	451.031	1.11713	1148.79	0.0641541	4.26608
439.163	452.052	0.925565	265.325	29.5128	4.26036
440.76	453.585	0.876079	353.911	38.3714	4.26417
441.97	454.841	-0.010953	349.122	3.89487	4.26036
443.216	456.132	-0.020531	-196.756	-32.497	4.26608
444.401	457.287	0.092809	-742.634	-30.1028	4.26036
445.799	458.645	0.303526	-567.857	-12.6251	4.25274
446.901	459.806	0.425379	-543.915	13.2323	4.25464
448.379	461.355	1.12936	-503.213	17.3024	4.26417
449.404	462.319	2.9162	-785.729	4.37371	4.25274
450.905	463.855	0.594059	-912.622	-8.31556	4.26798
452.059	464.88	-1.11775	152.798	-11.9069	4.24892
453.571	466.458	-0.731966	478.409	20.6543	4.23939
454.932	467.723	1.51727	1840.71	-7.35787	4.25274
455.972	468.771	1.04263	2551.79	-7.5973	4.25845
457.488	470.367	0.641949	2748.11	12.0352	4.24511
458.666	471.561	-0.153559	2283.64	8.20443	4.26227
460.176	473.23	-0.254128	2032.25	-16.9347	4.25274
461.416	474.609	-1.19703	1455.24	9.64095	4.26798
462.658	475.708	0.644078	868.664	0.303567	4.24511
464.195	477.281	0.975052	772.896	-9.27324	4.25845
465.406	478.412	0.484444	667.551	-48.0593	4.26036
466.957	479.966	-0.340863	1048.23	-9.9915	4.24702
468.1	481.035	-0.308404	2149.56	-19.0895	4.25083
469.665	482.562	0.202956	2226.18	-11.428	4.26417
470.687	483.749	0.272663	1208.64	-6.40019	4.25274
472.213	485.276	0.0864236	871.058	-40.1584	4.25083
473.33	486.464	-0.349377	576.572	-27.4692	4.25083
474.863	487.997	-0.305211	566.995	-28.4269	4.26798
476.022	489.066	0.320553	4.35732	34.5407	4.25845
477.577	490.654	0.296608	-146.477	19.4572	4.25845
478.615	491.741	0.543508	95.337	-1.37237	4.25655
480.191	493.269	0.239672	-57.8919	-16.6953	4.25274
481.259	494.317	0.323214	191.105	-14.3011	4.26036
482.771	495.798	0.255103	401.795	6.76791	4.26417
483.934	497.029	0.178479	440.102	5.33139	4.2432
485.428	498.672	-0.0199989	162.375	-22.4413	4.26608
486.603	499.693	-0.654809	401.795	-17.1741	4.26608
488.118	501.242	-0.106733	624.456	5.09197	4.25845
489.391	502.519	1.29858	523.899	-20.7654	4.25274
490.548	503.593	1.21078	121.673	15.6265	4.2737
492.069	505.182	0.738262	76.1834	11.0775	4.25274
493.22	506.286	-5.14371	729.8	36.2166	4.25274
494.797	507.866	-5.21927	787.261	41.9627	4.25274
495.829	509.008	0.469545	1883.81	-49.9747	4.26036
497.372	510.575	0.113029	2405.74	2.21893	4.24892
498.532	511.685	-1.20927	2501.51	72.1296	4.26036
500.07	513.277	0.2418	2139.99	35.9772	4.27752
501.261	514.372	0.798922	1776.07	0.542987	4.26417
502.802	515.966	0.817014	1694.66	-7.5973	4.26608
503.88	517.095	0.595655	1167.94	-34.4124	4.25274
505.535	518.736	0.583949	1385.81	-12.6251	4.25083
506.859	520.041	0.35514	1584.53	-5.20309	4.24702
508.192	521.391	0.146552	1385.81	6.5285	4.27561
509.36	522.633	-0.112587	619.667	-16.4558	4.26417
510.876	524.204	0.829253	636.427	-14.7799	4.25274
512.045	525.339	0.600976	420.948	33.1041	4.25845
513.559	526.923	0.0369371	193.499	10.3592	4.24511
514.923	528.288	-0.354166	85.7602	7.24675	4.25655
516.118	529.364	0.0145884	76.1834	-21.9625	4.24511
517.584	530.9	-0.0764029	159.98	-13.5828	4.26417
518.804	532.133	0.168901	-89.0166	-19.8077	4.26036
520.343	533.52	0.248186	6.75151	-10.2309	4.25274
521.412	534.74	-0.0508614	-45.9209	-7.35788	4.26608
522.898	536.333	-0.0354302	28.2993	0.0641487	4.26798
524.043	537.467	-1.05868	346.728	-5.44252	4.25845
525.597	539.006	-1.04698	605.302	20.4149	4.25083
527.082	540.378	0.253507	641.215	28.3157	4.2737
528.167	541.479	0.65738	662.763	4.61313	4.25845
529.698	543.087	0.383342	624.456	0.78241	4.25274
530.944	544.181	0.188589	370.67	-16.4558	4.25655
532.458	545.797	0.208809	753.742	21.8514	4.25464
533.676	547.005	-0.456863	1443.27	6.04965	4.26608
535.184	548.437	0.353012	1948.45	56.5673	4.25274
536.238	549.702	-0.891067	2707.41	39.0896	4.25274
537.827	551.292	-0.147706	2532.63	21.612	4.25274
539.324	552.672	2.67781	1828.74	1.97952	4.26798
540.474	553.756	1.37626	1598.9	1.50067	4.25845
542.193	555.384	-1.60357	1555.8	-2.80889	4.25655
543.287	556.533	0.271599	1017.1	-14.5405	4.24702
544.865	558.153	1.46513	1072.17	-9.03381	4.26417
546.076	559.421	0.116222	914.154	-43.5103	4.24892
547.673	560.891	-0.346716	813.598	-53.566	4.2718
548.935	562.354	0.57171	157.586	-14.7799	4.24511
550.126	563.461	0.387599	-472.089	0.303567	4.26608
551.683	565.122	-0.0897057	-996.419	-52.1294	4.26036
552.941	566.262	0.702078	-953.323	-53.0871	4.25845
554.523	567.841	-0.803269	-718.692	-29.624	4.25083
555.667	568.98	-3.60591	-972.477	-66.4947	4.26417
557.238	570.62	0.587142	-756.999	-44.9468	4.2413
558.365	571.821	0.398774	-414.628	-54.2842	4.25274
559.915	573.33	-0.451542	-141.689	-26.9903	4.26417
561.112	574.614	1.3619	507.14	-35.8489	4.26227
562.671	576.18	-1.74138	1086.54	22.0908	4.26036
563.914	577.277	0.922372	1981.97	39.3291	4.26036
565.502	578.858	3.35306	2116.04	52.7366	4.26227
566.686	579.913	1.59762	1555.8	54.1731	4.25274
568.331	581.563	0.887253	1017.1	0.303567	4.22986
569.39	582.7	0.621729	574.177	16.8236	4.26608
571	584.267	0.505728	356.305	-4.96368	4.26417
572.194	585.482	-1.89782	665.157	35.4983	4.25845
573.741	586.971	-0.738883	926.125	61.5951	4.26036
574.906	588.302	0.877675	832.751	42.6809	4.26798
576.504	589.865	1.28527	674.734	26.8792	4.29086
577.641	590.992	2.35854	1416.94	14.4294	4.26036
579.358	592.574	1.38691	1237.37	-3.52715	4.25274
580.475	593.753	0.594591	851.905	-29.624	4.25274
582.112	595.337	1.73384	827.963	-32.0182	4.24892
583.385	596.437	-0.0737423	428.131	-6.4002	4.26036
584.991	598.104	-0.410037	569.389	7.72559	4.26036
586.241	599.354	-0.472295	174.346	-26.0326	4.25845
587.814	601.043	-0.315854	272.508	-16.2164	4.26798
588.977	602.157	0.00767094	471.227	-33.2153	4.25274
590.767	603.755	0.0486436	526.293	-27.7086	4.26036
591.865	604.873	0.218388	636.427	-17.1741	4.25083
593.402	606.48	0.189653	459.256	-34.8912	4.24892
594.675	607.592	-0.266367	-160.843	-30.3422	4.26036
596.254	609.208	-0.299358	-536.732	-67.9312	4.24511
597.456	610.469	-0.110458	-685.173	-15.2587	4.25845
599.031	612.014	0.0183132	-503.213	2.93719	4.24892
600.116	613.275	0.11569	358.699	-16.6953	4.25274
601.755	614.83	0.43815	782.473	25.6821	4.26036
603.239	616.214	0.707399	1579.74	13.4717	4.26798
604.397	617.395	0.147617	1603.68	-1.85121	4.25845
606.096	619.058	0.220516	1483.97	-13.8222	4.25655
607.257	620.249	-0.316918	1024.29	-15.2587	4.25655
608.877	621.931	0.265746	792.05	-38.4825	4.26227
610.105	623.07	-2.28786	610.09	-12.6251	4.25274
611.686	624.709	-3.90655	772.896	3.65545	4.24892
612.865	626.022	-1.29281	1294.83	30.9494	4.24511
614.469	627.581	0.10824	1589.32	60.398	4.25274
615.604	628.699	-2.45707	2108.86	74.5238	4.25083
617.378	630.38	-2.40546	1527.07	16.3447	4.26798
618.526	631.587	-1.3274	1206.25	-28.1874	4.24892
620.176	633.164	-0.662259	1242.16	-24.5961	4.25083
621.47	634.307	0.412609	1184.7	-7.35787	4.25274
623.082	636.041	0.221048	1074.57	-18.3712	4.25655
624.333	637.32	0.00234982	332.363	-53.3265	4.25274
625.919	638.869	-0.342459	341.94	-52.3689	4.25274
627.12	640.17	-0.692057	45.0587	-56.6784	4.25274
628.773	641.841	-0.631396	90.5486	-52.1294	4.24511
630.019	642.938	-0.00350344	40.2703	-25.5538	4.25274
631.561	644.541	0.228498	-120.141	-41.595	4.2432
632.834	645.685	0.629178	-864.738	-28.4269	4.24892
634.429	647.286	1.32412	-938.958	-35.8489	4.25845
635.643	648.415	-0.331817	-663.625	-14.0616	4.26417
637.192	650.104	-1.20608	-589.405	-6.63962	4.25655
638.288	651.362	-0.809654	-81.834	3.41603	4.24702
639.922	652.812	-0.576057	212.653	32.8647	4.25845
641.181	654.097	-0.380239	650.792	32.6253	4.26036
642.809	655.775	0.0768456	677.128	35.2589	4.26417
644.033	656.965	1.78493	1091.32	25.9215	4.25845
645.706	658.677	1.59603	890.212	5.81023	4.24892
647.035	659.89	1.80887	715.435	-7.35788	4.24511
648.662	661.576	1.04103	655.58	-13.3434	4.26417
649.694	662.672	-2.77049	1038.65	2.93719	4.26036
651.291	664.392	-2.92746	1273.28	26.4004	4.25274
652.554	665.65	-1.00281	1376.23	-14.5405	4.2432
654.205	667.166	0.509985	1998.73	47.7088	4.25845
655.49	668.493	0.889381	2491.93	24.2456	4.29086
657.109	670.17	0.260424	2453.63	20.4149	4.25274
658.272	671.295	-0.0162741	2496.72	13.7111	4.25083
660.076	672.991	-0.143449	2336.31	-2.33005	4.25274
661.213	674.177	-0.0130815	1304.41	11.3169	4.25274
662.848	675.918	0.0358729	1002.74	-18.85	4.24892
664.335	677.375	-0.427597	447.285	-7.83672	4.25274
665.54	678.654	-0.200917	138.433	-32.0182	4.25274
667.268	680.26	0.315232	246.172	-21.2442	4.25274
668.564	681.518	-0.00882456	-845.584	-22.2019	4.26798
670.165	683.176	-0.322239	-967.689	-34.4124	4.26036
671.419	684.348	-0.585635	-831.219	-36.5671	4.26227
673.03	686.044	0.0491757	-821.642	-35.6095	4.26608
674.31	687.177	-0.439304	-989.236	-10.7098	4.25845
675.939	688.84	-0.428661	-915.016	-3.28774	4.25274
677.052	689.951	-0.131743	-555.886	-11.428	4.26036
678.717	691.642	-0.303615	-642.077	-20.0471	4.25274
680.211	693.063	1.07615	-151.266	34.7801	4.25274
681.337	694.324	1.1565	938.096	-10.9492	4.24702
683.086	696.044	1.27995	1153.57	10.5986	4.26036
684.241	697.161	-0.522845	1491.16	-6.87903	4.28323
685.904	698.901	-0.580846	1510.31	-4.96367	4.25274
687.175	700.09	-0.633525	1199.06	3.65546	4.25845
688.865	701.879	-0.638314	1038.65	-12.3857	4.25845
690.11	703.044	-0.0689533	722.618	-5.20309	4.24892
691.73	704.688	0.639288	765.714	-0.893533	4.26417
692.92	706.02	1.10968	1045.84	47.7088	4.24511
694.549	707.492	0.853198	1232.58	66.3835	4.24892
695.874	708.773	-2.50496	2398.56	44.1175	4.24511
697.496	710.522	-1.13052	2166.32	20.8937	4.25845
698.784	711.722	0.323214	1428.91	17.063	4.25464
700.437	713.446	1.84027	1232.58	-2.56947	4.25655
701.708	714.628	1.25335	1392.99	-1.37237	4.25655
703.476	716.373	0.213599	1316.38	-9.03381	4.26227
704.667	717.537	2.03981	1179.91	-0.175269	4.25274
706.32	719.238	3.01145	1112.87	-6.87904	4.25845
707.599	720.587	1.44065	145.615	-58.5938	4.23749
709.29	722.276	1.40606	85.7602	-64.5793	4.26036
710.553	723.466	0.86384	-311.677	-23.399	4.24892
712.194	725.158	0.208809	-345.196	-26.7509	4.24892
713.507	726.341	0.519563	-548.703	-12.1463	4.24511
715.163	728.026	0.677069	-512.79	-8.55498	4.25083
716.292	729.13	-0.0263843	-807.277	-9.75208	4.25655
718.014	730.877	0.26947	-735.451	-2.56947	4.26798
719.255	732.133	0.160387	-594.193	28.3157	4.25655
720.928	733.722	-0.0939626	-469.695	40.7656	4.26798
722.238	735.033	-0.15622	497.563	14.9082	4.23749
723.917	736.753	0.415801	674.734	32.6253	4.24892
724.998	737.984	2.28564	1364.26	23.0485	4.24892
726.814	739.804	2.2915	1203.85	7.00734	4.25655
727.931	740.986	0.607362	921.337	7.96501	4.25655
729.599	742.698	1.20758	935.702	9.40154	4.25845
730.884	743.921	1.30709	1194.28	32.8647	4.25274
732.579	745.628	2.51924	1211.04	34.5407	4.2413
734.016	747.081	1.14533	1737.76	1.50067	4.24702
735.315	748.382	-0.226991	2393.77	39.3291	4.26417
736.956	750.106	0.943657	2250.12	24.9639	4.25274
738.214	751.337	-0.205174	1792.83	62.074	4.25274
739.931	753.084	0.158259	1419.33	24.7244	4.28133
741.277	754.286	2.22924	1304.41	29.034	4.25845
743.018	756.033	3.1929	1189.49	17.5418	4.23939
744.113	757.244	1.47577	1019.5	14.4294	4.26798
745.868	759.015	1.08786	851.905	-2.33005	4.25274
747.145	760.284	1.50238	332.363	-28.4269	4.26608
748.848	761.921	1.25601	248.566	-36.8066	4.25274
750.09	763.258	0.300333	-589.405	-31.0605	4.25274
751.745	765.019	-0.386624	-534.338	-25.5538	4.23939
752.941	766.192	-1.26408	-862.344	-21.0048	4.25274
754.703	767.883	-0.653213	-1003.6	-35.1306	4.29467
755.852	768.992	-0.279138	-754.605	-40.3979	4.25274
757.503	770.717	0.0592858	-500.819	-15.0193	4.25655
758.785	771.879	0.517435	-534.338	-34.6518	4.26036
760.519	773.612	0.941529	-290.13	-10.2309	4.25274
761.793	774.957	2.03289	425.737	24.0062	4.26798
763.374	776.593	-0.290312	351.517	16.5841	4.25274
764.557	777.926	0.907473	756.137	5.81023	4.25083
766.477	779.583	1.88124	746.56	4.85255	4.29467
767.652	780.846	0.71006	514.322	29.9917	4.25845
769.323	782.612	-1.57057	344.334	12.9928	4.24511
770.654	783.806	0.0119278	679.522	30.2311	4.24892
772.335	785.483	3.31422	1232.58	85.5372	4.26036
773.654	786.83	2.42665	2075.34	63.0317	4.26036
775.276	788.425	1.00325	1898.17	45.3146	4.24511
776.404	789.772	0.718573	2041.82	-3.04832	4.26608
778.327	791.534	1.52738	1998.73	-7.35788	4.2413
779.567	792.771	4.35397	935.702	-2.09063	4.25274
781.306	794.485	4.48008	1031.47	7.48617	4.25083
782.556	795.722	-1.16989	974.009	-17.8924	4.25083
784.35	797.445	-3.01739	859.087	-29.3845	4.24511
785.705	798.691	-2.21816	653.186	-51.4112	4.26417
787.306	800.458	0.16624	523.899	-64.3399	4.26036
788.485	801.787	1.08839	274.902	-21.7231	4.25655
790.3	803.413	0.0443867	21.1167	-47.1016	4.25274
791.521	804.713	-0.250936	-445.753	-43.5103	4.26798
793.232	806.459	-0.205706	-637.289	-62.6639	4.25274
794.512	807.63	-0.905966	-642.077	-19.0895	4.24892
796.201	809.379	-0.864462	-541.521	-9.03382	4.25083
797.521	810.563	-0.15888	-340.408	6.28907	4.24511
799.244	812.363	-0.440368	-189.573	21.3725	4.24511
800.363	813.516	-0.763892	-153.66	20.6543	4.25274
802.042	815.297	-0.847966	-235.063	12.514	4.25083
803.623	816.723	0.0885521	404.189	2.69777	4.25083
804.87	818.118	-2.5188	660.369	8.68328	4.25274
806.703	819.929	-2.40972	516.716	-5.68194	4.26036
807.908	821.134	-1.99307	526.293	10.5986	4.24511
809.62	822.835	-4.5536	358.699	-6.16078	4.26036
810.923	824.079	-1.23907	485.592	-14.0616	4.25083
812.596	825.773	2.47242	820.78	19.4572	4.24892
813.851	827	1.91423	1246.95	62.5528	4.25845
815.623	828.77	0.787748	1105.69	48.427	4.25274
816.849	830.104	-1.88452	1201.46	30.7099	4.24511
818.727	831.685	-1.62113	1275.68	38.132	4.26227
819.871	833.041	-0.518056	1457.64	6.5285	4.26036
821.675	834.753	-0.0689533	1349.9	-4.24541	4.26036
822.959	835.946	0.110369	686.705	-31.2999	4.25655
824.702	837.749	-0.108862	521.505	-47.8199	4.26417
826.034	839.008	0.312571	195.893	-21.0048	4.26036
827.746	840.772	0.316828	322.786	-8.31556	4.24892
828.984	841.94	0.666958	76.1834	-11.428	4.24892
830.692	843.745	1.11287	6.7515	-18.3712	4.26036
831.984	845.055	-0.0130815	-144.083	-20.0471	4.25274
833.689	846.798	-0.165266	-177.602	-23.399	4.26036
834.995	848.028	0.290755	-543.915	-4.48484	4.25274
836.723	849.803	0.569582	-761.787	-26.2721	4.26417
838.034	851	1.0123	-666.019	3.89487	4.25083
839.689	852.795	1.02507	-862.344	-15.7376	4.25274
840.934	854.031	0.397709	-637.289	-14.3011	4.25083
842.633	855.754	0.166241	-244.64	24.9638	4.26036
843.982	857.151	-1.65571	95.337	55.1308	4.25274
845.719	858.741	-1.84248	229.412	68.5383	4.25274
847.071	860.089	-0.944279	916.548	27.1186	4.26417
848.777	861.843	-1.12307	751.348	10.5986	4.25655
850.212	863.379	1.45182	957.25	-31.0605	4.24892
851.488	864.614	2.04194	1392.99	14.4294	4.25274
853.221	866.407	2.06163	1443.27	19.4572	4.25845
854.612	867.626	-3.31058	1653.96	10.3592	4.25655
856.359	869.38	-4.22635	1517.49	-3.28773	4.24511
857.776	870.918	-0.32756	1436.09	5.81024	4.26036
859.128	872.307	0.0529005	1302.01	-34.4124	4.26417
860.897	873.934	-0.649488	1299.62	-34.6518	4.25274
862.093	875.295	-2.94821	976.403	3.41603	4.25845
863.92	877.145	-2.54168	555.024	-38.7219	4.23939
865.151	878.404	0.30459	181.528	-23.399	4.26036
866.896	880.127	0.678665	11.5399	-40.3979	4.26036
868.296	881.369	-0.863929	-357.167	-11.6674	4.25845
869.972	883.159	-2.63586	-563.069	-32.2576	4.25274
871.304	884.369	-3.04506	-661.231	-21.0048	4.23558
873.021	886.16	-3.16532	-457.724	-0.654114	4.26417
874.201	887.53	-0.0966231	-136.901	11.7957	4.25274
876.026	889.233	1.15916	-254.216	0.0641502	4.25274
877.216	890.509	-0.816571	-661.231	26.8792	4.26417
878.988	892.259	-1.43701	-649.26	28.0763	4.25845
880.328	893.5	-0.0333017	-270.976	-8.7944	4.25274
882.025	895.275	0.120479	61.8181	24.485	4.25655
883.318	896.453	0.610554	317.998	17.063	4.25274
885.106	898.208	0.426444	351.517	20.4149	4.25845
886.284	899.603	0.29714	40.2703	-6.87904	4.24511
888.141	901.248	0.0784419	35.4819	-7.35788	4.25655
889.23	902.631	-1.02516	459.256	1.50067	4.2413
891.052	904.42	-0.712809	957.25	51.3001	4.25083
892.399	905.634	0.158791	1539.04	41.9627	4.2413
894.109	907.361	1.97329	1752.12	63.2711	4.26036
895.426	908.636	1.95627	2230.96	12.514	4.2413
897.199	910.452	1.31454	1689.88	-41.595	4.23939
898.419	911.649	0.772317	1438.48	-13.5828	4.24892
900.264	913.487	0.375361	1120.06	-45.4257	4.26036
901.44	914.934	0.0880199	947.673	-13.3434	4.25274
903.248	916.662	0.524352	921.337	-15.977	4.26036
904.685	918.057	-0.278606	444.89	25.4427	4.25845
906.47	919.869	-0.736223	428.131	23.7667	4.25845
907.771	921.131	0.403031	-38.7383	11.0775	4.2432
909.531	922.93	0.424315	-112.959	3.65545	4.25274
910.706	924.121	0.448792	-148.872	-10.9492	4.25274
912.466	925.929	0.36259	-158.448	-11.9069	4.26036
913.72	927.158	0.454113	-766.576	-19.0895	4.24892
915.443	928.936	0.662169	-692.355	-11.6674	4.25845
916.806	930.278	-0.389817	-802.489	23.2879	4.24511
918.572	932.018	-0.0503293	-704.326	33.1041	4.25655
919.898	933.379	1.22514	-201.544	14.9082	4.27561
921.627	935.112	-0.890535	28.2993	37.8925	4.25083
923.098	936.617	-3.18394	353.911	14.4294	4.24511
924.434	937.956	-3.78257	246.172	26.6398	4.24892
926.217	939.741	-1.08263	471.227	49.1453	4.24892
927.368	941	-0.862865	930.913	-11.6674	4.24702
929.236	942.767	-1.44074	1230.19	18.2601	4.24702
930.487	944.136	-1.10072	1381.02	15.1476	4.24892
932.275	945.824	0.287562	1381.02	15.1476	4.24892
933.586	947.206	0.854262	1622.84	-4.24541	4.24511
935.383	949.022	0.743583	1622.84	-4.24541	4.24511
936.877	950.587	1.38265	1658.75	6.5285	4.25274
938.479	952.185	-0.328092	1395.39	34.3012	4.25274
939.695	953.479	-1.27366	1474.4	9.64096	4.24892
941.653	955.226	-2.18995	1474.4	9.64096	4.25655
942.95	956.495	-1.47852	904.577	1.02183	4.26036
944.635	958.318	-0.322239	904.577	1.02183	4.24892
946.011	959.709	-0.680883	-357.167	-41.8344	4.26798
947.825	961.546	-0.663855	-357.167	-41.8344	4.24702
949.166	962.833	0.0725887	-1144.86	-13.8222	4.25274
950.881	964.59	-0.265303	-1144.86	-13.8222	4.25274
952.019	965.85	-0.648956	-1413.01	-43.9892	4.25083
953.788	967.6	-0.59947	-1413.01	-43.9892	4.25845
955.415	969.124	0.279048	-1094.58	-43.2709	4.26036
956.608	970.426	0.35248	-1085	-58.5938	4.25655
958.49	972.242	0.510517	-982.054	-48.2987	4.26036
959.758	973.546	0.491893	-594.193	-54.5237	4.25274
961.499	975.436	0.480187	-29.1615	1.97951	4.25655
962.882	976.693	-0.160477	794.444	-43.0315	4.2432
964.583	978.547	0.421655	1031.47	-19.3289	4.25274
965.984	979.872	-0.84637	1354.69	1.97951	4.24702
967.827	981.71	-0.684075	1467.21	13.2323	4.25274
969.057	983.018	0.601509	693.887	25.4427	4.25845
970.903	984.859	0.656848	416.16	-2.33005	4.25845
972.192	986.224	0.743051	806.415	10.8381	4.25274
973.919	987.919	0.736133	782.473	8.44385	4.25274
975.276	989.361	0.766463	1584.53	4.85256	4.24511
977.086	991.193	1.02188	1668.33	13.2323	4.25845
978.488	992.351	1.44704	1754.52	67.3412	4.26417
980.302	994.162	0.844152	1924.51	84.3401	4.25845
981.523	995.492	-0.275945	1752.12	37.8925	4.25464
983.422	997.305	-0.460056	1199.06	-17.4135	4.25845
984.721	998.582	0.0310839	502.351	-26.2721	4.2413
986.512	1000.45	0.167305	413.766	-35.1306	4.24892
987.891	1001.85	0.0779098	-112.959	-31.7787	4.24892
989.588	1003.52	0.0890842	-156.054	-36.0883	4.24702
990.98	1004.9	-0.273817	-1118.52	-1.13295	4.2432
992.792	1006.67	-0.116311	-1257.39	-15.0193	4.24702
994.033	1007.94	-0.315321	-1372.31	-11.1886	4.2413
995.755	1009.71	-0.119504	-1350.76	-9.03382	4.24892
997.101	1010.9	2.03023	-1233.45	-4.96367	4.25274
998.919	1012.74	1.24749	-1592.58	-40.8767	4.26417
1000.25	1014	0.564793	-1779.32	-79.1839	4.23939
1001.97	1015.81	0.207213	-1221.47	-23.399	4.26036
1003.33	1017.2	0.648335	456.861	-26.9903	4.26036
1005.22	1018.88	2.0728	729.8	0.303567	4.26417
1006.46	1020.3	4.04321	1076.96	12.0352	4.25845
1008.23	1022.16	1.23047	1009.92	5.33139	4.26417
1009.63	1023.39	-4.80795	667.551	20.4149	4.24511
1011.42	1025.2	-3.69158	516.716	5.33139	4.26036
1012.8	1026.46	0.878207	947.673	-9.03382	4.25083
1014.55	1028.36	-0.254128	1151.18	11.3169	4.25464
1015.94	1029.67	0.0454509	1795.22	-6.16077	4.25274
1017.76	1031.36	1.22248	2218.99	36.2166	4.24892
1019.03	1032.76	-1.42371	1804.8	13.4717	4.25655
1020.8	1034.57	-0.21422	1574.95	-9.51266	4.25845
1022.2	1035.87	1.41617	1177.52	-27.7086	4.25083
1023.97	1037.73	1.22195	995.557	-45.9045	4.24702
1025.71	1039.28	-0.445689	657.974	-27.948	4.24511
1026.93	1040.59	-2.09311	552.63	-9.27324	4.2413
1028.68	1042.43	-3.16638	519.111	-12.6251	4.25845
1030.09	1043.66	-4.03053	617.273	20.6543	4.25274
1031.88	1045.52	-1.84036	765.713	35.4983	4.25274
1033.25	1046.89	0.588206	-60.2861	5.57081	4.25274
1035.01	1048.67	0.378553	-237.457	-12.1463	4.27942
1036.27	1049.92	-0.549451	-558.28	19.936	4.25274
1038.03	1051.79	-1.35241	-555.886	20.1754	4.25083
1039.66	1053.3	-0.842645	-764.181	14.1899	4.25655
1040.88	1054.6	-0.358423	-788.123	13.2323	4.25655
1042.85	1056.4	-0.562222	-838.402	8.20443	4.24511
1044.11	1057.67	0.590866	-43.5267	23.0485	4.25083
1045.91	1059.49	0.658977	171.951	44.5963	4.25083
1047.53	1061.01	0.0571574	521.505	-34.8912	4.25274
1048.75	1062.45	-0.10088	545.447	-5.68194	4.25274
1050.53	1064.28	0.367379	516.716	-8.55498	4.2413
1051.92	1065.61	0.496682	978.797	5.57082	4.24702
1053.72	1067.35	0.905345	1165.55	24.2456	4.23367
1055.12	1068.66	-2.27722	1831.13	11.3169	4.25083
1056.95	1070.48	0.218387	1742.55	2.45836	4.25083
1058.49	1072.1	0.219984	1208.64	-5.44252	4.26798
1060.13	1073.67	-0.68514	715.435	0.78241	4.24892
1061.41	1075.11	0.219984	775.29	-16.6953	4.25845
1063.22	1076.83	-1.77916	851.905	-9.03382	4.25845
1064.62	1078.31	-1.44074	799.232	-13.3434	4.26036
1066.41	1080.15	2.07014	990.768	5.81024	4.24511
1067.83	1081.36	1.71416	667.551	25.6821	4.26036
1069.68	1083.26	-0.394074	490.38	7.96501	4.25083
1071.06	1084.57	-2.84977	-397.869	1.97951	4.25274
1072.88	1086.42	-3.17862	-438.57	-2.09063	4.2432
1074.35	1087.96	-0.688332	-184.785	-10.7098	4.24511
1075.69	1089.43	2.45592	-345.196	0.0641464	4.24511
1077.47	1091.11	0.469013	-340.408	0.542989	4.24892
1078.73	1092.52	-3.70115	-666.019	-2.33005	4.24892
1080.57	1094.35	-1.73872	-620.529	2.21893	4.25845
1081.96	1095.66	1.31081	-129.718	-22.9202	4.25274
1083.69	1097.48	0.388664	387.43	28.7946	4.25274
1085.11	1098.75	2.10419	677.128	16.1053	4.2413
1086.92	1100.62	3.94105	497.563	-1.85121	4.26798
1088.28	1101.9	-0.132275	119.279	7.24675	4.25083
1090.06	1103.8	0.0779098	303.633	25.6821	4.25274
1091.33	1105.17	0.0864236	485.592	35.7378	4.24511
1093.13	1106.84	-0.0311733	617.273	48.9059	4.25845
1094.53	1108.32	-0.0652285	1280.47	33.3436	4.24511
1096.32	1110.2	-0.0551184	933.308	-1.37237	4.24702
1097.69	1111.5	0.32481	758.531	-5.44252	4.25845
1099.57	1113.37	0.354608	698.676	-11.428	4.26036
1100.96	1114.68	0.716977	914.154	-19.0895	4.25274
1102.73	1116.56	0.561068	1029.08	-7.5973	4.26036
1103.99	1117.88	-0.207835	883.029	21.8514	4.23939
1105.87	1119.71	0.189121	622.061	-4.24542	4.25274
1107.28	1121.15	0.376425	179.134	-1.61179	4.26036
1109.06	1123.05	-0.195064	181.528	-1.37237	4.25655
1110.71	1124.58	-0.0732102	-41.1325	-10.2309	4.24892
1111.97	1125.82	0.756885	-153.66	16.8236	4.25845
1113.78	1127.68	-0.402056	-443.358	-12.1463	4.25083
1115.09	1129.02	-0.510075	-819.248	-12.8645	4.26227
1116.85	1130.85	-0.13121	-867.132	-17.6529	4.26227
1118.27	1132.14	-0.13121	-867.132	-17.6529	4.25274
1120.11	1133.96	0.667491	-496.031	8.44386	4.25274
1121.36	1135.37	1.15863	-515.184	15.1476	4.26798
1123.26	1137.11	-1.20289	-764.181	-9.75208	4.25655
1124.53	1138.52	-0.822425	-302.101	-28.6663	4.25845
1126.34	1140.42	-1.03899	92.9428	10.8381	4.25845
1127.69	1141.7	-1.20927	476.015	-13.5828	4.25274
1129.56	1143.52	0.723894	744.166	13.2323	4.26036
1131.1	1145.09	1.35126	1201.46	-11.428	4.26227
1132.54	1146.37	1.25973	1273.28	1.97951	4.25274
1134.32	1148.26	1.04476	1153.57	-9.9915	4.26036
1135.69	1149.75	0.985162	1565.38	-10.4703	4.24702
1137.57	1151.49	0.821803	1483.97	-18.6106	4.26227
1138.85	1152.93	0.587674	1057.81	1.97951	4.24511
1140.75	1154.84	-0.215284	1275.68	23.7667	4.24892
1142.01	1156.11	-1.36145	1036.26	-1.13295	4.25845
1143.91	1158	-0.234972	871.058	-17.6529	4.25845
1145.62	1159.59	0.367911	265.325	-39.4402	4.24511
1147.17	1161.19	0.421655	-89.0166	-17.4135	4.26608
1148.55	1162.46	0.078974	-57.8919	-10.4703	4.25274
1150.36	1164.34	0.189653	-50.7093	-9.75208	4.26417
1151.59	1165.75	0.0449188	-433.782	0.782408	4.25274
1153.49	1167.65	0.144424	-443.358	-0.175273	4.25845
1154.77	1168.93	-0.541469	-651.654	7.72559	4.26036
1156.61	1170.82	0.514242	-697.144	3.17661	4.26036
1158.3	1172.4	3.57176	-661.231	29.2734	4.24702
1159.52	1173.63	-1.84781	-766.576	-45.9045	4.2737
1161.37	1175.52	-1.45032	-558.28	-25.075	4.24511
1162.75	1176.83	-1.63709	95.337	-17.1741	4.26036
1164.59	1178.76	-0.786773	389.824	12.2746	4.24511
1165.97	1180.1	0.677069	581.36	18.4995	4.25083
1167.82	1181.83	0.550426	519.111	12.2746	4.25083
1169.14	1183.32	0.360994	128.856	11.0775	4.26608
1171.1	1185.17	0.210406	296.45	27.8369	4.25083
1172.36	1186.44	0.820739	1199.06	21.8514	4.25464
1174.17	1188.33	0.817014	1098.51	11.7957	4.25655
1175.6	1189.64	-1.5727	1287.65	15.387	4.25274
1177.44	1191.5	-2.80933	1134.42	0.0641479	4.26417
1178.81	1192.97	1.32465	837.54	11.5563	4.25274
1180.71	1194.64	2.10526	514.322	-20.7654	4.23367
1181.99	1196.14	-0.0205311	569.389	-24.8356	4.26798
1183.95	1198.04	-0.947471	653.186	-16.4558	4.2432
1185.25	1199.33	0.914391	492.774	-13.8222	4.27561
1187.11	1201.19	0.930354	341.94	-28.9057	4.23939
1188.51	1202.5	-0.400459	-440.964	-50.6929	4.26417
1190.29	1204.42	-0.602662	-575.039	-64.1005	4.24702
1191.84	1206	-0.232312	-1058.67	-38.2431	4.25655
1193.2	1207.28	0.113561	-986.842	-18.6106	4.25274
1195.09	1209.13	0.326938	-936.564	-13.5828	4.26036
1196.48	1210.54	0.885657	-1063.46	-0.414691	4.26417
1198.28	1212.39	0.979309	-1250.2	-19.0895	4.26036
1199.68	1213.7	1.72107	-828.825	-6.63962	4.26417
1201.26	1215.35	1.72107	-828.825	-6.63962	4.25274
1203.04	1217.26	1.49918	-414.628	42.4415	4.24702
1204.62	1218.79	2.88161	47.4529	8.68328	4.25464
1206.04	1220.11	0.870225	45.0587	-37.046	4.26798
1207.88	1222	2.59427	181.528	-23.399	4.26798
1209.58	1223.6	0.364718	499.957	-31.7787	4.26798
1210.81	1225.04	-1.7068	1213.43	13.7111	4.26417
1212.71	1226.72	-3.92411	1618.05	54.1731	4.23367
1214.13	1228.19	0.504132	2046.61	50.103	4.25274
1215.97	1230.12	3.78248	1905.35	35.9772	4.25274
1217.37	1231.43	2.78423	1426.51	37.4137	4.24892
1219.27	1233.32	0.46582	1172.73	12.0352	4.25274
1220.82	1234.95	-1.19011	736.983	-6.16078	4.24892
1222.4	1236.55	-0.359487	648.398	36.6954	4.23367
1223.85	1237.82	0.445067	248.566	-18.1318	4.26036
1225.68	1239.74	0.461563	-270.976	-70.086	4.2413
1227.06	1241.18	0.268406	-1312.45	-21.4837	4.25655
1228.9	1243.12	0.237544	-1276.54	-17.8924	4.25274
1230.3	1244.41	0.0667354	-1539.9	-14.5405	4.26036
1232.17	1246.3	0.245525	-1597.36	-20.2866	4.25845
1233.41	1247.53	-0.199853	-1436.95	-22.4413	4.26036
1235.19	1249.45	-0.276477	-1645.25	-43.2709	4.25845
1236.58	1250.72	-0.46112	-1549.48	-29.3845	4.25083
1238.41	1252.6	-0.388753	-1202.32	5.3314	4.26798
1239.81	1254.07	-0.0178704	49.8471	-6.4002	4.25845
1241.64	1255.83	0.534462	447.285	33.3436	4.24892
1243.22	1257.38	0.954299	1270.89	44.3569	4.25274
1244.99	1259.16	0.625454	1572.56	54.4125	4.2432
1246.27	1260.46	-1.51311	1673.12	41.9627	4.26036
1248.04	1262.38	-0.553176	1304.41	5.09197	4.25274
1249.45	1263.7	-0.995361	892.606	12.7534	4.25274
1251.36	1265.54	-1.29175	1045.84	28.0763	4.25274
1252.73	1266.88	-1.55355	1378.63	16.8236	4.24511
1254.55	1268.78	-0.953324	1596.5	38.6108	4.24892
1256.16	1270.37	1.24696	1728.18	14.4294	4.25274
1257.69	1271.86	0.631839	1438.48	60.1586	4.2413
1259.49	1273.79	0.338113	1273.28	43.6386	4.25083
1260.88	1275.11	0.721766	1416.94	2.45836	4.25274
1262.77	1277.05	0.574903	1218.22	-17.4135	4.26036
1264.34	1278.66	0.963877	1002.74	-10.7098	4.24511
1265.74	1279.98	0.947914	272.508	7.72559	4.26036
1267.6	1281.95	0.514774	-282.947	-47.8199	4.24511
1268.96	1283.27	0.604169	-567.857	10.8381	4.27561
1270.96	1285.15	0.993143	-675.596	0.0641479	4.2413
1272.22	1286.55	0.83351	-1020.36	5.81024	4.25845
1274.04	1288.36	0.366847	-1135.28	-5.68193	4.26036
1275.41	1289.67	-0.0732102	-852.767	-43.9892	4.26036
1277.2	1291.61	-0.130678	-1008.39	-59.5515	4.24511
1278.59	1292.87	0.886189	-1204.71	-18.3712	4.26227
1280.43	1294.79	1.29592	-1144.86	-12.3857	4.26798
1281.7	1296.03	0.741986	-1037.12	-18.85	4.26608
1283.71	1297.89	0.825528	-828.825	1.97951	4.25845
1284.99	1299.39	-0.766021	-740.239	-17.4135	4.26608
1286.82	1301.14	-1.22257	-546.309	1.97951	4.26036
1288.54	1302.7	-1.6738	140.827	-44.7074	4.25274
1290.1	1304.47	-0.640974	430.525	20.1754	4.26417
1291.62	1306.07	2.00629	892.606	17.5418	4.25845
1293.35	1307.66	1.46513	1199.06	26.1609	4.25274
1294.65	1308.96	0.514774	1486.37	12.7534	4.26417
1296.65	1310.93	-2.21762	1452.85	9.40154	4.26036
1297.96	1312.22	-1.79247	1043.44	8.68328	4.25655
1299.84	1314.15	1.14958	705.858	-25.075	4.24892
1301.33	1315.67	-2.0383	571.783	19.936	4.25274
1303.12	1317.43	-1.22843	423.343	5.09197	4.23939
1304.53	1318.93	0.948446	844.722	-12.1463	4.25083
1306.42	1320.84	1.73544	1021.89	5.57081	4.25655
1307.78	1322.18	-0.696314	1203.85	39.0896	4.26036
1309.82	1324.07	-1.60091	1258.92	44.5963	4.24892
1311.06	1325.36	0.160387	622.061	21.1331	4.26036
1312.98	1327.25	1.59337	40.2703	-37.046	4.24892
1314.37	1328.61	1.40979	-888.68	6.52849	4.25274
1316.17	1330.52	0.502004	-701.932	25.2033	4.25274
1317.59	1332.01	-0.678754	-766.576	-6.63962	4.2737
1319.5	1333.9	-1.59186	-1211.9	-51.1718	4.24511
1320.76	1335.19	-1.06826	-1719.47	-55.9602	4.23939
1322.57	1337.04	-0.15622	-1434.56	-27.4692	4.26417
1324.05	1338.36	0.668555	-1243.02	-29.3845	4.25274
1325.93	1340.24	1.84825	-1039.51	-9.03382	4.26036
1327.33	1341.5	3.34295	-373.927	-10.9492	4.25655
1329.17	1343.37	0.911198	-38.7383	22.5696	4.25274
1330.77	1344.92	1.38478	825.568	-4.48484	4.2413
1332.51	1346.55	2.65866	1785.64	-23.8779	4.25274
1333.84	1347.98	2.01214	2199.84	8.9227	4.25274
1335.69	1349.97	1.24058	1864.65	-24.5961	4.24511
1337.16	1351.29	2.98431	1155.97	-4.96368	4.25845
1339.09	1353.28	2.49157	760.925	-44.468	4.29658
1340.47	1354.66	0.458902	322.786	-13.104	4.25274
1342.34	1356.68	-1.75096	236.595	-21.7231	4.24511
1343.88	1357.97	-3.35209	430.525	-0.414693	4.26036
1345.77	1359.85	0.258296	487.986	5.33139	4.25274
1347.04	1361.35	0.897363	-417.022	-15.2587	4.24892
1348.86	1363.12	-0.245615	-397.869	-13.3434	4.29086
1350.25	1364.57	4.338	-996.419	7.24675	4.25655
1352.1	1366.46	4.4572	-1039.51	2.93719	4.24892
1353.75	1368.04	-0.0785313	-1015.57	-12.8645	4.25274
1355.29	1369.57	-0.415359	-1183.17	-0.89353	4.24892
1356.9	1371.16	1.5923	-1044.3	5.3314	4.25655
1358.33	1372.49	2.12761	-1039.51	43.6386	4.25464
1360.21	1374.41	0.532866	-926.987	54.8914	4.26036
1361.52	1375.84	2.17337	255.749	11.3169	4.25845
1363.45	1377.63	1.01124	557.418	41.4838	4.25845
1364.77	1379.12	-0.753782	320.392	32.1465	4.25083
1366.76	1381.07	0.971327	413.766	41.4838	4.26227
1368.03	1382.34	5.55654	715.435	13.7111	4.25274
1369.63	1383.95	5.55654	715.435	13.7111	0.217307
1371.69	1385.87	1.14905	983.586	50.5818	4.25274
1372.95	1387.18	-1.35613	1311.59	64.2288	4.25655
1374.84	1389.04	-2.84765	1395.39	72.6085	4.25274
1376.3	1390.55	-0.193468	1694.66	40.7656	4.25845
1378.18	1392.28	-2.5486	1361.87	7.48618	4.26036
1379.54	1393.86	-1.52801	878.241	-32.7364	4.26036
1381.42	1395.78	-1.12679	897.395	-30.8211	4.26036
1382.77	1397.11	-0.678754	593.331	-2.80889	4.25845
1384.84	1399.04	0.413141	674.734	5.33139	4.25655
1386.08	1400.41	0.81595	246.172	-38.0037	4.24892
1388	1402.31	0.489233	296.45	-32.9758	4.2432
1389.68	1403.94	0.0475793	365.882	6.04965	4.26417
1390.97	1405.46	-0.333945	203.076	17.5418	4.24892
1392.82	1407.23	-0.529231	-84.2282	-11.1886	4.25274
1394.33	1408.68	-0.105137	-1058.67	-20.0471	4.25274
1396.2	1410.59	-0.18389	-1092.19	-23.399	4.26798
1397.57	1411.87	-0.354166	-1118.52	-11.1886	4.25083
1399.42	1413.71	-0.388221	-1017.97	-1.13296	4.25274
1400.82	1415	0.156662	-1003.6	-26.9903	4.24892
1402.74	1416.91	0.345562	-974.871	-24.1173	4.25655
1404.03	1418.31	0.458902	-836.008	-26.5115	4.25274
1405.82	1420.16	0.198699	-522.367	4.85255	4.25845
1407.28	1421.59	1.42149	346.728	-3.04831	4.24511
1409.11	1423.39	1.82962	784.867	40.7656	4.24511
1410.57	1424.8	1.17672	1337.93	28.0763	4.25274
1412.45	1426.69	0.490829	1215.82	15.8659	4.25274
1414.05	1428.35	-1.3854	1273.28	23.0485	4.26417
1415.51	1429.7	-3.4617	667.551	-11.6674	4.26036
1417.36	1431.68	1.86049	533.476	-25.075	4.25083
1418.83	1433.05	2.57352	298.844	-13.104	4.26798
1420.77	1435.02	1.64658	442.496	1.26125	4.24511
1422.1	1436.51	0.534994	916.548	-11.6674	4.25274
1424.07	1438.35	-1.98456	1127.24	9.40154	4.24511
1425.36	1439.74	-2.46293	1790.43	-2.80889	4.25083
1427.26	1441.73	-0.378643	1637.2	-18.1318	4.25083
1428.7	1443.13	1.99564	950.067	35.7378	4.25274
1430.58	1445.1	2.66664	768.108	17.5418	4.25655
1432.12	1446.45	-0.37279	375.459	32.3859	4.25274
1433.94	1448.36	-0.805929	-26.7673	-7.83672	4.23939
1435.48	1449.9	0.293948	-460.118	15.8659	4.25274
1436.89	1451.36	-0.284459	-412.234	2.93719	4.25083
1438.74	1453.11	-3.04187	-529.55	-8.7944	4.25845
1440.03	1454.63	-0.146642	-840.796	-4.00599	4.26798
1442.01	1456.53	1.05646	-1116.13	-31.5393	4.25083
1443.29	1457.82	1.07881	-1571.03	-42.5526	4.23558
1445.21	1459.75	-0.421744	-1638.07	-49.2564	4.26798
1446.62	1461.12	0.124736	-1796.08	21.1331	4.26036
1448.45	1462.97	0.429636	-1657.22	35.0195	4.25274
1449.91	1464.22	-3.55695	-656.442	38.8502	4.23177
1451.78	1466.17	-5.02771	-479.271	56.5673	4.26608
1453.07	1467.68	4.10068	614.879	2.69777	4.26036
1454.74	1469.3	4.10068	614.879	2.69777	4.26798
1456.64	1471.26	-0.261046	1141.6	-7.83671	4.26036
1458.27	1472.91	0.0662033	811.203	-17.4135	4.26417
1459.78	1474.2	1.97649	179.134	-14.5405	4.26036
1461.68	1476.18	1.15757	162.375	-16.2164	4.25845
1463.28	1477.78	-1.23907	-287.735	-29.624	4.2413
1464.72	1479.1	2.5219	-134.506	-12.8645	4.26036
1466.58	1481.07	2.27394	-57.8919	-5.20309	4.25274
1468	1482.55	-0.894792	456.861	3.17661	4.25845
1469.88	1484.32	-3.41222	653.186	22.8091	4.25845
1471.35	1485.83	-2.80508	1127.24	5.57081	4.24511
1473.19	1487.72	0.214131	940.49	-13.104	4.24702
1474.46	1489.04	-0.192935	294.056	-26.5115	4.26417
1476.34	1490.94	-0.637249	413.766	-14.5405	4.26036
1477.84	1492.27	0.258296	-191.967	-8.07614	4.25845
1479.7	1494.22	-0.449414	-479.271	-36.8066	4.25274
1481.11	1495.57	0.0662033	-982.054	-36.8066	4.26227
1483.04	1497.45	0.719638	-809.671	-19.5683	4.24702
1484.36	1498.99	1.04955	-859.95	-23.1596	4.26417
1486.31	1500.69	1.28314	-895.863	-26.7509	4.24892
1487.61	1502.19	1.36083	-972.477	-4.24542	4.26036
1489.46	1504.06	0.763803	-984.448	-5.44252	4.25845
1490.94	1505.4	-2.61405	-594.193	-10.9492	4.25274
1492.69	1507.35	-1.13903	-534.338	-4.96368	4.25274
1494.15	1508.68	0.0544968	-72.2572	-16.2164	4.25083
1496.06	1510.57	-2.72792	85.7602	-0.414692	4.24511
1497.48	1511.86	-1.17149	701.07	-1.61179	4.25274
1499.45	1513.84	0.867565	722.618	0.54299	4.25655
1500.74	1515.35	0.552022	1064.99	-4.96367	4.24511
1502.66	1517.32	-0.278074	1067.38	-4.72425	4.25083
1504.11	1518.72	-0.280202	1084.14	4.1343	4.24892
1505.97	1520.71	-0.222202	1084.14	4.1343	4.24892
1507.63	1522.42	-1.08742	796.838	26.1609	4.25083
1509.41	1524.06	-0.693653	183.922	15.1476	4.26608
1510.69	1525.4	0.101855	-318.86	-23.6384	4.26227
1512.69	1527.35	0.27692	-318.86	-23.6384	4.2413
1514	1528.83	-0.277541	64.2123	4.61313	4.25274
1515.86	1530.58	0.680261	64.2123	4.61313	4.25083
1517.27	1532.09	0.761142	-1269.36	-23.399	4.24511
1519.07	1533.96	0.0395976	-1269.36	-23.399	4.25274
1520.52	1535.29	-0.00669611	-1140.07	-13.3434	4.26036
1522.44	1537.28	-0.0199989	-1140.07	-13.3434	4.25083
1523.74	1538.58	-1.02942	-1142.47	-22.2019	4.26417
1525.74	1540.52	-0.613837	-1142.47	-22.2019	4.2432
1526.99	1541.87	3.05987	-1456.11	7.24676	4.25655
1528.84	1543.79	2.71772	-1456.11	7.24676	4.2413
1530.25	1545.25	1.14001	-1077.82	-1.85121	4.25083
1532.09	1547.04	0.574371	-630.106	42.9204	4.25274
1533.58	1548.45	-1.69083	753.742	-2.56947	4.25845
1535.53	1550.42	-0.876168	1285.26	50.5818	4.25083
1536.83	1551.75	1.74715	1716.21	48.1876	4.26417
1538.88	1553.66	2.17071	1608.47	37.4137	4.25083
1540.21	1555.03	-2.30117	1299.62	16.1053	4.25274
1542.11	1557.04	-2.42621	1043.44	-9.51266	4.26036
1543.88	1558.68	0.58182	1081.75	2.93719	4.25655
1545.52	1560.3	1.36562	1096.11	-3.28773	4.2432
1546.96	1561.82	1.13947	1464.82	14.9082	4.26036
1548.83	1563.74	0.867565	1203.85	-11.1886	4.23939
1550.14	1565.09	-0.97248	801.626	-3.04831	4.25274
1552.12	1567.07	-0.586699	861.482	2.93719	4.23558
1553.44	1568.36	1.75034	284.479	29.5128	4.25274
1555.31	1570.34	1.27091	-397.869	-38.7219	4.26036
1556.73	1571.55	1.07136	-1458.5	-8.7944	4.24892
1558.63	1573.52	0.242333	-1286.12	8.44386	4.26036
1560.24	1575.16	-0.169523	-1195.14	-50.4535	4.25274
1561.64	1576.56	0.036405	-1290.91	-39.919	4.25083
1563.61	1578.5	1.02135	-1192.74	-30.1028	4.26417
1565.02	1579.82	1.98181	-1453.71	9.40154	4.25845
1566.88	1581.79	-1.34496	-1475.26	7.24675	4.23939
1568.38	1583.37	-1.49448	-239.851	-38.7219	4.25274
1570.12	1584.96	-1.44393	358.699	-14.3011	4.24702
1571.44	1586.28	-1.7185	1232.58	-8.31555	4.2413
1573.39	1588.25	0.433361	1630.02	31.4282	4.25274
1574.83	1589.72	-0.0742745	1721	38.132	4.2432
1576.73	1591.51	0.97452	1627.63	28.7946	4.25274
1578.25	1593.03	2.43623	1086.54	-27.2297	4.2413
1580.09	1595.06	0.71006	997.951	-36.0883	4.26798
1581.41	1596.41	0.449857	-31.5557	14.1899	4.25655
1583.54	1598.38	1.06285	-29.1615	14.4294	4.24892
1584.91	1599.73	1.13788	-91.4108	21.612	4.25083
1586.75	1601.68	0.814886	-268.582	3.89487	4.2432
1588.18	1603.04	-0.31745	-50.7093	-5.92136	4.26036
1590.08	1604.94	-0.0657606	11.5399	0.303569	4.26036
1591.53	1606.4	0.542444	-498.425	38.3714	4.25655
1593.33	1608.16	0.192314	-1065.85	-18.3712	4.26227
1594.57	1609.6	0.22903	-1226.26	-32.0182	4.25274
1596.62	1611.59	-0.135467	-1336.4	-43.0315	4.24702
1597.89	1612.94	0.739326	-1175.98	-30.8211	4.29086
1599.75	1614.8	0.829253	-1029.94	-16.2164	4.25845
1601.21	1616.16	-0.377046	-713.903	-30.1028	4.25274
1603.12	1618.09	-0.465909	-795.306	-38.2431	4.25274
1604.59	1619.63	0.0954695	-879.103	-41.3555	4.25274
1606.41	1621.35	0.342902	-488.848	-2.33006	4.26798
1607.7	1622.78	-0.0588432	1273.28	-30.1028	4.25083
1609.78	1624.71	-2.083	2080.13	50.5818	4.25083
1611.37	1626.3	-0.76336	2333.92	68.7777	4.26036
1612.79	1627.6	-2.29372	2233.36	79.7911	4.26036
1614.74	1629.52	-2.83487	1744.94	30.9494	4.25083
1616.08	1630.9	-1.08156	1270.89	32.3859	4.26417
1617.96	1632.92	-0.130146	1026.68	7.96501	4.25274
1619.7	1634.54	1.14533	677.128	11.7957	4.26417
1621.04	1636.16	1.05646	516.716	28.7946	4.2432
1623	1637.9	0.90907	277.296	4.85255	4.26227
1624.44	1639.45	-0.689929	413.766	0.303569	4.25655
1626.31	1641.36	1.52792	64.2124	-34.6518	4.25274
1628.01	1643.03	3.16736	332.363	-11.6674	4.25274
1629.33	1644.33	1.15969	35.4819	37.1743	4.26036
1631.16	1646.24	0.346095	-373.927	-3.76657	4.2413
1632.95	1647.91	-0.755379	-1106.55	29.2734	4.24892
1634.51	1649.59	0.776042	-1295.69	22.8091	4.24511
1635.95	1651.08	1.40287	-1448.92	17.5418	4.25274
1637.84	1652.82	1.28314	-1410.62	21.3725	4.25083
1639.17	1654.29	0.100259	-1518.35	-11.9069	4.25845
1641.21	1656.23	-0.237633	-1906.22	-50.6929	4.24511
1642.5	1657.56	1.71894	-1458.5	-26.0326	4.25083
1644.33	1659.47	-0.987912	-1243.02	-4.48483	4.2432
1645.78	1660.81	-1.74777	45.0587	-48.5381	4.24892
1647.71	1662.74	1.40713	444.89	-8.55498	4.24511
1649.3	1664.38	1.9254	1309.2	5.09197	4.25274
1650.75	1665.87	2.3495	1421.72	30.7099	4.23939
1652.64	1667.69	1.59071	1321.17	20.6543	4.25274
1654.12	1669.25	1.97063	1400.18	21.3725	4.25655
1655.98	1671.26	3.21205	1050.62	-13.5828	4.24511
1657.46	1672.66	2.50541	650.792	3.89487	4.25274
1659.43	1674.58	0.213066	435.314	-17.6529	4.26608
1660.75	1675.95	-1.78395	-72.2571	21.612	4.25274
1662.67	1677.9	-1.3572	-302.1	-1.37237	4.26608
1664.19	1679.25	-0.111522	-24.3731	-29.624	4.25274
1666.02	1681.2	-0.526038	169.557	-10.2309	4.26036
1667.52	1682.69	1.13469	-225.486	4.85255	4.24892
1669.28	1684.45	1.33103	-565.463	-29.1451	4.25274
1670.75	1685.94	0.074185	-1003.6	-52.8477	4.24511
1672.65	1687.9	0.391324	-845.584	-37.046	4.27561
1673.92	1689.24	1.89082	-1006	-2.80889	4.25845
1675.78	1691.13	1.39861	-776.152	20.1754	4.25083
1677.27	1692.52	0.376425	-1080.22	2.21893	4.26036
1679.13	1694.47	0.0231022	-1257.39	-15.4982	4.25274
1680.6	1695.78	0.611087	-862.344	-21.9625	4.24511
1682.45	1697.77	0.876079	-419.416	22.3302	4.26608
1683.78	1699.26	1.85942	351.517	-3.52715	4.24892
1685.83	1701.21	3.3653	657.974	27.1186	4.25274
1687.1	1702.56	0.321617	1129.63	32.1465	4.25083
1688.98	1704.44	-1.16191	1067.38	25.9215	4.24511
1690.44	1705.81	-2.96684	2053.79	20.1754	4.24511
1692.34	1707.87	-1.69775	2039.43	18.7389	4.25845
1693.78	1709.2	1.11713	1718.61	32.1465	4.24511
1695.75	1711.19	1.25441	1615.66	21.8514	4.26036
1697.08	1712.7	1.9137	1223.01	40.5262	4.24702
1699.17	1714.49	1.29964	926.125	10.8381	4.25845
1700.44	1716.03	0.234883	519.111	-21.2442	4.25274
1702.35	1717.99	0.720702	543.053	-18.85	4.24511
1703.85	1719.34	0.490829	483.198	-6.63962	4.25655
1705.73	1721.4	0.169433	332.363	-21.7231	4.26036
1707.16	1722.69	0.632371	-488.848	-6.16078	4.25274
1709.07	1724.68	0.654188	-534.338	-10.7098	4.25845
1710.43	1725.93	0.508389	-926.987	-4.96368	4.25274
1712.42	1727.84	0.706335	-840.796	3.65545	4.25274
1714.01	1729.48	0.823932	-979.66	4.61313	4.26036
1715.46	1730.96	0.489765	-1211.9	-0.414685	4.26608
1717.35	1732.9	0.536059	-1243.02	-3.52715	4.25274
1718.65	1734.24	2.34524	-972.477	-23.8779	4.25655
1720.51	1736.17	5.25483	-788.123	-5.44251	4.27942
1722	1737.54	2.98165	-843.19	-21.4837	4.28323
1723.9	1739.45	-1.16298	-598.982	2.93719	4.25274
1725.32	1740.8	0.408884	-280.553	-16.9347	4.25655
1727.24	1742.76	-1.1103	-98.5934	1.26125	4.24511
1728.84	1744.38	-0.761232	792.05	-18.3712	4.25845
1730.29	1745.9	-1.34656	1378.63	6.76791	4.24702
1732.19	1747.84	-0.0178707	1436.09	12.514	4.26036
1733.71	1749.22	-1.05389	1342.72	7.00734	4.24892
1735.7	1751.14	-0.926187	1227.79	-4.48483	4.24511
1737.07	1752.49	3.30464	186.317	-4.72425	4.24892
1739.14	1754.53	3.91231	183.922	-4.96368	4.26417
1740.54	1755.92	-1.76799	71.395	-7.11846	4.24892
1742.49	1757.89	-0.879893	183.922	4.13429	4.26417
1743.97	1759.43	-4.0715	-144.083	16.8236	4.23939
1745.81	1761.24	-1.55142	-194.361	11.7957	4.25845
1747.29	1762.76	3.65264	428.131	-24.1173	4.22224
1749.22	1764.69	0.746243	612.484	-5.68194	4.24511
1750.79	1766.36	-1.81269	40.2704	82.6641	4.23939
1752.25	1767.72	1.67531	-244.64	8.20443	4.25274
1754.11	1769.66	1.6237	-536.732	-21.0048	4.25274
1755.55	1771.04	0.0209737	-694.75	-34.8912	4.25083
1757.39	1772.94	-1.75469	-620.529	-27.4692	4.24511
1758.71	1774.43	-1.85419	-666.019	-11.428	4.25083
1760.6	1776.21	-1.71265	-603.77	-5.2031	4.28133
1762.1	1777.7	-1.14435	-936.564	13.7111	4.25274
1763.95	1779.64	1.79238	-1058.67	1.50067	4.26798
1765.44	1781.01	3.68936	-1281.33	3.17662	4.2413
1767.32	1783.03	0.434957	-1058.67	25.4427	4.2413
1768.59	1784.26	-0.412698	921.337	38.132	4.2432
1770.68	1786.2	-1.70999	1615.66	107.564	4.2413
1772.05	1787.62	-1.0092	2659.53	28.5552	4.25083
1773.92	1789.55	-0.224862	2357.86	-1.61179	4.2413
1775.4	1791.05	1.16395	2104.07	22.8091	4.25083
1777.37	1792.89	1.34647	1967.6	9.16212	4.24892
1778.83	1794.4	-3.48991	1251.74	29.034	4.27561
1780.8	1796.5	-4.59031	930.913	-3.04832	4.23749
1782.07	1797.85	-1.80364	624.456	-17.4135	4.25274
1784.2	1799.81	-1.41254	593.331	-20.526	4.24702
1785.55	1801.14	0.701546	-603.77	-42.0738	4.25845
1787.44	1803.08	0.652059	-915.016	-73.1984	4.2432
1788.91	1804.41	0.0433225	-1044.3	-55.9602	4.26036
1790.78	1806.4	0.119415	-996.419	-51.1718	4.25083
1792.21	1807.83	-0.289248	-1415.4	-35.1306	4.25845
1794.02	1809.75	-0.377046	-1626.09	-56.1996	4.24511
1795.29	1811.07	-0.922994	-1827.21	-56.6784	4.26417
1797.32	1813.09	-0.697378	-1578.21	-31.7787	4.2432
1798.7	1814.4	-0.322239	-1274.15	-17.1741	4.25274
1800.55	1816.31	-0.142917	-1094.58	0.78241	4.26798
1802.3	1817.97	-0.0716138	-395.474	12.2746	4.25274
1803.62	1819.35	-0.987912	385.035	-31.2999	4.24511
1805.51	1821.38	-1.50034	885.424	18.7389	4.25274
1806.97	1822.79	-2.13515	1804.8	12.0352	4.24892
1808.92	1824.63	-2.38364	2151.96	46.7511	4.23939
1810.76	1826.46	-0.527102	1893.38	59.2009	4.23939
1812.09	1827.86	0.179543	1572.56	54.4125	4.25845
1813.98	1829.88	-1.06454	1309.2	28.0763	4.24511
1815.76	1831.64	-3.30952	1378.63	-15.2587	4.25083
1817.44	1833.31	-5.06762	830.357	56.8067	4.24511
1818.88	1834.69	-2.12557	353.911	9.16212	4.24892
1820.74	1836.76	-1.79406	188.711	-7.35788	4.25274
1822.06	1838.26	5.41872	150.404	11.3169	4.24511
1824.19	1840.1	2.93535	310.815	27.3581	4.23939
1825.53	1841.61	-2.53796	-62.6803	26.4004	4.24892
1827.43	1843.55	-1.25078	-53.1035	27.3581	4.24511
1829.17	1845.18	0.770188	-105.776	11.5563	4.2413
1830.76	1846.84	1.47364	-414.628	-21.7231	4.23367
1832.2	1848.27	0.811161	-745.028	4.13429	4.24892
1834.07	1850.24	0.533398	-924.593	-13.8222	4.25274
1835.42	1851.59	0.129525	-788.123	-1.13295	4.25274
1837.51	1853.5	0.2418	-1192.74	-41.595	4.26798
1838.8	1854.95	1.96425	-1334	-25.5538	4.25083
1840.71	1856.96	2.11909	-1051.49	2.69777	4.23749
1842.22	1858.35	2.13719	-438.57	-15.4982	4.25083
1844.09	1860.3	1.3454	-50.7093	23.2879	4.25083
1845.51	1861.64	0.529673	1409.75	-15.0193	4.25083
1847.43	1863.58	0.175819	1412.15	-14.7799	4.24702
1848.8	1864.93	-1.40775	1369.05	-7.11845	4.24511
1850.72	1866.94	-1.62325	1828.74	38.8502	4.23939
1852.16	1868.48	-3.68998	1201.46	10.5986	4.25274
1854.12	1870.37	-5.46138	1069.78	-2.56948	4.23367
1855.62	1871.95	-0.710681	516.716	12.9928	4.28323
1857.51	1873.92	1.68808	351.517	-3.52715	4.23939
1858.99	1875.29	0.766463	-65.0745	6.52849	4.29086
1860.99	1877.33	1.14267	-158.448	-2.80889	4.24892
1862.38	1878.68	1.06179	97.7312	-4.48484	4.24892
1864.2	1880.66	0.942061	294.056	15.1476	4.23558
1866.01	1882.33	0.514242	-179.996	58.7221	4.25274
1867.35	1883.85	1.28687	-450.541	7.72559	4.21842
1869.32	1885.67	1.10116	-491.242	3.65545	4.26989
1870.61	1887.22	0.583417	-572.645	-27.948	4.25845
1872.49	1889.18	0.670151	-409.84	-11.6674	4.24702
1874.03	1890.52	-0.37545	-867.132	7.24675	4.24892
1875.91	1892.46	0.0183132	-1025.15	-8.55498	4.24892
1877.37	1893.83	-0.71547	-1061.06	-9.27324	4.24892
1879.26	1895.84	-0.780388	-941.352	2.69777	4.24511
1880.6	1897.2	-0.326496	-268.582	1.02183	4.24511
1882.61	1899.14	-1.59346	-112.959	16.5841	4.25845
1883.98	1900.69	-0.988444	361.093	32.3859	4.25464
1885.88	1902.51	0.563728	416.16	37.8925	4.25274
1887.38	1903.98	4.64982	1318.77	16.1053	4.24511
1889.29	1905.98	3.02049	1536.65	37.8925	4.25274
1890.75	1907.41	-6.30957	1840.71	15.1476	4.24702
1892.68	1909.41	-7.71648	1620.44	-6.87903	4.26036
1894.01	1910.73	-1.90581	909.366	31.1888	4.23939
1896.01	1912.81	-0.973013	665.157	6.76791	4.25274
1897.36	1914.2	0.0672675	428.131	-24.1173	4.24511
1899.38	1916.19	1.38957	555.024	-11.428	4.25274
1900.81	1917.7	2.51658	155.192	-28.9057	4.24892
1902.74	1919.74	1.36881	57.0298	-38.7219	4.24702
1904.24	1921.11	-2.23412	-519.973	15.6265	4.2413
1906.13	1923.09	-2.41557	-644.471	3.17661	4.28895
1907.39	1924.39	-1.49076	-960.506	-34.1729	4.24511
1909.44	1926.41	-1.40881	-883.892	-26.5115	4.25274
1911.06	1928.05	0.735601	-812.065	7.96501	4.23749
1912.71	1929.74	0.951639	-527.155	-23.399	4.25274
1914.15	1931.29	0.915987	-613.347	-11.428	4.24702
1916.01	1933.13	0.945253	-759.393	-26.0327	4.25274
1917.5	1934.61	-1.23162	-117.747	-21.7231	4.2432
1919.37	1936.62	-1.26833	131.25	3.17661	4.2413
1920.69	1937.94	0.257232	210.259	9.64096	4.2413
1922.81	1939.97	0.492426	69.0007	-4.48483	4.2432
1924.16	1941.34	0.311507	337.151	-7.35788	4.24892
1926.09	1943.29	-0.286587	789.655	37.8925	4.23939
1927.49	1944.65	0.81595	2044.22	8.20444	4.23749
1929.47	1946.7	-0.402056	2137.59	17.5418	4.24892
1930.95	1948.32	-0.290312	1524.68	18.4995	4.2413
1932.87	1950.07	0.449856	1397.78	5.81024	4.25274
1934.18	1951.66	2.43304	863.876	6.04965	4.2413
1936.3	1953.67	1.9568	856.693	5.33139	4.24892
1937.67	1955.03	0.624389	804.021	-22.4414	4.23939
1939.53	1957.07	0.0773777	691.493	-33.6941	4.24892
1941.05	1958.44	-3.63943	-29.1615	-0.893532	4.23939
1942.98	1960.52	-4.02681	-227.88	-20.7654	4.25845
1944.5	1961.89	0.824464	-903.045	5.57081	4.24702
1946.34	1963.87	2.13186	-1113.73	-15.4982	4.24511
1947.97	1965.49	1.60028	-876.709	6.76791	4.24511
1949.49	1966.94	-1.81056	-898.257	-20.7654	4.26036
1951.36	1968.91	-1.75788	-814.46	-12.3857	4.23177
1952.62	1970.28	-0.83892	-345.196	-50.6929	4.24892
1954.71	1972.27	-1.88984	-223.092	-38.4825	4.24511
1956.02	1973.64	-0.576589	-79.4398	-20.7654	4.25274
1957.88	1975.68	0.594059	222.23	9.40154	4.23939
1959.38	1977.02	0.765931	461.65	18.9783	4.26417
1961.4	1979	0.447196	397.006	12.514	4.24511
1962.88	1980.52	2.8135	531.082	12.9928	4.26036
1964.72	1982.35	1.72373	684.311	28.3157	4.25274
1966.41	1984.18	-0.394074	1337.93	52.0183	4.26227
1967.86	1985.54	3.34402	962.038	25.9215	4.24511
1969.76	1987.56	1.94722	775.29	7.24675	4.25274
1971.24	1988.96	1.54335	902.183	6.52849	4.25274
1973.16	1990.99	1.1996	904.577	6.76791	4.26036
1974.58	1992.39	2.62566	818.386	-10.4703	4.26036
1976.46	1994.4	-1.19278	995.557	7.24676	4.26417
1977.95	1995.94	-2.83221	938.096	22.5696	4.25274
1979.89	1997.85	-2.03351	495.169	-21.7231	4.26798
1981.4	1999.4	-0.481873	-268.582	7.24675	4.23939
1983.27	2001.42	-0.85648	-620.529	-27.948	4.25274
1984.75	2002.74	0.772317	-1173.59	15.8659	4.24702
1986.71	2004.68	1.56144	-1336.4	-0.414691	4.26036
1988.09	2006.03	-0.568075	-1396.25	0.303571	4.27942
1989.95	2008.01	-2.26232	-1494.41	-9.51265	4.29086
1991.43	2009.58	-0.924058	-1022.76	-21.2443	4.25274
1993.33	2011.31	1.02667	-764.181	4.61313	4.25274
1994.76	2012.91	-1.00813	-986.842	-26.7509	4.25464
1996.67	2014.85	-0.397267	-1025.15	-30.5816	4.26227
1998.15	2016.29	-0.574992	-536.732	-17.1741	4.25083
2000.08	2018.24	-3.24886	-187.179	17.7812	4.26227
2001.45	2019.6	-0.456331	763.319	-49.4958	4.25274
2003.39	2021.61	0.8814	1086.54	-17.1741	4.26417
2004.86	2022.99	0.759546	904.577	13.4717	4.25274
2006.78	2024.98	0.689307	849.51	7.96501	4.25274
2008.25	2026.59	1.45342	480.803	20.8937	4.22795
2010.17	2028.51	1.12245	521.505	24.9638	4.23939
2011.84	2030.32	-0.547855	423.343	37.6531	4.2413
2013.31	2031.78	-2.79656	47.4529	14.9082	4.26036
2015.23	2033.85	-1.32687	49.8471	15.1476	4.2413
2016.75	2035.27	1.18151	159.98	-1.13295	4.23939
2018.66	2037.26	1.70192	487.986	31.6676	4.24511
2019.99	2038.67	1.30815	1313.99	33.3435	4.24702
2021.89	2040.72	1.34008	1495.95	51.5395	4.2413
2023.71	2042.36	1.35764	679.522	44.1175	4.25655
2025.07	2043.89	1.40234	-17.1905	23.2879	4.25083
2027.2	2045.77	1.19162	-280.553	-3.04831	4.25274
2028.83	2047.67	0.991015	-845.584	9.88037	4.2413
2030.27	2049.01	0.353012	-1063.46	23.5273	4.25274
2032.17	2051.07	1.20918	-1501.6	-20.2866	4.2413
2033.74	2052.7	0.0832309	-1168.8	-21.9625	4.24511
2035.41	2054.33	-1.90634	-871.921	-30.1028	4.2432
2036.88	2055.69	-2.23252	-883.892	6.04965	4.24892
2038.85	2057.69	-0.634589	-821.642	12.2746	4.24511
2040.55	2059.41	0.262021	-232.669	-4.00599	4.24892
2042.19	2061.02	0.265746	47.4529	7.24675	4.24892
2043.8	2062.86	-0.348312	313.209	7.96502	4.26417
2045.32	2064.21	0.185397	710.647	53.9337	4.24892
2047.18	2066.31	0.0715244	605.302	43.3992	4.25274
2048.71	2067.61	-0.513267	976.403	35.4983	4.2413
2050.66	2069.67	2.76455	916.548	29.5128	4.24892
2051.97	2071.06	5.42937	598.119	31.6676	4.24511
2054.08	2073.13	4.3976	267.72	-1.37237	4.26036
2055.42	2074.69	-1.18533	332.363	-5.44252	4.25274
2057.38	2076.55	-2.07981	507.14	12.0352	4.25655
2058.78	2078.12	-1.08848	646.003	4.85255	4.25274
2060.74	2080.15	-0.610644	605.302	0.78241	4.24702
2062.42	2081.81	-0.181229	-96.1992	7.72559	4.26036
2063.95	2083.22	-1.68711	-457.724	-7.35787	4.25274
2065.75	2085.19	0.0358729	-867.132	-48.2987	4.25274
2067.26	2086.55	2.4639	-1092.19	-4.24541	4.25845
2069.15	2088.6	2.51126	-938.958	11.0775	4.24702
2070.58	2090.1	1.46938	-522.367	1.97951	4.28323
2072.48	2091.94	2.3346	-579.828	-3.76657	4.22795
2073.79	2093.46	1.62689	-524.761	-31.2999	4.25083
2075.73	2095.48	2.48519	-551.097	-33.9335	4.26417
2077.17	2096.84	3.86921	-534.338	-18.3712	4.25655
2079.07	2098.9	1.79025	-414.628	-6.4002	4.27561
2080.57	2100.25	-0.487194	37.8761	-21.9625	4.25274
2082.53	2102.26	-1.21512	605.302	34.7801	4.24511
2083.91	2103.72	-0.474955	689.099	44.1175	4.25274
2085.89	2105.64	0.375893	945.279	69.7354	4.2432
2087.2	2107.2	3.33337	1505.52	45.3146	4.23939
2089.09	2109.05	2.4357	1390.6	33.8224	4.24892
2090.55	2110.63	-3.24567	727.406	25.9215	4.26036
2092.5	2112.7	-3.76926	559.812	9.16211	4.24511
2094.01	2114.12	0.255103	660.369	29.7523	4.26036
2095.86	2116.18	0.651527	559.812	19.6966	4.24511
2097.35	2117.58	0.306718	705.858	31.907	4.25274
2099.25	2119.57	0.683454	555.024	16.8236	4.24702
2100.66	2121.13	0.247122	23.5109	10.1198	4.2413
2102.58	2123.07	0.0906805	23.5109	10.1198	4.26608
2104.01	2124.61	-1.78129	-668.413	-4.00599	4.25845
2105.91	2126.66	-1.00121	-668.413	-4.00599	4.22986
2107.39	2128.01	0.886189	-1020.36	-20.0471	4.26417
2109.26	2129.93	1.03252	-1020.36	-20.0471	4.24511
2110.72	2131.32	0.536591	-400.263	-19.8077	4.2413
2112.62	2133.29	-1.67114	-400.263	-19.8077	4.2413
2114.19	2135.05	-2.141	-469.695	-0.893532	4.25083
2115.78	2136.69	-1.92177	-965.294	-34.1729	4.24892
2117.27	2138.22	-0.453671	-493.637	-43.5103	4.25274
2119.15	2140.1	1.2294	-493.637	-43.5103	4.24892
2120.63	2141.63	3.88039	418.554	34.7801	4.25274
2122.48	2143.53	4.01608	418.554	34.7801	4.25274
2123.79	2144.92	0.0853593	1297.23	29.7523	4.24511
2125.85	2146.95	-0.331817	1297.23	29.7523	0.0914977
2127.18	2148.34	1.44278	669.945	43.6386	4.29848
2129.07	2150.36	1.74874	562.206	32.8647	4.29086
2130.51	2151.75	2.08238	49.8472	36.2166	4.29658
2132.31	2153.63	-1.47426	40.2704	35.2589	4.29086
2133.69	2155.1	-0.507414	-895.863	45.554	4.28705
2135.48	2157.11	2.26755	-1489.62	-13.8222	4.29658
2137.03	2158.77	2.61343	-3879.04	25.4427	4.29467
2138.48	2160.13	1.40181	-4348.3	11.5563	4.28895
2140.37	2162.07	-0.573928	-4151.98	31.1888	4.29848
2141.76	2163.42	-0.744736	-4046.63	12.0351	4.29467
2143.51	2165.3	1.31294	-4307.6	-14.0617	4.30039
2144.73	2166.6	2.01267	-5023.47	1.50063	4.29848
2146.47	2168.53	1.54228	-5377.81	-33.9335	4.29086
2148.05	2170.12	1.3007	-5854.25	-33.6941	4.29848
2149.28	2171.52	1.77003	-6165.5	50.103	4.29467
2151.23	2173.42	1.27836	-6491.11	17.5418	4.32898
2152.42	2174.71	-1.40562	-6431.26	-38.7219	4.29848
2154.12	2176.56	-2.05852	-6457.59	-41.3555	4.29467
2155.36	2177.79	1.50982	-5961.99	-24.3567	4.30039
2157.09	2179.58	3.61007	-5794.4	-7.59729	4.29658
2158.36	2180.84	2.08663	-6076.92	8.20442	4.29848
2160.06	2182.67	-0.695782	-6076.92	8.20442	4.29467
2161.25	2184.05	0.619068	-6553.36	52.0183	4.29467
2163.13	2185.71	2.19199	-6340.28	73.3267	4.28323
2164.32	2187.1	1.15437	-6864.61	53.9337	4.29658
2165.95	2188.85	1.71309	-6804.75	59.9192	4.29467
2167.26	2190.04	0.102919	-6335.49	96.7899	4.30039
2168.83	2191.82	-0.452074	-6309.15	99.4235	4.28895
2170.16	2193.04	2.0877	-6996.29	33.583	4.29848
2171.8	2194.86	1.97223	-7333.87	-0.175293	4.28323
2172.88	2196.23	2.18614	-6522.24	-55.4813	4.30039
2174.65	2197.87	2.17603	-6225.36	-25.7932	4.27561
2175.76	2199.21	0.664298	-6385.77	56.8067	4.29848
2177.4	2200.94	0.617472	-6421.68	53.2154	4.28895
2178.58	2202.1	3.30038	-6131.98	78.3545	4.29848
2180.22	2203.87	3.1333	-6373.8	54.1731	4.29848
2181.47	2205.1	3.12851	-7199.8	73.5661	4.29848
2183.07	2206.9	3.22908	-7070.51	86.4948	4.29086
2184.16	2208.12	2.13027	-6309.15	96.0716	4.29467
2185.88	2209.87	0.524352	-6313.94	95.5928	4.30039
2186.93	2211.18	0.867565	-5847.07	41.2444	4.28133
2188.39	2212.74	2.8002	-5892.56	36.6954	4.26608
2189.54	2214.02	1.63381	-5815.95	-31.2999	4.29848
2190.93	2215.65	2.25691	-5710.6	-20.7654	4.29467
2191.94	2216.77	1.39861	-5557.37	-84.4512	4.29848
2193.13	2218.42	0.744115	-5698.63	-98.577	4.29086
2194.01	2219.55	0.567986	-5686.66	-116.055	4.28895
2195.21	2221.16	1.52898	-5760.88	-123.477	4.29086
2196.25	2222.55	2.42133	-5420.9	-111.985	4.29848
2197.34	2223.77	2.05737	-6529.42	35.7377	4.28895
2198.9	2225.24	2.79541	-6814.33	7.24678	4.29848
2200.04	2226.51	4.04162	-8875.74	184.657	4.29658
2201.57	2228.13	3.88784	-8665.05	205.726	4.3023
2202.72	2229.3	2.80605	-7355.42	67.5806	4.29848
2204.21	2230.89	2.87523	-7367.39	66.3835	4.3023
2205.33	2231.99	3.37115	-7594.84	76.1998	4.29848
2206.74	2233.65	3.50631	-7369.78	98.7053	4.29848
2207.86	2234.77	3.63934	-7206.98	76.6786	4.29848
2209.24	2236.29	3.69149	-6962.77	101.099	4.29086
2210.19	2237.49	2.22924	-6043.4	69.496	4.29467
2211.57	2239.03	2.28352	-6160.71	57.7644	4.28895
2212.92	2240.32	3.03486	-6622.79	102.057	4.29086
2213.92	2241.46	3.30783	-6974.74	117.619	4.29848
2215.42	2243.09	3.31262	-7262.04	88.889	4.29467
2216.39	2244.2	3.58187	-7173.46	29.7522	4.29467
2217.78	2245.76	3.94796	-6500.69	97.0293	4.30039
2219.07	2247.12	4.6312	-5693.84	141.801	4.29658
2220.21	2248.47	5.07232	-5365.84	117.141	4.28133
2221.34	2249.72	4.86001	-5622.02	120.253	4.30039
2222.32	2250.82	5.32827	-5068.96	123.844	4.29848
2223.66	2252.27	5.22344	-5006.71	130.069	4.29848
2224.63	2253.27	4.52744	-5337.11	122.408	4.29658
2225.9	2254.74	4.14165	-5586.1	97.5081	4.29848
2226.85	2255.81	0.512646	-7147.12	46.2722	4.29658
2228.25	2257.35	1.12351	-7549.35	6.04966	4.30039
2229.17	2258.42	4.91694	-6946.01	18.4995	4.29848
2230.46	2259.94	4.9792	-6476.75	65.4259	4.29086
2231.42	2261.03	5.05848	-6294.79	39.5685	4.29848
2232.63	2262.4	5.08881	-6234.93	45.554	4.30039
2233.53	2263.53	4.59661	-5365.84	-3.52715	4.29086
2234.65	2264.89	4.69239	-5301.19	2.93716	4.29086
2235.66	2265.94	4.74028	-4695.46	4.61313	4.29277
2236.58	2266.85	4.49444	-4853.48	22.3302	4.29848
2237.77	2268.1	4.78711	-4760.1	31.6676	4.29658
2238.71	2268.96	6.0248	-5605.26	118.577	4.29848
2239.96	2270.38	6.2137	-5454.42	133.661	4.30039
2240.86	2271.47	6.74209	-6187.05	142.28	4.30039
2242.08	2272.86	6.46752	-6969.95	63.9894	4.29658
2243.04	2274.01	5.8657	-7455.98	35.0195	4.28895
2244.21	2275.49	5.97265	-6792.78	101.339	4.29277
2245.12	2276.49	6.91024	-5377.81	132.224	4.28895
2246.28	2277.9	7.04805	-5073.74	162.63	4.28895
2247.15	2278.83	7.24759	-4709.83	156.884	4.29467
2248.26	2280.16	7.17842	-5018.68	125.999	4.27561
2249.02	2281.17	7.1582	-4738.56	111.395	4.29658
2250.1	2282.41	7.14862	-4709.83	114.268	4.29086
2251.01	2283.44	7.52429	-5131.21	139.646	4.29277
2252.1	2284.93	7.34231	-5507.09	102.057	4.29086
2252.98	2285.96	7.18161	-6143.95	72.8479	4.29277
2254.07	2287.4	7.41627	-6017.06	85.5372	4.28705
2254.96	2288.4	7.45459	-5195.85	165.743	4.29848
2256.03	2289.85	7.3455	-4580.54	227.274	4.27561
2256.7	2290.79	8.11015	-4638	183.221	4.29848
2257.7	2292.1	8.91098	-5090.5	137.97	4.29467
2258.46	2293.12	7.85261	-5303.59	30.4705	4.29848
2259.45	2294.41	7.51205	-5559.77	4.85254	4.29086
2260.24	2295.4	6.90598	-6395.34	0.30354	4.29658
2261.27	2296.66	6.93312	-6685.04	-28.6663	4.29467
2262.08	2297.8	6.4191	-6637.16	-99.5347	4.29658
2262.83	2298.72	6.15357	-6871.79	-146.94	4.28323
2263.88	2300	6.06897	-6787.99	-138.56	4.29467
2264.69	2300.89	4.70197	-6512.66	-104.802	4.29086
2265.69	2302.08	4.94993	-5576.53	-11.1886	4.29848
2266.39	2303.02	7.65519	-4745.74	28.3157	4.27942
2267.51	2304.17	7.94626	-4513.5	51.5395	4.29848
2268.26	2305.17	6.9411	-5435.27	63.271	4.30039
2269.17	2306.23	6.9411	-5435.27	63.271	4.29848
2270.17	2307.45	6.91343	-5499.91	10.838	4.29658
2270.82	2308.35	7.53015	-4987.55	-0.654126	4.29467
2271.76	2309.57	7.4035	-4875.03	10.5987	4.26798
2272.42	2310.43	7.06082	-5013.89	-0.893555	4.29848
2273.34	2311.64	7.17842	-5073.74	-6.87905	4.29467
2274.09	2312.63	6.94269	-6108.04	73.5662	4.29467
2275.03	2313.78	7.28378	-5880.59	96.311	4.26798
2275.81	2314.75	9.09349	-5497.52	122.647	4.28895
2276.69	2315.99	9.20364	-5068.96	165.503	4.29848
2277.36	2316.9	8.86202	-4908.54	133.182	4.29467
2278.23	2318.14	9.05784	-5001.92	123.844	4.29467
2278.98	2319.02	9.39201	-5040.23	149.223	4.29467
2279.85	2320.24	9.70276	-4853.48	167.898	4.2737
2280.57	2321.09	10.2961	-4891.79	201.895	4.29848
2281.42	2322.33	10.4914	-5282.04	162.87	4.28323
2282.06	2323.33	10.535	-5674.69	137.97	4.30039
2282.94	2324.58	10.5361	-5741.73	131.266	4.29848
2283.51	2325.42	11.2283	-4800.81	157.842	4.29658
2284.31	2326.65	10.9708	-4520.68	185.854	4.28323
2284.93	2327.53	10.6925	-4456.04	131.506	4.29848
2285.73	2328.7	10.229	-4980.37	79.0728	4.29086
2286.44	2329.71	9.56069	-5423.3	31.4282	4.2718
2287.07	2330.63	8.96632	-5236.55	-39.4402	4.31373
2287.59	2331.46	9.00942	-5219.79	-72.2407	4.29848
2288.4	2332.48	9.02964	-5076.14	-57.8756	4.29277
2288.87	2333.37	8.56723	-5633.99	-99.2953	4.29848
2289.59	2334.51	8.46454	-5871.01	-122.998	4.28133
2290.3	2335.47	7.89145	-5954.81	-148.616	4.28895
2290.83	2336.21	8.04364	-6131.98	-120.364	4.29086
2291.69	2337.29	8.13942	-5909.32	-98.0981	4.29086
2292.24	2338.03	8.66195	-5248.52	-79.9022	4.29658
2293.05	2339.07	8.52679	-4896.57	-44.7074	4.29848
2293.7	2339.87	8.66089	-4614.06	-50.9324	4.29848
2294.46	2340.89	8.52041	-4470.41	-36.5671	4.29658
2295.04	2341.73	8.03086	-5013.89	-69.8466	4.30039
2295.78	2342.84	7.90422	-5253.31	-80.8599	4.29467
2296.29	2343.56	7.80418	-5116.84	-88.2819	4.29848
2297.05	2344.61	7.98085	-4649.97	-39.2008	4.30039
2297.52	2345.3	8.03565	-4309.99	-14.7799	4.29848
2298.2	2346.31	8.21019	-4166.34	-6.63962	4.30039
2298.72	2346.98	8.28362	-3917.35	-25.7932	4.29658
2299.41	2347.89	8.68962	-4286.05	23.5273	4.28895
2300.02	2348.61	9.51067	-4398.58	56.3279	4.29848
2300.72	2349.52	9.5575	-5466.39	98.4658	4.29658
2301.25	2350.36	7.63072	-5365.84	70.6931	4.29086
2302.01	2351.43	7.15501	-5045.01	41.4838	4.29658
2302.51	2352.16	8.86788	-4053.81	97.0293	4.28705
2303.18	2353.22	10.0603	-3019.52	133.421	4.29848
2303.62	2353.88	10.809	-2713.06	167.898	4.29848
2304.16	2354.81	10.4621	-2648.42	147.068	4.29467
2304.67	2355.58	9.20949	-3146.41	137.012	4.28323
2305.13	2356.26	9.62561	-3120.08	97.987	4.29848
2305.67	2357.04	10.4493	-3445.69	96.0716	4.29086
2306.2	2357.65	6.34194	-3414.56	129.83	4.28705
2306.83	2358.51	5.98755	-4930.09	165.025	4.29467
2307.3	2359.29	7.06934	-7195.01	2.69778	4.29848
2307.89	2360.19	6.72346	-8727.3	-180.219	4.29848
2308.31	2360.81	9.0754	-7681.03	-122.519	4.29467
2308.91	2361.72	9.21748	-6045.79	-59.5515	4.29467
2309.36	2362.39	9.00836	-5392.17	-47.3411	4.29086
2309.88	2363.2	8.79711	-4980.37	-74.6349	4.29658
2310.33	2363.89	8.83276	-5471.18	-72.0013	4.29848
2310.9	2364.81	8.87054	-5298.8	-77.2686	4.29277
2311.43	2365.55	9.34784	-5648.35	-22.2019	4.29658
2311.98	2366.39	9.38296	-5382.6	15.387	4.27561
2312.36	2367.03	9.29091	-5351.47	-0.654102	4.29467
2312.92	2367.91	9.38296	-4915.73	13.7111	4.29086
2313.37	2368.51	9.46916	-4434.49	37.8925	4.29848
2313.88	2369.43	9.49683	-4235.77	44.3569	4.28705
2314.3	2370.12	9.53302	-3871.86	16.5841	4.29848
2314.83	2370.93	9.83792	-4041.84	54.6519	4.29658
2315.19	2371.59	10.1024	-3706.66	50.8212	4.29467
2315.77	2372.47	10.3892	-4302.81	76.918	4.28705
2316.13	2373.12	10.5898	-4544.63	88.1708	4.2718
2316.56	2374.01	10.5765	-4752.92	75.4815	4.28895
2316.98	2374.62	10.8479	-4197.47	89.3679	4.29467
2317.46	2375.48	11.073	-3586.95	125.041	4.27942
2317.85	2376.14	11.8647	-3287.67	178.911	4.30039
2317.85	2376.14	11.8647	-3287.67	178.911	4.29658
2318.71	2377.56	12.5097	-3488.78	209.557	4.30039
2319.18	2378.46	12.3958	-3689.9	183.699	4.29658
2319.46	2379.07	12.2484	-4417.73	169.334	4.29467
