5.33619	-2.57596	-0.00212845	-98.1623	-8.85855	0.213495	
5.33696	-2.57366	0.00862448	7.50819	-0.135993	3.51504	
5.4291	-2.54909	0.00596392	7.50819	-0.135993	3.47691	
5.50665	-2.41626	-0.113761	519.867	-28.8664	3.46929	
5.57498	-2.25656	-0.246257	1029.83	22.1301	3.44451	
5.62182	-2.18131	-0.474534	3783.16	-55.9209	3.43879	
5.63794	-2.11528	-0.401102	4606.77	26.4396	3.43879	
5.69245	-2.06077	-0.180808	5906.82	-14.9801	3.46738	
5.75695	-1.97861	-0.230826	6115.12	5.84951	3.45785	
5.82682	-1.89416	-0.380882	6416.79	-21.9232	3.45594	
5.94813	-1.76977	-0.361726	6445.52	-19.0502	3.51313	
6.03873	-1.67226	-0.22178	6560.44	-4.68499	3.47691	
6.16695	-1.51333	-0.177615	6792.68	18.5388	3.46166	
6.28059	-1.43809	-0.0876879	7312.22	9.20139	3.49025	
6.45027	-1.23001	-0.0605502	7475.02	25.482	3.47691	
6.59922	-1.09565	-0.0382014	7819.79	13.5109	3.45404	
6.78426	-0.983549	-0.0217059	7927.53	24.2848	3.49788	
6.91632	-0.860701	0.0644963	8190.89	24.7637	3.44641	
7.14205	-0.657235	0.0825881	8217.23	27.3973	3.41973	
7.29945	-0.505979	0.154955	8188.5	28.8338	3.44832	
7.55974	-0.281014	0.224662	8222.01	32.1857	3.48072	
7.78163	-0.132829	0.391746	8040.06	46.0721	3.45594	
8.07954	0.0929035	0.419948	7977.81	39.8472	3.45594	
8.29298	0.254909	0.373122	7831.76	31.4675	3.49216	
8.59243	0.569706	0.272552	7645.01	12.7927	3.47501	
8.83274	0.816169	0.0586431	7774.3	-5.40325	3.48263	
9.15138	1.07415	0.0229915	7984.99	15.6657	3.47882	
9.40245	1.29067	-0.147285	8868.45	-32.4578	3.48072	
9.65659	1.5832	-0.24679	8971.4	-22.1627	3.45213	
9.85545	1.8074	-0.427708	9210.82	-46.5835	3.45785	
10.1587	2.12526	-0.467084	9062.38	-61.4276	3.46929	
10.4159	2.34332	-0.425579	8171.74	-30.303	3.45785	
10.8167	2.66656	-0.28723	7841.34	-63.3429	3.48644	
11.1354	2.9184	0.0916341	6699.3	18.7782	3.45594	
11.6774	3.3284	0.243286	6584.38	7.28604	3.45022	
12.1243	3.667	0.49604	5222.08	66.4228	3.47882	
12.757	4.15839	0.472095	4673.81	11.5956	3.47501	
13.309	4.5707	0.473159	3512.62	55.4095	3.47882	
14.0315	5.14194	0.606719	3503.04	54.4518	3.49216	
14.5528	5.50357	1.17927	3354.6	99.9416	3.49407	
15.475	5.95274	1.47459	3663.45	130.827	3.48454	
16.0869	6.23221	2.44198	3718.52	204.329	3.50741	
17.0144	6.58924	2.65642	3847.81	217.258	3.50741	
17.7883	6.90327	3.09488	3402.49	229.229	3.48263	
18.7742	7.39312	3.11616	3031.38	192.118	3.5055	
19.5927	7.77933	3.19225	2370.59	194.991	3.47501	
20.6269	8.31986	3.24227	2157.5	173.683	3.49407	
21.3732	8.86576	3.35881	1781.61	153.811	3.51122	
22.5364	9.51378	3.37104	1611.62	136.812	3.49788	
23.4217	9.99749	3.3886	1891.75	129.869	3.49788	
24.4866	10.591	3.40403	2411.29	181.823	3.4731	
25.2959	10.945	3.76587	4443.96	126.996	3.5055	
26.3378	11.368	4.01118	5121.52	194.752	3.47119	
27.0081	11.6237	4.60608	6198.91	180.866	3.4731	
28.0123	11.9761	4.50498	6172.58	178.232	3.49597	
28.5152	12.2855	3.9271	6670.57	73.8448	3.4731	
29.247	12.8061	3.57591	6455.09	52.297	3.44069	
29.7568	13.2445	2.4622	7633.04	-84.6513	3.45785	
30.4194	13.8134	2.22328	7623.46	-85.609	3.46166	
30.7964	14.3348	1.53313	8248.35	-159.59	3.45022	
31.2079	14.9774	1.33146	8243.56	-160.069	3.46929	
31.5273	15.3475	1.14522	9062.38	-156.238	3.45404	
31.958	15.7667	1.39691	9795	-82.9754	3.42544	
32.2667	16.0477	1.94498	10204.4	-58.3151	3.44641	
32.7036	16.5384	1.8955	9905.14	-88.2426	3.42735	
33.0706	16.8808	1.51344	8806.2	-84.6513	3.42735	
33.5635	17.3968	1.36924	8494.95	-115.776	3.44451	
33.9497	17.8475	1.21599	7860.49	-84.8907	3.43307	
34.5862	18.4686	1.28889	7645.01	-106.439	3.42735	
35.0354	18.8786	1.5906	6754.37	-39.8797	3.42354	
35.7325	19.4936	1.6885	6816.62	-33.6548	3.44832	
36.326	19.9512	1.95828	6318.62	10.3985	3.44832	
37.1077	20.5255	2.09078	6416.79	20.2147	3.44641	
37.7196	20.9448	2.50849	6400.03	62.5921	3.45785	
38.4014	21.4822	2.43772	6522.13	74.8025	3.43879	
38.8805	21.9475	1.73905	7664.17	-35.5702	3.44641	
39.3335	22.5633	1.40968	7601.92	-41.7951	3.44832	
39.7566	22.9671	0.899381	8480.59	-100.932	3.45213	
40.334	23.5499	0.988776	8595.51	-89.4397	3.43688	
40.8115	23.9799	1.4001	8097.52	-40.1192	3.44641	
41.4879	24.5795	1.46981	7781.48	-71.7227	3.46547	
41.9594	25.0732	1.45225	6440.73	-30.5424	3.45594	
42.7387	25.8756	1.35061	6093.57	-65.2583	3.46738	
43.2884	26.413	1.0638	5506.99	-49.2171	3.45213	
43.9933	27.2607	0.991969	5432.77	-56.6392	3.4426	
44.5423	27.8403	0.581178	6208.49	-82.0177	3.44069	
45.082	28.5175	0.577453	6828.59	-20.0079	3.44641	
45.4882	28.956	0.970684	8387.21	-52.3296	3.44641	
46.0471	29.4888	1.18406	8511.71	-39.8798	3.4426	
46.4694	30.0224	0.9345	7549.24	-33.6548	3.47501	
47.1259	30.6919	0.837124	7245.18	-64.0612	3.41591	
47.6902	31.1496	0.979198	6416.79	-8.51572	3.48835	
48.4419	31.9166	1.01645	6189.34	-31.2606	3.4731	
49.0715	32.4633	1.1085	5492.62	5.37065	3.42926	
49.936	33.2572	1.22929	5449.53	1.06108	3.42544	
50.6278	33.7455	1.68957	4980.27	54.6912	3.44832	
51.5254	34.5378	1.76619	4997.02	56.3672	3.44641	
52.1266	35.0868	1.6337	5207.71	24.2849	3.41973	
52.9228	35.8354	1.40542	5526.14	56.1277	3.45594	
53.3781	36.366	0.915344	7178.14	-36.7673	3.44641	
53.9992	37.1207	0.794555	7218.84	-32.6971	3.43116	
54.5006	37.6582	0.625343	7439.11	-50.4143	3.43497	
55.2162	38.4452	0.651416	7096.74	-84.6513	3.43879	
55.7275	38.9865	0.978134	5801.48	-21.205	3.4426	
56.5445	39.7466	1.04092	5782.32	-23.1204	3.44641	
57.1096	40.3547	1.12234	5284.33	1.77937	3.45785	
57.9058	41.243	1.0936	5066.46	-20.0079	3.44641	
58.5561	41.8665	1.05955	4563.67	3.93416	3.44641	
59.4705	42.8577	1.06274	4467.91	-5.64265	3.44451	
60.1401	43.581	1.03613	4336.22	2.73704	3.45594	
60.9793	44.4071	1.0372	4465.51	15.6657	3.45213	
61.5574	45.0352	0.99729	5461.5	-16.8954	3.45976	
62.3513	45.8337	1.0223	6014.56	38.4106	3.44641	
62.9118	46.3811	1.10957	6581.99	7.52544	3.42544	
63.7188	47.2219	1.02868	6364.11	-14.2618	3.45404	
64.3307	47.8184	0.830738	5935.55	-18.8108	3.45594	
65.12	48.696	0.80839	5789.51	-33.4154	3.48263	
65.7342	49.2412	0.822757	5576.42	-14.0224	3.4731	
66.6433	50.1311	0.851491	5459.11	-25.754	3.48454	
67.18	50.8451	0.757839	5157.44	-26.7116	3.44641	
67.9893	51.7073	0.633325	5135.89	-28.8664	3.44641	
68.6073	52.4483	0.37525	5257.99	-60.2305	3.44832	
69.3744	53.4303	0.370461	5195.74	-66.4554	3.44641	
70.0247	54.0937	0.448682	5281.93	-34.8519	3.4731	
70.8386	54.9866	0.542333	5406.43	-22.4021	3.44641	
71.4014	55.5855	0.870647	5351.37	11.3562	3.43688	
72.2383	56.4001	0.920133	5581.21	34.3405	3.44451	
72.8978	56.9867	0.931308	5696.13	11.3562	3.44069	
73.7355	57.8075	0.830206	5696.13	11.3562	3.45213	
74.3904	58.5146	0.399195	4760	-18.0925	3.43688	
75.2611	59.3561	0.872243	4760	-18.0925	3.44069	
75.9152	60.0902	1.34742	4314.68	-1.33311	3.43497	
76.9579	60.9985	1.29155	4314.68	-1.33311	3.42354	
77.609	61.6925	1.18034	4673.81	55.17	3.45594	
78.571	62.4949	1.02549	4673.81	55.17	3.44832	
79.2882	63.1375	0.920133	5849.36	18.5388	3.45022	
80.1834	64.171	0.85894	5849.36	18.5388	3.43497	
80.8837	64.9012	0.251268	5911.61	-54.7238	3.44641	
81.795	65.9976	0.170387	5911.61	-54.7238	3.44451	
82.4546	66.7569	0.509342	5875.7	-13.3041	3.45594	
83.4158	67.6745	0.608847	5875.7	-13.3041	3.45213	
84.1737	68.41	0.928647	5796.69	6.56777	3.45785	
85.2156	69.4028	1.04039	5961.89	23.0878	3.44641	
85.9135	70.0976	1.00101	6067.23	18.2993	3.46547	
86.8302	71.1795	0.800408	5813.45	-7.0792	3.44641	
87.4852	71.8536	0.318846	5981.04	-31.5	3.41782	
88.5186	72.9009	0.247543	5813.45	-48.2594	3.43497	
89.1713	73.5973	0.345452	4769.58	-23.8386	3.43497	
90.1456	74.5869	0.459324	4791.12	-21.6838	3.50169	
90.9863	75.3701	0.723784	4678.6	25.482	3.5055	
92.0275	76.4389	0.788169	4501.42	7.76484	3.45404	
92.7814	77.2059	0.576389	4065.68	9.20138	3.46547	
93.9569	78.3238	0.580646	3984.28	1.06111	3.52075	
94.6917	79.1461	0.746665	3929.21	6.08894	3.52457	
95.6484	80.2986	0.746665	4034.56	16.6234	3.52266	
96.3586	81.0065	0.546058	4506.21	-26.2328	3.50741	
97.3429	81.9401	0.494443	4812.67	4.41299	3.51313	
98.11	82.6565	0.29969	4860.56	-3.72729	3.50741	
99.095	83.7882	0.220937	4470.3	-42.7528	3.5036	
99.8913	84.5821	0.0719459	3821.47	-36.7673	3.49979	
101.002	85.7899	0.103341	3641.91	-54.7238	3.49216	
101.752	86.6997	0.104937	3110.39	-33.176	3.48835	
102.909	87.8952	0.111322	2906.89	-53.5267	3.5055	
103.821	88.9309	-0.00627467	2665.07	-28.8664	3.47882	
104.949	90.3061	0.049065	2595.64	-35.8096	3.44641	
105.852	91.1844	0.346516	2353.83	-41.7951	3.4121	
107.045	92.3169	1.04146	2538.18	-23.3598	3.42354	
107.862	93.0678	1.74491	3287.56	30.031	3.54935	
109.019	94.1819	1.33092	3802.32	81.5063	3.52457	
109.763	94.9198	0.433782	5267.57	-4.20615	3.53219	
110.678	96.0077	0.0799276	5222.08	-8.75513	3.53219	
111.444	96.8147	-0.248918	4822.25	-43.4711	3.55125	
112.492	97.8289	0.212424	4793.52	-46.3441	3.51694	
113.371	98.6359	0.981326	4515.79	17.3417	3.51122	
114.487	99.7346	1.08988	4499.03	15.6657	3.51313	
115.285	100.591	0.892996	3893.3	48.9451	3.50932	
116.526	101.781	0.633857	3615.57	21.1724	3.49597	
117.511	102.681	0.544462	2823.09	36.2559	3.47691	
118.778	103.964	0.693985	2710.56	25.0031	3.48072	
119.746	104.835	0.640774	2830.27	17.8205	3.45594	
120.941	106.128	0.55404	2753.66	10.1591	3.43879	
121.813	107.024	0.658334	3361.78	-18.0925	3.43688	
122.998	108.041	0.696646	3783.16	24.0454	3.44641	
123.711	108.888	0.273084	5188.56	-52.8084	3.44641	
124.752	109.938	0.140056	5485.44	-23.1203	3.42544	
125.618	110.697	-0.133982	5164.62	-18.3319	3.42544	
126.731	111.864	-0.195175	4625.92	-72.2015	3.41782	
127.623	112.7	-0.839031	3488.68	-11.6282	3.45785	
128.829	113.911	-0.706535	3354.6	-25.0357	3.46738	
129.692	114.81	0.535948	2772.81	-7.55801	3.41973	
130.97	116.149	0.631196	2722.53	-12.5858	3.42354	
131.94	117.179	0.407177	2461.56	-13.7829	3.48644	
133.173	118.397	0.28958	2492.69	-10.6705	3.49597	
134.066	119.258	0.459856	3773.59	-19.0502	3.49025	
135.219	120.343	0.283195	3775.98	-18.8108	3.48263	
135.902	121.132	-0.186129	3701.76	-53.0479	3.48454	
137.079	122.362	-0.152074	3943.58	-28.8664	3.44641	
137.883	123.176	-0.097798	3773.59	-29.5847	3.47501	
139.012	124.35	-0.0733209	3555.72	-51.3719	3.41401	
139.921	125.151	-0.0509721	3031.39	-13.3041	3.45404	
141.11	126.462	0.00489969	2935.62	-22.8809	3.54553	
142.129	127.411	-0.0892842	2542.97	-15.2195	3.55697	
143.468	128.8	-0.152606	2478.32	-21.6838	3.56269	
144.411	129.754	0.11079	2578.88	3.21589	3.55888	
145.588	130.945	0.144313	2916.46	36.9741	3.55697	
146.48	131.947	0.152827	4084.83	-8.99454	3.54935	
147.724	133.158	0.305011	4695.36	52.0576	3.55507	
148.699	134.054	0.410902	6723.24	-14.2618	3.54363	
149.914	135.339	0.268828	6859.71	-0.614844	3.52075	
150.773	136.21	0.0985515	7170.96	-14.0224	3.55697	
152.154	137.551	0.0825881	7226.03	-8.51572	3.54935	
153.008	138.475	0.201249	6366.51	29.0733	3.52457	
154.406	139.751	0.226791	6098.36	2.2582	3.56841	
155.296	140.74	0.149102	5135.89	16.1446	3.52266	
156.565	141.924	-0.0451189	4910.83	-6.36091	3.54553	
157.488	142.919	0.300754	4941.96	22.1301	3.55125	
158.71	144.152	0.327892	4925.2	20.4541	3.56841	
159.573	145.082	-0.930022	4173.42	15.6657	3.52266	
160.895	146.424	-0.381946	3871.75	-14.5012	3.53219	
162.002	147.36	-2.26296	3378.54	17.5811	3.53029	
163.436	148.746	-1.25993	3234.89	3.21588	3.57222	
164.475	149.707	0.135267	2926.04	7.28604	3.56078	
165.844	151.158	-2.00968	2978.71	12.5533	3.52075	
166.941	152.213	-1.82397	3414.46	1.53995	3.54172	
168.188	153.386	0.150166	3658.67	25.9608	3.58366	
169.039	154.39	3.12308	4554.1	-11.3887	3.58938	
170.351	155.717	3.21247	4601.98	-6.60034	3.5665	
171.331	156.661	-0.359597	4214.12	36.4953	3.52457	
172.601	158.06	-2.84616	3945.97	9.68024	3.53791	
173.621	158.904	-1.45362	2775.21	-11.6282	3.536	
174.943	160.341	1.04678	2607.61	-28.3876	3.52266	
175.838	161.247	0.993565	3254.05	-26.4722	3.5341	
177.285	162.561	0.101744	3196.58	-32.2183	3.51313	
178.178	163.638	-0.212734	2679.44	-26.951	3.54363	
179.547	165.014	-0.142496	2653.1	-29.5847	3.53029	
180.645	166.183	-0.0546969	2375.37	-4.68499	3.53791	
182.044	167.714	-0.138771	2325.1	-9.7128	3.52838	
183.131	168.716	-0.272331	2162.29	-19.7685	3.51885	
184.556	170.248	-0.2569	2030.61	-32.9366	3.50741	
185.591	171.253	0.126221	2116.8	-8.99454	3.536	
186.963	172.669	0.302883	2495.08	28.8339	3.54172	
188.064	173.658	0.620022	3155.88	20.6936	3.50741	
189.396	175.025	0.511471	3421.64	47.2692	3.49788	
190.422	176.144	-0.230294	4503.82	-40.8374	3.50932	
191.717	177.483	-0.153138	4297.92	-61.4276	3.50741	
192.652	178.531	0.293837	3416.85	-13.5435	3.50932	
194.132	179.88	0.611508	3586.84	3.45531	3.53219	
195.019	180.773	0.84883	3510.23	47.9875	3.52075	
196.352	182.077	0.885546	3203.77	17.3417	3.536	
197.383	183.052	0.28213	2566.91	-9.95222	3.54363	
198.751	184.513	-0.40057	2387.34	-27.9087	3.5665	
199.889	185.501	-2.653	2416.08	-35.0913	3.5665	
201.327	186.973	-1.11786	2248.48	-51.8507	3.53982	
202.353	187.955	0.245415	1834.28	-45.3864	3.5646	
203.762	189.45	1.21333	1834.28	-45.3864	3.54363	
204.94	190.671	2.31586	1470.37	9.20139	3.53791	
206.464	192.269	-0.38035	1391.36	1.30052	3.55888	
207.624	193.424	-2.71366	1274.04	-17.6137	3.53029	
209.151	195.041	-2.07087	1175.88	-27.4299	3.54744	
210.351	196.255	0.237433	1235.73	-26.7116	3.52838	
211.959	197.985	2.10994	1305.17	-19.7685	3.54744	
212.983	199.14	1.22024	1582.89	-89.2003	3.53982	
214.365	200.847	0.27947	1604.44	-87.0455	3.52075	
215.386	201.918	0.40558	3306.72	-183.053	3.54744	
216.747	203.249	0.0410833	5044.91	-9.23398	3.536	
217.863	204.287	2.40153	7338.55	131.066	3.53029	
219.288	205.514	2.82137	7178.14	115.025	3.52838	
220.28	206.618	0.519985	6242.01	98.5051	3.54744	
221.595	208.069	-0.0366051	5765.56	50.8605	3.53791	
222.721	209.109	-0.219652	4604.38	48.2269	3.536	
224.217	210.669	-0.0179811	4211.73	8.96196	3.51694	
225.368	211.787	0.0964231	3591.63	8.72255	3.58938	
226.91	213.322	0.0969552	3467.13	-3.72729	3.53791	
227.975	214.453	-0.0179811	3088.85	19.7359	3.51504	
229.68	216.016	0.0283127	3127.15	23.5666	3.53982	
230.803	217.27	0.963767	3127.15	75.7602	3.5341	
232.442	218.647	1.13032	3313.9	94.435	3.57413	
233.668	219.8	1.14575	2902.1	106.885	3.50741	
235.246	221.289	1.10957	2665.07	83.1822	3.50932	
236.509	222.308	1.05582	3158.28	19.4965	3.51122	
237.967	223.779	0.758371	3407.27	44.3962	3.54363	
238.906	224.833	0.288516	3900.48	-17.3742	3.53219	
240.459	226.375	-0.0706603	3392.91	-68.1313	3.50741	
241.412	227.444	-0.489965	3309.11	-39.6403	3.52075	
242.918	228.892	-0.323946	3388.12	-31.7395	3.53791	
244.069	230.055	0.330553	2437.62	3.93416	3.55888	
245.583	231.51	0.320975	2282	-11.6282	3.54935	
246.744	232.701	-0.159523	2052.16	-7.79744	3.54553	
248.3	234.372	-0.0972659	2097.65	-3.24845	3.52838	
249.442	235.528	-0.900224	1819.92	19.7359	3.53029	
251.023	237.258	-1.09817	1597.26	-2.5302	3.52647	
252.212	238.418	-0.0653392	2044.97	-65.0189	3.51313	
253.583	240.083	-0.272863	2121.59	-57.3574	3.54363	
254.699	241.169	-0.534662	3467.13	-55.9209	3.53791	
256.219	242.6	0.114515	4757.6	73.1266	3.53219	
257.287	243.757	0.97973	5248.42	85.8158	3.53219	
258.921	245.219	0.796683	4659.44	26.9185	3.53982	
259.893	246.429	0.558297	3649.09	42.7202	3.53982	
261.406	248.019	0.650884	3342.63	12.0744	3.55125	
262.68	249.142	0.0464045	2947.59	-16.8954	3.55888	
264.309	250.84	0.303947	2909.28	-20.7261	3.56078	
265.516	252.043	0.459324	2619.58	-17.6137	3.56841	
267.033	253.624	0.130478	2384.95	-41.0769	3.5646	
268.179	254.81	0.0128814	1930.05	-13.7829	3.54363	
269.856	256.451	0.0155419	1932.45	-13.5435	3.55888	
271.142	257.748	0.54393	2169.47	31.2281	3.54172	
272.761	259.169	0.891399	2394.53	53.7335	3.54553	
273.904	260.268	0.983987	2667.47	44.1567	3.54172	
275.417	261.854	1.26973	2660.28	43.4385	3.54744	
276.456	262.898	-0.583085	3210.95	-28.3876	3.52457	
278.082	264.521	-0.412809	2995.47	-49.9354	3.536	
279.101	265.603	-1.13861	2234.12	-19.2896	3.536	
280.744	267.152	0.512003	2059.34	-36.7673	3.54172	
281.986	268.245	1.20375	1908.5	-24.078	3.55507	
283.564	269.879	2.15463	2236.51	8.72256	3.56841	
284.808	270.959	1.77896	2262.85	34.3405	3.53982	
286.468	272.514	3.89464	2222.15	30.2704	3.55507	
287.717	273.795	3.41947	2157.5	33.8617	3.53982	
289.332	275.441	1.0356	2056.94	23.806	3.52075	
290.509	276.641	-0.527213	2715.35	-57.8363	3.5341	
292.06	278.303	-0.889582	2803.94	-48.9777	3.54172	
293.291	2.50932	
474.027	460.845	0.679086	931.67	10.3985	3.51885	
475.946	462.78	0.419947	1022.65	19.4965	3.50741	
477.411	464.258	-1.18863	1147.15	10.3985	3.52838	
479.312	465.969	-1.01303	1101.66	5.84951	3.52647	
480.728	467.428	0.153359	1147.15	-10.1916	3.50741	
482.597	469.262	0.0123493	1422.48	17.3417	3.50741	
483.872	470.546	0.343855	1755.28	6.08893	3.51694	
485.786	472.529	-0.193578	1499.1	-19.529	3.52647	
487.071	473.836	-1.07103	1422.48	-21.9232	3.51122	
488.996	475.784	0.0825881	1585.29	-5.64266	3.51694	
490.458	477.136	0.551911	1740.91	37.6924	3.51694	
492.321	479.055	0.47848	2143.14	77.915	3.50169	
493.77	480.482	1.2527	2873.37	24.5243	3.5055	
495.658	482.331	2.67983	2655.5	2.73705	3.5055	
496.986	483.796	2.70856	2665.07	1.30052	3.49025	
498.791	485.766	0.757839	2729.72	7.76488	3.50741	
500.272	487.224	-0.298937	2641.13	-12.5858	3.51313	
502.333	489.187	-1.33496	2504.66	-26.2328	3.50741	
503.845	490.497	-0.137706	2152.71	-11.1493	3.51313	
505.751	492.52	0.380039	1910.9	-35.3308	3.51313	
507.144	493.946	-1.16788	1362.63	-27.4299	3.51122	
509.21	495.98	-3.83323	1570.92	-6.60035	3.536	
510.497	497.496	-0.431965	2188.63	32.6646	3.50932	
512.328	499.157	2.0977	2152.71	29.0733	3.50932	
513.782	500.645	1.68212	1633.17	-32.4577	3.50932	
515.746	502.488	0.914812	1360.23	-59.7516	3.47119	
517.189	503.862	-1.26046	1039.41	2.49763	3.50741	
519.07	505.818	0.741343	998.708	-1.57251	3.52075	
520.422	507.144	-2.17517	948.43	-27.6693	3.52838	
522.369	509.122	-3.88059	929.276	-29.5847	3.51313	
523.834	510.522	-2.25711	737.74	-17.1348	3.53982	
525.759	512.52	0.26191	764.076	-14.5012	3.51122	
527.319	513.862	1.67094	1041.8	44.3962	3.51885	
529.311	515.826	1.51557	1673.87	107.603	3.49025	
530.62	517.336	0.4987	2746.48	70.7324	3.50932	
532.689	519.152	0.122497	2746.48	70.7324	3.51313	
534	520.659	-0.24945	3117.58	5.84951	3.50741	
535.887	522.638	-1.35358	3117.58	5.84951	3.50741	
537.387	524.076	-2.10227	3287.56	0.342847	3.50741	
539.338	526.114	-1.53131	3287.56	0.342847	3.50741	
540.899	527.529	0.204974	3057.72	-24.5568	3.50169	
542.951	529.515	2.71814	3057.72	-24.5568	3.52647	
544.385	530.92	0.53382	1870.2	-29.3453	3.48835	
546.414	532.946	-4.22912	1870.2	-29.3453	3.47691	
547.747	534.571	-1.81971	1800.77	12.5533	3.47882	
549.659	536.449	-0.153138	1800.77	12.5533	3.48072	
551.224	537.963	0.432718	1685.84	-22.8809	3.45404	
553.118	539.912	0.577453	1685.84	-22.8809	3.44451	
554.633	541.303	0.850427	665.914	-2.29077	3.50741	
556.537	543.338	0.236901	665.914	-2.29077	3.48644	
557.924	544.738	-0.546369	972.372	-15.2195	3.49788	
559.868	546.727	-1.27323	1183.06	5.84951	3.5055	
561.376	548.174	0.445489	1130.39	-2.76962	3.46929	
563.342	550.155	0.270956	876.603	-28.1482	3.52075	
564.893	551.716	-0.0185133	510.291	5.61009	3.51885	
566.908	553.571	-1.87878	601.27	14.7081	3.50741	
568.334	555.191	-2.39865	1044.2	38.8895	3.51122	
570.55	557.174	-1.18278	1135.18	47.9875	3.48263	
571.853	558.542	-0.58202	886.18	-3.24846	3.47882	
573.695	560.621	-0.511782	730.557	-18.8108	3.51313	
575.128	562.016	1.88219	792.806	-59.991	3.50741	
577.047	563.947	2.18177	630.001	-76.2716	3.50741	
578.557	565.293	1.71458	352.273	-32.6971	3.49025	
580.581	567.399	2.29352	431.282	-24.7963	3.46547	
582.02	568.937	1.34689	369.033	-9.95222	3.5055	
583.925	570.732	-0.0195775	419.311	-4.9244	3.45594	
585.389	572.369	-0.261689	146.372	-18.3319	3.47119	
587.325	574.362	-0.210074	50.6038	-27.9087	3.48072	
588.951	575.785	-3.87473	239.746	-11.3887	3.48644	
591.015	577.9	-3.75128	215.804	-13.7829	3.45976	
592.423	579.367	0.558297	311.572	-9.47338	3.48644	
594.571	581.36	0.542866	361.85	-4.44556	3.51694	
595.991	582.784	-0.0424584	452.83	-18.3319	3.5646	
598.018	584.854	-2.25285	570.146	-6.60034	3.55888	
599.503	586.376	-0.794865	1803.16	-44.1893	3.54935	
601.55	588.234	0.189011	2887.73	64.268	3.536	
603.136	589.752	-1.72979	5076.03	-13.783	3.55125	
605.187	591.782	0.822757	5310.67	9837.043	824.371	-0.731012	64.969	-11.1493	3.47691	
839.19	826.659	-1.58984	333.12	15.6657	3.44832	
840.77	828.147	-1.112	1178.27	44.1567	3.44069	
843.109	830.284	-4.13813	1700.21	96.3503	3.42735	
844.558	831.827	-0.670351	2507.05	26.2002	3.49597	
846.744	834.059	0.114515	2420.86	17.5811	3.5036	
848.406	835.783	-1.29346	2322.7	18.7782	3.50741	
850.487	837.893	-1.27643	2250.88	11.5956	3.46547	
852.151	839.594	-1.91124	1980.33	2.2582	3.45022	
854.368	841.797	-1.4616	1590.08	-36.7673	3.45213	
855.912	843.381	-0.954499	1015.47	-3.72729	3.44641	
858.054	845.701	-0.597984	1099.26	4.65241	3.46738	
859.773	847.293	1.79972	1166.3	13.7504	3.45785	
862.018	849.583	2.1541	986.737	-4.20614	3.47691	
863.648	851.108	1.24898	555.78	-12.8253	3.46929	
865.826	853.344	-0.285634	488.743	-19.529	3.44641	
867.401	855.137	-0.552754	474.378	-15.6983	3.4426	
869.757	857.214	-0.141431	766.47	13.511	3.47691	
871.239	858.92	0.534884	876.603	0.103427	3.51504	
873.416	861.056	0.386424	493.531	-38.2038	3.46547	
875.035	862.613	-0.000421405	14.6908	-7.07918	3.44832	
877.184	864.844	0.889271	26.6618	-5.88208	3.4731	
878.847	866.397	0.882353	143.978	-13.7829	3.44641	
881.157	868.632	0.0682212	-45.1642	-32.6971	3.45022	
882.676	870.108	1.7928	-471.332	-40.8374	3.44641	
884.942	872.369	2.36109	-370.776	-30.7818	3.44451	
886.581	874.121	1.79918	-128.961	-2.29077	3.44641	
888.69	876.197	0.864794	177.497	28.355	3.44451	
890.411	877.915	2.81605	493.531	-8.03686	3.44641	
892.547	880.1	1.19577	469.589	-10.4311	3.42926	
894.028	881.671	0.00277123	1025.04	-0.375415	3.4426	
896.359	883.938	0.43059	1393.75	36.4953	3.65991	
897.853	885.454	-0.736333	2085.68	28.5944	3.66944	
900.082	887.644	-1.62177	2064.13	26.4396	3.67706	
901.745	889.177	-0.218588	1906.11	17.8205	3.65991	
903.986	891.422	-0.954499	1762.46	3.4553	3.68469	
905.767	893.233	1.82366	1441.64	14.9475	3.67897	
907.921	895.327	4.19741	1343.47	5.13125	3.68469	
909.466	897.044	1.1681	962.795	0.10343	3.69041	
911.733	899.361	-0.833178	838.296	-12.3464	3.68087	
913.421	900.942	-0.816682	560.569	-1.81193	3.68469	
915.602	903.247	0.859473	433.676	-14.5012	3.66944	
917.387	904.86	-1.56643	481.56	-67.1736	3.68659	
919.62	907.125	-1.68669	213.41	-93.9887	3.68087	
921.257	908.628	-1.06252	371.427	-74.8351	3.6885	
923.503	910.921	-2.50667	630.001	-48.9777	3.69231	
924.999	912.614	-3.32932	759.288	-59.0334	3.6885	
927.153	914.758	-0.886921	833.508	-51.6113	3.70184	
929.302	916.664	-1.84898	821.537	-57.5968	3.69041	
930.826	918.409	-2.70143	237.352	-46.1047	3.68087	
933.018	920.809	-1.32804	227.775	-47.0623	3.66944	
934.754	922.432	-0.898095	460.012	-17.1348	3.67134	
937.004	924.682	-1.05134	747.317	11.5956	3.68659	
938.799	926.248	0.396003	1204.61	-24.5569	3.68087	
941.012	928.585	1.32028	1087.29	-36.2884	3.6885	
942.503	930.178	-0.0440547	730.557	-27.4299	3.67325	
944.914	932.484	-0.603305	886.18	-11.8676	3.66753	
946.397	934.231	-0.0999265	1441.64	-26.2328	3.67134	
948.633	936.283	3.21833	1511.07	-19.2896	3.66181	
950.354	938.065	1.62199	1264.46	-0.85426	3.67516	
952.479	940.292	0.483269	1039.41	-23.3598	3.68469	
954.226	941.831	-2.98557	747.317	-3.72729	3.68469	
956.518	944.1	-3.70552	661.125	-12.3464	3.66753	
958.093	945.678	-1.83727	373.821	-8.99454	3.66753	
960.414	947.997	-1.36316	361.85	-10.1916	3.6885	
962.153	949.595	0.930243	843.085	-6.60034	3.67134	
964.336	951.855	-0.766664	1242.92	33.3828	3.69041	
966.1	953.625	-0.33246	1446.42	31.228	3.65991	
968.387	955.726	1.21386	1381.78	24.7637	3.6885	
970.09	957.556	0.218809	2028.21	-1.09368	3.68278	
972.305	959.888	-0.67248	2044.97	0.582269	3.67706	
973.866	961.479	-0.347891	2255.66	-6.1215	3.69041	
976.13	963.815	-0.0562933	2404.1	8.72256	3.67325	
977.809	965.44	-2.02883	2174.26	6.32836	3.6885	
980.176	967.759	-1.81546	2150.32	3.93414	3.6885	
981.967	969.421	-4.14877	2092.86	13.9898	3.68278	
984.225	971.71	-4.02745	1882.17	-7.07918	3.69422	
985.785	973.502	0.110258	
1331.14	1316.89	0.807858	-358.805	-10.4311	3.56841	
1332.78	1318.82	-0.147285	146.372	-34.1337	3.56269	
1335.17	1321.31	-1.029	98.4879	-38.9221	3.53219	
1336.95	1322.99	3.41468	-267.825	-31.5	3.54553	
1339.42	1325.49	3.42958	-344.439	-39.1615	3.54172	
1341.14	1327.23	2.70377	-11.6454	-50.4142	3.53982	
1343.63	1329.67	2.51913	397.763	-9.47338	3.59891	
1345.3	1331.34	0.0985515	244.534	27.8762	3.57985	
1347.93	1333.86	-3.25269	-97.8367	-6.36092	3.5951	
1349.55	1335.73	-1.68988	-121.779	-27.4299	3.597	
1351.97	1338.02	-4.86659	86.5168	-6.60034	3.60463	
1353.8	1339.91	-3.68051	91.3052	18.7782	3.57603	
1356.12	1342.35	-0.0435225	33.8444	13.0321	3.57413	
1358.09	1344.09	-3.67626	306.783	-12.3464	3.53982	
1360.47	1346.48	-1.61485	352.273	-7.79744	3.56841	
1362.12	1348.15	2.71442	1482.34	-38.9221	3.56841	
1364.54	1350.6	1.41393	1985.12	11.3562	3.57413	
1366.37	1352.28	-1.71702	1784.01	43.4385	3.55507	
1368.77	1354.78	-1.20566	1762.46	41.2837	3.55888	
1370.6	1356.71	-1.17267	1551.77	25.482	3.57222	
1373.04	1359.04	-0.64747	1180.67	-11.6282	3.597	
1374.72	1360.98	2.71867	476.772	13.7504	3.60081	
1377.33	1363.48	2.52392	467.195	12.7927	3.5951	
1379.02	1365.25	-2.59128	476.772	21.4118	3.57603	
1381.37	1367.76	-2.19432	505.502	24.2849	3.57985	
1383.29	1369.48	-1.84845	407.34	25.9608	3.55507	
1385.72	1372.09	1.33678	177.497	2.97647	3.53982	
1387.67	1373.84	2.17858	100.882	-15.6983	3.50932	
1390.09	1376.27	3.0571	412.128	15.4263	3.49597	
1391.7	1378.13	-3.17979	251.717	27.1579	3.47691	
1394.2	1380.39	-3.11594	-150.509	-13.0647	3.46547	
1396.13	1382.25	2.02799	-377.958	14.4686	3.4731	
1398.63	1384.72	1.58474	-33.1933	48.9451	3.47691	
1400.61	1386.4	-0.719838	474.378	21.6512	3.48072	
1403.01	1388.82	-0.940132	246.928	-1.09367	3.44641	
1404.59	1390.5	-0.453781	105.67	4.89183	3.44832	
1407.16	1392.98	-0.632571	129.612	7.28603	3.46357	
1408.92	1394.71	-2.86957	143.978	-28.627	3.47691	
1411.24	1397.18	-1.74735	163.131	-26.7116	3.50741	
1413.13	1399.08	-1.41903	819.143	-37.2461	3.47119	
1415.48	1401.37	-1.00718	1159.12	-3.24846	3.44641	
1417.3	1403.33	0.151763	1671.48	-12.3464	3.44641	
1419.77	1405.81	0.397067	1590.08	-20.4867	3.48454	
1421.5	1407.51	0.0102208	682.673	-1.57251	3.46547	
1423.89	1409.97	-0.88426	455.224	-24.3174	3.46929	
1425.72	1411.73	0.0256521	325.937	-9.47338	3.47501	
1428.06	1414.28	-2.59553	359.456	-6.1215	3.47882	
1429.87	1416.04	-3.50438	146.372	-7.3186	3.45594	
1432.39	1418.4	-2.34597	52.998	-16.656	3.44832	
1434.12	1420.13	-3.53791	55.3922	-11.1493	3.45213	
1436.73	1422.65	-7.48565	-119.384	-28.627	3.41591	
1438.42	1424.49	-3.68211	-219.941	-5.16382	3.47882	
1440.78	1426.68	0.128882	-377.958	-20.9655	3.47882	
1442.53	1428.61	1.33465	-406.689	-42.5134	3.45404	
1444.94	1431.12	1.39691	-193.605	-21.205	3.47691	
1446.78	1432.75	-0.247854	287.63	-30.5424	3.45594	
1449.12	1435.2	-1.89368	424.099	-16.8954	3.48454	
1450.8	1436.94	1.64381	-313.315	6.56777	3.46929	
1453.38	1439.44	4.44006	-705.964	-32.6971	3.46357	
1454.99	1441.19	4.06226	-1062.7	-11.3887	3.49407	
1457.48	1443.63	2.20572	-693.993	25.482	3.53219	
1459.37	1445.44	1.91252	-279.796	39.1289	3.48263	
1461.79	1447.73	0.643435	-296.555	37.453	3.48835	
1463.61	1449.66	-0.0440547	-59.5295	-1.09367	3.50741	
1465.96	1452.09	0.286387	14.6908	6.32835	3.5036	
1467.56	1453.84	0.866922	-251.066	25.7214	3.49407	
1470.13	1456.26	-1.14393	-452.179	5.61009	3.48644	
1471.99	1457.92	-3.9173	-349.228	-4.68498	3.45785	
1474.36	1460.37	-3.86675	-236.7	6.56777	3.45785	
1476.24	1462.13	-0.655984	93.6995	-23.1203	3.45976	
1478.72	1464.55	4.07077	151.16	-17.3742	3.44832	
1480.37	1466.46	4.26712	766.47	18.2994	3.45022	
1483.03	1468.82	1.74438	1276.44	69.2959	3.45213	
1484.79	1470.63	-2.10493	2727.32	6.08893	3.44641	
1487.25	1473.22	-3.70233	2856.61	19.0176	3.45022	
1489.12	1474.96	-3.16596	2284.39	16.8628	3.45022	
1491.51	1477.46	-2.70249	1965.97	-14.98	3.45594	
1493.33	1479.24	-0.828389	157.163	3.83718	
1754.14	1752.55	5.88208	-4900.61	150.22	3.83909	
1754.95	1753.62	4.07663	-4424.16	67.1411	3.83528	
1755.95	1754.95	3.46523	-4814.41	28.1156	3.841	
1756.75	1756.01	3.9718	-5051.44	-33.8943	3.82575	
1757.81	1757.41	4.10696	-5257.34	-54.4844	3.83528	
1758.62	1758.43	5.5974	-6495.14	26.6791	3.8124	
1759.89	1759.87	5.79109	-6432.89	32.904	3.82956	
1760.74	1760.83	5.76874	-6593.31	50.8605	3.841	
1761.84	1762.23	5.64955	-6825.54	27.6367	3.841	
1762.67	1763.18	5.04454	-6665.13	8.72253	3.83909	
1763.66	1764.55	4.87373	-6543.03	20.933	3.83337	
1764.45	1765.58	4.79923	-5982.78	-16.8954	3.841	
1765.41	1766.78	4.9429	-5798.43	1.53994	3.83337	
1766.08	1767.71	5.15202	-5324.38	12.0744	3.81812	
1767.1	1768.79	5.18555	-5221.43	22.3695	3.83146	
1767.76	1769.6	5.05571	-4955.67	-13.7829	3.841	
1768.63	1770.96	4.77689	-5489.58	-67.1736	3.841	
1769.26	1771.95	3.6238	-6617.25	-158.872	3.83909	
1770.14	1773.3	3.45033	-6650.77	-162.223	3.841	
1770.87	1774.19	4.06066	-6250.94	-60.9487	3.83909	
1771.78	1775.47	4.66301	-6025.88	-38.4432	3.84481	
1772.41	1776.47	5.2079	-6906.95	42.0019	3.86578	
1773.36	1777.67	5.50003	-6717.8	60.9161	3.86387	
1774.02	1778.65	5.58357	-6001.94	59.719	3.86768	
1774.88	1779.88	5.62507	-5884.62	71.4506	3.85434	
1775.62	1780.77	5.51652	-5884.62	51.8182	3.85625	
1776.57	1782.1	5.50694	-6028.27	37.453	3.84862	
1777.31	1783.03	6.4541	-6988.35	145.431	3.83337	
1778.44	1784.33	7.10328	-6497.54	194.513	3.841	
1779.22	1785.22	8.86724	-7244.53	358.755	3.841	
1780.28	1786.49	9.1732	-7021.87	381.021	3.83909	
1781.06	1787.31	9.45469	-5966.03	312.307	3.841	
1782.03	1788.4	9.17373	-5879.83	320.926	3.83909	
1782.74	1789.26	8.79912	-4749.77	231.383	3.83337	
1783.55	1790.28	8.70122	-4598.94	246.467	3.83718	
1784.09	1790.97	8.88745	-3799.27	189.006	3.841	
1784.94	1792.1	8.93854	-3799.27	189.006	3.83909	
1785.59	1792.79	8.74112	-3521.55	104.251	3.841	
1786.42	1793.97	8.56287	-3521.55	104.251	3.84671	
1787.05	1794.86	7.78811	-5633.23	-21.205	3.8429	
1787.89	1796.14	7.86048	-5633.23	-21.205	3.841	
1788.45	1797.01	9.03698	-6083.34	123.405	3.841	
1789.37	1798.27	9.31793	-6083.34	123.405	3.841	
1789.95	1799.19	9.57282	-4967.64	143.516	3.82956	
1790.72	1800.41	9.56909	-4967.64	143.516	3.8429	
1791.28	1801.21	9.58612	-4519.93	125.081	3.83909	
1792	1802.36	9.54355	-4519.93	125.081	3.83528	
1792.52	1803.12	9.47491	-3921.38	88.6889	3.841	
1793.2	1804.16	9.5377	-3921.38	88.6889	3.83718	
1793.64	1804.89	9.59357	-3969.26	63.3104	3.82956	
1794.33	1805.94	9.29292	-3969.26	63.3104	3.84481	
1794.77	1806.74	7.60294	-5307.62	-4.44558	3.86196	
1795.42	1807.9	6.75847	-7117.64	-185.447	3.86196	
1795.97	1808.77	5.84324	-8362.62	-264.456	3.84671	
1796.58	1809.76	6.07897	-7993.91	-227.585	3.83146	
1797.05	1810.51	6.44133	-6521.48	-211.544	3.82193	
1797.63	1811.52	6.32959	-6150.38	-174.434	3.83146	
1798.01	1812.17	6.2088	-5714.63	-187.841	3.83909	
1798.63	1812.98	6.24179	-5381.84	-154.562	3.82956	
1799.15	1813.54	6.7904	-5096.93	-89.6792	3.82384	
1799.91	1814.32	7.38371	-4800.05	-59.991	3.82575	
1800.5	1814.8	9.18118	-6255.72	144.474	3.83146	
1801.2	1815.5	9.52865	-5925.32	177.514	3.86196	
1801.69	1816.03	9.8575	-5527.89	202.413	3.86387	
1802.44	1816.85	9.61858	-5274.1	227.792	3.86196	
1802.9	1817.6	8.42558	-5020.32	127.236	3.89818	
1803.56	1818.81	7.86154	-6176.71	11.5956	3.92677	
1804.15	1819.65	7.30814	-7546.2	-71.2438	3.92487	
1804.79	1820.8	7.95519	-7242.13	-40.8375	3.86959	
1805.23	1821.61	9.3919	-5714.63	66.9016	3.83337	
1805.81	1822.77	9.46001	-4950.88	143.277	3.80668	
1806.2	1823.47	9.36689	-4536.69	102.336	3.82193	
1806.74	1824.55	9.35199	-4610.91	94.9138	3.82575	
1807.14	1825.25	9.3323	-4029.12	74.0843	3.82575	
1807.69	1826.07	9.41584	-3854.34	91.5619	3.81812	
1808.1	1826.74	8.45112	-3083.41	63.3104	3.83337	
1808.54	1827.51	9.08327	-2915.81	80.0698	3.82575	
1808.82	1828.09	9.80482	-2764.98	75.9996	3.8124	
1809.25	1829.01	9.91656	-2700
