-7.67328	-14.0105	-7.44946e-05	18.6269	0	4.0259
-7.67086	-14.0105	-7.44946e-05	16.2327	0	4.03924
-7.67086	-14.0105	0.0105678	-17.2862	10.6422	4.05068
-7.67328	-14.0081	0.0318523	-225.582	21.2845	4.04496
-7.67328	-14.0081	0.0531368	-227.976	21.2845	4.04687
-7.68053	-14.0081	0.11699	-778.642	63.8535	4.04496
-7.68778	-14.0081	0.450093	-2830.47	333.102	4.05068
-7.69502	-14.0033	0.994976	-3584.65	544.883	4.05449
-7.70227	-13.9984	1.52602	-304.59	531.048	4.05068
-7.71435	-13.9912	1.78037	1955.54	254.35	4.05258
-7.72643	-13.9839	1.75164	341.844	-28.7342	4.05258
-7.74576	-13.9718	1.71971	-915.112	-31.9269	4.04877
-7.7675	-13.9573	1.89105	-1089.89	171.34	4.04687
-7.79166	-13.9404	2.21032	-680.48	319.267	4.04687
-7.81824	-13.9235	2.43274	202.98	222.423	4.04687
-7.84723	-13.9018	2.52107	135.943	88.3305	4.04687
-7.88106	-13.8752	2.63708	-704.422	116.001	4.04687
-7.91971	-13.8486	2.84566	-893.564	208.588	4.04496
-7.96079	-13.8196	3.05532	-318.956	209.652	4.04877
-8.00186	-13.7858	3.18728	193.404	131.964	4.05068
-8.05018	-13.7496	3.27455	145.52	87.2667	4.04687
-8.10091	-13.7133	3.40651	-235.159	131.964	4.05068
-8.15648	-13.6723	3.57359	-405.147	167.083	4.05068
-8.21205	-13.6264	3.69704	-201.64	123.45	4.05258
-8.27245	-13.5829	3.76622	114.395	69.1745	4.05068
-8.33527	-13.5297	3.82688	202.98	60.6611	4.04877
-8.4005	-13.4814	3.94501	-359.657	118.129	4.05068
-8.47057	-13.4258	4.10677	-572.741	161.762	4.04877
-8.54305	-13.3678	4.27173	279.595	164.955	4.04687
-8.61553	-13.3074	4.42497	779.983	153.248	4.04687
-8.69526	-13.2446	4.53778	9.05006	112.808	4.04687
-8.77257	-13.1794	4.68252	-1077.92	144.735	4.05258
-8.85713	-13.1117	4.83151	-974.967	148.992	4.05449
-8.94411	-13.0417	4.94432	-132.208	112.808	4.05068
-9.03108	-12.9692	5.03052	167.067	86.2021	4.05068
-9.12289	-12.8943	5.1263	-163.332	95.7799	4.04687
-9.21712	-12.8146	5.24762	-484.156	121.322	4.05258
-9.31617	-12.7348	5.39555	-493.732	147.927	4.04687
-9.41523	-12.6551	5.54241	-536.828	146.863	4.05258
-9.51912	-12.5681	5.61584	37.7805	73.4324	4.05068
-9.62301	-12.4812	5.67225	492.679	56.4032	4.04687
-9.73173	-12.3918	5.83294	121.578	160.699	4.04687
-9.84045	-12.3024	5.9383	37.7805	105.357	4.04687
-9.954	-12.2106	5.93511	66.5109	-3.19195	4.04877
-10.0676	-12.1139	5.94894	164.673	13.8345	4.04877
-10.1835	-12.0149	6.08517	-41.2282	136.221	4.04687
-10.3019	-11.9182	6.27034	-512.886	185.175	4.04687
-10.4227	-11.8168	6.38102	-541.616	110.68	4.04687
-10.5459	-11.7153	6.42465	-431.483	43.633	4.05258
-10.6691	-11.609	6.48638	-165.727	61.7251	4.05449
-10.7972	-11.5051	6.58748	102.424	101.101	4.04687
-10.9277	-11.3964	6.75563	-273.466	168.148	4.03924
-11.0605	-11.2876	6.96209	-517.674	206.46	4.04687
-11.1934	-11.1765	7.04829	-421.906	86.2031	4.04687
-11.3311	-11.063	7.02807	-603.866	-20.2203	4.04496
-11.4688	-10.9494	7.05361	-517.674	25.5418	4.04687
-11.609	-10.8334	7.19302	-170.515	139.413	4.04877
-11.7515	-10.715	7.38458	4.26165	191.56	4.04687
-11.8989	-10.5967	7.51123	121.578	126.643	4.05258
-12.0414	-10.4807	7.51548	353.815	4.25673	4.05068
-12.1912	-10.3599	7.44418	329.873	-71.3029	4.05449
-12.3459	-10.2367	7.47611	-460.214	31.9266	4.04687
-12.4981	-10.1135	7.68257	-1020.46	206.46	4.04687
-12.6551	-9.98541	7.90605	-304.59	223.488	4.04687
-12.8097	-9.86219	8.05717	-84.3238	151.12	4.04496
-12.9668	-9.73173	8.14657	-421.906	89.3946	4.04687
-13.1238	-9.60126	8.13167	291.566	-14.8983	4.03924
-13.2857	-9.47321	8.06462	758.435	-67.0462	4.04687
-13.4452	-9.34033	8.03695	356.209	-27.6699	4.04687
-13.6094	-9.20504	8.06675	313.114	29.7976	4.05258
-13.7737	-9.06974	8.17956	973.913	112.808	4.05258
-13.9404	-8.93444	8.28385	789.56	104.294	4.05258
-14.1071	-8.79914	8.3509	-757.094	67.0471	4.05068
-14.2763	-8.66143	8.39986	-1896.73	48.954	4.05068
-14.4454	-8.52372	8.54246	-1276.64	142.607	4.05068
-14.6169	-8.38359	8.67443	210.163	131.963	4.05068
-14.7885	-8.24346	8.71593	768.012	41.5058	4.05068
-14.9648	-8.10575	8.67443	109.607	-41.5058	4.05068
-15.1364	-7.96079	8.64356	-175.303	-30.8619	4.04687
-15.3127	-7.81824	8.73934	653.09	95.7794	4.05068
-15.4939	-7.67328	8.91388	712.945	174.534	4.05258
-15.6751	-7.52832	9.0916	-977.361	177.726	4.04687
-15.8539	-7.38336	9.19483	-1894.34	103.23	4.04496
-16.0375	-7.2384	9.19909	-115.448	4.25625	4.04687
-16.2212	-7.09102	9.13843	1565.28	-60.6594	4.05068
-16.4048	-6.94364	9.09799	588.447	-40.4406	4.05449
-16.5908	-6.79143	9.11714	-781.036	19.1555	4.05068
-16.7768	-6.63922	9.27146	-742.729	154.313	4.05068
-16.9653	-6.48701	9.48856	236.499	217.102	4.05068
-17.1562	-6.3348	9.65777	823.079	169.211	4.04877
-17.347	-6.18018	9.68757	140.731	29.7976	4.04687
-17.5379	-6.02555	9.63968	-493.732	-47.8907	4.05068
-17.7336	-5.8661	9.72482	-455.425	85.1393	4.05068
-17.9293	-5.71147	9.96959	-376.416	244.772	4.04687
-18.1226	-5.5496	10.0803	-409.935	110.679	4.04687
-18.3207	-5.39014	10.01	-275.86	-70.2381	4.04496
-18.5188	-5.22827	9.94405	32.9921	-65.9828	4.05068
-18.7193	-5.06639	9.96746	437.612	23.4137	4.04877
-18.9199	-4.90452	10.0569	186.221	89.3946	4.04687
-19.1228	-4.74506	10.1356	-690.057	78.7525	4.05068
-19.3257	-4.57594	10.1739	-630.202	38.311	4.05068
-19.5287	-4.41407	10.2442	-29.2572	70.24	4.0564
-19.7316	-4.24978	10.2218	44.9631	-22.3494	4.04687
-19.9394	-4.08791	10.1867	-457.819	-35.1181	4.04687
-20.1424	-3.9212	10.2346	-527.251	47.8897	4.04496
-20.3477	-3.75449	10.2718	162.279	37.2477	4.04687
-20.5555	-3.59021	10.2846	205.375	12.7707	4.04496
-20.7657	-3.4235	10.3123	-43.6224	27.6699	4.04687
-20.9735	-3.25438	10.341	1424.02	28.7333	4.04687
-21.1837	-3.09009	10.4208	1012.22	79.8178	4.05068
-21.389	-2.92097	10.5358	-577.529	114.937	4.04496
-21.5968	-2.75185	10.5538	-160.938	18.0912	4.04496
-21.8094	-2.58273	10.5209	-74.747	-32.9914	4.04305
-22.0172	-2.40877	10.5475	176.644	26.6066	4.04496
-22.225	-2.23723	10.6379	923.635	90.4589	4.04496
-22.4327	-2.0657	10.6698	849.415	31.9262	4.05449
-22.6429	-1.89174	10.7177	-388.387	47.8907	4.05258
-22.8531	-1.72021	10.8284	-1142.56	110.679	4.05449
-23.0657	-1.54625	10.9625	-1238.33	134.092	4.05258
-23.2759	-1.3723	11.0445	-651.75	81.9454	4.05449
-23.4837	-1.19351	11.0051	1160.66	-39.3763	4.05068
-23.6963	-1.01956	10.954	1854.98	-51.0826	4.04687
-23.9065	-0.840775	10.9774	945.183	23.4137	4.05258
-24.1167	-0.661989	10.9806	353.815	3.19195	4.05258
-24.3269	-0.48562	10.9657	406.488	-14.8983	4.04687
-24.5395	-0.306835	10.9785	114.395	12.7707	4.04877
-24.7521	-0.125633	11.0732	-989.332	94.7151	4.04687
-24.9647	0.0531524	11.2009	-986.938	127.707	4.04687
-25.1725	0.23677	11.2924	-43.6224	91.5232	4.04877
-25.3851	0.417971	11.2945	681.821	2.1286	4.05258
-25.6001	0.596757	11.2743	303.537	-20.2198	4.05449
-25.8128	0.780374	11.319	-895.958	44.6978	4.05449
-26.0278	0.963992	11.4297	-802.584	110.679	4.05068
-26.2428	1.14761	11.5085	588.447	78.7535	4.04687
-26.4578	1.32881	11.451	1680.2	-57.4684	4.05068
-26.6753	1.51484	11.4127	1014.61	-38.312	4.05068
-26.8903	1.70088	11.4648	-218.399	52.1469	4.04687
-27.1077	1.8845	11.583	-807.373	118.129	4.04496
-27.3228	2.07295	11.6745	-620.625	91.5232	4.05068
-27.5402	2.26139	11.7734	322.69	98.9733	4.04687
-27.7552	2.45226	11.9075	605.206	134.091	4.04687
-27.9751	2.64071	11.9437	440.006	36.1843	4.04496
-28.1925	2.82916	11.948	162.279	4.25625	4.04687
-28.4148	3.01761	11.9171	-297.408	-30.8619	4.04687
-28.6323	3.20847	11.8586	-273.466	-58.5327	4.05449
-28.8569	3.40417	11.8565	-213.611	-2.1286	4.05068
-29.0792	3.59021	11.9629	308.325	106.422	4.05068
-29.2991	3.78349	12.163	1333.04	200.074	4.05258
-29.5238	3.97677	12.2821	1141.51	119.194	4.05449
-29.7485	4.17005	12.3652	-263.889	83.0107	4.05068
-29.9683	4.36333	12.3045	-1080.31	-60.6623	4.05068
-30.193	4.55903	12.181	-180.092	-123.45	4.04687
-30.4177	4.75231	12.1512	657.879	-29.7985	4.04687
-30.6472	4.94559	12.1321	35.3863	-19.1555	4.04687
-30.8743	5.13887	12.1044	-670.903	-27.669	4.04496
-31.1038	5.32974	12.1619	-230.37	57.4675	4.04877
-31.3285	5.52544	12.2428	-74.747	80.8811	4.04687
-31.5605	5.71872	12.2832	-625.413	40.4406	4.05258
-31.7876	5.91683	12.3162	219.74	32.9914	4.05258
-32.0147	6.11011	12.3939	1651.47	77.6873	4.05258
-32.2442	6.30581	12.3928	1100.81	-1.0643	4.04877
-32.4761	6.50151	12.3322	-910.323	-60.6594	4.04877
-32.7081	6.69721	12.4407	-1982.93	108.55	4.05068
-32.9376	6.89532	12.7334	-1042	292.662	4.05068
-33.1695	7.09343	12.7632	1366.56	29.7995	4.05449
-33.4039	7.29396	12.6291	2017.79	-134.093	4.04877
-33.6407	7.48966	12.6376	569.293	8.51345	4.04496
-33.8726	7.68778	12.743	-19.6804	105.358	4.04687
-34.1094	7.8883	12.7206	253.259	-22.3484	4.04496
-34.3437	8.08883	12.6759	598.024	-44.6968	4.04687
-34.5757	8.29178	12.7068	777.589	30.8619	4.04496
-34.8148	8.49473	12.8057	1017.01	98.9733	4.04877
-35.0516	8.69767	12.9058	483.102	100.037	4.05068
-35.2908	8.8982	13.0324	-955.813	126.644	4.05068
-35.53	9.10356	13.2676	-1293.4	235.192	4.05068
-35.7716	9.30651	13.44	-754.7	172.404	4.04687
-36.0108	9.51187	13.4592	-196.851	19.1574	4.04687
-36.2548	9.71965	13.3772	413.67	-81.9464	4.05068
-36.4988	9.92743	13.3538	298.748	-23.4127	4.04687
-36.7452	10.1352	13.407	1098.41	53.2112	4.05068
-36.9917	10.3454	13.4613	981.096	54.2755	4.05068
-37.2381	10.558	13.5624	-321.35	101.101	4.04687
-37.487	10.7706	13.7465	-505.703	184.111	4.04687
-37.7358	10.9832	13.8221	-711.605	75.5606	4.03924
-37.9871	11.1958	13.8253	-89.1122	3.1929	4.04687
-38.2383	11.4157	13.8285	495.073	3.1929	4.04687
-38.4896	11.6307	13.9211	756.041	92.5875	4.03924
-38.7409	11.8482	14.0094	801.531	88.3303	4.05258
-38.9946	12.0704	14.0967	138.337	87.266	4.04687
-39.2458	12.2879	14.1435	-491.338	46.8264	4.05068
-39.5019	12.5102	14.202	-876.805	58.5327	4.05068
-39.758	12.7324	14.2158	-350.08	13.835	4.05068
-40.0141	12.9571	14.2041	380.151	-11.7064	4.04687
-40.2751	13.1842	14.2978	552.534	93.6518	4.04687
-40.536	13.4137	14.4872	1292.34	189.432	4.04687
-40.7969	13.6433	14.6713	1261.22	184.112	4.04687
-41.0554	13.8752	14.7394	-532.04	68.1095	4.04687
-41.3188	14.1071	14.7703	-1295.79	30.8638	4.04687
-41.5797	14.3439	14.7597	-24.4688	-10.643	4.04687
-41.843	14.5783	14.749	528.592	-10.6421	4.04687
-42.1064	14.815	14.7873	-371.628	38.311	4.04687
-42.3746	15.0518	14.8884	-1250.3	101.103	4.05068
-42.6379	15.291	15.0161	-613.442	127.706	4.04687
-42.9061	15.5326	15.0183	1007.43	2.1286	4.04687
-43.1743	15.7742	15.0012	1098.41	-17.0269	4.04687
-43.4425	16.0182	15.0566	238.893	55.3389	4.04687
-43.7106	16.2646	15.0832	413.67	26.6056	4.04687
-43.9861	16.5183	15.1162	703.369	32.9924	4.04877
-44.2494	16.7575	15.1183	375.363	2.12765	4.04496
-44.52	17.0064	15.1598	332.267	41.5049	4.04687
-44.7954	17.2576	15.2684	-0.52675	108.551	4.04687
-45.0733	17.5065	15.4919	-1200.02	223.488	4.05068
-45.3463	17.7602	15.6664	-939.054	174.532	4.04877
-45.6241	18.0138	15.743	624.36	76.6249	4.04687
-45.902	18.2699	15.7643	423.247	21.2851	4.05068
-46.1798	18.526	15.7717	-429.089	7.44915	4.04496
-46.4601	18.7894	15.8069	425.641	35.1191	4.04877
-46.7427	19.0479	15.8399	653.09	32.9905	4.04877
-47.023	19.3112	15.8984	-730.758	58.5337	4.04877
-47.3105	19.577	15.9878	-48.4108	89.3955	4.04687
-47.5956	19.8428	16.0836	492.679	95.7785	4.05068
-47.8831	20.1134	16.14	25.8095	56.4041	4.05068
-48.1706	20.384	16.1772	593.235	37.2467	4.04687
-48.4605	20.657	16.2389	653.09	61.7256	4.04687
-48.7553	20.9276	16.2964	-14.892	57.4684	4.05068
-49.0452	21.2054	16.406	-342.898	109.615	4.05068
-49.34	21.4881	16.5454	772.8	139.414	4.05449
-49.6323	21.7611	16.6167	1407.26	71.3024	4.05258
-49.9271	22.0438	16.5795	293.96	-37.2467	4.05068
-50.2266	22.324	16.5412	-227.976	-38.3129	4.05068
-50.5262	22.6067	16.588	-110.66	46.8254	4.04496
-50.8258	22.8942	16.72	-462.608	131.966	4.04687
-51.1254	23.1841	16.8647	461.554	144.733	4.04687
-51.4322	23.4716	16.9786	1345.01	113.871	4.05068
-51.7415	23.7664	16.9935	-242.341	14.9002	4.04687
-52.0483	24.0587	17.0701	-3103.41	76.6239	4.04687
-52.3576	24.3462	17.1978	-1903.92	127.707	4.05258
-52.6692	24.6386	17.2116	811.108	13.8359	4.05068
-52.9809	24.9309	17.135	463.948	-76.6239	4.04877
-53.2926	25.2257	17.0903	349.027	-44.6987	4.03924
-53.6091	25.518	17.0924	310.719	2.1286	4.04687
-53.928	25.8128	17.0637	121.578	-28.7342	4.04687
-54.2445	26.1075	17.0307	2779.14	-32.9895	4.05449
-54.5682	26.4071	17.0403	2985.04	9.5787	4.04687
-54.8799	26.6946	17.0371	360.998	-3.1929	4.04687
-55.1988	26.9894	17.0903	325.085	53.2093	4.04877
-55.5201	27.2865	17.1552	157.491	64.9185	4.04877
-55.8463	27.5789	17.2255	-958.207	70.2381	4.04877
-56.1652	27.8785	17.3479	-769.065	122.387	4.04687
-56.4865	28.1756	17.433	440.006	85.1383	4.04877
-56.8103	28.4728	17.5022	392.122	69.1738	4.05068
-57.1365	28.77	17.4969	-503.309	-5.3215	4.04496
-57.465	29.0671	17.4149	-625.413	-81.9454	4.04687
-57.7888	29.3595	17.3425	32.9921	-72.3667	4.04687
-58.1101	29.6591	17.3085	193.404	-34.0538	4.05068
-58.4363	29.9562	17.2861	66.5109	-22.3484	4.05068
-58.7624	30.2486	17.2638	-280.648	-22.3503	4.03924
-59.091	30.5409	17.2936	-816.95	29.7985	4.04305
-59.4172	30.8381	17.3042	-414.724	10.6411	4.04496
-59.7409	31.1304	17.2585	535.774	-45.7611	4.05068
-60.0647	31.43	17.2957	1163.06	37.2486	4.05258
-60.4029	31.7272	17.4277	765.618	131.964	4.04687
-60.7146	32.0123	17.4947	-584.712	67.0452	4.05068
-61.0383	32.3046	17.3968	-508.098	-97.908	4.04687
-61.3621	32.5945	17.2883	430.43	-108.551	4.05258
-61.6858	32.8893	17.2563	404.093	-31.9271	4.04687
-62.0096	33.1816	17.4543	638.725	197.947	4.04687
-62.3261	33.4764	17.6469	135.943	192.625	4.04687
-62.6474	33.7687	17.4905	-814.555	-156.441	4.05258
-62.9687	34.0635	17.2957	1266.01	-194.754	4.05068
-63.2852	34.3558	17.2244	2235.66	-71.3024	4.04687
-63.6017	34.6481	17.1403	636.331	-84.074	4.05068
-63.9158	34.9429	17.0531	-0.52675	-87.2669	4.04877
-64.2299	35.2352	17.0126	49.7515	-40.4415	4.04687
-64.5391	35.5276	16.9882	212.557	-24.4751	4.04877
-64.8532	35.8199	16.9456	-17.2862	-42.5701	4.04687
-65.1625	36.1122	16.9552	-555.982	9.5787	4.05068
-65.4669	36.4046	16.9977	-893.564	42.5682	4.05068
-65.7761	36.6969	17.0371	-1144.96	39.3772	4.04687
-66.0806	36.9844	17.0297	-589.5	-7.4501	4.05068
-66.385	37.2768	17.0456	940.395	15.9626	4.05449
-66.6894	37.5667	17.0648	1450.36	19.1555	4.05068
-66.9938	37.859	17.1233	1088.84	58.5327	4.05068
-67.3007	38.1465	17.135	-14.892	11.7073	4.05068
-67.6027	38.4365	17.1254	-723.576	-9.5787	4.04496
-67.8998	38.7288	17.1318	-323.744	6.3858	4.04687
-68.1994	39.0187	17.0733	140.731	-58.5327	4.04687
-68.5014	39.3086	16.953	353.815	-120.256	4.04687
-68.7986	39.5986	16.9009	727.311	-52.1469	4.04687
-69.0982	39.8885	16.8934	320.296	-7.4501	4.04687
-69.3953	40.1784	16.8338	-204.034	-59.597	4.05258
-69.6901	40.4683	16.7796	-96.2948	-54.2755	4.04687
-69.9873	40.7558	16.7689	-333.321	-10.6411	4.05258
-70.2893	41.0458	16.836	-395.57	67.0452	4.05449
-70.5816	41.3357	16.9733	1.86745	137.283	4.05258
-70.8788	41.6232	17.0414	916.453	68.1114	4.05258
-71.1735	41.9107	16.9573	914.058	-84.074	4.05068
-71.4659	42.2006	16.8243	1067.29	-133.028	4.04877
-71.7606	42.4881	16.8594	92.8471	35.12	4.04877
-72.053	42.7805	16.9743	-1132.98	114.937	4.05068
-72.3477	43.0704	17.036	600.418	61.7256	4.05068
-72.6449	43.3555	17.0616	1579.65	25.5394	4.05068
-72.9324	43.6478	16.9935	138.337	-68.1095	4.04687
-73.2247	43.9353	16.92	-692.451	-73.431	4.04687
-73.5171	44.2252	16.8764	-81.9296	-43.6344	4.05068
-73.8118	44.5079	16.82	365.786	-56.4022	4.05449
-74.1017	44.7954	16.7934	-34.0456	-26.6056	4.05258
-74.3965	45.0853	16.8871	-1161.71	93.6508	4.05449
-74.6864	45.368	17.0116	-1733.93	124.514	4.05258
-74.9788	45.6531	17.0009	-869.622	-10.6411	4.05449
-75.2711	45.9358	16.9147	-34.0456	-86.2026	4.05449
-75.5634	46.2185	16.8849	-180.092	-29.7985	4.05258
-75.8558	46.5011	16.87	-129.814	-14.9002	4.05258
-76.1505	46.7838	16.9339	293.96	63.8542	4.04877
-76.4501	47.0641	17.0818	349.027	147.928	4.05068
-76.74	47.3516	17.2191	1134.32	137.285	4.04687
-77.0348	47.6342	17.3149	1017.01	95.7794	4.04687
-77.3296	47.9169	17.267	-182.486	-47.8897	4.04496
-77.6243	48.1996	17.1893	-187.274	-77.6882	4.05068
-77.9239	48.4919	17.2084	-29.2572	19.1555	4.05258
-78.2162	48.7674	17.2861	-486.55	77.6901	4.05068
-78.511	49.05	17.334	-1018.06	47.8878	4.05449
-78.8057	49.3327	17.2723	-259.101	-61.7237	4.05068
-79.1053	49.613	17.2095	1400.08	-62.7899	4.05068
-79.3977	49.8981	17.2053	918.847	-4.25529	4.04687
-79.6948	50.1831	17.2233	-378.811	18.0893	4.05068
-79.9896	50.4658	17.3287	-953.419	105.358	4.05068
-80.2843	50.7533	17.4043	-1070.73	75.5596	4.05068
-80.5839	51.036	17.3947	416.064	-9.5768	4.04687
-80.8787	51.3235	17.449	1184.6	54.2755	4.05449
-81.1758	51.6134	17.5682	40.1747	119.194	4.05449
-81.473	51.9034	17.8033	-1377.19	235.193	4.05258
-81.7678	52.1957	17.9183	267.624	114.939	4.05258
-82.0698	52.4856	17.9832	2297.91	64.9166	4.05258
-82.367	52.7755	17.9928	516.621	9.57489	4.05068
-82.6665	53.0727	17.9279	-718.787	-64.9166	4.05258
-82.9661	53.3675	17.8778	293.96	-50.0183	4.04687
-83.2681	53.6646	17.8715	1598.8	-6.3858	4.05258
-83.5701	53.9618	17.8757	945.183	4.2572	4.04496
-83.8721	54.2614	17.8715	-34.0456	-4.2572	4.05449
-84.1693	54.5658	17.913	107.212	41.5058	4.05068
-84.4737	54.8654	17.9832	-704.422	70.24	4.05068
-84.7733	55.1722	18.1354	-1511.27	152.184	4.05258
-85.0777	55.4791	18.2152	-924.689	79.8149	4.05449
-85.3846	55.7859	18.1907	226.922	-24.4751	4.05068
-85.6841	56.0903	18.1918	-22.0746	1.06239	4.05258
-85.9934	56.3972	18.245	-972.573	53.2131	4.05258
-86.2954	56.7088	18.3312	-939.054	86.2007	4.05068
-86.6022	57.0205	18.4036	-81.9296	72.3686	4.05258
-86.9091	57.3321	18.3972	186.221	-6.3858	4.05068
-87.2159	57.6462	18.3727	1.86745	-24.4789	4.05068
-87.53	57.9627	18.3546	1407.26	-18.0893	4.04877
-87.8344	58.2792	18.3919	1445.57	37.2448	4.04496
-88.1461	58.6006	18.4504	396.911	58.5346	4.04687
-88.4577	58.9219	18.61	844.626	159.634	4.04687
-88.7742	59.2408	18.7282	356.209	118.128	4.03924
-89.0907	59.5646	18.7367	-883.987	8.5144	4.05449
-89.4024	59.8907	18.6611	-1551.97	-75.5596	4.05449
-89.7189	60.2193	18.5887	-1121.01	-72.3667	4.05068
-90.0354	60.5479	18.6356	779.983	46.8254	4.05068
-90.3567	60.874	18.7431	1469.51	107.487	4.05258
-90.6805	61.205	18.8601	116.789	117.065	4.05068
-91.0018	61.5433	19.0964	-828.921	236.258	4.05258
-91.3231	61.8791	19.3018	499.861	205.395	4.04687
-91.6493	62.2173	19.3294	1625.14	27.6699	4.04877
-91.9779	62.5532	19.2007	224.528	-128.769	4.05068
-92.2992	62.8987	19.1475	-125.025	-53.2131	4.04687
-92.6278	63.2393	19.1879	583.659	40.4415	4.04687
-92.9564	63.5848	19.1634	289.172	-24.477	4.04496
-93.2849	63.9279	19.1262	61.7225	-37.2486	4.04687
-93.6159	64.2734	19.1166	471.131	-9.5787	4.05449
-93.9518	64.6189	19.1262	281.989	9.5787	4.04687
-94.2876	64.9644	19.1985	-505.703	72.3686	4.05449
-94.6258	65.3123	19.2837	-977.361	85.1364	4.05258
-94.9617	65.6602	19.2432	219.74	-40.4415	4.05068
-95.2999	66.0081	19.1996	693.792	-43.6325	4.04877
-95.6406	66.3536	19.2847	284.383	85.1383	4.05449
-95.9812	66.6966	19.3539	-38.834	69.1738	4.05068
-96.317	67.047	19.2975	-247.13	-56.4041	4.04687
-96.6553	67.3949	19.2017	586.053	-95.7794	4.05068
-96.9959	67.7428	19.1443	583.659	-57.4684	4.05068
-97.3342	68.0907	19.1209	52.1457	-23.4146	4.04687
-97.6749	68.4362	19.1145	-117.843	-6.3839	4.04687
-98.0155	68.7841	19.0932	-69.9586	-21.2841	4.04687
-98.3538	69.1272	19.0442	100.03	-48.954	4.05068
-98.692	69.4702	19.0123	92.8471	-31.9271	4.04687
-99.0302	69.8133	19.0847	-227.976	72.3686	4.04687
-99.3588	70.1661	19.2528	76.0877	168.148	4.05068
-99.7019	70.5091	19.289	837.444	36.1805	4.05449
-100.038	70.8498	19.1645	633.937	-124.514	4.05068
-100.381	71.1929	19.0889	-699.634	-75.5596	4.04687
-100.714	71.5359	19.19	-687.663	101.103	4.05258
-101.045	71.8814	19.3497	-48.4108	159.632	4.05449
-101.379	72.2245	19.3635	945.183	13.8359	4.05068
-101.712	72.5676	19.1847	952.366	-178.789	4.04877
-102.048	72.9058	19.0623	-26.863	-122.387	4.04687
-102.374	73.2489	19.0176	320.296	-44.6968	4.04496
-102.705	73.5895	18.958	353.815	-59.597	4.04305
-103.034	73.9302	18.8931	341.844	-64.9166	4.04687
-103.36	74.2684	18.841	325.085	-52.1469	4.05068
-103.683	74.6067	18.7867	109.607	-54.2774	4.04687
-104.01	74.9449	18.7303	52.1457	-56.4041	4.05449
-104.331	75.2808	18.6813	241.288	-48.954	4.05449
-104.652	75.6166	18.5962	1519.79	-85.1364	4.05068
-104.974	75.9597	18.6239	1503.03	27.6699	4.05258
-105.295	76.2907	18.7846	-302.196	160.696	4.05258
-105.609	76.6289	18.9261	-417.118	141.544	4.05068
-105.923	76.9671	18.9091	365.786	-17.0288	4.05449
-106.237	77.3054	18.8186	758.435	-90.4579	4.05068
-106.556	77.6388	18.7377	435.218	-80.8811	4.05068
-106.865	77.977	18.6792	-93.9006	-58.5327	4.04687
-107.175	78.3153	18.6228	169.462	-56.4041	4.05068
-107.484	78.6535	18.5483	-0.52675	-74.4972	4.04305
-107.791	78.9869	18.4845	-816.95	-63.8523	4.04687
-108.098	79.3228	18.428	-534.434	-56.4041	4.04687
-108.404	79.6538	18.344	135.943	-84.0759	4.05068
-108.711	79.9896	18.2684	169.462	-75.5577	4.05068
-109.018	80.323	18.2237	-5.31515	-44.6968	4.05068
-109.322	80.6443	18.2205	-206.428	-3.19481	4.04496
-109.629	80.9753	18.2003	-232.764	-20.2198	4.05449
-109.934	81.3039	18.2003	-31.6514	0	4.0564
-110.241	81.6325	18.345	9.05006	144.735	4.04687
-110.55	81.9538	18.6441	-247.13	299.047	4.05068
-110.854	82.28	18.5898	128.76	-54.2755	4.04687
-111.161	82.6013	18.3653	301.143	-224.55	4.04877
-111.47	82.9226	18.3089	-223.188	-56.406	4.04877
-111.777	83.244	18.328	18.6269	19.1574	4.05068
-112.089	83.558	18.2556	389.728	-72.3686	4.04687
-112.391	83.8794	18.1843	140.731	-71.3024	4.04687
-112.698	84.1959	18.1098	13.8385	-74.4953	4.05068
-113.002	84.51	18.0226	1957.93	-87.2669	4.04687
-113.309	84.8313	17.9662	2247.63	-56.4041	4.05258
-113.611	85.143	17.9342	499.861	-31.9271	4.04687
-113.92	85.4595	17.997	502.256	62.788	4.05449
-114.225	85.7711	18.1907	-60.3818	193.691	4.05068
-114.529	86.0804	18.3238	-1753.08	133.028	4.05068
-114.833	86.3945	18.4153	-1717.17	91.5222	4.04687
-115.133	86.711	18.411	73.6935	-4.25529	4.04687
-115.44	87.0226	18.3812	717.734	-29.8004	4.04496
-115.744	87.3319	18.3536	169.462	-27.6699	4.05068
-116.049	87.6435	18.3291	-160.938	-24.477	4.05068
-116.358	87.9528	18.3131	78.4819	-15.9607	4.04877
-116.662	88.2596	18.294	272.412	-19.1593	4.05258
-116.964	88.5713	18.2737	171.856	-20.2179	4.05258
-117.271	88.8781	18.2865	-204.034	12.7697	4.05258
-117.58	89.1825	18.3163	-496.127	29.7985	4.04687
-117.885	89.4942	18.3152	490.285	-1.0643	4.05449
-118.192	89.7986	18.3536	609.995	38.311	4.05258
-118.503	90.1055	18.4323	-512.886	78.7544	4.0564
-118.81	90.4123	18.4813	-512.886	48.9521	4.05258
-119.112	90.7264	18.4759	112.001	-5.31959	4.05068
-119.419	91.0405	18.593	1043.35	117.064	4.05258
-119.728	91.3497	18.8154	1452.75	222.424	4.04687
-120.038	91.6638	18.9048	107.212	89.3955	4.05258
-120.344	91.9779	18.825	-931.871	-79.8168	4.05258
-120.656	92.292	18.7739	384.94	-51.0845	4.05258
-120.963	92.606	18.7963	803.925	22.3503	4.04877
-121.272	92.9225	18.8037	-366.84	7.4501	4.04687
-121.581	93.239	18.8101	-163.332	6.3858	4.04687
-121.895	93.558	18.8569	222.134	46.8254	4.05068
-122.205	93.8769	18.941	-565.558	84.074	4.05068
-122.516	94.1958	19.0336	-962.996	92.5865	4.05449
-122.83	94.5244	19.0676	-546.405	34.0576	4.04877
-123.142	94.836	19.024	49.7515	-43.6344	4.05449
-123.459	95.1574	18.9634	308.325	-60.6613	4.04687
-123.773	95.4787	18.9367	66.5109	-26.6056	4.05449
-124.092	95.8	18.9431	-151.361	6.3858	4.05068
-124.411	96.1213	19.0272	-271.072	84.0721	4.05258
-124.729	96.4427	19.1453	-836.103	118.13	4.05449
-125.048	96.7664	19.1677	-563.164	22.3503	4.04687
-125.367	97.0902	19.14	1088.84	-27.6699	4.04877
-125.689	97.4188	19.1294	1668.23	-10.6449	4.04687
-126.01	97.7473	19.1485	1349.8	19.1593	4.04877
-126.336	98.0783	19.1496	835.05	1.06239	4.05068
-126.655	98.4093	19.1666	-14.892	17.0269	4.05258
-126.979	98.7476	19.2198	-139.39	53.2131	4.05449
-127.307	99.0786	19.3209	267.624	101.101	4.05449
-127.629	99.4192	19.4593	133.549	138.35	4.05258
-127.952	99.7575	19.5263	-445.848	67.0452	4.05068
-128.279	100.101	19.5465	-500.915	20.2198	4.05068
-128.607	100.446	19.6221	499.861	75.5615	4.05068
-128.938	100.792	19.7551	1519.79	133.028	4.04877
-129.272	101.137	19.8743	674.638	119.192	4.05068
-129.605	101.487	19.9871	-1209.6	112.808	4.05068
-129.938	101.835	19.9808	-754.7	-6.3858	4.05258
-130.274	102.186	19.9275	672.244	-53.2093	4.04687
-130.615	102.538	19.9073	325.085	-20.2217	4.05068
-130.956	102.891	19.9009	44.9631	-6.3839	4.04687
-131.296	103.239	19.9339	234.105	32.9895	4.05068
-131.637	103.594	19.9818	188.615	47.8916	4.05068
-131.975	103.952	19.9776	150.308	-4.2572	4.05258
-132.318	104.307	19.9392	222.134	-38.3129	4.05258
-132.666	104.655	19.9126	320.296	-26.6075	4.05258
-133.009	105.015	19.8999	724.916	-12.7697	4.05068
-133.357	105.372	19.9318	899.693	31.9271	4.05068
-133.707	105.727	20.0244	42.5689	92.5865	4.05258
-134.058	106.083	20.1372	-1190.45	112.808	4.04877
-134.408	106.438	20.151	-951.025	13.834	4.05068
-134.761	106.795	20.0872	28.2037	-63.8523	4.05068
-135.113	107.15	20.0435	246.076	-43.6344	4.04687
-135.469	107.503	20.0137	248.47	-29.7966	4.04687
-135.821	107.858	19.9712	291.566	-42.5682	4.05068
-136.179	108.211	19.9361	301.143	-35.1181	4.04687
-136.537	108.561	19.9073	131.154	-28.7361	4.05068
-136.894	108.917	19.902	337.056	-5.3215	4.05068
-137.252	109.267	19.9031	763.224	1.0643	4.04687
-137.607	109.615	19.836	341.844	-67.0452	4.04687
-137.964	109.965	19.8307	-31.6514	-5.3215	4.04687
-138.32	110.318	19.9201	734.493	89.3955	4.05449
-138.675	110.668	20.0595	1345.01	139.412	4.05068
-139.037	111.019	20.1255	226.922	65.9828	4.05258
-139.4	111.362	20.1947	-2083.48	69.1738	4.05449
-139.755	111.71	20.1798	-1755.48	-14.8983	4.05258
-140.107	112.06	20.067	437.612	-112.808	4.05068
-140.467	112.405	19.9222	449.583	-144.735	4.05258
-140.823	112.748	19.8413	789.56	-80.8792	4.05068
-141.173	113.099	19.7945	1991.45	-46.8254	4.05068
-141.526	113.444	19.7041	1328.26	-90.4617	4.05068
-141.881	113.79	19.5966	514.227	-107.487	4.05449
-142.229	114.135	19.538	210.163	-58.5327	4.04687
-142.572	114.481	19.4955	-5.31515	-42.5663	4.05068
-142.92	114.821	19.4348	234.105	-60.6632	4.04687
-143.26	115.169	19.3571	301.143	-77.6882	4.05068
-143.601	115.512	19.2762	325.085	-80.8811	4.05068
-143.942	115.851	19.2347	272.412	-41.5058	4.04496
-144.277	116.194	19.2837	-304.59	48.9559	4.04687
-144.616	116.534	19.389	-1300.58	105.358	4.05068
-144.954	116.877	19.4061	-1329.31	17.0288	4.05449
-145.29	117.218	19.4125	121.578	6.3858	4.0564
-145.626	117.551	19.3582	1081.65	-54.2755	4.05068
-145.959	117.887	19.2347	416.064	-123.453	4.05449
-146.288	118.228	19.0815	-601.471	-153.248	4.05068
-146.619	118.564	19.0102	-443.454	-71.3024	4.05258
-146.947	118.897	19.09	957.154	79.8168	4.05449
-147.276	119.233	19.0559	997.855	-34.0557	4.05068
-147.607	119.564	18.9687	-304.59	-87.2669	4.05068
-147.933	119.902	18.9729	-567.953	4.25911	4.05258
-148.257	120.24	19.0251	1651.47	52.1469	4.05068
-148.585	120.571	19.0857	2369.73	60.6594	4.04687
-148.907	120.91	19.1783	241.288	92.5884	4.05068
-149.23	121.243	19.2337	-1848.85	55.3417	4.05068
-149.554	121.577	19.1049	-1235.93	-128.773	4.05068
-149.878	121.908	18.9538	1081.65	-151.121	4.04687
-150.199	122.239	18.9112	808.713	-42.5682	4.05258
-150.52	122.57	18.9006	858.992	-10.643	4.05449
-150.839	122.898	18.8165	346.633	-84.074	4.0564
-151.156	123.224	18.7154	346.633	-101.101	4.05258
-151.472	123.55	18.6164	411.276	-98.9723	4.05449
-151.791	123.874	18.5707	229.317	-45.763	4.05068
-152.108	124.203	18.56	-89.1122	-10.643	4.04687
-152.419	124.524	18.6005	-728.364	40.4415	4.04877
-152.734	124.845	18.7037	-893.564	103.231	4.05068
-153.048	125.169	18.791	44.9631	87.2669	4.05068
-153.369	125.488	18.8952	152.702	104.292	4.05258
-153.681	125.809	18.9133	-804.979	18.0912	4.05068
-153.997	126.131	18.8591	-431.483	-54.2755	4.04687
-154.311	126.45	18.8239	454.372	-35.1181	4.04687
-154.628	126.769	18.8218	363.392	-2.1286	4.04687
-154.949	127.085	18.8005	9.05006	-21.286	4.04687
-155.261	127.399	18.7441	-184.88	-56.4022	4.04877
-155.577	127.713	18.6292	-306.985	-114.937	4.04687
-155.891	128.03	18.5589	372.969	-70.2381	4.05068
-156.21	128.344	18.7016	1028.98	142.605	4.05068
-156.527	128.655	18.825	-67.5644	123.451	4.04877
-156.843	128.967	18.842	-1295.79	17.0269	4.05068
-157.16	129.281	18.9219	418.459	79.8187	4.05449
-157.474	129.598	19.0038	3087.99	81.9435	4.05068
-157.795	129.912	19.0527	2230.87	48.9559	4.04496
-158.114	130.226	19.0166	-364.445	-36.1843	4.04687
-158.428	130.545	19.0687	-1516.06	52.1469	4.05068
-158.745	130.864	19.2422	-718.787	173.47	4.04305
-159.061	131.18	19.2432	490.285	1.06239	4.05068
-159.378	131.502	19.1507	274.806	-92.5865	4.05068
-159.694	131.82	19.1379	-115.448	-12.7697	4.04687
-160.008	132.142	19.1698	138.337	31.9252	4.04687
-160.327	132.461	19.1634	289.172	-6.3839	4.05449
-160.644	132.787	19.1719	-120.237	8.5125	4.05258
-160.96	133.113	19.1996	-551.193	27.6699	4.05449
-161.274	133.434	19.2869	-211.217	87.2669	4.05068
-161.591	133.763	19.3624	-127.419	75.5615	4.05258
-161.91	134.092	19.4274	-587.106	64.9166	4.04687
-162.231	134.42	19.4859	-292.619	58.5327	4.05068
-162.547	134.749	19.4816	629.148	-4.2572	4.04877
-162.866	135.077	19.4295	808.713	-52.1488	4.05258
-163.188	135.408	19.4412	-275.86	11.7054	4.05068
-163.504	135.746	19.5221	-704.422	80.883	4.04687
-163.823	136.082	19.5412	121.578	19.1574	4.04877
-164.142	136.421	19.537	440.006	-4.2572	4.04687
-164.463	136.754	19.5561	-115.448	19.1555	4.05449
-164.782	137.097	19.6455	-833.709	89.3955	4.05449
-165.106	137.443	19.7626	-601.471	117.064	4.05449
-165.425	137.781	19.7722	519.015	9.5787	4.05068
-165.749	138.124	19.7668	428.035	-5.3215	4.05258
-166.077	138.467	19.7626	1148.69	-4.2572	4.05258
-166.401	138.82	19.7605	1289.95	-2.1286	4.05449
-166.725	139.17	19.8733	337.056	112.808	4.05068
-167.051	139.523	19.9935	540.563	120.258	4.04687
-167.382	139.873	20.0425	-242.341	48.954	4.05068
-167.708	140.231	20.2532	-2272.62	210.716	4.04877
-168.037	140.588	20.4118	-1130.59	158.571	4.05068
-168.37	140.948	20.3245	1230.09	-87.2669	4.0564
-168.708	141.313	20.2319	301.143	-92.5884	4.05449
-169.044	141.678	20.2543	-306.985	22.3484	4.05068
-169.375	142.033	20.2404	401.699	-13.8359	4.05449
-169.711	142.398	20.2138	619.572	-26.6056	4.04687
-170.049	142.763	20.1861	636.331	-27.6699	4.05449
-170.387	143.13	20.1627	540.563	-23.4108	4.05258
-170.73	143.492	20.183	71.2993	20.2179	4.05449
-171.069	143.862	20.1808	214.951	-2.1286	4.05258
-171.407	144.229	20.1287	1093.62	-52.1469	4.05449
-171.748	144.599	20.0989	1572.46	-29.7966	4.04687
-172.093	144.966	20.1446	926.029	45.7611	4.04687
-172.436	145.338	20.1521	-29.2572	7.4501	4.04687
-172.782	145.708	20.1851	-1180.87	32.9914	4.05449
-173.122	146.077	20.3245	-1444.23	139.414	4.04877
-173.473	146.442	20.3649	-915.112	40.4396	4.05258
-173.816	146.822	20.2351	-831.315	-129.835	4.05258
-174.164	147.184	20.1319	44.9631	-103.231	4.05258
-174.507	147.551	20.2117	940.395	79.8168	4.05068
-174.857	147.918	20.2372	329.873	25.5432	4.04687
-175.205	148.288	20.1574	-81.9296	-79.8187	4.05068
-175.553	148.658	20.1893	1567.68	31.929	4.04877
-175.901	149.025	20.3532	1677.81	163.889	4.05068
-176.251	149.392	20.2606	-390.782	-92.5865	4.05068
-176.599	149.762	20.1585	-261.495	-102.165	4.04687
-176.952	150.124	20.1712	526.198	12.7697	4.04687
-177.304	150.494	20.1755	-591.895	4.2572	4.05068
-177.655	150.856	20.3192	-2143.34	143.669	4.04877
-178.003	151.226	20.3979	-587.106	78.7525	4.05449
-178.355	151.598	20.2415	1481.48	-156.439	4.05068
-178.703	151.953	20.0744	1749.63	-167.084	4.04687
-179.051	152.318	20.0318	1201.36	-42.5701	4.05068
-179.397	152.678	19.9829	308.325	-48.954	4.04877
-179.735	153.048	19.9105	301.143	-72.3686	4.05258
-180.078	153.41	19.8584	313.114	-52.1469	4.04687
-180.424	153.775	19.7988	210.163	-59.5951	4.05068
-180.762	154.132	19.7296	30.5979	-69.1757	4.04687
-181.1	154.495	19.7072	-134.602	-22.3465	4.05258
-181.438	154.857	19.7285	-886.381	21.2841	4.05258
-181.774	155.222	19.8052	-1420.29	76.6239	4.04687
-182.105	155.582	19.8158	-508.098	10.643	4.05068
-182.438	155.94	19.77	32.9921	-45.763	4.05068
-182.772	156.3	19.7094	-275.86	-60.6594	4.04687
-183.11	156.652	19.621	-113.054	-88.3312	4.05068
-183.439	157.012	19.537	270.018	-84.074	4.04687
-183.77	157.37	19.4901	425.641	-46.8273	4.05068
-184.101	157.718	19.4423	262.835	-47.8897	4.05449
-184.429	158.071	19.3944	1471.91	-47.8897	4.05449
-184.753	158.43	19.3231	1735.27	-71.3024	4.04687
-185.077	158.786	19.3997	794.348	76.6239	4.05068
-185.398	159.138	19.4752	475.919	75.5596	4.05068
-185.722	159.496	19.4114	-283.043	-63.8542	4.05068
-186.046	159.846	19.4167	-816.95	5.3215	4.05068
-186.362	160.199	19.4625	-340.503	45.763	4.05449
-186.679	160.557	19.3997	480.708	-62.7899	4.04687
-186.998	160.902	19.3114	-34.0456	-88.3312	4.04687
-187.316	161.252	19.2624	-436.271	-48.9559	4.04687
-187.623	161.608	19.3561	-687.663	93.6546	4.04305
-187.942	161.955	19.3678	-201.64	11.7054	4.05068
-188.259	162.301	19.2422	655.485	-125.578	4.05449
-188.573	162.649	19.156	210.163	-86.2045	4.05258
-188.894	162.999	19.1262	-62.776	-29.7966	4.05068
-189.203	163.335	19.0857	229.317	-40.4415	4.05258
-189.513	163.676	19.0187	353.815	-67.0452	4.05258
-189.824	164.016	18.9751	188.615	-43.6344	4.04687
-190.138	164.355	18.9644	564.505	-10.6411	4.04687
-190.45	164.695	18.9814	763.224	17.0269	4.05068
-190.762	165.031	19.0261	-354.869	44.6987	4.05068
-191.073	165.364	19.1166	-1314.94	90.4579	4.04687
-191.383	165.703	19.1336	-778.642	17.0269	4.04687
-191.694	166.036	19.0985	1301.92	-35.1181	4.04687
-192.011	166.367	19.0432	1057.71	-55.3398	4.04687
-192.322	166.698	19.0347	-517.674	-8.5144	4.05449
-192.629	167.034	19.0559	109.607	21.2841	4.05068
-192.946	167.36	19.0134	1232.49	-42.5663	4.05068
-193.253	167.696	18.9485	1081.65	-64.9204	4.05068
-193.562	168.027	18.9261	607.601	-22.3465	4.0564
-193.871	168.36	19.0825	1012.22	156.439	4.04877
-194.18	168.691	19.2752	358.604	192.627	4.05068
-194.487	169.025	19.1826	-158.544	-92.5884	4.05258
-194.796	169.356	19.0506	351.421	-131.964	4.04687
-195.103	169.689	19.0772	253.259	26.6056	4.05068
-195.413	170.023	19.0889	-201.64	11.7054	4.05068
-195.719	170.356	19.0964	-280.648	7.4501	4.04687
-196.026	170.689	19.1358	-81.9296	39.3753	4.04687
-196.335	171.023	19.1411	147.914	5.3215	4.04877
-196.645	171.356	19.1177	-354.869	-23.4127	4.05258
-196.956	171.69	19.2443	-2033.2	126.644	4.05258
-197.263	172.023	19.3763	-1015.67	131.962	4.05449
-197.57	172.359	19.2762	1225.3	-100.037	4.04687
-197.882	172.69	19.1709	559.716	-105.358	4.05258
-198.191	173.026	19.2198	-239.947	48.9559	4.05068
-198.5	173.359	19.2741	210.163	54.2736	4.04877
-198.814	173.695	19.2432	550.14	-30.8628	4.05068
-199.121	174.028	19.1943	198.192	-48.9521	4.05068
-199.43	174.364	19.1719	121.578	-22.3503	4.05068
-199.74	174.7	19.1687	250.864	-3.1929	4.04687
-200.054	175.033	19.1613	6.65586	-7.4482	4.04687
-200.363	175.374	19.2294	-642.173	68.1095	4.04687
-200.675	175.715	19.3986	-702.028	169.212	4.05068
-200.989	176.055	19.5625	404.093	163.891	4.04687
-201.305	176.394	19.6668	463.948	104.294	4.04687
-201.622	176.739	19.686	-450.637	19.1555	4.05068
-201.933	177.085	19.6955	-402.753	9.5787	4.05449
-202.25	177.428	19.7158	375.363	20.2217	4.05258
-202.571	177.768	19.7221	770.406	6.3839	4.05258
-202.883	178.121	19.7115	3119.12	-10.643	4.05449
-203.204	178.471	19.719	2788.72	7.4501	4.05258
-203.523	178.824	19.7626	-249.524	43.6325	4.05258
-203.842	179.174	19.8254	-496.127	62.7899	4.05068
-204.161	179.53	19.8818	-227.976	56.4041	4.04687
-204.47	179.894	19.9541	-156.15	72.3667	4.05068
-204.796	180.252	20.0286	-340.503	74.4953	4.04687
-205.118	180.612	20.0797	-455.425	51.0845	4.04305
-205.439	180.974	20.0925	-81.9296	12.7697	4.04687
-205.765	181.332	20.084	332.267	-8.5144	4.04687
-206.091	181.699	20.0819	-125.025	-2.12669	4.04687
-206.417	182.064	20.167	-797.796	85.1364	4.05068
-206.741	182.431	20.2383	-385.993	71.3024	4.05258
-207.07	182.801	20.2362	471.131	-2.12669	4.05258
-207.401	183.158	20.2255	389.728	-10.643	4.05068
-207.727	183.531	20.2149	1019.4	-10.6411	4.05449
-208.058	183.9	20.1734	1941.17	-41.5058	4.05449
-208.391	184.27	20.1872	727.311	13.8359	4.05258
-208.725	184.639	20.2713	-917.506	84.0721	4.05449
-209.063	185.012	20.3564	-1037.22	85.1383	4.04687
-209.392	185.381	20.3724	-237.553	15.9645	4.05258
-209.73	185.753	20.3468	13.8385	-25.5432	4.05068
-210.068	186.125	20.3319	-223.188	-14.8983	4.04687
-210.409	186.495	20.3362	-584.712	4.2572	4.05068
-210.749	186.862	20.3245	-529.645	-11.7054	4.05068
-211.092	187.227	20.2947	-67.5644	-29.7985	4.05068
-211.431	187.599	20.2947	-292.619	0	4.05258
-211.774	187.966	20.3373	-38.834	42.5682	4.05258
-212.117	188.336	20.3639	724.916	26.6075	4.05068
-212.465	188.698	20.2692	478.314	-94.717	4.05449
-212.813	189.063	20.1957	-31.6514	-73.431	4.05449
-213.161	189.428	20.2032	-148.967	7.44629	4.04687
-213.511	189.788	20.1649	-230.37	-38.311	4.05068
-213.861	190.15	20.1095	138.337	-55.3398	4.05068
-214.212	190.513	20.0797	569.293	-29.7966	4.05068
-214.567	190.875	20.1808	629.148	101.099	4.04687
-214.922	191.228	20.2734	289.172	92.5884	4.05258
-215.275	191.586	20.1915	95.2413	-81.9435	4.04305
-215.627	191.948	20.0787	-321.35	-112.81	4.05258
-215.987	192.308	20.1191	-1142.56	40.4415	4.05068
-216.347	192.661	20.3596	-654.144	240.515	4.04877
-216.7	193.021	20.3532	1519.79	-6.3858	4.05258
-217.06	193.381	20.1446	2791.11	-208.588	4.05258
-217.418	193.743	20.0627	1385.72	-81.9435	4.05449
-217.768	194.093	20.0361	219.74	-26.6056	4.05449
-218.126	194.446	19.9818	401.699	-54.2755	4.05258
-218.478	194.806	19.9243	250.864	-57.4703	4.05258
-218.826	195.164	19.886	9.05006	-38.311	4.04687
-219.174	195.514	19.8339	28.2037	-52.1488	4.04687
-219.522	195.867	19.7658	169.462	-68.1095	4.04496
-219.867	196.227	19.7498	-213.611	-15.9645	4.05258
-220.213	196.579	19.7966	-800.19	46.8292	4.04496
-220.561	196.932	19.8371	-922.294	40.4377	4.05068
-220.906	197.287	19.8765	-809.767	39.3772	4.04687
-221.252	197.64	19.9158	59.3283	39.3772	4.04687
-221.597	197.99	19.9467	1079.26	30.8628	4.04687
-221.94	198.338	19.869	557.322	-77.6901	4.04877
-222.276	198.693	19.7466	-125.025	-122.387	4.05258
-222.619	199.049	19.6966	401.699	-50.0183	4.05449
-222.958	199.394	19.6498	550.14	-46.8254	4.05449
-223.298	199.735	19.571	145.52	-78.7525	4.05258
-223.629	200.085	19.504	145.52	-67.0452	4.05258
-223.965	200.431	19.4561	1007.43	-47.8897	4.04687
-224.301	200.771	19.3848	1170.24	-71.3043	4.05258
-224.634	201.117	19.3252	253.259	-59.5951	4.05258
-224.963	201.457	19.2826	547.745	-42.5701	4.05258
-225.289	201.8	19.2677	904.482	-14.8983	4.04687
-225.62	202.141	19.3273	497.467	59.597	4.04687
-225.946	202.479	19.6189	-1200.02	291.597	4.04305
-226.272	202.818	19.7221	-1068.34	103.23	4.04877
-226.598	203.153	19.5125	1064.89	-209.652	4.04687
-226.925	203.489	19.3603	605.206	-152.184	4.05068
-227.248	203.823	19.3507	-290.225	-9.5787	4.04687
-227.572	204.159	19.3561	71.2993	5.3215	4.05068
-227.893	204.49	19.3146	581.264	-41.5039	4.04877
-228.215	204.82	19.2177	519.015	-96.8456	4.04687
-228.539	205.152	19.09	226.922	-127.708	4.05068
-228.857	205.48	19.0453	109.607	-44.6968	4.04877
-229.176	205.809	19.0283	811.108	-17.0269	4.05068
-229.498	206.132	18.9474	949.971	-80.8811	4.05068
-229.812	206.463	18.8931	131.154	-54.2755	4.05258
-230.133	206.787	18.9155	-374.022	22.3465	4.04877
-230.452	207.116	19.041	-781.036	125.58	4.05068
-230.771	207.442	19.2337	-816.95	192.627	4.05258
-231.092	207.763	19.3465	-148.967	112.806	4.04687
-231.406	208.089	19.3326	217.346	-13.8359	4.04877
-231.73	208.416	19.2486	1179.81	-84.0721	4.04877
-232.049	208.739	19.1687	1330.65	-79.8187	4.04687
-232.363	209.063	19.1315	281.989	-37.2467	4.05068
-232.682	209.389	19.0964	310.719	-35.12	4.04687
-233.003	209.711	19.0485	428.035	-47.8916	4.05068
-233.32	210.037	19.0527	274.806	4.25911	4.05258
-233.632	210.368	19.0815	447.189	28.7323	4.05068
-233.95	210.696	19.1272	751.253	45.7611	4.05449
-234.269	211.018	19.2422	97.6355	114.939	4.05258
-234.581	211.349	19.3518	-29.2572	109.613	4.05449
-234.9	211.68	19.3795	440.006	27.6718	4.05258
-235.219	212.008	19.4337	234.105	54.2755	4.05068
-235.538	212.337	19.5827	-1499.3	148.993	4.04687
-235.854	212.67	19.6487	-1161.71	65.979	4.04687
-236.173	213.004	19.554	1160.66	-94.7151	4.04496
-236.487	213.339	19.4955	672.244	-58.5308	4.04687
-236.806	213.675	19.4965	-385.993	1.06239	4.04877
-237.128	214.009	19.4859	90.4529	-10.6411	4.04496
-237.444	214.347	19.4497	614.783	-36.1843	4.04496
-237.761	214.685	19.4167	236.499	-32.9914	4.04687
-238.079	215.023	19.4252	28.2037	8.5144	4.04496
-238.398	215.364	19.4497	344.238	24.477	4.04687
-238.72	215.7	19.4742	313.114	24.4751	4.04496
-239.039	216.045	19.4944	-36.4398	20.2217	4.04687
-239.357	216.384	19.5551	-330.927	60.6594	4.04687
-239.676	216.731	19.6934	-809.767	138.351	4.05068
-239.995	217.077	19.8477	-759.489	154.312	4.05258
-240.317	217.422	19.8435	1455.15	-4.2572	4.05258
-240.636	217.773	19.8083	1857.37	-35.12	4.05449
-240.957	218.123	19.819	159.885	10.643	4.05068
-241.276	218.478	19.8392	80.8761	20.2198	4.05068
-241.6	218.829	19.835	375.363	-4.25529	4.05068
-241.918	219.189	19.8318	456.766	-3.19481	4.05068
-242.237	219.546	19.8435	337.056	11.7073	4.04687
-242.556	219.901	19.8477	152.702	4.2572	4.04687
-242.878	220.261	19.8541	-22.0746	6.3858	4.04687
-243.199	220.629	19.9052	-544.011	51.0826	4.04687
-243.515	220.991	20.051	-623.019	145.798	4.04877
-243.837	221.356	20.2287	112.001	177.729	4.05068
-244.158	221.723	20.2362	444.795	7.4482	4.04877
-244.484	222.09	20.1744	226.922	-61.7256	4.04687
-244.815	222.46	20.2245	-400.358	50.0183	4.05068
-245.137	222.83	20.416	-833.709	191.563	4.05068
-245.468	223.192	20.4075	116.789	-8.5144	4.05258
-245.796	223.562	20.3639	552.534	-43.6325	4.05068
-246.12	223.936	20.3681	-306.985	4.25529	4.05068
-246.451	224.308	20.3575	-192.063	-10.6449	4.05258
-246.782	224.678	20.3298	329.873	-27.668	4.04687
-247.115	225.05	20.3351	-103.477	5.3215	4.04687
-247.456	225.417	20.3862	-330.927	51.0826	4.04496
-247.792	225.787	20.4671	-12.4978	80.8811	4.05068
-248.125	226.161	20.5235	-194.457	56.4022	4.05068
-248.463	226.531	20.5874	-687.663	63.8561	4.04687
-248.807	226.898	20.5395	308.325	-47.8916	4.05068
-249.147	227.273	20.4469	1874.13	-92.5865	4.04687
-249.485	227.645	20.4448	519.015	-2.13051	4.05068
-249.831	228.019	20.5193	-1235.93	74.4972	4.05258
-250.174	228.391	20.5842	-694.845	64.9185	4.05449
-250.517	228.756	20.5884	234.105	4.2572	4.05449
-250.858	229.128	20.5597	406.488	-28.7342	4.05258
-251.203	229.5	20.4799	301.143	-79.8187	4.04687
-251.551	229.87	20.5182	-129.814	38.3129	4.04687
-251.897	230.242	20.5469	-409.935	28.7342	4.04877
-252.247	230.614	20.5033	401.699	-43.6325	4.05258
-252.592	230.984	20.4895	997.855	-13.834	4.04687
-252.943	231.353	20.5161	-342.898	26.6056	4.05068
-253.293	231.725	20.5661	-1614.22	50.0164	4.04305
-253.648	232.09	20.5405	-251.918	-25.5394	4.05258
-253.996	232.462	20.4288	720.128	-111.744	4.0564
-254.351	232.832	20.3798	-352.474	-48.9559	4.05449
-254.706	233.201	20.482	-1456.2	102.165	4.05449
-255.066	233.569	20.499	-862.439	17.0288	4.05258
-255.417	233.936	20.3713	468.737	-127.708	4.05449
-255.772	234.301	20.2681	499.861	-103.23	4.05258
-256.127	234.663	20.2724	-261.495	4.25911	4.05068
-256.48	235.03	20.2319	609.995	-40.4415	4.05258
-256.833	235.395	20.1063	1919.62	-125.578	4.05449
-257.188	235.76	20.117	1230.09	10.643	4.05068
-257.536	236.127	20.2755	-342.898	158.569	4.04687
-257.886	236.492	20.3128	-1082.71	37.2467	4.05068
-258.236	236.857	20.2489	-620.625	-63.8542	4.04687
-258.587	237.222	20.2064	1.86745	-42.5682	4.05258
-258.937	237.584	20.1329	286.777	-73.4329	4.05258
-259.287	237.947	20.0403	56.9341	-92.5865	4.05258
-259.64	238.304	20.0063	-67.5644	-34.0557	4.05258
-259.986	238.671	20.018	277.201	11.7073	4.05449
-260.333	239.031	19.9935	576.476	-24.477	4.05258
-260.679	239.391	19.9222	459.16	-71.3043	4.05258
-261.022	239.751	19.8594	128.76	-62.788	4.04687
-261.365	240.111	19.8275	296.354	-31.929	4.05068
-261.711	240.469	19.8286	440.006	1.06621	4.05068
-262.044	240.824	19.7977	157.491	-30.8628	4.05068
-262.38	241.179	19.7392	198.192	-58.5327	4.05258
-262.713	241.537	19.6668	370.575	-72.3667	4.04687
-263.051	241.885	19.6487	28.2037	-18.0931	4.05068
-263.38	242.24	19.6774	-520.069	28.7342	4.05068
-263.706	242.59	19.603	-108.266	-74.4953	4.04687
-264.035	242.94	19.4891	490.285	-113.871	4.05449
-264.378	243.293	19.4955	-541.616	6.3858	4.05258
-264.692	243.634	19.6657	-1640.55	170.275	4.05258
-265.011	243.979	19.654	-266.283	-11.7054	4.05449
-265.335	244.325	19.538	1385.72	-116.003	4.04496
-265.658	244.668	19.4614	868.568	-76.6239	4.04305
-265.982	245.011	19.4337	-12.4978	-27.668	4.05068
-266.303	245.356	19.4997	1100.81	65.9809	4.04687
-266.622	245.704	19.6317	2178.2	131.964	4.04877
-266.936	246.047	19.587	674.638	-44.6968	4.04496
-267.258	246.388	19.455	-450.637	-131.966	4.05068
-267.569	246.734	19.4178	337.056	-37.2467	4.04687
-267.891	247.069	19.405	382.546	-12.7697	4.05068
-268.205	247.408	19.4274	-1518.45	22.3484	4.05258
-268.521	247.744	19.3369	-2296.57	-90.4598	4.05449
-268.84	248.082	19.2773	490.285	-59.597	4.05258
-269.157	248.42	19.3901	1215.73	112.808	4.05449
-269.468	248.751	19.4125	-359.657	22.3503	4.05449
-269.787	249.087	19.339	-132.208	-73.4329	4.05258
-270.101	249.423	19.3018	408.882	-37.2486	4.05068
-270.418	249.758	19.2869	459.16	-14.8983	4.04687
-270.734	250.094	19.2454	334.661	-41.5058	4.05068
-271.051	250.433	19.2688	708.157	23.4146	4.05068
-271.365	250.771	19.3837	1043.35	114.935	4.04496
-271.681	251.107	19.454	868.568	70.24	4.05068
-271.993	251.447	19.4508	478.314	-3.1929	4.04687
-272.305	251.788	19.389	358.604	-61.7256	4.04687
-272.619	252.131	19.3678	238.893	-21.2841	4.05258
-272.935	252.467	19.4284	-575.135	60.6594	4.05068
-273.247	252.812	19.3497	-1030.03	-78.7525	4.05068
-273.561	253.155	19.306	-625.413	-43.6325	4.05449
-273.878	253.498	19.4274	-625.413	121.323	4.05258
-274.194	253.844	19.6274	-1065.95	200.073	4.04877
-274.508	254.185	19.6902	135.943	62.788	4.05258
-274.822	254.54	19.6945	1917.23	4.2572	4.04687
-275.139	254.89	19.7849	1752.03	90.4598	4.04877
-275.455	255.238	19.8456	686.609	60.6613	4.05449
-275.764	255.596	19.8232	1.86745	-22.3503	4.04687
-276.083	255.951	19.7668	1232.49	-56.4022	4.04305
-276.393	256.306	19.7126	2175.8	-54.2755	4.05068
-276.707	256.656	19.6636	784.771	-48.954	4.05258
-277.021	257.011	19.5061	-1492.11	-157.505	4.05258
-277.333	257.369	19.3869	-1329.31	-119.194	4.04687
-277.649	257.724	19.4635	677.032	76.6239	4.05449
-277.958	258.082	19.5465	612.389	83.0097	4.05258
-278.272	258.444	19.5795	-498.521	32.9914	4.04877
-278.586	258.806	19.7839	-1609.43	204.33	4.04687
-278.903	259.162	19.9669	-1504.09	183.048	4.05449
-279.217	259.524	19.9307	835.05	-36.1843	4.05068
-279.529	259.889	19.8286	1881.32	-102.165	4.05258
-279.843	260.249	19.8169	825.473	-11.7073	4.05449
-280.152	260.618	19.8403	344.238	23.4146	4.04687
-280.471	260.986	19.8743	28.2037	34.0538	4.04687
-280.785	261.353	19.9339	-280.648	59.597	4.04687
-281.097	261.718	19.9478	-36.4398	13.834	4.04687
-281.413	262.085	19.9116	159.885	-36.1824	4.05068
-281.722	262.46	19.8924	-527.251	-19.1555	4.05258
-282.039	262.829	19.968	-781.036	75.5596	4.05449
-282.355	263.204	20.0744	-378.811	106.422	4.05258
-282.672	263.573	20.0755	32.9921	1.0643	4.05068
-282.986	263.95	20.0925	906.876	17.0269	4.05258
-283.312	264.315	20.2904	1287.55	197.945	4.05449
-283.631	264.692	20.5427	-323.744	252.224	4.05068
-283.952	265.062	20.4958	-730.758	-46.8273	4.05449
-284.271	265.438	20.3745	497.467	-121.321	4.05068
-284.593	265.813	20.3735	102.424	-1.06621	4.05258
-284.916	266.187	20.3798	-395.57	6.3858	4.04496
-285.243	266.559	20.3554	-12.4978	-24.477	4.04877
-285.569	266.934	20.3437	73.6935	-11.7054	4.05068
-285.902	267.304	20.3128	-134.602	-30.8628	4.05068
-286.231	267.678	20.316	-208.822	3.1929	4.04496
-286.559	268.048	20.3628	-520.069	46.8254	4.05068
-286.893	268.417	20.4511	-1338.89	88.3331	4.05449
-287.226	268.794	20.4022	-362.051	-48.9559	4.05068
-287.562	269.159	20.2883	1797.52	-113.873	4.05449
-287.898	269.526	20.267	1287.55	-21.2841	4.05068
-288.236	269.894	20.3298	-591.895	62.788	4.05449
-288.574	270.261	20.3735	-1042	43.6325	4.04687
-288.91	270.635	20.3628	-347.686	-10.6411	4.05068
-289.248	271.003	20.3383	52.1457	-24.4789	4.05258
-289.589	271.372	20.3085	157.491	-29.7966	4.04687
-289.932	271.737	20.2755	-46.0166	-32.9895	4.05449
-290.273	272.104	20.1883	-670.903	-87.2669	4.05068
-290.621	272.471	20.1085	-644.567	-79.8168	4.04687
-290.964	272.834	20.184	547.745	75.5577	4.05068
-291.304	273.201	20.2734	478.314	89.3955	4.05068
-291.65	273.566	20.3096	-702.028	36.1824	4.04687
-291.995	273.936	20.3522	133.549	42.5701	4.05068
-292.343	274.3	20.4671	1833.43	114.937	4.05449
-292.696	274.658	20.4863	1014.61	19.1555	4.05258
-293.041	275.028	20.3735	-876.805	-112.808	4.05449
-293.394	275.392	20.3554	-534.434	-18.0912	4.04687
-293.749	275.757	20.3671	1191.79	11.7073	4.05449
-294.1	276.115	20.2904	1052.92	-76.6258	4.05068
-294.448	276.477	20.1532	-563.164	-137.283	4.05068
-294.798	276.84	19.9499	-1429.87	-203.268	4.05068
-295.155	277.195	19.9084	-675.692	-41.5058	4.05068
-295.508	277.557	19.9818	85.6645	73.4348	4.04687
-295.859	277.915	20.0148	-134.602	32.9895	4.04687
-296.211	278.27	19.9903	-290.225	-24.477	4.05068
-296.559	278.627	19.9733	-213.611	-17.0269	4.04687
-296.914	278.983	19.9712	-283.043	-2.1286	4.05258
-297.26	279.338	19.9105	-230.37	-60.6632	4.04687
-297.61	279.691	19.8999	609.995	-10.6411	4.05449
-297.963	280.053	19.9988	617.177	98.9723	4.05258
-298.308	280.396	20.0787	-38.834	79.8168	4.05068
-298.659	280.744	20.034	-72.3528	-44.6968	4.05068
-299.007	281.092	19.935	88.0587	-98.9723	4.05258
-299.352	281.44	19.8679	143.125	-67.0452	4.04877
-299.698	281.785	19.786	303.537	-81.9473	4.04687
-300.043	282.131	19.7041	341.844	-81.9454	4.04496
-300.386	282.474	19.654	605.206	-50.0164	4.05068
-300.727	282.817	19.6285	538.169	-25.5413	4.05068
-301.07	283.158	19.5998	229.317	-28.7342	4.04687
-301.413	283.493	19.604	-103.477	4.25529	4.04496
-301.751	283.836	19.6019	-946.236	-2.12669	4.04687
-302.089	284.17	19.5583	-146.573	-43.6344	4.05068
-302.42	284.51	19.5444	1471.91	-13.8359	4.05449
-302.761	284.841	19.5444	461.554	0	4.05068
-303.095	285.177	19.5838	-1228.75	39.3772	4.05449
-303.426	285.511	19.637	-505.703	53.2112	4.05449
-303.759	285.844	19.554	1974.69	-83.0097	4.05258
-304.092	286.175	19.4689	2087.22	-85.1383	4.05258
-304.423	286.506	19.4657	351.421	-3.1929	4.04687
-304.754	286.832	19.4635	243.682	-2.1286	4.04687
-305.083	287.168	19.4305	935.606	-32.9914	4.04687
-305.411	287.494	19.4061	940.395	-24.4751	4.05068
-305.74	287.823	19.4699	-227.976	63.8523	4.04877
-306.057	288.156	19.5583	-931.871	88.3312	4.05258
-306.385	288.487	19.57	-268.677	11.7054	4.04877
-306.711	288.818	19.6359	870.963	65.9809	4.04496
-307.035	289.152	19.6977	1345.01	61.7275	4.04687
-307.359	289.483	19.6615	724.916	-36.1824	4.05449
-307.687	289.819	19.6147	59.3283	-46.8273	4.05258
-308.011	290.15	19.6796	-136.996	64.9166	4.05449
-308.34	290.48	19.7168	6.65586	37.2486	4.05449
-308.663	290.814	19.6913	344.238	-25.5413	4.05258
-308.987	291.152	19.6774	317.902	-13.8359	4.05068
-309.313	291.488	19.653	176.644	-24.477	4.04687
-309.637	291.821	19.6583	167.067	5.3215	4.04687
-309.961	292.16	19.6668	289.172	8.5144	4.04687
-310.287	292.498	19.6179	547.745	-48.954	4.05258
-310.611	292.839	19.6274	179.038	9.5768	4.05068
-310.935	293.177	19.6732	-244.735	45.763	4.05258
-311.261	293.517	19.7243	-218.399	51.0826	4.05068
-311.584	293.858	19.7402	-36.4398	15.9626	4.04877
-311.911	294.201	19.687	542.957	-53.2112	4.04305
-312.239	294.544	19.6987	787.166	11.7054	4.04687
-312.565	294.89	19.8477	119.183	148.993	4.03924
-312.894	295.235	19.9967	-127.419	148.993	4.04877
-313.225	295.578	19.9648	626.754	-31.929	4.04305
-313.551	295.926	19.8871	669.85	-77.6863	4.04687
-313.88	296.274	19.8765	159.885	-10.643	4.05258
-314.208	296.624	19.8765	339.45	0	4.05258
-314.537	296.975	19.8977	473.525	21.2841	4.04877
-314.868	297.32	19.9265	320.296	28.7342	4.05068
-315.196	297.673	19.9307	325.085	4.2572	4.05068
-315.527	298.023	19.9648	1474.3	34.0538	4.05068
-315.858	298.381	20.0808	566.899	116.001	4.05068
-316.192	298.734	20.1915	-1231.15	110.682	4.05068
-316.52	299.094	20.1702	-165.727	-21.2879	4.04687
-316.851	299.454	20.101	765.618	-69.1719	4.05068
-317.182	299.809	20.1329	308.325	31.9252	4.05258
-317.516	300.169	20.2202	-455.425	87.2669	4.05068
-317.844	300.534	20.2479	-476.973	27.6718	4.04687
-318.175	300.896	20.1308	68.9051	-117.067	4.04687
-318.504	301.261	20.0595	430.43	-71.3024	4.05068
-318.835	301.621	20.1436	600.418	84.0759	4.04496
-319.166	301.986	20.2436	274.806	100.037	4.04687
-319.492	302.362	20.2873	322.69	43.6325	4.05449
-319.821	302.732	20.4224	1538.94	135.157	4.04687
-320.152	303.114	20.5395	1778.37	117.064	4.04687
-320.48	303.469	20.4926	-259.101	-46.8235	4.04687
-320.811	303.841	20.4969	-1195.23	4.2572	4.04687
-321.142	304.213	20.4905	363.392	-6.3858	4.04877
-321.473	304.58	20.433	744.07	-57.4703	4.04687
-321.804	304.957	20.4405	-699.634	7.4501	4.04877
-322.135	305.329	20.5693	-1518.45	128.771	4.04687
-322.473	305.701	20.6193	-481.761	50.0183	4.03924
-322.804	306.073	20.5469	559.716	-72.3667	4.05068
-323.14	306.443	20.5086	298.748	-38.311	4.05068
-323.474	306.813	20.5246	-283.043	15.9626	4.04687
-323.809	307.19	20.5288	-206.428	4.2572	4.05068
-324.143	307.555	20.4916	40.1747	-37.2486	4.04687
-324.476	307.929	20.4458	-43.6224	-45.7611	4.04687
-324.812	308.299	20.4118	-60.3818	-34.0538	4.04877
-325.153	308.666	20.4192	-125.025	7.4482	4.05068
-325.493	309.033	20.5129	-1044.4	93.6508	4.05258
-325.839	309.396	20.6033	-1307.76	90.4617	4.05258
-326.177	309.77	20.6108	-520.069	7.44629	4.05449
-326.525	310.13	20.5874	-453.031	-23.4108	4.05258
-326.868	310.5	20.5554	751.253	-31.9271	4.04687
-327.211	310.864	20.5139	1665.84	-41.5058	4.05258
-327.557	311.229	20.4884	545.351	-25.5413	4.04496
-327.905	311.596	20.4628	-110.66	-25.5413	4.05068
-328.253	311.961	20.465	-302.196	2.1286	4.05068
-328.605	312.326	20.5193	-804.979	54.2755	4.05068
-328.948	312.693	20.5448	-297.408	25.5432	4.05068
-329.299	313.061	20.6118	856.597	67.0452	4.04877
-329.649	313.425	20.6502	698.58	38.311	4.05068
-330.002	313.793	20.6182	-57.9876	-31.9271	4.05068
-330.347	314.157	20.515	-81.9296	-103.23	4.05258
-330.698	314.525	20.4373	298.748	-77.6882	4.05068
-331.053	314.89	20.433	71.2993	-4.2572	4.05258
-331.408	315.254	20.4437	-290.225	10.643	4.05449
-331.765	315.617	20.6576	-1951.8	213.909	4.05449
-332.123	315.977	20.7332	-2224.74	75.5596	4.05258
-332.476	316.344	20.5331	698.58	-200.073	4.05449
-332.836	316.704	20.35	2676.19	-183.046	4.05258
-333.191	317.071	20.349	1486.27	-1.06621	4.05449
-333.546	317.436	20.366	-168.121	17.0288	4.04687
-333.901	317.798	20.333	-175.303	-32.9914	4.04687
-334.254	318.161	20.2596	61.7225	-73.431	4.04687
-334.609	318.523	20.1861	313.114	-73.4329	4.04687
-334.967	318.883	20.134	171.856	-52.145	4.04496
-335.317	319.241	20.1159	-141.785	-18.0931	4.05258
-335.67	319.601	20.0882	-65.1702	-27.668	4.04877
-336.025	319.953	20.0478	138.337	-40.4434	4.04877
-336.373	320.311	19.9297	-153.756	-118.126	4.05449
-336.723	320.666	19.8232	-570.347	-106.426	4.05449
-337.073	321.021	20.0159	-218.399	192.627	4.05258
-337.424	321.372	20.1787	205.375	162.825	4.05449
-337.776	321.717	20.118	-445.848	-60.6594	4.04687
-338.124	322.072	20.0212	-563.164	-96.8437	4.05068
-338.467	322.425	20.0574	428.035	36.1824	4.04305
-338.813	322.775	20.217	1227.7	159.636	4.04687
-339.161	323.126	20.1979	1084.05	-19.1574	4.05068
-339.506	323.474	20.0382	222.134	-159.634	4.04687
-339.849	323.822	19.9776	171.856	-60.6594	4.04496
-340.19	324.165	19.9541	413.67	-23.4146	4.03924
-340.531	324.503	19.7349	-400.358	-219.229	4.05449
-340.874	324.851	19.471	-1188.05	-263.929	4.05068
-341.214	325.184	19.4721	-1087.49	1.0643	4.05068
-341.553	325.522	19.6359	1850.19	163.889	4.05258
-341.889	325.858	19.7498	1469.51	113.873	4.0564
-342.222	326.197	19.653	-824.132	-96.8437	4.05449
-342.553	326.532	19.5348	626.754	-118.128	4.05068
-342.884	326.873	19.5168	1237.28	-18.0931	4.04687
-343.213	327.211	19.6317	1251.64	114.937	4.04687
-343.541	327.549	19.6966	1392.9	64.9166	4.05258
-343.865	327.888	19.5987	1028.98	-97.908	4.05258
-344.189	328.226	19.5114	322.69	-87.2669	4.05068
-344.51	328.564	19.5093	313.114	-2.1286	4.05068
-344.834	328.905	19.5348	281.989	25.5432	4.05258
-345.155	329.246	19.6413	-512.886	106.422	4.05068
-345.474	329.586	19.6934	-723.576	52.1469	4.05258
-345.798	329.922	19.6391	109.607	-54.2755	4.05449
-346.114	330.268	19.57	626.754	-69.1757	4.05449
-346.433	330.606	19.5763	341.844	6.38771	4.05449
-346.75	330.946	19.6328	-132.208	56.4022	4.04877
-347.066	331.292	19.6253	169.462	-7.4501	4.04687
-347.383	331.64	19.5827	811.108	-42.5663	4.04305
-347.699	331.985	19.5774	705.763	-5.32341	4.04687
-348.018	332.331	19.5987	293.96	21.2841	4.04877
-348.337	332.679	19.6296	-144.179	30.8628	4.04687
-348.653	333.024	19.5934	-120.237	-36.1824	4.04496
-348.965	333.372	19.5317	566.899	-61.7256	4.04687
-349.282	333.722	19.5327	758.435	1.0643	4.04687
-349.598	334.075	19.6168	485.496	84.0721	4.05068
-349.915	334.428	19.7477	56.9341	130.901	4.05449
-350.229	334.783	19.8254	169.462	77.6882	4.05068
-350.545	335.136	19.7839	856.597	-41.5058	4.05068
-350.866	335.489	19.7764	47.3573	-7.4482	4.05068
-351.183	335.851	19.9573	-1341.28	180.918	4.04496
-351.499	336.211	20.0212	-393.176	63.8542	4.04687
-351.818	336.566	19.9286	1134.32	-92.5884	4.04687
-352.13	336.931	19.8882	734.493	-40.4396	4.05068
-352.451	337.291	19.8658	186.221	-22.3484	4.05068
-352.77	337.653	19.8424	483.102	-23.4127	4.05068
-353.082	338.023	19.8083	643.514	-34.0576	4.04687
-353.398	338.39	19.7828	1629.92	-25.5394	4.03924
-353.717	338.757	19.7849	1450.36	2.12669	4.05068
-354.029	339.125	19.7977	270.018	12.7716	4.04496
-354.346	339.494	19.8381	-177.698	40.4415	4.05449
-354.662	339.869	19.9776	-977.361	139.414	4.05068
-354.979	340.248	20.0723	-644.567	94.7151	4.05258
-355.293	340.61	20.0616	806.319	-10.643	4.05068
-355.612	340.985	20.0733	605.206	11.7073	4.05068
-355.928	341.355	20.1276	-496.127	54.2755	4.04687
-356.242	341.732	20.1808	-417.118	53.2093	4.04496
-356.554	342.111	20.1638	42.5689	-17.0269	4.04687
-356.873	342.488	20.1063	566.899	-57.4665	4.04496
-357.189	342.862	20.0606	459.16	-45.7611	4.05068
-357.501	343.244	20.0531	-10.1036	-7.4501	4.05068
-357.817	343.621	20.0936	-199.245	40.4396	4.04687
-358.134	344	20.1117	-132.208	18.0912	4.05068
-358.458	344.377	20.1148	88.0587	3.19481	4.04496
-358.777	344.754	20.1638	-263.889	48.9521	4.04687
-359.095	345.128	20.2553	-1135.38	91.5241	4.05449
-359.412	345.51	20.3351	-1362.83	79.8168	4.05068
-359.728	345.887	20.2617	1000.25	-73.4329	4.05068
-360.064	346.269	20.1595	1948.35	-102.165	4.05449
-360.369	346.638	20.1404	-520.069	-19.1555	4.05449
-360.69	347.015	20.2777	-1374.8	137.285	4.05068
-361.007	347.392	20.3277	-668.509	50.0183	4.05068
-361.33	347.769	20.201	241.288	-126.642	4.04687
-361.652	348.144	20.1617	870.963	-39.3772	4.04687
-361.971	348.513	20.1925	334.661	30.8628	4.04305
-362.292	348.888	20.1468	-223.188	-45.7611	4.04687
-362.608	349.265	20.1021	-34.0456	-44.6968	4.04877
-362.93	349.637	20.0999	25.8095	-2.1286	4.05068
-363.251	350.011	20.1031	-254.312	3.19099	4.04687
-363.575	350.383	20.134	777.589	30.8647	4.04687
-363.901	350.763	20.2117	581.264	77.6863	4.05449
-364.225	351.13	20.3437	-730.758	131.966	4.05068
-364.546	351.514	20.4809	234.105	137.285	4.05449
-364.87	351.886	20.4735	739.282	-7.4501	4.05449
-365.198	352.265	20.433	-627.808	-40.4415	4.05449
-365.527	352.64	20.4756	-1137.77	42.5701	4.05449
-365.853	353.017	20.4639	-254.312	-11.7054	4.04687
-366.179	353.394	20.3809	171.856	-83.0097	4.04687
-366.51	353.771	20.3415	-177.698	-39.3772	4.04687
-366.844	354.14	20.3298	-168.121	-11.7073	4.04687
-367.175	354.517	20.3213	-79.5354	-8.5125	4.04687
-367.506	354.892	20.2862	-385.993	-35.12	4.04496
-367.839	355.261	20.2245	4.26165	-61.7256	4.04687
-368.172	355.633	20.2096	1364.17	-14.9002	4.04496
-368.503	356.01	20.2745	408.882	64.9204	4.05068
-368.839	356.385	20.3373	-1405.92	62.788	4.05068
-369.175	356.762	20.3383	-702.028	1.06239	4.05449
-369.511	357.124	20.2787	-74.747	-59.5951	4.05258
-369.844	357.498	20.1638	-41.2282	-114.937	4.05449
-370.187	357.863	20.1989	-532.04	35.12	4.04687
-370.518	358.235	20.283	-1075.52	84.0759	4.04687
-370.857	358.603	20.184	-146.573	-98.9761	4.04687
-371.202	358.963	20.0553	519.015	-128.769	4.05449
-371.54	359.33	19.9978	-158.544	-57.4703	4.04687
-371.881	359.692	19.985	-417.118	-12.7697	4.05258
-372.217	360.05	19.9733	90.4529	-11.7054	4.04496
-372.558	360.407	19.9488	253.259	-24.477	4.04305
-372.905	360.76	19.9552	-266.283	6.3858	4.03924
-373.246	361.118	20.0063	-615.837	51.0807	4.04687
-373.592	361.473	20.0638	-338.109	57.4684	4.05258
-373.937	361.821	20.0829	-517.674	19.1555	4.05449
-374.29	362.169	20.0403	-673.297	-42.5682	4.05449
-374.635	362.517	19.9669	-7.70935	-73.431	4.05449
-374.986	362.864	19.9701	-204.034	3.19099	4.04687
-375.334	363.21	19.9786	-438.666	8.5144	4.04687
-375.681	363.551	19.9265	1424.02	-52.1469	4.04496
-376.027	363.894	19.8797	2120.74	-46.8254	4.04496
-376.375	364.242	19.9084	882.934	28.7323	4.04877
-376.72	364.58	19.9712	389.728	62.7918	4.04496
-377.061	364.925	20.0148	-261.495	43.6325	4.03543
-377.406	365.268	19.9818	-383.599	-32.9895	4.04305
-377.752	365.609	19.8967	617.177	-85.1383	4.04305
-378.097	365.95	19.8839	1079.26	-12.7716	4.04496
-378.438	366.29	19.9595	535.774	75.5596	4.05068
-378.776	366.629	19.9722	-22.0746	12.7697	4.05258
-379.117	366.974	19.918	-34.0456	-54.2755	4.05449
-379.458	367.31	19.8914	456.766	-26.6056	4.05068
-379.801	367.648	19.9095	-196.851	18.0931	4.05068
-380.139	367.989	20.0467	-1348.46	137.285	4.04687
-380.475	368.327	20.0701	-388.387	23.4108	4.05068
-380.813	368.665	19.9637	1000.25	-106.422	4.04687
-381.149	369.006	19.8381	1076.86	-125.576	4.04687
-381.485	369.347	19.8041	851.809	-34.0576	4.04687
-381.821	369.687	19.8307	574.082	26.6075	4.04687
-382.156	370.023	19.7913	744.07	-39.3772	4.04687
-382.485	370.369	19.7147	1969.9	-76.6239	4.03924
-382.816	370.709	19.6743	1787.94	-40.4396	4.04687
-383.145	371.055	19.6625	471.131	-11.7073	4.05258
-383.473	371.4	19.6657	416.064	3.1929	4.05258
-383.807	371.743	19.7903	384.94	124.514	4.05449
-384.13	372.096	19.9776	-268.677	187.305	4.05258
-384.459	372.444	20.0989	-536.828	121.321	4.05258
-384.785	372.794	20.0542	-204.034	-44.6968	4.05258
-385.111	373.145	19.9392	329.873	-114.937	4.05068
-385.437	373.495	19.9084	495.073	-30.8647	4.05258
-385.763	373.848	19.9158	442.401	7.45201	4.03924
-386.087	374.2	19.8871	480.708	-28.7342	4.04496
-386.411	374.556	19.8499	645.908	-37.2486	4.04305
-386.735	374.913	19.852	751.253	2.1286	4.04687
-387.058	375.271	19.8733	787.166	21.2841	4.04687
-387.382	375.626	19.9169	1194.18	43.6325	4.04687
-387.704	375.986	19.8733	1081.65	-43.6325	4.04687
-388.027	376.343	19.8041	607.601	-69.1757	4.05068
-388.351	376.703	19.7988	349.027	-5.31959	4.05449
-388.675	377.059	19.8169	109.607	18.0912	4.05068
-388.994	377.426	19.8052	200.586	-11.7054	4.05258
-389.327	377.781	19.8701	-893.564	64.9166	4.05258
-389.651	378.146	20.1117	-2263.05	241.579	4.05449
-389.97	378.508	20.1617	-520.069	50.0183	4.04877
-390.296	378.871	20.0393	1543.73	-122.385	4.04687
-390.625	379.233	19.9669	1361.77	-72.3667	4.05068
-390.951	379.598	20.0201	21.0211	53.2112	4.04687
-391.274	379.96	20.0499	-326.138	29.7966	4.04687
-391.598	380.325	19.9871	758.435	-62.788	4.04687
-391.924	380.69	19.8286	1620.35	-158.569	4.05068
-392.255	381.05	19.7743	1407.26	-54.2755	4.05068
-392.579	381.417	19.8743	121.578	100.037	4.04496
-392.903	381.777	19.902	-180.092	27.6699	4.04687
-393.224	382.147	19.8456	435.218	-56.4041	4.04687
-393.548	382.509	19.8062	550.14	-39.3753	4.04687
-393.874	382.874	19.8137	150.308	7.4501	4.04687
-394.2	383.241	19.8722	368.18	58.5308	4.05258
-394.524	383.604	20.0489	-62.776	176.662	4.05068
-394.85	383.966	20.1532	-994.12	104.294	4.05068
-395.176	384.326	20.1148	-560.77	-38.311	4.05068
-395.502	384.698	20.0499	56.9341	-64.9204	4.05068
-395.826	385.063	20.1042	691.398	54.2774	4.05068
-396.15	385.425	20.1872	1177.42	83.0097	4.04687
-396.471	385.79	20.1627	372.969	-24.477	4.04687
-396.795	386.155	20.084	-393.176	-78.7544	4.05068
-397.119	386.517	20.0414	59.3283	-42.5682	4.04305
-397.445	386.882	20.0244	126.366	-17.0288	4.04687
-397.771	387.245	20.0744	-721.181	50.0202	4.05068
-398.1	387.602	20.1191	-1087.49	44.6968	4.04687
-398.426	387.969	20.0542	-299.802	-64.9166	4.03924
-398.754	388.329	19.9882	202.98	-65.9828	4.04496
-399.078	388.689	20.0318	413.67	43.6325	4.04687
-399.404	389.052	20.1606	552.534	128.773	4.05068
-399.733	389.417	20.1223	25.8095	-38.3148	4.05258
-400.059	389.772	20.0031	214.951	-119.192	4.05258
-400.383	390.136	19.9988	677.032	-4.2572	4.05449
-400.709	390.494	20.0829	564.505	84.074	4.05258
-401.038	390.852	20.035	389.728	-47.8897	4.05449
-401.361	391.214	19.919	121.578	-116.001	4.04687
-401.687	391.572	19.8882	162.279	-30.8609	4.04687
-402.014	391.936	19.9499	-93.9006	61.7237	4.04496
-402.342	392.292	20.001	-1058.76	51.0845	4.03924
-402.671	392.652	20.1053	-1508.87	104.292	4.05258
-402.997	393.016	20.1095	-14.892	4.2572	4.05258
-403.323	393.374	20.0446	-60.3818	-64.9166	4.04687
-403.654	393.734	20.0116	-390.782	-32.9914	4.04687
-403.988	394.089	19.9754	1570.07	-36.1824	4.04687
-404.314	394.454	20.0074	1819.07	31.9252	4.04687
-404.642	394.814	20.1042	590.841	96.8456	4.04687
-404.973	395.174	20.151	-5.31515	46.8235	4.05068
-405.307	395.541	20.1063	-1130.59	-44.6949	4.05068
-405.638	395.899	20.0872	-565.558	-19.1574	4.05258
-405.971	396.256	20.0744	83.2703	-12.7697	4.05258
-406.3	396.619	20.0159	-103.477	-58.5327	4.05449
-406.633	396.979	19.968	-299.802	-47.8897	4.05068
-406.969	397.339	19.9552	-666.115	-12.7697	4.04687
-407.307	397.696	20.0031	-864.834	47.8878	4.04687
-407.641	398.054	19.9882	-81.9296	-14.8983	4.04496
-407.979	398.406	19.951	219.74	-37.2486	4.05068
-408.317	398.759	19.9584	-680.48	7.4501	4.04687
-408.655	399.112	20.0446	-1415.5	86.2026	4.04687
-408.994	399.47	20.1063	-465.002	61.7256	4.04687
-409.332	399.817	20.0403	696.186	-65.9828	4.04496
-409.675	400.165	19.9648	286.777	-75.5615	4.04687
-410.015	400.511	19.9243	-156.15	-40.4396	4.04877
-410.354	400.861	19.8754	138.337	-48.9559	4.05068
-410.697	401.204	19.8062	-29.2572	-69.1719	4.04496
-411.04	401.547	19.7583	-170.515	-47.8916	4.05068
-411.385	401.895	19.7019	325.085	-56.4022	4.05258
-411.731	402.233	19.6796	440.006	-22.3503	4.05449
-412.076	402.574	19.7456	507.044	65.9828	4.04687
-412.422	402.91	19.8243	95.2413	78.7525	4.05449
-412.77	403.248	19.8637	-661.326	39.3753	4.05068
-413.12	403.586	19.9009	1704.14	37.2505	4.04687
-413.47	403.922	19.9541	1594.01	53.2093	4.04496
-413.818	404.256	19.9946	-661.326	40.4415	4.04305
-414.166	404.596	19.9829	25.8095	-11.7073	4.04687
-414.512	404.93	19.9382	384.94	-44.6968	4.04687
-414.86	405.266	19.8797	423.247	-58.5327	4.04496
-415.205	405.604	19.8094	456.766	-70.2381	4.04687
-415.551	405.94	19.769	370.575	-40.4434	4.04687
-415.896	406.271	19.7519	123.972	-17.025	4.03924
-416.239	406.604	19.6934	-251.918	-58.5327	4.04496
-416.585	406.942	19.5317	-646.961	-161.762	4.04687
-416.928	407.276	19.4635	-725.97	-68.1114	4.04687
-417.264	407.612	19.5881	16.2327	124.514	4.05068
-417.604	407.947	19.7083	1172.63	120.258	4.04687
-417.947	408.281	19.7871	1062.5	78.7544	4.05068
-418.293	408.619	19.8967	1112.78	109.615	4.05258
-418.633	408.957	20.2426	255.653	345.871	4.05068
-418.967	409.3	20.2553	6.65586	12.7716	4.05258
-419.307	409.643	20.0531	1239.67	-202.202	4.05068
-419.651	409.986	20.0169	724.916	-36.1824	4.05068
-419.984	410.327	20.0148	16.2327	-2.13051	4.05068
-420.322	410.665	19.8988	-955.813	-116.001	4.04877
-420.656	411.004	19.5944	-1302.97	-304.369	4.04687
-420.994	411.342	19.4337	-46.0166	-160.696	4.04687
-421.325	411.685	19.4987	897.299	64.9166	4.05068
-421.656	412.026	19.521	559.716	22.3503	4.05068
-421.987	412.371	19.4423	234.105	-78.7544	4.05449
-422.315	412.712	19.4061	650.696	-36.1824	4.05449
-422.646	413.055	19.4114	1385.72	5.31959	4.05449
-422.97	413.405	19.5199	1330.65	108.551	4.0564
-423.299	413.753	19.7158	265.23	195.82	4.04687
-423.627	414.103	19.9265	-642.173	210.714	4.05068
-423.954	414.454	19.952	-527.251	25.5413	4.04687
-424.28	414.804	19.8977	801.531	-54.2755	4.04687
-424.601	415.162	19.8286	2915.61	-69.1738	4.04687
-424.922	415.519	19.7903	2245.23	-38.3129	4.04877
-425.244	415.877	19.7626	384.94	-27.6699	4.04687
-425.565	416.237	19.7285	566.899	-34.0538	4.04687
-425.884	416.597	19.7062	514.227	-22.3503	4.05449
-426.198	416.962	19.7126	138.337	6.3858	4.05258
-426.514	417.324	19.769	-496.127	56.4022	4.05449
-426.833	417.684	19.7934	-970.178	24.4789	4.05258
-427.145	418.051	19.7402	-484.156	-53.2112	4.05068
-427.459	418.418	19.6391	569.293	-101.101	4.04687
-427.776	418.783	19.5753	442.401	-63.8542	4.05068
-428.092	419.15	19.6264	-1173.69	51.0845	4.05068
-428.406	419.515	19.8126	-781.036	186.237	4.05258
-428.72	419.883	19.8158	981.096	3.19481	4.04877
-429.034	420.252	19.7072	1072.08	-108.551	4.05258
-429.348	420.619	19.6615	317.902	-45.7611	4.04687
-429.663	420.987	19.6753	25.8095	13.8321	4.04687
-429.979	421.351	19.686	423.247	10.643	4.05068
-430.291	421.726	19.6519	557.322	-34.0557	4.05258
-430.602	422.091	19.5849	262.835	-67.0452	4.05258
-430.916	422.47	19.5253	104.818	-59.597	4.05068
-431.228	422.828	19.5008	-34.0456	-24.477	4.05258
-431.542	423.195	19.5732	-759.489	72.3686	4.05068
-431.856	423.562	19.6764	-646.961	103.23	4.05068
-432.17	423.932	19.7871	399.305	110.68	4.05258
-432.484	424.297	19.853	353.815	65.9809	4.04687
-432.801	424.664	19.869	-235.159	15.9626	4.05258
-433.115	425.029	19.8424	-381.205	-26.6037	4.05068
-433.429	425.396	19.8062	-77.1412	-36.1843	4.04496
-433.75	425.758	19.7807	64.1167	-25.5413	4.04687
-434.065	426.128	19.7402	370.575	-40.4415	4.04496
-434.379	426.493	19.6689	1598.8	-71.3043	4.05068
-434.695	426.862	19.6902	942.789	21.2841	4.05449
-435.009	427.23	19.7498	-594.289	59.597	4.05449
-435.321	427.594	19.7456	-443.454	-4.25529	4.05068
-435.637	427.952	19.7275	-144.179	-18.0931	4.05068
-435.954	428.322	19.7509	-364.445	23.4146	4.05258
-436.268	428.684	19.7945	-941.448	43.6344	4.05449
-436.582	429.046	19.8371	-654.144	42.5663	4.04687
-436.886	429.419	19.8052	76.0877	-31.9252	4.05258
-437.205	429.781	19.7477	-718.787	-57.4684	4.04687
-437.522	430.146	19.7796	-1930.25	31.9271	4.04877
-437.838	430.511	19.9488	-1231.15	169.212	4.04877
-438.152	430.875	19.952	406.488	3.19099	4.04687
-438.469	431.24	19.8169	2053.7	-135.157	4.04687
-438.783	431.605	19.8062	1797.52	-10.6411	4.04305
-439.1	431.972	19.836	315.508	29.7985	4.05068
-439.414	432.342	19.7498	104.818	-86.2045	4.05258
-439.728	432.704	19.6806	121.578	-69.1719	4.05449
-440.039	433.072	19.7094	380.151	28.7342	4.04687
-440.353	433.434	19.7605	674.638	51.0807	4.05258
-440.665	433.801	19.7104	56.9341	-50.0183	4.05258
-440.979	434.166	19.6285	-649.355	-81.9435	4.04687
-441.293	434.531	19.6583	-725.97	29.7966	4.04687
-441.61	434.896	19.753	-1073.13	94.717	4.05068
-441.924	435.258	19.8573	-1865.61	104.294	4.04687
-442.24	435.623	19.9105	-1245.51	53.2093	4.05258
-442.559	435.988	19.8275	2034.54	-83.0097	4.04687
-442.876	436.348	19.7339	1675.41	-93.6508	4.04687
-443.187	436.715	19.7072	-460.214	-26.6037	4.05068
-443.502	437.077	19.6785	52.1457	-28.7342	4.04877
-443.82	437.44	19.6423	-96.2948	-36.1862	4.04687
-444.137	437.8	19.6434	-429.089	1.06621	4.05068
-444.456	438.162	19.6774	-407.541	34.0538	4.05258
-444.772	438.525	19.6923	-362.051	14.9002	4.05068
-445.108	438.887	19.6923	-646.961	0	4.05258
-445.413	439.235	19.7349	-740.335	42.5701	4.05258
-445.732	439.59	19.7466	-711.605	11.7035	4.05258
-446.053	439.945	19.7019	-445.848	-44.6949	4.05068
-446.374	440.3	19.6551	73.6935	-46.8292	4.04496
-446.703	440.646	19.653	-285.437	-2.12669	4.04877
-447.031	440.999	19.7551	-1745.9	102.167	4.04687
-447.355	441.346	19.8552	-1176.08	100.037	4.04687
-447.681	441.692	19.8201	619.572	-35.12	4.05068
-448.005	442.04	19.7903	650.696	-29.7985	4.04687
-448.338	442.385	19.7615	621.966	-28.7323	4.04687
-448.667	442.731	19.6923	1653.87	-69.1757	4.05068
-448.993	443.076	19.6913	1493.46	-1.0643	4.05449
-449.322	443.422	19.72	293.96	28.7342	4.05449
-449.655	443.76	19.7019	207.769	-18.0912	4.05068
-449.981	444.106	19.6572	224.528	-44.6987	4.05068
-450.312	444.449	19.6477	157.491	-9.5768	4.05068
-450.643	444.789	19.6466	30.5979	-1.06621	4.04877
-450.979	445.125	19.6881	-668.509	41.5039	4.05068
-451.312	445.468	19.7392	-876.805	51.0845	4.05068
-451.648	445.804	19.7881	-1051.58	48.9521	4.04687
-451.979	446.147	19.8605	-1065.95	72.3705	4.04687
-452.315	446.485	19.8818	25.8095	21.2841	4.04877
-452.656	446.821	19.8541	542.957	-27.6699	4.04687
-452.994	447.162	19.8211	262.835	-32.9914	4.04877
-453.33	447.502	19.7881	1603.59	-32.9933	4.05258
-453.666	447.841	19.7509	1850.19	-37.2448	4.05068
-454.004	448.179	19.7253	463.948	-25.5432	4.05449
-454.34	448.52	19.6955	420.853	-29.7966	4.05068
-454.68	448.86	19.6466	801.531	-48.9559	4.05449
-455.019	449.201	19.6689	135.943	22.3484	4.05068
-455.354	449.544	19.7743	-1101.86	105.36	4.04687
-455.695	449.882	19.8775	-721.181	103.228	4.04877
-456.031	450.23	19.8573	643.514	-20.2179	4.05068
-456.367	450.578	19.7786	1115.17	-78.7525	4.05068
-456.705	450.919	19.8158	509.438	37.2486	4.04687
-457.041	451.267	20.0137	-548.799	197.945	4.05068
-457.372	451.622	20.1425	270.018	128.771	4.04496
-457.708	451.972	20.0531	1677.81	-89.3936	4.05068
-458.041	452.325	19.952	921.241	-101.103	4.04687
-458.377	452.68	19.9765	440.006	24.477	4.05449
-458.71	453.042	19.9563	593.235	-20.2217	4.0564
-459.046	453.388	19.8988	653.09	-57.4665	4.05068
-459.372	453.753	19.8892	693.792	-9.5787	4.05449
-459.701	454.108	19.8828	643.514	-6.3839	4.05068
-460.032	454.47	19.8562	578.87	-26.6075	4.05068
-460.363	454.83	19.8435	523.803	-12.7697	4.05449
-460.691	455.188	19.8488	-72.3528	5.32341	4.05068
-461.02	455.553	19.9286	-1420.29	79.8149	4.04687
-461.351	455.913	20.0244	-1310.16	95.7794	4.04687
-461.675	456.28	20.0829	-115.448	58.5327	4.04305
-462.001	456.642	20.0744	495.073	-8.5125	4.05258
-462.33	457.009	20.0191	617.177	-55.3398	4.04687
-462.658	457.374	19.9871	483.102	-31.9271	4.04687
-462.984	457.742	19.9797	617.177	-7.4501	4.04496
-463.31	458.106	19.9531	779.983	-26.6056	4.04687
-463.637	458.471	19.9148	677.032	-38.3129	4.05449
-463.965	458.841	19.8946	404.093	-20.2179	4.05258
-464.289	459.206	19.886	365.786	-8.5144	4.05068
-464.613	459.568	19.8403	662.667	-45.7611	4.05068
-464.934	459.938	19.737	3571.62	-103.231	4.05258
-465.258	460.307	19.7253	2642.67	-11.7073	4.05258
-465.577	460.675	19.803	-845.68	77.6901	4.04877
-465.898	461.047	19.8605	-445.848	57.4684	4.04687
-466.222	461.414	19.9243	-364.445	63.8523	4.04305
-466.541	461.784	20.0159	-1559.15	91.5241	4.04305
-466.86	462.156	20.0074	-352.474	-8.5144	4.05068
-467.181	462.525	19.8499	1756.82	-157.505	4.05068
-467.505	462.892	19.7764	708.157	-73.431	4.04877
-467.824	463.265	19.7711	-79.5354	-5.3215	4.04687
-468.143	463.634	19.737	471.131	-34.0557	4.05258
-468.457	464.004	19.7019	492.679	-35.1181	4.05449
-468.773	464.374	19.6647	35.3863	-37.2486	4.05258
-469.094	464.733	19.6083	92.8471	-56.4041	4.05449
-469.408	465.098	19.5593	308.325	-48.954	4.05068
-469.725	465.463	19.537	135.943	-22.3484	4.04687
-470.044	465.828	19.5774	-881.593	40.4396	4.05258
-470.36	466.19	19.7402	-1073.13	162.827	4.04687
-470.684	466.555	19.9605	502.256	220.295	4.04687
-470.998	466.918	20.051	1043.35	90.4579	4.04496
-471.32	467.28	19.9254	-122.631	-125.578	4.04687
-471.638	467.642	19.8371	-424.3	-88.3312	4.04496
-471.965	468.005	19.8786	121.578	41.5058	4.04496
-472.286	468.365	19.8892	157.491	10.6411	4.04305
-472.602	468.725	19.8243	-41.2282	-64.9166	4.05068
-472.926	469.09	19.769	21.0211	-55.3417	4.05068
-473.248	469.445	19.7466	-2.92095	-22.3484	4.04877
-473.574	469.805	19.7243	-273.466	-22.3465	4.05068
-473.895	470.157	19.6966	-278.254	-27.6718	4.04687
-474.221	470.515	19.7051	-869.622	8.51631	4.04687
-474.547	470.87	19.7402	-1379.59	35.1181	4.04687
-474.876	471.223	19.8009	-931.871	60.6613	4.04687
-475.197	471.576	19.7807	-201.64	-20.2198	4.04687
-475.526	471.926	19.6987	112.001	-81.9473	4.05068
-475.854	472.279	19.6647	-113.054	-34.0538	4.04687
-476.185	472.627	19.6519	3119.12	-12.7716	4.04687
-476.512	472.982	19.6806	2908.43	28.7361	4.05068
-476.838	473.332	19.7136	-510.492	32.9914	4.03924
-477.159	473.687	19.7402	128.76	26.6037	4.05258
-477.485	474.04	19.7253	-115.448	-14.9002	4.04687
-477.809	474.393	19.6647	-1444.23	-60.6594	4.05068
-478.133	474.75	19.6242	-1336.49	-40.4396	4.05068
-478.456	475.101	19.7434	-10.1036	119.192	4.05068
-478.78	475.449	19.7977	32.9921	54.2755	4.05258
-479.104	475.804	19.6679	-443.454	-129.835	4.05068
-479.428	476.159	19.6061	394.517	-61.7256	4.05449
-479.751	476.514	19.7221	1079.26	116.001	4.04687
-480.075	476.867	19.8552	274.806	133.028	4.05068
-480.406	477.215	19.8435	-881.593	-11.7073	4.04877
-480.732	477.57	19.8169	-1207.2	-26.6056	4.04305
-481.056	477.92	19.8967	-1077.92	79.8187	4.04877
-481.382	478.268	19.9371	-673.297	40.4377	4.04877
-481.711	478.616	19.9095	-225.582	-27.668	4.04687
-482.042	478.961	19.8786	-105.872	-30.8628	4.04687
-482.375	479.307	19.8552	-127.419	-23.4127	4.04496
-482.706	479.648	19.819	-323.744	-36.1843	4.04877
-483.035	479.988	19.7722	-201.64	-46.8254	4.04496
-483.368	480.327	19.7349	21.0211	-37.2467	4.04687
-483.697	480.67	19.7243	-271.072	-10.643	4.04687
-484.035	481.008	19.7605	-814.555	36.1824	4.05068
-484.368	481.344	19.8094	1536.55	48.9559	4.05068
-484.707	481.687	19.8052	1862.16	-4.2572	4.05068
-485.043	482.02	19.7743	-529.645	-30.8628	4.05068
-485.386	482.346	19.8254	-1642.95	51.0826	4.05068
-485.719	482.685	20.0106	-1609.43	185.177	4.04687
-486.06	483.018	19.9733	576.476	-37.2486	4.05068
-486.405	483.344	19.8786	607.601	-94.717	4.04877
-486.746	483.678	19.8754	-450.637	-3.19481	4.04687
-487.089	484.006	19.8573	-115.448	-18.0893	4.04687
-487.43	484.335	19.8094	-22.0746	-47.8897	4.04687
-487.773	484.658	19.7615	236.499	-47.8897	4.04496
-488.116	484.982	19.7381	722.522	-23.4146	4.04687
-488.461	485.316	19.7594	636.331	21.286	4.04305
-488.809	485.644	19.8541	818.29	94.7151	4.04496
-489.15	485.973	19.9754	1649.08	121.323	4.04687
-489.495	486.301	20.0042	2350.58	28.7323	4.05068
-489.846	486.63	19.9009	1005.04	-103.228	4.04687
-490.194	486.961	19.8137	-242.341	-87.2669	4.04687
-490.539	487.292	19.886	-407.541	72.3667	4.05068
-490.889	487.623	20.067	-1180.87	180.918	4.05068
-491.242	487.951	20.1329	-718.787	65.9809	4.05258
-491.59	488.287	20.1063	126.366	-26.6037	4.05068
-491.945	488.623	20.1053	68.9051	-1.06621	4.05068
-492.3	488.954	20.1383	18.6269	32.9914	4.04687
-492.653	489.29	20.1755	193.404	37.2486	4.05068
-493.008	489.633	20.167	449.583	-8.5144	4.04687
-493.363	489.971	20.1297	499.861	-37.2467	4.04687
-493.718	490.31	20.1276	-158.544	-2.1286	4.04687
-494.074	490.645	20.1564	-958.207	28.7342	4.04687
-494.429	490.986	20.1329	-295.014	-23.4146	4.05068
-494.782	491.331	20.0765	643.514	-56.4041	4.04496
-495.139	491.675	20.0457	418.459	-30.8628	4.04687
-495.497	492.018	20.1468	-953.419	101.103	4.04687
-495.854	492.361	20.2532	-608.654	106.422	4.04687
-496.209	492.706	20.2234	1019.4	-29.7985	4.04687
-496.565	493.054	20.0787	2738.44	-144.735	4.0564
-496.92	493.402	19.9882	2221.29	-90.4579	4.05068
-497.272	493.764	19.9808	504.65	-7.4501	4.05258
-497.623	494.107	20.067	1143.9	86.2026	4.04877
-497.973	494.46	20.1223	993.067	55.3379	4.05068
-498.323	494.813	20.1574	-316.561	35.12	4.05068
-498.671	495.173	20.2447	-529.645	87.2669	4.04687
-499.024	495.526	20.3532	945.183	108.551	4.04687
-499.37	495.888	20.3713	914.058	18.0912	4.04687
-499.715	496.246	20.3192	47.3573	-52.1469	4.04305
-500.058	496.613	20.3117	399.305	-7.4501	4.05258
-500.404	496.975	20.3256	416.064	13.8359	4.05068
-500.747	497.343	20.3234	-34.0456	-2.1286	4.04877
-501.095	497.707	20.333	171.856	9.5787	4.05258
-501.435	498.075	20.3288	607.601	-4.25529	4.04687
-501.776	498.439	20.2947	380.151	-34.0557	4.04305
-502.114	498.809	20.2479	351.421	-46.8254	4.04877
-502.448	499.181	20.233	581.264	-14.9002	4.05258
-502.786	499.551	20.2266	530.986	-6.3858	4.05068
-503.122	499.923	20.2106	250.864	-15.9626	4.05068
-503.46	500.285	20.2266	-0.52675	15.9626	4.04877
-503.791	500.662	20.2787	-175.303	52.1469	4.05258
-504.129	501.027	20.3053	-110.66	26.6056	4.05068
-504.46	501.401	20.2575	432.824	-47.8916	4.05068
-504.789	501.774	20.2053	480.708	-52.1469	4.05068
-505.122	502.143	20.1659	-187.274	-39.3753	4.04687
-505.453	502.513	20.2489	-721.181	83.0097	4.04877
-505.784	502.88	20.2851	16.2327	36.1843	4.05068
-506.113	503.25	20.167	1651.47	-118.13	4.04877
-506.441	503.617	20.067	1500.64	-100.037	4.04687
-506.77	503.984	20.0191	349.027	-47.8897	4.04687
-507.101	504.351	19.9999	164.673	-19.1574	4.04687
-507.422	504.721	19.9616	1383.32	-38.311	4.04687
-507.751	505.079	19.8871	1476.7	-74.4953	4.05068
-508.074	505.448	19.8137	212.557	-73.431	4.05068
-508.398	505.816	19.8147	-462.608	1.06239	4.05449
-508.722	506.183	19.9744	-1477.75	159.636	4.05068
-509.043	506.548	19.9999	-639.779	25.5394	4.05068
-509.367	506.912	19.8658	732.099	-134.09	4.04305
-509.691	507.275	19.7881	303.537	-77.692	4.04687
-510.015	507.637	19.8158	-551.193	27.6737	4.04496
-510.338	508.002	19.8658	-929.477	50.0183	4.04687
-510.662	508.364	19.8711	-448.242	5.31959	4.04687
-510.986	508.729	19.8701	442.401	-1.0643	4.04687
-511.31	509.092	19.9297	890.116	59.5989	4.05258
-511.633	509.454	19.9243	95.2413	-5.32341	4.05068
-511.957	509.821	19.8509	-424.3	-73.431	4.05258
-512.281	510.193	19.8626	542.957	11.7054	4.05068
-512.6	510.546	19.919	801.531	56.4041	4.04687
-512.926	510.908	19.8679	-290.225	-51.0807	4.04877
-513.25	511.271	19.8679	-1056.37	0	4.04877
-513.573	511.633	19.951	-1137.77	83.0078	4.04687
-513.897	511.996	19.9031	-381.205	-47.8897	4.04687
-514.228	512.358	19.8286	85.6645	-74.4953	4.04687
-514.554	512.716	19.8041	-785.825	-24.4789	4.05068
-514.878	513.076	19.8509	-1882.37	46.8273	4.04496
-515.204	513.433	19.8477	-692.451	-3.1929	4.04687
-515.523	513.798	19.7849	3940.33	-62.7899	4.04687
-515.847	514.158	19.7072	3207.7	-77.6863	4.05068
-516.168	514.523	19.6466	-733.152	-60.6632	4.05449
-516.487	514.883	19.6647	-369.234	18.0931	4.05068
-516.811	515.24	19.7711	672.244	106.422	4.05258
-517.132	515.605	19.7913	-101.083	20.2198	4.05068
-517.453	515.968	19.8456	-1896.73	54.2755	4.04687
-517.772	516.325	19.8807	-1121.01	35.12	4.04687
-518.089	516.69	19.8445	64.1167	-36.1843	4.03924
-518.405	517.05	19.7945	-450.637	-50.0164	4.05068
-518.724	517.408	19.7275	-280.648	-67.049	4.04496
-519.046	517.765	19.6828	28.2037	-44.6949	4.05068
-519.365	518.123	19.7019	-500.915	19.1555	4.04496
-519.686	518.48	19.7626	-1003.7	60.6594	4.05258
-520.005	518.833	19.819	-785.825	56.4041	4.05068
-520.324	519.183	19.7903	-34.0456	-28.7342	4.05449
-520.643	519.536	19.7051	73.6935	-85.1364	4.05068
-520.962	519.886	19.6838	-460.214	-21.286	4.05068
-521.285	520.232	19.7413	827.867	57.4684	4.04687
-521.607	520.585	19.7871	959.548	45.763	4.04877
-521.926	520.933	19.7934	-86.718	6.3839	4.05068
-522.244	521.276	19.7913	329.873	-2.1286	4.04496
-522.563	521.621	19.7605	406.488	-30.8628	4.04687
-522.885	521.971	19.7477	159.885	-12.7697	4.04687
-523.201	522.312	19.7817	-594.289	34.0538	4.04687
-523.523	522.655	19.6796	-1034.82	-102.165	4.04687
-523.846	523.001	19.6264	-1109.04	-53.2093	4.04687
-524.17	523.341	19.9925	-850.468	366.093	4.05258
-524.491	523.682	20.1223	6.65586	129.833	4.05258
-524.815	524.03	19.8786	791.954	-243.706	4.04687
-525.141	524.373	19.8541	985.884	-24.477	4.04687
-525.47	524.711	20.1042	1311.5	250.093	4.04687
-525.791	525.057	20.1585	847.021	54.2755	4.05068
-526.117	525.402	20.0265	-165.727	-131.966	4.04687
-526.446	525.745	19.9978	231.711	-28.7342	4.04687
-526.774	526.091	20.0191	636.331	21.286	4.04687
-527.108	526.427	19.985	-91.5064	-34.0557	4.04687
-527.436	526.77	19.8286	-1542.39	-156.441	4.04877
-527.76	527.118	19.6987	-773.854	-129.837	4.05068
-528.091	527.458	19.7402	1024.19	41.5058	4.04687
-528.427	527.801	19.7945	250.864	54.2774	4.03924
-528.76	528.144	19.9446	-1523.24	150.053	4.04687
-529.096	528.487	20.1042	-1535.21	159.636	4.04305
-529.432	528.831	20.1212	-91.5064	17.0269	4.04496
-529.77	529.176	20.0489	511.832	-72.3667	4.05258
-530.109	529.521	20.018	399.305	-30.8628	4.04687
-530.452	529.865	20.0627	964.337	44.6987	4.04687
-530.79	530.215	20.1085	1280.37	45.7611	4.05068
-531.133	530.565	20.0893	665.061	-19.1593	4.05449
-531.478	530.916	20.1329	679.427	43.6344	4.05068
-531.824	531.263	20.1606	631.543	27.6718	4.05068
-532.169	531.614	20.0595	231.711	-101.103	4.04687
-532.51	531.964	19.8722	159.885	-187.304	4.04496
-532.853	532.317	19.7605	157.491	-111.744	4.04687
-533.199	532.672	19.8137	703.369	53.2131	4.05068
-533.551	533.025	19.9329	188.615	119.192	4.04496
-533.897	533.38	20.1436	-1190.45	210.718	4.05068
-534.238	533.745	20.35	542.957	206.459	4.05068
-534.578	534.112	20.3745	2740.83	24.477	4.05258
-534.924	534.474	20.2617	1895.68	-112.81	4.05258
-535.267	534.839	20.2032	35.3863	-58.5327	4.05449
-535.61	535.209	20.2149	68.9051	11.7092	4.04687
-535.951	535.576	20.2096	1060.1	-5.32341	4.04877
-536.289	535.946	20.1744	650.696	-35.1181	4.05068
-536.625	536.323	20.1457	372.969	-28.7342	4.04687
-536.96	536.695	20.1191	624.36	-26.6056	4.04877
-537.296	537.069	20.0946	480.708	-24.477	4.04687
-537.63	537.444	20.0063	-194.457	-88.3312	4.05068
-537.968	537.818	19.9254	-101.083	-80.8811	4.03924
-538.299	538.193	19.9957	121.578	70.2381	4.04496
-538.632	538.57	20.1436	-816.95	147.93	4.04496
-538.966	538.946	20.2298	-1094.68	86.2007	4.05068
-539.297	539.323	20.2404	-10.1036	10.6411	4.05449
-539.628	539.698	20.201	885.328	-39.3753	4.05068
-539.959	540.075	20.1351	679.427	-65.9828	4.05449
-540.287	540.449	20.0999	262.835	-35.1181	4.05258
-540.621	540.821	20.0638	442.401	-36.1843	4.05258
-540.947	541.198	19.9861	605.206	-77.6882	4.05068
-541.273	541.573	19.9286	389.728	-57.4684	4.04496
-541.597	541.947	19.8871	418.459	-41.5039	4.04687
-541.921	542.319	19.8573	471.131	-29.7985	4.04877
-542.244	542.689	19.8264	358.604	-30.8628	4.04687
-542.57	543.061	19.786	135.943	-40.4415	4.04687
-542.894	543.428	19.7605	11.4443	-25.5413	4.04687
-543.218	543.793	19.8147	13.8385	54.2755	4.04496
-543.537	544.165	19.9073	-706.816	92.5884	4.04877
-543.861	544.53	20.0318	576.476	124.514	4.04877
-544.18	544.897	19.9999	1821.46	-31.9271	4.04305
-544.503	545.264	19.7998	823.079	-200.073	4.05258
-544.817	545.629	19.67	418.459	-129.835	4.05068
-545.139	545.989	19.6689	281.989	-1.06621	4.04687
-545.453	546.356	19.6828	140.731	13.8378	4.05068
-545.769	546.721	19.6274	176.644	-55.3417	4.04305
-546.083	547.083	19.5923	796.742	-35.1181	4.04496
-546.402	547.444	19.6125	1084.05	20.2198	4.04687
-546.711	547.808	19.5561	207.769	-56.4041	4.04687
-547.026	548.171	19.4763	-113.054	-79.8187	4.04687
-547.34	548.533	19.4806	353.815	4.2572	4.04687
-547.656	548.896	19.6519	-304.59	171.341	4.04687
-547.97	549.256	19.8009	-1329.31	148.993	4.03924
-548.289	549.618	19.8105	-1168.9	9.5768	4.04305
-548.603	549.978	19.7711	-306.985	-39.3753	4.04687
-548.92	550.338	19.7051	152.702	-65.9809	4.05068
-549.236	550.695	19.6115	116.789	-93.6527	4.05449
-549.553	551.055	19.5689	9.05006	-42.5701	4.05068
-549.869	551.413	19.5412	-2.92095	-27.668	4.05258
-550.188	551.771	19.4731	59.3283	-68.1114	4.04687
-550.507	552.128	19.4167	279.595	-56.4041	4.04687
-550.828	552.481	19.371	1457.54	-45.7611	4.05258
-551.142	552.841	19.338	1088.84	-32.9914	4.04496
-551.461	553.196	19.3784	-769.065	40.4396	4.04687
-551.778	553.551	19.4667	-1211.99	88.3331	4.04687
-552.099	553.904	19.4976	-24.4688	30.8609	4.04687
-552.416	554.264	19.4976	1483.88	0	4.04305
-552.735	554.617	19.487	1000.25	-10.6411	4.04687
-553.051	554.979	19.4763	-706.816	-10.6449	4.05258
-553.368	555.337	19.6115	-1678.86	135.159	4.05068
-553.684	555.687	19.5881	-783.431	-23.4146	4.05068
-554.001	556.045	19.4252	502.256	-162.825	4.05068
-554.317	556.397	19.3656	71.2993	-59.597	4.05068
-554.634	556.752	19.3912	-417.118	25.5413	4.04687
-554.95	557.103	19.4156	107.212	24.477	4.04687
-555.271	557.453	19.4199	337.056	4.2572	4.04496
-555.588	557.801	19.4231	95.2413	3.1929	4.04496
-555.9	558.151	19.4401	200.586	17.0288	4.04687
-556.216	558.499	19.4337	440.006	-6.3858	4.04877
-556.535	558.842	19.3773	-122.631	-56.4041	4.05449
-556.854	559.19	19.3827	-900.747	5.31959	4.04687
-557.17	559.533	19.4816	-1092.28	98.9742	4.05449
-557.487	559.876	19.538	-1063.55	56.4022	4.04687
-557.806	560.217	19.554	-1046.79	15.9645	4.04687
-558.122	560.553	19.5338	-397.964	-20.2198	4.05068
-558.444	560.889	19.4433	1862.16	-90.4579	4.05258
-558.76	561.225	19.3454	1603.59	-97.9099	4.04877
-559.079	561.563	19.3114	-132.208	-34.0557	4.05068
-559.398	561.896	19.3124	88.0587	1.0643	4.04877
-559.719	562.225	19.3316	-12.4978	19.1555	4.05068
-560.038	562.558	19.3773	-527.251	45.763	4.04687
-560.352	562.894	19.4135	-658.932	36.1824	4.04496
-560.671	563.225	19.4965	21.0211	83.0097	4.05068
-560.995	563.556	19.6242	358.604	127.708	4.04687
-561.311	563.885	19.6583	-323.744	34.0538	4.04496
-561.63	564.213	19.6391	-474.579	-19.1555	4.04687
-561.952	564.544	19.6189	248.47	-20.2198	4.04687
-562.278	564.875	19.5785	329.873	-40.4415	4.05449
-562.602	565.201	19.5838	593.235	5.3215	4.05258
-562.925	565.527	19.6902	174.25	106.421	4.04877
-563.252	565.854	19.6966	-12.4978	6.3858	4.04877
-563.58	566.177	19.6519	1040.95	-44.6968	4.04687
-563.904	566.508	19.6594	698.58	7.4501	4.04496
-564.23	566.839	19.6625	92.8471	3.1929	4.04496
-564.559	567.168	19.6934	-57.9876	30.8628	4.05068
-564.89	567.499	19.7647	-213.611	71.3024	4.04496
-565.223	567.83	19.8914	-326.138	126.642	4.04687
-565.559	568.159	20.0627	90.4529	171.343	4.03924
-565.89	568.497	20.0829	435.218	20.2179	4.05068
-566.226	568.833	20.0521	-136.996	-30.8628	4.05068
-566.564	569.168	20.0787	-196.851	26.6056	4.04687
-566.9	569.507	20.1202	147.914	41.5058	4.04687
-567.24	569.847	20.1053	210.163	-14.9002	4.04687
-567.583	570.185	20.1063	-117.843	1.06621	4.04687
-567.924	570.529	20.1148	-529.645	8.5144	4.04687
-568.27	570.874	20.0776	-211.217	-37.2486	4.05258
-568.615	571.215	20.0244	514.227	-53.2131	4.04496
-568.961	571.558	20.0329	665.061	8.5144	4.04877
-569.309	571.903	20.0989	-89.1122	65.9828	4.05068
-569.661	572.244	20.1553	-261.495	56.4041	4.05258
-570.009	572.597	20.1617	418.459	6.3839	4.04305
-570.359	572.945	20.1372	643.514	-24.477	4.04687
-570.71	573.295	20.1691	480.708	31.929	4.04687
-571.062	573.648	20.2819	-46.0166	112.806	4.04496
-571.418	574	20.3564	293.96	74.4953	4.04877
-571.778	574.353	20.3692	1076.86	12.7716	4.04496
-572.138	574.708	20.3905	195.798	21.2822	4.04687
-572.495	575.061	20.4873	-1073.13	96.8456	4.04687
-572.855	575.419	20.5193	13.8385	31.9271	4.05068
-573.213	575.783	20.4448	2053.7	-74.4972	4.04687
-573.57	576.143	20.3756	1720.9	-69.1719	4.04496
-573.923	576.503	20.349	507.044	-26.6075	4.03924
-574.281	576.868	20.3426	310.719	-6.3858	4.04877
-574.638	577.233	20.3383	607.601	-4.2572	4.04687
-574.993	577.598	20.3575	880.539	19.1555	4.05258
-575.358	577.96	20.4139	619.572	56.406	4.05068
-575.709	578.323	20.4277	-89.1122	13.834	4.05068
-576.064	578.69	20.5224	-730.758	94.717	4.05068
-576.414	579.06	20.5629	-41.2282	40.4396	4.04687
-576.767	579.429	20.4916	1555.7	-71.3024	4.04687
-577.122	579.799	20.4692	1282.77	-22.3484	4.04687
-577.472	580.169	20.5086	-235.159	39.3772	4.04496
-577.823	580.541	20.515	-419.512	6.3839	4.04687
-578.173	580.91	20.4575	363.392	-57.4665	4.04687
-578.521	581.282	20.4054	724.916	-52.1469	4.04687
-578.866	581.654	20.3628	497.467	-42.5701	4.04687
-579.214	582.022	20.3245	339.45	-38.311	4.04877
-579.557	582.396	20.2617	535.774	-62.7918	4.04687
-579.9	582.766	20.1883	641.119	-73.4291	4.04687
-580.241	583.135	20.1468	475.919	-41.5058	4.04687
-580.579	583.51	20.1393	147.914	-7.4501	4.05258
-580.92	583.877	20.1872	-522.463	47.8916	4.05258
-581.261	584.235	20.1925	-563.164	5.31959	4.05068
-581.594	584.604	20.0999	459.16	-92.5865	4.05449
-581.932	584.972	20.0255	502.256	-74.4953	4.04687
-582.27	585.332	20.0819	-651.75	56.4041	4.04687
-582.604	585.699	20.1574	-941.448	75.5577	4.04496
-582.937	586.061	20.0893	104.818	-68.1114	4.04496
-583.266	586.421	19.9808	705.763	-108.549	4.04687
-583.597	586.784	19.9265	293.96	-54.2755	4.04687
-583.928	587.144	19.8637	322.69	-62.7899	4.04687
-584.256	587.504	19.8924	1244.46	28.7361	4.04496
-584.587	587.861	19.902	988.279	9.5768	4.04687
-584.914	588.221	19.8765	191.009	-25.5413	4.05068
-585.242	588.581	19.8264	351.421	-50.0183	4.04496
-585.576	588.939	19.7881	30.5979	-38.3148	4.05068
-585.899	589.296	19.8232	-711.605	35.12	4.04305
-586.228	589.654	19.8818	-948.631	58.5346	4.04877
-586.557	590.011	19.8626	-436.271	-19.1574	4.05258
-586.885	590.367	19.8094	-156.15	-53.2093	4.05258
-587.214	590.722	19.7679	914.058	-41.5039	4.05258
-587.54	591.077	19.7828	1143.9	14.8983	4.05068
-587.866	591.432	19.7807	-98.689	-2.1286	4.04687
-588.195	591.785	19.7009	-31.6514	-79.8187	4.05258
-588.521	592.145	19.6221	358.604	-78.7506	4.04496
-588.847	592.5	19.6562	411.276	34.0538	4.04687
-589.168	592.855	19.7562	337.056	100.037	4.04687
-589.494	593.21	19.7136	653.09	-42.5663	4.04305
-589.82	593.565	19.6306	181.433	-83.0116	4.05258
-590.144	593.921	19.6647	-788.219	34.0557	4.04687
-590.468	594.276	19.7104	-872.016	45.7611	4.04687
-590.794	594.631	19.6583	-520.069	-52.1469	4.04687
-591.118	594.986	19.5678	47.3573	-90.4598	4.04687
-591.444	595.339	19.5434	52.1457	-24.4751	4.04877
-591.77	595.694	19.6338	-682.874	90.4579	4.04496
-592.094	596.047	19.7264	-1094.68	92.5884	4.05068
-592.418	596.399	19.703	59.3283	-23.4146	4.05449
-592.746	596.75	19.6764	1634.71	-26.6037	4.04496
-593.07	597.105	19.6572	1117.57	-19.1574	4.05068
-593.394	597.453	19.6625	-38.834	5.3215	4.05068
-593.715	597.805	19.6892	-429.089	26.6056	4.04687
-594.041	598.151	19.719	-706.816	29.7985	4.05068
-594.363	598.504	19.7562	-778.642	37.2467	4.04687
-594.686	598.852	19.7945	32.9921	38.3148	4.04687
-595.01	599.2	19.8169	188.615	22.3465	4.03924
-595.331	599.545	19.7754	-388.387	-41.5058	4.04687
-595.655	599.891	19.7126	-462.608	-62.788	4.05258
-595.977	600.236	19.6966	-524.857	-15.9645	4.05068
-596.3	600.579	19.7221	-263.889	25.5432	4.05068
-596.624	600.922	19.7594	-601.471	37.2486	4.05068
-596.945	601.263	19.7732	-766.671	13.834	4.05068
-597.267	601.603	19.7339	32.9921	-39.3772	4.04687
-597.59	601.944	19.6508	1313.89	-83.0097	4.04687
-597.914	602.282	19.5987	1112.78	-52.1469	4.04687
-598.236	602.623	19.6296	-235.159	30.8628	4.04687
-598.562	602.956	19.6998	-776.248	70.24	4.04305
-598.881	603.297	19.6913	-146.573	-8.5144	4.04496
-599.202	603.635	19.653	519.015	-38.3129	4.04305
-599.526	603.974	19.6402	126.366	-12.7697	4.05068
-599.847	604.312	19.7147	-606.26	74.4953	4.05068
-600.166	604.643	19.7881	-967.784	73.4291	4.05068
-600.49	604.976	19.7434	97.6355	-44.6949	4.05258
-600.813	605.314	19.6838	976.308	-59.597	4.05068
-601.14	605.653	19.7764	296.354	92.5884	4.05258
-601.463	605.989	20.0861	-709.21	309.689	4.05068
-601.787	606.327	20.1287	530.986	42.5682	4.04687
-602.113	606.667	20.0382	1819.07	-90.4579	4.04687
-602.439	607.008	20.0435	641.119	5.31959	4.04305
-602.766	607.351	20.0904	-328.532	46.8273	4.04305
-603.097	607.694	20.0829	83.2703	-7.4501	4.04687
-603.425	608.035	20.0829	535.774	0	4.05068
-603.749	608.388	20.0978	140.731	14.9002	4.05449
-604.077	608.733	20.0872	-5.31515	-10.643	4.05068
-604.413	609.074	20.0861	95.2413	-1.0643	4.05258
-604.739	609.427	20.2021	-644.567	116.001	4.05258
-605.07	609.777	20.2904	-915.112	88.3293	4.05068
-605.404	610.13	20.2819	-136.996	-8.5125	4.04877
-605.745	610.477	20.2862	-55.5934	4.2572	4.05449
-606.08	610.833	20.3468	-390.782	60.6594	4.04687
-606.419	611.188	20.3905	-275.86	43.6325	4.04496
-606.752	611.543	20.3958	112.001	5.32341	4.04687
-607.093	611.901	20.3862	487.89	-9.5787	4.04687
-607.433	612.258	20.366	571.688	-20.2198	4.04687
-607.779	612.618	20.3777	329.873	11.7054	4.05258
-608.122	612.976	20.4267	6.65586	48.9559	4.05068
-608.463	613.343	20.4075	207.769	-19.1555	4.05068
-608.808	613.705	20.3873	2156.65	-20.2217	4.05449
-609.158	614.075	20.4873	1198.97	100.037	4.05068
-609.506	614.44	20.6214	-1233.54	134.094	4.05068
-609.852	614.809	20.6619	-544.011	40.4396	4.05068
-610.197	615.182	20.6044	487.89	-57.4703	4.04687
-610.55	615.549	20.5693	691.398	-35.1181	4.05258
-610.895	615.926	20.5714	399.305	2.1286	4.04687
-611.246	616.302	20.6246	-29.2572	53.2112	4.04687
-611.596	616.679	20.6512	-268.677	26.6075	4.04687
-611.954	617.051	20.6118	279.595	-39.3772	4.05068
-612.306	617.433	20.5778	456.766	-34.0538	4.05068
-612.657	617.812	20.5927	68.9051	14.8983	4.04877
-613.009	618.192	20.6448	-103.477	52.1469	4.05068
-613.362	618.569	20.6831	-62.776	38.311	4.04687
-613.71	618.953	20.7289	-306.985	45.7611	4.05258
-614.063	619.335	20.7459	-283.043	17.0269	4.05068
-614.418	619.712	20.7066	1938.78	-39.3753	4.05068
-614.764	620.1	20.6842	1550.92	-22.3465	4.05258
-615.116	620.48	20.6587	-431.483	-25.5451	4.05258
-615.467	620.866	20.6491	112.001	-9.57489	4.04877
-615.812	621.248	20.6874	116.789	38.311	4.05068
-616.158	621.632	20.7066	-326.138	19.1555	4.04687
-616.503	622.016	20.6576	-163.332	-48.954	4.04496
-616.853	622.393	20.5767	535.774	-80.8811	4.04877
-617.194	622.777	20.5203	605.206	-56.4041	4.04687
-617.537	623.159	20.4416	370.575	-78.7525	4.04687
-617.878	623.541	20.3586	442.401	-83.0097	4.04877
-618.221	623.918	20.3053	442.401	-53.2112	4.04496
-618.559	624.297	20.2681	320.296	-37.2486	4.04687
-618.897	624.674	20.1947	255.653	-73.431	4.04496
-619.238	625.056	20.1351	406.488	-59.597	4.05258
-619.571	625.428	20.184	-342.898	48.954	4.04687
-619.907	625.797	20.1638	-632.596	-20.2198	4.05068
-620.241	626.174	20.0914	317.902	-72.3667	4.05068
-620.576	626.546	20.1106	-251.918	19.1574	4.05068
-620.91	626.916	20.2308	-1398.74	120.258	4.04305
-621.246	627.283	20.1617	-299.802	-69.1776	4.04496
-621.577	627.655	20.018	1146.3	-143.669	4.04687
-621.903	628.023	19.9925	569.293	-25.5413	4.05258
-622.231	628.39	19.9818	18.6269	-10.6411	4.04496
-622.558	628.757	19.9169	344.238	-64.9204	4.04687
-622.889	629.12	19.9435	732.099	26.6056	4.04496
-623.212	629.487	19.9137	715.34	-29.7966	4.04687
-623.536	629.852	19.7647	284.383	-148.993	4.04496
-623.86	630.221	19.7413	11.4443	-23.4127	4.05068
-624.184	630.588	19.9978	-69.9586	256.477	4.04877
-624.515	630.946	20.1595	-55.5934	161.762	4.05449
-624.833	631.311	20.0403	-199.245	-119.192	4.05258
-625.16	631.671	19.8733	602.812	-167.084	4.05068
-625.483	632.036	19.8648	2273.96	-8.5144	4.04687
-625.807	632.398	19.9435	885.328	78.7525	4.04496
-626.126	632.768	19.9318	-996.515	-11.7054	4.05068
-626.447	633.133	19.8552	-153.756	-76.6239	4.04305
-626.769	633.495	19.7977	480.708	-57.4684	4.05068
-627.09	633.86	19.7573	-65.1702	-40.4396	4.04687
-627.411	634.225	19.7253	-723.576	-31.929	4.03924
-627.733	634.585	19.654	-211.217	-71.3005	4.04687
-628.052	634.947	19.5721	377.757	-81.9473	4.05068
-628.373	635.309	19.5199	56.9341	-52.1469	4.05068
-628.694	635.667	19.5359	-220.793	15.9626	4.05068
-629.018	636.022	19.6189	-730.758	83.0116	4.05068
-629.335	636.377	19.6455	-1113.83	26.6056	4.04687
-629.656	636.732	19.5923	-299.802	-53.2112	4.05258
-629.984	637.083	19.5434	-93.9006	-48.954	4.04877
-630.303	637.435	19.6498	-599.077	106.421	4.04687
-630.622	637.788	19.6987	408.882	48.954	4.05068
