-17.4098	-10.918	-0.00179854	42.4971	-1.06423	0.457488
-17.4098	-10.918	-0.00179854	66.4391	0	3.89437
-17.4098	-10.918	0.00352259	59.2565	5.32113	3.90199
-17.4098	-10.9156	0.0397062	25.7377	36.1837	3.90199
-17.4098	-10.9132	0.170606	641.047	130.9	3.89818
-17.4123	-10.9132	0.324919	1361.7	154.313	3.90009
-17.4171	-10.9107	0.530314	480.636	205.396	3.90199
-17.4219	-10.9083	0.926206	-2406.77	395.892	3.90009
-17.4292	-10.9011	1.21568	-3249.53	289.469	3.90199
-17.4364	-10.8938	1.26357	-398.036	47.8901	3.90009
-17.4461	-10.8818	1.26676	1435.92	3.19254	3.89818
-17.4606	-10.8697	1.36892	799.065	102.166	3.89818
-17.4751	-10.8552	1.53601	-333.393	167.083	3.90199
-17.492	-10.8407	1.685	-591.966	148.992	3.90199
-17.5113	-10.8214	1.79781	-113.126	112.808	3.90009
-17.5331	-10.802	1.90636	76.0159	108.551	3.89818
-17.5596	-10.7779	2.03513	-122.703	128.771	3.89628
-17.5862	-10.7537	2.17241	-273.538	137.285	3.89818
-17.6152	-10.7271	2.29799	-175.375	125.578	3.89818
-17.6466	-10.6981	2.42996	-98.7608	131.964	3.89818
-17.6828	-10.6643	2.54702	-247.201	117.065	3.90199
-17.7191	-10.6305	2.62045	-43.6942	73.4313	3.89628
-17.7577	-10.5942	2.67686	16.1609	56.4041	3.89818
-17.8012	-10.5556	2.73539	16.1609	58.5325	3.90199
-17.8447	-10.5169	2.80137	-266.355	65.9819	3.89818
-17.8906	-10.4734	2.85458	-43.6942	53.2114	3.89628
-17.9389	-10.4275	2.93759	305.859	83.0097	3.89818
-17.9897	-10.3816	3.05253	248.398	114.936	3.90199
-18.0428	-10.3333	3.14831	-431.555	95.7806	3.90009
-18.096	-10.285	3.18556	-122.703	37.2477	3.89818
-18.1516	-10.2318	3.24515	432.752	59.5968	3.89437
-18.2071	-10.1763	3.37924	495.001	134.092	3.90009
-18.2675	-10.1207	3.50376	-101.155	124.515	3.90199
-18.3279	-10.0651	3.56974	-474.651	65.9821	3.89818
-18.3907	-10.0047	3.61444	-283.114	44.6973	3.90009
-18.4536	-9.94434	3.67936	99.9579	64.9178	3.89818
-18.5212	-9.87911	3.76237	344.167	83.0095	3.89437
-18.5864	-9.81387	3.83793	401.627	75.5601	3.90199
-18.6565	-9.74864	3.89859	341.772	60.6608	3.90199
-18.7266	-9.67858	3.94967	126.294	51.0826	3.90009
-18.8015	-9.60851	4.04971	-251.99	100.037	3.90199
-18.8739	-9.53603	4.154	-132.28	104.294	3.90009
-18.9488	-9.46355	4.19551	370.503	41.5049	3.89818
-19.0237	-9.38865	4.21147	526.126	15.9631	3.89818
-19.1011	-9.31134	4.29022	396.839	78.753	3.90009
-19.1784	-9.23161	4.42644	164.601	136.221	3.89818
-19.2605	-9.15188	4.5882	121.506	161.762	3.89437
-19.3402	-9.07215	4.7191	-31.7232	130.899	3.89437
-19.4224	-8.98759	4.74677	-345.364	27.6704	3.90009
-19.5069	-8.90062	4.69569	-433.949	-51.0831	3.89818
-19.5891	-8.81606	4.68611	128.688	-9.57775	3.90009
-19.6737	-8.72908	4.72017	794.276	34.0552	3.89818
-19.7606	-8.63969	4.77657	789.488	56.4036	3.90199
-19.8476	-8.55029	4.85	789.488	73.432	3.90009
-19.937	-8.45365	4.97771	353.743	127.707	3.89818
-20.024	-8.35943	5.08201	-218.471	104.294	3.89818
-20.1158	-8.26762	5.15757	-800.262	75.5601	3.89628
-20.2076	-8.17098	5.21184	-893.636	54.2755	3.89818
-20.2994	-8.06951	5.26079	-247.201	48.954	3.89818
-20.3912	-7.97045	5.34806	530.914	87.2664	3.89437
-20.4854	-7.87139	5.43001	674.566	81.9454	3.90199
-20.5797	-7.76992	5.46725	315.436	37.2481	3.89818
-20.6763	-7.66603	5.4928	64.0449	25.5413	3.89818
-20.7705	-7.55973	5.54069	-115.52	47.8902	3.89818
-20.872	-7.45342	5.63966	-426.766	98.9733	3.90199
-20.9686	-7.34953	5.79716	-611.12	157.505	3.90199
-21.0677	-7.24081	5.8674	-311.845	70.2386	3.89818
-21.1716	-7.12726	5.83441	260.369	-32.9909	3.90199
-21.2706	-7.01612	5.8674	837.372	32.9909	3.89437
-21.3745	-6.90498	6.01001	885.256	142.607	3.90199
-21.4784	-6.79385	6.08876	83.1985	78.7525	3.90199
-21.5823	-6.67788	6.06428	-678.158	-24.4775	3.90199
-21.6886	-6.56191	6.06003	-919.972	-4.25673	3.89437
-21.7949	-6.44352	6.10366	-199.317	43.6335	3.89628
-21.9012	-6.32756	6.19199	770.334	88.3307	3.89818
-22.0099	-6.20917	6.28458	396.839	92.587	3.89437
-22.1187	-6.08837	6.39952	-536.9	114.936	3.89437
-22.2274	-5.96999	6.46337	-568.024	63.8537	3.89818
-22.3385	-5.84918	6.45273	-70.0304	-10.6425	3.89437
-22.4497	-5.72597	6.44634	296.282	-6.38485	3.90009
-22.5632	-5.60033	6.53787	478.242	91.5236	3.90199
-22.6792	-5.47228	6.68473	339.378	146.863	3.90199
-22.7927	-5.34665	6.772	-36.5116	87.2669	3.90009
-22.9063	-5.22343	6.78583	166.996	13.8345	3.90199
-23.0223	-5.09297	6.74113	648.23	-44.6973	3.90199
-23.1382	-4.9625	6.74326	107.141	2.12812	3.90009
-23.2566	-4.83204	6.85607	-917.578	112.809	3.90199
-23.375	-4.70157	6.94972	-776.32	93.6513	3.90199
-23.4934	-4.56869	6.98165	399.233	31.9262	3.89437
-23.6142	-4.43581	7.0604	839.766	78.753	3.90009
-23.735	-4.2981	7.17001	368.109	109.615	3.89628
-23.8558	-4.1628	7.28069	-82.0014	110.68	3.89437
-23.979	-4.02751	7.33391	-141.856	53.2112	3.89818
-24.0998	-3.88738	7.31156	248.398	-22.3489	3.90009
-24.2254	-3.74483	7.36903	274.735	57.4684	3.90199
-24.3511	-3.6047	7.54037	-201.712	171.34	3.89818
-24.4767	-3.4694	7.59677	-659.004	56.4041	3.90009
-24.6023	-3.32444	7.5095	-764.349	-87.266	3.9344
-24.7304	-3.1819	7.42969	-180.164	-79.8173	3.90009
-24.8584	-3.03452	7.47013	839.766	40.4406	3.89818
-24.9865	-2.88956	7.58826	1009.75	118.129	3.90199
-25.1145	-2.74701	7.66807	188.543	79.8173	3.89818
-25.245	-2.60205	7.64147	-457.891	-26.6061	3.89628
-25.3755	-2.45226	7.62337	-754.772	-18.0917	3.89628
-25.5059	-2.30247	7.70426	-108.338	80.8806	3.89818
-25.6388	-2.15751	7.82664	724.845	122.386	3.89818
-25.7693	-2.00771	7.87879	360.926	52.1469	3.90009
-25.9022	-1.85792	7.8873	-311.845	8.51393	3.90009
-26.035	-1.70329	7.9171	-151.433	29.798	3.90199
-26.1679	-1.5535	7.96499	365.714	47.8902	3.89818
-26.3032	-1.40612	7.94903	234.033	-15.9631	3.90199
-26.4361	-1.24667	7.95648	-117.914	7.44915	3.90009
-26.569	-1.08963	8.08099	157.419	124.515	3.90199
-26.7043	-0.932584	8.19167	533.308	110.681	3.90009
-26.8396	-0.777958	8.25446	308.253	62.788	3.90199
-26.9773	-0.620917	8.26191	-304.662	7.4501	3.89818
-27.1126	-0.46146	8.26191	-623.091	0	3.89818
-27.2503	-0.29717	8.30235	-187.346	40.4406	3.90199
-27.388	-0.137713	8.37897	344.167	76.6239	3.90199
-27.5281	0.0217442	8.52477	-93.9724	145.799	3.90199
-27.6658	0.186034	8.61949	-491.41	94.7161	3.90199
-27.806	0.352739	8.60672	-31.7232	-12.7697	3.90199
-27.9461	0.514612	8.54712	181.361	-59.597	3.90199
-28.0886	0.678902	8.54925	-125.097	2.1286	3.90199
-28.2336	0.845607	8.64822	-187.346	98.9733	3.89818
-28.3737	1.01473	8.83766	396.839	189.431	3.90199
-28.5163	1.18627	8.88023	971.447	42.5692	3.89818
-28.6588	1.35297	8.80147	1095.95	-78.7525	3.89818
-28.8038	1.52209	8.82063	430.358	19.1565	3.89437
-28.9487	1.69121	8.97494	-630.274	154.312	3.89818
-29.0961	1.86517	9.07498	-893.636	100.037	3.89818
-29.2435	2.03429	9.09839	-627.879	23.4137	3.89437
-29.3909	2.20824	9.16544	-623.091	67.0462	3.90199
-29.5383	2.37978	9.18034	183.755	14.8993	3.90009
-29.6856	2.55373	9.11329	1004.97	-67.0462	3.90199
-29.8378	2.73493	9.07604	468.665	-37.2477	3.90199
-29.9852	2.90889	9.07924	399.233	3.19195	3.90199
-30.1326	3.08043	9.13351	995.389	54.2765	3.90199
-30.2848	3.25438	9.17395	415.993	40.4396	3.90199
-30.4346	3.43316	9.17821	-694.917	4.25816	3.90009
-30.5868	3.60953	9.19736	-795.474	19.1555	3.89818
-30.739	3.78107	9.27505	-939.126	77.6882	3.90009
-30.8912	3.95744	9.39212	-769.137	117.064	3.89437
-31.0434	4.13623	9.39105	143.054	-1.0643	3.89628
-31.1981	4.31743	9.35061	866.102	-40.4406	3.90199
-31.3527	4.4938	9.39531	1146.22	44.6987	3.89437
-31.5073	4.67017	9.50599	863.708	110.678	3.89437
-31.6619	4.84895	9.54749	143.054	41.5058	3.90199
-31.8214	5.0374	9.56239	-951.097	14.8983	3.90199
-31.9784	5.21377	9.62731	-1180.94	64.9185	3.90009
-32.1355	5.38772	9.68904	-687.734	61.7247	3.90009
-32.2925	5.57134	9.70713	133.477	18.0922	3.90199
-32.452	5.75496	9.80929	1311.42	102.165	3.90199
-32.6114	5.94099	9.96254	1184.53	153.249	3.90009
-32.7733	6.12703	10.0626	4.18984	100.038	3.89818
-32.9352	6.30581	10.1839	-560.842	121.322	3.89818
-33.0946	6.49185	10.152	-144.251	-31.9271	3.89437
-33.2589	6.68271	10.0605	267.552	-91.5232	3.89628
-33.4208	6.86874	10.0275	-43.6942	-32.9914	3.90199
-33.5851	7.05236	9.9934	-474.651	-34.0557	3.89818
-33.7518	7.2384	10.0019	-773.926	8.5144	3.90199
-33.933	7.42685	10.0647	-1042.08	62.789	3.90009
-34.0852	7.61288	10.1765	-958.279	111.743	3.90199
-34.2543	7.79891	10.2158	-323.816	39.3772	3.89818
-34.4235	7.98253	10.1637	162.207	-52.1479	3.90009
-34.5926	8.17098	10.0988	475.848	-64.9166	3.90199
-34.7617	8.36185	10.1743	1103.13	75.5596	3.90199
-34.9332	8.55029	10.2882	1309.03	113.873	3.89437
-35.1048	8.73633	10.4478	645.836	159.634	3.89818
-35.2787	8.92236	10.5872	11.3724	139.414	3.89437
-35.4503	9.11323	10.6032	-122.703	15.9626	3.90199
-35.6242	9.30892	10.5628	-146.645	-40.4406	3.89437
-35.8006	9.49979	10.6021	-70.0304	39.3763	3.90009
-35.9745	9.69066	10.7469	-91.5782	144.735	3.90199
-36.1509	9.88394	10.8693	260.369	122.385	3.90199
-36.3273	10.0821	10.8533	717.662	-15.9626	3.90009
-36.5061	10.2657	10.7522	246.004	-101.101	3.89818
-36.6824	10.4686	10.7224	8.97825	-29.7995	3.90009
-36.8588	10.6667	10.799	605.134	76.6249	3.90009
-37.04	10.8648	10.9597	851.737	160.697	3.89818
-37.2212	11.0654	11.1672	205.303	207.524	3.89437
-37.4024	11.2683	11.3248	-493.804	157.506	3.89818
-37.5836	11.4664	11.3109	-508.169	-13.8359	3.90009
-37.7648	11.6694	11.2641	-153.827	-46.8254	3.89818
-37.9484	11.8796	11.2577	150.236	-6.38485	3.89818
-38.1296	12.0849	11.2556	595.558	-2.1286	3.89437
-38.3157	12.2879	11.2694	911.592	13.8359	3.89818
-38.4993	12.4957	11.3641	779.911	94.7151	3.90199
-38.6853	12.701	11.5089	-98.7608	144.734	3.90199
-38.8762	12.9136	11.5578	-1324.59	48.954	3.90199
-39.067	13.1287	11.6706	-1492.19	112.808	3.90009
-39.2555	13.3292	11.7611	-259.172	90.4589	3.90199
-39.4439	13.549	11.6579	566.827	-103.23	3.89818
-39.6348	13.7665	11.5685	260.369	-89.3946	3.89437
-39.8257	13.9839	11.6355	660.201	67.0462	3.89818
-40.0165	14.1965	11.7856	1385.64	150.056	3.89437
-40.2074	14.4116	11.8037	700.903	18.0922	3.89437
-40.3983	14.6338	11.7345	-108.338	-69.1748	3.90009
-40.5891	14.8561	11.7111	78.4101	-23.4127	3.89437
-40.7824	15.0784	11.7536	-481.833	42.5701	3.89818
-40.9757	15.2982	11.926	-1018.13	172.403	3.89437
-41.1666	15.5229	12.2751	327.407	349.066	3.89437
-41.3598	15.75	12.4273	648.23	152.184	3.89628
-41.558	15.9747	12.3326	-742.801	-94.7151	3.90009
-41.7537	16.1994	12.3006	-687.734	-31.9271	3.89818
-41.9494	16.4265	12.3826	-230.442	81.9454	3.90199
-42.1475	16.656	12.4124	-323.816	29.7985	3.90199
-42.3456	16.8904	12.3879	123.9	-24.477	3.89437
-42.5461	17.1223	12.4071	128.688	19.1565	3.90199
-42.7491	17.3494	12.4741	-268.749	67.0452	3.89818
-42.9496	17.5814	12.5082	-12.5696	34.0567	3.89818
-43.1525	17.8206	12.5199	392.051	11.7044	3.90009
-43.3555	18.0549	12.5114	303.465	-8.51345	3.90009
-43.5608	18.2869	12.5412	-386.065	29.7985	3.89818
-43.7662	18.5236	12.6188	-395.642	77.6882	3.89818
-43.974	18.7604	12.6614	303.465	42.5692	3.89818
-44.1793	19.0068	12.7668	916.381	105.359	3.90009
-44.3871	19.246	12.8721	1289.88	105.357	3.89628
-44.5925	19.4852	12.8913	1122.28	19.1565	3.90199
-44.8003	19.7292	12.8753	454.3	-15.9636	3.90199
-45.0104	19.9781	12.8913	-328.604	15.9636	3.90199
-45.2206	20.2245	12.9892	-603.937	97.909	3.90199
-45.4357	20.4685	13.0669	-120.309	77.6892	3.90199
-45.6434	20.7198	13.2329	152.63	166.018	3.90199
-45.8561	20.9686	13.3457	25.7377	112.808	3.90199
-46.0687	21.2247	13.2797	138.265	-65.9819	3.90199
-46.2837	21.476	13.2223	107.141	-57.4694	3.90199
-46.4987	21.7224	13.2467	-115.52	24.478	3.90199
-46.7137	21.9761	13.2382	-36.5116	-8.51345	3.89818
-46.9312	22.2346	13.2084	102.352	-29.7995	3.89818
-47.1535	22.4907	13.2755	-412.401	67.0481	3.90199
-47.3733	22.7396	13.4596	-852.934	184.111	3.90199
-47.5932	22.9957	13.6033	-536.9	143.67	3.89818
-47.8154	23.2518	13.6065	128.688	3.1929	3.90199
-48.0401	23.5151	13.5681	662.595	-38.3129	3.89818
-48.2672	23.7736	13.6458	456.694	77.6882	3.90199
-48.4968	24.0297	13.8193	-206.5	173.469	3.89818
-48.7263	24.2907	14.0194	-864.905	200.075	3.90199
-48.9558	24.5564	13.9768	83.1985	-42.5692	3.90199
-49.1877	24.8198	13.8374	1091.16	-139.414	3.90009
-49.4245	25.071	13.8384	327.407	1.06335	3.90199
-49.654	25.3465	13.9842	930.746	145.8	3.89818
-49.8908	25.6122	14.0779	1237.2	93.6527	3.89818
-50.1252	25.8828	13.9842	-259.172	-93.6527	3.90009
-50.3619	26.151	13.8991	-177.769	-85.1374	3.89818
-50.5987	26.4119	13.9183	873.285	19.1555	3.89818
-50.8379	26.6777	13.9119	66.4391	-6.38485	3.90009
-51.0795	26.9507	13.9725	-1683.72	60.6604	3.90009
-51.3211	27.214	14.1545	-1659.78	181.982	3.89818
-51.5627	27.4798	14.2269	-237.625	72.3677	3.89437
-51.8067	27.7456	14.1481	566.827	-78.7516	3.90009
-52.0507	28.0138	14.0641	715.268	-84.074	3.90199
-52.2948	28.2843	14.0726	1072	8.51345	3.90009
-52.5388	28.5549	14.1439	1179.74	71.3015	3.90009
-52.7852	28.8159	14.1513	174.178	7.45201	3.90199
-53.034	29.084	14.1343	-905.607	-17.0288	3.90199
-53.2829	29.3571	14.2088	-1245.58	74.4953	3.89437
-53.5318	29.6107	14.3078	-1006.16	98.9733	3.90199
-53.7782	29.8886	14.3365	181.361	28.7342	3.90009
-54.0295	30.1543	14.3642	973.842	27.6709	3.90009
-54.2783	30.4225	14.3386	485.424	-25.5413	3.90199
-54.5296	30.6907	14.2982	257.975	-40.4425	3.90009
-54.7808	30.9589	14.2514	-46.0884	-46.8245	3.90009
-55.0297	31.2222	14.2248	-395.642	-26.6056	3.90199
-55.2834	31.4856	14.1811	11.3724	-43.6335	3.89437
-55.5346	31.7562	14.1758	-108.338	-5.3215	3.90199
-55.7859	32.0195	14.1684	-455.497	-7.4501	3.89818
-56.0396	32.278	14.13	-170.587	-38.311	3.90199
-56.2908	32.539	14.0673	143.054	-62.789	3.90009
-56.5445	32.7999	14.013	224.456	-54.2765	3.89818
-56.7982	33.0681	14.0289	-177.769	15.9645	3.90199
-57.0495	33.329	14.0619	-175.375	32.9914	3.90199
-57.3032	33.5851	14.1545	612.317	92.5856	3.90009
-57.5544	33.846	14.1865	1024.12	31.9271	3.90199
-57.8081	34.0973	14.0556	466.271	-130.9	3.90009
-58.0666	34.3679	13.9364	-67.6362	-119.192	3.90009
-58.3131	34.624	13.9151	-462.68	-21.2851	3.89818
-58.5667	34.8801	13.9725	-1075.6	57.4684	3.90009
-58.818	35.141	14.0673	-850.54	94.717	3.89628
-59.0669	35.4068	14.0066	1613.09	-60.6623	3.89818
-59.3181	35.6629	13.9906	2491.77	-15.9626	3.89818
-59.567	35.9166	13.9725	322.619	-18.0922	3.89818
-59.8158	36.1726	13.8544	-12.5696	-118.129	3.90199
-60.0623	36.436	13.7629	890.044	-91.5232	3.90009
-60.3087	36.6945	13.7331	617.105	-29.7985	3.89818
-60.5527	36.9458	13.6852	-43.6942	-47.8897	3.89818
-60.7967	37.2019	13.6863	-472.256	1.06335	3.90009
-61.0407	37.458	13.7501	-733.224	63.8542	3.90199
-61.2823	37.7165	13.815	-481.833	64.9176	3.90199
-61.5239	37.975	13.7927	59.2565	-22.3494	3.90199
-61.7631	38.2239	13.7735	523.732	-19.1555	3.90009
-61.9999	38.4872	13.781	763.152	7.44915	3.90009
-62.2391	38.7505	13.7757	509.366	-5.32055	3.90199
-62.4759	39.0066	13.8267	-19.7522	51.0817	3.89818
-62.7126	39.2579	13.8842	-378.882	57.4684	3.90199
-62.947	39.5164	13.9012	-369.306	17.0288	3.89818
-63.1838	39.7725	13.8491	-91.5782	-52.1469	3.90009
-63.4181	40.0334	13.8225	-17.358	-26.6066	3.89818
-63.6525	40.292	13.8917	226.851	69.1748	3.89818
-63.8868	40.5432	13.9991	526.126	107.487	3.89818
-64.1188	40.7993	14.0055	155.025	6.38485	3.90199
-64.3507	41.0627	13.8895	-43.6942	-115.999	3.89818
-64.5826	41.3164	13.7852	234.033	-104.295	3.90009
-64.8146	41.5652	13.7416	241.216	-43.6335	3.89818
-65.0441	41.8213	13.6841	305.859	-57.4675	3.90009
-65.2784	42.0726	13.6245	-65.242	-59.5961	3.90199
-65.5104	42.319	13.7161	-1113.9	91.5232	3.90199
-65.7375	42.5848	13.7597	-709.282	43.6325	3.89437
-65.967	42.8312	13.6958	550.068	-63.8533	3.89818
-66.1965	43.0801	13.6331	641.047	-62.789	3.89437
-66.426	43.3386	13.6682	712.874	35.12	3.89437
-66.6556	43.585	13.7086	1124.68	40.4386	3.90009
-66.8851	43.8314	13.7544	-70.0304	45.763	3.90199
-67.1146	44.0803	13.7927	-1683.72	38.311	3.90009
-67.3417	44.3291	13.7959	-1030.11	3.1929	3.89818
-67.5712	44.5804	13.7363	437.54	-59.5961	3.89437
-67.7984	44.8292	13.6597	490.213	-76.6249	3.89818
-68.0279	45.0733	13.6767	301.071	17.0288	3.89818
-68.2598	45.3221	13.8831	346.561	206.459	3.89628
-68.4893	45.5734	14.0939	-263.961	210.716	3.90009
-68.7189	45.8174	13.9693	135.871	-124.515	3.90199
-68.9484	46.0638	13.7778	1208.47	-191.561	3.90009
-69.1827	46.3079	13.7331	844.555	-44.6968	3.90199
-69.4074	46.5567	13.698	327.407	-35.12	3.89818
-69.6345	46.808	13.6575	743.998	-40.4396	3.90199
-69.8616	47.052	13.6096	566.827	-47.8916	3.89437
-70.0887	47.2912	13.5362	-55.6652	-73.4301	3.89818
-70.3134	47.5352	13.4404	-223.259	-95.7804	3.90199
-70.5381	47.784	13.3989	-7.78117	-41.5058	3.89818
-70.7652	48.0232	13.4543	-153.827	55.3417	3.90199
-70.9923	48.2624	13.5969	-1037.29	142.605	3.89818
-71.2194	48.504	13.6533	-955.885	56.4032	3.90009
-71.4465	48.7456	13.6618	377.685	8.51345	3.89818
-71.6712	48.9945	13.7203	1823.78	58.5346	3.89628
-71.8983	49.2361	13.7895	1943.49	69.1729	3.90009
-72.1254	49.4728	13.8949	913.987	105.359	3.90009
-72.3525	49.7144	13.8778	-139.462	-17.0279	3.90199
-72.5821	49.9633	13.8108	-965.462	-67.0462	3.90199
-72.8092	50.2025	13.8831	-1049.26	72.3677	3.90009
-73.0387	50.4368	13.9683	-455.497	85.1374	3.90009
-73.2682	50.6881	13.9555	-180.164	-12.7707	3.90009
-73.4977	50.9297	13.9161	-230.442	-39.3763	3.89437
-73.7273	51.1786	13.8842	190.938	-31.9271	3.90009
-73.9592	51.4226	13.8736	502.184	-10.6421	3.90199
-74.1887	51.6618	13.9204	461.482	46.8264	3.90199
-74.4207	51.9034	13.9332	511.761	12.7716	3.90199
-74.655	52.1522	13.9651	99.9579	31.9252	3.90009
-74.8894	52.3962	14.0683	-931.943	103.23	3.89437
-75.1213	52.6378	14.1332	-448.314	64.9176	3.90009
-75.3557	52.8843	14.1066	1565.21	-26.6047	3.89628
-75.59	53.1307	14.1269	2158.97	20.2198	3.90199
-75.8244	53.3795	14.1247	858.92	-2.12955	3.89818
-76.0611	53.6356	14.0726	372.897	-52.146	3.90009
-76.2955	53.8821	14.1194	404.022	46.8254	3.89818
-76.5323	54.1309	14.246	-618.303	126.644	3.90009
-76.7666	54.3919	14.3887	-608.726	142.605	3.89818
-77.001	54.6455	14.4642	700.903	75.5606	3.90199
-77.2353	54.8992	14.4153	763.152	-48.955	3.90009
-77.4721	55.1553	14.3961	107.141	-19.1565	3.90199
-77.7089	55.4138	14.395	-115.52	-1.06335	3.89818
-77.9456	55.6772	14.5185	-1463.46	123.449	3.90009
-78.1776	55.9381	14.5227	-726.042	4.25816	3.89818
-78.4143	56.1942	14.3887	1287.48	-134.093	3.89818
-78.6535	56.4551	14.3248	696.114	-63.8523	3.90199
-78.8903	56.7209	14.3695	-48.4826	44.6968	3.89818
-79.1271	56.9842	14.4397	6.58404	70.2381	3.90009
-79.3662	57.2476	14.5089	542.885	69.1757	3.90199
-79.603	57.5109	14.5813	863.708	72.3658	3.90009
-79.8422	57.7791	14.5696	265.158	-11.7064	3.90199
-80.0838	58.0497	14.6207	-366.911	51.0836	3.90199
-80.3254	58.3082	14.8431	-1027.71	222.424	3.90199
-80.5622	58.5861	14.9665	-563.236	123.449	3.90199
-80.8038	58.8591	15.0506	712.874	84.074	3.90199
-81.0454	59.1369	15.0676	523.732	17.0288	3.89437
-81.287	59.4123	15.0272	35.3145	-40.4406	3.90199
-81.5286	59.6829	15.0623	226.851	35.1191	3.90009
-81.7702	59.9584	15.1262	217.274	63.8523	3.89818
-82.0142	60.2362	15.1272	42.4971	1.06525	3.89818
-82.2582	60.5213	15.1059	279.523	-21.2841	3.90199
-82.5047	60.7991	15.1538	-93.9724	47.8897	3.90009
-82.7487	61.0746	15.1953	-551.265	41.5058	3.90199
-82.9951	61.3548	15.1911	-120.309	-4.25911	3.90199
-83.2415	61.6423	15.1368	435.146	-54.2755	3.90199
-83.4904	61.9178	15.0591	243.61	-77.6882	3.90199
-83.732	62.2029	15.0208	-127.491	-38.311	3.90199
-83.9784	62.4879	15.0602	593.163	39.3763	3.90199
-84.2249	62.7682	15.1613	1273.12	101.101	3.89818
-84.4713	63.0557	15.1592	466.271	-2.1286	3.90009
-84.7177	63.3456	15.0974	-230.442	-61.7247	3.89818
-84.9642	63.6259	15.107	454.3	9.57775	3.90199
-85.2106	63.9158	15.2581	954.688	151.12	3.89818
-85.4595	64.2081	15.4582	444.723	200.075	3.90009
-85.7107	64.4957	15.4806	-922.366	22.3484	3.89818
-85.9596	64.7783	15.4508	-1267.13	-29.7985	3.90009
-86.2084	65.0683	15.5029	-182.558	52.1469	3.90199
-86.4621	65.3558	15.4933	308.253	-9.5787	3.90199
-86.711	65.6505	15.422	272.34	-71.3024	3.90199
-86.9671	65.938	15.3933	384.868	-28.7342	3.90009
-87.2183	66.2279	15.4029	303.465	9.5768	3.90199
-87.4744	66.5179	15.5476	-1262.34	144.736	3.89818
-87.7281	66.815	15.6083	-838.569	60.6594	3.90199
-87.9818	67.1025	15.5018	1043.27	-106.421	3.89818
-88.2379	67.3876	15.4476	542.885	-54.2765	3.89628
-88.494	67.6751	15.4252	-86.7898	-22.3484	3.89818
-88.7501	67.9651	15.356	190.938	-69.1757	3.90009
-89.0086	68.2598	15.3103	243.61	-45.7621	3.89437
-89.2671	68.5497	15.3731	241.216	62.7909	3.89628
-89.5232	68.8324	15.4699	451.906	96.8437	3.90199
-89.7817	69.1199	15.4667	99.9579	-3.19195	3.89818
-90.0451	69.4122	15.4231	-649.427	-43.6335	3.90199
-90.3036	69.6998	15.4912	-1508.95	68.1105	3.90199
-90.5693	69.9848	15.5412	-1137.84	50.0183	3.90199
-90.8327	70.2579	15.5625	-515.352	21.2841	3.90199
-91.096	70.5526	15.5433	-316.633	-19.1555	3.90199
-91.3594	70.8425	15.4763	404.022	-67.0471	3.89818
-91.6275	71.1276	15.438	526.126	-38.312	3.89818
-91.8933	71.4079	15.4273	190.938	-10.6421	3.89437
-92.1615	71.6906	15.3763	104.746	-51.0826	3.90009
-92.4297	71.9829	15.3103	-163.404	-65.9828	3.89818
-92.6979	72.268	15.3997	-14.9638	89.3946	3.89437
-92.966	72.5458	15.5827	988.207	183.047	3.90009
-93.2342	72.8309	15.5785	629.076	-4.2572	3.89437
-93.5048	73.1184	15.471	-362.123	-107.486	3.89056
-93.773	73.4083	15.4593	-280.72	-11.7064	3.89437
-94.0412	73.6983	15.5167	202.909	57.4675	3.90009
-94.3118	73.9785	15.6689	911.592	152.184	3.90199
-94.5799	74.2636	15.6796	782.305	10.643	3.90009
-94.8505	74.5584	15.5231	-158.616	-156.442	3.90009
-95.1211	74.8314	15.4508	-273.538	-72.3667	3.90199
-95.3917	75.1261	15.4316	135.871	-19.1555	3.90009
-95.6623	75.4136	15.4061	-247.201	-25.5432	3.90199
-95.9329	75.7011	15.4273	-979.827	21.2851	3.89818
-96.2035	75.9911	15.4199	-448.314	-7.44915	3.89818
-96.4765	76.2762	15.323	562.039	-96.8447	3.89628
-96.7495	76.5564	15.24	495.001	-83.0097	3.89628
-97.0249	76.8391	15.2613	-297.48	21.2841	3.89818
-97.298	77.1266	15.4263	-1554.44	164.955	3.90009
-97.5685	77.4117	15.3975	-82.0014	-28.7342	3.89818
-97.8416	77.6895	15.2549	2266.71	-142.605	3.90199
-98.1122	77.9722	15.2007	1467.05	-54.2755	3.90009
-98.3827	78.2549	15.1485	260.369	-52.1469	3.90199
-98.6509	78.5448	15.0368	317.83	-111.745	3.90199
-98.9167	78.8275	14.9761	827.795	-60.6604	3.91724
-99.1824	79.1053	14.9718	854.131	-4.25816	3.90199
-99.4482	79.3759	14.941	246.004	-30.8619	3.90199
-99.7091	79.6683	14.8569	-242.413	-84.074	3.90199
-99.9725	79.9461	14.7888	-79.6072	-68.1095	3.90199
-100.233	80.2215	14.8292	-582.39	40.4406	3.90009
-100.497	80.4969	14.8835	-1353.32	54.2746	3.90199
-100.758	80.7724	14.875	-934.337	-8.51345	3.89437
-101.016	81.0526	14.8697	-357.335	-5.32055	3.89437
-101.275	81.3256	14.8048	95.1695	-64.9176	3.90199
-101.533	81.5938	14.693	322.619	-111.744	3.90199
-101.792	81.8668	14.6568	724.845	-36.1843	3.90199
-102.048	82.1423	14.7516	1541.27	94.7151	3.89818
-102.304	82.4129	14.8867	976.236	135.158	3.89437
-102.558	82.6786	14.8707	-213.683	-15.9636	3.90199
-102.811	82.9468	14.7622	-137.068	-108.55	3.90009
-103.065	83.215	14.6781	559.645	-84.074	3.90199
-103.316	83.4856	14.6324	636.259	-45.7621	3.90009
-103.568	83.7441	14.5951	92.7753	-37.2477	3.90199
-103.816	84.0195	14.6196	-165.798	24.477	3.90009
-104.063	84.2829	14.6387	-479.439	19.1565	3.90009
-104.307	84.5559	14.6079	-254.384	-30.8638	3.89818
-104.553	84.8216	14.527	530.914	-80.8802	3.89818
-104.795	85.0801	14.4429	222.062	-84.074	3.90199
-105.039	85.3435	14.3642	-338.181	-78.7516	3.90199
-105.28	85.6068	14.4078	-366.911	43.6325	3.89818
-105.522	85.8726	14.5685	-359.729	160.698	3.89437
-105.764	86.1311	14.6089	-584.784	40.4406	3.89818
-106.003	86.392	14.56	-184.952	-48.954	3.89818
-106.242	86.653	14.5323	722.45	-27.6709	3.90199
-106.481	86.9212	14.5589	1134.25	26.6056	3.89818
-106.718	87.1772	14.6196	1062.43	60.6613	3.89818
-106.96	87.4358	14.6366	104.746	17.0288	3.90199
-107.201	87.6943	14.709	-1535.28	72.3658	3.90199
-107.433	87.9552	14.66	-584.784	-48.954	3.90199
-107.67	88.221	14.5643	1265.93	-95.7804	3.90009
-107.907	88.4819	14.6175	976.236	53.2112	3.90009
-108.143	88.7356	14.7207	1033.7	103.231	3.89628
-108.378	88.9965	14.6685	1040.88	-52.1488	3.90009
-108.612	89.2623	14.544	305.859	-124.513	3.89818
-108.849	89.5208	14.5132	42.4971	-30.8638	3.90009
-109.083	89.7769	14.5696	92.7753	56.4032	3.90009
-109.32	90.0378	14.6387	-350.152	69.1757	3.89818
-109.557	90.2987	14.7377	-862.511	98.9723	3.90009
-109.791	90.5645	14.7845	-467.468	46.8264	3.90199
-110.028	90.8254	14.7228	207.697	-61.7247	3.90199
-110.265	91.0864	14.6249	566.827	-97.9099	3.90199
-110.504	91.3352	14.5738	624.288	-51.0826	3.90199
-110.738	91.6106	14.6121	272.34	38.3129	3.89818
-110.975	91.8716	14.6781	-153.827	65.9819	3.90199
-111.212	92.1301	14.6866	-120.309	8.51345	3.89818
-111.451	92.3959	14.6856	327.407	-1.06335	3.89437
-111.688	92.664	14.8537	767.94	168.148	3.90199
-111.927	92.9346	15.0793	1407.19	225.615	3.89818
-112.164	93.2028	15.1602	1318.61	80.8821	3.90009
-112.403	93.471	15.0591	56.8623	-101.103	3.90199
-112.64	93.744	15.008	-153.827	-51.0826	3.90009
-112.879	94.0218	15.0038	755.969	-4.2572	3.90199
-113.118	94.2924	14.958	593.163	-45.7611	3.90199
-113.357	94.5654	14.9314	-14.9638	-26.6047	3.90199
-113.596	94.8433	14.9942	-347.758	62.789	3.90199
-113.84	95.1187	15.0155	-654.216	21.2831	3.90199
-114.075	95.4014	14.9697	-149.039	-45.7611	3.90199
-114.314	95.6816	14.9176	439.935	-52.1469	3.90199
-114.553	95.9571	14.8888	272.34	-28.7333	3.90199
-114.795	96.2373	14.9389	-175.375	50.0183	3.90199
-115.034	96.5248	15.0368	-529.717	97.908	3.90199
-115.276	96.8027	15.1294	-781.108	92.5875	3.89818
-115.517	97.0829	15.1517	-414.795	22.3503	3.89818
-115.759	97.3656	15.1027	363.32	-48.9559	3.89628
-116	97.6483	15.074	566.827	-28.7342	3.90009
-116.244	97.9382	15.0942	178.967	20.2208	3.90009
-116.486	98.2209	15.2124	-474.651	118.129	3.90199
-116.728	98.506	15.2347	-213.683	22.3484	3.90199
-116.969	98.7959	15.1187	1227.63	-115.999	3.90199
-117.213	99.0761	15.107	1153.41	-11.7073	3.90199
-117.46	99.3781	15.189	308.253	81.9445	3.89818
-117.694	99.6681	15.2975	961.871	108.552	3.90199
-117.936	99.9604	15.2613	988.207	-36.1843	3.88293
-118.175	100.253	15.1868	-129.885	-74.4953	3.89818
-118.419	100.55	15.1081	-790.685	-78.7516	3.90009
-118.66	100.845	15.0953	-1152.21	-12.7716	3.89437
-118.904	101.135	15.3081	-1044.47	212.845	3.90009
-119.148	101.429	15.554	-436.343	245.836	3.89818
-119.39	101.734	15.6008	-369.306	46.8254	3.90199
-119.636	102.029	15.5423	-134.674	-58.5308	3.90199
-119.878	102.328	15.6295	1218.05	87.265	3.90199
-120.125	102.633	15.8669	2046.44	237.323	3.90199
-120.369	102.922	15.9254	674.566	58.5327	3.90199
-120.613	103.244	15.8477	-838.569	-77.6882	3.90199
-120.861	103.548	15.9052	-637.456	57.4675	3.90199
-121.108	103.848	16.0574	-285.509	152.184	3.89818
-121.357	104.155	16.1148	-558.448	57.4684	3.90199
-121.606	104.466	16.0946	-196.923	-20.2217	3.89818
-121.854	104.771	15.9531	-36.5116	-141.541	3.90009
-122.103	105.073	15.7062	-828.992	-246.901	3.89818
-122.352	105.377	15.6977	-62.8478	-8.5144	3.89818
-122.603	105.684	15.7392	1115.1	41.5058	3.89628
-122.855	105.991	15.6934	4.18984	-45.7621	3.90199
-123.103	106.295	15.7541	-955.885	60.6613	3.90199
-123.352	106.597	15.8009	-242.413	46.8245	3.90199
-123.604	106.906	15.7147	442.329	-86.2017	3.90199
-123.857	107.216	15.736	940.323	21.2851	3.90199
-124.104	107.523	15.9233	1481.41	187.304	3.90009
-124.355	107.825	16.0659	1182.14	142.607	3.90009
-124.609	108.134	16.0818	-192.135	15.9626	3.89818
-124.86	108.443	16.0967	-1338.96	14.8983	3.90009
-125.111	108.75	16.0818	-601.543	-14.8983	3.89818
-125.365	109.062	16.0148	157.419	-67.0452	3.90009
-125.621	109.361	15.9775	-333.393	-37.2477	3.90009
-125.877	109.668	16.0733	-675.763	95.7785	3.89246
-126.133	109.98	16.217	-1377.26	143.671	3.90009
-126.389	110.284	16.1201	-412.401	-96.8437	3.89818
-126.65	110.581	15.9392	1246.78	-180.919	3.90199
-126.911	110.883	15.9126	619.5	-26.6056	3.90199
-127.172	111.188	15.9786	-180.164	65.9828	3.90199
-127.433	111.492	15.9893	90.3811	10.6421	3.90009
-127.696	111.782	15.919	636.259	-70.2391	3.90009
-127.957	112.094	15.8477	633.865	-71.3024	3.90199
-128.221	112.396	15.7988	456.694	-48.9559	3.90199
-128.482	112.705	15.7594	530.914	-39.3744	3.90199
-128.745	113.004	15.7647	459.088	5.32055	3.90009
-129.006	113.302	15.803	451.906	38.311	3.89818
-129.272	113.599	15.7498	66.4391	-53.2112	3.90009
-129.537	113.901	15.7562	-1066.02	6.38485	3.89628
-129.803	114.205	15.8658	-1434.73	109.615	3.89437
-130.071	114.505	15.9893	-1006.16	123.451	3.89437
-130.339	114.797	16.0499	-455.497	60.6594	3.89818
-130.608	115.094	16.0957	-98.7608	45.7611	3.90199
-130.878	115.399	16.0499	-2.99276	-45.7611	3.89818
-131.151	115.698	15.9595	262.764	-90.4579	3.90199
-131.422	115.991	15.9435	499.79	-15.9626	3.90009
-131.695	116.288	15.9754	734.421	31.9252	3.90199
-131.968	116.585	15.9328	619.5	-42.5692	3.90009
-132.241	116.875	15.8339	90.3811	-98.9733	3.90199
-132.511	117.189	15.7881	298.677	-45.7611	3.90009
-132.784	117.481	15.819	767.94	30.8638	3.90199
-133.06	117.776	15.8796	566.827	60.6594	3.89437
-133.333	118.078	15.8764	-287.903	-3.19195	3.89437
-133.606	118.37	15.8594	-884.059	-17.0269	3.89818
-133.881	118.665	15.903	-766.743	43.6335	3.90009
-134.157	118.96	15.9626	-881.665	59.5961	3.89818
-134.435	119.255	15.9499	-1061.23	-12.7716	3.90199
-134.71	119.554	15.869	-489.016	-80.8811	3.90199
-134.988	119.844	15.7881	92.7753	-80.8811	3.89818
-135.266	120.132	15.704	6.58404	-84.074	3.90199
-135.544	120.422	15.6093	267.552	-94.7151	3.89628
-135.824	120.716	15.6168	521.337	7.4482	3.90199
-136.102	121.002	15.6519	178.967	35.12	3.90199
-136.379	121.284	15.5923	437.54	-59.5961	3.90199
-136.657	121.569	15.5072	705.691	-85.1374	3.90199
-136.938	121.857	15.4635	502.184	-43.6335	3.90009
-137.208	122.147	15.5561	1081.58	92.5875	3.89818
-137.484	122.437	15.737	1392.83	180.918	3.90199
-137.759	122.714	15.6987	155.025	-38.312	3.89818
-138.034	122.997	15.5274	-805.05	-171.341	3.90199
-138.31	123.285	15.4965	-687.734	-30.8619	3.89818
-138.583	123.565	15.4997	-560.842	3.1929	3.90009
-138.856	123.84	15.471	-235.23	-28.7342	3.89818
-139.129	124.118	15.4167	157.419	-54.2755	3.90009
-139.402	124.394	15.3816	-55.6652	-35.1191	3.90009
-139.673	124.674	15.3081	-565.63	-73.432	3.90009
-139.943	124.947	15.2571	-493.804	-51.0826	3.89437
-140.214	125.215	15.2709	339.378	13.835	3.89628
-140.482	125.486	15.2581	255.581	-12.7707	3.90199
-140.752	125.761	15.2273	-460.285	-30.8628	3.90199
-141.018	126.029	15.2113	-53.271	-15.9626	3.90199
-141.284	126.3	15.1751	511.761	-36.1843	3.90199
-141.552	126.566	15.1975	1170.17	22.3494	3.90009
-141.811	126.836	15.306	1763.93	108.55	3.90199
-142.072	127.109	15.3007	1110.31	-5.32055	3.90009
-142.333	127.377	15.2656	574.01	-35.12	3.89628
-142.593	127.641	15.2911	224.456	25.5413	3.90009
-142.854	127.909	15.3028	-599.149	11.7064	3.90199
-143.113	128.182	15.2581	-285.509	-44.6968	3.90009
-143.369	128.448	15.2145	269.946	-43.6325	3.89437
-143.628	128.709	15.1528	219.668	-61.7256	3.90009
-143.884	128.974	15.0804	336.984	-72.3677	3.89628
-144.14	129.24	15.0676	238.822	-12.7697	3.89818
-144.393	129.511	15.1411	-529.717	73.4301	3.89628
-144.647	129.777	15.1283	-410.007	-12.7707	3.89437
-144.901	130.035	15.0378	619.5	-90.4579	3.90199
-145.154	130.298	15.0176	708.085	-20.2217	3.90199
-145.411	130.569	15.1134	-484.227	95.7813	3.89818
-145.664	130.82	15.2603	-1192.91	146.863	3.90199
-145.913	131.096	15.273	87.9869	12.7697	3.90199
-146.167	131.364	15.3135	2235.59	40.4406	3.89818
-146.418	131.63	15.5072	3233.97	193.69	3.89818
-146.667	131.905	15.505	1850.12	-2.12955	3.90199
-146.918	132.178	15.3337	387.262	-171.339	3.90009
-147.167	132.446	15.2783	741.604	-55.3408	3.90009
-147.416	132.719	15.2783	1021.73	0	3.90009
-147.662	132.999	15.2507	473.453	-27.6699	3.89437
-147.911	133.272	15.2688	95.1695	18.0922	3.89437
-148.16	133.543	15.3401	-747.59	71.3024	3.90009
-148.409	133.816	15.2241	-2368.46	-116	3.90009
-148.655	134.094	15.1804	-1942.3	-43.6335	3.90199
-148.904	134.372	15.2624	413.598	81.9454	3.90199
-149.153	134.65	15.2815	739.21	19.1574	3.90199
-149.399	134.92	15.206	116.717	-75.5606	3.90199
-149.648	135.191	15.1432	614.711	-62.7899	3.90199
-149.895	135.483	15.1102	782.305	-32.9905	3.89818
-150.144	135.766	15.173	506.972	62.789	3.89628
-150.392	136.041	15.4316	846.949	258.608	3.90199
-150.641	136.324	15.5891	559.645	157.504	3.90199
-150.89	136.609	15.5827	140.659	-6.3858	3.90199
-151.137	136.899	15.4891	748.787	-93.6518	3.89818
-151.388	137.182	15.439	842.16	-50.0183	3.90199
-151.634	137.469	15.4497	370.503	10.6421	3.89818
-151.886	137.757	15.4401	310.648	-9.5787	3.89818
-152.134	138.051	15.4657	219.668	25.5432	3.89818
-152.383	138.341	15.4954	-41.3	29.7976	3.89628
-152.632	138.626	15.4763	320.224	-19.1565	3.89818
-152.881	138.919	15.4625	387.262	-13.834	3.89818
-153.132	139.209	15.4529	61.6507	-9.5787	3.90199
-153.383	139.506	15.5018	-48.4826	48.9559	3.90009
-153.635	139.798	15.6061	-469.862	104.293	3.90199
-153.886	140.083	15.6966	-699.705	90.4589	3.90199
-154.137	140.385	15.67	162.207	-26.6056	3.90199
-154.389	140.687	15.6114	892.439	-58.5327	3.90009
-154.64	140.982	15.6029	471.059	-8.51345	3.90009
-154.896	141.274	15.6146	52.0739	11.7064	3.89818
-155.15	141.572	15.7296	-309.451	114.938	3.89818
-155.401	141.866	15.77	-244.807	40.4406	3.89437
-155.657	142.171	15.6721	779.911	-97.909	3.89437
-155.913	142.468	15.6593	1213.26	-12.7716	3.89818
-156.167	142.763	15.7423	997.784	83.0097	3.89818
-156.42	143.06	15.7392	1081.58	-3.1929	3.89818
-156.676	143.369	15.72	1072	-19.1555	3.89437
-156.933	143.669	15.7796	523.732	59.5961	3.89818
-157.189	143.966	15.8743	-326.21	94.7151	3.90199
-157.445	144.265	16.001	-1271.92	126.643	3.90199
-157.703	144.56	16.0265	-728.436	25.5413	3.89818
-157.962	144.872	15.9956	133.477	-30.8609	3.90199
-158.215	145.181	16.0063	-41.3	10.6411	3.89818
-158.474	145.481	16.0446	107.141	38.311	3.90009
-158.732	145.787	16.0989	353.743	54.2755	3.89818
-158.991	146.099	16.1904	547.674	91.5241	3.89818
-159.254	146.404	16.3181	562.039	127.707	3.89818
-159.515	146.706	16.4235	-594.361	105.358	3.90199
-159.776	147.012	16.4479	-1384.45	24.477	3.89818
-160.04	147.317	16.4554	-395.642	7.4501	3.90009
-160.303	147.628	16.4117	229.245	-43.6344	3.89437
-160.566	147.935	16.3479	246.004	-63.8523	3.89818
-160.83	148.237	16.3266	368.109	-21.2841	3.90009
-161.095	148.544	16.3085	217.274	-18.0931	3.90009
-161.361	148.856	16.3266	-275.932	18.0931	3.90009
-161.627	149.16	16.4064	-941.52	79.8149	3.90199
-161.89	149.462	16.3841	-486.622	-22.3465	3.90199
-162.161	149.764	16.2947	727.239	-89.3955	3.90199
-162.422	150.071	16.2032	784.7	-91.5222	3.90199
-162.688	150.383	16.1531	387.262	-50.0202	3.90199
-162.953	150.687	16.1489	181.361	-4.2572	3.90199
-163.221	150.987	16.2372	-625.485	88.3312	3.89818
-163.485	151.291	16.3309	-931.943	93.6527	3.90009
-163.753	151.603	16.3724	480.636	41.5058	3.89818
-164.019	151.9	16.3607	1237.2	-11.7092	3.90009
-164.289	152.204	16.3032	-314.239	-57.4665	3.90009
-164.558	152.509	16.4533	-1291.07	150.055	3.90199
-164.826	152.811	16.5575	-620.697	104.294	3.90199
-165.094	153.118	16.4086	741.604	-148.993	3.90199
-165.364	153.422	16.2915	1222.84	-117.064	3.90199
-165.633	153.722	16.333	-79.6072	41.5058	3.90199
-165.908	154.026	16.3447	-716.465	11.7054	3.90199
-166.171	154.338	16.3192	18.5551	-25.5413	3.89818
-166.442	154.64	16.349	497.395	29.7985	3.90009
-166.713	154.937	16.3277	-36.5116	-21.2841	3.89246
-166.983	155.239	16.2819	-232.836	-45.7611	3.90009
-167.254	155.541	16.2638	-7.78117	-18.0931	3.89628
-167.524	155.848	16.2766	13.7666	12.7697	3.90199
-167.797	156.152	16.2766	408.81	0	3.90199
-168.073	156.447	16.2649	468.665	-11.7054	3.89818
-168.346	156.747	16.2713	-601.543	6.3858	3.90199
-168.624	157.053	16.3245	-1322.2	53.2093	3.89818
-168.899	157.353	16.4107	-814.627	86.2045	3.90199
-169.177	157.65	16.4298	-606.332	19.1555	3.90199
-169.457	157.942	16.316	166.996	-113.873	3.90199
-169.73	158.24	16.1797	890.044	-136.221	3.90009
-170.008	158.542	16.1212	159.813	-58.5327	3.89818
-170.286	158.839	16.0861	-517.746	-35.1181	3.89437
-170.566	159.126	16.0212	-498.593	-64.9166	3.90009
-170.844	159.419	15.9456	-55.6652	-75.5606	3.89437
-171.124	159.718	15.9084	-2.99276	-37.2477	3.89437
-171.405	160.008	15.9105	-448.314	2.12765	3.89246
-171.685	160.296	15.9456	-402.824	35.12	3.89818
-171.963	160.588	16.0744	600.346	128.77	3.89818
-172.243	160.876	16.201	1464.65	126.644	3.90009
-172.526	161.165	16.1755	834.978	-25.5432	3.90199
-172.806	161.453	16.0967	-857.723	-78.7525	3.90199
-173.086	161.738	16.0818	-1025.32	-14.8983	3.90199
-173.366	162.021	16.0488	315.436	-32.9914	3.90009
-173.654	162.308	15.9573	949.9	-91.5222	3.90009
-173.929	162.588	15.8807	495.001	-76.6249	3.90199
-174.214	162.859	15.8243	-594.361	-56.4032	3.89818
-174.495	163.135	15.6636	-2174.53	-160.699	3.89818
-174.777	163.412	15.5444	-1405.99	-119.192	3.90009
-175.058	163.688	15.5401	916.381	-4.2572	3.90009
-175.34	163.958	15.5199	933.14	-20.2208	3.90199
-175.62	164.224	15.438	-240.019	-81.9454	3.89628
-175.901	164.497	15.3933	-273.538	-44.6968	3.90009
-176.179	164.77	15.5125	1016.94	119.194	3.90009
-176.461	165.038	15.6072	1124.68	94.7151	3.90009
-176.742	165.302	15.6753	-314.239	68.1114	3.89437
-177.022	165.567	15.7583	-1061.23	83.0078	3.89818
-177.304	165.836	15.6998	-419.584	-58.5318	3.90199
-177.582	166.104	15.5572	415.993	-142.607	3.90199
-177.865	166.36	15.4869	574.01	-70.2391	3.90009
-178.143	166.633	15.5018	521.337	14.9012	3.90199
-178.423	166.901	15.5221	454.3	20.2188	3.90199
-178.701	167.172	15.5029	171.784	-19.1555	3.89628
-178.981	167.435	15.5061	-58.0594	3.1929	3.89818
-179.259	167.696	15.5529	-43.6942	46.8264	3.89818
-179.534	167.959	15.5423	166.996	-10.6421	3.89437
-179.81	168.225	15.4752	389.656	-67.0481	3.90199
-180.083	168.496	15.4635	511.761	-11.7054	3.90199
-180.356	168.761	15.555	851.737	91.5232	3.89628
-180.629	169.022	15.571	777.517	15.9626	3.89628
-180.902	169.288	15.505	-62.8478	-65.9819	3.89437
-181.173	169.561	15.504	-630.274	-1.06335	3.90199
-181.443	169.824	15.5008	-108.338	-3.1929	3.90199
-181.711	170.09	15.455	722.45	-45.7611	3.90199
-181.979	170.358	15.5157	1222.84	60.6604	3.90199
-182.252	170.624	15.5327	1196.5	17.0269	3.90199
-182.513	170.9	15.4901	246.004	-42.5692	3.90199
-182.782	171.17	15.5582	-496.198	68.1114	3.90009
-183.045	171.436	15.6178	-275.932	59.5961	3.89437
-183.308	171.707	15.5221	619.5	-95.7804	3.89437
-183.572	171.982	15.4135	1074.4	-108.55	3.90009
-183.835	172.253	15.3848	641.047	-28.7342	3.89818
-184.098	172.521	15.4486	-218.471	63.8523	3.89818
-184.357	172.794	15.5008	-1283.89	52.1479	3.89437
-184.618	173.069	15.388	-137.068	-112.807	3.89818
-184.879	173.349	15.3188	514.155	-69.1757	3.89437
-185.135	173.625	15.3603	636.259	41.5049	3.89437
-185.393	173.895	15.3497	1256.36	-10.6421	3.89818
-185.649	174.173	15.2954	1064.82	-54.2746	3.90199
-185.903	174.458	15.3199	995.389	24.476	3.90199
-186.159	174.734	15.2996	839.766	-20.2208	3.90199
-186.413	175.002	15.2198	839.766	-79.8159	3.90199
-186.667	175.292	15.2656	-177.769	45.7611	3.90199
-186.92	175.572	15.4316	-821.81	166.02	3.90009
-187.174	175.857	15.5072	-618.303	75.5596	3.89818
-187.428	176.14	15.4901	202.909	-17.0288	3.89818
-187.681	176.418	15.4923	394.445	2.1286	3.90009
-187.933	176.703	15.4923	234.033	0	3.89437
-188.184	176.993	15.4582	430.358	-34.0538	3.89818
-188.437	177.278	15.4454	80.8043	-12.7716	3.89437
-188.691	177.556	15.4784	-881.665	32.9905	3.90009
-188.945	177.843	15.5316	-594.361	53.2122	3.89818
-189.196	178.133	15.6444	1019.33	112.807	3.89437
-189.45	178.423	15.6615	1553.24	17.0279	3.90199
-189.703	178.713	15.5604	873.285	-101.102	3.90199
-189.955	179.001	15.5167	578.798	-43.6335	3.90199
-190.208	179.293	15.5412	827.795	24.478	3.90199
-190.462	179.58	15.6253	827.795	84.0731	3.90009
-190.718	179.887	15.8222	834.978	196.881	3.89818
-190.965	180.18	15.8349	-172.981	12.7716	3.90199
-191.216	180.479	15.7221	399.233	-112.808	3.89818
-191.47	180.776	15.7072	377.685	-14.8993	3.90199
-191.723	181.081	15.7775	-405.219	70.2391	3.90009
-191.977	181.38	15.8328	-493.804	55.3398	3.89818
-192.231	181.675	15.8679	-46.0884	35.12	3.89437
-192.484	181.977	15.8743	253.187	6.3839	3.90009
-192.738	182.284	15.8222	574.01	-52.1469	3.89818
-192.992	182.586	15.7775	487.819	-44.6968	3.90199
-193.248	182.883	15.7711	-371.7	-6.38485	3.90199
-193.504	183.185	15.8488	-1262.34	77.6892	3.90199
-193.76	183.482	16.0063	-512.958	157.504	3.90199
-194.018	183.794	15.9946	-512.958	-11.7064	3.90199
-194.27	184.103	15.8796	1004.97	-114.937	3.90009
-194.526	184.403	15.8424	274.735	-37.2477	3.90199
-194.782	184.707	15.8158	413.598	-26.6047	3.90009
-195.036	185.016	15.7636	401.627	-52.1469	3.89437
-195.292	185.321	15.7455	-41.3	-18.0922	3.90009
-195.545	185.62	15.7551	49.6797	9.5768	3.89818
-195.801	185.922	15.7477	176.572	-7.44915	3.89818
-196.058	186.227	15.7583	-649.427	10.6421	3.89818
-196.314	186.536	15.8818	-1470.64	123.451	3.89818
-196.572	186.838	15.9871	-963.068	105.359	3.90009
-196.828	187.135	15.9584	-127.491	-28.7361	3.90199
-197.087	187.437	15.9094	35.3145	-48.954	3.90199
-197.345	187.746	15.869	303.465	-40.4406	3.90199
-197.604	188.032	15.803	585.981	-65.9819	3.90009
-197.862	188.343	15.7753	195.726	-27.669	3.89818
-198.121	188.648	15.8403	-328.604	64.9166	3.90009
-198.382	188.95	16.0616	-524.929	221.357	3.90199
-198.643	189.261	16.3128	-58.0594	251.158	3.89437
-198.904	189.561	16.3947	863.708	81.9454	3.90199
-199.165	189.861	16.2755	609.923	-119.194	3.90009
-199.423	190.165	16.1787	123.9	-96.8437	3.89818
-199.684	190.477	16.167	566.827	-11.7054	3.89818
-199.945	190.779	16.1308	195.726	-36.1843	3.90199
-200.206	191.081	16.1297	-642.245	-1.0643	3.90009
-200.464	191.383	16.167	-500.987	37.2486	3.90199
-200.723	191.687	16.1744	8.97825	7.4501	3.90199
-200.984	191.994	16.1212	49.6797	-53.2131	3.90199
-201.247	192.286	16.0808	-314.239	-40.4396	3.90199
-201.506	192.6	16.1191	-728.436	38.3129	3.90009
-201.767	192.905	16.1904	-709.282	71.3024	3.90009
-202.028	193.216	16.1797	37.7087	-10.643	3.90199
-202.286	193.518	16.0755	696.114	-104.294	3.89818
-202.547	193.818	15.985	291.494	-90.4579	3.89818
-202.808	194.122	15.9648	-479.439	-20.2208	3.89818
-203.069	194.422	16.0286	-1688.51	63.8533	3.90009
-203.33	194.729	16.1372	-1379.66	108.549	3.89437
-203.588	195.036	16.1201	303.465	-17.025	3.90199
-203.849	195.328	16.0233	358.532	-96.8456	3.90199
-204.11	195.632	15.9861	-216.077	-37.2467	3.90199
-204.371	195.942	16.0137	284.311	27.668	3.90199
-204.634	196.227	16.0935	1218.05	79.8168	3.89818
-204.893	196.536	16.0882	487.819	-5.3215	3.90009
-205.156	196.836	15.9999	-740.407	-88.3284	3.90199
-205.417	197.135	15.9169	-912.789	-83.0097	3.90199
-205.681	197.442	15.8435	-1101.93	-73.432	3.89818
-205.944	197.742	15.9946	-754.772	151.12	3.89818
-206.207	198.034	16.2372	-151.433	242.642	3.89437
-206.473	198.333	16.2564	-761.955	19.1555	3.90009
-206.739	198.638	16.2074	-484.227	-48.954	3.89818
-207.005	198.937	16.1585	784.7	-48.954	3.89818
-207.27	199.23	16.1255	746.392	-32.9895	3.90009
-207.539	199.525	16.1712	-410.007	45.7611	3.90199
-207.809	199.815	16.1063	-1192.91	-64.9185	3.90199
-208.085	200.117	16.0744	-857.723	-31.9271	3.90009
-208.35	200.416	16.1106	8.97825	36.1843	3.90009
-208.621	200.704	16.1276	435.146	17.0269	3.90199
-208.894	200.994	16.0531	234.033	-74.4972	3.89818
-209.167	201.291	15.9658	138.265	-87.2631	3.89056
-209.442	201.576	15.9467	-50.8768	-19.1555	3.89818
-209.715	201.863	16.0095	-596.755	62.7861	3.89818
-209.991	202.148	16.0052	-591.966	-4.25529	3.89437
-210.266	202.436	15.9286	-96.3666	-76.6249	3.89818
-210.542	202.723	15.8509	-38.9058	-77.6873	3.90009
-210.817	203.008	15.7924	32.9203	-58.5327	3.89818
-211.092	203.286	15.7753	360.926	-17.0269	3.90199
-211.368	203.567	15.8605	269.946	85.1374	3.89818
-211.646	203.857	15.9924	305.859	131.965	3.90199
-211.921	204.132	15.9924	339.378	0	3.90199
-212.201	204.403	15.9137	-687.734	-78.7535	3.90199
-212.482	204.69	15.8977	-852.934	-15.9626	3.90199
-212.762	204.968	16.0414	-747.59	143.67	3.90009
-213.042	205.251	16.0755	-201.712	34.0538	3.90009
-213.322	205.526	15.936	794.276	-139.413	3.90009
-213.608	205.797	15.8381	506.972	-97.908	3.90009
-213.89	206.072	15.8381	135.871	0	3.90009
-214.173	206.35	15.8179	20.9493	-20.2208	3.89818
-214.456	206.62	15.7126	-182.558	-105.358	3.89246
-214.741	206.889	15.5721	-187.346	-140.477	3.89818
-215.023	207.162	15.5944	1105.52	22.3484	3.89818
-215.304	207.432	15.7275	1842.94	133.028	3.89818
-215.589	207.71	15.7626	655.413	35.1191	3.90009
-215.869	207.978	15.6423	-273.538	-120.256	3.90199
-216.154	208.246	15.5625	-5.38696	-79.8178	3.90199
-216.439	208.517	15.6434	205.303	80.8811	3.90199
-216.729	208.792	15.8626	16.1609	219.232	3.90199
-217.007	209.065	16.0244	47.2855	161.762	3.90009
-217.292	209.331	15.9211	52.0739	-103.231	3.90199
-217.575	209.604	15.8211	449.511	-100.037	3.89818
-217.86	209.875	15.7956	782.305	-25.5423	3.89437
-218.142	210.153	15.7668	650.624	-28.7323	3.89818
-218.425	210.423	15.7179	734.421	-48.955	3.90009
-218.705	210.691	15.6955	617.105	-22.3494	3.89818
-218.986	210.964	15.6923	25.7377	-3.1929	3.89818
-219.268	211.242	15.7019	-670.975	9.5787	3.89818
-219.549	211.518	15.7775	-1111.51	75.5596	3.89818
-219.826	211.786	15.803	-295.085	25.5413	3.90009
-220.107	212.061	15.7051	755.969	-97.908	3.90199
-220.385	212.334	15.6189	569.221	-86.2026	3.90199
-220.662	212.612	15.5848	454.3	-34.0548	3.90199
-220.938	212.89	15.5497	918.775	-35.1191	3.90199
-221.213	213.168	15.6093	1091.16	59.5961	3.90199
-221.486	213.436	15.7572	1105.52	147.927	3.90009
-221.757	213.731	15.7913	1151.01	34.0548	3.90009
-222.03	214.009	15.6987	176.572	-92.5875	3.89818
-222.305	214.286	15.7243	-1037.29	25.5423	3.90199
-222.576	214.567	15.9073	-1688.51	183.046	3.90009
-222.844	214.849	15.9658	-151.433	58.5327	3.89818
-223.115	215.139	15.8328	1677.74	-133.029	3.89818
-223.383	215.424	15.7668	899.621	-65.9809	3.90009
-223.651	215.705	15.7732	315.436	6.38485	3.90009
-223.919	215.99	15.7498	653.018	-23.4137	3.90009
-224.187	216.282	15.7051	703.297	-44.6968	3.89818
-224.451	216.57	15.671	624.288	-34.0567	3.90199
-224.716	216.852	15.6412	712.874	-29.7976	3.89818
-224.977	217.14	15.6114	650.624	-29.7985	3.90009
-225.241	217.43	15.5817	490.213	-29.7985	3.90199
-225.502	217.722	15.5508	641.047	-30.8609	3.89818
-225.763	218.019	15.5774	1136.65	26.6047	3.90199
-226.026	218.297	15.7924	858.92	214.973	3.90199
-226.282	218.599	15.9935	-457.891	201.138	3.90009
-226.541	218.901	15.985	-354.94	-8.51345	3.90199
-226.801	219.193	15.9509	813.43	-34.0557	3.90009
-227.06	219.486	15.9211	597.952	-29.7985	3.89437
-227.318	219.781	15.903	-263.961	-18.0902	3.90009
-227.577	220.08	15.9424	-412.401	39.3753	3.90199
-227.836	220.382	15.9669	-50.8768	24.477	3.89818
-228.094	220.679	15.903	506.972	-63.8523	3.90199
-228.353	220.972	15.8403	743.998	-62.7909	3.89818
-228.609	221.269	15.8051	516.549	-35.1181	3.89818
-228.867	221.573	15.7572	396.839	-47.8907	3.90199
-229.126	221.87	15.7711	-266.355	13.835	3.90199
-229.384	222.163	15.8424	-627.879	71.3024	3.90199
-229.64	222.46	15.8211	162.207	-21.2841	3.90009
-229.899	222.757	15.7519	585.981	-69.1757	3.90199
-230.157	223.061	15.7306	322.619	-21.2831	3.90199
-230.416	223.344	15.7253	190.938	-5.3215	3.90199
-230.672	223.651	15.7306	-41.3	5.3215	3.90199
-230.93	223.946	15.7934	-165.798	62.788	3.89818
-231.187	224.25	15.7956	655.413	2.1286	3.89818
-231.445	224.547	15.7104	1711.26	-85.1374	3.89437
-231.701	224.84	15.6625	1155.8	-47.8907	3.89437
-231.962	225.137	15.7275	-960.673	64.9185	3.89437
-232.216	225.436	15.9169	-1516.13	189.432	3.89437
-232.472	225.741	15.9243	353.743	7.44915	3.89818
-232.728	226.043	15.7881	1474.23	-136.221	3.90009
-232.984	226.338	15.8317	772.729	43.6335	3.90009
-233.238	226.637	15.8999	466.271	68.1114	3.89818
-233.494	226.944	15.819	334.59	-80.8811	3.89818
-233.747	227.244	15.7604	-22.1464	-58.5327	3.90199
-234.001	227.538	15.7658	126.294	5.32055	3.90199
-234.257	227.843	15.7466	404.022	-19.1565	3.90199
-234.511	228.133	15.7849	753.575	38.312	3.90199
-234.765	228.449	15.8456	-29.329	60.6613	3.90009
-235.021	228.751	15.9456	-1279.1	100.038	3.90199
-235.277	229.046	16.018	-812.233	72.3658	3.90009
-235.535	229.348	16.0467	-702.1	28.7342	3.90199
-235.791	229.652	16.0361	-579.995	-10.6411	3.89818
-236.048	229.95	15.9477	475.848	-88.3303	3.90009
-236.306	230.247	15.8722	317.83	-75.5606	3.90009
-236.562	230.546	15.8254	-158.616	-46.8264	3.90009
-236.823	230.843	15.7849	-137.068	-40.4406	3.90199
-237.084	231.15	15.803	-443.526	18.0922	3.89437
-237.345	231.447	15.8541	-421.978	51.0836	3.89437
-237.608	231.742	15.9371	198.12	83.0097	3.90009
-237.869	232.039	15.9967	241.216	59.5961	3.90199
-238.133	232.341	15.9818	-520.14	-14.8983	3.90199
-238.398	232.641	16.0435	-898.424	61.7247	3.90199
-238.662	232.936	16.2383	-240.019	194.752	3.90199
-238.93	233.23	16.3053	387.262	67.0452	3.90009
-239.191	233.528	16.1595	-22.1464	-145.798	3.90199
-239.457	233.83	16.1052	-512.958	-54.2755	3.90199
-239.722	234.129	16.1233	11.3724	18.0912	3.90009
-239.988	234.422	16.0786	430.358	-44.6968	3.89818
-240.254	234.719	16.0148	432.752	-63.8523	3.90009
-240.52	235.021	15.9733	684.143	-41.5058	3.90199
-240.785	235.316	15.9169	878.073	-56.4032	3.89818
-241.051	235.605	15.885	138.265	-31.9281	3.89818
-241.319	235.9	15.9414	-946.308	56.4051	3.89437
-241.585	236.195	16.1553	-1523.31	213.91	3.89818
-241.848	236.495	16.1489	87.9869	-6.38771	3.89818
-242.114	236.794	15.9169	1522.11	-231.999	3.90199
-242.378	237.084	15.8158	274.735	-101.101	3.90199
-242.643	237.379	15.8722	-479.439	56.4032	3.90199
-242.907	237.683	15.9265	18.5551	54.2755	3.90199
-243.172	237.963	16.0063	906.804	79.8168	3.90199
-243.431	238.27	16.0201	751.181	13.834	3.90199
-243.692	238.565	15.9148	492.607	-105.358	3.90199
-243.953	238.862	15.7487	811.036	-166.018	3.90199
-244.216	239.162	15.7402	-24.5406	-8.5144	3.90199
-244.475	239.454	15.7775	-723.647	37.2477	3.89818
-244.736	239.744	15.7445	-280.72	-32.9914	3.90009
-244.999	240.034	15.7104	-474.651	-34.0548	3.90199
-245.262	240.329	15.7211	-1688.51	10.643	3.89818
-245.528	240.616	15.8275	-2368.46	106.422	3.89818
-245.794	240.899	15.9882	-1990.18	160.698	3.89818
-246.062	241.184	16.0755	-984.615	87.265	3.89818
-246.33	241.469	16.0818	66.4391	6.3858	3.90199
-246.598	241.754	16.1116	360.926	29.7985	3.90199
-246.871	242.034	16.1074	40.1029	-4.25911	3.90199
-247.144	242.312	16.035	765.546	-72.3648	3.90199
-247.42	242.585	16.0031	1775.9	-31.9271	3.90199
-247.695	242.87	15.9637	1287.48	-39.3763	3.89818
-247.966	243.156	15.9084	336.984	-55.3389	3.89818
-248.241	243.428	15.9488	-390.853	40.4406	3.89818
-248.517	243.706	16.0148	-714.071	65.9819	3.89818
-248.792	243.982	16.0084	-491.41	-6.3858	3.90199
-249.07	244.264	15.969	-280.72	-39.3772	3.90009
-249.348	244.54	15.9605	-223.259	-8.5125	3.89818
-249.628	244.81	15.9733	-333.393	12.7697	3.90009
-249.906	245.081	15.9382	-189.74	-35.1181	3.89818
-250.186	245.361	15.8615	119.112	-76.6249	3.90009
-250.466	245.632	15.7977	18.5551	-63.8533	3.90009
-250.747	245.902	15.8222	325.013	24.476	3.90199
-251.029	246.171	15.9563	490.213	134.093	3.90199
-251.312	246.441	16.0041	-381.277	47.8897	3.90199
-251.595	246.712	15.9318	-405.219	-72.3677	3.90199
-251.877	246.975	15.9041	875.679	-27.669	3.90199
-252.158	247.255	16.0659	1857.3	161.762	3.90199
-252.443	247.524	16.1521	1265.93	86.2026	3.90009
-252.728	247.801	16.0286	-206.5	-123.451	3.89818
-253.013	248.07	15.9733	-460.285	-55.3398	3.89818
-253.298	248.338	16.0318	109.535	58.5327	3.89437
-253.585	248.608	16.0467	102.352	14.8983	3.90009
-253.875	248.879	16.0797	-659.004	32.9914	3.90009
-254.163	249.152	16.1244	-433.949	44.6968	3.89818
-254.45	249.42	16.051	746.392	-73.431	3.90199
-254.738	249.686	15.8637	348.955	-187.303	3.89818
-255.025	249.957	15.8317	-398.036	-31.9271	3.90199
-255.315	250.23	15.9179	-354.94	86.2017	3.90199
-255.608	250.493	15.9126	-323.816	-5.32055	3.90199
-255.893	250.764	15.8573	-67.6362	-55.3389	3.90199
-256.183	251.032	15.8701	35.3145	12.7707	3.90199
-256.47	251.302	15.8881	85.5927	18.0902	3.89818
-256.758	251.578	15.8126	621.894	-75.5587	3.90009
-257.045	251.848	15.7583	1234.81	-54.2765	3.89818
-257.333	252.117	15.8903	1534.08	131.965	3.89818
-257.62	252.387	15.9829	720.056	92.5875	3.89818
-257.905	252.67	15.9265	-654.216	-56.4041	3.90009
-258.193	252.94	15.9094	-553.659	-17.0279	3.89818
-258.478	253.211	15.9073	485.424	-2.12765	3.89818
-258.761	253.486	15.8413	765.546	-65.9819	3.90199
-259.046	253.762	15.7626	492.607	-78.7535	3.90199
-259.328	254.04	15.7455	298.677	-17.0269	3.90199
-259.611	254.313	15.7732	-247.201	27.6699	3.90199
-259.894	254.578	15.7615	-589.572	-11.7064	3.90199
-260.172	254.861	15.6317	155.025	-129.835	3.90199
-260.449	255.149	15.5848	1239.6	-46.8264	3.90009
-260.73	255.424	15.7221	1347.34	137.284	3.90009
-261.01	255.697	15.8594	-177.769	137.286	3.89818
-261.285	255.977	15.9573	-1130.66	97.908	3.89628
-261.561	256.26	15.9126	1021.73	-44.6978	3.90199
-261.836	256.55	15.9243	3030.46	11.7064	3.89818
-262.109	256.833	16.0904	1787.87	166.019	3.90009
-262.382	257.113	16.0563	11.3724	-34.0576	3.89818
-262.653	257.4	15.9148	102.352	-141.541	3.89437
-262.926	257.693	15.8892	698.508	-25.5403	3.89437
-263.196	257.983	15.8828	444.723	-6.3858	3.89818
-263.465	258.265	15.8296	157.419	-53.2103	3.90199
-263.733	258.558	15.8083	257.975	-21.2841	3.90199
-264.001	258.85	15.8307	145.448	22.3474	3.90199
-264.272	259.135	15.8967	-522.535	65.9828	3.90199
-264.537	259.444	15.9573	-587.178	60.6604	3.89818
-264.805	259.734	15.985	-287.903	27.6699	3.89818
-265.071	260.029	15.9477	-266.355	-37.2477	3.90199
-265.337	260.331	15.8764	368.109	-71.3034	3.90009
-265.605	260.628	15.9062	763.152	29.7976	3.90009
-265.871	260.918	15.9584	451.906	52.1469	3.90199
-266.137	261.215	15.9563	260.369	-2.12765	3.89818
-266.4	261.512	15.9307	480.636	-25.5413	3.89437
-266.661	261.817	15.8924	799.065	-38.311	3.89628
-266.924	262.116	15.8339	679.355	-58.5346	3.89437
-267.185	262.411	15.7721	387.262	-61.7237	3.89628
-267.449	262.708	15.7711	-89.184	-1.0643	3.90199
-267.71	263.013	15.8775	-910.395	106.421	3.90199
-267.968	263.312	15.8977	-529.717	20.2217	3.90199
-268.229	263.605	15.7732	748.787	-124.515	3.91343
-268.492	263.902	15.6902	720.056	-83.0097	3.90199
-268.746	264.201	15.687	205.303	-3.1929	3.90199
-269.004	264.503	15.6955	430.358	8.51345	3.90009
-269.263	264.808	15.8158	688.932	120.258	3.89818
-269.522	265.1	15.952	368.109	136.221	3.90009
-269.778	265.397	15.8871	42.4971	-64.9185	3.90009
-270.036	265.702	15.7551	327.407	-131.965	3.89818
-270.297	265.999	15.7434	-378.882	-11.7054	3.90009
-270.558	266.294	15.9563	-1736.39	212.845	3.90009
-270.814	266.591	16.1702	-149.039	213.907	3.90199
-271.073	266.888	16.0244	1799.84	-145.796	3.89818
-271.331	267.192	15.8317	169.39	-192.626	3.89818
-271.59	267.49	15.8232	-690.129	-8.51345	3.90199
-271.848	267.777	15.7902	554.856	-32.9914	3.90199
-272.109	268.074	15.6966	348.955	-93.6518	3.90009
-272.368	268.376	15.6412	-256.778	-55.3398	3.89818
-272.626	268.654	15.5806	255.581	-60.6604	3.90199
-272.882	268.959	15.504	310.648	-76.6239	3.90009
-273.141	269.249	15.4603	-22.1464	-43.6335	3.89818
-273.397	269.543	15.4518	265.158	-8.5144	3.90199
-273.653	269.84	15.5146	1210.87	62.7899	3.90199
-273.909	270.133	15.5785	1337.76	63.8523	3.90199
-274.168	270.418	15.5306	255.581	-47.8897	3.90199
-274.426	270.71	15.5348	-405.219	4.2572	3.90009
-274.685	271.01	15.6753	-745.195	140.479	3.90199
-274.943	271.302	15.7934	-946.308	118.127	3.90009
-275.199	271.59	15.8424	-414.795	48.955	3.90009
-275.458	271.884	15.8307	370.503	-11.7064	3.90199
-275.714	272.177	15.7615	301.071	-69.1738	3.90009
-275.97	272.479	15.6913	-132.28	-70.2391	3.90199
-276.228	272.769	15.6423	64.0449	-48.954	3.90199
-276.489	273.061	15.5955	61.6507	-46.8264	3.90199
-276.741	273.356	15.5508	-307.056	-44.6968	3.89628
-276.997	273.655	15.5348	-419.584	-15.9645	3.90199
-277.255	273.948	15.5976	-879.271	62.789	3.90199
-277.511	274.235	15.6785	-1008.56	80.8811	3.90009
-277.77	274.53	15.7328	-120.309	54.2755	3.89818
-278.026	274.822	15.7913	475.848	58.5327	3.90009
-278.282	275.122	15.7828	42.4971	-8.51345	3.90199
-278.541	275.414	15.7466	-625.485	-36.1843	3.89818
-278.799	275.702	15.7839	-951.097	37.2486	3.90009
-279.058	275.999	15.8839	-639.85	100.037	3.90199
-279.316	276.296	16.019	913.987	135.156	3.90199
-279.575	276.586	16.0329	1026.51	13.8359	3.90199
-279.835	276.878	15.9009	-831.387	-131.964	3.90199
-280.099	277.163	15.9105	-1403.6	9.57775	3.90199
-280.357	277.465	16.0872	-1121.08	176.661	3.90199
-280.621	277.763	16.0414	-189.74	-45.7611	3.90199
-280.884	278.055	15.8764	325.013	-164.955	3.89818
-281.145	278.342	15.8435	-259.172	-32.9914	3.90009
-281.408	278.632	15.8637	-232.836	20.2208	3.89818
-281.672	278.927	15.8062	229.245	-57.4684	3.90009
-281.933	279.215	15.6923	1213.26	-113.873	3.90009
-282.194	279.5	15.588	1804.63	-104.293	3.90009
-282.454	279.787	15.5423	724.845	-45.7611	3.90199
-282.718	280.075	15.6008	-927.155	58.5308	3.90199
-282.981	280.362	15.7839	-1896.81	183.047	3.90199
-283.242	280.647	15.9052	-1683.72	121.322	3.90199
-283.503	280.932	15.8945	-417.19	-10.6421	3.90199
-283.771	281.217	15.9552	447.117	60.6594	3.90199
-284.03	281.507	16.0467	454.3	91.5232	3.90009
-284.293	281.792	15.9967	59.2565	-50.0174	3.90199
-284.556	282.07	15.9073	-261.567	-89.3946	3.90199
-284.822	282.355	15.8956	-96.3666	-11.7073	3.89818
-285.088	282.636	15.9414	-321.422	45.7621	3.89818
-285.354	282.923	15.9914	-886.453	50.0183	3.90009
-285.622	283.203	15.9946	-661.398	3.1929	3.90199
-285.89	283.479	15.9871	119.112	-7.4482	3.89818
-286.158	283.759	15.9722	339.378	-14.9012	3.89628
-286.429	284.044	15.9126	-82.0014	-59.5961	3.90009
-286.699	284.322	15.9499	-544.082	37.2477	3.90199
-286.968	284.597	16.0116	-84.3956	61.7256	3.90199
-287.241	284.875	15.9658	574.01	-45.7611	3.90009
-287.511	285.143	15.9211	143.054	-44.6987	3.90199
-287.782	285.433	15.9211	-460.285	0	3.90009
-288.055	285.714	15.9403	-67.6362	19.1574	3.89818
-288.328	285.989	16.1063	609.923	166.018	3.90009
-288.601	286.262	16.2596	16.1609	153.248	3.89818
-288.874	286.547	16.1702	-807.445	-89.3955	3.89818
-289.152	286.825	16.0531	-860.117	-117.065	3.89818
-289.43	287.093	16.1031	-1319.8	50.0202	3.90009
-289.712	287.369	16.2287	-1315.02	125.578	3.90009
-289.99	287.642	16.2564	-79.6072	27.6699	3.90199
-290.273	287.919	16.1819	952.294	-74.4953	3.90199
-290.555	288.195	16.1308	1074.4	-51.0826	3.91534
-290.84	288.461	16.1074	818.218	-23.4146	3.90199
-291.126	288.743	16.0818	971.447	-25.5394	3.90199
-291.401	289.028	16.117	1299.45	35.12	3.90199
-291.686	289.304	16.1734	564.433	56.4022	3.90199
-291.971	289.577	16.2298	-498.593	56.4041	3.90199
-292.259	289.852	16.3415	-1073.2	111.744	3.90009
-292.544	290.13	16.3947	-697.311	53.2112	3.90009
-292.831	290.415	16.3745	475.848	-20.2198	3.90009
-293.119	290.695	16.3607	858.92	-13.8359	3.89818
-293.409	290.971	16.3117	143.054	-48.954	3.90009
-293.696	291.251	16.217	-117.914	-94.7151	3.89818
-293.986	291.539	16.1436	916.381	-73.4329	3.90199
-294.276	291.817	16.118	1208.47	-25.5413	3.90009
-294.564	292.097	16.1319	68.8333	13.8359	3.90199
-294.858	292.382	16.1414	-582.39	9.5787	3.90009
-295.141	292.667	16.1063	-134.674	-35.12	3.90199
-295.431	292.954	16.0414	310.648	-64.9166	3.89818
-295.716	293.24	15.9722	370.503	-69.1757	3.90009
-296.004	293.527	15.9595	430.358	-12.7697	3.89818
-296.291	293.812	16.001	1014.54	41.5039	3.89818
-296.576	294.105	16.0457	427.964	44.6968	3.90009
-296.861	294.392	16.0254	-170.587	-20.2198	3.90199
-297.144	294.675	15.9743	906.804	-51.0836	3.90009
-297.429	294.967	15.968	1629.85	-6.3839	3.90009
-297.712	295.255	16.1021	1536.48	134.091	3.89818
-297.994	295.549	16.2064	217.274	104.294	3.89818
-298.277	295.844	16.1829	-1075.6	-23.4127	3.90199
-298.557	296.134	16.151	-237.625	-31.9271	3.91534
-298.837	296.431	16.1276	940.323	-23.4127	3.89818
-299.12	296.726	16.084	755.969	-43.6325	3.90199
-299.396	297.025	16.0723	-122.703	-11.7073	3.89818
-299.676	297.315	16.2117	-891.242	139.414	3.89818
-299.954	297.61	16.3149	-285.509	103.23	3.89818
-300.232	297.91	16.2117	973.842	-103.23	3.90199
-300.509	298.214	16.0818	1079.19	-129.835	3.89628
-300.785	298.511	16.0403	574.01	-41.5039	3.90199
-301.06	298.806	15.9903	456.694	-50.0193	3.89818
-301.336	299.103	15.9148	518.943	-75.5606	3.89437
-301.606	299.41	15.8796	583.587	-35.1191	3.90009
-301.879	299.707	15.8669	660.201	-12.7697	3.89818
-302.15	300.004	15.8349	696.114	-31.9271	3.90009
-302.42	300.304	15.8307	305.859	-4.2572	3.90199
-302.689	300.604	15.9137	-395.642	83.0097	3.90199
-302.957	300.913	16.0137	-333.393	100.036	3.89818
-303.227	301.21	16.0978	20.9493	84.074	3.90009
-303.496	301.5	16.0595	241.216	-38.3129	3.90199
-303.761	301.807	15.9563	463.877	-103.228	3.90199
-304.027	302.116	15.8764	526.126	-79.8168	3.89818
-304.293	302.416	15.8211	538.097	-55.3398	3.89437
-304.559	302.713	15.7956	234.033	-25.5423	3.90199
-304.824	303.012	15.8317	-199.317	36.1843	3.90199
-305.09	303.312	15.8913	80.8043	59.597	3.90199
-305.351	303.616	16.0063	602.74	114.936	3.89437
-305.614	303.916	15.9595	696.114	-46.8254	3.89628
-305.875	304.211	15.82	423.175	-139.414	3.89818
-306.139	304.513	15.787	210.091	-32.9914	3.89246
-306.397	304.82	15.8307	423.175	43.6335	3.89246
-306.658	305.114	15.9254	964.265	94.717	3.89818
-306.919	305.411	15.9328	545.279	7.4482	3.89818
-307.18	305.711	15.8168	-441.132	-116	3.90199
-307.439	306.011	15.8158	-603.937	-1.06335	3.90199
-307.699	306.31	15.8924	-295.085	76.6249	3.89437
-307.96	306.595	15.8871	-158.616	-5.32246	3.90199
-308.216	306.902	15.8168	59.2565	-70.2391	3.90199
-308.477	307.199	15.7392	708.085	-77.6882	3.89437
-308.736	307.501	15.6679	583.587	-71.3043	3.89628
-308.997	307.796	15.6466	-342.969	-21.2831	3.89818
-309.258	308.086	15.7966	-1760.34	150.055	3.89818
-309.516	308.378	15.8179	-1049.26	21.2851	3.89818
-309.777	308.673	15.6689	995.389	-148.992	3.89628
-310.036	308.97	15.6572	890.044	-11.7073	3.89818
-310.294	309.265	15.7211	272.34	63.8552	3.89818
-310.553	309.553	15.7445	755.969	23.4117	3.89818
-310.814	309.845	15.7147	1079.19	-29.7985	3.89437
-311.07	310.144	15.6913	466.271	-23.4117	3.89246
-311.328	310.437	15.6381	229.245	-53.2122	3.89818
-311.584	310.722	15.5636	183.755	-74.4953	3.90199
-311.843	311.014	15.5306	11.3724	-32.9914	3.90199
-312.101	311.307	15.5561	-220.865	25.5423	3.90199
-312.362	311.587	15.6349	-1168.97	78.7535	3.90009
-312.618	311.891	15.7668	-1731.61	131.964	3.89818
-312.875	312.176	15.7679	-915.184	1.06335	3.89818
-313.135	312.464	15.6604	131.083	-107.488	3.90199
-313.394	312.759	15.5838	169.39	-76.623	3.89437
-313.655	313.046	15.5327	-72.4246	-51.0836	3.89628
-313.916	313.326	15.4795	140.659	-53.2112	3.89818
-314.174	313.614	15.4912	-125.097	11.7073	3.90199
-314.435	313.901	15.5593	-587.178	68.1095	3.89818
-314.694	314.194	15.6423	389.656	83.0107	3.89818
-314.955	314.484	15.7104	1323.4	68.1095	3.89437
-315.213	314.764	15.7977	1548.45	87.2669	3.89818
-315.477	315.051	15.787	765.546	-10.643	3.90009
-315.738	315.344	15.7232	-1336.56	-63.8523	3.90199
-315.996	315.626	15.7104	-1269.53	-12.7716	3.90199
-316.257	315.911	15.6998	195.726	-10.6421	3.90199
-316.518	316.189	15.654	284.311	-45.7611	3.90199
-316.779	316.484	15.6008	-161.01	-53.2122	3.90199
-317.04	316.769	15.5668	-520.14	-34.0548	3.89818
-317.301	317.057	15.471	-639.85	-95.7804	3.89628
-317.559	317.335	15.3709	-196.923	-100.037	3.89818
-317.818	317.62	15.3411	1100.73	-29.7985	3.89818
-318.076	317.907	15.3858	890.044	44.6968	3.89818
-318.335	318.19	15.4007	-608.726	14.8993	3.89437
-318.593	318.468	15.4571	-1324.59	56.4041	3.89818
-318.849	318.748	15.6114	-2002.15	154.312	3.89818
-319.108	319.031	15.5306	-618.303	-80.8811	3.89628
-319.364	319.318	15.4688	971.447	-61.7237	3.89818
-319.623	319.601	15.5827	583.587	113.871	3.89818
-319.879	319.876	15.6498	851.737	67.0471	3.90199
-320.135	320.159	15.6051	1045.67	-44.6968	3.90199
-320.391	320.432	15.5252	44.8913	-79.8178	3.90199
-320.652	320.724	15.4582	-350.152	-67.0452	3.89818
-320.903	321.002	15.4167	92.7753	-41.5058	3.89628
-321.157	321.277	15.3922	147.842	-24.477	3.90009
-321.413	321.558	15.3507	-175.375	-41.5058	3.90199
-321.669	321.838	15.3167	-151.433	-34.0548	3.89437
-321.925	322.113	15.2996	-120.309	-17.0279	3.90009
-322.181	322.382	15.3848	-1221.64	85.1393	3.90009
-322.437	322.657	15.4976	-1896.81	112.807	3.89437
-322.691	322.937	15.5327	-924.76	35.1191	3.90009
-322.949	323.21	15.5423	159.813	9.57966	3.89818
-323.208	323.476	15.5891	250.793	46.8245	3.89246
-323.466	323.747	15.5987	-290.297	9.5787	3.89818
-323.727	324.02	15.6402	-414.795	41.5049	3.89818
-323.991	324.293	15.8392	459.088	199.009	3.90199
-324.252	324.563	15.9978	1519.72	158.57	3.90199
-324.517	324.829	15.8999	796.671	-97.908	3.89628
-324.786	325.1	15.8179	-168.193	-81.9464	3.90009
-325.049	325.375	15.8647	183.755	46.8264	3.90199
-325.315	325.643	15.9382	-225.654	73.432	3.90009
-325.585	325.909	15.9712	-919.972	32.9905	3.90199
-325.853	326.175	15.9041	-601.543	-67.0462	3.90199
-326.124	326.438	15.7466	-307.056	-157.506	3.89818
-326.397	326.711	15.6061	-699.705	-140.477	3.89818
-326.67	326.977	15.6732	-381.277	67.0462	3.90009
-326.943	327.235	15.8083	449.511	135.158	3.89437
-327.216	327.501	15.7966	408.81	-11.7083	3.89628
-327.491	327.772	15.7189	535.703	-77.6882	3.89818
-327.767	328.04	15.7604	681.749	41.5058	3.89818
-328.045	328.303	16.0212	533.308	260.736	3.89818
-328.323	328.571	16.3564	-431.555	335.23	3.90009
-328.603	328.84	16.4075	-364.517	51.0826	3.90199
-328.883	329.113	16.2032	174.178	-204.33	3.90199
-329.171	329.381	16.1074	-323.816	-95.7832	3.90199
-329.448	329.654	16.1723	-141.856	64.9185	3.90199
-329.731	329.924	16.2181	-134.674	45.763	3.89818
-330.019	330.202	16.1925	-299.874	-25.5432	3.89818
-330.304	330.473	16.1531	-53.271	-39.3753	3.90009
-330.594	330.739	16.1244	351.349	-28.7342	3.89818
-330.881	331.012	16.0829	667.384	-41.5039	3.90009
-331.169	331.285	16.0446	815.824	-38.3129	3.90199
-331.459	331.562	15.9829	533.308	-61.7237	3.89818
-331.749	331.836	15.8977	73.6217	-85.1374	3.89818
-332.038	332.108	15.9052	303.465	7.44915	3.90009
-332.331	332.384	16.1372	789.488	231.998	3.89246
-332.626	332.664	16.3319	-153.827	194.754	3.89437
-332.918	332.937	16.3915	-1621.47	59.5989	3.90199
-333.213	333.215	16.3894	-953.491	-2.13051	3.90009
-333.51	333.5	16.4011	1416.77	11.7073	3.90199
-333.809	333.778	16.5405	2419.94	139.414	3.89818
-334.099	334.065	16.548	1060.03	7.4501	3.90009
-334.396	334.353	16.4266	-295.085	-121.323	3.89818
-334.694	334.636	16.4	-29.329	-26.6056	3.89437
-334.991	334.921	16.4107	571.616	10.643	3.90009
-335.288	335.216	16.3575	518.943	-53.2131	3.89818
-335.585	335.505	16.3117	547.674	-45.7611	3.89818
-335.882	335.791	16.2989	755.969	-12.7697	3.89437
-336.18	336.08	16.2617	732.027	-37.2486	3.90199
-336.477	336.375	16.2574	444.723	-4.2572	3.89818
-336.771	336.672	16.3468	-316.633	89.3955	3.89818
-337.066	336.967	16.3564	-240.019	9.5787	3.90199
-337.359	337.257	16.2915	653.018	-64.9185	3.89818
-337.656	337.552	16.2798	624.288	-11.7073	3.90009
-337.95	337.854	16.3532	-115.52	73.4329	3.90199
-338.248	338.144	16.4724	-1164.18	119.194	3.90199
-338.533	338.441	16.4181	109.535	-54.2755	3.90199
-338.825	338.738	16.2766	1742.38	-141.544	3.90199
-339.115	339.035	16.2021	736.816	-74.4953	3.89628
-339.402	339.335	16.1574	49.6797	-44.6968	3.89818
-339.69	339.637	16.1031	375.291	-54.2755	3.90199
-339.975	339.929	16.0339	423.175	-69.1738	3.89437
-340.26	340.226	15.9637	279.523	-70.2391	3.89437
-340.543	340.531	15.952	770.334	-11.7054	3.89437
-340.826	340.828	15.969	1088.76	17.0259	3.89818
-341.103	341.118	15.9456	684.143	-23.4117	3.90009
-341.384	341.413	15.8913	468.665	-54.2755	3.90199
-341.664	341.703	15.9382	303.465	46.8264	3.90199
-341.947	342.007	16.1042	-319.027	166.018	3.90199
-342.217	342.311	16.1861	-398.036	81.9454	3.90009
-342.49	342.601	16.0595	267.552	-126.644	3.90199
-342.766	342.898	15.9765	535.703	-83.0078	3.89818
-343.041	343.2	16.0052	13.7666	28.7342	3.89818
-343.314	343.498	16.1095	6.58404	104.294	3.90009
-343.585	343.788	16.1414	710.479	31.9271	3.89437
-343.855	344.082	16.0648	703.297	-76.6239	3.90199
-344.126	344.377	16.0063	351.349	-58.5327	3.89437
-344.394	344.677	15.9509	348.955	-55.3398	3.90009
-344.665	344.964	15.8722	404.022	-78.7525	3.90199
-344.93	345.257	15.852	37.7087	-20.2208	3.90199
-345.196	345.549	15.8381	-48.4826	-13.834	3.90199
-345.462	345.846	15.7807	427.964	-57.4684	3.90199
-345.728	346.121	15.7232	370.503	-57.4675	3.89437
-345.991	346.421	15.6785	37.7087	-44.6987	3.90199
-346.254	346.711	15.653	-156.222	-25.5403	3.90009
-346.515	346.998	15.6583	-319.027	5.32055	3.89437
-346.776	347.293	15.6253	-223.259	-32.9914	3.89818
-347.037	347.581	15.5274	332.195	-97.909	3.89818
-347.298	347.866	15.4837	669.778	-43.6335	3.89437
-347.559	348.153	15.6647	28.1319	180.92	3.90009
-347.817	348.448	15.9861	-455.497	321.396	3.89818
-348.076	348.733	15.9935	394.445	7.44915	3.89818
-348.337	349.016	15.77	935.534	-223.486	3.89818
-348.598	349.303	15.6913	56.8623	-78.7535	3.90199
-348.856	349.591	15.6998	-338.181	8.51345	3.90199
-349.115	349.878	15.6498	243.61	-50.0183	3.90199
-349.376	350.168	15.5817	286.706	-68.1114	3.90199
-349.634	350.451	15.5465	-74.8188	-35.1181	3.90199
-349.895	350.726	15.5008	18.5551	-45.7621	3.90199
-350.151	351.026	15.4603	195.726	-40.4406	3.90199
-350.407	351.313	15.4305	281.917	-29.7985	3.90199
-350.664	351.594	15.3741	590.769	-56.4032	3.89437
-350.922	351.879	15.306	734.421	-68.1114	3.89818
-351.181	352.164	15.3007	437.54	-5.32055	3.90199
-351.437	352.454	15.421	-745.195	120.256	3.90009
-351.695	352.739	15.5433	-1575.98	122.387	3.89818
-351.951	353.022	15.5625	-678.158	19.1555	3.89818
-352.21	353.309	15.704	1213.26	141.541	3.89818
-352.471	353.601	15.819	1476.62	114.938	3.90199
-352.729	353.889	15.7232	-326.21	-95.7804	3.89818
-352.988	354.169	15.6561	-1025.32	-67.0471	3.90009
-353.246	354.457	15.6583	44.8913	2.1286	3.90199
-353.51	354.735	15.5976	559.645	-60.6613	3.90199
-353.773	355.032	15.537	-17.358	-60.6604	3.90009
-354.029	355.324	15.5199	-129.885	-17.0279	3.90199
-354.29	355.604	15.5923	-603.937	72.3677	3.90199
-354.549	355.892	15.6327	-1307.83	40.4406	3.89818
-354.809	356.184	15.5529	-354.94	-79.8159	3.89818
-355.07	356.467	15.4731	547.674	-79.8178	3.90009
-355.331	356.752	15.4252	42.4971	-47.8897	3.89818
-355.592	357.037	15.4114	-412.401	-13.835	3.89818
-355.856	357.32	15.4518	-682.946	40.4396	3.90199
-356.117	357.61	15.4997	-879.271	47.8907	3.90009
-356.377	357.895	15.5252	-192.135	25.5413	3.89628
-356.638	358.175	15.5827	1024.12	57.4675	3.89818
-356.904	358.458	15.6902	1273.12	107.488	3.89818
-357.167	358.745	15.8254	-474.651	135.156	3.89628
-357.428	359.028	15.8392	-2203.26	13.835	3.90199
-357.692	359.308	15.6849	-474.651	-154.312	3.89818
-357.957	359.586	15.6359	1048.06	-48.954	3.90199
-358.216	359.869	15.654	-187.346	18.0922	3.90199
-358.479	360.151	15.5763	-359.729	-77.6901	3.90009
-358.74	360.432	15.4997	193.332	-76.623	3.90009
-359.001	360.702	15.4933	1.79564	-6.3858	3.90009
-359.262	360.978	15.4316	35.3145	-61.7237	3.90199
-359.523	361.258	15.3252	66.4391	-106.422	3.89818
-359.786	361.531	15.2922	-50.8768	-32.9914	3.89818
-360.047	361.799	15.3997	-436.343	107.485	3.89818
-360.311	362.07	15.5316	-893.636	131.966	3.89818
-360.572	362.343	15.5221	-410.007	-9.5787	3.89437
-360.833	362.623	15.5412	23.3435	19.1565	3.90199
-361.094	362.896	15.6253	957.082	84.0731	3.90009
-361.354	363.162	15.7072	2070.39	81.9454	3.90199
-361.615	363.435	15.6934	1172.56	-13.835	3.90199
-361.879	363.698	15.6604	-484.227	-32.9914	3.90199
-362.144	363.981	15.7328	-1274.31	72.3677	3.89628
-362.401	364.251	15.8669	-1063.62	134.093	3.89818
-362.664	364.522	15.8839	-505.775	17.0269	3.90199
-362.927	364.79	15.8041	-417.19	-79.8159	3.90009
-363.188	365.063	15.537	-848.146	-267.121	3.90009
-363.452	365.331	15.4039	-1164.18	-133.028	3.89818
-363.717	365.592	15.5465	-247.201	142.607	3.89818
-363.981	365.858	15.6402	-86.7898	93.6518	3.89818
-364.244	366.131	15.6242	-797.868	-15.9636	3.89818
-364.51	366.394	15.6253	-208.894	1.06335	3.89628
-364.778	366.66	15.7008	564.433	75.5596	3.90199
-365.046	366.926	15.8626	693.72	161.764	3.90199
-365.314	367.194	15.9861	59.2565	123.449	3.90199
-365.585	367.455	16.0499	-216.077	63.8523	3.90199
-365.855	367.738	16.0265	686.537	-23.4127	3.89818
-366.126	368.001	16.0276	1316.21	1.0643	3.89818
-366.401	368.269	16.0457	396.839	18.0912	3.90009
-366.677	368.547	16.1319	-663.792	86.2026	3.90009
-366.952	368.815	16.2468	-1358.11	114.937	3.90009
-367.228	369.083	16.2021	-460.285	-44.6987	3.90199
-367.506	369.356	16.134	727.239	-68.1095	3.90009
-367.786	369.629	16.1691	97.5637	35.12	3.89437
-368.066	369.907	16.2042	-74.8188	35.12	3.89437
-368.346	370.183	16.1755	102.352	-28.7361	3.90009
-368.629	370.453	16.1436	-168.193	-31.9271	3.90199
-368.912	370.729	16.1319	-117.914	-11.7054	3.90199
-369.197	371.011	16.134	255.581	2.1286	3.90009
-369.484	371.275	16.1563	-34.1174	22.3484	3.90199
-369.772	371.562	16.2606	-433.949	104.294	3.90009
-370.059	371.845	16.4564	-498.593	195.818	3.90009
-370.349	372.125	16.7385	313.042	282.021	3.89818
-370.642	372.413	16.7651	1795.05	26.6056	3.89818
-370.932	372.698	16.5767	1356.91	-188.37	3.89628
-371.226	372.978	16.5128	109.535	-63.8523	3.89437
-371.521	373.265	16.5756	308.253	62.7899	3.89818
-371.816	373.56	16.631	157.419	55.3398	3.89818
-372.111	373.85	16.6406	-354.94	9.5768	3.89818
-372.408	374.135	16.6182	360.926	-22.3484	3.90009
-372.705	374.425	16.5575	1076.79	-60.6613	3.90009
-373.004	374.72	16.4799	85.5927	-77.6882	3.90199
-373.304	375.019	16.5586	-307.056	78.7525	3.90199
-373.604	375.302	16.6853	8.97825	126.642	3.90199
-373.898	375.609	16.631	418.387	-54.2736	3.90199
-374.198	375.909	16.5565	899.621	-74.4953	3.90199
-374.495	376.213	16.582	425.569	25.5394	3.89818
-374.795	376.51	16.6022	231.639	20.2217	3.89437
-375.092	376.81	16.6342	49.6797	31.9271	3.89818
-375.389	377.112	16.6672	-311.845	32.9895	3.90009
-375.686	377.414	16.6129	279.523	-54.2755	3.89818
-375.983	377.723	16.5575	638.653	-55.3398	3.89818
-376.283	378.027	16.5512	-249.596	-6.3839	3.90199
-376.58	378.327	16.697	-797.868	145.798	3.90199
-376.877	378.634	16.7715	-896.03	74.4953	3.90009
-377.175	378.948	16.7693	530.914	-2.1286	3.89818
-377.472	379.238	16.7374	1538.87	-31.9252	3.90199
-377.764	379.554	16.6884	540.491	-48.9559	3.90199
-378.059	379.864	16.6395	265.158	-48.954	3.89818
-378.351	380.173	16.5937	420.781	-45.7611	3.90009
-378.643	380.487	16.5192	80.8043	-74.4972	3.90009
-378.936	380.794	16.4596	-139.462	-59.5951	3.89818
-379.228	381.096	16.4341	308.253	-25.5413	3.89437
-379.518	381.403	16.4905	423.175	56.4022	3.90009
-379.808	381.719	16.6129	-168.193	122.387	3.89628
-380.095	382.028	16.7587	1072	145.798	3.89818
-380.383	382.33	16.7768	1416.77	18.0931	3.90199
-380.668	382.642	16.6001	-400.43	-176.661	3.90199
-380.953	382.951	16.4639	-735.619	-136.221	3.90199
-381.241	383.251	16.4224	741.604	-41.5058	3.90199
-381.521	383.575	16.3745	1625.06	-47.8897	3.90199
-381.801	383.877	16.3607	605.134	-13.8359	3.89818
-382.084	384.183	16.3426	-204.106	-18.0893	3.90009
-382.362	384.497	16.2883	-60.4536	-54.2755	3.89818
-382.64	384.802	16.2159	131.083	-72.3686	3.89818
-382.915	385.099	16.1361	138.265	-79.8168	3.89818
-383.19	385.401	16.0393	375.291	-96.8456	3.90009
-383.463	385.705	15.9712	432.752	-68.1086	3.89818
-383.734	386.012	15.9201	190.938	-51.0836	3.89437
-384.005	386.312	15.869	315.436	-51.0826	3.89818
-384.275	386.604	15.8413	353.743	-27.669	3.90009
-384.541	386.901	15.8552	-256.778	13.834	3.90199
-384.809	387.203	15.8488	-438.737	-6.3839	3.90009
-385.075	387.496	15.8371	-101.155	-11.7083	3.90009
-385.338	387.781	15.8158	360.926	-21.2831	3.90199
-385.599	388.083	15.8137	1155.8	-2.1286	3.90199
-385.863	388.378	15.7285	346.561	-85.1383	3.90009
-386.126	388.677	15.7583	6.58404	29.7976	3.89437
-386.387	388.967	15.9116	-766.743	153.25	3.90009
-386.645	389.255	15.8871	-603.937	-24.478	3.89818
-386.904	389.545	15.704	334.59	-183.047	3.89437
-387.162	389.842	15.5753	-189.74	-128.771	3.89818
-387.418	390.132	15.5785	-67.6362	3.19195	3.89437
-387.675	390.414	15.5934	916.381	14.9002	3.89818
-387.931	390.702	15.5646	595.558	-28.7352	3.89818
-388.187	390.989	15.4688	-144.251	-95.7785	3.89818
-388.443	391.284	15.4252	696.114	-43.6335	3.90009
-388.699	391.579	15.5582	1572.39	133.028	3.90199
-388.957	391.859	15.8775	-369.306	319.266	3.90199
-389.211	392.149	15.9573	-1860.89	79.8178	3.90009
-389.472	392.432	15.8328	-1860.89	-124.515	3.90009
-389.733	392.731	15.8222	-697.311	-10.643	3.90009
-389.984	393.019	15.8509	205.303	28.7352	3.90199
-390.243	393.306	15.7423	485.424	-108.551	3.89628
-390.501	393.596	15.6615	370.503	-80.8811	3.90009
-390.76	393.886	15.6221	-43.6942	-39.3772	3.89628
-391.018	394.171	15.4529	-307.056	-169.211	3.89437
-391.277	394.454	15.323	128.688	-129.835	3.90199
-391.538	394.739	15.3528	119.112	29.7985	3.90009
-391.799	395.029	15.422	-781.108	69.1748	3.89437
-392.057	395.312	15.4433	-682.946	21.2831	3.90009
-392.316	395.589	15.421	198.12	-22.3484	3.90009
-392.577	395.872	15.3869	-122.703	-34.0548	3.89437
-392.838	396.155	15.3709	-596.755	-15.9626	3.90199
-393.099	396.442	15.3773	451.906	6.38485	3.90199
-393.359	396.732	15.4763	1593.94	98.9723	3.90199
-393.62	397.01	15.5923	973.842	116.001	3.89628
-393.884	397.283	15.587	-455.497	-5.32055	3.90199
-394.145	397.58	15.5082	-1116.3	-78.7535	3.89818
-394.408	397.863	15.5753	-1190.52	67.0462	3.89437
-394.669	398.138	15.6732	-644.639	97.909	3.89246
-394.93	398.419	15.5966	202.909	-76.6239	3.90199
-395.193	398.699	15.4742	152.63	-122.386	3.90199
-395.459	398.982	15.4603	-563.236	-13.835	3.89818
-395.727	399.257	15.5252	-1844.13	64.9176	3.90199
-395.993	399.53	15.5593	-1262.34	34.0548	3.90009
-396.261	399.808	15.5763	1170.17	17.0269	3.90009
-396.527	400.088	15.671	1596.33	94.7161	3.89818
-396.795	400.361	15.7094	372.897	38.3129	3.90009
-397.061	400.632	15.5902	-24.5406	-119.192	3.89818
-397.327	400.905	15.4954	468.665	-94.717	3.90199
-397.592	401.178	15.471	255.581	-24.477	3.90199
-397.858	401.458	15.4422	18.5551	-28.7342	3.90009
-398.126	401.731	15.5338	174.178	91.5232	3.89818
-398.394	401.997	15.7253	-1032.5	191.561	3.90199
-398.655	402.267	15.8051	-1221.64	79.8178	3.89818
-398.919	402.545	15.7275	284.311	-77.6892	3.90199
-399.184	402.813	15.6604	392.051	-67.0471	3.90199
-399.45	403.082	15.6466	-225.654	-13.834	3.90009
-399.716	403.352	15.6157	-103.549	-30.8628	3.89818
-399.982	403.62	15.5785	18.5551	-37.2486	3.89628
-400.248	403.893	15.6189	-587.178	40.4415	3.90009
-400.513	404.161	15.6753	-819.416	56.4051	3.89437
-400.779	404.422	15.6945	-359.729	19.1555	3.90009
-401.045	404.688	15.6519	135.871	-42.5701	3.89818
-401.313	404.959	15.587	157.419	-64.9166	3.90009
-401.579	405.222	15.5785	-96.3666	-8.51536	3.89437
-401.845	405.481	15.5923	-79.6072	13.8359	3.90199
-402.113	405.742	15.5902	-251.99	-2.12765	3.90199
-402.378	406.003	15.6295	-582.39	39.3753	3.90199
-402.647	406.271	15.6487	-316.633	19.1555	3.90009
-402.917	406.52	15.6615	262.764	12.7716	3.90009
-403.185	406.79	15.7647	691.326	103.23	3.90199
-403.454	407.051	15.7817	734.421	17.0259	3.89818
-403.724	407.319	15.7583	224.456	-23.4127	3.89818
-403.995	407.58	15.8413	-211.288	83.0107	3.90199
-404.265	407.841	15.9722	260.369	130.898	3.90009
-404.536	408.104	15.9967	746.392	24.478	3.90009
-404.811	408.368	15.9935	-374.094	-3.1929	3.90009
-405.087	408.638	16.0393	-1360.51	45.7602	3.89437
-405.362	408.904	16.1883	-323.816	148.993	3.89437
-405.638	409.165	16.1808	1479.02	-7.4501	3.89818
-405.913	409.433	16.0531	1780.69	-127.708	3.89628
-406.191	409.709	16.0201	320.224	-32.9895	3.90199
-406.469	409.979	16.0701	-192.135	50.0183	3.90199
-406.749	410.247	16.0712	535.703	1.06621	3.90009
-407.032	410.52	16.0616	806.247	-9.58061	3.90199
-407.305	410.801	16.2351	1095.95	173.47	3.90199
-407.585	411.079	16.35	547.674	114.937	3.89818
-407.868	411.361	16.2894	-795.474	-60.6613	3.89818
-408.153	411.637	16.3096	-917.578	20.2198	3.90009
-408.438	411.917	16.4277	-682.946	118.13	3.90009
-408.723	412.204	16.4735	-1034.89	45.7611	3.89818
-409.01	412.487	16.4809	-989.404	7.4501	3.90009
-409.3	412.767	16.5001	-371.7	19.1555	3.89818
-409.59	413.05	16.482	102.352	-18.0912	3.90199
-409.883	413.335	16.4703	-177.769	-11.7073	3.89818
-410.177	413.627	16.5171	-304.662	46.8273	3.89628
-410.472	413.913	16.5618	394.445	44.6968	3.89818
-410.769	414.195	16.5458	818.218	-15.9626	3.90009
-411.069	414.483	16.4916	861.314	-54.2755	3.90009
-411.368	414.777	16.4777	803.853	-13.8359	3.89818
-411.668	415.06	16.4884	633.865	10.643	3.89818
-411.972	415.343	16.5299	624.288	41.5039	3.90199
-412.272	415.645	16.6161	1019.33	86.2026	3.90009
-412.576	415.937	16.7257	1256.36	109.615	3.90009
-412.878	416.239	16.7268	447.117	1.0643	3.90199
-413.18	416.536	16.6746	-194.529	-52.1469	3.90009
-413.485	416.829	16.7459	-172.981	71.3024	3.89818
-413.787	417.126	16.8151	-29.329	69.1757	3.90009
-414.091	417.433	16.7661	308.253	-48.9559	3.90199
-414.396	417.735	16.7193	107.141	-46.8235	3.89818
-414.7	418.027	16.7002	-852.934	-19.1574	3.89818
-415.007	418.329	16.6714	-1654.99	-28.7361	3.90199
-415.311	418.631	16.714	-225.654	42.5701	3.89437
-415.616	418.938	16.7938	1847.73	79.8168	3.89246
-415.92	419.242	16.8013	1040.88	7.4501	3.90199
-416.225	419.537	16.7342	-22.1464	-67.0452	3.89818
-416.529	419.841	16.6735	952.294	-60.6613	3.90199
-416.833	420.156	16.665	1536.48	-8.5144	3.90009
-417.143	420.453	16.7629	1186.93	97.908	3.90009
-417.442	420.76	16.8832	-323.816	120.258	3.90199
-417.747	421.064	16.9417	-1599.93	58.5327	3.89818
-418.049	421.371	16.9971	-814.627	55.3398	3.89818
-418.348	421.682	16.996	653.018	-1.0643	3.90199
-418.65	421.987	16.8736	1026.51	-122.385	3.90009
-418.95	422.289	16.7757	401.627	-97.9099	3.90199
-419.25	422.593	16.7566	559.645	-19.1555	3.89437
-419.549	422.905	16.7044	875.679	-52.1488	3.89437
-419.849	423.209	16.681	37.7087	-23.4108	3.89818
-420.146	423.509	16.748	-520.14	67.0452	3.90199
-420.441	423.811	16.7927	-34.1174	44.6987	3.89628
-420.738	424.115	16.7342	662.595	-58.5327	3.89818
-421.03	424.422	16.6395	887.65	-94.717	3.90199
-421.325	424.724	16.5693	574.01	-70.2381	3.90199
-421.617	425.024	16.5086	229.245	-60.6613	3.89818
-421.91	425.314	16.4884	-168.193	-20.2198	3.89818
-422.197	425.63	16.4596	-43.6942	-28.7342	3.90199
-422.485	425.927	16.3681	384.868	-91.5241	3.89818
-422.772	426.22	16.2883	320.224	-79.8149	3.89818
-423.057	426.514	16.2276	190.938	-60.6632	3.90009
-423.342	426.814	16.1872	16.1609	-40.4396	3.89628
-423.625	427.116	16.2319	253.187	44.6968	3.90199
-423.908	427.411	16.3032	959.476	71.3043	3.90199
-424.188	427.698	16.2649	787.094	-38.3129	3.89818
-424.468	427.993	16.2064	-687.734	-58.5327	3.89818
-424.748	428.293	16.2457	-1322.2	39.3772	3.89437
-425.026	428.587	16.333	305.859	87.2669	3.90199
-425.304	428.873	16.3128	1502.96	-20.2217	3.90199
-425.582	429.165	16.1925	480.636	-120.258	3.90199
-425.857	429.45	16.1031	-405.219	-89.3936	3.90199
-426.135	429.75	16.0786	257.975	-24.477	3.90199
-426.406	430.052	16.0755	911.592	-3.1929	3.90199
-426.679	430.337	16.168	899.621	92.5884	3.90199
-426.952	430.627	16.1393	174.178	-28.7342	3.89818
-427.222	430.924	15.9637	-158.616	-175.597	3.90199
-427.493	431.216	15.8626	370.503	-101.1	3.90009
-427.764	431.499	15.8243	368.109	-38.3129	3.89818
-428.034	431.789	15.7679	-354.94	-56.4041	3.90199
-428.307	432.076	15.8105	-1192.91	42.5692	3.89818
-428.575	432.368	15.9179	-1142.63	107.486	3.89628
-428.848	432.654	15.9424	-405.219	24.478	3.90009
-429.117	432.934	15.9233	-170.587	-19.1565	3.90199
-429.387	433.219	15.9009	52.0739	-22.3484	3.90199
-429.663	433.509	15.8435	502.184	-57.4684	3.90199
-429.928	433.796	15.8296	578.798	-13.834	3.90199
-430.196	434.077	15.8317	471.059	2.12765	3.90199
-430.465	434.359	15.7924	303.465	-39.3763	3.90199
-430.735	434.642	15.7445	-0.598561	-47.8907	3.90009
-431.003	434.932	15.7232	-26.9348	-21.2831	3.90199
-431.274	435.217	15.8115	-340.575	88.3303	3.89437
-431.542	435.495	15.9637	-558.448	152.184	3.89818
-431.81	435.775	15.9307	-91.5782	-32.9905	3.89818
-432.081	436.065	15.7817	54.4681	-148.993	3.89628
-432.352	436.345	15.72	-93.9724	-61.7237	3.90199
-432.62	436.621	15.6966	-7.78117	-23.4137	3.90199
-432.89	436.903	15.6551	-60.4536	-41.5049	3.90009
-433.161	437.174	15.6955	-474.651	40.4406	3.90199
-433.434	437.461	15.6998	-228.048	4.2572	3.90199
-433.697	437.744	15.6093	-74.8188	-90.4589	3.90009
-433.97	438.015	15.5295	-941.52	-79.8178	3.89818
-434.241	438.295	15.687	-1372.48	157.506	3.89818
-434.507	438.575	15.9222	540.491	235.194	3.89818
-434.777	438.851	15.8583	1790.26	-63.8542	3.90199
-435.048	439.121	15.6647	85.5927	-193.688	3.89818
-435.316	439.399	15.6317	-766.743	-32.9905	3.89437
-435.584	439.672	15.6636	-12.5696	31.9252	3.89437
-435.852	439.952	15.6317	214.88	-31.9252	3.89818
-436.121	440.228	15.6455	-14.9638	13.835	3.89437
-436.389	440.496	15.6104	-268.749	-35.12	3.89818
-436.657	440.767	15.5295	-280.72	-80.8821	3.90009
-436.923	441.044	15.5008	-89.184	-28.7333	3.90199
-437.193	441.31	15.5103	-615.908	9.57775	3.90199
-437.461	441.571	15.5625	-1461.06	52.1469	3.89818
-437.73	441.849	15.7094	-1815.4	146.863	3.90009
-437.998	442.117	15.7668	-438.737	57.4694	3.89818
-438.266	442.388	15.6859	890.044	-80.8811	3.90199
-438.534	442.658	15.6104	657.807	-75.5606	3.89818
-438.802	442.919	15.5848	796.671	-25.5413	3.89818
-439.073	443.187	15.6189	1095.95	34.0548	3.90009
-439.341	443.46	15.7306	231.639	111.744	3.90009
-439.609	443.726	15.7775	-479.439	46.8254	3.89818
-439.878	443.987	15.7402	-149.039	-37.2477	3.89628
-440.146	444.253	15.6923	195.726	-47.8907	3.89818
-440.414	444.519	15.67	109.535	-22.3484	3.89437
-440.684	444.789	15.6785	-230.442	8.51345	3.90199
-440.953	445.055	15.7615	-105.943	83.0107	3.90199
-441.221	445.318	15.8403	-10.1754	78.7516	3.90199
-441.491	445.572	15.8296	-170.587	-10.6411	3.90199
-441.76	445.85	15.7902	-180.164	-39.3772	3.90199
-442.03	446.116	15.836	-328.604	45.7611	3.89818
-442.301	446.374	15.9126	-256.778	76.6249	3.89628
-442.574	446.64	15.9669	152.63	54.2755	3.90009
-442.844	446.906	15.9573	566.827	-9.57775	3.90009
-443.117	447.176	15.8935	566.827	-63.8533	3.89437
-443.39	447.44	15.8286	-139.462	-64.9185	3.89818
-443.666	447.705	15.8967	224.456	68.1114	3.90009
-443.941	447.974	16.2404	284.311	343.743	3.89818
-444.217	448.247	16.367	-196.923	126.642	3.89628
-444.492	448.517	16.2138	135.871	-153.248	3.89628
-444.77	448.783	16.1404	56.8623	-73.4329	3.89818
-445.048	449.051	16.168	262.764	27.6718	3.90199
-445.326	449.327	16.2064	918.775	38.311	3.90199
-445.606	449.6	16.2425	492.607	36.1843	3.90009
-445.886	449.865	16.1925	-508.169	-50.0202	3.90199
-446.164	450.148	16.1446	-278.326	-47.8878	3.90009
-446.447	450.421	16.1542	-10.1754	9.5768	3.90009
-446.729	450.704	16.2404	-793.079	86.2026	3.90009
-447.017	450.977	16.3138	-1058.84	73.431	3.89818
-447.302	451.255	16.4086	-687.734	94.7151	3.89437
-447.587	451.532	16.399	-31.7232	-9.5768	3.90009
-447.875	451.81	16.367	514.155	-31.9271	3.89818
-448.162	452.095	16.4149	703.297	47.8916	3.90009
-448.45	452.378	16.4288	1000.18	13.834	3.89437
-448.739	452.656	16.3649	597.952	-63.8542	3.89818
-449.032	452.938	16.3713	-2.99276	6.3858	3.90009
-449.322	453.231	16.4437	73.6217	72.3667	3.90199
-449.616	453.514	16.5054	341.772	61.7256	3.89818
-449.911	453.801	16.5852	499.79	79.8168	3.90199
-450.206	454.081	16.6225	653.018	37.2467	3.90199
-450.501	454.381	16.6757	423.175	53.2131	3.90199
-450.793	454.68	16.714	514.155	38.311	3.90009
-451.09	454.975	16.6767	590.769	-37.2467	3.89818
-451.387	455.265	16.6501	-161.01	-26.6056	3.89818
-451.685	455.562	16.6725	-362.123	22.3484	3.89628
-451.984	455.867	16.6725	-60.4536	0	3.89818
-452.284	456.164	16.6682	-266.355	-4.2572	3.90199
-452.583	456.456	16.6672	-314.239	-1.0643	3.89818
-452.883	456.756	16.6235	-93.9724	-43.6344	3.89437
-453.187	457.055	16.5671	-445.92	-56.4022	3.89818
-453.492	457.36	16.6884	-1171.36	121.321	3.90009
-453.794	457.664	16.93	502.184	241.579	3.90199
-454.101	457.966	16.8534	2666.54	-76.6239	3.90199
-454.403	458.259	16.6501	1704.07	-203.266	3.90199
-454.702	458.582	16.6384	923.563	-11.7073	3.90199
-455.004	458.887	16.8034	1809.42	164.955	3.89437
-455.304	459.191	16.8449	1009.75	41.5039	3.89818
-455.603	459.503	16.7129	-484.227	-131.964	3.89818
-455.903	459.814	16.6416	-43.6942	-71.3024	3.90009
-456.2	460.129	16.6704	415.993	28.7342	3.89818
-456.5	460.44	16.6842	-491.41	13.8359	3.90009
-456.799	460.745	16.7374	-1549.65	53.2112	3.89818
-457.096	461.056	16.8119	-1161.79	74.4953	3.89818
-457.394	461.373	16.8694	-297.48	57.4665	3.90199
-457.691	461.677	16.8151	262.764	-54.2736	3.90009
-457.988	461.982	16.7225	638.653	-92.5884	3.90199
-458.285	462.288	16.6459	310.648	-76.6239	3.90199
-458.585	462.595	16.5991	-450.708	-46.8254	3.90199
-458.875	462.907	16.5948	545.279	-4.2572	3.90009
-459.167	463.216	16.5458	1890.82	-48.954	3.90199
-459.459	463.516	16.4724	1002.57	-73.431	3.90009
-459.752	463.82	16.4373	25.7377	-35.12	3.89818
-460.039	464.129	16.449	183.755	11.7054	3.89818
-460.327	464.431	16.4554	123.9	6.3858	3.90199
-460.614	464.733	16.4075	205.303	-47.8897	3.90009
-460.899	465.033	16.2989	813.43	-108.551	3.90199
-461.182	465.335	16.1989	775.123	-100.039	3.90009
-461.465	465.639	16.1265	174.178	-72.3667	3.89437
-461.745	465.941	16.1393	-577.601	12.7716	3.90199
-462.025	466.236	16.1808	-745.195	41.5039	3.90009
-462.305	466.526	16.1595	-256.778	-21.2841	3.90199
-462.586	466.831	16.0904	171.784	-69.1738	3.90199
-462.856	467.133	16.0265	310.648	-63.8542	3.90009
-463.129	467.423	16.019	638.653	-7.4501	3.90009
-463.405	467.717	16.0967	320.224	77.6882	3.89437
-463.678	468.014	16.1904	-319.027	93.6527	3.89818
-463.948	468.312	16.2032	921.169	12.7716	3.89818
-464.219	468.611	16.2457	2264.32	42.5682	3.89818
-464.49	468.901	16.3085	1277.91	62.788	3.89437
-464.758	469.196	16.1936	-65.242	-114.935	3.89437
-465.026	469.498	16.0765	40.1029	-117.065	3.89818
-465.294	469.79	16.0755	313.042	-1.0643	3.90199
-465.565	470.083	16.1138	-285.509	38.3129	3.90199
-465.835	470.377	16.2021	-1336.56	88.3293	3.90199
-466.106	470.67	16.2436	-1228.82	41.5058	3.90009
-466.369	470.964	16.118	-659.004	-125.58	3.90199
-466.637	471.262	15.8573	-771.532	-260.733	3.90199
-466.906	471.547	15.8009	-153.827	-56.406	3.89818
-467.174	471.837	15.8424	353.743	41.5058	3.89628
-467.442	472.134	15.8126	-201.712	-29.7976	3.89818
-467.71	472.421	15.7913	-398.036	-21.2851	3.90199
-467.978	472.704	15.836	-395.642	44.6968	3.90009
-468.246	472.994	15.8913	-350.152	55.3408	3.89818
-468.515	473.284	15.9914	612.317	100.037	3.90199
-468.783	473.576	16.0967	1225.23	105.357	3.90199
-469.051	473.866	16.1159	1007.36	19.1574	3.90199
-469.319	474.151	16.0361	660.201	-79.8168	3.90199
-469.59	474.441	15.9392	296.282	-96.8447	3.90199
-469.853	474.738	15.8743	274.735	-64.9185	3.85243
-470.121	475.028	15.8956	-206.5	21.2851	3.90199
-470.387	475.316	15.9073	-716.465	11.7073	3.90009
-470.653	475.606	15.8573	-261.567	-50.0183	3.90199
-470.921	475.896	15.8147	-96.3666	-42.5701	3.90009
-471.189	476.188	15.8232	-704.494	8.5144	3.89437
-471.455	476.478	15.8392	-1058.84	15.9626	3.90009
-471.723	476.758	15.8349	-766.743	-4.25625	3.90009
-471.991	477.046	15.7796	-79.6072	-55.3398	3.90009
-472.259	477.338	15.7285	427.964	-51.0826	3.89437
-472.528	477.621	15.7168	-184.952	-11.7064	3.90199
-472.798	477.896	15.7966	-1085.17	79.8159	3.90009
-473.066	478.181	15.8775	-800.262	80.8811	3.90199
-473.337	478.459	15.8328	1313.82	-44.6968	3.90009
-473.61	478.749	15.9275	2161.37	94.7161	3.90199
-473.873	479.036	15.9797	688.932	52.1469	3.90199
-474.141	479.314	15.803	109.535	-176.661	3.90199
-474.41	479.594	15.6913	325.013	-111.743	3.90199
-474.678	479.88	15.7072	83.1985	15.9626	3.90009
-474.948	480.157	15.7253	-840.963	18.0922	3.89628
-475.219	480.43	15.8147	-1518.52	89.3946	3.90009
-475.487	480.708	15.9286	-1161.79	113.872	3.89818
-475.755	480.986	15.9743	-469.862	45.7611	3.89818
-476.026	481.264	15.9094	178.967	-64.9166	3.89818
-476.294	481.539	15.8126	693.72	-96.8437	3.89437
-476.562	481.812	15.769	703.297	-43.6335	3.89818
-476.831	482.088	15.7562	569.221	-12.7716	3.90199
-477.101	482.366	15.7519	265.158	-4.2572	3.90199
-477.372	482.641	15.8264	-596.755	74.4972	3.90199
-477.645	482.907	15.9222	-1003.77	95.7804	3.89818
-477.908	483.18	15.9392	-299.874	17.0269	3.89818
-478.176	483.45	15.8924	492.607	-46.8245	3.90009
-478.444	483.728	15.8371	612.317	-55.3417	3.90009
-478.713	483.999	15.8094	686.537	-27.669	3.90009
-478.983	484.265	15.8403	1021.73	30.8619	3.90009
-479.251	484.535	15.8711	490.213	30.8628	3.89437
-479.52	484.813	15.9105	-381.277	39.3763	3.89818
-479.79	485.081	15.9595	260.369	48.955	3.90199
-480.061	485.347	15.9158	313.042	-43.6335	3.89437
-480.329	485.615	15.8541	-357.335	-61.7247	3.89437
-480.602	485.886	15.8477	28.1319	-6.38485	3.90009
-480.872	486.161	15.9158	-297.48	68.1095	3.89437
-481.146	486.429	16.001	-896.03	85.1374	3.89818
-481.416	486.695	16.0212	-196.923	20.2217	3.90009
-481.692	486.961	15.9935	557.25	-27.6709	3.90199
-481.967	487.239	16.0095	-283.114	15.9616	3.90199
-482.245	487.504	16.1287	-855.329	119.194	3.90199
-482.52	487.765	16.2819	-122.703	153.25	3.90199
-482.796	488.048	16.3021	1471.84	20.2198	3.90199
-483.074	488.321	16.3032	1871.67	1.0643	3.90009
-483.351	488.599	16.3564	463.877	53.2112	3.90199
-483.629	488.874	16.3841	-350.152	27.6699	3.90009
-483.909	489.145	16.317	-1044.47	-67.0471	3.90199
-484.19	489.423	16.2489	-991.798	-68.1095	3.90009
-484.472	489.706	16.2479	80.8043	-1.06621	3.89818
-484.755	489.983	16.2649	593.163	17.0288	3.89818
-485.043	490.256	16.3064	99.9579	41.5039	3.89818
-485.328	490.534	16.4086	-642.245	102.165	3.90009
-485.615	490.814	16.4703	-108.338	61.7256	3.90009
-485.903	491.102	16.4852	186.149	14.9002	3.89437
-486.19	491.385	16.4245	360.926	-60.6613	3.90009
-486.483	491.662	16.4107	981.024	-13.834	3.90199
-486.772	491.948	16.5054	629.076	94.7151	3.90199
-487.067	492.242	16.7161	-218.471	210.716	3.89818
-487.36	492.513	16.8396	-630.274	123.449	3.90199
-487.652	492.812	16.8151	-345.364	-24.4751	3.89818
-487.947	493.102	16.781	116.717	-34.0557	3.89437
-488.241	493.395	16.797	219.668	15.9626	3.89818
-488.539	493.689	16.813	-271.143	15.9645	3.89818
-488.836	493.987	16.8204	-553.659	7.4482	3.89818
-489.135	494.277	16.8236	28.1319	3.1929	3.90199
-489.435	494.569	16.7917	571.616	-31.9271	3.90199
-489.734	494.871	16.7385	461.482	-53.2093	3.90009
-490.036	495.166	16.7321	219.668	-6.3858	3.89818
-490.341	495.458	16.7917	-309.451	59.5951	3.89437
-490.645	495.753	16.8726	-630.274	80.8811	3.89056
-490.947	496.05	16.8853	-125.097	12.7716	3.89437
-491.254	496.354	16.8183	669.778	-67.0452	3.90009
-491.559	496.652	16.7693	760.758	-48.9559	3.90009
-491.868	496.944	16.7864	301.071	17.0288	3.89818
-492.175	497.246	16.8864	-101.155	100.037	3.90199
-492.486	497.55	16.98	1103.13	93.6508	3.90009
-492.791	497.852	16.9981	1874.06	18.0931	3.90009
-493.098	498.149	16.979	418.387	-19.1574	3.89818
-493.404	498.454	16.9641	68.8333	-14.8983	3.90199
-493.714	498.756	16.9662	387.262	2.1286	3.90009
-494.02	499.068	16.9864	152.63	20.2198	3.90009
-494.33	499.367	17.0269	-146.645	40.4415	3.90009
-494.639	499.672	17.0982	-421.978	71.3024	3.89628
-494.946	499.978	17.112	-26.9348	13.8359	3.89818
-495.253	500.293	17.0716	585.981	-40.4396	3.90009
-495.56	500.599	17.0098	674.566	-61.7256	3.89246
-495.864	500.901	16.9726	444.723	-37.2505	3.89818
-496.168	501.208	16.9471	320.224	-25.5394	3.89818
-496.475	501.515	16.9268	174.178	-20.2217	3.90009
-496.777	501.831	16.9502	-251.99	23.4127	3.90199
-497.082	502.138	16.9896	-496.198	39.3772	3.90009
-497.386	502.433	17.0109	-316.633	21.2841	3.90199
-497.686	502.752	16.9832	131.083	-27.6699	3.90199
-497.985	503.066	16.9151	468.665	-68.1095	3.89818
-498.285	503.373	16.8566	418.387	-58.5327	3.90199
-498.582	503.675	16.7864	205.303	-70.2381	3.89437
-498.882	503.982	16.7214	18.5551	-64.9185	3.90199
-499.179	504.289	16.6799	-153.827	-41.5039	3.90199
-499.473	504.6	16.6406	-127.491	-39.3772	3.90009
-499.768	504.905	16.6054	66.4391	-35.1181	3.90009
-500.061	505.202	16.5331	329.801	-72.3686	3.89437
-500.355	505.501	16.4788	181.361	-54.2755	3.89818
-500.645	505.808	16.4969	-285.509	18.0912	3.89437
-500.935	506.108	16.4735	138.265	-23.4127	3.89628
-501.225	506.4	16.3851	839.766	-88.3293	3.89818
-501.515	506.7	16.3458	559.645	-39.3772	3.90199
-501.807	506.999	16.5341	126.294	188.368	3.90199
-502.097	507.297	16.8587	777.517	324.589	3.90199
-502.375	507.599	16.7566	1057.64	-102.165	3.90199
-502.663	507.891	16.5086	260.369	-247.965	3.90199
-502.945	508.188	16.4948	20.9493	-13.834	3.89437
-503.228	508.49	16.4969	348.955	2.12669	3.89818
-503.508	508.787	16.3926	327.407	-104.294	3.90009
-503.788	509.077	16.3245	178.967	-68.1114	3.89818
-504.069	509.374	16.3032	241.216	-21.2822	3.89818
-504.349	509.669	16.2649	281.917	-38.3129	3.89437
-504.627	509.969	16.2244	-41.3	-40.4415	3.89437
-504.907	510.259	16.2564	-596.755	31.9271	3.89628
-505.187	510.549	16.3053	-857.723	48.954	3.90009
-505.465	510.841	16.3404	-855.329	35.12	3.89437
-505.745	511.14	16.267	-125.097	-73.431	3.90199
-506.023	511.426	16.1702	437.54	-96.8456	3.90199
-506.304	511.715	16.134	78.4101	-36.1824	3.90199
-506.586	512.008	16.1468	224.456	12.7697	3.90199
-506.859	512.298	16.2361	1024.12	89.3955	3.90009
-507.139	512.59	16.3564	729.633	120.258	3.89818
-507.417	512.885	16.3064	13.7666	-50.0202	3.89818
-507.695	513.17	16.1819	76.0159	-124.514	3.89818
-507.975	513.457	16.2021	-12.5696	20.2198	3.89628
-508.256	513.752	16.2957	-553.659	93.6527	3.89437
-508.534	514.042	16.3298	-797.868	34.0557	3.89818
-508.811	514.325	16.234	339.378	-95.7813	3.89437
-509.092	514.612	16.151	801.459	-83.0097	3.89628
-509.369	514.9	16.0999	-182.558	-51.0826	3.89818
-509.647	515.195	16.0244	-400.43	-75.5577	3.89818
-509.925	515.482	15.9765	59.2565	-47.8916	3.89818
-510.203	515.762	15.9573	126.294	-19.1555	3.90199
-510.478	516.047	15.9169	49.6797	-40.4406	3.90199
-510.754	516.337	15.8669	210.091	-50.0183	3.89628
-511.036	516.61	15.9052	291.494	38.312	3.90199
-511.314	516.905	16.217	423.175	311.817	3.90009
-511.59	517.188	16.5309	-34.1174	313.946	3.90199
-511.868	517.473	16.3532	-98.7608	-177.725	3.90009
-512.148	517.763	16.1233	243.61	-229.874	3.89818
-512.426	518.045	16.1638	-79.6072	40.4415	3.90009
-512.704	518.323	16.1946	61.6507	30.8609	3.89628
-512.981	518.606	16.1052	269.946	-89.3936	3.89437
-513.257	518.889	16.0212	30.5261	-84.0721	3.89818
-513.535	519.166	15.886	-541.688	-135.158	3.89437
-513.81	519.439	15.6232	-905.607	-262.864	3.89437
-514.086	519.715	15.5827	-340.575	-40.4406	3.90199
-514.363	519.99	15.7094	13.7666	126.643	3.90199
-514.644	520.266	15.7626	-666.187	53.2112	3.90009
-514.922	520.541	15.82	-1236.01	57.4684	3.90199
-515.202	520.807	15.8871	-450.708	67.0462	3.90009
-515.475	521.082	15.8935	691.326	6.3858	3.90009
-515.75	521.36	15.936	794.276	42.5682	3.90199
-516.028	521.631	16.0148	389.656	78.7535	3.89628
-516.303	521.897	16.035	92.7753	20.2198	3.89818
-516.579	522.167	16.0286	-7.78117	-6.3858	3.89628
-516.857	522.438	15.9818	-156.222	-46.8245	3.89437
-517.132	522.708	15.936	-89.184	-45.763	3.89818
-517.408	522.979	15.9062	76.0159	-29.7985	3.89628
-517.683	523.24	15.8935	-24.5406	-12.7697	3.89437
-517.958	523.506	15.9531	-467.468	59.5961	3.90199
-518.234	523.779	15.9318	-326.21	-21.2851	3.89818
-518.509	524.04	15.8168	823.007	-114.936	3.90009
-518.79	524.298	15.7455	954.688	-71.3024	3.90199
-519.06	524.561	15.7094	272.34	-36.1843	3.90199
-519.333	524.827	15.7285	-237.625	19.1565	3.90199
-519.609	525.095	15.8573	-582.39	128.772	3.89818
-519.882	525.356	15.969	-24.5406	111.742	3.90009
