-7.11035	-17.7698	-0.000968445	7.06287	-1.06423	4.09643
-7.11035	-17.7698	-0.0030969	7.06287	-2.12845	4.0888
-7.1031	-17.7698	-0.0829138	569.7	-79.8169	4.08308
-7.0886	-17.765	-0.471356	4041.29	-388.442	4.08499
-7.06686	-17.7408	-1.08541	9217.56	-614.058	4.08308
-7.03787	-17.7022	-1.24718	13668.4	-161.762	4.08308
-7.00404	-17.6514	-1.03433	14460.9	212.845	4.08308
-6.96055	-17.5862	-0.800202	7989.33	234.129	4.07736
-6.90982	-17.5065	-0.725706	-972.166	74.4958	4.07736
-6.84458	-17.405	-0.79488	-1281.02	-69.1746	4.07546
-6.76002	-17.2745	-0.852349	1170.64	-57.4683	4.08308
-6.64647	-17.1127	-0.886404	708.564	-34.0551	4.07736
-6.50393	-16.9073	-0.893853	1539.35	-7.44963	4.07736
-6.32272	-16.656	-0.918331	842.639	-24.4772	4.08499
-6.1077	-16.3734	-0.833193	-3409.46	85.1381	4.08499
-5.8516	-16.0472	-0.589485	-2104.62	243.708	4.08118
-5.55926	-15.6848	-0.219135	3057.28	370.35	4.08118
-5.22827	-15.291	0.319363	7409.93	538.498	4.08118
-4.87311	-14.8754	0.515181	14662	195.817	4.07546
-4.50829	-14.4502	-0.0531155	20973.1	-568.296	4.07736
-4.14589	-14.0274	-0.817229	18923.7	-764.114	4.07546
-3.78832	-13.6046	-0.739541	11391.5	77.6885	4.07736
-3.43316	-13.1746	-0.193593	7601.47	545.948	4.06974
-3.07076	-12.7542	0.218262	3696.53	411.855	4.06974
-2.69628	-12.3265	0.137381	-1307.35	-80.8811	4.06974
-2.30488	-11.8747	-0.182951	-850.061	-320.332	4.07546
-1.89658	-11.406	-0.286181	782.784	-103.23	4.07736
-1.46411	-10.9132	0.00860958	825.88	294.79	4.07736
-1.00748	-10.4106	0.65353	3830.6	644.92	4.06974
-0.514612	-9.90568	1.64113	3651.04	987.601	4.06974
0.00724806	-9.39349	2.30201	1457.95	660.884	4.07546
0.555685	-8.85955	1.92954	5358.1	-372.479	4.06974
1.11862	-8.32802	0.77698	7333.32	-1152.56	4.07927
1.69846	-7.78683	-0.143575	6380.43	-920.555	4.06974
2.28797	-7.23115	0.350226	10721.1	493.801	4.07355
2.88956	-6.68271	1.62304	9006.87	1272.81	4.06593
3.50564	-6.13186	2.43079	8793.78	807.747	4.06593
4.12656	-5.5955	1.80928	10912.7	-621.508	4.06974
4.73782	-5.06156	0.368318	7963	-1440.96	4.07355
5.34424	-4.51554	-0.705486	9849.63	-1073.8	4.07736
5.94099	-3.94294	-0.907688	6131.43	-202.203	4.07736
6.52809	-3.37518	-0.740605	-1448.61	167.083	4.07355
7.12001	-2.7905	-0.477741	-148.56	262.864	4.06974
7.71918	-2.18891	-0.116969	-0.119739	360.772	4.07546
8.33527	-1.57524	0.20762	1469.92	324.589	4.07736
8.96827	-0.939832	0.403437	2236.06	195.817	4.07736
9.61818	-0.292338	0.268281	1295.14	-135.157	4.07546
10.2777	0.369651	-0.393668	3404.44	-661.948	4.06974
10.9373	1.05097	-1.03646	8200.02	-642.792	4.06974
11.6066	1.75645	-1.10351	13625.3	-67.0462	4.07355
12.2758	2.4426	-0.921523	9524.01	181.982	4.06783
12.9402	3.13599	-1.10563	6658.16	-184.111	4.07355
13.5974	3.84872	-1.78142	5465.84	-675.783	4.06974
14.2449	4.57353	-2.30395	7395.57	-522.534	4.06783
14.8899	5.32249	-2.49338	5844.13	-189.432	4.06783
15.5302	6.08354	-2.52212	-24.0618	-28.734	4.07736
16.1777	6.84942	-2.62003	-141.378	-97.9087	4.06974
16.8227	7.64187	-2.48593	2339.02	134.092	4.07355
17.4775	8.46332	-2.26458	5087.56	221.359	4.06593
18.1371	9.27752	-2.14751	7587.11	117.065	4.06593
18.7991	10.0845	-1.98681	9294.17	160.698	4.06593
19.4707	10.8962	-1.53558	7089.11	451.231	4.06974
20.1472	11.7032	-1.38127	5834.55	154.313	4.06593
20.8261	12.5174	-1.3951	6167.34	-13.835	4.06974
21.5002	13.3219	-1.87613	7204.03	-481.03	4.06021
22.1742	14.1144	-1.95063	10931.8	-74.4958	4.06974
22.8483	14.9068	-1.30677	10194.4	643.856	4.06593
23.5175	15.7041	-0.791688	6085.94	515.085	4.06783
24.1868	16.4652	-0.957707	6497.74	-166.019	4.06593
24.8536	17.2286	-1.34509	5652.59	-387.378	4.06974
25.5228	18.0018	-1.5292	871.37	-184.111	4.06783
26.1993	18.7821	-1.57283	-1735.92	-43.6332	4.06783
26.8855	19.5867	-1.3983	-510.085	174.533	4.06593
27.5837	20.4057	-1.43661	1910.45	-38.3121	4.06593
28.2964	21.232	-1.40149	-158.137	35.1193	4.06974
29.0236	22.0969	-1.52494	3730.05	-123.45	4.07355
29.7388	22.9304	-1.77929	11812.9	-254.35	4.06974
30.4515	23.764	-2.12623	11379.5	-346.937	4.06783
31.1473	24.5975	-2.26245	12828	-136.221	4.06783
31.8311	25.4286	-1.89423	11700.3	368.222	4.06212
32.5051	26.2428	-1.23973	10939	654.498	4.06783
33.1695	27.0522	-1.0354	10017.2	204.331	4.06593
33.8219	27.8325	-1.08116	4563.23	-45.7616	4.06021
34.4694	28.5912	-0.943872	5367.68	137.285	4.06593
35.1168	29.3498	-0.667173	5386.83	276.699	4.06212
35.7716	30.1205	-0.339392	1256.84	327.781	4.06593
36.4384	30.8695	-0.255318	-3323.27	84.0738	4.06974
37.1149	31.6185	-0.305337	-3287.36	-50.0186	4.06783
37.8059	32.3819	-0.343649	3071.64	-38.3121	4.06783
38.5089	33.1575	-0.793816	8446.62	-450.167	4.06783
39.2265	33.9572	-1.16097	5178.54	-367.158	4.06212
39.9561	34.7496	-0.703357	1369.36	457.617	4.06783
40.7051	35.5276	0.537529	7156.15	1240.89	4.06212
41.4734	36.3055	1.57302	7656.54	1035.49	4.06593
42.2634	37.0956	1.50597	3572.03	-67.046	4.06021
43.0607	37.859	0.279987	5135.44	-1225.99	4.06021
43.8628	38.6273	-0.755504	5530.49	-1035.49	4.06212
44.6698	39.4174	-1.17162	5923.14	-416.112	4.06212
45.4864	40.2171	-0.804458	763.631	367.158	4.06212
46.3175	41.0361	-0.401117	-1309.75	403.341	4.06783
47.1607	41.8551	0.0352152	4163.4	436.332	4.06593
48.0305	42.6693	0.244868	3923.98	209.652	4.06593
48.9196	43.498	0.23529	2317.47	-9.57802	4.06593
49.8183	44.3581	-0.425594	3885.67	-660.884	4.06593
50.7243	45.2037	-1.27165	8544.79	-846.059	4.06593
51.64	46.0542	-1.37063	8432.26	-98.9729	4.06212
52.5629	46.907	-0.506475	5980.6	864.151	4.06212
53.4955	47.7502	0.42685	4987	933.326	4.06212
54.4353	48.6007	0.253381	6246.35	-173.469	4.06593
55.3752	49.4414	-0.687394	9227.13	-940.775	4.06974
56.3126	50.2798	-1.53984	7096.29	-852.444	4.07355
57.2403	51.1157	-1.70054	4694.91	-160.698	4.06974
58.1778	51.9783	-1.1365	2911.23	564.039	4.06783
59.1224	52.8142	-0.525632	2022.98	610.865	4.06783
60.0816	53.6574	-0.224456	3035.73	301.176	4.06783
61.0528	54.5223	-0.645889	4117.91	-421.433	4.06593
62.0216	55.3873	-1.13118	7642.17	-485.286	4.06593
62.9856	56.2546	-1.17162	11903.9	-40.4407	4.06783
63.9375	57.1002	-0.744862	12744.2	426.754	4.06212
64.8798	57.9313	-0.599063	6246.35	145.799	4.06212
65.8148	58.7721	-0.776789	2827.43	-177.726	4.06212
66.7474	59.6443	-1.13543	2104.38	-358.644	4.06783
67.6751	60.4996	-1.5292	5236	-393.763	4.06212
68.6029	61.3621	-1.68883	1903.27	-159.634	4.06974
69.5306	62.2415	-1.47386	-773.447	214.974	4.06974
70.4584	63.1306	-1.12585	4817.01	348.002	4.06402
71.3837	64.039	-1.08648	6059.6	39.3764	4.06593
72.2994	64.9474	-1.81334	8427.47	-726.866	4.06593
73.203	65.8486	-2.08472	9243.89	-271.377	4.06783
74.0993	66.757	-1.46641	8358.04	618.315	4.06783
74.986	67.6751	-0.556494	6622.24	909.912	4.06212
75.8751	68.5497	0.0554355	5202.48	611.93	4.06212
76.7594	69.4364	-0.0786569	3816.24	-134.092	4.06212
77.6388	70.3376	-0.578843	1539.35	-500.186	4.06593
78.5158	71.2436	-1.14288	4010.17	-564.039	4.06974
79.3952	72.1448	-1.20886	2865.74	-65.9819	4.06783
80.2771	73.0459	-1.01518	751.66	193.689	4.06212
81.1686	73.9399	-0.657595	5638.23	357.58	4.06593
82.0794	74.8483	-0.137189	3859.33	520.406	4.07546
83.012	75.7809	0.311914	-3586.63	449.103	4.06593
83.9615	76.6893	0.287437	-1996.88	-24.4772	4.06402
84.9159	77.6026	0.0831053	2837.01	-204.331	4.06974
85.8726	78.54	-0.466035	3184.17	-549.14	4.06974
86.8293	79.4991	-1.3089	9758.65	-842.866	4.06212
87.7885	80.4921	-2.08153	8389.16	-772.627	4.06212
88.7477	81.4754	-1.97617	-689.65	105.358	4.07736
89.7117	82.4491	-1.19503	-1127.79	781.141	4.07736
90.6781	83.4421	-0.654403	6131.43	540.626	4.07546
91.6541	84.4592	-0.915138	7002.92	-260.735	4.06593
92.623	85.4425	-1.69734	7852.86	-782.205	4.06974
93.5845	86.4283	-1.83037	9751.46	-133.028	4.07355
94.5437	87.4116	-1.25888	5832.16	571.489	4.07736
95.5028	88.3949	-0.416016	4362.12	842.866	4.06974
96.4668	89.3903	-0.458585	2406.05	-42.569	4.06974
97.4357	90.3736	-0.820422	3009.39	-361.837	4.06974
98.4069	91.34	-1.33976	3986.23	-519.342	4.06593
99.3781	92.3137	-1.66116	2094.81	-321.396	4.06212
100.364	93.3212	-1.62498	1783.56	36.1837	4.06974
101.367	94.3045	-1.23334	-347.279	391.635	4.07546
102.389	95.2878	-0.198914	2032.56	1034.43	4.06974
103.418	96.2808	0.390666	6040.45	589.581	4.07355
104.447	97.2738	-0.166988	8516.06	-557.654	4.06593
105.479	98.2861	-1.01518	8856.03	-848.188	4.06402
106.508	99.2936	-1.58454	7742.73	-569.36	4.06974
107.535	100.294	-1.48876	5640.62	95.7804	4.07546
108.561	101.316	-1.30464	1345.42	184.111	4.06212
109.583	102.372	-1.15246	-1376.79	152.184	4.07355
110.613	103.408	-1.20674	426.048	-54.2755	4.06783
111.632	104.454	-1.68138	7553.59	-474.644	4.06974
112.649	105.522	-1.81441	5221.63	-133.028	4.06974
113.664	106.592	-1.38978	2291.13	424.626	4.07355
114.676	107.675	-0.372383	6093.12	1017.4	4.06783
115.694	108.735	0.251253	8741.11	623.636	4.06974
116.713	109.779	-0.0818496	8168.9	-333.102	4.06974
117.728	110.832	-0.943872	6440.28	-862.022	4.06783
118.735	111.922	-1.50578	3967.07	-561.911	4.06783
119.745	112.985	-1.49408	1053.33	11.7066	4.07546
120.772	114.058	-1.17587	-1125.39	318.203	4.06593
121.811	115.145	-0.565008	-2214.76	610.865	4.06974
122.864	116.235	0.0543713	945.59	619.379	4.07355
123.93	117.341	0.332134	3399.65	277.763	4.06974
125.01	118.455	0.297015	2374.93	-35.1194	4.07736
126.092	119.54	0.194849	-1855.63	-102.166	4.07736
127.194	120.651	0.178886	-3538.75	-15.9634	4.07736
128.322	121.804	0.314042	-988.925	135.157	4.07546
129.47	122.932	0.116096	-1697.61	-197.946	4.07736
130.639	124.075	-0.260639	-1929.85	-376.736	4.06974
131.813	125.239	-1.01198	1620.75	-751.343	4.06974
132.985	126.418	-1.90274	6823.36	-890.756	4.07736
134.164	127.619	-1.89955	10146.5	3.19278	4.06974
135.353	128.791	-0.473484	9284.59	1426.06	4.06974
136.537	129.936	0.697163	9789.77	1170.65	4.06783
137.716	131.081	0.362997	12198.3	-334.167	4.07546
138.89	132.248	-0.570329	10393.1	-933.326	4.06974
140.059	133.367	-0.862991	9306.14	-292.662	4.07736
141.219	134.476	-0.539466	2190.57	323.524	4.07546
142.374	135.594	-0.103134	-3141.31	436.332	4.06974
143.526	136.713	0.130995	825.88	234.13	4.06974
144.676	137.856	-0.374511	4929.54	-505.507	4.07546
145.826	138.998	-0.749119	7127.42	-374.607	4.06974
146.979	140.139	-0.832128	1869.75	-83.0095	4.07736
148.126	141.301	-0.789559	-1379.18	42.5689	4.07546
149.283	142.499	-0.682073	1467.53	107.487	4.07546
150.45	143.669	-0.422402	3124.31	259.671	4.07355
151.617	144.848	-0.331942	411.683	90.4591	4.07736
152.782	146.048	-0.114841	-313.76	217.102	4.06974
153.946	147.259	-0.0573724	4714.06	57.4681	4.07355
155.113	148.472	0.233161	4618.3	290.533	4.07546
156.28	149.658	0.223583	4172.97	-9.57802	4.07355
157.442	150.839	-0.10207	5753.15	-325.653	4.06974
158.609	152.047	-0.510732	4055.66	-408.663	4.06974
159.779	153.277	-0.542659	4149.03	-31.9268	4.07546
160.948	154.473	-0.189336	4479.43	353.323	4.07736
162.12	155.674	0.113968	3777.93	303.304	4.06974
163.289	156.899	0.228904	2090.02	114.936	4.08118
164.466	158.143	-0.0137391	-4280.95	-242.643	4.08118
165.637	159.382	-0.222327	-2858.8	-208.588	4.08308
166.817	160.617	-0.350034	2456.33	-127.707	4.07927
167.998	161.842	-0.559687	2475.48	-209.652	4.08308
169.187	163.093	-0.884275	3236.84	-324.589	4.07736
170.383	164.372	-0.596935	2439.57	287.341	4.07546
171.581	165.609	0.0458575	2485.06	642.792	4.08308
172.782	166.838	0.12461	4077.21	78.7527	4.08308
173.985	168.061	0.338519	6047.63	213.909	4.07546
175.19	169.274	-0.0488586	4800.25	-387.378	4.07546
176.401	170.501	-0.256382	4309.44	-207.524	4.06974
177.614	171.707	0.119289	5403.59	375.671	4.07736
178.836	172.895	0.477933	3483.44	358.644	4.07736
180.076	174.096	0.762081	2152.27	284.148	4.07546
181.33	175.326	0.945128	4132.27	183.047	4.06974
182.586	176.522	0.780173	4029.32	-164.955	4.07736
183.842	177.72	0.481126	3909.61	-299.047	4.07546
185.101	178.933	0.0288299	8425.08	-452.296	4.06974
186.36	180.143	-0.0169318	5403.59	-45.7617	4.07736
187.623	181.378	0.00541691	-1556.35	22.3487	4.07927
188.889	182.608	0.0490501	-2269.82	43.6332	4.07736
190.153	183.83	-0.0030969	2082.84	-52.147	4.08308
191.409	185.082	-0.131868	548.152	-128.771	4.07736
192.663	186.374	-0.365998	3624.7	-234.13	4.07736
193.915	187.616	0.0660777	8030.03	432.075	4.07736
195.169	188.86	0.339584	3473.87	273.506	4.07736
196.42	190.119	0.586484	3533.72	246.9	4.07927
197.672	191.387	0.484318	3696.53	-102.166	4.07736
198.925	192.67	0.121417	2798.7	-362.901	4.07546
200.177	193.941	-0.154217	2473.09	-275.634	4.07546
201.431	195.219	-0.214878	-115.041	-60.6608	4.08118
202.685	196.536	-0.0286383	-751.899	186.239	4.08118
203.948	197.872	0.0447932	349.434	73.4315	4.08308
205.229	199.116	-0.0339594	-1683.24	-78.7527	4.08118
206.507	200.477	0.133124	-1271.44	167.083	4.07736
207.802	201.793	0.998339	1244.87	865.215	4.08308
209.116	203.098	1.72201	5303.04	723.673	4.08118
210.431	204.407	1.50385	5104.32	-218.166	4.08118
211.745	205.693	0.44707	5482.6	-1056.78	4.08118
213.049	206.951	-0.446879	13531.9	-893.949	4.07736
214.347	208.222	-0.567136	6392.4	-120.257	4.07736
215.644	209.52	-0.223392	-1757.46	343.745	4.07736
216.947	210.774	0.0703346	749.265	293.726	4.08118
218.256	212.03	0.40663	1920.03	336.295	4.07927
219.573	213.301	0.583291	2875.32	176.661	4.07736
220.897	214.584	0.402373	1788.35	-180.918	4.06974
222.223	215.876	0.343841	5896.8	-58.5324	4.07736
223.549	217.152	-0.0467301	4711.67	-390.571	4.08308
224.873	218.423	-0.333007	-225.175	-286.277	4.07736
226.197	219.723	-0.242548	648.709	90.4592	4.07546
227.526	221.073	-0.179758	840.245	62.7893	4.07736
228.862	222.392	-0.112712	557.729	67.0462	4.07736
230.203	223.728	-0.0956845	-55.1864	17.0276	4.08308
231.539	225.091	-0.377704	936.013	-282.02	4.07736
232.875	226.454	-0.681008	4247.19	-303.304	4.07736
234.211	227.836	-0.509668	6674.91	171.34	4.07546
235.545	229.193	0.365125	9916.66	874.793	4.08118
236.879	230.534	0.927036	7967.78	561.911	4.08118
238.21	231.89	0.604576	3222.48	-322.46	4.08499
239.534	233.274	0.0373437	2264.8	-567.232	4.07927
240.865	234.612	-0.0243814	-1541.99	-61.7251	4.08118
242.192	235.922	0.226776	-1551.56	251.157	4.08499
243.511	237.318	0.352354	1754.83	125.579	4.08308
244.852	238.698	0.337455	1101.21	-14.8991	4.08118
246.197	240.097	0.240611	-3392.7	-96.8445	4.07736
247.55	241.486	0.350226	-5734.23	109.615	4.08118
248.908	242.866	0.501346	-2288.98	151.12	4.08118
250.278	244.277	0.208684	1079.67	-292.662	4.08499
251.655	245.714	0.13206	1185.01	-76.6242	4.08118
253.035	247.096	-0.108455	5449.08	-240.515	4.08308
254.412	248.478	-0.518182	11125.7	-409.727	4.07927
255.791	249.865	-0.313851	11808.1	204.331	4.08118
257.166	251.242	0.0298941	8863.21	343.745	4.07927
258.541	252.634	0.314042	2058.89	284.148	4.08308
259.92	254.008	0.408758	-522.056	94.7161	4.07736
261.302	255.366	0.391731	1776.38	-17.0276	4.08308
262.684	256.741	0.233161	4180.16	-158.57	4.08118
264.069	258.159	0.130995	5815.4	-102.166	4.07736
265.463	259.541	0.0564997	3576.82	-74.4958	4.08499
266.859	260.933	0.0256372	-1161.31	-30.8625	4.08118
268.26	262.339	0.0203161	-1893.93	-5.32112	4.08118
269.654	263.757	0.224647	754.054	204.331	4.08308
271.046	265.197	0.293822	-840.485	69.1746	4.08308
272.44	266.627	0.289565	299.155	-4.2569	4.08118
273.827	268.04	0.390666	6600.69	101.101	4.08499
275.221	269.466	0.78443	7110.66	393.763	4.08118
276.637	270.899	0.858926	4929.54	74.4958	4.08499
277.997	272.339	0.703549	3124.31	-155.377	4.08499
279.381	273.762	0.781237	-57.5806	77.6883	4.08499
280.771	275.204	0.834448	739.689	53.2113	4.08308
282.167	276.649	0.782301	2166.63	-52.1471	4.08499
283.566	278.123	0.614154	452.384	-168.147	4.08499
284.979	279.587	0.477933	1445.98	-136.221	4.08308
286.402	281.031	0.807843	1922.42	329.91	4.08308
287.83	282.503	0.913201	-2923.44	105.358	4.08308
289.251	284.01	0.803586	-6507.56	-109.615	4.08118
290.676	285.458	0.675879	866.581	-127.707	4.08499
292.102	286.9	0.484318	5250.36	-191.561	4.08499
293.532	288.347	0.347033	1505.83	-137.285	4.08499
294.969	289.794	0.558814	2413.24	211.781	4.08499
296.412	291.256	0.952577	6334.94	393.763	4.08118
297.859	292.708	1.00579	5896.8	53.2114	4.08499
299.313	294.138	1.03027	4716.46	24.4771	4.08308
300.77	295.578	0.745053	8379.59	-285.212	4.08308
302.23	297.057	0.449199	5853.7	-295.855	4.08118
303.694	298.497	0.249124	1513.02	-200.074	4.09261
305.165	299.949	0.314042	2087.62	64.9177	4.08499
306.634	301.432	0.510924	1876.93	196.882	4.0888
308.103	302.904	0.614154	246.483	103.23	4.08499
309.569	304.406	0.593933	1680.61	-20.2203	4.08499
311.036	305.897	0.551364	567.306	-42.569	4.08499
312.493	307.368	0.500282	828.274	-51.0828	4.08308
313.952	308.854	0.662044	4498.59	161.762	4.08499
315.416	310.376	0.839769	62.1295	177.726	4.08118
316.88	311.862	0.831256	-399.951	-8.51387	4.08118
318.337	313.358	0.699292	1060.51	-131.964	4.08118
319.789	314.861	0.635438	325.492	-63.8534	4.08308
321.236	316.366	0.713127	457.173	77.6884	4.08499
322.693	317.895	0.675879	19.0339	-37.2479	4.08308
324.162	319.415	0.59819	1187.4	-77.6885	4.08308
325.643	320.922	0.586484	3672.59	-11.7065	4.08499
327.127	322.452	0.572649	2726.88	-13.8349	4.08308
328.61	324.003	0.692906	-572.334	120.257	4.08118
330.091	325.506	0.719512	-4326.44	26.6056	4.08499
331.572	327.016	0.624796	-687.256	-94.716	4.07736
333.06	328.542	0.373639	5343.74	-251.157	4.07736
334.549	330.062	0.3034	4261.56	-70.2389	4.08499
336.037	331.587	0.452392	3200.93	148.992	4.08499
337.532	333.092	0.460905	1213.74	8.51381	4.08118
339.033	334.587	0.469419	3991.01	8.51378	4.08499
340.538	336.112	0.373639	8003.7	-95.7803	4.0888
342.043	337.673	0.298079	3988.62	-75.56	4.08499
343.558	339.19	0.315106	337.463	17.0276	4.0869
345.073	340.702	0.382153	3392.46	67.0462	4.08308
346.588	342.229	0.47474	2681.39	92.5876	4.08499
348.103	343.768	0.493896	-644.16	19.1561	4.08118
349.615	345.329	0.446006	2475.48	-47.8902	4.08118
351.123	346.873	0.25551	6090.73	-190.496	4.08308
352.628	348.397	0.265088	4757.16	9.57802	4.08118
354.131	349.944	0.392795	3971.86	127.707	4.10024
355.626	351.526	0.592869	7127.42	200.074	4.07927
357.119	353.051	0.715255	1965.52	122.386	4.08499
358.62	354.575	0.758888	-2593.04	43.6333	4.08308
360.122	356.117	0.716319	287.184	-42.569	4.08308
361.627	357.665	0.630117	1117.97	-86.2022	4.0869
363.14	359.236	0.602447	-1640.15	-27.67	4.07736
364.664	360.794	0.706741	-2188.42	104.294	4.08308
366.199	362.338	0.650337	-198.838	-56.4039	4.08118
367.738	363.898	0.618411	-4221.1	-31.9268	4.0888
369.281	365.505	0.544979	-5655.22	-73.4315	4.08499
370.828	367.061	0.404501	-1819.71	-140.478	4.09071
372.386	368.619	0.532208	220.147	127.707	4.08499
373.952	370.192	0.609897	4007.77	77.6884	4.08499
375.522	371.763	0.878082	6694.07	268.185	4.08499
377.097	373.369	0.933421	7651.75	55.3396	4.0888
378.68	374.923	0.883403	9531.2	-50.0185	4.09261
380.253	376.471	0.765274	5892.01	-118.129	4.0888
381.833	378.042	0.692906	3105.16	-72.3672	4.09071
383.413	379.646	0.70887	1034.18	15.9634	4.0869
384.995	381.202	0.706741	1173.04	-2.12848	4.0888
386.578	382.768	0.758888	567.306	52.1471	4.08499
388.153	384.362	0.730154	-1558.75	-28.7341	4.0888
389.726	385.954	0.734411	1886.51	4.25696	4.0869
391.296	387.561	0.572649	6358.88	-161.762	4.08499
392.854	389.148	0.137381	5382.05	-435.268	4.08499
394.408	390.721	0.1725	2592.8	35.1194	4.0888
395.954	392.318	0.37896	892.918	206.46	4.08499
397.5	393.966	0.485382	402.106	106.423	4.08499
399.056	395.565	0.497089	818.697	11.7065	4.09071
400.615	397.174	0.490704	-423.893	-6.38536	4.0888
402.173	398.803	0.508795	-196.444	18.0918	4.09261
403.736	400.434	0.472612	35.7933	-36.1836	4.08118
405.304	402.089	0.40663	-2916.26	-65.982	4.08499
406.879	403.734	0.352354	-7735.79	-54.2755	4.08499
408.467	405.372	0.324684	-7017.52	-27.6698	4.0888
410.066	407.032	0.293822	-1728.73	-30.8625	4.09261
411.668	408.723	0.355547	385.347	61.7251	4.08499
413.275	410.349	0.547108	1230.5	191.561	4.0888
414.886	411.985	0.591805	9744.28	44.6975	4.08308
416.51	413.637	0.4343	11920.6	-157.505	4.0869
418.138	415.29	0.536465	4520.13	102.166	4.08308
419.771	416.962	0.593933	3311.06	57.4682	4.0869
421.409	418.624	0.421529	4208.89	-172.404	4.08308
423.06	420.334	0.221455	-670.496	-200.074	4.0888
424.71	421.939	0.146959	-4879.5	-74.4958	4.0888
426.316	423.639	0.127803	-1922.66	-19.1561	4.09071
427.95	425.29	0.253381	380.558	125.579	4.0888
429.578	426.937	0.486447	2437.18	233.065	4.08499
431.202	428.592	0.544979	6315.78	58.5323	4.09071
432.813	430.245	0.203363	6710.83	-341.616	4.08499
434.415	431.917	0.0639493	4405.21	-139.413	4.0888
436.009	433.569	0.193785	1467.53	129.835	4.0888
437.606	435.2	0.42685	-1120.61	233.065	4.08308
439.206	436.855	0.531144	1340.63	104.294	4.08499
440.803	438.551	0.467291	2772.37	-63.8535	4.08499
442.402	440.187	0.521566	505.057	54.2755	4.08499
443.997	441.813	0.588612	-620.218	67.0461	4.08499
445.603	443.448	0.682264	-91.0994	93.6519	4.0888
447.215	445.084	0.565199	-146.166	-117.065	4.08499
448.829	446.737	0.360868	-4592.2	-204.331	4.08499
450.445	448.365	0.316171	-6656	-44.6975	4.0869
452.064	449.979	0.223583	404.5	-92.5876	4.0888
453.687	451.617	-0.0243814	7680.48	-247.964	4.08499
455.318	453.301	0.0267014	7749.91	51.0828	4.0888
456.952	454.929	0.339584	2592.8	312.882	4.08499
458.594	456.567	0.215069	-2396.72	-124.514	4.08499
460.237	458.234	-0.00522535	76.4947	-220.295	4.08118
461.878	459.909	-0.118033	1074.88	-112.808	4.08499
463.523	461.607	-0.146767	639.132	-28.7341	4.08499
465.164	463.291	-0.132932	1424.43	13.8349	4.09261
466.799	464.956	-0.00522535	828.274	127.707	4.0888
468.449	466.661	0.0149949	3385.28	20.2203	4.09071
470.08	468.271	0.119289	6686.89	104.294	4.09261
471.73	470.017	0.150152	6229.59	30.8625	4.08499
473.31	471.677	0.243803	2817.86	93.6518	4.08499
474.929	473.354	0.494961	2015.8	251.157	4.08308
476.55	475.031	0.621603	1642.3	126.643	4.08499
478.171	476.736	0.525823	1187.4	-95.7803	4.0869
479.795	478.42	0.430043	-261.088	-95.7802	4.08499
481.423	480.085	0.455584	-5001.61	25.5414	4.08499
483.057	481.762	0.490704	-6878.66	35.1194	4.08308
484.699	483.465	0.574777	-3160.47	84.0738	4.08499
486.35	485.115	0.659915	186.628	85.138	4.08499
488.009	486.77	0.516245	1125.16	-143.67	4.0888
489.672	488.442	0.334262	-3632.12	-181.983	4.08499
491.341	490.123	0.160794	-5997.6	-173.469	4.0888
493.02	491.829	0.0905549	-522.056	-70.2389	4.08499
494.707	493.518	0.579034	4630.27	488.479	4.08499
496.403	495.19	0.913201	8863.21	334.167	4.08308
498.096	496.876	0.683328	6816.17	-229.873	4.08499
499.785	498.596	0.270409	8178.47	-412.919	4.08499
501.474	500.251	0.256574	4951.09	-13.8349	4.08118
503.163	501.909	0.423657	-1960.97	167.083	4.0888
504.856	503.586	0.559878	3622.31	136.221	4.08499
506.548	505.26	0.772723	5082.77	212.845	4.08499
508.234	506.951	0.703549	1098.82	-69.1745	4.08499
509.908	508.623	0.309785	988.686	-393.763	4.08499
511.575	510.285	-0.160602	2133.11	-470.388	4.08499
513.242	511.967	-0.0126749	2856.16	147.927	4.09071
514.907	513.685	0.431107	2386.9	443.782	4.0888
516.567	515.359	0.583291	931.225	152.184	4.0888
518.239	517.04	0.503474	655.892	-79.8169	4.09261
519.93	518.695	0.428979	-909.916	-74.4957	4.09261
521.568	520.396	0.402373	-936.253	-26.6057	4.0888
523.24	522.121	0.48219	603.219	79.8169	4.0888
524.924	523.822	0.515181	1766.8	32.991	4.08499
526.613	525.496	0.473676	-3117.37	-41.5048	4.0869
528.309	527.183	0.483254	-10381.4	9.57802	4.0869
530.017	528.917	0.563071	-5808.45	79.8169	4.08499
531.735	530.609	0.632246	964.744	69.1746	4.0888
533.467	532.305	0.762081	696.593	129.835	4.08499
535.206	534.015	0.917458	1529.78	155.377	4.08499
536.951	535.731	0.554557	6191.29	-362.901	4.0869
538.69	537.473	-0.0605651	10965.3	-615.122	4.08499
540.425	539.198	-0.165923	5853.7	-105.358	4.09071
542.157	540.901	0.149087	157.898	315.011	4.0869
543.887	542.628	0.418336	1218.53	269.249	4.08499
545.612	544.399	0.496025	3837.79	77.6884	4.0888
547.33	546.103	0.387474	4970.24	-108.551	4.09071
549.038	547.801	0.117161	3150.65	-270.313	4.08499
550.739	549.514	-0.0073538	2511.4	-124.514	4.08499
552.437	551.229	0.0362794	852.216	43.6332	4.0888
554.131	552.976	0.288501	28.6107	252.221	4.08499
555.827	554.708	0.431107	4019.75	142.606	4.0888
557.518	556.419	0.401309	2276.77	-29.7983	4.08499
559.212	558.139	0.393859	-4309.68	-7.44957	4.0869
560.908	559.891	0.481126	-988.925	87.2665	4.09071
562.609	561.599	0.463034	2118.75	-18.0918	4.09452
564.329	563.314	0.345969	1402.88	-117.065	4.09071
566.071	565.001	0.389602	301.55	43.6333	4.09261
567.762	566.721	0.519438	-1228.35	129.835	4.09071
569.492	568.453	0.52263	-7891.41	3.19266	4.0869
571.229	570.159	0.532208	-11133.2	9.57805	4.0888
572.976	571.862	0.544979	-794.995	12.7707	4.0888
574.728	573.587	0.338519	6978.98	-206.46	4.08499
576.479	575.351	0.0650135	8575.91	-273.506	4.08499
578.228	577.045	-0.262768	8262.27	-327.781	4.08499
579.98	578.748	-0.267025	4062.84	-4.25687	4.09071
581.734	580.478	-0.135061	2465.91	131.964	4.09261
583.483	582.217	-0.0392806	3054.88	95.7803	4.0869
585.232	583.976	0.00222423	727.718	41.5048	4.0888
586.984	585.711	0.0692704	339.857	67.0462	4.0888
588.721	587.433	-0.0360879	2477.88	-105.358	4.0888
590.454	589.166	0.0575639	4618.3	93.6518	4.09071
592.186	590.944	0.345969	3165.01	288.405	4.08499
593.916	592.662	0.317235	1319.09	-28.7341	4.08499
595.643	594.38	0.369382	2312.68	52.147	4.09071
597.368	596.112	0.40663	667.863	37.2479	4.08499
599.096	597.847	0.403437	-423.893	-3.19263	4.08499
600.828	599.605	0.339584	390.135	-63.8535	4.08308
602.565	601.343	0.364061	1268.81	24.4772	4.0888
604.307	603.055	0.411951	-1733.52	47.8901	4.09261
606.054	604.766	0.449199	-8451.65	37.2479	4.09643
607.801	606.537	0.135252	-8489.96	-313.946	4.09071
609.571	608.165	0.0628851	-8489.96	-72.3673	4.09071
611.323	609.946	-0.00203267	1975.1	-64.9177	4.09261
613.092	611.681	-0.0243814	3823.42	-22.3487	4.0888
614.87	613.42	0.264024	7235.16	288.405	4.0888
616.665	615.191	0.341712	7690.06	77.6885	4.08499
618.467	616.96	0.315106	4187.34	-26.6056	4.09261
620.262	618.719	0.117161	1532.17	-197.946	4.0888
622.057	620.497	0.053307	-483.749	-63.8535	4.0888
623.855	622.311	0.0586282	-617.824	5.32112	4.09071
625.65	624.06	-0.0360879	1311.9	-94.716	4.09452
627.438	625.814	-0.148896	7587.11	-112.808	4.0869
629.219	627.583	-0.0818496	6258.32	67.0462	4.0888
630.985	629.356	-0.110584	1666.24	-28.7341	4.0888
632.748	631.151	-0.0892991	3294.3	21.2845	4.08499
634.505	632.927	0.0394721	830.668	128.771	4.09261
636.259	634.676	0.102261	-1228.35	62.7893	4.09261
638.008	636.44	0.107583	-3821.27	5.32112	4.0888
639.752	638.24	0.100133	-1939.42	-7.44957	4.0888
641.502	639.984	0.0926834	3229.66	-7.44957	4.0888
643.253	641.724	0.196977	-1053.57	104.294	4.0888
645.012	643.475	0.141638	-6438.13	-55.3397	4.08499
646.776	645.225	0.130995	-4472.49	-10.6423	4.0888
648.542	646.993	0.127803	38.1875	-3.19268	4.09071
650.318	648.75	0.171436	-232.357	43.6332	4.09261
652.103	650.499	0.219326	-2059.13	47.8901	4.09071
653.913	652.26	0.614154	-481.354	394.828	4.09071
655.73	654.079	0.846155	4062.84	232.001	4.09452
657.571	655.778	0.529016	3603.15	-317.139	4.09261
659.383	657.629	-0.331942	3897.64	-860.958	4.0888
661.211	659.431	-0.819358	4979.82	-487.415	4.09071
663.043	661.226	-0.645889	1287.96	173.469	4.0888
664.862	663.036	-0.383025	3907.22	262.864	4.0888
666.667	664.833	-0.330878	2571.25	52.147	4.0888
668.46	666.614	-0.0360879	-12.0907	294.79	4.08499
670.252	668.411	0.321492	1805.11	357.58	4.08499
672.055	670.247	0.460905	2152.27	139.414	4.08499
673.857	672.026	0.250189	2322.26	-210.717	4.0888
675.652	673.813	0.188464	1113.18	-61.7251	4.0869
677.438	675.621	0.419401	-478.96	230.937	4.0888
679.218	677.418	0.558814	-955.406	139.413	4.0888
681.006	679.23	0.667365	2334.23	108.551	4.0888
682.806	681.016	0.505603	581.671	-161.762	4.0888
684.608	682.779	0.516245	-2667.26	10.6422	4.08499
686.415	684.572	0.466226	-1343.27	-50.0186	4.08499
688.227	686.408	0.564135	95.6483	97.9087	4.09261
690.044	688.184	0.669493	880.947	105.358	4.08499
691.861	689.955	0.62586	1343.03	-43.6332	4.0888
693.683	691.75	0.309785	-1553.96	-316.075	4.09261
695.512	693.545	-0.0297025	605.613	-339.488	4.09833
697.333	695.364	-0.162731	4632.66	-133.028	4.09071
699.191	697.147	-0.14251	1443.58	20.2202	4.09261
700.982	698.95	0.0501144	-409.528	192.625	4.08499
702.806	700.764	0.0692704	5185.72	19.1561	4.09261
704.63	702.625	-0.119097	6981.37	-188.368	4.0888
706.449	704.422	-0.327686	2415.63	-208.588	4.0888
708.251	706.224	-0.196786	2899.26	130.9	4.09261
710.056	708.041	0.0990687	3538.51	295.855	4.08499
711.859	709.856	0.306593	220.147	207.524	4.0869
713.656	711.699	0.191656	1158.67	-114.936	4.0888
715.444	713.53	0.127803	2817.86	-63.8535	4.08499
717.234	715.338	0.157601	-385.586	29.7983	4.0869
719.029	717.162	0.184207	-3050.33	26.6056	4.08499
720.822	719.02	0.209748	-6732.62	25.5414	4.0869
722.617	720.805	0.243803	-6165.19	34.0552	4.09071
724.419	722.586	0.277859	-953.012	34.0552	4.09071
726.229	724.383	0.233161	509.845	-44.6975	4.09452
728.046	726.186	0.221455	102.831	-11.7065	4.09261
729.865	728.012	0.244868	-270.665	23.413	4.0888
731.682	729.819	0.107583	-2198	-137.285	4.08499
733.516	731.617	0.129931	1208.95	22.3487	4.09071
735.359	733.429	0.301272	6208.05	171.34	4.08499
737.203	735.291	0.432171	5372.47	130.9	4.09643
739.048	737.099	0.133124	3258.39	-299.047	4.09261
740.894	738.908	0.0171234	2147.48	-116.001	4.09833
742.735	740.742	0.0288299	3627.1	11.7065	4.0888
744.579	742.506	-0.0201245	3655.83	-48.9544	4.09452
746.391	744.388	-0.146767	617.584	-126.643	4.09071
748.212	746.197	-0.306401	148.321	-159.634	4.08499
750.024	747.988	-0.550109	1584.84	-243.708	4.0888
751.829	749.807	-0.597999	1311.9	-47.8901	4.08499
753.629	751.679	-0.494769	-328.125	103.23	4.09261
755.434	753.491	-0.358548	-203.627	136.221	4.0888
757.239	755.303	-0.306401	634.344	52.147	4.0888
759.046	757.13	-0.259575	280.002	46.8259	4.08499
760.855	758.961	-0.226584	19.0339	32.991	4.0888
762.663	760.814	-0.262768	986.291	-36.1837	4.0888
764.472	762.648	-0.265961	667.863	-3.19269	4.08499
766.282	764.455	-0.422402	864.187	-156.441	4.09071
768.091	766.272	-0.554366	-1668.88	-131.964	4.09071
769.901	768.125	-0.626733	-4613.75	-72.3674	4.0888
771.711	769.915	-0.50754	1515.41	119.193	4.09071
773.53	771.703	-0.0520513	4709.27	455.488	4.08499
775.352	773.515	-0.104198	3138.68	-52.147	4.09261
777.18	775.342	-0.345777	2236.06	-241.579	4.0888
779.012	777.202	-0.502219	2221.7	-156.441	4.09261
780.846	779.046	-0.545852	1096.42	-43.6332	4.09261
782.679	780.877	-0.562879	-237.146	-17.0276	4.09261
784.523	782.732	-0.503283	1790.74	59.5966	4.09261
786.405	784.573	-0.397924	1644.7	105.358	4.09261
788.219	786.407	-0.508604	904.889	-110.68	4.09261
790.055	788.236	-0.828936	2116.35	-320.332	4.09071
791.887	790.096	-0.826807	1479.5	2.12848	4.09071
793.716	791.957	-0.554366	-586.699	272.442	4.09261
795.552	793.839	-0.305337	1089.24	249.029	4.0888
797.39	795.697	-0.181887	1644.7	123.45	4.09643
799.234	797.535	-0.194657	227.329	-12.7707	4.08308
801.077	799.393	-0.171245	1055.72	23.4129	4.0888
802.926	801.285	-0.0637577	502.663	107.487	4.0888
804.774	803.109	0.0926834	493.086	156.441	4.0888
806.629	804.921	-0.0882349	-2992.87	-180.918	4.08499
808.482	806.743	-0.463906	-6002.38	-375.671	4.0888
810.338	808.572	-0.55543	617.584	-91.5234	4.08499
812.201	810.415	-0.179758	4793.07	375.672	4.09071
814.071	812.249	0.0511786	4419.58	230.937	4.0888
815.945	814.073	-0.213813	4663.79	-264.992	4.0888
817.82	815.914	-0.434108	2295.92	-220.295	4.09452
819.695	817.791	-0.606513	-1106.24	-172.404	4.09261
821.568	819.628	-0.65866	-471.777	-52.1471	4.09452
823.452	821.437	-0.410695	2702.93	247.964	4.09643
825.329	823.288	-0.24574	3143.47	164.955	4.09261
827.199	825.119	-0.400053	995.868	-154.313	4.09643
829.069	826.989	-0.684201	1651.88	-284.148	4.09643
830.927	828.849	-1.02369	1029.39	-339.488	4.0888
832.783	830.703	-1.04284	1302.33	-19.1561	4.0888
834.638	832.577	-0.80978	2942.35	233.065	4.09071
836.491	834.479	-0.653338	-941.041	156.441	4.09071
838.337	836.313	-0.627797	-2162.08	25.5414	4.0888
840.193	838.154	-0.826807	1230.5	-199.01	4.09261
842.046	840.011	-0.616091	775.602	210.717	4.09261
843.906	841.862	-0.4522	-335.308	163.891	4.09071
845.771	843.727	-0.298952	1050.93	153.248	4.0888
847.644	845.563	-0.335135	198.599	-36.1837	4.08499
849.516	847.375	-0.549044	1431.61	-213.909	4.08499
851.391	849.209	-0.715064	849.822	-166.019	4.09071
853.283	851.096	-0.660788	2374.93	54.2755	4.09071
855.186	852.92	-0.401117	2022.98	259.671	4.08499
857.102	854.742	-0.120162	-376.009	280.955	4.0888
859.006	856.59	-0.202107	1019.81	-81.9454	4.0888
860.908	858.424	-0.279795	-1427.06	-77.6884	4.10024
862.804	860.301	-0.175501	-562.757	104.294	4.09261
864.708	862.072	-0.156345	4199.31	19.1561	4.09643
866.59	863.981	-0.2053	2628.71	-48.9544	4.09643
868.472	865.836	-0.285117	-9.69655	-79.8169	4.09261
870.354	867.733	-0.459649	2192.97	-174.533	4.0888
872.227	869.564	-0.68633	1264.02	-226.68	4.08499
874.106	871.405	-0.67888	1548.93	7.44957	4.0888
875.981	873.268	-0.638439	-328.125	40.4406	4.09071
877.858	875.133	-0.586292	-1067.93	52.147	4.0888
879.731	877.025	-0.562879	584.065	23.413	4.09071
881.603	878.893	-0.556494	-615.43	6.38527	4.0888
883.478	880.738	-0.526696	-83.9168	29.7983	4.09261
885.358	882.603	-0.458585	538.576	68.1104	4.09071
887.24	884.502	-0.489448	-1611.42	-30.8626	4.08118
889.124	886.331	-0.601191	-4834.01	-111.744	4.08499
891.016	888.168	-0.682073	-297.001	-80.8812	4.0888
892.915	890.021	-0.438365	5341.34	243.708	4.09261
894.819	891.874	-0.3213	4979.82	117.065	4.09833
896.728	893.758	-0.435172	1472.31	-113.872	4.09261
898.629	895.623	-0.526696	1661.46	-91.5234	4.09643
900.53	897.489	-0.475613	2039.74	51.0829	4.09833
902.444	899.361	-0.516053	110.014	-40.4406	4.09261
904.365	901.289	-0.430915	519.422	85.1381	4.09643
906.28	903.149	-0.330878	1536.96	100.037	4.09261
908.189	905.01	-0.596935	2437.18	-266.056	4.09261
910.088	906.894	-0.705486	2362.96	-108.551	4.09261
911.987	908.793	-0.530953	2480.27	174.533	4.09261
913.893	910.728	-0.414952	981.503	116.001	4.0888
915.804	912.642	-0.436237	-1328.9	-21.2845	4.09071
917.713	914.526	-0.457521	-1606.63	-21.2845	4.09261
919.624	916.425	-0.383025	-1075.12	74.4958	4.09261
921.535	918.365	-0.378768	988.686	4.2569	4.09261
923.444	920.233	-0.193593	-7534.67	185.175	4.08499
925.365	922.088	-0.0775927	-10276	116.001	4.0888
927.293	923.963	0.0745915	-112.647	152.184	4.0888
929.225	925.843	-0.10207	1393.31	-176.661	4.09833
931.165	927.749	-0.297887	3844.97	-195.817	4.09261
933.11	929.622	-0.291502	9643.72	6.38536	4.09643
935.058	931.489	-0.493705	5281.49	-202.203	4.09643
937.007	933.374	-0.793816	-1146.94	-300.112	4.09071
938.96	935.323	-0.777853	1826.66	15.9634	4.09261
940.907	937.218	-0.65121	1812.29	126.643	4.09071
942.864	939.109	-0.534145	916.86	117.065	4.09071
944.806	941.013	-0.665045	1438.8	-130.9	4.09071
946.739	942.917	-1.01305	-172.502	-348.002	4.09261
948.662	944.85	-1.01837	-62.369	-5.32114	4.0888
950.583	946.761	-0.715064	2015.8	303.304	4.0888
952.509	948.653	-0.578843	3634.28	136.221	4.09071
954.437	950.569	-0.565008	406.895	13.835	4.09261
956.362	952.538	-0.629926	-780.63	-64.9177	4.09071
958.283	954.441	-0.687394	-780.63	-57.4681	4.0888
960.211	956.314	-1.85485	-9849.87	-1167.46	4.09261
962.139	958.172	-4.7953	-10764.5	-2940.45	4.09261
964.055	959.984	-6.8301	-9397.36	-2034.8	4.09452
965.99	961.774	-7.63891	-8135.62	-808.812	4.09071
967.913	963.463	-8.84042	-6632.06	-1201.51	4.09261
969.853	965.091	-10.8784	-13991.8	-2037.99	4.09261
971.808	966.681	-12.5748	-15141.1	-1696.37	4.0888
973.777	968.259	-13.1218	-6560.23	-547.011	4.0888
975.765	969.745	-12.7791	1357.39	342.679	4.0888
977.773	971.199	-12.3162	-3500.44	462.938	4.08499
979.788	972.646	-12.1385	-7544.25	177.727	4.0888
981.81	974.084	-12.1778	-1245.1	-39.3772	4.0888
983.827	975.533	-12.2151	-2193.21	-37.2477	4.0888
985.85	976.959	-12.5226	-6823.59	-307.561	4.0888
987.874	978.367	-12.661	-2758.24	-138.349	4.09643
989.906	979.795	-12.5088	-4917.81	152.184	4.09071
991.943	981.257	-12.5471	-15777.9	-38.312	4.09071
993.98	982.677	-12.6599	-12983.9	-112.808	4.09261
996.026	984.11	-12.7525	-5123.71	-92.5875	4.0888
998.072	985.569	-12.7685	-3076.67	-15.9645	4.08499
1000.13	987.041	-12.5716	-2032.8	196.883	4.08499
1002.2	988.546	-12.4524	-2743.88	119.192	4.0888
1004.27	990.049	-12.4694	-2217.15	-17.0269	4.09071
1006.36	991.549	-12.5971	-1589.87	-127.707	4.08499
1008.47	993.083	-12.5567	-5621.71	40.4406	4.09071
1010.59	994.687	-12.4673	-7860.28	89.3946	4.09261
1012.71	996.219	-12.3172	-3328.06	150.056	4.09261
1014.84	997.758	-12.3141	66.9179	3.19386	4.09261
1016.98	999.336	-12.3917	-1144.55	-77.6892	4.09261
1019.14	1000.92	-12.4662	-2066.32	-74.4953	4.09261
1021.29	1002.54	-12.561	311.126	-94.7161	4.09261
1023.44	1004.14	-12.4492	-3088.64	111.743	4.08499
1025.6	1005.73	-12.2598	-4225.89	189.433	4.09261
1027.77	1007.37	-12.2534	-373.615	6.3839	4.0888
1029.93	1009.06	-12.2321	-1281.02	21.2851	4.0888
1032.1	1010.73	-12.2279	-3081.46	4.2572	4.09833
1034.27	1012.41	-12.2119	-1407.91	15.9636	4.09261
1036.44	1014.14	-12.3343	210.57	-122.387	4.09643
1038.59	1015.89	-13.1218	4285.5	-787.525	4.10024
1040.72	1017.68	-14.2201	8482.54	-1098.28	4.09261
1042.83	1019.46	-14.6351	3303.88	-415.049	4.09261
1044.92	1021.25	-14.4212	-332.914	213.91	4.09261
1046.99	1023.07	-14.0498	3114.74	371.415	4.09643
1049.06	1024.96	-13.8093	3780.32	240.514	4.09261
1051.12	1026.79	-13.9104	-48.0038	-101.102	4.09071
1053.18	1028.64	-14.0817	-229.963	-171.339	4.08499
1055.24	1030.51	-13.9796	3299.09	102.164	4.09261
1057.31	1032.37	-12.8547	23855.7	1124.89	4.09261
1059.34	1034.21	-13.0409	16907.7	-186.238	4.09261
1061.35	1035.97	-5.71586	-57.5806	7325.06	4.09261
1063.31	1037.68	0.510924	7031.65	6226.78	4.09261
1065.24	1039.39	-3.77471	-897.945	-4285.63	4.0888
1067.12	1041.11	-9.57474	-4070.26	-5800.03	4.0888
1068.96	1042.77	-14.5989	6277.48	-5024.21	4.0888
1070.78	1044.4	-15.6302	6533.66	-1031.23	4.09071
1072.57	1046.04	-14.915	2777.15	715.159	4.0888
1074.35	1047.68	-14.153	2113.96	761.985	4.0869
1076.12	1049.33	-14.1232	766.025	29.7985	4.0888
1077.88	1050.98	-14.2605	2604.77	-137.284	4.09071
1079.64	1052.62	-14.318	531.393	-57.4675	4.09071
1081.38	1054.3	-14.3638	-1565.93	-45.7621	4.09071
1083.13	1056.01	-14.533	-445.441	-169.212	4.09261
1084.88	1057.68	-14.683	931.225	-150.057	4.10024
1086.64	1059.36	-14.7011	260.848	-18.0902	4.09261
1088.42	1061.07	-14.5521	1326.27	148.991	4.09071
1090.21	1062.8	-14.1307	4460.28	421.434	4.0888
1092.01	1064.54	-13.5784	4615.9	552.333	4.0888
1093.82	1066.27	-13.4804	256.06	97.908	4.08499
1095.61	1067.98	-14.5117	-8425.32	-1031.23	4.09071
1097.38	1069.73	-16.8679	5338.95	-2356.19	4.0869
1099.12	1071.53	-18.0406	8398.74	-1172.78	4.0888
1100.81	1073.26	-14.6138	1649.49	3426.8	4.0888
1102.46	1074.98	-10.6751	4515.34	3938.7	4.09071
1104.09	1076.72	-13.9913	2566.46	-3316.13	4.08499
1105.69	1078.47	-16.439	5039.67	-2447.72	4.08308
1107.29	1080.24	-17.0254	4539.29	-586.39	4.08499
1108.88	1081.98	-17.4681	-2566.7	-442.718	4.0888
1110.46	1083.71	-18.1556	-179.685	-687.489	4.08499
1112.04	1085.45	-19.3188	2829.83	-1163.2	4.08499
1113.61	1087.25	-20.1968	-7103.72	-877.983	4.08499
1115.19	1089.01	-19.8456	-4070.26	351.192	4.0888
1116.76	1090.78	-19.3326	-364.038	512.957	4.09261
1118.35	1092.58	-19.2603	5580.76	72.3686	4.09071
1119.93	1094.38	-20.2574	2808.28	-997.179	4.0888
1121.49	1096.21	-21.625	-1249.89	-1367.53	4.0888
1123.06	1098.03	-22.5083	6078.76	-883.308	4.08499
1124.6	1099.82	-22.0985	2901.65	409.729	4.08499
1126.14	1101.61	-21.2078	1244.87	890.757	4.08499
1127.65	1103.42	-21.9825	11087.4	-774.757	4.08118
1129.11	1105.14	-24.2504	12004.4	-2267.86	4.07736
1130.54	1106.86	-25.8499	-5437.35	-1599.53	4.08118
1131.93	1108.59	-26.9887	-14276.7	-1138.72	4.08308
1133.29	1110.32	-31.8852	-35230.8	-4896.5	4.08499
1134.62	1112.07	-21.8069	-40138.9	10078.2	4.0869
1135.92	1113.75	-16.473	-40138.9	5333.89	4.08499
1137.22	1115.41	-33.0462	-40138.9	-16573.2	4.08499
1138.5	1117.1	-34.8299	-20918.3	-1783.64	4.08499
1139.77	1118.82	-27.6038	3634.28	7226.09	4.08118
1141.03	1120.48	-15.345	-4494.04	12258.8	4.08118
1142.3	1122.14	-16.2581	-1146.94	-913.103	4.08118
1143.57	1123.82	-24.1589	2408.45	-7900.81	4.08499
1144.84	1125.5	-34.8299	-5650.44	-10671	4.08499
1146.12	1127.21	-34.8299	-5068.65	0	4.08499
1147.4	1128.91	-34.8299	172.263	0	4.08499
1148.69	1130.62	-34.8299	-2784.58	0	4.08499
1150	1132.35	-34.8299	155.503	0	4.08499
1151.31	1134.14	-34.8299	4211.28	0	4.08499
1152.64	1135.89	-34.8299	3607.94	0	4.08499
1153.99	1137.66	-34.8299	3849.76	0	4.08499
1155.35	1139.46	-34.8299	3983.83	0	4.0888
1156.73	1141.27	-34.8299	-342.491	0	4.08499
1158.13	1143.11	-34.8299	-1790.98	0	4.08308
1159.53	1144.95	-34.8299	1635.12	0	4.08499
1160.95	1146.79	-34.8299	4096.36	0	4.09261
1162.38	1148.66	-34.8299	6497.74	0	4.09071
1163.81	1150.58	-34.8299	8233.54	0	4.09261
1165.25	1152.44	-34.8299	3380.49	0	4.08499
1166.7	1154.3	-34.8299	1252.05	0	4.0869
1168.16	1156.18	-34.8299	2640.68	0	4.0888
1169.65	1158.06	-34.8299	2185.79	0	4.0888
1171.15	1159.98	-34.8299	5343.74	0	4.08499
1172.67	1161.87	-34.8299	2674.2	0	4.08499
1174.21	1163.74	-34.8299	241.695	0	4.08499
1175.77	1165.64	-34.8299	4498.59	0	4.08499
1177.34	1167.59	-34.8299	3986.23	0	4.08499
1178.92	1169.5	-34.8299	603.219	0	4.0869
1180.52	1171.42	-34.8299	306.338	0	4.08499
1182.12	1173.37	-34.8299	167.474	0	4.08499
1183.73	1175.33	-34.8299	658.286	0	4.08499
1185.35	1177.32	-34.8299	3818.63	0	4.08499
1186.98	1179.31	-34.8299	5257.55	0	4.08499
1188.62	1181.28	-34.8299	3445.14	0	4.08308
1190.29	1183.28	-34.8299	706.17	0	4.08499
1191.97	1185.28	-34.8299	28725.5	0	4.0888
1193.66	1187.17	-34.8299	32340.8	0	4.07927
1195.37	1189.02	-34.6532	3615.12	176.662	4.08308
1197.08	1190.85	-29.4757	4457.88	5177.46	4.08308
1198.77	1192.65	-34.8299	-2298.55	-5354.12	4.08308
1200.45	1194.44	-34.8299	1079.67	0	4.09071
1202.11	1196.16	-34.8299	10881.5	0	4.08499
1203.77	1197.81	-34.8299	6433.1	0	4.08308
1205.42	1199.45	-34.8299	6277.48	0	4.08499
1207.07	1201.09	-34.8299	2911.23	0	4.08499
1208.72	1202.63	-34.8299	1592.02	0	4.08499
1210.4	1204.16	-34.8299	1211.35	0	4.08308
1212.09	1205.67	-34.8299	3339.79	0	4.08118
1213.79	1207.18	-34.8299	7429.09	0	4.08499
1215.49	1208.71	-34.8299	2501.82	0	4.08118
1217.19	1210.23	-34.8299	679.834	0	4.08499
1218.9	1211.73	-34.8299	3493.02	0	4.0888
1220.62	1213.25	-34.8299	1347.82	0	4.08499
1222.36	1214.83	-34.8299	6768.29	0	4.08308
1224.08	1216.21	-34.8299	10891.1	0	4.08499
1225.8	1217.73	-34.8299	6545.63	0	4.08308
1227.54	1219.2	-34.8299	4249.59	0	4.08308
1229.3	1220.65	-34.8299	-1391.15	0	4.0869
1231.06	1222.1	-34.8299	-5583.4	0	4.08499
1232.83	1223.55	-34.8299	-2435.02	0	4.08499
1234.62	1224.98	-34.8299	1517.8	0	4.08499
1236.41	1226.43	-34.8299	1850.6	0	4.08499
1238.22	1227.92	-34.8299	849.822	0	4.08499
1240.03	1229.36	-34.8299	1580.05	0	4.08499
1241.86	1230.8	-34.8299	2202.55	0	4.08499
1243.7	1232.26	-34.8299	2731.66	0	4.08499
1245.57	1233.74	-34.8299	5295.85	0	4.08308
1247.45	1235.24	-34.8299	5671.74	0	4.08499
1249.34	1236.71	-34.8299	2078.05	0	4.08118
1251.24	1238.16	-34.8299	2834.62	0	4.08118
1253.16	1239.61	-34.8299	3770.75	0	4.08499
1255.08	1241.09	-34.8299	3799.48	0	4.08499
1257.01	1242.53	-34.8299	3708.5	0	4.08118
1258.94	1243.97	-34.8299	3066.85	0	4.08499
1260.89	1245.38	-34.8299	4941.51	0	4.09261
1262.78	1246.86	-34.8299	6117.07	0	4.08499
1264.7	1248.32	-34.8299	8554.36	0	4.08308
1266.62	1249.77	-34.8299	5288.67	0	4.08308
1268.55	1251.2	-34.8299	1290.35	0	4.08499
1270.47	1252.66	-34.8299	1563.29	0	4.0869
1272.39	1254.16	-34.8299	1515.41	0	4.08499
1274.32	1255.62	-34.8299	2564.07	0	4.08308
1276.26	1257.09	-34.8299	394.924	0	4.08499
1278.19	1258.58	-34.8299	-399.951	0	4.08499
1280.13	1260.1	-34.8299	2130.72	0	4.08499
1282.07	1261.64	-34.8299	5920.74	0	4.08308
1284.01	1263.18	-34.8299	4965.45	0	4.08499
1285.96	1264.68	-34.8299	4031.72	0	4.09071
1288.07	1266.32	-34.8299	5982.99	0	4.07736
1289.86	1267.86	-34.8299	6215.23	0	4.08499
1291.8	1269.39	-34.8299	12552.7	0	4.08308
1293.72	1270.91	-34.8299	8927.86	0	4.08499
1295.63	1272.45	-34.8299	1199.38	0	4.08499
1297.51	1274	-34.8299	3289.51	0	4.08308
1299.37	1275.54	-34.8299	3375.7	0	4.08499
1301.22	1277.06	-34.8299	3619.91	0	4.08308
1303.04	1278.56	-34.8299	6303.81	0	4.08118
1304.85	1280.08	-34.8299	7271.07	0	4.08499
1306.64	1281.64	-34.8299	4335.78	0	4.08499
1308.42	1283.14	-34.8299	-428.682	0	4.0888
1310.19	1284.67	-34.8299	3129.1	0	4.08499
1311.93	1286.21	-34.8299	2410.84	0	4.08308
1313.66	1287.76	-34.8299	1455.55	0	4.08499
1315.38	1289.33	-34.8299	5769.91	0	4.08499
1317.09	1290.89	-34.8299	3136.28	0	4.0869
1318.8	1292.44	-34.8299	4467.46	0	4.08118
1320.49	1294.02	-34.8299	6631.82	0	4.08499
1322.16	1295.64	-34.8299	7010.1	0	4.08499
1323.82	1297.2	-34.8299	9966.94	0	4.08499
1325.46	1298.76	-34.8299	10184.8	0	4.08499
1327.08	1300.33	-34.8299	11879.9	0	4.08499
1328.67	1301.9	-34.8299	12998	0	4.08499
1330.23	1303.48	-34.8299	9210.37	0	4.08308
1331.78	1305.05	-34.8299	9861.6	0	4.07736
1333.3	1306.61	-34.8299	3902.43	0	4.08499
1334.81	1308.17	-34.8299	-3754.23	0	4.07736
1336.31	1309.77	-34.8299	-1403.12	0	4.08308
1337.8	1311.31	-34.8299	-1233.13	0	4.07736
1339.3	1312.86	-34.8299	-794.995	0	4.08118
1340.79	1314.42	-34.8299	2559.28	0	4.07927
1342.27	1315.98	-34.8299	4311.84	0	4.08308
1343.75	1317.56	-34.8299	8362.83	0	4.08499
1345.21	1319.13	-34.8299	8377.19	0	4.08308
1346.68	1320.69	-34.8299	3021.36	0	4.08499
1348.15	1322.27	-34.8299	3445.14	0	4.08499
1349.62	1323.88	-34.8299	17207	0	4.08308
1351.1	1325.43	-34.8299	18447.2	0	4.08308
1352.57	1326.97	-34.8299	6926.31	0	4.08118
1354.02	1328.54	-34.8299	4472.25	0	4.08499
1355.45	1330.09	-34.8299	11990	0	4.08118
1356.86	1331.67	-34.8299	13711.5	0	4.08118
1358.25	1333.25	-34.8299	-4139.69	0	4.08118
1359.63	1334.81	-34.8299	-2411.08	0	4.08308
1361	1336.41	-34.8299	5868.07	0	4.08118
1362.37	1338.04	-34.8299	641.526	0	4.07736
1363.74	1339.61	-34.8299	809.12	0	4.08118
1365.12	1341.2	-34.8299	1953.55	0	4.08118
1366.52	1342.81	-34.8299	1208.95	0	4.08118
1367.92	1344.44	-34.8299	4544.08	0	4.08118
1369.34	1346.08	-34.8299	4821.8	0	4.07546
1370.77	1347.7	-34.8299	6380.43	0	4.08118
1372.21	1349.3	-34.8299	8010.88	0	4.07736
1373.64	1350.92	-34.8299	4058.05	0	4.08118
1375.1	1352.57	-34.8299	6706.04	0	4.07736
1376.56	1354.14	-32.1512	7754.7	2678.65	4.07927
1378.03	1355.69	-34.8299	9732.31	-2678.65	4.07736
1379.49	1357.25	-34.8299	10888.7	0	4.07736
1380.92	1358.8	-34.8299	17645.1	0	4.08118
1382.32	1360.32	-25.1837	21736.8	9646.14	4.06974
1383.69	1361.75	-28.0774	23714.4	-2893.63	4.06974
1385.04	1363.09	-19.2283	17312.4	8849.03	4.06212
1386.39	1364.38	-30.6006	2896.86	-11372.3	4.06974
1387.73	1365.65	-34.8299	-313.76	-4229.23	4.06593
1389.07	1366.84	-34.8299	-802.177	0	4.06783
1390.42	1367.97	-34.8299	1855.39	0	4.08308
1391.88	1369.19	-34.8299	-24.0618	0	4.07355
1393.2	1370.32	-34.8299	-6483.62	0	4.07355
1394.53	1371.41	-34.8299	-4474.88	0	4.07927
1395.93	1372.6	-34.8299	4632.66	0	4.07355
1397.34	1373.73	-34.8299	2204.94	0	4.07736
1398.77	1374.89	-34.8299	138.744	0	4.07355
1400.21	1376.08	-34.8299	914.465	0	4.07736
1401.68	1377.25	-34.8299	1271.2	0	4.07736
1403.16	1378.44	-34.8299	490.692	0	4.07355
1404.67	1379.67	-34.8299	-7438.9	0	4.08118
1406.2	1380.91	-34.8299	-5229.06	0	4.07736
1407.76	1382.18	-34.8299	1117.97	0	4.07736
1409.36	1383.45	-34.8299	1046.15	0	4.08308
1410.98	1384.73	-34.8299	457.173	0	4.08118
1412.64	1386.06	-34.8299	2520.97	0	4.07736
1414.32	1387.44	-34.8299	2382.11	0	4.06974
1416.01	1388.8	-34.8299	4975.03	0	4.07927
1417.71	1390.17	-34.8299	9648.51	0	4.07736
1419.39	1391.59	-34.8299	14489.6	0	4.07736
1421.08	1392.97	-34.8299	18928.4	0	4.07546
1422.78	1394.31	-34.8299	18701	0	4.07546
1424.48	1395.55	-34.8299	23906	0	4.07736
1426.18	1396.71	-34.8299	8343.67	0	4.06974
1427.89	1397.76	-34.8299	-7508.34	0	4.07736
1429.57	1398.84	-34.8299	3236.84	0	4.06974
1431.26	1399.82	-34.8299	8755.48	0	4.06974
1432.93	1400.76	-34.8299	6679.7	0	4.07736
1434.6	1401.69	-34.8299	47.7643	0	4.06974
1436.26	1402.62	-34.8299	-2109.41	0	4.07736
1437.93	1403.55	-34.5596	1759.62	270.313	4.07546
1439.6	1404.47	-34.8299	4615.9	-270.313	4.07546
1441.28	1405.36	-34.8299	560.123	0	4.07736
1442.98	1406.29	-34.8299	-411.922	0	4.08118
1444.69	1407.26	-34.8299	3502.6	0	4.08118
1446.42	1408.22	-34.8299	1110.79	0	4.07736
1448.17	1409.22	-34.8299	-5288.91	0	4.08308
1449.93	1410.19	-34.8299	-1158.91	0	4.08308
1451.7	1411.28	-34.8299	3097.98	0	4.07927
1453.49	1412.39	-33.0005	-3069.49	1829.4	4.08118
1455.29	1413.49	-34.4468	964.744	-1446.29	4.08499
1457.08	1414.61	-34.8299	3289.51	-383.118	4.07546
1458.87	1415.74	-34.8299	13036.3	0	4.07546
1460.63	1416.9	-34.8299	23453.5	0	4.06974
1462.36	1418.02	-34.8299	14863.1	0	4.07736
1464.07	1419.13	-32.0895	5599.92	2740.38	4.07736
1465.75	1420.25	-26.3182	5422.75	5771.29	4.07546
1467.41	1421.38	-32.0033	6995.74	-5685.09	4.07736
1469.05	1422.52	-34.8299	2923.2	-2826.58	4.07165
1470.68	1423.66	-34.8299	327.886	0	4.07736
1472.3	1424.81	-34.8299	3605.55	0	4.07736
1473.9	1425.99	-34.8299	3224.87	0	4.06974
1475.52	1427.23	-34.8299	-1388.76	0	4.07736
1477.13	1428.36	-34.8299	-2535.58	0	4.07736
1478.73	1429.62	-34.8299	2147.48	0	4.07927
1480.35	1430.87	-31.3413	2408.45	3488.53	4.07546
1481.97	1432.12	-34.8299	1795.53	-3488.53	4.07927
1483.6	1433.4	-34.8299	2669.42	0	4.07927
1485.24	1434.68	-34.8299	2039.74	0	4.07736
1486.89	1435.94	-34.8299	8106.65	0	4.07736
1488.55	1437.22	-34.8299	10749.8	0	4.08118
1490.2	1438.54	-34.8299	8425.08	0	4.07736
1491.85	1439.83	-34.8299	9883.15	0	4.07736
1493.49	1441.12	-34.8299	6447.47	0	4.07355
1495.1	1442.43	-34.8299	4924.75	0	4.06974
1496.7	1443.74	-34.8299	12705.9	0	4.06974
1498.25	1445.07	-34.8299	14262.1	0	4.06974
1499.76	1446.4	-34.8299	15291.6	0	4.07736
1501.22	1447.72	-34.8299	9696.4	0	4.07546
1502.66	1449.08	-34.8299	3888.06	0	4.07546
1504.07	1450.37	-34.8299	3674.98	0	4.07736
1505.47	1451.78	-34.8299	3464.29	0	4.07927
1506.81	1453.13	-34.8299	1295.14	0	4.07355
1508.17	1454.51	-34.8299	-905.128	0	4.07546
1509.54	1455.89	-34.8299	2011.01	0	4.07736
1510.91	1457.3	-34.8299	227.329	0	4.08118
1512.28	1458.72	-34.8299	794.755	0	4.07546
1513.66	1460.13	-34.8299	3208.11	0	4.06974
1515.03	1461.57	-34.8299	4675.76	0	4.06974
1516.38	1463.05	-34.8299	8372.4	0	4.07546
1517.73	1464.5	-34.8299	10694.8	0	4.06974
1519.07	1465.96	-34.8299	6114.67	0	4.07736
1520.41	1467.43	-34.8299	1355	0	4.08118
1521.74	1468.9	-34.8299	4247.19	0	4.07546
1523.06	1470.39	-34.8299	11556.7	0	4.07927
1524.36	1471.8	-34.8299	12696.3	0	4.08118
1525.63	1473.29	-34.8299	11288.5	0	4.06974
1526.88	1474.74	-34.8299	9354.03	0	4.06974
1528.12	1476.2	-34.8299	7864.83	0	4.06974
1529.35	1477.61	-34.8299	6627.03	0	4.06974
1530.58	1479	-34.8299	4077.21	0	4.06974
1531.8	1480.42	-34.8299	4560.83	0	4.06783
1533.02	1481.84	-34.8299	6492.96	0	4.07546
1534.24	1483.27	-34.8299	5465.84	0	4.06974
1535.46	1484.69	-34.8299	3327.82	0	4.06783
1536.68	1486.1	-34.8299	4766.74	0	4.06974
1537.89	1487.53	-34.8299	7984.54	0	4.06974
1539.1	1488.99	-34.8299	8793.78	0	4.06974
1540.3	1490.42	-34.8299	5784.27	0	4.06974
1541.5	1491.86	-34.8299	7350.08	0	4.06974
1542.69	1493.29	-34.8299	7735.55	0	4.06974
1543.89	1494.7	-34.8299	11595	0	4.06974
1545.09	1496.12	-34.8299	8346.07	0	4.06974
1546.29	1497.51	-34.8299	1326.27	0	4.06974
1547.5	1498.88	-34.8299	5803.43	0	4.06974
1548.71	1500.26	-34.8299	1232.89	0	4.06974
1549.94	1501.68	-34.8299	2140.3	0	4.06974
1551.16	1503.05	-34.8299	4939.12	0	4.06783
1552.4	1504.43	-34.8299	-1946.61	0	4.06974
1553.66	1505.84	-34.8299	787.573	0	4.06974
1554.94	1507.25	-34.8299	3430.77	0	4.07546
1556.23	1508.67	-34.8299	-419.105	0	4.07355
1557.55	1510.09	-34.8299	-2492.48	0	4.06974
1558.87	1511.49	-34.8299	6217.62	0	4.06974
1560.21	1512.89	-34.8299	9289.38	0	4.06974
1561.56	1514.29	-34.8299	6066.79	0	4.07736
1562.93	1515.64	-34.8299	11992.4	0	4.07736
1564.31	1516.98	-34.8299	11930.2	0	4.07546
1565.72	1518.26	-34.8299	7156.15	0	4.07546
1567.1	1519.55	-27.1462	5669.35	7683.71	4.06974
1568.51	1520.85	-18.6962	924.042	8449.95	4.06974
1569.94	1522.12	-30.7039	1558.51	-12007.7	4.06974
1571.39	1523.36	-34.8299	5188.12	-4126	4.06974
1572.85	1524.61	-34.8299	7673.3	0	4.06974
1574.31	1525.9	-34.8299	8554.36	0	4.07355
1575.79	1527.14	-34.8299	4931.94	0	4.06974
1577.26	1528.38	-34.8299	4963.06	0	4.07355
1578.75	1529.64	-34.8299	5073.19	0	4.06974
1580.23	1530.91	-34.8299	2671.81	0	4.06974
1581.72	1532.19	-34.8299	821.091	0	4.06974
1583.23	1533.46	-34.8299	1256.84	0	4.08118
1584.75	1534.72	-34.8299	3332.61	0	4.07736
1586.28	1536.02	-34.8299	5317.4	0	4.07736
1587.83	1537.34	-34.8299	2058.89	0	4.07736
1589.4	1538.62	-34.8299	-2.51394	0	4.07736
1590.93	1539.91	-34.8299	2252.82	0	4.07736
1592.49	1541.22	-34.8299	6557.6	0	4.07927
1594.05	1542.54	-34.8299	8853.64	0	4.07546
1595.61	1543.88	-34.8299	3811.45	0	4.06974
1597.18	1545.22	-34.8299	-282.636	0	4.06974
1598.75	1546.54	-34.8299	2961.51	0	4.07546
1600.33	1547.88	-34.8299	8403.53	0	4.07736
1601.92	1549.27	-34.8299	5247.97	0	4.08118
1603.5	1550.58	-34.8299	3871.3	0	4.08118
1605.09	1551.9	-34.8299	5710.05	0	4.08118
1606.7	1553.24	-34.8299	5025.31	0	4.08308
1608.32	1554.58	-34.8299	3399.65	0	4.07736
1609.95	1555.93	-34.8299	2137.9	0	4.07736
1611.58	1557.27	-34.8299	2947.14	0	4.07546
1613.22	1558.61	-34.8299	4903.21	0	4.07736
1614.86	1559.97	-34.8299	7445.85	0	4.07546
1616.49	1561.36	-34.8299	5939.9	0	4.07355
1618.11	1562.7	-34.8299	11999.6	0	4.06974
1619.71	1564.04	-34.8299	12665.2	0	4.07736
1621.3	1565.4	-34.8299	7074.75	0	4.07736
1622.89	1566.76	-34.8299	3299.09	0	4.07736
1624.48	1568.14	-34.8299	-1221.16	0	4.07736
1626.07	1569.5	-34.8299	1321.48	0	4.07927
1627.66	1570.86	-34.8299	1936.79	0	4.07736
1629.25	1572.26	-34.8299	-1132.58	0	4.08308
1630.84	1573.69	-34.8299	-909.916	0	4.07736
1632.44	1575.09	-34.8299	2599.98	0	4.08499
1634.05	1576.51	-34.8299	1802.71	0	4.07736
1635.66	1577.96	-34.8299	2145.08	0	4.07736
1637.27	1579.43	-34.8299	2971.08	0	4.07736
1638.9	1580.92	-34.8299	2896.86	0	4.07736
1640.53	1582.41	-34.8299	7984.54	0	4.07546
1642.17	1583.87	-34.8299	12547.9	0	4.08118
1643.79	1585.34	-34.8299	12456.9	0	4.07736
1645.42	1586.84	-34.8299	6844.9	0	4.07736
1647.04	1588.29	-34.8299	4472.25	0	4.07355
1648.65	1589.72	-34.8299	5010.94	0	4.08118
1650.26	1591.16	-34.8299	7335.71	0	4.08118
1651.87	1592.6	-34.8299	10211.2	0	4.08118
1653.46	1594.02	-34.8299	6837.72	0	4.08308
1655.03	1595.4	-34.8299	5906.38	0	4.07736
1656.57	1596.76	-34.8299	14202.3	0	4.07546
1658.09	1598.14	-34.8299	15013.9	0	4.07355
1659.58	1599.54	-34.8299	4031.72	0	4.07736
1661.06	1600.88	-34.8299	2631.11	0	4.06974
1662.53	1602.23	-34.8299	7484.15	0	4.07546
1664	1603.59	-32.9281	7031.65	1901.77	4.07355
1665.44	1604.95	-31.5095	6552.81	1418.62	4.06974
1666.86	1606.32	-31.866	9784.98	-356.516	4.07546
1668.26	1607.67	-34.8299	3895.25	-2963.87	4.07546
1669.65	1609.01	-34.4106	-1735.92	419.308	4.07355
1671.03	1610.39	-34.8299	2434.78	-419.308	4.07736
1672.41	1611.81	-34.8299	2441.97	0	4.07546
1673.81	1613.2	-34.8299	-3177.23	0	4.07546
1675.21	1614.6	-34.8299	-826.119	0	4.07546
1676.61	1616.03	-34.8299	2573.65	0	4.07546
1678.01	1617.48	-34.8299	1575.27	0	4.07736
1679.41	1618.96	-34.8299	6234.38	0	4.07355
1680.81	1620.42	-34.8299	11226.3	0	4.07546
1682.2	1621.87	-34.8299	9995.67	0	4.06974
1683.59	1623.31	-34.8299	11053.9	0	4.06783
1684.97	1624.78	-34.8299	15485.6	0	4.07355
1686.32	1626.18	-34.8299	10807.3	0	4.06593
1687.66	1627.57	-34.8299	6243.96	0	4.07736
1689.01	1628.93	-34.8299	8839.27	0	4.07927
1690.44	1630.38	-34.8299	7182.49	0	4.07736
1691.66	1631.73	-34.8299	5425.14	0	4.07736
1693.01	1633.06	-31.3222	4594.35	3507.69	4.07546
1694.3	1634.39	-31.9714	3186.56	-649.176	4.07546
1695.62	1635.73	-28.8489	2379.72	3122.44	4.07546
1696.93	1637.1	-31.999	3871.3	-3150.11	4.07546
1698.24	1638.42	-34.8299	5111.5	-2830.84	4.06783
1699.54	1639.74	-34.8299	7146.57	0	4.06783
1700.84	1641.05	-34.8299	11195.2	0	4.06783
1702.15	1642.35	-34.8299	10905.5	0	4.07355
1703.44	1643.65	-34.8299	11638.1	0	4.06783
1704.72	1644.94	-34.8299	8891.95	0	4.07355
1705.99	1646.21	-34.8299	1869.75	0	4.06974
1707.26	1647.51	-34.8299	1812.29	0	4.06974
1708.53	1648.84	-34.8299	3586.39	0	4.06783
1709.81	1650.14	-34.8299	682.228	0	4.06783
1711.1	1651.45	-34.8299	-1403.12	0	4.06974
1712.41	1652.79	-34.8299	-1084.69	0	4.06593
1713.73	1654.13	-34.8299	1015.02	0	4.06974
1715.06	1655.51	-34.8299	2413.24	0	4.07546
1716.4	1656.87	-34.8299	5382.05	0	4.07546
1717.73	1658.21	-34.8299	10706.8	0	4.06974
1719.06	1659.57	-34.8299	16831.1	0	4.06783
1720.4	1660.95	-34.8299	12478.5	0	4.06783
1721.75	1662.26	-29.5034	7378.81	5326.45	4.06974
1723.1	1663.57	-29.0043	5966.23	499.121	4.06974
1724.47	1664.88	-34.8299	493.086	-5825.57	4.06593
1725.85	1666.2	-34.8299	1206.56	0	4.06974
1727.24	1667.54	-34.8299	6217.62	0	4.07546
1728.65	1668.83	-34.8299	6993.34	0	4.07546
1730.08	1670.11	-34.8299	4991.79	0	4.07736
1731.51	1671.38	-20.6001	4014.96	14229.8	4.07736
1732.95	1672.66	-21.5451	11.8513	-945.032	4.07355
1734.39	1673.9	-24.757	708.564	-3211.83	4.07736
1735.83	1675.14	-34.8299	8851.24	-10072.9	4.06974
1737.27	1676.39	-34.8299	9773.01	0	4.07355
1738.71	1677.63	-34.8299	6490.56	0	4.06783
1740.15	1678.87	-33.5315	5293.46	1298.35	4.06783
1741.6	1680.09	-33.7518	7570.35	-220.295	4.06783
1743.05	1681.28	-34.8299	8832.09	-1078.06	4.06974
1744.51	1682.47	-34.8299	7986.94	0	4.08118
1745.96	1683.69	-34.8299	4242.41	0	4.06974
1747.41	1684.87	-34.8299	6126.64	0	4.07355
1748.86	1686.07	-34.8299	7170.51	0	4.06974
1750.33	1687.29	-34.8299	-4999.21	0	4.06783
1751.8	1688.52	-34.8299	-6881.06	0	4.07546
1753.27	1689.78	-34.8299	105.225	0	4.06783
1754.75	1691.04	-34.8299	2748.42	0	4.07546
1756.25	1692.3	-34.8299	2480.27	0	4.06974
1757.76	1693.6	-34.8299	1927.21	0	4.07355
1759.29	1694.94	-34.8299	4340.57	0	4.08118
1760.82	1696.25	-34.8299	11267	0	4.07927
1762.34	1697.55	-34.8299	14046.7	0	4.07736
1763.86	1698.85	-34.8299	11894.3	0	4.07736
1765.38	1700.17	-34.8299	5417.96	0	4.07736
1766.9	1701.5	-34.8299	3126.71	0	4.07355
1768.42	1702.82	-34.8299	6272.69	0	4.07546
1769.94	1704.14	-34.8299	4328.6	0	4.07736
1771.46	1705.47	-34.8299	3756.38	0	4.07546
1772.98	1706.83	-34.8299	4742.79	0	4.07546
1774.5	1708.15	-34.8299	5628.65	0	4.07355
1776	1709.45	-34.8299	7658.93	0	4.07736
1777.49	1710.77	-34.8299	14865.5	0	4.06974
1778.96	1712.08	-34.8299	13436.1	0	4.07736
1780.43	1713.38	-34.8299	4448.31	0	4.07355
1781.88	1714.67	-34.8299	2573.65	0	4.08308
1783.33	1715.95	-34.8299	2212.12	0	4.07736
1784.78	1717.24	-34.8299	1225.71	0	4.07546
1786.24	1718.58	-34.8299	-557.969	0	4.06974
1787.7	1719.89	-34.8299	42.9759	0	4.06974
1789.17	1721.22	-34.8299	3038.12	0	4.07546
1790.65	1722.58	-34.8299	1589.63	0	4.07736
1792.13	1723.95	-34.8299	-826.119	0	4.07736
1793.62	1725.35	-34.8299	4170.58	0	4.07355
1795.11	1726.76	-34.8299	5468.24	0	4.07355
1796.62	1728.16	-34.8299	5595.13	0	4.07736
1798.13	1729.59	-29.3576	5731.6	5472.25	4.07736
1799.63	1731.05	-21.708	5956.65	7649.65	4.07355
1801.13	1732.45	-26.4619	11808.1	-4753.9	4.07736
1802.63	1733.84	-34.8299	13445.7	-8368	4.06974
1804.11	1735.23	-32.5673	13247	2262.54	4.06974
1805.57	1736.63	-34.8299	9037.99	-2262.54	4.07355
1807.04	1738.03	-34.8299	7766.67	0	4.07736
1808.49	1739.42	-34.8299	6308.6	0	4.07736
1809.93	1740.78	-34.8299	-2169.27	0	4.08118
1811.37	1742.17	-34.8299	-1489.31	0	4.07736
1812.81	1743.59	-34.8299	2990.24	0	4.06974
1814.25	1744.98	-34.8299	3993.41	0	4.07736
1815.69	1746.36	-34.8299	3318.24	0	4.07546
1817.13	1747.76	-34.8299	7417.12	0	4.08118
1818.55	1749.16	-34.8299	9174.46	0	4.06974
1819.97	1750.57	-34.8299	8690.83	0	4.06974
1821.38	1751.95	-34.8299	7915.11	0	4.07736
1822.8	1753.31	-34.8299	3176.99	0	4.06974
1824.21	1754.67	-34.8299	6186.5	0	4.07546
1825.62	1756.05	-34.8299	6188.89	0	4.06974
1827.03	1757.39	-34.8299	5774.69	0	4.06974
1828.42	1758.74	-34.8299	4970.24	0	4.06783
1829.81	1760.09	-34.8299	6971.8	0	4.07355
1831.2	1761.44	-34.8299	12064.3	0	4.07546
1832.57	1762.81	-34.8299	8477.75	0	4.07736
1833.93	1764.15	-34.8299	7994.12	0	4.06974
1835.27	1765.49	-34.8299	6176.92	0	4.06974
1836.62	1766.85	-34.8299	4601.54	0	4.06974
1837.97	1768.24	-34.8299	5846.52	0	4.06783
1839.31	1769.6	-34.8299	2324.65	0	4.06974
1840.66	1770.97	-34.8299	1436.4	0	4.07546
1842.02	1772.35	-34.8299	4960.67	0	4.06783
1843.4	1773.73	-34.8299	7194.46	0	4.07736
1844.79	1775.13	-34.8299	9796.95	0	4.07546
1846.18	1776.52	-34.8299	9524.01	0	4.06974
1847.56	1777.89	-34.8299	9136.15	0	4.06974
1848.94	1779.27	-34.8299	8149.74	0	4.06974
1850.33	1780.68	-34.8299	6538.45	0	4.06974
1851.72	1782.02	-34.8299	9658.09	0	4.07736
1853.1	1783.38	-34.8299	4180.16	0	4.07736
1854.49	1784.73	-34.8299	2705.33	0	4.07546
1855.87	1786.13	-30.3186	6552.81	4511.25	4.08118
1857.24	1787.39	-20.3585	6552.81	9960.08	4.06974
1858.6	1788.76	-27.0014	4891.23	-6642.89	4.08118
1859.97	1790.06	-29.9153	4395.63	-2913.85	4.07355
1861.35	1791.35	-34.8299	5956.65	-4914.59	4.06974
1862.74	1792.67	-34.8299	5635.83	0	4.06974
1864.12	1793.93	-34.8299	2657.44	0	4.06974
1865.52	1795.2	-34.8299	3971.86	0	4.06974
1866.92	1796.48	-34.8299	1747.65	0	4.07546
1868.32	1797.76	-34.8299	2039.74	0	4.06783
1869.74	1799.05	-34.8299	2322.26	0	4.06974
1871.17	1800.33	-34.8299	4034.11	0	4.07736
1872.6	1801.59	-34.8299	13218.3	0	4.07355
1874.03	1802.84	-34.8299	14791.3	0	4.07736
1875.55	1802.84	-34.8299	14791.3	0	4.07355
1876.85	1805.49	-34.8299	3224.87	0	4.07736
1878.25	1806.76	-34.8299	5298.25	0	4.07736
1879.67	1808.05	-34.8299	3430.77	0	4.07546
1881.08	1809.36	-34.8299	3713.29	0	4.07736
1882.51	1810.69	-34.8299	4738.01	0	4.06783
1883.96	1812.01	-34.8299	5140.23	0	4.06974
1885.41	1813.31	-34.8299	5331.77	0	4.06974
1886.87	1814.63	-34.8299	6026.09	0	4.07546
1888.32	1815.98	-34.8299	4855.32	0	4.08118
1889.77	1817.27	-33.3953	9102.64	1434.58	4.07546
1891.22	1818.58	-25.0464	6799.41	8348.85	4.07546
1892.67	1819.91	-31.8	3165.01	-6753.57	4.07355
1894.12	1821.24	-34.8299	6856.87	-3029.85	4.07736
1895.56	1822.59	-34.8299	6569.57	0	4.06402
1897	1823.94	-34.8299	9042.78	0	4.06593
1898.45	1825.26	-34.8299	7213.61	0	4.07736
1899.9	1826.59	-34.8299	1146.7	0	4.07355
1901.35	1827.95	-34.8299	167.474	0	4.07355
1902.81	1829.27	-34.8299	-2516.43	0	4.07736
1904.28	1830.59	-34.8299	330.28	0	4.07736
1905.75	1831.93	-34.8299	3909.61	0	4.08118
1907.23	1833.26	-34.8299	1503.44	0	4.07736
1908.72	1834.62	-34.8299	4132.27	0	4.07546
1910.22	1835.98	-34.8299	7012.5	0	4.07736
1911.73	1837.33	-34.8299	4627.87	0	4.06974
1913.25	1838.7	-34.8299	7280.65	0	4.07546
1914.76	1840.1	-34.8299	16711.4	0	4.06974
1916.26	1841.45	-34.8299	14544.7	0	4.06974
1917.75	1842.8	-34.8299	8250.3	0	4.07355
1919.23	1844.16	-34.8299	5499.36	0	4.06593
1920.71	1845.53	-34.8299	4122.7	0	4.07736
1922.19	1846.94	-34.8299	3531.33	0	4.07736
1923.68	1848.33	-34.8299	-1252.29	0	4.07736
1925.19	1849.7	-34.8299	-555.575	0	4.07736
1926.69	1851.11	-34.8299	2731.66	0	4.07546
1928.2	1852.55	-34.8299	7378.81	0	4.07927
1929.71	1853.94	-34.8299	10175.2	0	4.07546
1931.21	1855.34	-34.8299	14482.4	0	4.06974
1932.7	1856.76	-34.8299	13915	0	4.07355
1934.15	1858.18	-34.8299	7488.94	0	4.06974
1935.59	1859.61	-34.8299	7448.24	0	4.06974
1937.01	1861.01	-34.8299	8863.21	0	4.06974
1938.42	1862.4	-34.8299	8042	0	4.06593
1939.82	1863.79	-34.8299	4026.93	0	4.07355
1941.21	1865.22	-34.8299	2892.08	0	4.06783
1942.6	1866.59	-34.8299	2930.38	0	4.06974
1944	1867.96	-34.8299	1450.77	0	4.07546
1945.4	1869.34	-34.8299	57.3411	0	4.07355
1946.79	1870.73	-34.8299	2894.47	0	4.07546
1948.18	1872.14	-34.8299	5573.58	0	4.07546
1949.59	1873.53	-34.8299	-265.876	0	4.07736
1950.99	1874.9	-34.8299	878.552	0	4.07736
1952.41	1876.3	-32.4034	11209.5	2426.43	4.06783
1953.82	1877.73	-18.9974	9514.44	13406	4.06974
1955.22	1879.09	-19.4092	10721.1	-411.854	4.06974
1956.62	1880.45	-20.6288	19067.3	-1219.6	4.06974
1958.02	1881.83	-16.5624	14223.8	4066.4	4.07736
1959.39	1883.18	-22.7701	5128.26	-6207.63	4.14599
1960.82	1884.53	-31.5276	1963.13	-8757.51	4.07546
1962.15	1885.81	-24.029	1496.26	7498.53	4.06974
1963.52	1887.19	-20.5937	1285.57	3435.32	4.06974
1964.91	1888.54	-30.1122	2796.31	-9518.43	4.06783
1966.3	1889.91	-34.8299	2758	-4717.71	4.07546
1967.69	1891.25	-34.8299	4441.12	0	4.06783
1969.09	1892.57	-34.8299	6378.03	0	4.06974
1970.49	1893.91	-25.0848	6909.55	9745.11	4.06783
1971.88	1895.25	-29.3023	11149.7	-4217.52	4.06402
1973.26	1896.61	-34.8299	8504.08	-5527.59	4.07355
1974.62	1897.94	-34.8299	8348.46	0	4.07736
1975.98	1899.25	-34.8299	12102.6	0	4.06593
1977.33	1900.57	-34.8299	8951.8	0	4.06783
1978.67	1901.93	-34.8299	5470.63	0	4.06593
1980	1903.2	-34.8299	2164.24	0	4.06593
1981.32	1904.47	-32.3694	4747.58	2460.49	4.06783
1982.65	1905.75	-22.0592	4838.56	10310.2	4.06974
1983.99	1907.03	-30.6379	1685.4	-8578.72	4.06974
1985.33	1908.32	-30.7241	2956.72	-86.2026	4.06974
1986.67	1909.58	-34.8299	1824.26	-4105.78	4.07546
1988.03	1910.85	-34.8299	1879.33	0	4.06974
1989.39	1912.13	-34.8299	1718.92	0	4.06974
1990.78	1913.44	-34.5404	2322.26	289.471	4.06974
1992.16	1914.72	-34.8299	5389.23	-289.471	4.07355
1993.56	1915.99	-34.8299	10366.8	0	4.07736
1994.96	1917.29	-34.8299	13369.1	0	4.07736
1996.37	1918.56	-34.8299	12710.7	0	4.07736
1997.78	1919.84	-34.8299	13745	0	4.06974
1999.19	1921.11	-34.8299	8829.7	0	4.07736
2000.6	1922.34	-34.8299	2300.71	0	4.07546
2002.03	1923.59	-29.2406	5101.92	5589.31	4.06974
2003.45	1924.87	-19.8669	5283.88	9373.7	4.06402
2004.88	1926.12	-18.7633	3038.12	1103.6	4.06974
2006.33	1927.37	-31.2477	715.747	-12484.4	4.06974
2007.79	1928.64	-34.8299	-2224.33	-3582.18	4.06974
2009.26	1929.93	-34.8299	5417.96	0	4.07546
2010.74	1931.24	-34.8299	6765.89	0	4.07546
2012.21	1932.52	-34.8299	8434.65	0	4.06974
2013.68	1933.77	-34.8299	14583	0	4.06974
2015.14	1935.05	-34.8299	7409.93	0	4.07546
2016.6	1936.35	-34.8299	459.567	0	4.06783
2018.06	1937.61	-34.8299	3208.11	0	4.07355
2019.5	1938.88	-34.8299	8882.37	0	4.06974
2020.95	1940.17	-34.8299	3849.76	0	4.06974
2022.4	1941.46	-34.8299	1350.21	0	4.06974
2023.85	1942.77	-34.8299	5343.74	0	4.06593
2025.3	1944.06	-34.8299	5276.7	0	4.07736
2026.76	1945.35	-34.8299	5875.25	0	4.06974
2028.23	1946.65	-34.8299	5930.32	0	4.06974
2029.71	1947.99	-34.8299	3708.5	0	4.07736
2031.18	1949.27	-34.8299	6725.19	0	4.07355
2032.65	1950.55	-28.7989	8008.49	6030.97	4.06974
2034.12	1951.84	-24.3568	5643.01	4442.08	4.07736
2035.58	1953.13	-27.2238	7601.47	-2867.02	4.07355
2037.06	1954.44	-34.8299	3969.47	-7606.02	4.07546
2038.55	1955.73	-34.8299	2116.35	0	4.07355
2040.05	1957.01	-34.8299	6440.28	0	4.06783
2041.56	1958.32	-34.8299	9945.39	0	4.07355
2043.05	1959.68	-34.8299	6694.07	0	4.07736
2044.57	1960.99	-34.8299	4077.21	0	4.08118
2046.07	1962.3	-34.8299	7091.51	0	4.07355
2047.58	1963.63	-34.8299	5336.56	0	4.07736
2049.09	1964.97	-34.8299	3725.26	0	4.07355
2050.6	1966.35	-34.8299	4939.12	0	4.07736
2052.11	1967.71	-34.8299	10213.5	0	4.07736
2053.61	1969.06	-34.8299	13141.7	0	4.07736
2055.1	1970.41	-34.8299	9433.04	0	4.06783
2056.58	1971.79	-34.8299	10007.6	0	4.06593
2058.05	1973.12	-34.8299	9320.51	0	4.06402
2059.5	1974.44	-34.8299	4249.59	0	4.06974
2060.95	1975.78	-34.8299	2983.06	0	4.07355
2062.39	1977.13	-34.8299	3409.22	0	4.06974
2063.83	1978.51	-34.8299	-2061.53	0	4.06974
2065.27	1979.87	-34.8299	-2047.16	0	4.07355
2066.73	1981.23	-34.8299	1932	0	4.06974
2068.19	1982.6	-34.8299	3414.01	0	4.06974
2069.64	1984.01	-34.8299	4840.96	0	4.07546
2071.1	1985.39	-34.8299	4785.89	0	4.06974
2072.58	1986.78	-34.8299	3986.23	0	4.06974
2074.06	1988.19	-34.8299	2456.33	0	4.07736
2075.55	1989.6	-34.8299	6995.74	0	4.06974
2077.03	1991.02	-34.8299	18468.8	0	4.07546
2078.5	1992.42	-34.8096	17374.6	20.2217	4.07355
2079.95	1993.77	-34.8299	11999.6	-20.2217	4.08118
2081.39	1995.13	-34.8299	11618.9	0	4.08308
2082.81	1996.5	-34.8299	5453.87	0	4.07546
2084.23	1997.81	-34.8299	5209.66	0	4.07355
2085.65	1999.1	-34.8299	8966.17	0	4.07546
2087.05	2000.41	-34.3552	8556.76	474.644	4.06974
2088.45	2001.72	-18.8527	5058.83	15502.6	4.06783
2089.83	2003.06	-18.2205	4790.68	632.149	4.06974
2091.2	2004.39	-25.0369	4105.94	-6816.36	4.06783
2092.58	2005.71	-34.8299	2209.73	-9793	4.06974
2093.95	2007.04	-34.8299	3840.18	0	4.06974
2095.32	2008.4	-34.8299	5010.94	0	4.07355
2096.69	2009.72	-34.8299	7551.19	0	4.07546
2098.05	2011.03	-34.8299	9263.05	0	4.06593
2099.41	2012.36	-34.8299	9069.12	0	4.07355
2100.76	2013.68	-34.8299	6950.25	0	4.07355
2102.1	2015.02	-34.8299	6193.68	0	4.06783
2103.44	2016.35	-34.8299	6686.89	0	4.06974
2104.78	2017.67	-34.8299	4793.07	0	4.06974
2106.13	2019.01	-34.8299	4790.68	0	4.06974
2107.49	2020.37	-34.8299	4426.76	0	4.06974
2108.84	2021.69	-34.8299	3435.56	0	4.06974
2110.19	2023.01	-34.8299	2130.72	0	4.06783
2111.54	2024.34	-34.8299	2111.57	0	4.07355
2112.9	2025.68	-34.8299	5434.72	0	4.06783
2114.26	2027.02	-34.8299	8750.69	0	4.06593
2115.64	2028.35	-34.8299	5432.32	0	4.06974
2117.02	2029.65	-22.2252	-881.186	12604.7	4.06974
2118.41	2030.97	-6.81307	763.631	15412.1	4.07927
2119.82	2032.3	-8.43815	1228.11	-1625.07	4.07355
2121.25	2033.56	-11.1423	6145.8	-2704.2	4.07927
2122.69	2034.82	-9.17246	4359.72	1969.88	4.07736
2124.16	2036.08	-22.7424	1666.24	-13569.9	4.06974
2125.65	2037.32	-34.8299	4860.11	-12087.5	4.07546
2127.15	2038.57	-34.8299	2628.71	0	4.06783
2128.65	2039.81	-34.8299	6787.44	0	4.06974
2130.14	2041.04	-34.8299	11264.6	0	4.06974
2131.62	2042.28	-34.8299	8595.06	0	4.06974
2133.09	2043.55	-34.8299	4673.36	0	4.07355
2134.57	2044.79	-34.8299	6595.91	0	4.07546
2136.04	2046.04	-34.8299	1453.16	0	4.06974
2137.52	2047.29	-34.8299	-3138.92	0	4.07355
2139	2048.55	-34.8299	-1400.73	0	4.07736
2140.49	2049.83	-34.8299	2506.61	0	4.07736
2141.99	2051.1	-34.8299	3981.44	0	4.07355
2143.5	2052.37	-34.8299	3179.38	0	4.06974
2145.02	2053.67	-34.8299	8245.51	0	4.06783
2146.54	2055.01	-34.8299	11063.5	0	4.06783
2148.06	2056.31	-34.8299	8460.99	0	4.07736
2149.58	2057.6	-34.8299	7833.71	0	4.08118
2151.09	2058.92	-34.8299	7472.18	0	4.07546
2152.6	2060.24	-34.8299	-625.006	0	4.07736
2154.09	2061.57	-34.8299	-13062.9	0	4.06974
2155.57	2062.88	-24.4675	-8650.37	10362.4	4.07546
2157.04	2064.16	-25.2987	2741.24	-831.158	4.07736
2158.51	2065.46	-32.7887	-2612.19	-7490.02	4.06974
2159.97	2066.77	-34.8299	-8401.37	-2041.18	4.06974
2161.44	2068.05	-34.8299	-3565.09	0	4.06212
2162.92	2069.33	-34.8299	3437.95	0	4.06974
2164.4	2070.63	-34.8299	5070.8	0	4.07546
2165.88	2071.95	-26.8695	3727.65	7960.4	4.08118
2167.36	2073.3	-28.5765	4730.82	-1707.01	4.07736
2168.85	2074.61	-34.8299	7292.62	-6253.39	4.07736
2170.33	2075.93	-34.8299	12205.5	0	4.07355
2171.81	2077.26	-34.8299	18262.9	0	4.07355
2173.26	2078.63	-34.8299	16524.7	0	4.06974
2174.69	2079.94	-34.8299	4019.75	0	4.06783
2176.09	2081.26	-34.8299	1024.6	0	4.06974
2177.47	2082.6	-34.8299	2956.72	0	4.06974
2178.84	2083.95	-34.8299	2453.94	0	4.06783
2180.22	2085.33	-34.8299	2487.46	0	4.06974
2181.59	2086.71	-34.8299	21.4281	0	4.06783
2182.97	2088.09	-34.8299	2298.31	0	4.07355
2184.36	2089.48	-34.8299	2473.09	0	4.07546
2185.76	2090.92	-34.8299	-2118.99	0	4.08118
2187.17	2092.35	-34.8299	-2186.03	0	4.07546
2188.6	2093.77	-34.8299	-1158.91	0	4.08118
2190.03	2095.24	-34.8299	1127.55	0	4.08118
2191.47	2096.7	-34.8299	7132.21	0	4.07736
2192.89	2098.2	-34.8299	10668.4	0	4.07546
2194.32	2099.7	-34.8299	9844.84	0	4.07355
2195.74	2101.17	-34.8299	11772.2	0	4.06593
2197.16	2102.65	-34.8299	13656.4	0	4.07546
2198.59	2104.15	-34.8299	10424.2	0	4.07355
2200.02	2105.57	-34.8299	2973.48	0	4.07355
2201.46	2106.99	-34.8299	3603.15	0	4.07355
2202.9	2108.42	-34.8299	8738.72	0	4.07546
2204.33	2109.83	-34.8299	7627.81	0	4.07736
2205.75	2111.25	-32.6631	10472.1	2166.76	4.06974
2207.17	2112.63	-25.3891	12907	7273.98	4.06783
2208.59	2113.99	-25.1646	7069.96	224.552	4.06974
2209.97	2115.33	-25.3625	2899.26	-197.947	4.06974
2211.35	2116.69	-34.8299	11537.5	-9467.35	4.06974
2212.71	2118	-34.8299	9705.97	0	4.06593
2214.05	2119.29	-34.8299	3698.92	0	4.06783
2215.38	2120.6	-34.8299	4319.02	0	4.06974
2216.71	2121.91	-34.8299	2221.7	0	4.06783
2218.04	2123.23	-34.8299	4570.41	0	4.06783
2219.37	2124.55	-34.8299	3320.64	0	4.06974
2220.71	2125.86	-34.8299	502.663	0	4.06974
2222.05	2127.2	-34.8299	-737.534	0	4.06212
2223.41	2128.59	-34.8299	-3244.26	0	4.06974
2224.77	2129.93	-34.8299	983.897	0	4.06974
2226.15	2131.28	-34.8299	8147.35	0	4.06593
2227.54	2132.64	-34.8299	8669.29	0	4.06974
2228.93	2134	-34.8299	5688.5	0	4.07546
2230.31	2135.38	-34.8299	6734.77	0	4.07546
2231.77	2136.75	-34.8299	6931.09	0	4.06974
2233.09	2138.05	-34.8299	8142.56	0	4.07736
2234.47	2139.43	-34.8299	9368.39	0	4.07736
2235.85	2140.82	-34.8299	4216.07	0	4.06974
2237.25	2142.15	-34.8299	2135.51	0	4.06974
2238.66	2143.48	-34.8299	4907.99	0	4.06783
2240.08	2144.81	-25.1497	6035.66	9680.19	4.06974
2241.5	2146.14	-15.5834	6782.65	9566.32	4.06974
2242.93	2147.47	-28.4403	5786.67	-12856.9	4.06783
2244.37	2148.79	-34.1615	8391.56	-5721.27	4.07546
2245.82	2150.08	-34.8299	8413.11	-668.335	4.06783
2247.27	2151.38	-34.8299	5140.23	0	4.06593
2248.71	2152.71	-34.8299	7292.62	0	4.07355
2250.14	2153.99	-34.8299	7749.91	0	4.06593
2251.56	2155.27	-34.8299	5504.15	0	4.06974
2252.97	2156.55	-32.9494	7146.57	1880.49	4.06402
2254.37	2157.83	-34.8299	5525.7	-1880.49	4.06593
2255.77	2159.12	-34.8299	2832.22	0	4.06783
2257.18	2160.39	-34.8299	4821.8	0	4.06783
2258.57	2161.66	-34.8299	5180.93	0	4.07546
2259.97	2162.95	-34.8299	3545.69	0	4.07736
2261.37	2164.28	-34.8299	1814.69	0	4.06974
2262.76	2165.58	-34.8299	4067.63	0	4.07546
2264.17	2166.91	-34.8299	1534.56	0	4.07546
2265.59	2168.27	-34.8299	-4039.14	0	4.06974
2267.01	2169.64	-34.8299	-1020.05	0	4.07355
2268.44	2171.03	-34.8299	1898.48	0	4.07355
2269.89	2172.43	-34.8299	2176.21	0	4.06974
2271.36	2173.84	-34.8299	4251.98	0	4.06974
2272.82	2175.27	-34.8299	6658.16	0	4.07736
2274.3	2176.75	-34.8299	8144.95	0	4.07927
2275.78	2178.17	-34.8299	11695.6	0	4.07736
2277.27	2179.59	-34.8299	14836.7	0	4.08118
2278.77	2181.01	-34.8299	10383.5	0	4.07546
2280.25	2182.42	-34.8299	6607.88	0	4.07546
2281.73	2183.83	-34.8299	7462.61	0	4.07736
2283.21	2185.22	-34.8299	8166.5	0	4.06974
2284.69	2186.58	-34.8299	6085.94	0	4.06783
2286.16	2187.94	-34.8299	4742.79	0	4.06783
2287.63	2189.33	-34.8299	7031.65	0	4.06974
2289.09	2190.67	-34.8299	5286.28	0	4.07546
2290.55	2192.01	-34.8299	5420.35	0	4.06974
2291.99	2193.34	-34.8299	6952.64	0	4.07736
2293.41	2194.68	-34.8299	9492.89	0	4.07546
2294.84	2196.01	-34.8299	9289.38	0	4.07546
2296.25	2197.32	-34.8299	6246.35	0	4.06974
2297.65	2198.62	-34.8299	6406.76	0	4.07355
2299.05	2199.94	-34.8299	6816.17	0	4.06783
2300.44	2201.29	-34.8299	916.86	0	4.06974
2301.82	2202.6	-34.8299	-4041.53	0	4.07546
2303.21	2203.91	-34.8299	1620.75	0	4.06974
2304.61	2205.25	-34.8299	3112.34	0	4.07736
2306.01	2206.61	-34.8299	667.863	0	4.08118
2307.43	2207.99	-34.8299	488.297	0	4.07546
2308.85	2209.38	-34.8299	5882.43	0	4.07546
2310.28	2210.76	-34.8299	3742.02	0	4.07736
2311.71	2212.17	-34.8299	5379.65	0	4.07546
2313.14	2213.61	-34.8299	11132.9	0	4.07736
2314.58	2215	-34.8299	10220.7	0	4.07546
2316.02	2216.38	-34.8299	12011.6	0	4.06783
2317.46	2217.77	-34.8299	7994.12	0	4.06974
2318.89	2219.17	-34.8299	5267.12	0	4.06974
2320.32	2220.56	-34.8299	7304.59	0	4.06974
2321.76	2221.93	-34.8299	5913.56	0	4.06974
2323.19	2223.29	-34.8299	3064.46	0	4.06783
2324.64	2224.65	-34.8299	3038.12	0	4.06783
2326.08	2226.04	-34.8299	5829.76	0	4.07546
2327.53	2227.37	-34.8299	4479.43	0	4.07355
2328.96	2228.7	-34.8299	5295.85	0	4.07736
2330.39	2230.03	-34.8299	6277.48	0	4.07736
2331.81	2231.37	-34.8299	5286.28	0	4.07546
2333.23	2232.72	-34.8299	8908.71	0	4.06974
2334.64	2234.05	-34.8299	8688.44	0	4.07355
2336.05	2235.36	-34.8299	8753.08	0	4.06783
2337.45	2236.68	-33.9891	8911.1	840.74	4.07355
2338.84	2238.03	-25.2295	5777.09	8759.64	4.06783
2340.22	2239.34	-25.801	4079.6	-571.491	4.06974
2341.6	2240.66	-32.6737	1314.3	-6872.77	4.06974
2342.98	2242.01	-33.8572	3548.09	-1183.42	4.06974
2344.37	2243.37	-34.8299	3967.07	-972.702	4.07355
2345.75	2244.77	-34.8299	-3289.75	0	4.07355
2347.15	2246.16	-34.8299	-3167.65	0	4.07355
2348.56	2247.54	-34.8299	1029.39	0	4.07736
2349.96	2248.94	-34.8299	4939.12	0	4.07355
2351.37	2250.39	-34.8299	11702.7	0	4.06974
2352.79	2251.79	-34.8299	13589.4	0	4.07546
2354.19	2253.18	-34.8299	7876.8	0	4.06974
2355.6	2254.58	-34.8299	11243.1	0	4.06593
2357	2255.98	-34.8299	10103.4	0	4.07355
2358.41	2257.39	-34.8299	3852.15	0	4.06974
2359.82	2258.78	-31.4265	5075.59	3403.39	4.06974
2361.23	2260.15	-34.8299	4955.88	-3403.39	4.07546
2362.65	2261.52	-34.8299	6047.63	0	4.06783
2364.07	2262.92	-34.8299	3622.31	0	4.07355
2365.5	2264.26	-34.8299	5245.58	0	4.07546
2366.92	2265.6	-34.8299	8405.92	0	4.06593
2368.35	2266.96	-34.1658	9037.99	664.078	4.07736
2369.77	2268.31	-28.9404	9152.91	5225.35	4.07736
2371.17	2269.64	-34.8299	5291.07	-5889.42	4.07927
2372.57	2270.96	-34.8299	7539.22	0	4.06974
2373.97	2272.21	-34.8299	8927.86	0	4.06974
2375.35	2273.53	-34.8299	2882.5	0	4.06974
2376.74	2274.85	-34.8299	2130.72	0	4.07736
2378.13	2276.13	-34.8299	3976.65	0	4.06783
2379.52	2277.41	-34.8299	3732.44	0	4.07355
2380.92	2278.72	-34.8299	2865.74	0	4.06974
2382.32	2280.03	-34.8299	1817.08	0	4.07736
2383.73	2281.37	-34.8299	1223.32	0	4.06974
2385.16	2282.71	-34.8299	-1120.61	0	4.06974
2386.6	2284.06	-34.7649	-979.348	64.9185	4.07736
2388.04	2285.43	-34.8299	797.149	-64.9185	4.07546
2389.49	2286.85	-34.8299	2669.42	0	4.07546
2390.95	2288.23	-34.8299	6248.75	0	4.06783
2392.43	2289.62	-34.8299	11190.4	0	4.06783
2393.9	2291.01	-34.8299	13572.6	0	4.06593
2395.38	2292.4	-34.8299	8719.56	0	4.06212
2396.85	2293.8	-34.8299	9674.85	0	4.06974
2398.32	2295.19	-34.8299	11032.4	0	4.07736
2399.8	2296.56	-34.8299	6014.12	0	4.07736
2401.27	2297.93	-34.8299	5781.88	0	4.08118
2402.75	2299.32	-34.8299	3502.6	0	4.07736
2404.23	2300.66	-34.8299	1151.49	0	4.07736
2405.72	2302	-33.3974	2248.04	1432.45	4.07355
2407.2	2303.35	-33.0792	4338.17	318.207	4.07546
2408.68	2304.7	-32.197	5808.21	882.24	4.06974
2410.16	2306.05	-34.8299	6205.65	-2632.89	4.07355
2411.63	2307.39	-34.8299	7084.32	0	4.06974
2413.12	2308.7	-34.8299	8935.04	0	4.07546
2414.61	2310.03	-34.8299	7773.85	0	4.07736
2416.1	2311.39	-34.8299	2298.31	0	4.08118
2417.59	2312.71	-34.8299	-421.499	0	4.07736
2419.08	2314.06	-34.8299	739.689	0	4.07736
2420.58	2315.42	-34.8299	4864.9	0	4.07736
2422.06	2316.81	-34.8299	8166.5	0	4.07355
2423.53	2318.21	-34.8299	12784.9	0	4.07736
2424.98	2319.62	-34.8299	11113.8	0	4.06593
2426.42	2321.02	-34.8299	2322.26	0	4.06974
2427.84	2322.45	-34.8299	-761.476	0	4.07355
2429.26	2323.92	-34.8299	7467.4	0	4.06974
2430.67	2325.35	-34.8299	7685.27	0	4.07736
2432.06	2326.79	-34.8299	8992.5	0	4.07546
2433.42	2328.25	-34.8299	13469.7	0	4.07736
2434.76	2329.71	-34.8299	8717.17	0	4.07736
2436.08	2331.19	-34.8299	12193.5	0	4.07355
2437.38	2332.65	-34.8299	11738.7	0	4.06974
2438.68	2334.09	-34.8299	1340.63	0	4.07355
2439.98	2335.54	-34.8299	-1032.02	0	4.06974
2441.28	2337.04	-34.8299	5755.54	0	4.06974
2442.58	2338.47	-34.8299	5422.75	0	4.06593
2443.89	2339.92	-34.8299	2413.24	0	4.06974
2445.2	2341.39	-25.2359	3186.56	9593.99	4.07546
2446.51	2342.87	-19.0612	4144.24	6174.63	4.07546
2447.82	2344.36	-8.58714	-926.676	10474.1	4.08308
2449.14	2345.83	-15.5504	-1319.32	-6963.23	4.08118
2450.47	2347.29	-20.1531	4663.79	-4602.77	4.07546
2451.79	2348.77	-25.9393	6088.34	-5786.19	4.07736
2453.12	2350.28	-34.8299	9708.37	-8890.54	4.07546
2454.45	2351.73	-34.8299	10958.1	0	4.07736
2455.78	2353.18	-34.1945	15097.7	635.345	4.06783
2457.09	2354.63	-31.7532	13299.7	2441.33	4.06783
2458.4	2356.06	-34.8299	5089.95	-3076.68	4.06974
2459.7	2357.51	-34.8299	5343.74	0	4.06593
2460.99	2358.95	-34.8299	4163.4	0	4.06974
2462.29	2360.38	-34.8299	2377.32	0	4.06593
2463.59	2361.83	-34.8299	-426.288	0	4.06974
2464.89	2363.32	-34.8299	-2226.73	0	4.07355
2466.21	2364.76	-34.8299	69.3121	0	4.07355
2467.53	2366.21	-34.8299	3160.23	0	4.06974
2468.87	2367.7	-34.8299	4505.77	0	4.07736
2470.21	2369.21	-34.8299	4893.63	0	4.07355
2471.57	2370.75	-34.8299	6071.58	0	4.07355
2472.94	2372.28	-34.8299	13460.1	0	4.07546
2474.33	2373.76	-34.8299	12878.3	0	4.07546
2475.72	2375.25	-34.8299	9418.67	0	4.06974
2477.14	2376.74	-34.8299	10318.9	0	4.06974
2478.54	2378.17	-34.8299	6820.96	0	4.07736
2479.96	2379.59	-34.8299	5662.17	0	4.07927
2481.37	2381.02	-34.8299	5875.25	0	4.07736
2482.81	2382.38	-34.8299	6502.53	0	4.07546
2484.22	2383.83	-34.8299	2676.6	0	4.07355
2485.65	2385.21	-34.8299	478.721	0	4.07736
2487.09	2386.56	-34.8299	3284.73	0	4.06974
2488.52	2387.92	-34.8299	6744.35	0	4.07546
2489.96	2389.31	-34.8299	8408.32	0	4.06974
2491.39	2390.66	-34.8299	4821.8	0	4.06974
2492.83	2392	-34.8299	3433.17	0	4.06974
2494.26	2393.33	-34.8299	11085	0	4.06974
2495.71	2394.6	-34.8299	23149.4	0	4.06212
2497.15	2395.83	-34.8299	26321.7	0	4.06593
2498.57	2397	-34.8299	17630.8	0	4.06593
2499.97	2398.12	-34.8299	11441.8	0	4.06212
2501.35	2399.23	-34.8299	5389.23	0	4.06212
2502.72	2400.34	-34.8299	394.924	0	4.06212
2504.07	2401.4	-34.8299	-2676.84	0	4.06593
2505.41	2402.46	-34.8299	-2305.74	0	4.06402
2506.76	2403.53	-34.8299	634.344	0	4.06783
2508.11	2404.61	-34.8299	2705.33	0	4.07546
2509.47	2405.71	-34.8299	3387.68	0	4.06974
2510.84	2406.8	-34.8299	1903.27	0	4.06593
2512.24	2407.91	-34.8299	-3893.09	0	4.07546
2513.65	2409.04	-34.8299	-4302.5	0	4.06974
2515.09	2410.21	-34.8299	3797.08	0	4.07355
2516.55	2411.38	-34.8299	1991.86	0	4.07546
2518.03	2412.57	-34.8299	4199.31	0	4.06783
2519.52	2413.81	-34.8299	3229.66	0	4.06783
2521.02	2415.07	-34.8299	4199.31	0	4.06974
2522.53	2416.36	-34.8299	7510.49	0	4.06974
2524.05	2417.63	-34.8299	3464.29	0	4.07355
2525.57	2418.89	-34.8299	12847.2	0	4.07546
2527.08	2420.17	-34.8299	17566.1	0	4.06783
2528.56	2421.44	-34.8299	18593.3	0	4.07546
2530.03	2422.6	-33.1409	13907.8	1688.92	4.06593
2531.59	2423.87	-19.7594	5180.93	13381.6	4.06974
2532.9	2425.01	-30.0057	5631.04	-10246.4	4.06974
2534.33	2426.19	-34.8299	3909.61	-4824.13	4.06974
2535.75	2427.37	-34.8299	2504.22	0	4.06402
2537.18	2428.53	-34.8299	1465.13	0	4.06593
2538.6	2429.68	-34.8299	-1496.5	0	4.06212
2540.03	2430.85	-34.8299	-158.137	0	4.06974
2541.46	2432.06	-34.8299	4864.9	0	4.06974
2542.88	2433.24	-34.8299	2619.14	0	4.07546
2544.32	2434.5	-34.8299	3842.57	0	4.06974
2545.75	2435.69	-34.8299	7429.09	0	4.08118
2547.19	2436.95	-34.8299	2963.9	0	4.07546
2548.64	2438.24	-34.8299	6888	0	4.06974
2550.09	2439.54	-34.8299	12674.8	0	4.06783
2551.55	2440.84	-34.8299	9059.54	0	4.06783
2553.02	2442.16	-34.8299	1685.4	0	4.06974
2554.5	2443.51	-34.8299	1173.04	0	4.06974
2555.98	2444.82	-34.8299	7151.36	0	4.07165
2557.49	2446.13	-34.8299	9057.15	0	4.06783
2559	2447.46	-34.8299	11015.6	0	4.06974
2560.5	2448.8	-34.8299	6296.63	0	4.08118
2562	2450.15	-33.6443	8147.35	1185.55	4.06974
2563.5	2451.5	-25.8191	5652.59	7825.25	4.07927
2565	2452.83	-34.8299	217.753	-9010.79	4.07355
2566.5	2454.19	-34.8299	5973.41	0	4.07355
2567.99	2455.6	-34.8299	3509.78	0	4.06593
2569.48	2456.96	-34.8299	5628.65	0	4.06593
2570.97	2458.31	-34.8299	8719.56	0	4.06212
2572.45	2459.67	-34.8299	5619.07	0	4.06593
2573.93	2461.02	-34.8299	627.161	0	4.07546
2575.39	2462.4	-34.8299	1426.82	0	4.07736
2576.82	2463.76	-34.8299	11274.2	0	4.06974
2578.25	2465.1	-34.8299	13405	0	4.06974
2579.66	2466.44	-34.8299	5896.8	0	4.07355
2581.05	2467.83	-34.8299	4149.03	0	4.07355
2582.45	2469.17	-34.8299	6270.29	0	4.07355
2583.85	2470.5	-34.8299	4180.16	0	4.06974
2585.25	2471.85	-34.8299	1675.82	0	4.07355
2586.65	2473.21	-21.6984	-900.34	13131.5	4.06212
2588.05	2474.62	-18.1205	6176.92	3577.93	4.06974
2589.45	2476.03	-17.4755	8750.69	644.92	4.06974
2590.84	2477.42	-32.5695	2839.4	-15093.9	4.06974
2592.24	2478.83	-34.8299	5415.56	-2260.41	4.06783
2593.66	2480.27	-34.8299	8721.96	0	4.06974
2595.07	2481.68	-34.8299	4122.7	0	4.07165
2596.51	2483.09	-34.8299	3457.11	0	4.06974
2597.94	2484.52	-34.8299	2999.81	0	4.06974
2599.38	2485.95	-34.8299	2066.08	0	4.06783
2600.82	2487.4	-34.8299	10081.9	0	4.06974
2602.26	2488.81	-34.8299	10026.8	0	4.06974
2603.69	2490.2	-34.8299	7479.37	0	4.07736
2605.1	2491.6	-34.8299	11525.6	0	4.07546
2606.51	2493.04	-34.8299	9988.49	0	4.07546
2607.9	2494.42	-34.8299	6543.23	0	4.07355
2609.28	2495.8	-34.8299	5841.73	0	4.06974
2610.65	2497.2	-34.8299	5496.97	0	4.07546
2612.03	2498.59	-34.8299	8626.19	0	4.06974
2613.4	2499.98	-34.8299	7575.13	0	4.06974
2614.77	2501.33	-34.8299	1216.13	0	4.06783
2616.14	2502.67	-33.6337	6291.84	1196.19	4.06783
2617.52	2504.03	-20.8662	6629.42	12767.5	4.07546
2618.89	2505.41	-19.5423	-349.673	1323.9	4.06974
2620.25	2506.74	-31.866	2743.64	-12323.7	4.06974
2621.63	2508.07	-34.8299	2671.81	-2963.87	4.06974
2623.01	2509.42	-34.8299	749.265	0	4.07355
2624.39	2510.78	-34.8299	3756.38	0	4.06974
2625.78	2512.16	-34.8299	8918.28	0	4.06783
2627.17	2513.53	-34.8299	11075.5	0	4.07355
2628.56	2514.88	-34.8299	6758.71	0	4.06974
2629.96	2516.27	-34.8299	6921.52	0	4.06974
2631.36	2517.7	-34.3669	9320.51	462.94	4.06783
2632.77	2519.1	-29.8152	2176.21	4551.69	4.06593
2634.19	2520.51	-34.8299	315.915	-5014.63	4.06974
2635.63	2521.93	-28.0561	1601.6	6773.8	4.06783
2637.08	2523.35	-21.3898	184.234	6666.31	4.06593
2638.55	2524.78	-31.4169	5133.05	-10027.1	4.06974
2640.03	2526.15	-34.8299	17034.6	-3412.97	4.06783
2641.51	2527.45	-34.8299	25577.1	0	4.06402
2642.96	2528.73	-34.8299	21315.5	0	4.06212
2644.38	2530.01	-34.8299	12090.6	0	4.06402
2645.79	2531.22	-34.8299	2599.98	0	4.06783
2647.18	2532.42	-34.8299	-1163.7	0	4.06021
2648.57	2533.63	-34.8299	4110.72	0	4.06593
2649.95	2534.84	-34.8299	3876.09	0	4.07546
2651.33	2536.05	-34.8299	2121.14	0	4.07736
2652.72	2537.26	-34.8299	4369.3	0	4.06974
2654.12	2538.45	-34.8299	2494.64	0	4.07736
2655.53	2539.66	-34.8299	1249.65	0	4.07355
2656.95	2540.91	-34.8299	-3246.66	0	4.07355
2658.39	2542.13	-34.8299	-4091.81	0	4.06974
2659.85	2543.37	-34.8299	584.065	0	4.06974
2661.32	2544.63	-34.8299	236.906	0	4.07355
2662.81	2545.89	-34.8299	93.2541	0	4.07355
2664.3	2547.19	-34.8299	3162.62	0	4.06974
2665.8	2548.48	-34.8299	8844.06	0	4.07546
2667.3	2549.76	-34.8299	10943.8	0	4.06974
2668.81	2551.05	-34.8299	12411.4	0	4.07736
2670.31	2552.35	-34.8299	19673	0	4.06783
2671.81	2553.59	-34.8299	15325.2	0	4.07355
2673.31	2554.83	-34.8299	9512.04	0	4.07355
2674.8	2556.09	-34.8299	4529.71	0	4.06974
2676.29	2557.34	-34.8299	1783.56	0	4.06974
2677.78	2558.6	-34.8299	7498.52	0	4.06974
2679.27	2559.83	-34.8299	6208.05	0	4.06974
2680.77	2561.07	-34.8299	5240.79	0	4.06974
2682.26	2562.33	-34.8299	4635.05	0	4.07736
2683.75	2563.62	-34.8299	3138.68	0	4.07355
2685.24	2564.86	-30.1196	4704.49	4710.26	4.07546
2686.71	2566.09	-26.0979	5058.83	4021.71	4.06783
2688.18	2567.33	-34.8299	6483.38	-8731.97	4.07546
2689.65	2568.58	-34.8299	11130.5	0	4.06974
2691.11	2569.84	-34.8299	9176.86	0	4.07736
2692.56	2571.1	-34.8299	4041.29	0	4.06212
2694.02	2572.36	-34.8299	2532.95	0	4.06974
2695.48	2573.63	-34.8299	3160.23	0	4.06974
2696.94	2574.96	-34.8299	3847.36	0	4.06783
2698.4	2576.25	-34.8299	3634.28	0	4.06974
2699.87	2577.53	-34.8299	5030.1	0	4.07736
2701.35	2578.83	-34.8299	6129.04	0	4.07355
2702.82	2580.14	-34.8299	3071.64	0	4.08118
2704.29	2581.44	-34.8299	2949.54	0	4.07736
2705.77	2582.74	-34.8299	5552.03	0	4.06974
2707.24	2584.03	-34.8299	5046.86	0	4.07165
2708.71	2585.32	-34.8299	4668.57	0	4.07546
2710.19	2586.63	-34.8299	4498.59	0	4.07355
2711.69	2587.91	-34.8299	6401.98	0	4.06593
2713.2	2589.2	-30.9561	3414.01	3873.78	4.06974
2714.71	2590.5	-32.9409	6526.47	-1984.78	4.07355
2716.2	2591.81	-34.8299	14238.2	-1889	4.06974
2717.66	2593.13	-34.8299	22673	0	4.06974
2719.11	2594.43	-34.8299	16586.9	0	4.06974
2720.55	2595.72	-34.8299	770.813	0	4.06974
2721.99	2597.02	-34.8299	904.889	0	4.07355
2723.42	2598.37	-33.9721	2841.8	857.765	4.07355
2724.84	2599.68	-34.8299	-1482.13	-857.765	4.07736
2726.27	2601	-34.2275	-4541.92	602.352	4.07546
2727.69	2602.35	-34.8299	2899.26	-602.352	4.06974
2729.12	2603.72	-34.8299	5006.16	0	4.07355
2730.54	2605.13	-34.8299	3483.44	0	4.06974
2731.97	2606.53	-34.8299	5652.59	0	4.07165
2733.41	2607.92	-23.465	1936.79	11364.9	4.06974
2734.85	2609.34	-29.2704	-1103.85	-5805.35	4.06974
2736.31	2610.8	-34.8299	6217.62	-5559.51	4.06974
2737.77	2612.23	-34.8299	7160.94	0	4.07165
2739.23	2613.66	-34.8299	8865.61	0	4.06974
2740.7	2615.11	-34.8299	11669.2	0	4.07546
2742.15	2616.54	-34.8299	7014.89	0	4.06783
2743.59	2617.98	-34.8299	5829.76	0	4.06783
2745.02	2619.38	-34.8299	12411.4	0	4.06974
2746.44	2620.74	-34.8299	16151.2	0	4.06593
2747.85	2622.1	-34.8299	5257.55	0	4.07355
2749.25	2623.49	-34.8299	-4778.95	0	4.06974
2750.65	2624.82	-34.8299	-2966.54	0	4.06783
2752.07	2626.15	-34.8299	1857.78	0	4.06974
2753.49	2627.5	-34.8299	3751.59	0	4.07355
2754.94	2628.88	-34.8299	4026.93	0	4.07546
2756.4	2630.28	-34.8299	7084.32	0	4.07355
2757.88	2631.67	-34.8299	9318.11	0	4.06974
2759.39	2633.07	-34.8299	3255.99	0	4.06974
2760.91	2634.49	-29.9621	-337.702	4867.77	4.06974
2762.44	2635.97	-29.4353	4850.53	526.791	4.06974
2763.96	2637.44	-24.642	7376.42	4793.27	4.07736
2765.48	2638.93	-29.1448	8935.04	-4502.74	4.07546
2767	2640.42	-34.8299	14427.3	-5685.09	4.07546
2768.54	2641.88	-34.8299	17245.3	0	4.06974
2770.02	2643.33	-34.8299	5784.27	0	4.07355
2771.51	2644.75	-32.0778	-680.073	2752.09	4.07355
2772.99	2646.15	-25.9819	5870.46	6095.88	4.06593
2774.47	2647.56	-34.8299	9583.87	-8847.97	4.07546
2775.94	2649	-34.8299	5322.19	0	4.06974
2777.41	2650.39	-34.8299	-24.0618	0	4.07546
2778.89	2651.78	-34.8299	1232.89	0	4.06974
2780.38	2653.18	-34.8299	1259.23	0	4.07546
2781.87	2654.6	-34.8299	3617.52	0	4.07355
2783.37	2656.03	-34.8299	3852.15	0	4.07546
2784.88	2657.46	-34.8299	461.961	0	4.07355
2786.4	2658.88	-34.8299	-2727.12	0	4.06974
2787.93	2660.32	-34.8299	-1817.32	0	4.07355
2789.49	2661.81	-32.2991	1594.42	2530.73	4.07546
2791.05	2663.25	-34.8299	4924.75	-2530.73	4.07546
2792.61	2664.68	-34.8299	7991.73	0	4.06783
2794.19	2666.11	-34.8299	15957.2	0	4.07355
2795.76	2667.54	-34.8299	19400.1	0	4.06974
2797.32	2668.97	-34.8299	8195.23	0	4.06974
2798.89	2670.4	-34.8299	5987.78	0	4.07546
2800.45	2671.8	-34.8299	9586.26	0	4.07546
2802	2673.15	-26.3384	6593.51	8491.46	4.07736
2803.65	2673.15	-27.7932	5355.71	-1454.8	4.07546
2805.05	2676.03	-34.8299	4572.81	-7036.66	4.07736
2806.56	2677.41	-34.8299	6311	0	4.07736
2808.06	2678.8	-34.8299	8954.2	0	4.06974
2809.55	2680.2	-34.8299	5659.77	0	4.06974
2811.05	2681.63	-34.8299	1989.46	0	4.06593
2812.54	2683.04	-34.8299	1687.79	0	4.07546
2814.04	2684.42	-34.8299	2667.02	0	4.07736
2815.54	2685.82	-34.8299	5106.71	0	4.07546
2817.04	2687.25	-34.8299	4414.79	0	4.07736
2818.55	2688.66	-34.8299	6904.76	0	4.07546
2820.05	2690.05	-34.8299	7608.65	0	4.07546
2821.55	2691.47	-34.8299	4225.65	0	4.06974
2823.05	2692.88	-34.8299	4046.08	0	4.07736
2824.55	2694.32	-34.8299	4843.35	0	4.06783
2826.05	2695.74	-34.8299	4570.41	0	4.06974
2827.55	2697.14	-34.8299	4232.83	0	4.06593
2829.06	2698.55	-34.8299	7038.83	0	4.06974
2830.58	2699.99	-34.8299	6373.25	0	4.07355
2832.09	2701.37	-34.8299	4268.74	0	4.07546
2833.6	2702.74	-34.8299	3842.57	0	4.06974
2835.13	2704.13	-34.8299	4225.65	0	4.07736
2836.66	2705.51	-34.8299	4388.45	0	4.07546
2838.2	2706.91	-34.8299	3902.43	0	4.07355
2839.73	2708.29	-34.8299	6131.43	0	4.07736
2841.27	2709.66	-34.8299	9808.92	0	4.06974
2842.79	2711.02	-34.8299	6327.76	0	4.06783
2844.3	2712.41	-34.8299	12423.4	0	4.06593
2845.77	2713.75	-34.8299	17556.6	0	4.06593
2847.24	2715.1	-34.8299	5382.05	0	4.06783
2848.69	2716.47	-34.8299	2729.27	0	4.07355
2850.12	2717.85	-34.8299	4453.1	0	4.07736
2851.56	2719.26	-34.8299	3495.41	0	4.07736
2853	2720.65	-34.8299	4180.16	0	4.08308
2854.44	2722.03	-34.8299	3481.05	0	4.07927
2855.88	2723.41	-34.8299	6763.5	0	4.07355
2857.33	2724.83	-34.8299	6227.2	0	4.06974
2858.77	2726.19	-34.8299	6078.76	0	4.06974
2860.18	2727.56	-34.8299	7895.96	0	4.06974
2861.57	2728.95	-26.5225	7970.18	8307.34	4.06593
2862.95	2730.35	-28.8106	9138.55	-2288.08	4.06974
2864.32	2731.75	-34.8299	4433.94	-6019.26	4.06593
2865.7	2733.13	-34.8299	847.428	0	4.06974
2867.07	2734.51	-34.8299	2513.79	0	4.06974
2868.45	2735.91	-34.8299	5564.01	0	4.06974
2869.83	2737.35	-34.8299	8051.58	0	4.06593
2871.21	2738.73	-34.8299	6167.34	0	4.07546
2872.59	2740.1	-34.8299	6387.61	0	4.06783
2873.97	2741.47	-34.8299	7697.24	0	4.06783
2875.36	2742.85	-34.8299	5209.66	0	4.06974
2876.75	2744.23	-34.8299	4800.25	0	4.06974
2878.14	2745.59	-34.8299	6703.65	0	4.06974
2879.52	2746.94	-34.8299	7180.09	0	4.06974
2880.9	2748.3	-34.8299	5286.28	0	4.06974
2882.27	2749.7	-34.8299	6832.93	0	4.06974
2883.64	2751.05	-34.8299	10546.3	0	4.06974
2884.99	2752.4	-34.8299	9478.53	0	4.06783
2886.32	2753.77	-34.8299	9540.77	0	4.06593
2887.64	2755.15	-34.8299	8621.4	0	4.07546
2888.95	2756.55	-34.8299	4005.38	0	4.07546
2890.26	2757.93	-25.7467	4110.72	9083.16	4.07546
2891.56	2759.29	-18.3769	4599.14	7369.76	4.07736
2892.86	2760.67	-28.419	718.141	-10042	4.07546
2894.17	2762.09	-34.8299	-763.87	-6410.9	4.07355
2895.49	2763.46	-34.8299	1953.55	0	4.07355
2896.82	2764.84	-34.8299	5092.35	0	4.06974
2898.15	2766.26	-34.8299	3938.34	0	4.07355
2899.48	2767.68	-34.8299	3708.5	0	4.06974
2900.82	2769.12	-34.8299	5882.43	0	4.07165
2902.14	2770.54	-34.8299	3775.54	0	4.06783
