12226.6	11061	-0.000872664	30.4303	0	3.98777
12226.6	11061	0.00125578	-3.08851	2.12845	3.97824
12226.6	11061	-0.0370563	198.024	-38.3121	3.97824
12226.6	11061	-0.278635	1656.09	-241.579	3.97443
12226.7	11061	-0.728803	4208.31	-450.167	3.98015
12226.7	11061	-0.818198	8611.25	-89.3949	3.97634
12226.7	11061	-0.404214	10114.8	413.984	3.97443
12226.7	11061.1	0.0374394	8402.95	441.653	3.97634
12226.7	11061.1	0.0981003	7426.12	60.6608	3.97443
12226.8	11061.1	-0.130708	6049.45	-228.808	3.96681
12226.8	11061.2	-0.232874	44.7955	-102.166	3.97634
12226.8	11061.2	-0.245644	-1793.95	-12.7707	3.97062
12226.9	11061.3	-0.295663	2721.51	-50.0186	3.97443
12226.9	11061.3	-0.342489	2357.59	-46.8259	3.97443
12227	11061.4	-0.359517	710.384	-17.0276	3.97062
12227.1	11061.5	-0.276507	1129.37	83.0095	3.97443
12227.2	11061.6	-0.0455701	2314.5	230.937	3.97824
12227.3	11061.8	0.207715	4275.35	253.286	3.97824
12227.4	11061.9	0.333294	8594.49	125.579	3.97824
12227.5	11062	0.271569	10603.2	-61.725	3.97443
12227.6	11062.1	0.116192	8596.88	-155.377	3.97634
12227.7	11062.2	0.0959718	6413.37	-20.2203	3.96871
12227.8	11062.4	0.225807	4651.24	129.835	3.97062
12227.9	11062.5	0.283275	2008.04	57.4682	3.96681
12228	11062.6	0.151312	2134.93	-131.964	3.96681
12228.2	11062.8	-0.0221572	4316.05	-173.469	3.96871
12228.3	11062.9	-0.140286	3401.47	-118.129	3.96871
12228.4	11063.1	-0.189241	2190	-48.9543	3.96871
12228.6	11063.3	-0.203075	2477.3	-13.8349	3.96871
12228.7	11063.4	-0.0594051	3142.89	143.67	3.96681
12228.9	11063.6	0.308817	4727.85	368.222	3.96681
12229	11063.8	0.755791	6655.19	446.975	3.96871
12229.2	11064	0.978215	6875.45	222.423	3.97062
12229.3	11064.2	0.685553	5805.25	-292.662	3.97062
12229.5	11064.4	0.184303	3973.68	-501.25	3.96871
12229.7	11064.6	-0.063662	2994.45	-247.964	3.97062
12229.8	11064.8	0.0651093	3492.45	128.771	3.97062
12230	11065	0.323716	3181.2	258.607	3.97062
12230.2	11065.2	0.508891	3142.89	185.175	3.97443
12230.4	11065.4	0.52379	3506.81	14.8991	3.96871
12230.6	11065.6	0.393955	3068.67	-129.835	3.96871
12230.8	11065.9	0.277954	3715.11	-116.001	3.97062
12231.1	11066.1	0.0885222	4205.92	-189.432	3.97062
12231.3	11066.3	0.0427606	3549.91	-45.7617	3.97252
12231.5	11066.6	0.222615	4158.03	179.854	3.97252
12231.8	11066.8	0.401404	4952.91	178.79	3.96681
12232	11067.1	0.488671	5635.26	87.2665	3.97062
12232.2	11067.3	0.419496	5965.66	-69.1746	3.97062
12232.5	11067.6	0.219422	4780.53	-200.074	3.96871
12232.7	11067.8	0.239642	3193.17	20.2203	3.96871
12232.9	11068.1	0.440781	4007.2	201.139	3.96681
12233.2	11068.4	0.544011	4873.9	103.23	3.96871
12233.4	11068.6	0.534433	3229.08	-9.57799	3.96871
12233.7	11068.9	0.533368	3944.95	-1.0643	3.97062
12234	11069.2	0.588708	4150.85	55.3398	3.97062
12234.2	11069.5	0.585515	3305.7	-3.19266	3.97062
12234.5	11069.7	0.436524	4672.79	-148.992	3.96681
12234.8	11070	0.273697	5024.74	-162.826	3.96871
12235	11070.3	0.275826	4553.08	2.12845	3.96871
12235.3	11070.6	0.339679	3760.6	63.8535	3.97443
12235.6	11070.9	0.362028	4940.94	22.3488	3.96681
12235.9	11071.2	0.440781	3418.23	78.7526	3.97062
12236.2	11071.5	0.391826	1742.28	-48.9544	3.96681
12236.5	11071.9	0.163018	4430.97	-228.808	3.97252
12236.8	11072.2	-0.0253498	4483.65	-188.368	3.97062
12237.1	11072.5	0.0885222	2908.26	113.872	3.96681
12237.4	11072.8	0.339679	2472.52	251.157	3.96871
12237.7	11073.1	0.303496	4296.9	-36.1837	3.96681
12238	11073.5	0.109807	5137.26	-193.689	3.97062
12238.3	11073.8	-0.000872664	4816.44	-110.679	3.96871
12238.6	11074.1	0.0363752	2261.83	37.2479	3.96871
12238.9	11074.5	0.00232001	2419.84	-34.0552	3.96871
12239.2	11074.8	-0.10091	5271.34	-103.23	3.97252
12239.6	11075.2	-0.173277	3889.88	-72.3673	3.96871
12239.9	11075.5	-0.101974	2941.78	71.3031	3.97062
12240.3	11075.9	0.124706	1282.6	226.68	3.96681
12240.6	11076.3	0.301367	159.717	176.661	3.96681
12241	11076.6	0.27689	2067.9	-24.4772	3.96871
12241.3	11077	-0.182855	2836.43	-459.745	3.96681
12241.7	11077.4	-0.693683	4593.78	-510.828	3.96871
12242.1	11077.8	-0.803298	5355.14	-109.615	3.97062
12242.5	11078.2	-0.518086	3691.16	285.212	3.96871
12242.8	11078.6	-0.144543	3468.5	373.543	3.97252
12243.2	11079	0.0576597	2668.84	202.203	3.9649
12243.6	11079.4	-0.0668546	4526.74	-124.514	3.96681
12244	11079.8	-0.370159	5934.53	-303.304	3.96681
12244.4	11080.2	-0.477646	2965.72	-107.487	3.97062
12244.8	11080.6	-0.370159	1828.48	107.487	3.96681
12245.2	11081	-0.222232	3344.01	147.927	3.9649
12245.6	11081.4	-0.143479	2312.1	78.7527	3.96299
12246	11081.8	-0.104103	1105.43	39.3763	3.96871
12246.5	11082.2	-0.332911	1653.7	-228.808	3.97443
12246.9	11082.7	-0.631958	1967.34	-299.047	3.97252
12247.3	11083.1	-0.866088	2534.77	-234.13	3.97443
12247.8	11083.5	-0.943776	3317.67	-77.6885	3.97062
12248.2	11084	-0.853317	4328.02	90.4591	3.97062
12248.7	11084.4	-0.772436	4165.22	80.8811	3.96681
12249.1	11084.8	-0.818198	4651.24	-45.7616	3.9649
12249.6	11085.3	-0.971446	3863.55	-153.249	3.97062
12250	11085.7	-0.974639	1383.15	-3.19266	3.97062
12250.5	11086.2	-0.867152	2316.89	107.487	3.9649
12250.9	11086.6	-0.917171	4227.47	-50.0186	3.97062
12251.4	11087	-1.00869	4227.47	-91.5233	3.96681
12251.9	11087.4	-0.961868	3853.97	46.8259	3.96681
12252.4	11087.9	-0.843739	2072.68	118.129	3.9649
12252.9	11088.3	-0.86928	78.3143	-25.5414	3.97062
12253.4	11088.8	-1.09809	636.163	-228.808	3.97062
12253.9	11089.2	-1.30242	1624.97	-204.331	3.96871
12254.4	11089.7	-1.28326	1967.34	19.156	3.96871
12254.9	11090.2	-0.989538	4478.86	293.726	3.96299
12255.4	11090.6	-0.604288	5776.51	385.249	3.97252
12255.9	11091.1	-0.460618	2905.87	143.67	3.96299
12256.4	11091.6	-0.834161	3006.42	-373.543	3.96871
12256.9	11092	-1.27369	4356.75	-439.525	3.96681
12257.5	11092.5	-1.41416	3772.57	-140.478	3.96871
12258	11092.9	-1.18855	2082.26	225.616	3.97252
12258.5	11093.4	-0.825647	1038.39	362.901	3.97062
12259	11093.9	-0.783078	2271.4	42.5689	3.96871
12259.6	11094.3	-0.986345	3051.91	-203.267	3.96871
12260.1	11094.8	-1.15449	2427.03	-168.148	3.96681
12260.6	11095.3	-1.15236	1811.72	2.12848	3.97062
12261.2	11095.8	-1.1066	3856.36	45.7617	3.96871
12261.7	11096.2	-0.911849	4253.8	194.753	3.96681
12262.3	11096.7	-0.717096	2185.21	194.753	3.97062
12262.8	11097.2	-0.851189	2573.07	-134.092	3.96871
12263.3	11097.7	-1.08319	3497.23	-232.001	3.97062
12263.9	11098.2	-0.949097	2898.68	134.092	3.97062
12264.4	11098.7	-0.663885	3648.07	285.212	3.97062
12265	11099.2	-0.573426	4646.45	90.4591	3.97443
12265.5	11099.7	-0.661757	3628.92	-88.3306	3.97252
12266	11100.2	-0.711775	1672.85	-50.0186	3.97062
12266.6	11100.7	-0.949097	1081.48	-237.322	3.97062
12267.1	11101.2	-1.1513	2094.23	-202.203	3.97443
12267.7	11101.7	-1.14385	2874.74	7.44951	3.97062
12268.2	11102.3	-0.941648	-146.741	202.203	3.97252
12268.8	11102.8	-0.755408	-838.665	186.239	3.96871
12269.4	11103.4	-0.694747	447.021	60.6608	3.97443
12269.9	11103.9	-0.699004	236.332	-4.25696	3.97443
12270.5	11104.5	-0.775629	1823.69	-76.6242	3.97062
12271.1	11105.1	-0.928877	2884.32	-153.248	3.96871
12271.7	11105.7	-1.11086	4275.35	-181.982	3.96871
12272.3	11106.2	-1.07042	5838.76	40.4404	3.97062
12272.8	11106.8	-0.82139	3899.46	249.029	3.96871
12273.4	11107.4	-0.588325	4220.28	233.065	3.97062
12274	11108	-0.580875	3743.84	7.44957	3.97062
12274.6	11108.5	-0.511701	2168.45	69.1746	3.97062
12275.2	11109.1	-0.457425	2439	54.2755	3.97062
12275.7	11109.7	-0.397829	1071.91	59.5967	3.97634
12276.3	11110.3	-0.539371	1821.29	-141.542	3.96871
12276.9	11110.8	-0.7735	4062.27	-234.13	3.96871
12277.5	11111.4	-0.868216	3707.92	-94.7161	3.96871
12278.1	11112	-0.726674	1002.48	141.542	3.96871
12278.7	11112.6	-0.762858	2118.17	-36.1835	3.97062
12279.2	11113.2	-0.680913	4323.23	81.9452	3.96681
12279.8	11113.8	-0.408471	3004.03	272.442	3.97634
12280.4	11114.3	-0.473389	284.216	-64.9177	3.96871
12281	11114.9	-0.802234	688.836	-328.846	3.97062
12281.6	11115.5	-1.06829	2865.17	-266.056	3.97062
12282.3	11116.1	-1.15343	2922.63	-85.1382	3.97062
12282.9	11116.7	-1.20238	1404.7	-48.9542	3.97062
12283.5	11117.3	-1.14279	-1987.88	59.5965	3.96871
12284.1	11118	-1.05871	334.494	84.0738	3.96871
12284.7	11118.6	-0.906528	3344.01	152.184	3.97062
12285.4	11119.2	-0.960804	2482.09	-54.2754	3.97062
12286	11119.8	-0.937391	5319.22	23.4129	3.97062
12286.6	11120.4	-0.99273	5084.59	-55.3396	3.97443
12287.3	11121.1	-1.23218	3152.47	-239.451	3.97062
12287.9	11121.7	-1.4131	2168.45	-180.918	3.97634
12288.5	11122.3	-1.36734	1610.6	45.7617	3.97443
12289.2	11122.9	-1.29816	1636.94	69.1746	3.97634
12289.8	11123.6	-1.22473	1531.59	73.4315	3.97062
12290.5	11124.2	-1.23005	1071.91	-5.32114	3.96871
12291.2	11124.8	-1.36308	289.004	-133.028	3.97252
12291.8	11125.4	-1.54613	650.529	-183.047	3.97062
12292.5	11126.1	-1.52484	2359.99	21.2846	3.97443
12293.2	11126.7	-1.37479	3384.71	150.056	3.96871
12293.9	11127.3	-1.45354	2237.88	-78.7529	3.97252
12294.6	11127.9	-1.54187	1830.87	-88.3305	3.97062
12295.3	11128.6	-1.45673	2412.66	85.1381	3.97443
12295.9	11129.2	-1.29391	3636.1	162.826	3.96871
12296.6	11129.8	-1.28326	2982.48	10.6422	3.96871
12297.3	11130.4	-1.42693	3066.28	-143.67	3.96871
12298	11131	-1.71108	2714.33	-284.148	3.97443
12298.7	11131.6	-1.86752	1354.42	-156.441	3.97634
12299.4	11132.3	-1.80686	1328.09	60.6608	3.97062
12300.1	11132.9	-1.57167	391.955	235.194	3.97062
12300.9	11133.5	-1.53123	3205.14	40.4406	3.96681
12301.6	11134.1	-1.57805	4011.99	-46.826	3.97443
12302.3	11134.8	-1.59508	1483.71	-17.0276	3.97062
12303	11135.4	-1.55677	-453.198	38.3121	3.97634
12303.7	11136	-1.65255	1553.14	-95.7803	3.97062
12304.4	11136.6	-1.5855	4454.92	67.0463	3.97634
12305.1	11137.3	-1.33009	2417.45	255.414	3.97634
12305.8	11137.9	-1.09277	1419.07	237.322	3.97443
12306.5	11138.6	-1.10767	3375.13	-14.899	3.97062
12307.2	11139.2	-1.33222	3748.63	-224.552	3.96681
12307.9	11139.8	-1.46312	3071.07	-130.9	3.97252
12308.6	11140.5	-1.51739	2199.58	-54.2755	3.96871
12309.4	11141.1	-1.43545	284.216	81.9454	3.96871
12310.1	11141.8	-1.26836	-350.248	167.083	3.96871
12310.8	11142.4	-1.28539	2757.43	-17.0276	3.96871
12311.5	11143.1	-1.20345	880.372	81.9453	3.97062
12312.2	11143.8	-1.15024	-570.514	53.2113	3.97634
12313	11144.4	-1.08851	1591.45	61.725	3.97634
12313.7	11145.1	-1.08425	-560.938	4.25696	3.97443
12314.4	11145.8	-1.26411	-671.071	-179.854	3.97824
12315.1	11146.5	-1.58125	92.6796	-317.139	3.97443
12315.9	11147.1	-1.71428	1687.22	-133.028	3.97824
12316.6	11147.9	-1.51207	5865.1	202.203	3.97443
12317.3	11148.5	-1.22473	4466.89	287.341	3.97443
12318.1	11149.2	-1.0651	2520.4	159.634	3.97062
12318.8	11149.9	-1.11512	775.027	-50.0185	3.97062
12319.5	11150.6	-1.37904	775.027	-263.928	3.97443
12320.2	11151.3	-1.69725	3346.4	-318.203	3.97443
12321	11152	-1.54081	3856.36	156.441	3.97252
12321.7	11152.7	-1.27156	2891.5	269.249	3.97062
12322.4	11153.4	-1.27581	-759.656	-4.25696	3.97062
12323.2	11154.1	-1.46844	284.216	-192.625	3.97443
12323.9	11154.8	-1.64829	1976.92	-179.854	3.97062
12324.6	11155.5	-1.6898	3118.95	-41.5047	3.97062
12325.4	11156.2	-1.60466	3372.74	85.138	3.97062
12326.1	11156.9	-1.51314	3705.53	91.5234	3.97252
12326.9	11157.6	-1.50037	3399.07	12.7709	3.97443
12327.6	11158.3	-1.62594	1344.85	-125.579	3.97252
12328.4	11159	-1.68554	854.036	-59.5965	3.97443
12329.1	11159.7	-1.72492	1136.55	-39.3765	3.96871
12329.9	11160.4	-1.86752	-1006.26	-142.606	3.97062
12330.7	11161.1	-1.99417	-1564.11	-126.643	3.97443
12331.5	11161.9	-2.06973	2458.15	-75.56	3.97443
12332.2	11162.6	-2.03461	2278.59	35.1195	3.97062
12333	11163.4	-1.93031	2278.59	104.294	3.96871
12333.8	11164.1	-1.84092	-1734.1	89.3948	3.97443
12334.6	11164.8	-2.0793	542.789	-238.387	3.97443
12335.4	11165.5	-2.37729	3468.5	-297.983	3.97062
12336.2	11166.2	-2.46988	3011.21	-92.5879	3.97443
12337	11166.9	-2.18573	4624.9	284.148	3.97062
12337.8	11167.7	-1.90158	3047.12	284.148	3.97062
12338.6	11168.4	-1.88987	1217.95	11.7065	3.97824
12339.4	11169.1	-2.1985	3176.41	-308.625	3.97062
12340.2	11169.8	-2.37622	1344.85	-177.726	3.97634
12341.1	11170.5	-2.50287	-177.865	-126.643	3.97634
12341.9	11171.3	-2.40709	2130.15	95.7804	3.97824
12342.7	11171.9	-2.35494	1313.72	52.1474	3.97824
12343.5	11172.7	-2.36345	530.818	-8.51393	3.97443
12344.3	11173.4	-2.17083	983.323	192.625	3.97824
12345.1	11174.1	-2.10059	545.184	70.2386	3.97824
12345.9	11174.8	-2.33046	1653.7	-229.872	3.97443
12346.7	11175.6	-2.59758	2652.08	-267.121	3.97062
12347.5	11176.2	-2.62419	2594.62	-26.6056	3.97062
12348.3	11177	-2.33898	1107.82	285.212	3.97062
12349.1	11177.7	-2.22297	2053.53	116.001	3.97062
12349.9	11178.4	-2.24745	3118.95	-24.4775	3.97634
12350.7	11179.2	-2.18573	2324.08	61.7251	3.97252
12351.5	11179.9	-2.01652	-1406.09	169.212	3.97443
12352.4	11180.6	-1.99097	-465.169	25.5414	3.97824
12353.2	11181.4	-2.07398	1246.68	-83.0094	3.97634
12354	11182.2	-2.24426	1905.09	-170.276	3.97443
12354.8	11182.9	-2.31237	1756.65	-68.1105	3.97634
12355.6	11183.7	-2.47732	-778.81	-164.955	3.97634
12356.4	11184.4	-2.67633	315.34	-199.01	3.97252
12357.3	11185.2	-2.63057	1502.86	45.7621	3.97443
12358.1	11186	-2.36984	401.532	260.735	3.97252
12358.9	11186.7	-2.35813	2091.84	11.7064	3.97443
12359.7	11187.5	-2.38687	3425.41	-28.7342	3.97824
12360.5	11188.3	-2.21446	1115	172.405	3.97824
12361.4	11189.1	-2.0942	406.32	120.257	3.97062
12362.2	11189.8	-2.08356	549.972	10.6421	3.97634
12363	11190.6	-2.10378	2532.37	-20.2203	3.97062
12363.9	11191.4	-1.99097	2472.52	112.808	3.97252
12364.7	11192.2	-1.88029	942.621	110.679	3.97824
12365.5	11192.9	-2.16125	3221.9	-280.956	3.97634
12366.4	11193.7	-2.47307	2956.14	-311.818	3.97824
12367.2	11194.5	-2.68166	-328.7	-208.588	3.97634
12368.1	11195.3	-2.79021	1533.99	-108.551	3.97443
12368.9	11196	-2.92643	2606.59	-136.221	3.97634
12369.8	11196.8	-2.90408	-77.3088	22.3484	3.97062
12370.6	11197.6	-2.84129	-898.52	62.7899	3.97634
12371.5	11198.4	-2.8498	298.581	-8.5144	3.97824
12372.3	11199.2	-2.78595	600.25	63.8537	3.97824
12373.2	11200	-2.6061	3415.83	179.854	3.98396
12374.1	11200.8	-2.33791	4816.44	268.185	3.97824
12375	11201.6	-2.33472	3458.93	3.19242	3.98396
12375.9	11202.4	-2.7487	1009.66	-413.983	3.97062
12376.8	11203.2	-2.91791	-924.856	-169.212	3.98396
12377.7	11204	-2.88279	1809.32	35.1191	3.97634
12378.5	11204.8	-2.9956	2362.38	-112.808	3.97443
12379.4	11205.6	-3.05733	315.34	-61.7247	3.97252
12380.3	11206.4	-2.97325	360.83	84.0735	3.97443
12381.2	11207.2	-2.82213	1299.36	151.12	3.97634
12382.1	11208	-2.737	401.532	85.1383	3.97824
12383	11208.8	-2.7487	1431.04	-11.7064	3.97634
12383.9	11209.5	-2.81681	2522.79	-68.1105	3.97634
12384.8	11210.4	-2.89769	571.52	-80.8811	3.97634
12385.7	11211.1	-2.78276	-1324.69	114.936	3.97824
12386.6	11211.9	-2.66782	-94.0682	114.936	3.97443
12387.5	11212.7	-2.70188	866.007	-34.0552	3.97443
12388.4	11213.4	-2.78808	123.804	-86.2021	3.97443
12389.3	11214.2	-2.88492	320.129	-96.8447	3.97824
12390.2	11215	-2.87428	-106.039	10.6421	3.97824
12391.1	11215.7	-2.83916	564.337	35.1195	3.97634
12392	11216.5	-2.82001	2005.65	19.156	3.97824
12392.9	11217.2	-2.70613	2874.74	113.873	3.97443
12393.8	11218	-2.64228	4668	63.8533	3.97634
12394.7	11218.8	-2.73274	4466.89	-90.4593	3.97634
12395.5	11219.6	-2.84023	669.682	-107.487	3.97252
12396.4	11220.3	-2.51777	619.404	322.461	3.97824
12397.3	11221.1	-2.36877	3348.79	148.991	3.97634
12398.2	11221.9	-2.54118	1555.54	-172.404	3.97443
12399.1	11222.7	-2.69868	743.902	-157.506	3.97252
12400	11223.4	-2.73167	911.497	-32.9909	3.97252
12400.9	11224.3	-2.70826	-587.274	23.4127	3.97443
12401.8	11225.1	-2.66782	-98.8566	40.441	3.97824
12402.7	11225.8	-2.60929	1222.74	58.5322	3.97634
12403.6	11226.6	-2.45178	2048.74	157.506	3.97824
12404.5	11227.4	-2.31556	-2303.92	136.221	3.98396
12405.5	11228.2	-2.53586	-4956.69	-220.295	3.97634
12406.4	11229	-2.95303	2120.57	-417.176	3.97062
12407.3	11229.8	-3.41597	9882.57	-462.938	3.97062
12408.2	11230.7	-3.18716	6588.15	228.808	3.97634
12409.1	11231.5	-2.88279	-4796.28	304.368	3.97443
12410.1	11232.3	-3.0403	-5758.75	-157.505	3.97824
12411	11233.1	-3.24144	-39.0015	-201.138	3.97634
12411.9	11234	-3.41916	1720.74	-177.726	3.97824
12412.8	11234.8	-3.57135	2956.14	-152.184	3.97824
12413.7	11235.6	-3.70012	1330.48	-128.771	3.97824
12414.7	11236.5	-3.67777	-426.862	22.3489	3.97062
12415.6	11237.3	-3.65755	-247.297	20.2203	3.97252
12416.5	11238.2	-3.79058	1009.66	-133.029	3.97824
12417.5	11239.1	-3.80229	102.256	-11.7064	3.98205
12418.5	11239.9	-3.65968	-1001.47	142.606	3.97824
12419.4	11240.8	-3.33083	1340.06	328.845	3.97443
12420.4	11241.6	-3.07116	2084.66	259.671	3.97824
12421.4	11242.5	-2.87747	2008.04	193.689	3.97252
12422.3	11243.4	-2.82426	-1633.54	53.2112	3.97062
12423.3	11244.2	-2.8232	-3682.98	1.0643	3.97634
12424.2	11245.1	-3.0967	4007.2	-273.506	3.97062
12425.1	11245.9	-3.27017	6585.75	-173.469	3.97062
12426.1	11246.7	-3.14353	597.856	126.643	3.97062
12427	11247.6	-3.14247	-453.198	1.0643	3.97443
12427.9	11248.4	-3.18078	468.569	-38.312	3.97824
12428.9	11249.2	-3.27762	674.471	-96.8447	3.97443
12429.8	11250	-3.3319	30.4303	-54.2755	3.97634
12430.7	11250.8	-3.26698	763.056	64.918	3.97443
12431.7	11251.6	-3.24144	751.085	25.5413	3.97443
12432.6	11252.4	-3.43087	-218.567	-189.432	3.97824
12433.5	11253.2	-3.6203	2245.07	-189.432	3.97824
12434.6	11254.1	-3.66394	4081.42	-43.633	3.97824
12435.4	11254.8	-3.63094	2230.7	32.9909	3.97824
12436.4	11255.6	-3.47557	679.259	155.376	3.97824
12437.3	11256.4	-3.33615	1675.25	139.414	3.98396
12438.3	11257.2	-3.6501	1790.17	-313.946	3.97634
12439.3	11258.1	-3.97043	3142.89	-320.332	3.97634
12440.2	11258.8	-3.49685	1313.72	473.58	3.97443
12441.2	11259.7	-3.28294	-489.111	213.909	3.97634
12442.1	11260.4	-3.41916	-91.674	-136.221	3.97443
12443.1	11261.3	-3.58838	-292.787	-169.211	3.97443
12444	11262	-3.63839	310.552	-50.0188	3.97443
12445	11262.9	-3.63094	241.12	7.44963	3.97062
12446	11263.7	-3.59263	95.0738	38.312	3.97443
12446.9	11264.5	-3.56709	188.448	25.5413	3.97443
12447.9	11265.3	-3.55538	121.41	11.7068	3.97634
12448.9	11266.2	-3.53836	-292.787	17.0274	3.97062
12450	11267	-3.6203	401.532	-81.9454	3.97443
12451	11267.9	-3.93744	2225.91	-317.139	3.97824
12452	11268.7	-4.45359	-2823.46	-516.149	3.97443
12453	11269.6	-4.63025	-1913.66	-176.661	3.97062
12454	11270.5	-4.25671	3420.62	373.543	3.97634
12455	11271.3	-3.6799	4189.16	576.81	3.97443
12456	11272.2	-3.69054	5738.21	-10.6421	3.97824
12457.1	11273	-3.86401	3454.14	-173.469	3.97634
12458.1	11273.9	-3.85124	427.868	12.7707	3.97443
12459.1	11274.7	-3.67777	-225.749	173.469	3.97824
12460	11275.6	-3.57986	600.25	97.9085	3.97634
12461	11276.4	-3.6799	988.111	-100.037	3.97634
12462	11277.3	-3.7246	1148.52	-44.6973	3.97634
12463.1	11278.1	-3.61392	2453.36	110.679	3.97824
12464.1	11279	-3.31913	1191.62	294.79	3.97824
12465.1	11279.8	-3.33615	-31.8189	-17.0274	3.97824
12466.1	11280.7	-3.74162	1016.84	-405.469	3.98205
12467.1	11281.5	-4.28438	4227.47	-542.756	3.98205
12468.1	11282.4	-4.51744	2704.75	-233.065	3.98396
12469.1	11283.2	-4.39612	-17.4537	121.322	3.97634
12470	11284.1	-4.08856	2381.54	307.561	3.98205
12471	11284.9	-4.04599	2314.5	42.5687	3.97824
12472	11285.7	-4.14071	715.172	-94.7161	3.97824
12473	11286.6	-4.29502	-60.5494	-154.313	3.97824
12474	11287.4	-4.34398	-180.259	-48.9545	3.97634
12474.9	11288.3	-4.51212	-3290.33	-168.148	3.97634
12475.9	11289.1	-4.67495	-2845.01	-162.826	3.97824
12476.9	11289.9	-4.65367	166.9	21.2841	3.97824
12477.9	11290.8	-4.58343	387.166	70.2391	3.97634
12478.9	11291.6	-4.54299	1553.14	40.441	3.97824
12479.9	11292.4	-4.48765	2158.88	55.3389	3.97634
12480.8	11293.2	-4.46104	2242.67	26.6056	3.97824
12481.8	11294.1	-4.43763	4509.98	23.4132	3.97252
12482.8	11294.9	-4.44188	3231.48	-4.25673	3.97634
12483.8	11295.7	-4.37377	2012.83	68.1105	3.97443
12484.7	11296.5	-4.29183	1976.92	81.9449	3.98396
12485.7	11297.4	-4.40251	324.917	-110.679	3.97443
12486.7	11298.2	-4.42805	1079.09	-25.5413	3.97634
12487.7	11299	-4.38442	775.027	43.6335	3.97443
12488.7	11299.8	-4.32908	-156.317	55.3393	3.97824
12489.7	11300.7	-4.26309	1081.48	65.9819	3.97824
12490.7	11301.5	-4.29928	1988.89	-36.1838	3.97824
12491.7	11302.3	-4.36845	2599.41	-69.1743	3.97824
12492.7	11303.2	-4.31418	3085.43	54.2755	3.97634
12493.7	11304	-4.3759	2599.41	-61.7251	3.97634
12494.8	11304.9	-4.55895	2039.17	-183.047	3.97824
12495.8	11305.7	-4.58875	1000.08	-29.7985	3.97824
12496.8	11306.6	-4.4802	595.462	108.551	3.98205
12497.9	11307.5	-4.33333	272.245	146.863	3.98396
12498.9	11308.3	-4.23862	904.314	94.7161	3.98587
12499.9	11309.2	-4.31843	1490.89	-79.8168	3.98396
12500.9	11310	-4.44188	2539.55	-123.45	3.97824
12502	11310.9	-4.56001	2857.98	-118.129	3.97824
12503	11311.8	-4.43124	1639.33	128.771	3.97634
12504	11312.6	-4.38442	2429.42	46.8259	3.97443
12505	11313.5	-4.46849	2206.76	-84.074	3.97252
12506	11314.4	-4.46743	219.572	1.06382	3.97634
12507.1	11315.2	-4.43443	356.042	32.9919	3.97824
12508.1	11316.1	-4.4355	758.268	-1.06478	3.97824
12509.1	11317	-4.48233	78.3143	-46.8259	3.98205
12510.1	11317.9	-4.55682	-259.268	-74.4958	3.97824
12511.1	11318.7	-4.56108	-6029.29	-4.25673	3.97824
12512.2	11319.7	-4.53766	-5806.63	23.4127	3.97443
12513.2	11320.5	-4.59833	681.653	-60.6608	3.97824
12514.2	11321.4	-4.68134	1543.57	-83.0097	3.98205
12515.3	11322.3	-4.80372	1634.55	-122.385	3.97824
12516.3	11323.2	-4.76541	2273.8	38.3115	3.98205
12517.4	11324.1	-4.45998	2336.05	305.433	3.97824
12518.4	11325	-4.49935	4806.86	-39.3758	3.97634
12519.4	11325.8	-4.69623	5067.83	-196.882	3.97824
12520.4	11326.7	-4.83352	937.833	-137.285	3.97062
12521.4	11327.5	-4.75051	-173.077	83.0097	3.97824
12522.5	11328.4	-4.626	-501.082	124.514	3.97824
12523.5	11329.2	-4.60578	-230.538	20.2203	3.98205
12524.5	11330.1	-4.60578	-94.0682	0	3.97443
12525.6	11330.9	-4.64089	202.813	-35.1195	3.97062
12526.6	11331.8	-4.63238	825.305	8.51393	3.97634
12527.7	11332.6	-4.51425	1112.61	118.129	3.98396
12528.7	11333.4	-4.60471	5546.67	-90.4589	3.98396
12529.8	11334.3	-5.08361	7617.66	-478.901	3.98205
12530.8	11335.1	-5.41352	2714.33	-329.909	3.97824
12531.9	11335.9	-5.18471	-1719.73	228.808	3.98205
12533	11336.8	-4.92611	-3144.28	258.607	3.98396
12534	11337.6	-4.96655	-2315.89	-40.4406	3.97824
12535.1	11338.5	-5.04104	178.871	-74.4958	3.97634
12536.2	11339.3	-5.03892	375.195	2.12812	3.97824
12537.3	11340.2	-4.99209	-161.106	46.8259	3.97824
12538.3	11341	-5.02508	868.401	-32.9909	3.97634
12539.4	11341.9	-5.14959	2091.84	-124.514	3.97824
12540.5	11342.7	-5.29433	2826.86	-144.735	3.97824
12541.5	11343.6	-5.11128	2470.12	183.046	3.97634
12542.6	11344.5	-5.02508	1524.41	86.2026	3.97824
12543.6	11345.4	-5.07084	3415.83	-45.7616	3.97634
12544.7	11346.3	-4.69517	2154.09	375.672	3.97824
12545.7	11347.2	-4.50787	-204.201	187.303	3.97062
12546.8	11348	-4.61429	487.723	-106.422	3.97443
12547.8	11348.9	-4.77924	-141.952	-164.955	3.97824
12548.9	11349.8	-4.8697	420.685	-90.4589	3.97443
12549.9	11350.7	-4.83565	770.239	34.0548	3.97824
12551	11351.5	-4.81543	303.369	20.2203	3.97824
12552.1	11352.4	-4.88354	-220.961	-68.1105	3.97062
12553.1	11353.3	-5.11554	-367.007	-232.001	3.97824
12554.2	11354.2	-5.35073	-668.677	-235.194	3.97634
12555.2	11355	-5.60508	2209.15	-254.35	3.97634
12556.3	11355.9	-5.20281	5228.24	402.277	3.97634
12557.3	11356.8	-4.8729	1684.82	329.91	3.98015
12558.4	11357.7	-4.90802	-546.572	-35.1195	3.97824
12559.5	11358.6	-4.9889	-407.709	-80.8811	3.97824
12560.6	11359.5	-5.03892	-12.6653	-50.0188	3.97824
12561.6	11360.3	-5.05275	743.902	-13.835	3.98205
12562.7	11361.2	-5.02934	411.108	23.4132	3.98205
12563.8	11362.1	-4.96761	63.9491	61.7251	3.97634
12564.9	11363	-4.92398	-620.793	43.633	3.97824
12566	11363.9	-5.03572	-4398.84	-111.743	3.97824
12567.1	11364.8	-5.59657	-797.964	-560.847	3.97824
12568.2	11365.6	-6.06057	6102.13	-464.002	3.97634
12569.2	11366.5	-5.9616	4268.17	98.9723	3.97824
12570.3	11367.3	-5.7296	2417.45	232.002	3.97252
12571.4	11368.2	-5.5955	2063.11	134.092	3.97824
12572.5	11369.1	-5.57741	1407.1	18.0917	3.97443
12573.6	11369.9	-5.64339	169.294	-65.9819	3.97634
12574.7	11370.8	-5.6849	-388.555	-41.5049	3.97634
12575.7	11371.7	-5.70512	-94.0682	-20.2203	3.97824
12576.8	11372.5	-5.75833	549.972	-53.2112	3.97824
12577.9	11373.4	-5.92116	1380.76	-162.827	3.97824
12579	11374.2	-6.09569	3315.28	-174.532	3.97824
12580.1	11375.1	-6.15742	2577.86	-61.7251	3.97824
12581.2	11376	-5.80516	1742.28	352.259	3.97634
12582.3	11376.9	-5.87646	2400.69	-71.3034	3.98205
12583.3	11377.7	-5.91158	1081.48	-35.1195	3.98205
12584.4	11378.6	-5.50292	-249.691	408.663	3.97824
12585.5	11379.5	-5.19003	516.453	312.882	3.97824
12586.6	11380.3	-5.15066	1555.54	39.3763	3.97824
12587.6	11381.2	-5.24431	1996.07	-93.6518	3.98587
12588.7	11382	-5.35499	583.491	-110.68	3.97634
12589.8	11382.9	-5.34222	-1176.25	12.7711	3.98396
12590.9	11383.8	-5.33583	-58.1552	6.38485	3.97824
12592	11384.7	-5.35073	296.187	-14.8988	3.97824
12593.1	11385.6	-5.29539	-455.593	55.3398	3.97634
12594.2	11386.5	-5.24431	-7118.66	51.0826	3.98015
12595.3	11387.4	-5.1911	-8883.18	53.2112	3.97824
12596.4	11388.4	-5.16981	-1456.37	21.2846	3.97824
12597.5	11389.3	-5.04424	1404.7	125.579	3.97824
12598.7	11390.2	-4.81543	1117.4	228.808	3.98205
12599.8	11391.1	-4.5962	2410.27	219.23	3.98205
12600.9	11392	-4.65579	2747.85	-59.5965	3.97824
12602.1	11392.9	-5.25176	5908.2	-595.966	3.97634
12603.2	11393.8	-5.57954	10830.7	-327.781	3.97824
12604.3	11394.7	-5.52846	3796.51	51.0826	3.97824
12605.4	11395.6	-5.41139	-661.494	117.065	3.97824
12606.5	11396.5	-5.28901	748.691	122.385	3.97634
12607.6	11397.4	-5.3635	-247.297	-74.4953	3.98396
12608.7	11398.3	-5.50824	1160.49	-144.735	3.98587
12609.8	11399.2	-5.57209	707.989	-63.8537	3.98396
12610.9	11400.1	-5.61573	341.677	-43.6335	3.97824
12612	11401	-5.7296	1330.48	-113.872	3.98396
12613.2	11401.9	-5.86475	-2761.21	-135.156	3.97824
12614.3	11402.9	-5.89029	-3809.87	-25.5413	3.97634
12615.4	11403.7	-5.79664	-656.706	93.6518	3.97634
12616.5	11404.7	-5.67	1234.71	126.642	3.97824
12617.7	11405.5	-5.4082	2501.25	261.799	3.97824
12618.8	11406.5	-5.49972	2331.26	-91.5232	3.97824
12619.9	11407.3	-5.55826	1644.12	-58.5327	3.97824
12621	11408.2	-5.50611	2266.61	52.1474	3.97443
12622.1	11409.1	-5.58593	4038.32	-79.8168	3.97443
12623.2	11409.9	-5.63062	3312.88	-44.6973	3.97062
12624.3	11410.8	-5.66362	844.459	-32.9919	3.97443
12625.3	11411.6	-5.69554	-414.891	-31.9262	3.97634
12626.4	11412.5	-5.68277	47.1897	12.7707	3.97824
12627.5	11413.4	-5.71044	-192.23	-27.6699	3.97634
12628.5	11414.2	-5.79771	1613	-87.2664	3.97824
12629.6	11415.1	-5.95096	2139.72	-153.249	3.98396
12630.7	11416	-6.13507	1103.03	-184.11	3.98396
12631.8	11416.8	-5.94989	1912.27	185.175	3.97824
12632.8	11417.6	-5.67213	2166.06	277.763	3.97824
12633.9	11418.5	-5.2922	889.949	379.928	3.98396
12634.9	11419.4	-5.25814	1392.73	34.0557	3.97634
12636	11420.2	-5.58486	5094.17	-326.717	3.98205
12637.1	11421.1	-5.82219	3765.39	-237.323	3.97824
12638.1	11422	-5.81261	-247.297	9.57775	3.97634
12639.1	11422.9	-5.78494	636.163	27.6709	3.97443
12640.2	11423.8	-5.77536	387.166	9.57775	3.97824
12641.2	11424.6	-5.73385	-565.726	41.5044	3.97443
12642.3	11425.6	-5.71363	-125.193	20.2203	3.97824
12643.3	11426.4	-5.66362	154.929	50.0183	3.97824
12644.4	11427.3	-5.55932	557.155	104.295	3.97824
12645.5	11428.2	-5.52952	-6251.96	29.798	3.97824
12646.5	11429.1	-5.76259	-5220.05	-233.065	3.97443
12647.6	11430	-5.93712	3729.47	-174.533	3.97062
12648.7	11430.9	-6.03397	8352.68	-96.8442	3.97443
12649.7	11431.8	-6.05312	5151.63	-19.1565	3.97824
12650.8	11432.7	-6.06376	1160.49	-10.6416	3.97824
12651.9	11433.6	-5.96905	1435.83	94.7156	3.97634
12653	11434.5	-5.85518	-529.813	113.872	3.97824
12654	11435.3	-5.8754	11.2767	-20.2203	3.97824
12655.1	11436.2	-5.77217	-335.883	103.23	3.97824
12656.2	11437.1	-5.63382	-168.288	138.35	3.97824
12657.3	11438	-5.51994	-189.836	113.872	3.97824
12658.4	11438.9	-5.57741	1390.34	-57.4684	3.97634
12659.5	11439.8	-5.60295	854.036	-25.5413	3.97443
12660.6	11440.7	-5.66149	-1092.45	-58.5322	3.97824
12661.7	11441.6	-5.68703	-426.862	-25.5413	3.97824
12662.8	11442.5	-5.66149	-89.2798	25.5413	3.97634
12663.9	11443.4	-5.56039	786.998	101.101	3.97443
12665.1	11444.3	-5.51675	-134.77	43.633	3.97634
12666.2	11445.2	-5.76578	-730.926	-249.029	3.97824
12667.3	11446	-5.84453	576.308	-78.7525	3.97824
12668.4	11447	-6.07334	2465.33	-228.808	3.97634
12669.6	11447.8	-6.73955	6540.26	-666.205	3.97634
12670.7	11448.8	-7.11948	3794.12	-379.929	3.97634
12671.8	11449.6	-6.62887	2039.17	490.608	3.97824
12672.9	11450.5	-6.14784	2458.15	481.03	3.98396
12674	11451.4	-6.12123	724.749	26.6051	3.97824
12675.1	11452.3	-6.32343	1261.05	-202.203	3.97824
12676.1	11453.2	-6.40644	-3065.27	-83.0097	3.97824
12677.2	11454	-6.40006	-6108.3	6.3858	3.97634
12678.3	11454.9	-6.50542	1608.21	-105.359	3.97824
12679.4	11455.8	-6.57353	4091	-68.1105	3.98205
12680.5	11456.6	-6.51712	-328.7	56.4041	3.97824
12681.6	11457.5	-6.20743	1234.71	309.69	3.97634
12682.6	11458.4	-5.97011	2393.51	237.322	3.97824
12683.7	11459.3	-6.0329	4110.15	-62.7894	3.97824
12684.8	11460.1	-6.29789	4806.86	-264.992	3.97634
12685.8	11461	-6.26384	2570.68	34.0557	3.97824
12686.9	11461.8	-6.15209	839.671	111.744	3.97443
12688	11462.7	-6.01268	1620.18	139.413	3.97443
12689.1	11463.6	-6.01694	952.198	-4.25673	3.98396
12690.2	11464.5	-6.08824	-565.726	-71.3029	3.97824
12691.3	11465.3	-6.12868	83.1028	-40.441	3.97824
12692.4	11466.2	-6.10527	-67.732	23.4132	3.97634
12693.5	11467.1	-6.00736	-604.033	97.9085	3.97634
12694.6	11468	-5.94138	-3793.11	65.9814	3.97634
12695.7	11468.9	-6.08292	-1037.38	-141.541	3.98396
12696.8	11469.8	-6.35536	6449.29	-272.442	3.98205
12697.9	11470.7	-6.15422	6145.22	201.138	3.97443
12699	11471.5	-5.60402	2312.1	550.205	3.98396
12700	11472.4	-5.47418	940.227	129.835	3.97634
12701.1	11473.3	-5.57209	801.363	-97.909	3.98015
12702.2	11474.1	-5.68384	545.184	-111.744	3.98205
12703.3	11475	-5.69235	-185.048	-8.51297	3.97634
12704.3	11475.8	-5.68596	-120.404	6.38485	3.97824
12705.4	11476.7	-5.66787	241.12	18.0926	3.97634
12706.5	11477.5	-5.68703	1220.35	-19.1565	3.97634
12707.6	11478.4	-5.61679	1660.88	70.2386	3.97634
12708.6	11479.2	-5.57422	1447.8	42.5692	3.97824
12709.7	11480.1	-5.7296	3032.76	-155.377	3.97824
12710.8	11480.9	-5.93712	2041.56	-207.524	3.97824
12711.9	11481.8	-5.99352	1172.46	-56.4036	3.97443
12713	11482.6	-6.19679	2917.84	-203.267	3.97443
12714	11483.5	-6.39793	2020.01	-201.139	3.97252
12715.1	11484.3	-6.38516	576.308	12.7711	3.97443
12716.2	11485.2	-6.23936	614.616	145.799	3.97634
12717.2	11486	-6.11804	80.7085	121.322	3.97252
12718.3	11486.9	-6.10953	1050.36	8.51345	3.97824
12719.4	11487.8	-6.1223	-2016.61	-12.7702	3.98396
12720.5	11488.6	-6.11591	-6065.21	6.38485	3.98205
12721.6	11489.5	-6.08186	-3501.02	34.0557	3.98205
12722.7	11490.3	-6.03077	28.0361	51.0821	3.97824
12723.8	11491.2	-5.93074	619.404	100.037	3.97824
12724.9	11492.1	-5.81048	439.839	120.258	3.97443
12726	11492.9	-5.73173	269.85	78.753	3.97824
12727.1	11493.8	-5.72428	-2023.79	7.44867	3.97824
12728.2	11494.6	-6.22233	1021.63	-498.057	3.97443
12729.4	11495.5	-6.85768	7066.99	-635.343	3.97634
12730.5	11496.3	-6.6874	11393.3	170.277	3.97443
12731.6	11497.2	-6.26916	6676.73	418.24	3.97062
12732.7	11498	-6.25852	-474.746	10.6421	3.97443
12733.7	11498.9	-6.33833	-295.181	-79.8168	3.97824
12734.8	11499.7	-6.35855	-395.738	-20.2203	3.97443
12735.9	11500.6	-6.36494	655.317	-6.38485	3.97824
12737	11501.5	-6.35643	712.778	8.51297	3.97443
12738.1	11502.4	-6.39261	621.798	-36.1829	3.98396
12739.2	11503.2	-6.45966	-60.5494	-67.0466	3.97824
12740.3	11504.1	-6.49371	-29.4247	-34.0548	3.98396
12741.3	11505	-6.52244	1337.66	-28.7342	3.98205
12742.4	11505.9	-6.64057	1531.59	-118.129	3.98205
12743.4	11506.8	-6.79169	997.688	-151.12	3.97824
12744.5	11507.7	-6.84597	803.758	-54.276	3.97824
12745.6	11508.6	-6.46604	-113.222	379.929	3.97824
12746.7	11509.5	-5.67639	1730.31	789.656	3.97062
12747.7	11510.3	-5.56251	1124.58	113.872	3.97634
12748.8	11511.2	-5.94138	-2064.5	-378.865	3.97443
12749.8	11512	-6.29151	2261.83	-350.129	3.98205
12750.9	11512.9	-6.366	2771.79	-74.4963	3.97634
12751.9	11513.8	-6.31492	1220.35	51.0831	3.97443
12753	11514.6	-6.21595	1665.67	98.9733	3.97824
12754	11515.5	-6.11059	1847.63	105.358	3.97634
12755.1	11516.4	-6.1074	1766.23	3.1929	3.98396
12756.1	11517.2	-6.1489	-357.43	-41.5053	3.97824
12757.2	11518.1	-6.19679	-79.703	-47.8897	3.97824
12758.3	11519	-6.19998	1816.5	-3.1929	3.97443
12759.4	11519.9	-6.17231	1129.37	27.6704	3.98396
12760.4	11520.7	-6.12336	-450.804	48.954	3.97824
12761.5	11521.6	-6.15316	1675.25	-29.7985	3.98205
12762.6	11522.5	-6.28619	4670.39	-133.028	3.98205
12763.7	11523.3	-6.02226	1646.52	263.927	3.98396
12764.7	11524.2	-5.83708	1653.7	185.174	3.97824
12765.8	11525	-6.05844	5850.73	-221.358	3.97634
12766.9	11525.9	-6.21382	1960.16	-155.377	3.98205
12768	11526.7	-6.20318	-912.885	10.6416	3.97824
12769.1	11527.5	-6.2351	111.833	-31.9262	3.98396
12770.2	11528.4	-6.27022	327.311	-35.1195	3.97824
12771.3	11529.2	-6.27129	-161.106	-1.06382	3.97443
12772.4	11530	-6.25958	-5174.56	11.7064	3.97634
12773.5	11530.9	-6.21276	-5756.36	46.8254	3.97824
12774.6	11531.7	-6.16912	-979.923	43.6335	3.97824
12775.7	11532.6	-6.19466	368.013	-25.5413	3.97634
12776.8	11533.4	-6.23936	466.175	-44.6973	3.98205
12777.9	11534.3	-6.34366	1038.39	-104.294	3.97634
12779	11535.1	-6.56395	1203.59	-220.295	3.97824
12780.1	11536	-6.61716	1507.65	-53.2107	3.97634
12781.2	11536.8	-6.32237	3408.65	294.79	3.97824
12782.3	11537.7	-5.85624	5594.56	466.131	3.97443
12783.3	11538.6	-5.64659	3688.77	209.652	3.97824
12784.4	11539.4	-5.7115	-491.506	-64.9176	3.97634
12785.5	11540.3	-5.67319	-1334.26	38.3115	3.98205
12786.5	11541.1	-5.70725	-194.625	-34.0548	3.98396
12787.6	11541.9	-5.63595	609.827	71.3024	3.97824
12788.6	11542.8	-5.63807	214.784	-2.12812	3.98396
12789.7	11543.6	-5.70193	2553.92	-63.8533	3.97824
12790.7	11544.5	-5.75727	2834.04	-55.3398	3.98205
12791.8	11545.4	-5.74556	540.395	11.7064	3.97634
12792.9	11546.3	-5.66681	1373.58	78.753	3.97634
12793.9	11547.1	-5.69873	1189.22	-31.9266	3.97824
12795	11548	-5.74769	289.004	-48.9545	3.97634
12796.1	11548.8	-5.786	-170.683	-38.312	3.98205
12797.2	11549.7	-5.56039	746.297	225.615	3.97824
12798.3	11550.6	-5.2358	3080.64	324.589	3.97634
12799.4	11551.5	-5.33583	2666.45	-100.038	3.97443
12800.5	11552.3	-5.93074	3049.52	-594.902	3.97443
12801.6	11553.2	-6.06696	652.923	-136.22	3.97824
12802.6	11554.1	-5.70406	-60.5494	362.9	3.97634
12803.7	11555	-5.25921	2053.53	444.847	3.97443
12804.8	11555.8	-5.19216	286.61	67.0462	3.97634
12805.9	11556.7	-5.38585	-443.622	-193.689	3.97634
12807	11557.5	-5.54123	-690.224	-155.377	3.97824
12808.1	11558.4	-5.57528	-520.236	-34.0552	3.98587
12809.2	11559.2	-5.57103	-362.219	4.25673	3.98205
12810.3	11560.1	-5.53804	-182.654	32.9914	3.98587
12811.4	11561	-5.55613	293.793	-18.0922	3.98205
12812.5	11561.8	-5.67319	887.555	-117.065	3.98396
12813.6	11562.7	-6.04248	1773.41	-369.286	3.97824
12814.7	11563.6	-6.43199	1610.6	-389.507	3.98205
12815.8	11564.4	-6.49797	-1997.46	-65.9814	3.97824
12816.9	11565.3	-6.31386	-3266.39	184.11	3.97634
12818	11566.2	-6.02758	1505.26	286.277	3.97443
12819.1	11567	-5.59125	6442.1	436.332	3.97062
12820.2	11567.9	-5.54442	2182.82	46.8264	3.97062
12821.2	11568.7	-5.7296	-2469.12	-185.175	3.97252
12822.3	11569.5	-5.77855	-1657.48	-48.9545	3.97252
12823.4	11570.3	-5.80729	114.227	-28.7337	3.97443
12824.4	11571.2	-5.64659	2776.58	160.698	3.97062
12825.5	11571.9	-5.45609	2415.06	190.496	3.97634
12826.6	11572.8	-5.36457	2161.27	91.5232	3.97443
12827.6	11573.6	-5.41139	1653.7	-46.8259	3.97824
12828.7	11574.4	-5.50717	549.972	-95.7808	3.97824
12829.8	11575.2	-5.5838	1203.59	-76.6234	3.97443
12830.9	11576.1	-5.61998	1881.15	-36.1838	3.97634
12832	11576.9	-5.95096	2182.82	-330.975	3.97443
12833	11577.8	-6.42986	3449.35	-478.9	3.97252
12834.1	11578.6	-6.53415	4780.53	-104.294	3.97443
12835.2	11579.5	-6.21595	3600.19	318.203	3.97443
12836.2	11580.3	-5.80622	2786.16	409.727	3.97443
12837.3	11581.2	-5.66149	2472.52	144.734	3.97252
12838.3	11582	-5.78494	-1066.11	-123.45	3.96871
12839.3	11582.9	-5.86369	-1942.39	-78.753	3.97634
12840.4	11583.8	-5.88497	-616.004	-21.2841	3.98396
12841.5	11584.6	-5.91158	-247.297	-26.6061	3.97634
12842.5	11585.5	-5.87327	-534.601	38.3124	3.98587
12843.6	11586.3	-5.82325	-2907.26	50.0183	3.97443
12844.6	11587.2	-5.63914	-2809.09	184.111	3.97443
12845.7	11588.1	-5.39543	-766.839	243.708	3.97443
12846.8	11589	-5.31029	8.8825	85.1378	3.97062
12847.9	11589.8	-5.71789	3253.03	-407.598	3.97443
12849	11590.7	-6.27554	6741.38	-557.654	3.97443
12850	11591.6	-6.36388	7835.53	-88.3307	3.97252
12851.1	11592.5	-5.87859	5422.17	485.287	3.97062
12852.2	11593.3	-5.5242	2067.9	354.387	3.97824
12853.3	11594.2	-5.56358	-424.468	-39.3763	3.97443
12854.3	11595	-5.75301	-1360.6	-189.433	3.97443
12855.4	11595.9	-5.96905	351.253	-216.037	3.97634
12856.5	11596.7	-5.98608	2288.16	-17.0283	3.97062
12857.5	11597.6	-5.94351	918.679	42.5696	3.97824
12858.6	11598.4	-5.9733	-556.149	-29.798	3.97824
12859.6	11599.2	-6.12017	1842.84	-146.864	3.97443
12860.7	11600.1	-6.15103	1270.63	-30.8619	3.97634
12861.8	11600.9	-6.13932	2575.47	11.7059	3.97443
12862.8	11601.7	-6.08292	4593.78	56.4046	3.97252
12863.9	11602.6	-6.20211	3420.62	-119.194	3.97062
12864.9	11603.4	-6.17338	1689.61	28.7342	3.97062
12866	11604.3	-6.13826	832.488	35.1195	3.97824
12867	11605.1	-6.19253	609.827	-54.275	3.97634
12868	11605.9	-6.23085	-402.92	-38.3124	3.97443
12869.1	11606.7	-6.20318	-1485.1	27.669	3.96871
12870.1	11607.5	-6.14997	-5076.4	53.2117	3.97443
12871.2	11608.3	-6.12762	-4257.58	22.3494	3.97634
12872.2	11609.1	-6.14039	-481.929	-12.7711	3.98396
12873.3	11609.9	-6.31386	-201.807	-173.469	3.97824
12874.3	11610.8	-6.50329	612.221	-189.431	3.97824
12875.4	11611.6	-6.51925	2491.67	-15.964	3.98205
12876.4	11612.4	-6.27235	2640.11	246.9	3.97824
12877.5	11613.2	-6.12336	4045.51	148.992	3.97443
12878.5	11614	-6.07973	4174.79	43.6325	3.97634
12879.5	11614.8	-6.01481	2199.58	64.918	3.97824
12880.6	11615.6	-6.01587	3607.37	-1.0643	3.97062
12881.6	11616.4	-5.97543	2934.6	40.4406	3.97634
12882.6	11617.2	-5.97543	174.082	0	3.97443
12883.6	11618.1	-5.95734	11.2767	18.0922	3.97634
12884.7	11618.8	-5.99246	379.984	-35.1195	3.97062
12885.7	11619.7	-6.01268	183.659	-20.2203	3.97824
12886.8	11620.5	-6.02758	1170.07	-14.8993	3.97824
12887.8	11621.4	-6.03822	1155.71	-10.6421	3.97634
12888.9	11622.2	-6.06589	2137.33	-27.6699	3.97634
12890	11623.1	-6.10101	2496.46	-35.1195	3.97824
12891.1	11623.9	-6.10101	593.068	0	3.97443
12892.2	11624.8	-6.21276	4802.07	-111.744	3.97443
12893.2	11625.6	-6.45966	4205.92	-246.9	3.97824
12894.3	11626.5	-6.67676	-1913.66	-217.101	3.97634
12895.4	11627.3	-6.53202	736.72	144.734	3.97443
12896.5	11628.2	-6.32237	2896.29	209.652	3.97443
12897.5	11629.1	-6.24575	1258.66	76.6239	3.97443
12898.6	11630	-6.27342	1517.23	-27.6699	3.97824
12899.6	11630.8	-6.25639	854.036	17.0283	3.97252
12900.7	11631.7	-6.21701	-27.0305	39.3763	3.98587
12901.7	11632.5	-6.25	688.836	-32.9914	3.98587
12902.8	11633.4	-6.33301	-1310.32	-83.0097	3.97824
12903.9	11634.3	-6.26597	-1075.69	67.0471	3.97824
12904.9	11635.1	-5.99672	1967.34	269.248	3.97443
12905.9	11636	-5.86795	1653.7	128.771	3.97634
12907	11636.9	-5.9914	897.131	-123.451	3.97634
12908	11637.7	-6.2681	1016.84	-276.699	3.97443
12909.1	11638.5	-6.45327	1091.06	-185.174	3.97824
12910.1	11639.4	-6.56182	3147.68	-108.551	3.97634
12911.2	11640.2	-6.45753	4301.69	104.294	3.97443
12912.2	11641.1	-6.30428	578.703	153.248	3.97443
12913.2	11641.9	-6.29257	-220.961	11.7059	3.97252
12914.2	11642.7	-6.49158	545.184	-199.01	3.97062
12915.3	11643.5	-6.61823	1871.57	-126.643	3.97824
12916.3	11644.4	-6.62248	2611.38	-4.25673	3.97443
12917.3	11645.2	-6.49158	959.381	130.899	3.97443
12918.3	11646	-6.42028	561.943	71.3034	3.97634
12919.3	11646.8	-6.50329	1445.4	-83.0092	3.97634
12920.4	11647.6	-6.74061	3214.72	-237.322	3.97824
12921.4	11648.4	-6.81511	2573.07	-74.4963	3.97443
12922.4	11649.2	-6.66824	2731.09	146.863	3.97443
12923.4	11650	-6.34259	2247.46	325.653	3.97062
12924.5	11650.8	-6.28512	142.958	57.4684	3.97824
12925.5	11651.6	-6.47988	209.995	-194.754	3.97634
12926.5	11652.4	-6.70017	1421.46	-220.294	3.97634
12927.6	11653.2	-6.69591	236.332	4.25673	3.97824
12928.7	11654	-6.28938	-1453.97	406.534	3.97634
12929.7	11654.8	-5.96053	-158.712	328.845	3.98396
12930.8	11655.6	-6.19786	3310.49	-237.322	3.97824
12931.9	11656.4	-6.34366	1701.58	-145.799	3.98205
12932.9	11657.2	-6.1638	-1420.46	179.854	3.97824
12934	11658	-6.00523	2084.66	158.569	3.97443
12935.1	11658.8	-5.99991	3190.78	5.3215	3.97634
12936.2	11659.7	-6.04674	1584.27	-46.8254	3.97634
12937.2	11660.5	-6.09569	846.853	-48.955	3.97634
12938.3	11661.3	-6.26384	1794.96	-168.147	3.97443
12939.4	11662.1	-6.68314	5187.54	-419.305	3.97443
12940.4	11663	-6.75019	4045.51	-67.0462	3.97634
12941.5	11663.8	-6.54373	2439	206.46	3.97824
12942.6	11664.6	-6.36813	2415.06	175.597	3.98015
12943.6	11665.5	-6.33088	870.795	37.2477	3.97824
12944.7	11666.3	-6.45114	765.45	-120.257	3.97443
12945.7	11667.1	-6.50861	1021.63	-57.4679	3.97443
12946.8	11668	-6.40006	3037.55	108.551	3.97634
12947.8	11668.8	-6.32237	1107.82	77.6882	3.97443
12948.8	11669.7	-6.22659	-1597.63	95.7804	3.97062
12949.9	11670.5	-6.21488	-400.526	11.7064	3.97443
12950.9	11671.3	-6.25107	207.601	-36.1834	3.97443
12951.9	11672.1	-6.19147	-82.0972	59.5965	3.97824
12953	11673	-6.25107	1385.55	-59.5965	3.98396
12954	11673.9	-6.35217	1598.63	-101.101	3.97824
12955	11674.7	-6.32769	983.323	24.477	3.97824
12956	11675.5	-6.23617	1897.91	91.5236	3.98396
12957.1	11676.4	-6.35323	2745.46	-117.065	3.97443
12958.1	11677.2	-6.52244	4033.54	-169.212	3.97634
12959.1	11678.1	-6.54586	2721.51	-23.4132	3.97443
12960.1	11678.9	-6.36281	849.247	183.047	3.97443
12961.1	11679.8	-6.20531	2015.22	157.505	3.97634
12962.1	11680.6	-6.1191	2194.79	86.2021	3.97443
12963.2	11681.4	-6.25532	564.337	-136.22	3.97443
12964.2	11682.2	-6.41496	413.503	-159.633	3.97634
12965.2	11683.1	-6.60013	379.984	-185.176	3.96681
12966.3	11683.9	-6.47988	-1925.63	120.257	3.97252
12967.3	11684.7	-6.44156	-1865.78	38.312	3.97443
12968.4	11685.5	-6.40006	-371.796	41.5053	3.96871
12969.5	11686.3	-6.36494	-853.03	35.1195	3.97634
12970.5	11687.1	-6.43305	344.071	-68.1105	3.97062
12971.6	11688	-6.64057	1431.04	-207.524	3.97443
12972.7	11688.8	-6.57033	1830.87	70.2391	3.97443
12973.7	11689.6	-6.53522	4344.78	35.1191	3.97443
12974.8	11690.4	-6.47243	3597.79	62.7894	3.97062
12975.8	11691.2	-6.34046	4742.22	131.964	3.97443
12976.9	11692	-6.42666	3643.28	-86.2026	3.97443
12977.9	11692.8	-6.55969	382.378	-133.028	3.97634
12979	11693.5	-6.43837	1100.64	121.322	3.97252
12980	11694.4	-6.22233	1589.06	216.037	3.97062
12981	11695.1	-6.06802	2410.27	154.313	3.97062
12982	11695.9	-6.24149	1972.13	-173.469	3.98205
12983.1	11696.7	-6.46498	2137.33	-223.488	3.97824
12984.1	11697.6	-6.42986	791.786	35.12	3.97634
12985.1	11698.4	-6.35536	1.69989	74.4953	3.97443
12986.1	11699.2	-6.25532	2170.85	100.037	3.97824
12987.2	11700	-6.1042	1871.57	151.12	3.97443
12988.2	11700.9	-6.10101	-1013.44	3.1929	3.97824
12989.2	11701.7	-6.34898	1902.7	-247.964	3.97062
12990.3	11702.5	-6.20531	2249.86	143.67	3.97824
12991.3	11703.4	-5.84985	461.387	355.452	3.97824
12992.3	11704.2	-5.89242	322.523	-42.5696	3.97634
12993.4	11705	-6.08398	-369.401	-191.561	3.97443
12994.4	11705.8	-6.31811	4.09409	-234.129	3.97443
12995.4	11706.7	-6.51712	-24.6363	-199.01	3.97824
12996.4	11707.6	-6.56289	1634.55	-45.7616	3.97443
12997.5	11708.4	-6.41389	1296.96	148.992	3.97443
12998.5	11709.2	-6.28619	1301.75	127.707	3.97443
12999.5	11710	-6.30534	1818.9	-19.1565	3.97443
13000.5	11710.9	-6.43518	68.7375	-129.836	3.97824
13001.5	11711.7	-6.18083	-1327.08	254.35	3.97252
13002.6	11712.5	-6.30002	1548.35	-119.193	3.97252
13003.6	11713.3	-6.84278	4304.08	-542.755	3.97443
13004.6	11714.1	-7.14289	2489.28	-300.111	3.97443
13005.6	11714.9	-6.88854	1589.06	254.35	3.97443
13006.7	11715.7	-6.4852	1828.48	403.341	3.97252
13007.6	11716.5	-6.366	1469.35	119.194	3.97443
13008.7	11717.3	-6.63632	444.627	-270.312	3.97443
13009.7	11718.1	-6.81085	-153.923	-174.534	3.97443
13010.7	11719	-6.82043	-376.584	-9.57775	3.97443
13011.7	11719.8	-6.71188	327.311	108.551	3.97062
13012.8	11720.6	-6.64164	102.256	70.2386	3.97062
13013.8	11721.4	-6.67356	1076.7	-31.9266	3.97634
13014.9	11722.2	-6.55012	3774.96	123.45	3.97443
13015.9	11723	-6.50861	315.34	41.5053	3.97443
13017	11723.8	-6.79382	-546.572	-285.212	3.97634
13018	11724.6	-7.37276	3367.95	-578.938	3.97443
13019	11725.4	-7.59199	3071.07	-219.23	3.97824
13020.1	11726.2	-7.08755	2965.72	504.443	3.98205
13021.1	11727	-6.41709	4790.1	670.462	3.97443
13022.1	11727.7	-6.17764	4651.24	239.45	3.97824
13023.1	11728.5	-6.42773	1194.01	-250.092	3.97824
13024.1	11729.3	-6.85235	-213.778	-424.626	3.97824
13025.1	11730	-7.09926	1845.24	-246.901	3.97824
13026.1	11730.8	-7.17907	2434.21	-79.8163	3.97443
13027.1	11731.6	-6.69485	3291.33	484.222	3.97634
13028.2	11732.3	-6.41177	3722.29	283.083	3.97443
13029.1	11733.1	-6.3511	-2172.24	60.6608	3.97443
13030.1	11733.8	-6.52989	-4937.54	-178.79	3.97443
13031.1	11734.6	-6.74487	949.804	-214.972	3.97824
13032.1	11735.4	-6.70123	3358.37	43.633	3.97443
13033.1	11736.1	-6.52032	2613.77	180.918	3.97062
13034.1	11736.9	-6.37558	1074.3	144.735	3.97443
13035.1	11737.7	-6.37026	1000.08	5.3215	3.97252
13036.1	11738.5	-6.48626	1208.38	-116.001	3.97443
13037.1	11739.2	-6.57778	356.042	-91.5232	3.97443
13038.1	11740.1	-6.55969	2659.26	18.0917	3.97634
13039	11740.8	-6.63419	5417.38	-74.4958	3.97062
13040	11741.7	-6.52032	3193.17	113.872	3.97634
13041	11742.4	-6.44901	1182.04	71.3034	3.97443
13042	11743.3	-6.50329	2683.21	-54.275	3.97443
13043	11744	-6.47136	2067.9	31.9262	3.97062
13044.1	11744.9	-6.4703	2714.33	1.06382	3.97062
13045.1	11745.7	-6.34046	3415.83	129.836	3.97824
13046.1	11746.5	-6.27448	-230.538	65.9819	3.97634
13047.1	11747.3	-6.24788	-2347.01	26.6051	3.97443
13048.1	11748.1	-6.26597	1318.51	-18.0907	3.97824
13049.2	11748.9	-6.29576	1531.59	-29.799	3.97634
13050.2	11749.7	-6.35217	85.4969	-56.4036	3.97634
13051.2	11750.5	-6.37665	2532.37	-24.478	3.97634
13052.3	11751.3	-6.52457	2144.51	-147.927	3.97443
13053.3	11752.1	-6.67144	700.807	-146.863	3.97443
13054.3	11752.9	-6.85448	2276.19	-183.046	3.97062
13055.3	11753.7	-6.91302	1541.17	-58.5327	3.97634
13056.4	11754.5	-6.88428	1737.5	28.7342	3.97634
13057.4	11755.3	-6.70017	1557.93	184.111	3.97443
13058.4	11756.1	-6.65228	1924.24	47.8902	3.97443
13059.4	11756.9	-6.60226	2482.09	50.0183	3.97634
13060.4	11757.8	-6.52032	1205.98	81.9449	3.97252
13061.4	11758.5	-6.60758	808.546	-87.266	3.97443
13062.4	11759.4	-6.66612	1249.08	-58.5327	3.97824
13063.5	11760.2	-6.5714	1210.77	94.7156	3.97062
13064.5	11761	-6.51287	-4418	58.5327	3.97062
13065.5	11761.8	-6.62674	-4183.36	-113.872	3.97443
13066.5	11762.6	-6.79489	358.436	-168.148	3.97443
13067.5	11763.3	-7.095	2972.9	-300.112	3.97824
13068.5	11764.1	-7.20036	4311.26	-105.358	3.97634
13069.5	11764.9	-7.10564	2367.17	94.7156	3.97443
13070.6	11765.7	-6.96197	3715.11	143.671	3.97634
13071.5	11766.5	-6.90024	3102.19	61.7247	3.97443
13072.5	11767.3	-6.91621	581.097	-15.9636	3.97443
13073.5	11768	-6.95878	628.981	-42.5687	3.97443
13074.5	11768.8	-6.81404	1634.55	144.734	3.97062
13075.5	11769.6	-6.62461	1533.99	189.432	3.97062
13076.5	11770.3	-6.5267	2319.29	97.909	3.97634
13077.5	11771.1	-6.62142	2479.7	-94.7165	3.97824
13078.5	11771.9	-6.90344	3341.61	-282.02	3.97443
13079.5	11772.6	-6.98006	2331.26	-76.6244	3.97824
13080.5	11773.4	-6.82894	2331.26	151.121	3.97824
13081.5	11774.1	-6.5863	4229.86	242.643	3.98015
13082.5	11774.9	-6.74593	1332.88	-159.634	3.97824
13083.5	11775.7	-6.82575	-469.958	-79.8163	3.97443
13084.5	11776.5	-6.79169	772.633	34.0548	3.97062
13085.5	11777.2	-6.73742	47.1897	54.275	3.97443
13086.5	11778	-6.68314	360.83	54.2755	3.97443
13087.5	11778.8	-6.66612	-228.143	17.0279	3.97443
13088.6	11779.6	-6.55331	-228.143	112.808	3.97252
13089.6	11780.4	-6.42666	-2813.88	126.643	3.97062
13090.7	11781.2	-6.66399	4126.91	-237.322	3.97634
13091.7	11782	-7.22164	6387.04	-557.654	3.97443
13092.7	11782.8	-7.28443	3456.53	-62.789	3.97634
13093.8	11783.6	-6.79276	2980.09	491.672	3.97062
13094.8	11784.4	-6.33408	5678.35	458.681	3.97443
13095.8	11785.2	-6.44369	2257.04	-109.615	3.97443
13096.8	11786	-6.38835	-2540.94	55.3398	3.97062
13097.9	11786.8	-6.04142	631.375	346.937	3.97634
13098.9	11787.6	-5.88604	1811.72	155.377	3.97062
13099.9	11788.4	-6.0031	-903.308	-117.064	3.97824
13101	11789.2	-6.05419	-508.265	-51.0826	3.97634
13102	11790	-6.02971	-805.146	24.477	3.97824
13103.1	11790.8	-6.05206	262.668	-22.3489	3.97062
13104.1	11791.6	-6.29364	1086.27	-241.58	3.97443
13105.2	11792.4	-6.5267	696.018	-233.065	3.97443
13106.2	11793.2	-6.73742	2520.4	-210.717	3.97443
13107.3	11794.1	-6.83001	2520.4	-92.587	3.97824
13108.3	11794.9	-6.89812	2041.56	-68.1105	3.97443
13109.3	11795.8	-6.92259	3078.25	-24.4775	3.97443
13110.4	11796.6	-6.65867	-1425.24	263.927	3.97824
13111.4	11797.4	-6.57885	1670.46	79.8168	3.97824
13112.4	11798.3	-6.39793	3243.45	180.919	3.97634
13113.4	11799.1	-6.482	-1288.77	-84.0735	3.97062
13114.4	11799.9	-6.62674	195.63	-144.734	3.98205
13115.5	11800.7	-6.58736	219.572	39.3763	3.97634
13116.5	11801.5	-6.46923	44.7955	118.129	3.97824
13117.5	11802.3	-6.55863	1986.49	-89.3946	3.97252
13118.5	11803	-6.64057	4679.97	-81.9459	3.97443
13119.5	11803.8	-6.55224	3662.43	88.3307	3.97443
13120.5	11804.6	-6.85023	4644.06	-297.983	3.97062
13121.5	11805.4	-6.87896	2836.43	-28.7347	3.97443
13122.5	11806.1	-6.64909	-1762.83	229.873	3.97443
13123.5	11806.9	-6.45221	37.6129	196.882	3.97634
13124.5	11807.7	-6.43199	492.511	20.2203	3.97634
13125.6	11808.4	-6.46498	490.117	-32.9909	3.97443
13126.6	11809.2	-6.46817	1524.41	-3.19242	3.97062
13127.6	11809.9	-6.47243	2134.93	-4.2572	3.97634
13128.7	11810.7	-6.7023	5127.69	-229.873	3.97443
13129.7	11811.5	-7.05562	3712.71	-353.323	3.97443
13130.7	11812.2	-7.01518	1352.03	40.4406	3.97634
13131.8	11813	-6.57566	1371.18	439.525	3.97443
13132.8	11813.8	-6.29683	-187.442	278.827	3.97443
13133.8	11814.6	-6.19998	116.622	96.8451	3.97443
13134.8	11815.3	-6.13932	1335.27	60.6604	3.97634
13135.9	11816.1	-6.22978	1457.37	-90.4589	3.97824
13136.9	11816.8	-6.3809	676.865	-151.12	3.97062
13137.9	11817.6	-6.48733	813.334	-106.423	3.97443
13138.9	11818.4	-6.25213	1684.82	235.194	3.97062
13139.9	11819.2	-6.09037	2352.81	161.762	3.97443
13141	11820	-6.11698	-17.4537	-26.6061	3.97634
13142	11820.8	-6.31811	468.569	-201.138	3.97634
13143	11821.6	-6.28193	1313.72	36.1838	3.97443
13144.1	11822.4	-6.07228	1799.75	209.652	3.97062
13145.1	11823.2	-5.72108	427.868	351.195	3.97824
13146.1	11824	-5.63275	-1935.21	88.3303	3.97824
13147.1	11824.8	-5.72853	760.662	-95.7808	3.97634
13148.1	11825.6	-6.09569	4598.57	-367.157	3.97824
13149.1	11826.4	-6.56182	4672.79	-466.13	3.97824
13150.2	11827.2	-6.6278	2218.73	-65.9819	3.97252
13151.2	11828	-6.55756	2309.71	70.2386	3.97062
13152.2	11828.8	-6.4256	1428.64	131.963	3.97062
13153.1	11829.6	-6.26277	430.262	162.827	3.97634
13154.1	11830.4	-6.17019	447.021	92.5875	3.97062
13155.1	11831.2	-6.08824	533.213	81.9459	3.97062
13156.1	11832	-6.25745	4256.2	-169.212	3.97062
13157.1	11832.8	-6.23085	3808.48	26.6061	3.97443
13158.1	11833.7	-6.09676	1342.45	134.092	3.97443
13159.1	11834.5	-6.13081	2084.66	-34.0548	3.97443
13160.1	11835.3	-6.27129	1043.18	-140.478	3.98205
13161.1	11836.1	-6.31386	2467.73	-42.5696	3.97634
13162.1	11836.9	-6.40751	1792.56	-93.6513	3.97443
13163.1	11837.7	-6.40857	-1049.35	-1.0643	3.97062
13164.1	11838.5	-6.33301	-1935.21	75.5596	3.97252
13165.1	11839.3	-6.53309	-857.819	-200.074	3.97443
13166.1	11840.2	-6.71613	820.517	-183.046	3.97634
13167.2	11840.9	-6.83001	722.355	-113.872	3.97824
13168.2	11841.8	-7.01518	2798.13	-185.176	3.97443
13169.2	11842.6	-7.18333	1471.74	-168.148	3.97634
13170.3	11843.4	-7.05881	1208.38	124.515	3.97634
13171.3	11844.2	-6.78957	2343.23	269.249	3.96871
13172.3	11845	-6.8183	245.908	-28.7342	3.97062
13173.4	11845.8	-6.94388	1948.19	-125.578	3.97062
13174.4	11846.6	-6.96623	2486.88	-22.3489	3.97443
13175.4	11847.4	-7.08116	2199.58	-114.936	3.97062
13176.4	11848.2	-6.99603	2292.95	85.1378	3.97252
13177.4	11848.9	-6.69166	3442.17	304.368	3.97252
13178.5	11849.7	-6.51606	3281.76	175.597	3.97062
13179.5	11850.5	-6.45433	1708.77	61.7251	3.97443
13180.5	11851.3	-6.52138	794.181	-67.0462	3.98205
13181.5	11852.1	-6.47562	636.163	45.7611	3.97824
13182.5	11852.9	-6.36813	1359.21	107.487	3.97252
13183.5	11853.7	-6.35855	2489.28	9.57775	3.97443
13184.6	11854.5	-6.54799	2383.93	-189.431	3.97634
13185.6	11855.3	-6.78531	-431.651	-237.322	3.97634
13186.6	11856.1	-6.85448	-587.274	-69.1748	3.97634
13187.6	11856.9	-6.79276	-2536.15	61.7242	3.97443
13188.6	11857.7	-6.98325	-2172.24	-190.495	3.97443
13189.6	11858.6	-7.03221	911.497	-48.955	3.97824
13190.6	11859.4	-6.64164	2137.33	390.571	3.97062
13191.6	11860.2	-6.16167	3473.29	479.966	3.97062
13192.6	11861	-5.84666	1031.21	315.011	3.97634
13193.6	11861.9	-5.8722	624.192	-25.5413	3.97443
13194.6	11862.7	-6.10208	2359.99	-229.872	3.97443
13195.7	11863.5	-6.33195	2371.96	-229.874	3.97634
13196.7	11864.3	-6.366	3059.1	-34.0548	3.97634
13197.7	11865.2	-6.5118	6243.38	-145.799	3.97443
13198.7	11866	-6.30747	3674.41	204.331	3.97634
13199.7	11866.8	-6.10953	-1032.6	197.946	3.97443
13200.7	11867.6	-6.06376	214.784	45.7625	3.97062
13201.7	11868.4	-6.08824	1550.75	-24.4775	3.97443
13202.7	11869.2	-6.24468	1591.45	-156.442	3.97443
13203.8	11870	-6.29576	1878.75	-51.0826	3.97824
13204.8	11870.8	-6.27767	1160.49	18.0917	3.97634
13205.8	11871.6	-6.25958	-46.1841	18.0922	3.97252
13206.9	11872.4	-6.28406	842.065	-24.477	3.97062
13208	11873.3	-6.33833	1893.12	-54.276	3.97443
13209	11874.1	-6.71081	3729.47	-372.478	3.97634
13210	11874.9	-6.98751	3956.92	-276.699	3.97062
13211.1	11875.7	-6.747	394.349	240.515	3.97443
13212.1	11876.6	-6.44689	2158.88	300.111	3.97062
13213.2	11877.4	-6.35855	2608.99	88.3307	3.97824
13214.2	11878.2	-6.48945	-479.535	-130.899	3.97443
13215.3	11879	-6.71188	954.592	-222.423	3.97062
13216.3	11879.8	-6.88535	3492.45	-173.469	3.97824
13217.3	11880.6	-6.9194	2812.49	-34.0548	3.97824
13218.4	11881.4	-6.74274	-1094.84	176.661	3.97252
13219.4	11882.2	-6.63845	-1327.08	104.294	3.97443
13220.4	11883	-6.65334	4.09409	-14.8993	3.97062
13221.5	11883.8	-6.65334	372.801	0	3.97443
13222.5	11884.7	-6.54373	-4066.05	109.616	3.97443
13223.5	11885.4	-6.46178	-11708.3	81.9449	3.97824
13224.6	11886.2	-6.45221	-7599.89	9.57775	3.97634
13225.6	11887	-6.51393	827.7	-61.7247	3.97443
13226.7	11887.9	-6.74487	3226.69	-230.937	3.97443
13227.7	11888.6	-7.16843	3779.75	-423.562	3.97062
13228.7	11889.5	-7.51643	9085.3	-348.001	3.97443
13229.7	11890.3	-7.61753	5280.91	-101.101	3.97443
13230.8	11891.2	-7.42597	-1887.33	191.56	3.97062
13231.8	11892	-6.94069	4598.57	485.287	3.98205
13232.8	11892.8	-6.73635	5455.69	204.331	3.97634
13233.8	11893.7	-6.89067	2060.71	-154.313	3.97443
13234.9	11894.5	-6.67569	2965.72	214.974	3.97252
13235.9	11895.4	-6.38516	870.795	290.534	3.97634
13236.9	11896.2	-6.2085	-2155.48	176.661	3.97634
13237.9	11897	-6.15742	-1336.66	51.0831	3.97634
13238.9	11897.9	-6.20105	-237.72	-43.633	3.97062
13240	11898.7	-6.19253	-1001.47	8.5144	3.97443
13241	11899.5	-6.25213	-2967.11	-59.597	3.97252
13242.1	11900.4	-6.20637	-2414.05	45.7616	3.97824
13243.2	11901.2	-6.20743	-774.021	-1.0643	3.96871
13244.2	11902	-6.21914	-390.949	-11.7064	3.97062
13245.4	11902.9	-6.26277	-1406.09	-43.6335	3.97252
13246.5	11903.7	-6.1936	2956.14	69.1748	3.97062
13247.6	11904.6	-6.13187	4380.69	61.7256	3.97443
13248.6	11905.4	-6.30641	3133.32	-174.534	3.97443
13249.7	11906.2	-6.69379	3341.61	-387.378	3.97443
13250.8	11907	-6.88535	3901.85	-191.56	3.97443
13251.9	11907.9	-6.65122	3621.73	234.129	3.97443
13252.9	11908.7	-6.49797	2711.94	153.249	3.97634
13254	11909.5	-6.48094	3499.63	17.0274	3.97634
13255	11910.3	-6.54586	535.607	-64.918	3.97634
13256.1	11911.1	-6.60226	-680.648	-56.4036	3.97824
13257.1	11911.9	-6.72678	2161.27	-124.515	3.97634
13258.1	11912.7	-6.75338	2757.43	-26.6056	3.97824
13259.2	11913.6	-6.62887	839.671	124.514	3.97634
13260.2	11914.3	-6.35749	2544.34	271.378	3.97252
13261.2	11915.2	-6.41283	1464.56	-55.3393	3.97824
13262.2	11916	-6.66505	691.23	-252.222	3.97824
13263.2	11916.8	-6.87577	2185.21	-210.717	3.97634
13264.2	11917.5	-6.97155	3257.81	-95.7804	3.97252
13265.3	11918.4	-6.73635	2774.19	235.194	3.97062
13266.3	11919.1	-6.83958	818.123	-103.23	3.97062
13267.3	11919.9	-6.93324	107.045	-93.6518	3.97634
13268.3	11920.7	-6.86832	-402.92	64.9176	3.97062
13269.3	11921.5	-6.62248	-1803.53	245.836	3.97062
13270.3	11922.3	-6.51393	-1592.84	108.551	3.97252
13271.3	11923.1	-6.40644	425.474	107.486	3.97634
13272.3	11923.8	-6.47668	463.781	-70.2386	3.97062
13273.3	11924.6	-6.51819	384.772	-41.5044	3.97062
13274.3	11925.4	-6.61397	1969.73	-95.7808	3.97443
13275.3	11926.1	-6.83001	5261.76	-216.037	3.97443
13276.3	11926.9	-7.04072	942.621	-210.717	3.97252
13277.3	11927.7	-6.95558	-3137.1	85.1378	3.97443
13278.3	11928.4	-6.63738	3102.19	318.203	3.97443
13279.3	11929.2	-6.55224	4404.64	85.1378	3.97824
13280.3	11929.9	-6.75445	1797.35	-202.203	3.97443
13281.4	11930.7	-6.90131	1205.98	-146.863	3.97634
13282.4	11931.5	-6.92791	1684.82	-26.6051	3.97443
13283.4	11932.3	-6.64696	1601.03	280.956	3.97443
13284.4	11933	-6.42134	-1664.66	225.615	3.97062
13285.5	11933.8	-6.40432	-264.057	17.0279	3.97062
13286.5	11934.6	-6.72145	2122.96	-317.139	3.97443
13287.6	11935.4	-6.87577	746.297	-154.313	3.97443
13288.6	11936.1	-6.68314	581.097	192.625	3.97824
13289.6	11936.9	-6.57778	1483.71	105.359	3.98015
13290.7	11937.7	-6.59588	1830.87	-18.0922	3.97824
13291.7	11938.5	-6.46391	1098.24	131.964	3.97634
13292.8	11939.3	-6.52777	2587.44	-63.8537	3.97062
13293.8	11940.1	-6.90344	2091.84	-375.671	3.97443
13294.9	11940.9	-7.23867	-290.393	-335.231	3.97062
13295.9	11941.7	-7.08648	3593	152.184	3.97443
13296.9	11942.5	-6.59056	6183.53	495.929	3.97062
13297.9	11943.3	-6.30321	3310.49	287.341	3.97252
13298.9	11944.1	-6.40644	-855.424	-103.23	3.97443
13299.9	11944.8	-6.65547	-218.567	-249.028	3.97443
13300.9	11945.6	-6.8481	3171.62	-192.625	3.97062
13301.9	11946.4	-6.86087	1680.04	-12.7707	3.97062
13302.9	11947.2	-6.62674	1493.29	234.13	3.97062
13303.9	11947.9	-6.4405	2486.88	186.239	3.97062
13304.9	11948.7	-6.42347	715.172	17.0274	3.97443
13305.9	11949.5	-6.65122	-2852.19	-227.744	3.97443
13306.9	11950.3	-6.76828	-3220.9	-117.065	3.97443
13307.9	11951	-6.65228	-1396.51	116.002	3.97443
13308.9	11951.9	-6.5001	1617.79	152.184	3.97252
13309.9	11952.6	-6.43199	1244.29	68.1105	3.97634
13310.8	11953.4	-6.41602	-201.807	15.9636	3.97252
13311.8	11954.2	-6.40112	1443.01	14.8988	3.97062
13312.8	11955	-6.49797	2439	-96.8437	3.97443
13313.8	11955.8	-6.79595	3748.63	-297.983	3.96871
13314.8	11956.6	-7.05775	4167.61	-261.8	3.97062
13315.8	11957.4	-6.93217	1864.39	125.579	3.96871
13316.8	11958.2	-6.55863	1196.41	373.543	3.96871
13317.8	11959	-6.37026	3703.14	188.368	3.96871
13318.8	11959.8	-6.38729	1337.66	-17.0283	3.96871
13319.8	11960.5	-6.63845	423.079	-251.157	3.97252
13320.8	11961.3	-6.79914	1296.96	-160.698	3.97252
13321.8	11962.1	-6.80766	1119.79	-8.51393	3.97062
13322.8	11962.8	-6.77467	1749.47	32.9909	3.97062
13323.8	11963.6	-6.863	1021.63	-88.3307	3.97824
13324.8	11964.3	-7.00667	1816.5	-143.67	3.97443
13325.9	11965.1	-7.01944	2625.75	-12.7711	3.96871
13326.9	11965.8	-6.72784	1081.48	291.597	3.97824
13327.9	11966.6	-6.46604	820.517	261.8	3.97443
13328.9	11967.3	-6.44689	3078.25	19.156	3.97443
13329.9	11968.1	-6.63632	3830.03	-189.431	3.97062
13330.9	11968.8	-6.72997	2012.83	-93.6527	3.97634
13332	11969.6	-6.66718	241.12	62.7899	3.97443
13333	11970.3	-6.60013	839.671	67.0457	3.97062
13334	11971.1	-6.65228	1205.98	-52.1464	3.97062
13335	11971.8	-6.44263	1502.86	209.651	3.97062
13336	11972.6	-6.15954	468.569	283.084	3.97062
13337	11973.3	-5.99459	2374.35	164.956	3.97252
13338	11974.1	-6.01587	1438.22	-21.2851	3.96871
13339	11974.8	-6.15954	-1188.22	-143.671	3.97634
13340	11975.6	-6.19892	1481.32	-39.3758	3.97062
13341	11976.3	-6.16593	930.65	32.9909	3.96871
13342.1	11977.1	-6.0776	403.926	88.3307	3.97443
13343.1	11977.9	-6.00417	743.902	73.432	3.97443
13344.1	11978.7	-5.92648	727.143	77.6877	3.97443
13345.1	11979.5	-6.15954	2585.04	-233.066	3.97443
13346.2	11980.3	-6.77999	6327.18	-620.443	3.97252
13347.2	11981	-7.16737	2398.3	-387.378	3.97062
13348.2	11981.8	-6.57885	-771.627	588.516	3.97062
13349.2	11982.6	-6.17764	-1329.48	401.213	3.97062
13350.2	11983.4	-6.30428	-457.987	-126.642	3.97062
13351.2	11984.1	-6.48839	2510.82	-184.111	3.97062
13352.2	11984.9	-6.46072	1541.17	27.6699	3.97062
13353.2	11985.7	-6.3096	3549.91	151.12	3.96871
13354.2	11986.5	-6.31811	3513.99	-8.5144	3.97062
13355.1	11987.2	-6.30002	1146.13	18.0922	3.97062
13356.1	11988	-6.27767	1605.82	22.3484	3.97062
13357.1	11988.8	-6.37345	2113.39	-95.7799	3.96871
13358.1	11989.6	-6.44582	1787.77	-72.3681	3.97443
13359.1	11990.4	-6.53309	2058.32	-87.266	3.97443
13360.1	11991.2	-6.43943	1438.22	93.6527	3.97824
13361.1	11992	-6.30428	1265.84	135.156	3.97634
13362.1	11992.7	-6.30854	2192.39	-4.2572	3.97443
13363.1	11993.5	-6.70336	2915.44	-394.828	3.97062
13364.1	11994.3	-6.81298	2908.26	-109.615	3.97062
13365.1	11995.1	-6.59056	159.717	222.424	3.97252
13366.1	11995.9	-6.29044	2623.35	300.111	3.97062
13367.2	11996.6	-6.04461	2616.17	245.836	3.97062
13368.2	11997.4	-6.16806	-230.538	-123.451	3.97634
13369.2	11998.2	-6.32769	1294.57	-159.633	3.97062
13370.2	11999	-6.53522	341.677	-207.524	3.97062
13371.2	11999.8	-6.76296	-62.9436	-227.744	3.97062
13372.2	12000.5	-6.82149	-1413.27	-58.5327	3.97443
13373.3	12001.4	-6.73955	-1121.18	81.9459	3.97634
13374.3	12002.1	-6.55863	444.627	180.919	3.97443
13375.3	12002.9	-6.4852	885.16	73.4305	3.97634
13376.3	12003.6	-6.66505	3315.28	-179.853	3.97062
13377.3	12004.4	-6.88747	4162.82	-222.423	3.97062
13378.3	12005.2	-7.10138	1835.66	-213.909	3.97062
13379.3	12006	-6.83001	-84.4914	271.378	3.97252
13380.3	12006.7	-6.64483	786.998	185.175	3.97443
13381.3	12007.5	-6.68634	2290.56	-41.5049	3.97062
13382.3	12008.2	-6.81298	1495.68	-126.643	3.97062
13383.3	12009	-6.66612	111.833	146.863	3.97443
13384.3	12009.8	-6.36494	1045.57	301.176	3.97062
13385.3	12010.6	-6.02758	2915.44	337.359	3.97634
13386.3	12011.3	-6.29576	2774.19	-268.185	3.97634
13387.2	12012.1	-6.70656	2750.24	-410.791	3.96871
13388.2	12012.8	-6.82681	2168.45	-120.257	3.97443
13389.2	12013.6	-6.56501	1115	261.799	3.97634
13390.2	12014.4	-6.28193	1653.7	283.084	3.97634
13391.2	12015.2	-6.13507	1220.35	146.863	3.97634
13392.2	12016	-5.99246	897.131	142.606	3.97634
13393.2	12016.8	-5.93393	1785.38	58.5327	3.97062
13394.2	12017.6	-6.01907	370.407	-85.1378	3.97062
13395.2	12018.4	-6.28406	-1305.53	-264.992	3.97443
13396.2	12019.2	-6.31811	51.9781	-34.0557	3.97062
13397.2	12020	-6.22659	688.836	91.5236	3.97062
13398.2	12020.8	-6.13294	2206.76	93.6522	3.97062
13399.2	12021.6	-6.06696	3269.79	65.9819	3.97062
13400.2	12022.4	-5.99246	3298.52	74.4953	3.97443
13401.2	12023.2	-6.11698	3968.89	-124.515	3.97443
13402.2	12024	-6.46178	2920.23	-344.809	3.97443
13403.3	12024.8	-6.29151	2534.77	170.276	3.97443
13404.3	12025.6	-6.1489	3683.98	142.606	3.97824
13405.3	12026.4	-6.12655	2343.23	22.3489	3.97062
13406.3	12027.2	-6.15954	-146.741	-32.9914	3.97824
13407.3	12028	-6.2383	933.044	-78.7525	3.97824
13408.4	12028.8	-6.2085	1945.79	29.798	3.97634
13409.4	12029.6	-6.24149	569.126	-32.99	3.97062
13410.4	12030.4	-6.34898	365.619	-107.487	3.97062
13411.4	12031.2	-6.366	2206.76	-17.0283	3.97443
13412.4	12032	-6.42241	1759.04	-56.4041	3.97062
13413.5	12032.8	-6.37345	473.358	48.955	3.97824
13414.5	12033.6	-6.49158	1115	-118.129	3.97824
13415.5	12034.4	-6.40006	3224.3	91.5236	3.98587
13416.5	12035.2	-6.16912	3549.91	230.937	3.97824
13417.5	12036	-6.16061	1986.49	8.51393	3.97824
13418.5	12036.8	-6.13294	-158.712	27.6704	3.97252
13419.5	12037.5	-6.21914	-2394.9	-86.2026	3.97824
13420.5	12038.4	-6.25745	-1729.31	-38.3124	3.97634
13421.5	12039.1	-6.60971	2077.47	-352.258	3.97443
13422.5	12040	-6.8481	-19.8479	-238.387	3.97634
13423.5	12040.7	-6.7736	-752.474	74.4958	3.97062
13424.5	12041.5	-6.7587	360.83	14.8993	3.97062
13425.5	12042.3	-6.73635	-1343.84	22.3489	3.97443
13426.5	12043.1	-6.89812	2149.3	-161.762	3.97443
13427.6	12043.9	-7.04711	3729.47	-148.992	3.97062
13428.5	12044.7	-7.18865	3679.19	-141.542	3.97062
13429.5	12045.4	-6.86406	4263.38	324.589	3.97443
13430.5	12046.2	-6.4703	2312.1	393.763	3.97443
13431.5	12047	-6.45221	662.5	18.0922	3.97062
13432.5	12047.8	-6.56927	956.986	-117.064	3.97443
13433.5	12048.5	-6.57033	308.158	-1.0643	3.97062
13434.5	12049.3	-6.41389	2568.28	156.441	3.97443
13435.5	12050.1	-6.31066	3253.03	103.23	3.97062
13436.5	12050.9	-6.3394	2089.44	-28.7337	3.97443
13437.5	12051.6	-6.44369	3178.81	-104.294	3.97824
13438.5	12052.4	-6.70123	2561.1	-257.542	3.97634
13439.5	12053.2	-6.56821	3075.85	133.029	3.97634
13440.5	12054	-6.37665	1737.5	191.559	3.97634
13441.5	12054.8	-6.3543	-927.25	22.3489	3.97634
13442.5	12055.6	-6.33408	183.659	20.2203	3.97634
13443.5	12056.4	-6.366	51.9781	-31.9266	3.97443
13444.5	12057.2	-6.47349	-4427.57	-107.486	3.97443
13445.6	12058	-6.73529	-1082.87	-261.799	3.97443
13446.6	12058.9	-6.85874	2386.32	-123.451	3.97252
13447.7	12059.7	-6.85235	2223.52	6.3858	3.97062
13448.7	12060.5	-6.98113	1725.53	-128.771	3.97443
13449.8	12061.3	-7.05881	-587.274	-77.6887	3.97443
13450.8	12062.1	-6.98113	2565.89	77.6887	3.97443
13451.9	12063	-7.00135	-663.888	-20.2203	3.97062
13452.9	12063.8	-6.43411	-1595.23	567.232	3.97443
13453.9	12064.6	-5.70618	3233.87	727.93	3.97252
13455	12065.4	-5.67745	1332.88	28.7342	3.97443
13456	12066.2	-5.66681	329.706	10.6421	3.97062
13457	12067	-5.6104	1536.38	56.4041	3.97634
13458.1	12067.8	-5.79026	351.253	-179.854	3.97443
13459.1	12068.6	-5.89242	-730.926	-102.166	3.97634
13460.2	12069.4	-5.902	-244.903	-9.57823	3.97824
13461.2	12070.2	-5.89775	-1635.93	4.25673	3.97824
13462.3	12070.9	-5.8605	657.711	37.2486	3.97634
13463.4	12071.7	-5.91584	4000.02	-55.3398	3.97443
13464.5	12072.5	-5.87646	-17.4537	39.3763	3.97443
13465.5	12073.3	-5.90307	2043.95	-26.6061	3.97443
13466.6	12074.1	-5.91264	1699.19	-9.57775	3.97443
13467.7	12074.9	-6.5416	2599.41	-628.957	3.97443
13468.7	12075.8	-7.14076	4962.49	-599.159	3.97443
13469.8	12076.6	-7.45577	3293.73	-315.011	3.97824
13470.8	12077.4	-7.11841	3097.4	337.359	3.97443
13471.9	12078.2	-6.7023	2582.65	416.112	3.97443
13472.9	12079	-6.49052	-2100.41	211.781	3.97824
13474	12079.8	-6.80872	-3836.21	-318.202	3.97824
13475	12080.6	-7.04179	-527.419	-233.066	3.97824
13476	12081.4	-6.68846	-307.152	353.322	3.97824
13477.1	12082.2	-6.39474	1574.69	293.727	3.97443
13478.1	12082.9	-6.24149	873.189	153.248	3.97824
13479.1	12083.8	-6.16699	1124.58	74.4953	3.97443
13480.2	12084.5	-6.15103	980.928	15.9636	3.97443
13481.3	12085.3	-6.25	-34.2131	-98.9733	3.97634
13482.3	12086.1	-6.76083	3159.65	-510.828	3.97062
13483.4	12086.9	-7.36425	7035.86	-603.416	3.97443
13484.4	12087.7	-7.04285	2453.36	321.396	3.97634
13485.5	12088.5	-6.55224	-742.897	490.607	3.96871
13486.5	12089.2	-6.46178	722.355	90.4593	3.97443
13487.5	12090	-6.66824	1392.73	-206.46	3.97634
13488.6	12090.8	-6.74487	2063.11	-76.6234	3.97443
13489.6	12091.6	-6.53628	1684.82	208.588	3.97252
13490.6	12092.4	-6.23404	439.839	302.24	3.97634
13491.6	12093.2	-6.1074	1270.63	126.643	3.97062
13492.7	12093.9	-6.20956	2290.56	-102.166	3.97062
13493.7	12094.7	-6.41602	2036.77	-206.46	3.96871
13494.7	12095.5	-6.49371	1893.12	-77.6882	3.97634
13495.7	12096.3	-6.63951	988.111	-145.8	3.97634
13496.8	12097.2	-6.48094	2156.48	158.57	3.97443
13497.8	12098	-6.12868	803.758	352.258	3.97824
13498.8	12098.7	-6.06696	-740.503	61.7256	3.97824
13499.8	12099.6	-6.13294	1811.72	-65.9819	3.97634
13500.8	12100.3	-6.18828	2168.45	-55.3408	3.97634
13501.8	12101.2	-6.14039	1263.44	47.8907	3.97443
13502.8	12102	-6.11698	4069.45	23.4127	3.97443
13503.8	12102.8	-6.20424	4754.19	-87.2664	3.97443
13504.8	12103.6	-6.14145	1502.86	62.7894	3.97062
13505.8	12104.4	-6.25958	2951.36	-118.129	3.97443
13506.8	12105.2	-6.20743	786.998	52.1469	3.97443
13507.8	12106	-6.15316	1205.98	54.2755	3.97062
13508.8	12106.8	-6.0031	1450.19	150.056	3.97062
13509.8	12107.7	-5.95308	-3196.95	50.0183	3.97443
13510.8	12108.5	-5.9616	-2098.02	-8.5144	3.97443
13511.8	12109.3	-5.99778	-817.117	-36.1829	3.97062
13512.8	12110.1	-5.99885	593.068	-1.06382	3.96871
13513.8	12110.9	-5.96053	-1576.08	38.3115	3.97062
13514.8	12111.7	-5.98501	-2495.45	-24.477	3.97634
13515.8	12112.6	-6.19786	1474.13	-212.845	3.97443
13516.8	12113.4	-6.54799	3195.56	-350.129	3.97252
13517.8	12114.2	-6.74274	2819.68	-194.754	3.97824
13518.9	12115.1	-6.58417	2479.7	158.569	3.97443
13519.9	12115.9	-6.46178	2767	122.386	3.97634
13520.9	12116.7	-6.2085	2850.8	253.285	3.97634
13521.9	12117.5	-6.28087	1533.99	-72.3662	3.97824
13522.9	12118.3	-6.57353	2496.46	-292.663	3.97062
13523.9	12119.1	-6.64164	1237.11	-68.1105	3.97062
13525	12119.9	-6.66505	1603.42	-23.4127	3.97252
13526	12120.7	-6.52032	3056.7	144.734	3.97443
13527	12121.5	-6.40857	1407.1	111.744	3.97824
13528.1	12122.3	-6.52564	1004.87	-117.065	3.97252
13529.1	12123	-6.64909	707.989	-123.45	3.97443
13530.1	12123.8	-6.56714	92.6796	81.9459	3.97443
13531.1	12124.6	-6.43837	456.598	128.771	3.97062
13532.2	12125.4	-6.52564	3324.85	-87.2669	3.97634
13533.2	12126.1	-6.42986	4569.84	95.7808	3.97062
13534.2	12126.9	-6.1191	317.735	310.753	3.97824
13535.2	12127.7	-6.12442	298.581	-5.32103	3.97443
13536.2	12128.5	-6.11165	2333.65	12.7711	3.97443
13537.2	12129.2	-6.14997	-987.105	-38.3124	3.97062
13538.3	12130	-6.08186	-1011.05	68.1109	3.97443
13539.3	12130.7	-6.01481	662.5	67.0457	3.97824
13540.3	12131.6	-6.07228	820.517	-57.4679	3.98205
13541.3	12132.3	-6.27448	2000.86	-202.203	3.98205
13542.4	12133.1	-6.43837	1443.01	-163.89	3.97634
13543.4	12134	-6.74593	4067.05	-307.561	3.97824
13544.4	12134.7	-7.08223	6705.46	-336.295	3.97252
13545.4	12135.6	-6.75764	-1652.69	324.588	3.97252
13546.4	12136.4	-6.50435	-3939.16	253.286	3.97634
13547.5	12137.2	-6.36813	2144.51	136.221	3.97824
13548.5	12138	-6.40112	-283.21	-32.9914	3.97824
13549.5	12138.9	-6.46923	-1798.74	-68.11	3.97443
13550.5	12139.7	-6.47455	600.25	-5.32103	3.97443
13551.5	12140.5	-6.32237	54.3723	152.184	3.97443
13552.5	12141.3	-6.25532	2946.57	67.0462	3.97443
13553.5	12142.2	-6.21169	5194.72	43.6335	3.97252
13554.5	12143	-6.5714	5450.9	-359.709	3.97062
13555.5	12143.8	-6.66931	3741.44	-97.9085	3.97443
13556.5	12144.6	-6.4969	693.624	172.405	3.97062
13557.5	12145.5	-6.44156	327.311	55.3393	3.97443
13558.5	12146.2	-6.67995	1229.93	-238.386	3.97443
13559.6	12147.1	-6.91834	1761.44	-238.387	3.97824
13560.6	12147.9	-7.15992	2709.54	-241.58	3.97634
13561.6	12148.7	-7.01305	2747.85	146.863	3.97824
13562.6	12149.5	-6.69485	1117.4	318.203	3.97824
13563.6	12150.3	-6.63951	-115.616	55.3389	3.97062
13564.7	12151.1	-6.73635	-1044.57	-96.8437	3.97443
13565.8	12152	-6.85235	583.491	-116.001	3.97634
13566.8	12152.8	-6.89599	315.34	-43.6335	3.97634
13567.8	12153.7	-6.86619	-39.0015	29.798	3.97443
13568.9	12154.5	-6.85342	-414.891	12.7716	3.97824
13570	12155.3	-6.53202	559.549	321.395	3.97443
13571	12156.1	-6.3809	3193.17	151.12	3.97252
13572.1	12157	-6.53734	983.323	-156.441	3.97443
13573.1	12157.8	-7.06733	1347.24	-529.984	3.97443
13574.2	12158.6	-7.44619	3241.05	-378.865	3.97443
13575.3	12159.4	-7.5292	4407.03	-83.0092	3.96681
13576.3	12160.2	-7.05243	2221.12	476.773	3.96871
13577.4	12161	-6.70656	-316.729	345.873	3.97634
13578.4	12161.8	-6.6576	2529.98	48.9545	3.98205
13579.5	12162.6	-7.01092	1708.77	-353.323	3.97824
13580.5	12163.4	-7.26847	794.181	-257.542	3.97634
13581.5	12164.2	-7.33445	904.314	-65.9823	3.97634
13582.6	12164.9	-7.24399	-982.317	90.4593	3.97634
13583.6	12165.8	-7.18014	-2742.06	63.8537	3.97252
13584.7	12166.5	-7.10032	-5375.68	79.8163	3.97634
13585.7	12167.3	-6.80127	-2464.33	299.047	3.97634
13586.8	12168.1	-6.42454	3846.79	376.736	3.97634
13587.8	12168.9	-6.09356	5745.39	330.974	3.97443
13588.8	12169.6	-6.33514	2570.68	-241.579	3.97443
13589.9	12170.4	-7.01625	4186.76	-681.104	3.97634
13590.9	12171.2	-7.18439	3856.36	-168.148	3.97443
13591.9	12172	-6.75977	1411.88	424.626	3.97443
13592.9	12172.7	-6.52777	1421.46	232.001	3.97252
13594	12173.5	-6.57033	1050.36	-42.5687	3.97062
13595	12174.3	-6.58311	1387.94	-12.7707	3.97062
13596	12175.1	-6.747	2630.53	-163.891	3.97824
13597.1	12175.9	-6.83426	2537.16	-87.2664	3.97824
13598.1	12176.7	-6.98432	2477.3	-150.056	3.96299
13599.1	12177.5	-6.93004	2094.23	54.275	3.97824
13600.2	12178.3	-6.74168	648.134	188.368	3.97443
13601.3	12179.1	-6.49478	1861.99	246.9	3.97443
13602.3	12179.9	-6.54692	1603.42	-52.1464	3.97634
13603.4	12180.7	-6.90557	2443.79	-358.644	3.97443
13604.5	12181.5	-7.23654	4292.11	-330.974	3.97443
13605.5	12182.3	-6.99603	904.314	240.515	3.97443
13606.6	12183.1	-6.76828	-412.497	227.744	3.97443
13607.6	12183.9	-6.68314	1227.53	85.1383	3.97634
13608.7	12184.7	-6.79382	526.03	-110.679	3.97443
13609.7	12185.5	-6.82788	1258.66	-34.0552	3.96871
13610.8	12186.3	-6.86938	435.05	-41.5044	3.97062
13611.8	12187.1	-7.05562	1016.84	-186.24	3.96299
13612.9	12187.9	-7.21313	2350.41	-157.505	3.96871
13613.9	12188.7	-7.20461	2889.11	8.51345	3.97443
13615	12189.5	-7.02369	-34.2131	180.919	3.97062
13616	12190.3	-6.92472	-273.633	98.9733	3.96871
13617	12191.1	-6.92046	1076.7	4.25673	3.97443
13618.1	12191.9	-6.95558	-290.393	-35.1195	3.97062
13619.1	12192.7	-7.17375	-568.12	-218.166	3.97443
13620.1	12193.5	-7.25463	-91.674	-80.8811	3.97443
13621.2	12194.3	-7.20781	818.123	46.8259	3.97062
13622.2	12195.2	-7.14289	-39.0015	64.918	3.97824
13623.2	12195.9	-7.29614	734.326	-153.248	3.97062
13624.3	12196.7	-7.47173	2819.68	-175.598	3.97443
13625.3	12197.5	-7.38447	1189.22	87.2669	3.97824
13626.3	12198.3	-7.42278	2319.29	-38.3124	3.97634
13627.4	12199.1	-7.41214	4984.03	10.6425	3.97824
13628.4	12199.9	-7.27804	1730.31	134.092	3.97824
13629.4	12200.7	-7.24293	63.9491	35.1195	3.97824
13630.4	12201.5	-7.38553	1701.58	-142.607	3.98396
13631.5	12202.3	-7.48983	1091.06	-104.294	3.97634
13632.5	12203	-7.39085	921.073	98.9733	3.97252
13633.5	12203.8	-7.23335	1794.96	157.506	3.97634
13634.5	12204.6	-7.11309	1557.93	120.257	3.97443
13635.6	12205.3	-7.14502	2726.3	-31.9266	3.97443
13636.6	12206.1	-7.27592	2879.53	-130.899	3.97252
13637.6	12206.9	-7.31423	1624.97	-38.3124	3.97824
13638.7	12207.7	-7.25037	1577.08	63.8537	3.97443
13639.7	12208.4	-6.94494	1581.87	305.433	3.97443
13640.8	12209.2	-6.69591	5496.39	249.029	3.97443
13641.9	12210	-6.90131	4866.72	-205.396	3.97252
13642.9	12210.8	-7.23973	-1932.82	-338.423	3.97062
13644	12211.5	-7.25889	1407.1	-19.1565	3.97443
13645	12212.4	-7.02689	3138.1	232.001	3.97634
13646.1	12213.1	-6.90024	521.242	126.643	3.97062
13647.1	12213.9	-6.86193	2491.67	38.312	3.97062
13648.2	12214.7	-6.87896	442.233	-17.0279	3.97443
13649.2	12215.5	-6.73955	-1655.09	139.414	3.97443
13650.3	12216.3	-6.76828	2996.85	-28.7347	3.97634
13651.3	12217.1	-7.27911	1115	-510.828	3.97443
13652.3	12217.9	-7.48131	-946.404	-202.203	3.97443
13653.4	12218.7	-7.02795	200.419	453.361	3.97443
13654.4	12219.4	-6.64483	2834.04	383.121	3.97634
13655.4	12220.3	-6.63951	3092.61	5.32055	3.97634
13656.5	12221	-6.57246	-1659.88	67.0466	3.97252
13657.5	12221.9	-6.76615	674.471	-193.688	3.96871
13658.5	12222.6	-7.15779	5225.85	-391.635	3.96871
13659.6	12223.5	-7.29401	6391.82	-136.221	3.97824
13660.5	12224.2	-7.12692	2759.82	167.084	3.98015
13661.6	12225	-7.03327	123.804	93.6518	3.97443
13662.6	12225.8	-7.02795	-393.343	5.3215	3.97443
13663.6	12226.6	-6.95558	1031.21	72.3667	3.97443
13664.5	12227.4	-6.83958	844.459	116.001	3.97824
13665.5	12228.2	-6.747	205.207	92.5875	3.97634
13666.6	12229	-6.74806	1047.97	-1.06478	3.97062
13667.6	12229.8	-6.80872	265.062	-60.6599	3.97252
13668.6	12230.6	-6.84278	-1133.15	-34.0557	3.97634
13669.6	12231.4	-6.77679	-1889.72	65.9819	3.97252
13670.6	12232.3	-6.57778	-3328.63	199.01	3.97062
13671.6	12233.1	-6.50329	-2093.23	74.4963	3.97062
13672.6	12233.9	-6.51287	-520.236	-9.5787	3.97443
13673.6	12234.7	-6.60652	1002.48	-93.6513	3.97062
13674.7	12235.5	-6.69272	5994.39	-86.2031	3.96871
13675.7	12236.3	-6.69272	3391.89	0	3.97824
13676.8	12237.1	-6.69166	1186.83	1.06478	3.97062
13677.8	12237.9	-6.77573	2915.44	-84.0735	3.97443
13678.9	12238.7	-6.77786	1378.37	-2.12908	3.97443
13680	12239.5	-6.74913	2388.72	28.7342	3.97443
13681.1	12240.3	-7.00347	4234.65	-254.349	3.97634
13682.2	12241.1	-7.16524	439.839	-161.763	3.97062
13683.3	12241.9	-7.06733	-970.346	97.909	3.97062
13684.3	12242.6	-6.82362	-113.222	243.708	3.96871
13685.4	12243.4	-6.82788	-747.685	-4.2572	3.97634
13686.5	12244.2	-6.8481	4.09409	-20.2203	3.97062
13687.6	12245	-6.87577	-127.587	-27.6699	3.97252
13688.6	12245.7	-6.88322	1196.41	-7.44963	3.97062
13689.7	12246.5	-6.99709	2623.35	-113.872	3.97824
13690.8	12247.3	-7.23654	4059.87	-239.45	3.97824
13691.8	12248.1	-7.30252	4931.36	-65.9823	3.97062
13692.8	12248.9	-7.05562	6839.54	246.9	3.97824
13693.9	12249.6	-6.747	4615.33	308.626	3.97443
13694.9	12250.4	-6.6725	-833.877	74.4953	3.97634
13695.9	12251.2	-6.83533	1555.54	-162.826	3.97062
13696.9	12251.9	-6.89492	1775.8	-59.5961	3.97252
13697.9	12252.7	-6.79169	-1310.32	103.23	3.97252
13698.9	12253.5	-6.75019	518.847	41.5044	3.97062
13699.9	12254.3	-6.62355	901.92	126.643	3.97824
13700.9	12255.1	-6.52777	-1025.41	95.7804	3.97443
13702	12255.9	-6.7172	-3323.85	-189.432	3.97443
13703	12256.7	-7.10458	-2105.2	-387.378	3.97062
13704	12257.5	-7.58241	2972.9	-477.837	3.97252
13705	12258.3	-7.6303	3396.68	-47.8902	3.97252
13706	12259.2	-7.32274	1129.37	307.561	3.97443
13706.9	12260	-6.9492	1787.77	373.543	3.97062
13707.9	12260.8	-6.86087	2960.93	88.3307	3.97634
13708.9	12261.6	-6.90982	4021.56	-48.954	3.97252
13709.9	12262.4	-7.18971	7236.98	-279.891	3.97443
13710.8	12263.2	-7.07052	2654.48	119.194	3.97062
13711.8	12264	-6.67782	296.187	392.699	3.97062
13712.7	12264.8	-6.515	2522.79	162.826	3.97443
13713.7	12265.6	-6.52351	1182.04	-8.51297	3.97062
13714.7	12266.4	-6.51819	1313.72	5.32103	3.97062
13715.7	12267.2	-6.63632	743.902	-118.129	3.97443
13716.6	12267.9	-6.88322	2307.32	-246.901	3.97824
13717.6	12268.7	-7.02476	3595.4	-141.542	3.97634
13718.6	12269.5	-6.92259	1952.97	102.166	3.98205
13719.6	12270.3	-6.6012	482.934	321.396	3.97443
13720.6	12271.1	-6.51606	1680.04	85.1383	3.97824
13721.6	12271.9	-6.76296	3085.43	-246.901	3.97824
13722.6	12272.6	-6.95133	2637.72	-188.368	3.97443
13723.7	12273.4	-6.86406	1273.02	87.2669	3.97443
13724.7	12274.2	-6.77786	-541.784	86.2017	3.97443
13725.7	12275	-6.86938	-2394.9	-91.5227	3.97824
13726.7	12275.7	-7.06307	-77.3088	-193.689	3.97634
13727.7	12276.5	-7.22696	3207.54	-163.891	3.97062
13728.7	12277.2	-7.20674	2604.2	20.2203	3.97443
13729.7	12278	-7.18333	2089.44	23.4127	3.97252
13730.7	12278.7	-7.11203	3554.7	71.3038	3.96871
13731.7	12279.5	-6.98325	2005.65	128.771	3.97634
13732.7	12280.2	-7.20568	1957.76	-222.424	3.96871
13733.7	12281	-7.28337	2606.59	-77.6882	3.97634
13734.7	12281.7	-7.20461	1043.18	78.752	3.97443
13735.7	12282.5	-7.22058	384.772	-15.9626	3.97634
13736.7	12283.2	-7.35893	1294.57	-138.35	3.97443
13737.6	12283.9	-7.38021	1165.28	-21.2846	3.97443
13738.6	12284.7	-7.43023	2953.75	-50.0188	3.97062
13739.6	12285.4	-7.43768	3669.62	-7.44915	3.97062
13740.6	12286.1	-7.37595	1182.04	61.7251	3.97824
13741.6	12286.9	-7.20993	2065.5	166.019	3.97824
13742.5	12287.6	-7.16098	-297.575	48.954	3.97824
13743.5	12288.3	-7.04072	-151.529	120.258	3.97443
13744.4	12289.1	-7.14821	4763.77	-107.487	3.97443
13745.4	12289.8	-7.1397	4227.47	8.51393	3.97443
13746.3	12290.6	-7.07797	1469.35	61.7251	3.97824
13747.3	12291.3	-7.03327	-220.961	44.6978	3.97443
13748.3	12292	-6.99815	-1487.49	35.1195	3.97443
13749.2	12292.8	-6.91302	-580.091	85.1378	3.97062
13750.2	12293.5	-6.64377	2869.95	269.248	3.97443
13751.2	12294.3	-6.66824	4124.52	-24.477	3.97443
13752.1	12295	-6.88002	394.349	-211.781	3.97443
13753.1	12295.8	-7.06946	1816.5	-189.432	3.97824
13754.1	12296.5	-7.06626	3054.31	3.1929	3.97062
13755	12297.3	-6.74487	2381.54	321.396	3.97443
13756	12298	-6.56076	1241.9	184.11	3.97062
13757	12298.8	-6.61716	442.233	-56.4036	3.97443
13758	12299.6	-6.65122	1950.58	-34.0552	3.97252
13759	12300.3	-6.77679	2520.4	-125.579	3.97634
13760	12301.1	-6.81511	2714.33	-38.312	3.97443
13761	12301.8	-6.59907	1529.2	216.037	3.97824
13762	12302.5	-6.41922	2656.87	179.854	3.97634
13763	12303.3	-6.48413	1991.28	-64.9176	3.97252
13764	12304	-6.7172	1328.09	-233.066	3.97443
13765	12304.8	-6.81404	2604.2	-96.8442	3.97443
13766	12305.5	-6.8747	3751.02	-60.6604	3.97062
13767	12306.3	-6.94707	2307.32	-72.3681	3.97634
13768	12307	-6.98432	351.253	-37.2477	3.97824
13769	12307.8	-6.66824	1155.71	316.075	3.97824
13770	12308.5	-6.72145	3949.74	-53.2107	3.97824
13771	12309.3	-6.82788	3470.9	-106.423	3.97634
13771.9	12310	-6.84171	1158.1	-13.835	3.97824
13772.9	12310.8	-6.81404	2695.18	27.6699	3.97824
13773.9	12311.5	-6.81617	1833.26	-2.12812	3.97443
13774.9	12312.2	-6.84171	-67.732	-25.5418	3.97443
13775.8	12313	-6.8598	-3094	-18.0917	3.97443
13776.8	12313.7	-6.8183	-3477.08	41.5044	3.97443
13777.8	12314.5	-7.03221	899.526	-213.909	3.97824
13778.7	12315.2	-7.26847	1768.62	-236.258	3.97252
13779.7	12315.9	-7.23228	1462.16	36.1829	3.97634
13780.7	12316.7	-7.2376	2541.95	-5.32055	3.97824
13781.6	12317.4	-7.24612	2793.34	-8.51393	3.96871
13782.6	12318.2	-7.42172	5908.2	-175.598	3.97062
13783.5	12318.9	-7.46961	3906.64	-47.8902	3.97443
13784.5	12319.7	-7.42172	1624.97	47.8902	3.97062
13785.4	12320.3	-7.36531	3956.92	56.4046	3.96871
13786.3	12321.1	-7.28656	1747.07	78.7525	3.97062
13787.3	12321.8	-7.28975	-158.712	-3.19195	3.97062
13788.2	12322.5	-7.14182	475.752	147.927	3.97443
13789.1	12323.2	-6.91302	1876.36	228.808	3.97824
13790	12323.9	-6.8747	3413.44	38.3124	3.97443
13791	12324.6	-7.00347	3906.64	-128.771	3.97634
13791.9	12325.4	-7.08755	4665.6	-84.074	3.97062
13792.8	12326	-6.9343	1703.98	153.249	3.97443
13793.8	12326.8	-6.7885	-824.3	145.799	3.97062
13794.7	12327.5	-6.71613	1756.65	72.3672	3.97062
13795.7	12328.2	-6.63312	3595.4	83.0092	3.97443
13796.6	12328.9	-6.73635	2501.25	-103.23	3.97634
13797.6	12329.6	-6.73529	20.8535	1.0643	3.97062
13798.5	12330.3	-6.58204	207.601	153.248	3.97443
13799.5	12331	-6.57991	830.094	2.12812	3.97443
13800.5	12331.7	-6.52351	775.027	56.4046	3.97443
13801.5	12332.5	-6.41922	1498.08	104.293	3.97062
13802.4	12333.2	-6.33514	2745.46	84.074	3.97062
13803.4	12333.9	-6.54692	669.682	-211.781	3.97634
13804.4	12334.6	-6.78957	-534.601	-242.644	3.97634
13805.4	12335.4	-7.12054	3370.34	-330.974	3.97443
13806.4	12336.1	-7.10138	3451.74	19.1565	3.97252
13807.4	12336.9	-6.86938	542.789	232.001	3.97443
13808.3	12337.6	-6.34472	3382.31	524.663	3.97443
13809.3	12338.3	-6.33727	2520.4	7.44867	3.97443
13810.3	12339	-6.79382	2118.17	-456.552	3.97252
13811.2	12339.7	-7.14076	5398.23	-346.938	3.97443
13812.2	12340.5	-6.80127	3980.86	339.488	3.97062
13813.1	12341.2	-6.45753	2575.47	343.746	3.97062
13814	12341.9	-6.51712	1057.54	-59.597	3.97062
13815	12342.6	-6.53096	506.876	-13.8354	3.97062
13815.9	12343.4	-6.44263	1715.95	88.3307	3.96871
13816.9	12344	-6.34898	2929.81	93.6527	3.97252
13817.8	12344.8	-6.41496	1845.24	-65.9819	3.97062
13818.8	12345.4	-6.41602	844.459	-1.06478	3.97062
13819.7	12346.2	-5.80516	-1667.06	610.866	3.96871
13820.7	12346.9	-5.70299	-4973.45	102.165	3.97252
13821.6	12347.6	-5.55506	2920.23	147.927	3.97062
13822.5	12348.3	-5.48589	4979.25	69.1748	3.96681
13823.5	12349	-5.5242	-1992.67	-38.312	3.97062
13824.4	12349.7	-5.61785	-1145.12	-93.6522	3.97062
13825.4	12350.5	-5.61892	1241.9	-1.0643	3.97062
13826.3	12351.2	-5.58167	528.424	37.2481	3.97443
13827.3	12351.9	-5.57635	-915.279	5.32103	3.97062
13828.3	12352.7	-5.62105	949.804	-44.6973	3.97062
13829.3	12353.4	-5.60934	1124.58	11.7068	3.97634
13830.3	12354.1	-5.56996	-24.6363	39.3758	3.97443
13831.3	12354.9	-5.60721	612.221	-37.2477	3.97443
13832.3	12355.7	-5.59976	1663.28	7.44963	3.97062
13833.4	12356.5	-5.52633	95.0738	73.4315	3.97062
13834.4	12357.2	-5.39756	-1425.24	128.771	3.97634
13835.5	12358	-5.38479	229.149	12.7707	3.97062
13836.6	12358.8	-5.3635	-194.625	21.2846	3.97443
13837.8	12359.6	-5.28794	-9532.01	75.5596	3.97252
13838.9	12360.3	-5.31136	-10097	-23.4132	3.97634
13840	12361.2	-5.31987	-94.0682	-8.51345	3.97634
13841.2	12362	-4.97719	2383.93	342.681	3.97824
13842.4	12362.8	-4.49935	4143.67	477.837	3.97824
13843.6	12363.5	-4.02045	600.25	478.901	3.97443
13844.8	12364.3	-3.99065	815.729	29.7985	3.97634
13846	12365.1	-4.10985	1347.24	-119.193	3.97824
13847.2	12365.9	-4.16625	1153.31	-56.4041	3.97634
13848.4	12366.7	-4.0013	1548.35	164.955	3.97443
13849.6	12367.5	-3.84911	1146.13	152.184	3.97443
13850.8	12368.2	-4.5068	3868.34	-657.691	3.97062
13852	12369	-6.68101	16205.7	-2174.21	3.97062
13853.1	12369.8	-7.52069	16730	-839.673	3.97062
13854.2	12370.6	-5.87327	7210.64	1647.42	3.97252
13855.3	12371.3	-4.6079	384.772	1265.36	3.96871
13856.3	12372	-4.77179	2467.73	-163.891	3.97062
13857.3	12372.7	-5.2507	6138.04	-478.901	3.96681
13858.3	12373.5	-5.51782	6138.04	-267.12	3.97443
13859.3	12374.2	-5.47844	-915.279	39.3763	3.97062
13860.2	12374.9	-5.41672	693.624	61.7247	3.96871
13861.2	12375.6	-5.40075	-287.999	15.9636	3.97443
13862.1	12376.4	-5.41139	3238.66	-10.6421	3.97252
13863	12377.1	-5.87433	4758.98	-462.938	3.97062
13864	12377.9	-5.97543	-237.72	-101.101	3.97062
13864.9	12378.6	-5.73385	-7.87692	241.579	3.97062
13865.8	12379.3	-5.50611	3818.06	227.745	3.97062
13866.7	12380	-5.37415	-1564.11	131.964	3.97634
13867.6	12380.8	-5.47205	-3836.21	-97.9085	3.97634
13868.5	12381.5	-5.46673	1929.03	5.32103	3.97634
13869.5	12382.3	-5.26453	-568.12	202.202	3.97634
13870.4	12383	-5.24857	-1212.16	15.964	3.97634
13871.3	12383.8	-5.2507	1718.34	-2.1286	3.97634
13872.3	12384.5	-5.14427	949.804	106.422	3.97443
13873.2	12385.3	-5.01231	396.743	131.964	3.97062
13874.2	12386.1	-4.8548	-1446.79	157.506	3.97634
13875.2	12386.9	-5.34541	-1446.79	-490.608	3.97062
13876.1	12387.6	-6.25745	9231.35	-912.041	3.97062
13877	12388.4	-6.21063	5573.01	46.8264	3.97443
13878	12389.1	-5.79345	437.445	417.176	3.97634
13878.9	12389.9	-5.6136	2841.22	179.854	3.97062
13879.9	12390.6	-5.69128	1045.57	-77.6877	3.97443
13880.8	12391.4	-5.79558	293.793	-104.294	3.97443
13881.8	12392.1	-5.72534	1759.04	70.2386	3.97634
13882.7	12392.9	-5.64552	1091.06	79.8168	3.96681
13883.6	12393.6	-5.59018	1713.55	55.3403	3.96871
13884.6	12394.4	-5.62743	3423.01	-37.2481	3.97062
13885.5	12395.1	-5.77749	1976.92	-150.056	3.97443
13886.5	12395.9	-5.72321	2546.74	54.275	3.96681
13887.4	12396.6	-5.59338	2539.55	129.836	3.97062
13888.3	12397.4	-5.57316	959.381	20.2208	3.97443
13889.2	12398.1	-5.77217	1340.06	-199.01	3.97634
13890.2	12398.8	-6.01587	3241.05	-243.708	3.97252
13891.1	12399.5	-6.10633	2929.81	-90.4589	3.97634
13892	12400.2	-5.98075	1364	125.578	3.97062
13892.9	12400.9	-5.82644	1203.59	154.313	3.97062
13893.8	12401.7	-5.7413	444.627	85.1388	3.97062
13894.7	12402.4	-5.68596	1009.66	55.3389	3.97443
13895.6	12403.1	-5.81899	1074.3	-133.028	3.97062
13896.6	12403.8	-5.95096	-70.1262	-131.964	3.97252
13897.5	12404.6	-6.20531	-1307.93	-254.35	3.96681
13898.4	12405.3	-6.20105	35.2187	4.2572	3.96871
13899.3	12406	-5.93818	2096.63	262.864	3.97824
13900.2	12406.7	-5.62637	3525.96	311.818	3.97634
13901.1	12407.5	-5.57103	5699.9	55.3393	3.97443
13902	12408.2	-5.92541	4366.33	-354.386	3.97062
13902.9	12408.9	-6.17125	3195.56	-245.836	3.97634
13903.8	12409.7	-5.94989	2664.05	221.359	3.97443
13904.7	12410.4	-5.63275	1134.16	317.139	3.97634
13905.6	12411.2	-5.70831	815.729	-75.5606	3.97443
13906.5	12411.9	-5.75833	1723.13	-50.0183	3.97634
13907.4	12412.7	-5.67745	3106.98	80.8816	3.97443
13908.3	12413.4	-5.43906	4210.71	238.386	3.97824
13909.2	12414.2	-5.32306	2211.55	116.001	3.97062
13910.1	12414.9	-5.35818	-43.7899	-35.12	3.97634
13911	12415.7	-5.48376	-680.648	-125.578	3.97634
13911.9	12416.4	-5.5391	-2366.17	-55.3393	3.97443
13912.8	12417.2	-5.56039	-1683.82	-21.2846	3.97443
13913.8	12417.9	-5.61253	310.552	-52.1474	3.97443
13914.7	12418.7	-5.48695	2838.83	125.578	3.97634
13915.7	12419.4	-5.67745	3662.43	-190.495	3.97443
13916.7	12420.2	-5.90945	5517.94	-232.001	3.97062
13917.6	12420.9	-6.0063	3432.59	-96.8451	3.97252
13918.5	12421.7	-5.80303	-194.625	203.268	3.97443
13919.5	12422.4	-5.86475	1893.12	-61.7247	3.97062
13920.5	12423.2	-5.80835	2934.6	56.4036	3.97062
13921.5	12423.9	-5.78068	1517.23	27.6699	3.97062
13922.4	12424.7	-5.76578	1170.07	14.8988	3.97062
13923.4	12425.5	-5.90945	935.439	-143.67	3.97634
13924.3	12426.2	-6.09569	-508.265	-186.24	3.96681
13925.3	12427	-6.50648	1143.73	-410.791	3.97443
13926.3	12427.7	-6.81936	3940.16	-312.882	3.97252
13927.2	12428.5	-6.84171	2254.64	-22.3489	3.97062
13928.2	12429.3	-6.51287	308.158	328.845	3.97062
13929.1	12430	-5.93818	2958.54	574.682	3.97443
13930.1	12430.8	-5.8573	1555.54	80.8802	3.97062
13931.1	12431.6	-5.92648	-1585.66	-69.1743	3.97443
13932.1	12432.4	-5.95415	-19.8479	-27.6694	3.97634
13933	12433.2	-5.81048	1589.06	143.67	3.97062
13934	12434	-5.76791	916.285	42.5687	3.97443
13935	12434.7	-5.75727	1498.08	10.6425	3.97443
13936	12435.5	-5.67	597.856	87.2664	3.97443
13936.9	12436.2	-5.78707	-2136.32	-117.064	3.97443
13937.9	12437	-6.28512	-2955.14	-498.057	3.97634
13938.9	12437.7	-6.98964	1914.67	-704.518	3.97062
13939.8	12438.5	-7.01731	3334.43	-27.6694	3.97252
13940.8	12439.2	-6.73316	949.804	284.148	3.96681
13941.7	12440	-6.44582	3904.25	287.34	3.97062
13942.7	12440.7	-6.31492	3468.5	130.9	3.97062
13943.6	12441.4	-6.49584	1826.08	-180.919	3.97252
13944.6	12442.2	-6.43518	3839.61	60.6608	3.97062
13945.5	12442.9	-6.46285	2563.5	-27.6699	3.97062
13946.5	12443.7	-6.37133	945.015	91.5236	3.97252
13947.4	12444.4	-6.38197	3408.65	-10.6425	3.97634
13948.3	12445.1	-6.26384	2515.61	118.13	3.97443
13949.3	12445.9	-6.2383	1117.4	25.5408	3.97824
13950.2	12446.6	-6.30534	1991.28	-67.0457	3.97062
13951.2	12447.3	-6.44689	4241.83	-141.542	3.96871
13952.1	12448.1	-6.57672	4057.48	-129.835	3.97443
13953.1	12448.8	-6.69804	2134.93	-121.322	3.97062
13954	12449.6	-6.631	454.204	67.0462	3.97443
13955	12450.4	-6.51393	-185.048	117.065	3.97062
13955.9	12451.2	-6.37665	-1791.56	137.284	3.97062
13956.9	12451.9	-6.29683	-1453.97	79.8168	3.97443
13957.9	12452.7	-6.25532	466.175	41.5053	3.97443
13958.9	12453.5	-6.22872	-1312.72	26.6051	3.97443
13960	12454.3	-6.23298	-1549.74	-4.25673	3.97443
13960.9	12455.1	-6.53309	990.505	-300.111	3.97062
13961.9	12455.9	-6.75977	2881.92	-226.68	3.97443
13962.9	12456.7	-6.58311	3569.06	176.661	3.97443
13963.9	12457.5	-6.42028	5977.63	162.827	3.97443
13964.9	12458.2	-6.33195	4579.41	88.3298	3.97443
13965.9	12459	-6.40219	3631.31	-70.2386	3.96681
13966.9	12459.8	-6.38303	2491.67	19.1565	3.97634
13967.9	12460.6	-6.4852	2233.1	-102.166	3.97824
13968.9	12461.3	-6.23298	2458.15	252.222	3.97443
13969.9	12462.1	-6.16593	-553.755	67.0466	3.97443
13970.8	12462.9	-6.20743	494.905	-41.5049	3.97634
13971.8	12463.7	-6.2532	1052.75	-45.7621	3.97824
13972.8	12464.4	-6.3096	16.0651	-56.4032	3.97634
13973.7	12465.2	-6.50967	2757.43	-200.075	3.97634
13974.7	12465.9	-6.85555	4691.94	-345.873	3.97443
13975.6	12466.7	-6.863	921.073	-7.44963	3.97443
13976.6	12467.5	-6.79169	1826.08	71.3034	3.97062
13977.6	12468.3	-6.73742	4349.57	54.275	3.96871
13978.5	12469	-6.90024	1146.13	-162.826	3.97062
13979.5	12469.8	-6.79489	-1676.64	105.358	3.97062
13980.4	12470.5	-6.54054	-477.14	254.35	3.97824
13981.4	12471.3	-6.34366	1131.76	196.882	3.97443
13982.3	12472.1	-6.30854	2439	35.1195	3.97824
13983.3	12472.9	-6.21063	-371.796	97.909	3.97443
13984.2	12473.6	-6.33408	-2268	-123.451	3.96871
13985.2	12474.4	-6.65867	2915.44	-324.589	3.96681
13986.2	12475.1	-6.58523	298.581	73.432	3.97634
13987.1	12475.9	-6.5267	451.81	58.5327	3.97062
13988.1	12476.6	-6.53415	4668	-7.44963	3.97062
13989.1	12477.3	-6.69379	2546.74	-159.634	3.96871
13990.1	12478	-6.63525	329.706	58.5327	3.97062
13991	12478.8	-6.54054	-580.091	94.7156	3.97062
13992	12479.5	-6.45966	-177.865	80.8811	3.97062
13993	12480.2	-6.36281	1794.96	96.8447	3.97062
13994	12481	-6.31279	2055.93	50.0183	3.96871
13995	12481.7	-6.37133	4160.43	-58.5322	3.97062
13996	12482.4	-6.28832	3209.93	83.0092	3.97443
13997	12483.2	-6.366	119.016	-77.6882	3.96871
13998	12483.9	-6.3692	2429.42	-3.19195	3.97252
13999	12484.6	-6.33301	1433.43	36.1829	3.97443
14000.1	12485.3	-6.3809	360.83	-47.8897	3.97062
14001.1	12486	-6.48626	2740.67	-105.359	3.97443
14002.1	12486.8	-6.82788	7596.11	-341.616	3.97634
14003.1	12487.6	-7.17481	4524.35	-346.937	3.97824
14004.1	12488.3	-7.19823	-1147.52	-23.4132	3.97062
14005.1	12489	-6.90769	2470.12	290.534	3.97824
14006.2	12489.8	-6.4852	1562.72	422.497	3.97634
14007.2	12490.5	-6.50861	-1430.03	-23.4122	3.97443
14008.2	12491.3	-6.54799	-1015.84	-39.3758	3.97443
14009.2	12492.1	-6.60652	-378.978	-58.5327	3.97443
14010.2	12492.8	-6.66718	648.134	-60.6608	3.97443
14011.2	12493.6	-6.63632	-1034.99	30.8628	3.97443
14012.2	12494.4	-6.50222	-82.0972	134.092	3.97634
14013.2	12495.2	-6.55331	2513.22	-51.0831	3.97252
14014.2	12495.9	-6.39687	3525.96	156.441	3.96871
14015.2	12496.7	-6.26064	3537.94	136.222	3.97252
14016.2	12497.5	-6.35217	844.459	-91.5236	3.97443
14017.2	12498.3	-6.47881	1653.7	-126.643	3.97634
14018.2	12499	-6.53628	1105.43	-57.4684	3.97443
14019.2	12499.8	-6.48733	-383.767	48.954	3.97062
14020.2	12500.5	-6.49584	1919.46	-8.51393	3.97062
14021.2	12501.3	-6.515	3154.86	-19.156	3.97252
14022.1	12502.1	-6.41922	5814.82	95.7804	3.97824
14023.1	12502.8	-6.29364	4696.73	125.578	3.97443
14024.1	12503.6	-6.12975	104.651	163.891	3.97443
14025.1	12504.3	-6.1936	-383.767	-63.8533	3.97443
14026.1	12505.1	-6.22765	846.853	-34.0557	3.97252
14027	12505.9	-6.26064	1009.66	-32.99	3.97443
14028	12506.6	-6.29257	99.8622	-31.9276	3.97443
14029	12507.4	-6.35855	1952.97	-65.9819	3.97443
14030	12508.2	-6.27874	2096.63	79.8168	3.96871
14031	12509	-6.46391	-1358.21	-185.175	3.96871
14032	12509.8	-6.57246	-2272.79	-108.551	3.97824
14033	12510.5	-6.61823	-589.668	-45.7616	3.97443
14034	12511.3	-6.72358	3442.17	-105.358	3.97062
14035	12512.1	-6.6278	1229.93	95.7804	3.97062
14036	12512.9	-6.59907	-1537.77	28.7333	3.97824
14037.1	12513.7	-6.54905	2043.95	50.0193	3.97634
14038.1	12514.4	-6.43731	2482.09	111.743	3.97634
14039.1	12515.2	-6.63312	3322.46	-195.817	3.97824
14040.2	12516	-6.58949	3379.92	43.6335	3.98205
14041.2	12516.7	-6.49903	4509.98	90.4593	3.98396
14042.2	12517.5	-6.60865	3281.76	-109.616	3.97634
14043.2	12518.2	-6.60545	-1073.3	3.1929	3.97443
14044.3	12519	-6.60971	1605.82	-4.25673	3.97443
14045.3	12519.7	-6.59268	3245.84	17.0279	3.97824
14046.3	12520.5	-6.64164	1919.46	-48.955	3.97443
14047.3	12521.2	-6.63632	1414.28	5.32198	3.97443
14048.3	12522	-6.54905	1086.27	87.266	3.97252
14049.3	12522.7	-6.54054	1524.41	8.51345	3.97062
14050.3	12523.4	-6.63312	2139.72	-92.5875	3.97252
14051.3	12524.2	-6.64696	2082.26	-13.8345	3.97443
14052.3	12524.9	-6.57353	3197.96	73.431	3.97824
14053.3	12525.7	-6.46072	3054.31	112.808	3.97062
14054.3	12526.4	-6.47775	4627.3	-17.0274	3.97634
14055.3	12527.2	-6.53522	1739.89	-57.4689	3.97443
14056.3	12528	-6.44901	-1097.24	86.2026	3.97634
14057.2	12528.8	-6.31066	-34.2131	138.349	3.97062
14058.2	12529.5	-6.3841	-2560.1	-73.4315	3.97062
14059.2	12530.3	-6.37558	-1899.3	8.51393	3.97062
14060.2	12531	-6.33727	-192.23	38.3115	3.97062
14061.2	12531.8	-6.31386	-738.108	23.4132	3.97062
14062.2	12532.6	-6.50329	-285.604	-189.431	3.97062
14063.2	12533.4	-6.68527	2905.87	-181.983	3.97443
14064.1	12534.2	-6.97048	4811.65	-285.212	3.97443
14065.1	12535	-6.77254	4031.14	197.946	3.97443
14066.1	12535.8	-6.41177	2733.48	360.773	3.97062
14067.1	12536.6	-6.16806	1498.08	243.707	3.97443
14068.1	12537.4	-6.08505	499.694	83.0102	3.97443
14069	12538.2	-6.0776	202.813	7.44963	3.97443
14070	12539	-6.22978	3023.18	-152.184	3.97443
14071	12539.8	-6.3096	4160.43	-79.8163	3.97443
14072	12540.5	-6.28619	1115	23.4132	3.97252
14073	12541.3	-6.27448	166.9	11.7059	3.97443
14074	12542.1	-6.33833	1466.95	-63.8537	3.96871
14075	12542.9	-6.36388	1371.18	-25.5413	3.97252
14076	12543.7	-6.36388	894.737	0	3.97824
14077	12544.5	-6.3692	1727.92	-5.32055	3.97634
14078	12545.3	-6.28193	1845.24	87.266	3.97634
14079.1	12546.1	-6.29789	5364.71	-15.9636	3.97634
14080.1	12546.9	-6.46817	4447.73	-170.276	3.97443
14081.1	12547.6	-6.70123	997.688	-233.065	3.97062
14082.1	12548.4	-6.52351	1402.31	177.726	3.97634
14083.2	12549.2	-6.50222	1469.35	21.2841	3.97443
14084.2	12550	-6.57033	1881.15	-68.1105	3.97443
14085.2	12550.8	-6.62355	866.007	-53.2117	3.97824
14086.2	12551.6	-6.631	447.021	-7.44915	3.97062
14087.2	12552.4	-6.55544	1452.59	75.5596	3.97062
14088.2	12553.2	-6.39474	2292.95	160.699	3.97062
14089.2	12553.9	-6.42028	679.259	-25.5418	3.97443
14090.3	12554.7	-6.41389	-101.251	6.38533	3.97443
14091.3	12555.5	-6.35643	47.1897	57.4675	3.97252
14092.3	12556.3	-6.38622	-577.697	-29.798	3.97252
14093.3	12557	-6.38197	-197.019	4.25673	3.97443
14094.3	12557.8	-6.37771	-2275.19	4.2572	3.97824
14095.3	12558.6	-6.31066	-3690.16	67.0462	3.97634
14096.4	12559.4	-6.33195	-1803.53	-21.2851	3.97062
14097.4	12560.1	-6.62674	2537.16	-294.789	3.97443
14098.4	12560.9	-7.19078	6102.13	-564.04	3.97062
14099.4	12561.7	-7.32061	6219.44	-129.835	3.97062
14100.4	12562.4	-6.863	6291.27	457.616	3.97443
14101.4	12563.2	-6.27661	2843.62	586.389	3.97443
14102.4	12564	-6.11591	-386.161	160.697	3.97443
14103.4	12564.7	-6.15209	856.43	-36.1829	3.97443
14104.4	12565.5	-6.14145	791.786	10.6416	3.97062
14105.4	12566.3	-6.15316	834.882	-11.7064	3.97062
14106.4	12567	-6.19786	1579.48	-44.6978	3.97062
14107.4	12567.8	-6.17444	1687.22	23.4132	3.97062
14108.4	12568.6	-6.30534	2240.28	-130.899	3.97062
14109.4	12569.4	-6.36707	1675.25	-61.7256	3.97062
14110.4	12570.2	-6.30747	1663.28	59.597	3.97634
14111.4	12571	-6.26597	1639.33	41.5053	3.97443
14112.4	12571.8	-6.32982	1780.59	-63.8537	3.97062
14113.4	12572.6	-6.58843	2692.78	-258.607	3.97824
14114.4	12573.4	-6.64057	2738.27	-52.1469	3.97634
14115.4	12574.2	-6.35855	1871.57	282.02	3.97634
14116.5	12574.9	-6.13081	935.439	227.745	3.97634
14117.5	12575.8	-6.07228	1548.35	58.5322	3.97634
14118.5	12576.5	-6.28619	2879.53	-213.909	3.97443
14119.6	12577.4	-6.58843	3827.63	-302.241	3.97634
14120.6	12578.1	-6.48945	3700.74	98.9733	3.97062
14121.7	12579	-6.24362	3226.69	245.836	3.97634
14122.7	12579.7	-6.34472	-726.137	-101.101	3.97824
14123.7	12580.5	-6.50861	-2799.52	-163.891	3.97443
14124.7	12581.3	-6.51925	-697.407	-10.6425	3.97062
14125.7	12582.2	-6.44689	-129.981	72.3672	3.97062
14126.8	12582.9	-6.57566	2048.74	-128.771	3.97443
