0	-0.0904629	0	-376.44	0	9.04629e-05	9.04629e-05	0	9.04629e-05	0	-0.0115734	0	-17.0874	0	0.00115734	0.00115734	0	0.00115734
0.48	-0.0567521	480	200.562	0.0100328	0.000534273	0.000536752	-2.47926e-06	0.0105671	0	-0.0179588	0	-5.83467	0	0.00179827	0.00179588	2.39451e-06	0.00179827
1.92	-0.476547	960	-81.9535	0.0202315	0.0025983	0.00239655	0.000201749	0.0228298	0	0.0230139	0	-2.00395	0	-0.0022519	-0.00230139	4.94865e-05	-0.0022519
4.32	-1.49099	1440	-706.84	0.030596	0.006591	0.00581099	0.000780016	0.037187	0	0.0522801	0	-11.3413	0	-0.00531022	-0.00522801	-8.22114e-05	-0.00531022
7.68	-1.98815	1920	-644.591	0.0411263	0.0117156	0.00966815	0.00204744	0.0528419	0	0.0533443	0	-6.07409	0	-0.00571915	-0.00533443	-0.000384717	-0.00571915
12	-1.55362	2400	116.765	0.0518224	0.0177331	0.0135536	0.0041795	0.0695556	0	0.0655829	0	-11.3413	0	-0.00734927	-0.00655829	-0.000790985	-0.00734927
17.28	-0.173939	2880	358.58	0.0626844	0.0245894	0.0174539	0.00713543	0.0872738	0	0.0873995	0	23.3746	0	-0.00996275	-0.00873995	-0.00122279	-0.00996275
23.52	1.4275	3360	47.3334	0.0737122	0.0329564	0.0220925	0.0108639	0.106669	0	0.0677113	0	-31.2132	0	-0.00845926	-0.00677113	-0.00168813	-0.00845926
30.72	4.57842	3840	765.594	0.0849059	0.0416366	0.0261416	0.015495	0.126542	0	-0.0195551	0	-29.2978	0	1.43668e-05	0.00195551	-0.00194115	1.43668e-05
38.88	10.0162	4320	1452.73	0.0962653	0.049775	0.0288638	0.0209112	0.14604	0	-0.0333901	0	-22.3547	0	0.00148646	0.00333901	-0.00185255	0.00148646
48	20.406	4800	2252.39	0.107791	0.0542765	0.027594	0.0266825	0.162067	0	0.0102432	0	18.8256	0	-0.00274517	-0.00102432	-0.00172085	-0.00274517
58.08	31.772	5280	2132.68	0.119482	0.0584126	0.026308	0.0321046	0.177894	0	0.0554727	0	-2.72222	0	-0.00733597	-0.00554727	-0.0017887	-0.00733597
69.12	39.273	5760	3217.26	0.131339	0.0673327	0.029847	0.0374858	0.198671	0	0.0075826	0	-45.5784	0	-0.00286862	-0.00075826	-0.00211036	-0.00286862
81.12	43.7059	6240	5731.17	0.143362	0.0813321	0.0374141	0.0439181	0.224694	0	-0.284547	0	-139.431	0	0.0266341	0.0284547	-0.00182062	0.0266341
94.08	55.8376	6720	4615.47	0.15555	0.0896866	0.0382424	0.0514443	0.245237	0	-0.263795	0	55.9357	0	0.026397	0.0263795	1.75596e-05	0.026397
108	74.2087	7200	5060.79	0.167905	0.092845	0.0337913	0.0590536	0.26075	0	-0.146198	0	-16.3692	0	0.0160062	0.0146198	0.00138642	0.0160062
122.88	98.8057	7680	4838.13	0.180425	0.0893894	0.0240743	0.065315	0.269814	0	-0.18451	0	19.7833	0	0.0208519	0.018451	0.00240089	0.0208519
138.72	125.801	8160	5491.75	0.193111	0.082485	0.0129192	0.0695658	0.275596	0	-0.168547	0	3.74214	0	0.0202477	0.0168547	0.00339302	0.0202477
147	135.777	8400	5623.43	0.199516	0.0820807	0.011223	0.0708577	0.281597	0	-0.221226	0	-7.03179	0	0.0260212	0.0221226	0.00389866	0.0260212
164.28	159.916	8880	5534.84	0.212451	0.077278	0.00436432	0.0729137	0.289729	0	-0.465465	0	-106.87	0	0.052186	0.0465465	0.00563946	0.052186
182.25	188.56	9000	5118.25	0.218043	0.0671388	-0.00631023	0.073449	0.285182	0	-0.521337	0	-74.3089	0	0.0605995	0.0521337	0.00846578	0.0605995
200.25	224.474	9000	5446.26	0.221152	0.0471821	-0.0242239	0.071406	0.268334	0	-0.595833	0	6.37576	0	0.0713016	0.0595833	0.0117183	0.0713016
218.25	258.265	9000	5992.14	0.224261	0.0255838	-0.0400147	0.0655985	0.249845	0	-0.67565	0	-7.03176	0	0.0830642	0.067565	0.0154992	0.0830642
236.25	280.081	9000	5393.59	0.227371	0.0129438	-0.0438309	0.0567748	0.240315	0	-0.717687	0	-110.461	0	0.0914048	0.0717687	0.0196362	0.0914048
254.25	303.899	9000	5477.38	0.23048	-0.00154242	-0.0496496	0.0481071	0.228938	0	-0.587319	0	115.312	0	0.0825034	0.0587319	0.0237715	0.0825034
272.25	321.354	9000	4584.35	0.23359	-0.0114638	-0.0491039	0.0376401	0.222126	0	-0.236125	0	174.928	0	0.0504178	0.0236125	0.0268053	0.0504178
290.25	328.794	9000	3808.62	0.236699	-0.010279	-0.0385439	0.0282649	0.22642	0	0.0198212	0	92.567	0	0.025868	-0.00198212	0.0278501	0.025868
308.25	339.633	9000	4945.87	0.239808	-0.010292	-0.0313838	0.0210919	0.229516	0	0.154978	0	59.2876	0	0.0119876	-0.0154978	0.0274853	0.0119876
326.25	357.833	9000	4979.39	0.242918	-0.0168556	-0.0315832	0.0147276	0.226062	0	0.245969	0	67.4279	0	0.00181809	-0.0245969	0.026415	0.00181809
344.25	370.233	9000	4009.74	0.246027	-0.0174501	-0.0259838	0.00853374	0.228577	0	0.417841	0	80.596	0	-0.0170972	-0.0417841	0.024687	-0.0170972
362.25	375.248	9000	4586.74	0.249136	-0.00861592	-0.0129988	0.00438289	0.24052	0	0.375805	0	-80.5338	0	-0.0153686	-0.0375805	0.0222118	-0.0153686
380.25	391.8	9000	4136.63	0.252246	-0.00987113	-0.0115507	0.00167959	0.242374	0	0.459878	0	86.1027	0	-0.026034	-0.0459878	0.0199538	-0.026034
398.25	399.3	9000	5393.59	0.255355	-0.000849688	-0.00105002	0.00020033	0.254505	0	0.57109	0	19.7833	0	-0.0402353	-0.057109	0.0168737	-0.0402353
416.25	425.167	9000	5060.79	0.258464	-0.00852707	-0.00891748	0.000390406	0.249937	0	0.533842	0	-25.946	0	-0.0399913	-0.0533842	0.0133929	-0.0399913
434.25	461.895	9000	4783.06	0.261574	-0.0293402	-0.0276457	-0.00169449	0.232233	0	0.567897	0	-32.6497	0	-0.0465568	-0.0567897	0.0102329	-0.0465568
452.25	455.781	9000	6439.85	0.264683	-0.00984195	-0.00353119	-0.00631076	0.254841	0	0.305034	0	-75.2665	0	-0.0236108	-0.0305034	0.00689258	-0.0236108
470.25	451.206	9000	7057.56	0.267792	0.0127951	0.0190435	-0.00624845	0.280587	0	-0.0296653	0	-113.574	0	0.00873449	0.00296653	0.00576796	0.00873449
488.25	439.685	9000	7773.42	0.270902	0.0480433	0.0485643	-0.000520956	0.318945	0	0.494466	0	186.899	0	-0.0441583	-0.0494466	0.00528826	-0.0441583
506.25	428.952	9000	6954.61	0.274011	0.088004	0.0772973	0.0107068	0.362015	0	0.486484	0	-7.5106	0	-0.0467132	-0.0486484	0.00193515	-0.0467132
524.25	449.757	9000	6810.95	0.27712	0.101176	0.0744927	0.0266837	0.378297	0	0.0602617	0	-118.123	0	-0.00644801	-0.00602617	-0.000421838	-0.00644801
542.25	500.102	9000	5661.74	0.28023	0.0820963	0.042148	0.0399483	0.362326	0	-0.294657	0	-92.7442	0	0.0295763	0.0294657	0.000110541	0.0295763
560.25	539.795	9000	4289.86	0.283339	0.0674937	0.0204545	0.0470393	0.350833	0	-0.170675	0	-4.877	0	0.0187129	0.0170675	0.00164542	0.0187129
578.25	598.754	9000	7814.12	0.286448	0.0290982	-0.020504	0.0496022	0.315547	0	-0.735247	0	-277.337	0	0.0765868	0.0735247	0.00306217	0.0765868
596.25	594.518	9000	9324.87	0.289558	0.0479565	0.00173151	0.046225	0.337514	0	-1.2067	0	-311.095	0	0.129508	0.12067	0.00883852	0.129508
623.25	616.904	9000	5618.64	0.294222	0.0539119	0.00634619	0.0475657	0.348134	0	-0.718751	0	155.295	0	0.0898164	0.0718751	0.0179412	0.0898164
641.25	673.192	9000	3827.78	0.297331	0.0161912	-0.0319424	0.0481337	0.313522	0	-0.80921	0	-95.1384	0	0.103368	0.080921	0.0224469	0.103368
659.25	683.544	9000	6846.87	0.30044	0.01781	-0.0242938	0.0421038	0.31825	0	-0.410126	0	114.354	0	0.0684105	0.0410126	0.0273979	0.0684105
677.25	694.236	9000	10155.7	0.30355	0.0198936	-0.0169856	0.0368792	0.323443	0	0.851513	0	571.647	0	-0.0575115	-0.0851513	0.0276398	-0.0575115
695.25	668.466	9000	11905.8	0.306659	0.0627645	0.0267838	0.0359807	0.369424	0	1.06117	0	104.059	0	-0.0842898	-0.106117	0.0218267	-0.0842898
713.25	704.112	9000	6456.61	0.309769	0.0494466	0.00913788	0.0403087	0.359215	0	0.923881	0	-29.5373	0	-0.076277	-0.0923881	0.016111	-0.076277
731.25	700.651	9000	7129.38	0.312878	0.0747132	0.0305991	0.0441142	0.387591	0	1.41236	0	206.292	0	-0.131168	-0.141236	0.0100681	-0.131168
749.25	706.41	9000	7694.41	0.315987	0.0938412	0.0428403	0.0510009	0.409828	0	1.2804	0	-6.3135	0	-0.126717	-0.12804	0.00132256	-0.126717
767.25	692.385	9000	9715.12	0.319097	0.135714	0.0748657	0.0608485	0.454811	0	0.404539	0	-165.767	0	-0.0446395	-0.0404539	-0.0041856	-0.0446395
785.25	763.906	9000	2369.71	0.322206	0.0961447	0.0213442	0.0748005	0.418351	0	0.490741	0	135.902	0	-0.0557779	-0.0490741	-0.00670383	-0.0557779
803.25	812.481	9000	3988.19	0.325315	0.0667268	-0.00923059	0.0759574	0.392042	0	0.288006	0	-212.215	0	-0.0386149	-0.0288006	-0.00981429	-0.0386149
821.25	873.396	9000	10471.7	0.328425	0.0196644	-0.0521455	0.0718099	0.348089	0	-1.25885	0	-537.826	0	0.117115	0.125885	-0.00876949	0.117115
839.25	878.456	9000	7478.94	0.331534	0.0233553	-0.0392052	0.0625605	0.354889	0	-1.37485	0	-187.794	0	0.136445	0.137485	-0.00103922	0.136445
857.25	885.114	9000	9619.35	0.334643	0.0271385	-0.0278638	0.0550023	0.361782	0	-2.04424	0	-296.491	0	0.212614	0.204424	0.00819001	0.212614
875.25	914.14	9000	1687.36	0.337753	0.0103036	-0.0388895	0.0491931	0.348056	0	-1.85375	0	87.7786	0	0.20598	0.185375	0.0206055	0.20598
893.251	952.677	9000	3523.71	0.340862	-0.019315	-0.0594263	0.0401113	0.321547	0	-1.96656	0	-5.83467	0	0.228379	0.196656	0.0317232	0.228379
911.251	989.201	9000	2819.82	0.343971	-0.0498517	-0.0779504	0.0280987	0.29412	0	-1.73775	0	71.7375	0	0.217144	0.173775	0.0433693	0.217144
929.251	1033.43	9000	2973.05	0.347081	-0.0925837	-0.10418	0.0115964	0.254497	0	-1.50681	0	253.218	0	0.203909	0.150681	0.0532275	0.203909
947.251	1031.31	9000	9722.3	0.35019	-0.0913708	-0.0840557	-0.00731509	0.258819	0	-1.2365	0	-52.0428	0	0.18562	0.12365	0.0619698	0.18562
965.251	1014.85	9000	10457.3	0.353299	-0.0721856	-0.0495972	-0.0225883	0.281114	0	0.323658	0	709.074	0	0.0348489	-0.0323658	0.0672146	0.0348489
983.251	1002.7	9000	1723.27	0.356409	-0.050484	-0.019446	-0.0310379	0.305925	0	1.1628	0	230.234	0	-0.0528367	-0.11628	0.0634433	-0.0528367
1001.25	1044.87	9000	1644.27	0.359518	-0.0797493	-0.0436149	-0.0361345	0.279769	0	0.926009	0	39.8946	0	-0.036128	-0.0926009	0.0564728	-0.036128
1019.25	1078.2	9000	3669.76	0.362628	-0.105853	-0.058945	-0.0469078	0.256775	0	0.166684	0	-248.367	0	0.0354265	-0.0166684	0.0520949	0.0354265
1037.2	1047.87	8839.98	3942.7	0.362411	-0.0684549	-0.0106747	-0.0577802	0.293956	0	0.178391	0	-57.7888	0	0.0339948	-0.0178391	0.0518339	0.0339948
1054.4	985.399	8359.98	9856.38	0.355432	0.0140572	0.0689981	-0.054941	0.369489	0	1.53475	0	566.14	0	-0.104518	-0.153475	0.0489565	-0.104518
1070.64	926.706	7879.98	8403.1	0.348287	0.108369	0.143931	-0.0355621	0.456656	0	1.68108	0	-20.6787	0	-0.129183	-0.168108	0.0389243	-0.129183
1085.92	976.04	7399.98	2044.1	0.340977	0.10184	0.109877	-0.0080366	0.442817	0	1.44269	0	42.0494	0	-0.11512	-0.144269	0.0291491	-0.11512
1100.24	1074.23	6919.98	1440.76	0.333501	0.0376692	0.0260079	0.0116613	0.37117	0	1.45706	0	51.1473	0	-0.125224	-0.145706	0.0204818	-0.125224
1113.6	1141.11	6439.98	878.121	0.325858	-0.0134396	-0.0275172	0.0140776	0.312419	0	1.47142	0	-85.5616	0	-0.135666	-0.147142	0.0114761	-0.135666
1126	1147.47	5959.98	10888.3	0.318051	-0.0120934	-0.0214678	0.00937437	0.305957	0	0.763183	0	-376.936	0	-0.0726842	-0.0763183	0.00363406	-0.0726842
1137.44	1077.69	5479.97	16720.6	0.310077	0.0687752	0.0597473	0.00902786	0.378852	0	0.753072	0	72.6952	0	-0.0756441	-0.0753072	-0.00033683	-0.0756441
1147.92	1083.72	4999.97	8008.05	0.301937	0.0844072	0.0641946	0.0202126	0.386344	0	0.739237	0	-7.03179	0	-0.078771	-0.0739237	-0.00484728	-0.078771
1157.44	1134.33	4519.97	2051.28	0.293632	0.0557255	0.0231049	0.0326207	0.349357	0	0.628026	0	-26.6642	0	-0.0720837	-0.0628026	-0.00928111	-0.0720837
1166	1160.34	4039.97	1962.69	0.28516	0.0431001	0.00566028	0.0374398	0.328261	0	0.262465	0	-39.3535	0	-0.0391552	-0.0262465	-0.0129088	-0.0391552
1173.6	1168.31	3559.97	6672.09	0.276523	0.0432975	0.00529028	0.0380072	0.319821	0	-1.16732	0	-199.047	0	0.107221	0.116732	-0.00951098	0.107221
1180.24	1109.11	3079.97	10809.3	0.26772	0.11356	0.0711307	0.0424296	0.381281	0	1.44322	0	-87.477	0	-0.157922	-0.144322	-0.0136	-0.157922
1185.92	1062.5	2599.97	9332.05	0.258752	0.184084	0.123417	0.0606678	0.442836	0	-0.320199	0	61.203	0	0.014176	0.0320199	-0.0178439	0.014176
1190.64	1103	2119.97	5621.04	0.249617	0.172879	0.0876397	0.0852389	0.422496	0	-0.132363	0	-133.206	0	-0.00285399	0.0132363	-0.0160903	-0.00285399
1194.4	1156.67	1639.97	3284.29	0.240317	0.138504	0.0377288	0.100776	0.378821	0	-0.881578	0	-243.818	0	0.0734108	0.0881578	-0.014747	0.0734108
1197.2	1211.13	1159.97	978.678	0.23085	0.092873	-0.0139308	0.106804	0.323723	0	-1.07367	0	-102.8	0	0.0985656	0.107367	-0.00880141	0.0985656
1199.04	1210.95	679.965	4498.15	0.221218	0.0917654	-0.0119171	0.103682	0.312984	0	-0.677778	0	251.542	0	0.0649507	0.0677778	-0.00282712	0.0649507
1199.92	1136.03	199.964	16397.3	0.21142	0.167729	0.0638845	0.103844	0.379149	0	-0.633081	0	-130.094	0	0.0642859	0.0633081	0.000977752	0.0642859
1200	1131.89	0	6001.71	0.20729	0.183936	0.0681052	0.115831	0.391226	0	0.212446	0	486.653	0	-0.0172202	-0.0212446	0.00402436	-0.0172202
1200	1164.02	0	1088.81	0.20729	0.164863	0.0359775	0.128886	0.372153	0	0.876523	0	135.663	0	-0.0863393	-0.0876523	0.00131298	-0.0863393
1200	1232.81	0	1933.96	0.20729	0.101423	-0.0328091	0.134232	0.308712	0	0.520539	0	-63.2955	0	-0.0553105	-0.0520539	-0.00325653	-0.0553105
1200	1255.76	0	3061.63	0.20729	0.0705349	-0.0557637	0.126299	0.277825	0	0.157106	0	-159.303	0	-0.0218493	-0.0157106	-0.00613872	-0.0218493
1200	1284.15	0	5024.88	0.20729	0.029261	-0.0841536	0.113415	0.236551	0	0.490741	0	103.102	0	-0.0561219	-0.0490741	-0.00704784	-0.0561219
1200	1216.77	0	18437.2	0.20729	0.0852981	-0.016773	0.102071	0.292588	0	0.841403	0	209.883	0	-0.0951096	-0.0841403	-0.0109692	-0.0951096
1200	1192.69	0	7050.37	0.20729	0.106105	0.00730859	0.0987961	0.313394	0	0.61153	0	-164.57	0	-0.0767493	-0.061153	-0.0155962	-0.0767493
1200	1184.37	0	1486.25	0.20729	0.117587	0.0156272	0.10196	0.324877	0	0.739237	0	136.62	0	-0.092814	-0.0739237	-0.0188903	-0.092814
1200	1139.56	0	5613.85	0.20729	0.168859	0.0604404	0.108418	0.376148	0	1.09841	0	83.9479	0	-0.133817	-0.109841	-0.0239754	-0.133817
1200	1101.51	0	6540.41	0.20729	0.218895	0.0984884	0.120406	0.426184	0	0.836614	0	-65.6897	0	-0.113533	-0.0836614	-0.0298715	-0.113533
1200	1114.42	0	3837.35	0.20729	0.222964	0.0855841	0.137379	0.430253	0	0.947826	0	25.0505	0	-0.129824	-0.0947826	-0.0350412	-0.129824
1200	1198.83	0	2034.52	0.20729	0.152429	0.00117383	0.151255	0.359718	0	1.07234	0	-69.0416	0	-0.148289	-0.107234	-0.0410554	-0.148289
1200	1279.67	0	6.63194	0.20729	0.07013	-0.0796693	0.149799	0.27742	0	1.02339	0	-13.7355	0	-0.149488	-0.102339	-0.0471494	-0.149488
1200	1279.25	0	2882.07	0.20729	0.0539605	-0.0792517	0.133212	0.26125	0	-0.955009	0	4.22098	0	0.0424299	0.0955009	-0.0530711	0.0424299
1200	1192.55	0	14244.9	0.20729	0.126305	0.00745203	0.118853	0.333595	0	1.71141	0	-428.651	0	-0.216553	-0.171141	-0.0454126	-0.216553
1200	1138.6	0	6296.2	0.20729	0.186269	0.0613997	0.124869	0.393559	0	-0.702256	0	-251.001	0	0.018173	0.0702256	-0.0520526	0.018173
1200	1134.31	0	504.626	0.20729	0.204657	0.0656868	0.13897	0.411946	0	-0.00944498	0	301.341	0	-0.0473479	0.000944498	-0.0482924	-0.0473479
1200	1165.33	0	2630.68	0.20729	0.181253	0.0346685	0.146584	0.388542	0	0.108152	0	-73.1117	0	-0.0596496	-0.0108152	-0.0488344	-0.0596496
1200	1209.9	0	5111.07	0.20729	0.140232	-0.00990149	0.150133	0.347521	0	-0.566035	0	-330.249	0	0.00835576	0.0566035	-0.0482477	0.00835576
1200	1217.87	0	7227.54	0.20729	0.127092	-0.0178689	0.144961	0.334382	0	-0.52453	0	306.13	0	0.00843158	0.052453	-0.0440214	0.00843158
1200	1247.97	0	16225	0.20729	0.0933521	-0.0479728	0.141325	0.300642	0	0.165088	0	141.409	0	-0.058609	-0.0165088	-0.0421002	-0.058609
1200	1249.81	0	3514.14	0.20729	0.0800353	-0.0498147	0.12985	0.287325	0	0.485952	0	165.59	0	-0.0925448	-0.0485952	-0.0439496	-0.0925448
1200	1268.36	0	485.472	0.20729	0.0512943	-0.068365	0.119659	0.258584	0	0.275767	0	-153.078	0	-0.074019	-0.0275767	-0.0464423	-0.074019
1200	1281.52	0	-658.956	0.20729	0.0232047	-0.0815178	0.104723	0.230494	0	0.600888	0	211.798	0	-0.108305	-0.0600888	-0.0482166	-0.108305
1200	1264.11	0	4237.19	0.20729	0.0238506	-0.0641069	0.0879575	0.23114	0	0.458814	0	-121.714	0	-0.0976443	-0.0458814	-0.0517629	-0.0976443
1200	1213.68	0	7933.83	0.20729	0.0640267	-0.0136847	0.0777114	0.271316	0	-0.27018	0	-395.132	0	-0.0261345	0.027018	-0.0531525	-0.0261345
1200	1196.02	0	-1056.39	0.20729	0.079861	0.003979	0.075882	0.287151	0	-0.145134	0	127.044	0	-0.0366987	0.0145134	-0.0512121	-0.0366987
1200	1183.27	0	-1216.81	0.20729	0.0956969	0.016735	0.0789619	0.302987	0	0.335364	0	189.053	0	-0.0847669	-0.0335364	-0.0512305	-0.0847669
1200	1218.82	0	1553.29	0.20729	0.0621704	-0.0188185	0.0809889	0.26946	0	0.066115	0	-138.713	0	-0.0596434	-0.0066115	-0.0530319	-0.0596434
1200	1276.05	0	2578	0.20729	-0.00250403	-0.0760471	0.0735431	0.204786	0	0.075693	0	-108.067	0	-0.0605925	-0.0075693	-0.0530232	-0.0605925
1200	1261.07	0	5441.47	0.20729	1.65142e-05	-0.0610687	0.0610852	0.207306	0	0.41252	0	439.726	0	-0.0949496	-0.041252	-0.0536976	-0.0949496
1200	1237.76	0	3803.84	0.20729	0.0133879	-0.0377632	0.0511511	0.220678	0	0.654631	0	-127.7	0	-0.122456	-0.0654631	-0.0569933	-0.122456
1200	1231.23	0	720.104	0.20729	0.0126981	-0.0312327	0.0439308	0.219988	0	0.490741	0	62.4001	0	-0.109644	-0.0490741	-0.0605699	-0.109644
1200	1216.76	0	703.345	0.20729	0.0217218	-0.0167637	0.0384854	0.229011	0	0.250758	0	-105.433	0	-0.0884704	-0.0250758	-0.0633946	-0.0884704
1200	1212.59	0	1352.17	0.20729	0.0227663	-0.0125856	0.0353518	0.230056	0	0.00279359	0	-137.276	0	-0.0647762	-0.000279359	-0.0644968	-0.0647762
1200	1204.95	0	3219.65	0.20729	0.0283673	-0.00494971	0.033317	0.235657	0	-0.295722	0	-120.517	0	-0.0347563	0.0295722	-0.0643284	-0.0347563
1200	1222.12	0	1941.15	0.20729	0.00836948	-0.0221161	0.0304856	0.215659	0	-0.23985	0	12.6007	0	-0.0384718	0.023985	-0.0624567	-0.0384718
1200	1221.1	0	1871.72	0.20729	0.00590668	-0.021105	0.0270117	0.213196	0	-0.1164	0	-13.0173	0	-0.0496458	0.01164	-0.0612858	-0.0496458
1200	1208.12	0	1093.6	0.20729	0.0172861	-0.00812085	0.025407	0.224576	0	-0.00146332	0	116.509	0	-0.0604331	0.000146332	-0.0605794	-0.0604331
1200	1196.12	0	914.034	0.20729	0.0273696	0.00388281	0.0234868	0.234659	0	-0.0743627	0	41.5705	0	-0.0531487	0.00743627	-0.060585	-0.0531487
1200	1216.79	0	1292.32	0.20729	0.00570966	-0.0167932	0.0225029	0.212999	0	0.00172937	0	-45.5784	0	-0.0606055	-0.000172937	-0.0604326	-0.0606055
1200	1222.65	0	990.649	0.20729	-0.00407886	-0.0226549	0.018576	0.203211	0	-0.0227478	0	-41.2689	0	-0.0581091	0.00227478	-0.0603839	-0.0581091
1200	1216.91	0	-206.452	0.20729	-0.00299628	-0.0169124	0.0139161	0.204293	0	-0.114803	0	-103.997	0	-0.0485292	0.0114803	-0.0600095	-0.0485292
1200	1193.23	0	234.081	0.20729	0.0186778	0.00677051	0.0119073	0.225967	0	0.0293992	0	53.0627	0	-0.0628465	-0.00293992	-0.0599066	-0.0628465
1200	1213.81	0	926.005	0.20729	-0.00294386	-0.0138137	0.0108699	0.204346	0	-0.0392433	0	22.1775	0	-0.0560916	0.00392433	-0.0600159	-0.0560916
1200	1224.17	0	672.22	0.20729	-0.0176281	-0.0241748	0.00654669	0.189662	0	0.0506837	0	-17.5663	0	-0.0647307	-0.00506837	-0.0596623	-0.0647307
1200	1223.26	0	2149.44	0.20729	-0.0210757	-0.0232607	0.00218509	0.186214	0	-0.0365827	0	-2.00394	0	-0.0561246	0.00365827	-0.0597828	-0.0561246
1200	1232.62	0	71.2754	0.20729	-0.0339989	-0.0326191	-0.001379
1200	1203	0	339.426	0.20729	-0.0430638	-0.00300085	-0.040063	0.164226	0	0.206593	0	-24.9883	0	-0.0796252	-0.0206593	-0.0589659	-0.0796252
1200	1213.73	0	238.87	0.20729	-0.0543001	-0.0137253	-0.0405748	0.15299	0	0.0442984	0	21.4592	0	-0.0646369	-0.00442984	-0.0602071	-0.0646369
1200	1208.31	0	746.44	0.20729	-0.053029	-0.00830591	-0.044723	0.154261	0	-0.066381	0	-152.839	0	-0.0536384	0.0066381	-0.0602765	-0.0536384
1200	1207.95	0	-2090.69	0.20729	-0.0557248	-0.00795191	-0.0477729	0.151565	0	-0.133959	0	40.3734	0	-0.0463722	0.0133959	-0.0597681	-0.0463722
1200	1200.55	0	-3256.67	0.20729	-0.0478129	-0.000554565	-0.0472583	0.159477	0	-0.189299	0	-87.7164	0	-0.03968	0.0189299	-0.05861	-0.03968
1200	1192.84	0	-548.823	0.20729	-0.0401993	0.00716431	-0.0473636	0.16709	0	-0.0530782	0	137.099	0	-0.0525287	0.00530782	-0.0578365	-0.0525287
1200	1185.8	0	-1324.54	0.20729	-0.0310356	0.0141993	-0.0452349	0.176254	0	-0.147262	0	-56.8312	0	-0.0426993	0.0147262	-0.0574255	-0.0426993
1200	1195.35	0	-687.687	0.20729	-0.0397882	0.00465454	-0.0444428	0.167501	0	-0.0770233	0	-44.8602	0	-0.0488284	0.00770233	-0.0565307	-0.0488284
1200	1203.05	0	-352.498	0.20729	-0.0469053	-0.00304504	-0.0438602	0.160384	0	-0.0828765	0	35.585	0	-0.0478065	0.00828765	-0.0560941	-0.0478065
1200	1177.48	0	-1077.94	0.20729	-0.0192607	0.0225231	-0.0417838	0.188029	0	-0.100436	0	43.4859	0	-0.0455979	0.0100436	-0.0556416	-0.0455979
1200	1193.59	0	-1499.32	0.20729	-0.0329954	0.00641064	-0.0394061	0.174294	0	-0.280822	0	-146.135	0	-0.0266917	0.0280822	-0.054774	-0.0266917
1200	1189.75	0	1304.29	0.20729	-0.0269889	0.0102456	-0.0372345	0.180301	0	-0.202602	0	117.467	0	-0.0329837	0.0202602	-0.0532439	-0.0329837
1200	1200.23	0	-1140.19	0.20729	-0.0347622	-0.000232178	-0.0345301	0.172527	0	-0.186106	0	-94.4201	0	-0.0334192	0.0186106	-0.0520299	-0.0334192
1200	1203.38	0	313.09	0.20729	-0.0377839	-0.00338257	-0.0344014	0.169506	0	0.0123716	0	105.496	0	-0.0522063	-0.00123716	-0.0509691	-0.0522063
1200	1184.08	0	2673.77	0.20729	-0.0187498	0.0159188	-0.0346687	0.18854	0	-0.0174267	0	54.7386	0	-0.0493645	0.00174267	-0.0511072	-0.0493645
1200	1207.28	0	1498.22	0.20729	-0.0426542	-0.00728174	-0.0353725	0.164635	0	-0.0818123	0	-60.9013	0	-0.0427831	0.00818123	-0.0509643	-0.0427831
1200	1223.27	0	2063.25	0.20729	-0.0595038	-0.0232656	-0.0362382	0.147786	0	-0.111079	0	28.6418	0	-0.0394087	0.0111079	-0.0505165	-0.0394087
1200	1193.44	0	1491.04	0.20729	-0.031039	0.00655737	-0.0375964	0.176251	0	-0.0679774	0	-54.9158	0	-0.0433157	0.00679774	-0.0501135	-0.0433157
1200	1196.41	0	-1116.25	0.20729	-0.0339469	0.00358923	-0.0375361	0.173343	0	-0.422364	0	-119.32	0	-0.00676517	0.0422364	-0.0490016	-0.00676517
1200	1192.51	0	-3862.4	0.20729	-0.029821	0.00748828	-0.0373093	0.177469	0	0.0203533	0	227.6	0	-0.0489832	-0.00203533	-0.0469479	-0.0489832
1200	1193.4	0	-2246.31	0.20729	-0.028978	0.00659924	-0.0355772	0.178312	0	0.118794	0	-15.8903	0	-0.0592591	-0.0118794	-0.0473797	-0.0592591
1200	1202.81	0	-1789.02	0.20729	-0.0355876	-0.00281165	-0.0327759	0.171702	0	0.179455	0	90.6517	0	-0.0662854	-0.0179455	-0.0483399	-0.0662854
1200	1166.16	0	-79.5593	0.20729	0.00233029	0.0338401	-0.0315098	0.20962	0	0.222024	0	-58.7465	0	-0.0717053	-0.0222024	-0.0495029	-0.0717053
1200	1192.08	0	463.924	0.20729	-0.0204957	0.00792444	-0.0284201	0.186794	0	0.080482	0	-31.6921	0	-0.0586102	-0.0080482	-0.050562	-0.0586102
1200	1214.96	0	-278.278	0.20729	-0.0420088	-0.0149637	-0.0270451	0.165281	0	0.00917894	0	-23.5518	0	-0.0518702	-0.000917894	-0.0509523	-0.0518702
1200	1209.39	0	3061.63	0.20729	-0.0372521	-0.00938574	-0.0278663	0.170038	0	-0.0200873	0	-11.3413	0	-0.0489987	0.00200873	-0.0510074	-0.0489987
1200	1214.19	0	1443.15	0.20729	-0.0436156	-0.0141855	-0.0294301	0.163674	0	-0.0413718	0	11.1642	0	-0.0466539	0.00413718	-0.0507911	-0.0466539
1200	1186.02	0	959.524	0.20729	-0.0177113	0.0139818	-0.0316931	0.189578	0	-0.116932	0	-67.3657	0	-0.0389471	0.0116932	-0.0506402	-0.0389471
1200	1204.18	0	-1760.29	0.20729	-0.0345072	-0.00417883	-0.0303284	0.172782	0	-0.0562709	0	67.1885	0	-0.0442748	0.00562709	-0.0499019	-0.0442748
1200	1192.97	0	-972.597	0.20729	-0.021734	0.00702539	-0.0287594	0.185556	0	0.0325919	0	-6.31351	0	-0.0529927	-0.00325919	-0.0497335	-0.0529927
1200	1184.68	0	-1156.95	0.20729	-0.00978006	0.0153178	-0.0250978	0.19751	0	0.0911243	0	-1.76453	0	-0.0590511	-0.00911243	-0.0499387	-0.0590511
1200	1195.71	0	-881.617	0.20729	-0.0193585	0.00428943	-0.023648	0.187931	0	0.266721	0	95.2006	0	-0.0774241	-0.0266721	-0.050752	-0.0774241
1200	1201.96	0	1570.05	0.20729	-0.0255389	-0.00195654	-0.0235824	0.181751	0	0.262997	0	36.3033	0	-0.0786999	-0.0262997	-0.0524002	-0.0786999
1200	1203.6	0	1347.39	0.20729	-0.0285424	-0.00359692	-0.0249455	0.178747	0	0.371548	0	50.4291	0	-0.0911202	-0.0371548	-0.0539654	-0.0911202
1200	1199.64	0	1857.35	0.20729	-0.0225636	0.000363159	-0.0229267	0.184726	0	0.0538764	0	-177.738	0	-0.0610907	-0.00538764	-0.055703	-0.0610907
1200	1187.19	0	-132.232	0.20729	-0.0100758	0.0128114	-0.0228872	0.197214	0	0.0102432	0	-14.2144	0	-0.0569341	-0.00102432	-0.0559098	-0.0569341
1200	1202.15	0	107.188	0.20729	-0.0253048	-0.00215271	-0.023152	0.181985	0	-0.0722343	0	-52.0428	0	-0.0487574	0.00722343	-0.0559808	-0.0487574
1200	1196.64	0	952.342	0.20729	-0.0199665	0.00335974	-0.0233262	0.187323	0	-0.23985	0	-43.1842	0	-0.0311075	0.023985	-0.0550924	-0.0311075
1200	1189.59	0	-2260.68	0.20729	-0.0114171	0.0104143	-0.0218314	0.195873	0	-0.131299	0	31.036	0	-0.0404468	0.0131299	-0.0535767	-0.0404468
1200	1195	0	-98.7129	0.20729	-0.0154487	0.00499548	-0.0204441	0.191841	0	0.0320598	0	135.184	0	-0.0562615	-0.00320598	-0.0530555	-0.0562615
1200	1206.28	0	-529.669	0.20729	-0.0277842	-0.00628027	-0.0215039	0.179506	0	0.0719682	0	-84.6039	0	-0.0603792	-0.00719682	-0.0531824	-0.0603792
1200	1208.03	0	365.762	0.20729	-0.0313815	-0.00803247	-0.023349	0.175908	0	0.0591975	0	47.0772	0	-0.0595867	-0.00591975	-0.0536669	-0.0595867
1200	1194.1	0	1424	0.20729	-0.0190822	0.00589685	-0.024979	0.188208	0	-0.0530782	0	16.9102	0	-0.0486313	0.00530782	-0.0539391	-0.0486313
1200	1197.01	0	404.069	0.20729	-0.0214669	0.00298694	-0.0244538	0.185823	0	-0.000399085	0	-60.6619	0	-0.0533748	3.99085e-05	-0.0534147	-0.0533748
1200	1194.26	0	-2655.72	0.20729	-0.0176871	0.00574219	-0.0234293	0.189603	0	0.176794	0	57.6117	0	-0.0711843	-0.0176794	-0.0535049	-0.0711843
1200	1188.79	0	-1312.57	0.20729	-0.0115097	0.0112122	-0.0227219	0.19578	0	0.380061	0	143.085	0	-0.0929485	-0.0380061	-0.0549424	-0.0929485
1200	1196.92	0	-278.278	0.20729	-0.0177613	0.00307703	-0.0208384	0.189528	0	0.326318	0	-74.3088	0	-0.0899471	-0.0326318	-0.0573153	-0.0899471
1200	1183.91	0	1467.09	0.20729	-0.0028982	0.0160862	-0.0189844	0.204391	0	0.164556	0	-10.3837	0	-0.0755405	-0.0164556	-0.0590849	-0.0755405
1200	1182.26	0	226.898	0.20729	0.000498334	0.0177404	-0.017242	0.207788	0	-0.0541425	0	-14.2144	0	-0.0541791	0.00541425	-0.0595933	-0.0541791
1200	1213.39	0	1196.55	0.20729	-0.0285347	-0.0133915	-0.0151432	0.178755	0	-0.15418	0	-119.799	0	-0.0434642	0.015418	-0.0588821	-0.0434642
1200	1195.35	0	164.649	0.20729	-0.0113433	0.00464795	-0.0159912	0.195946	0	0.0666471	0	92.0882	0	-0.0650081	-0.00666471	-0.0583434	-0.0650081
1200	1193.78	0	2616.31	0.20729	-0.00769042	0.00622424	-0.0139147	0.199599	0	-0.102565	0	-91.7865	0	-0.0486368	0.0102565	-0.0588933	-0.0486368
1200	1210.95	0	2747.99	0.20729	-0.0258246	-0.0109476	-0.014877	0.181465	0	-0.131831	0	71.2586	0	-0.0447213	0.0131831	-0.0579044	-0.0447213
1200	1201.83	0	2700.11	0.20729	-0.0202559	-0.00182642	-0.0184295	0.187034	0	-0.0498856	0	-85.801	0	-0.0524633	0.00498856	-0.0574518	-0.0524633
1200	1239.09	0	-828.944	0.20729	-0.0577413	-0.0390853	-0.018656	0.149548	0	-0.180785	0	27.2053	0	-0.0385743	0.0180785	-0.0566529	-0.0385743
1200	1202.5	0	-3000.49	0.20729	-0.0254512	-0.00250439	-0.0229468	0.181838	0	-0.150455	0	-59.2254	0	-0.0406967	0.0150455	-0.0557421	-0.0406967
1200	1193.02	0	-163.356	0.20729	-0.0169772	0.00698376	-0.023961	0.190312	0	-0.0818123	0	59.2876	0	-0.0466662	0.00818123	-0.0548474	-0.0466662
1200	1199.3	0	-1350.88	0.20729	-0.0240051	0.000696533	-0.0247016	0.183285	0	0.028335	0	6.61518	0	-0.0574263	-0.0028335	-0.0545928	-0.0574263
1200	1202.94	0	-1908.73	0.20729	-0.0287055	-0.00293799	-0.0257675	0.178584	0	0.167216	0	56.654	0	-0.0718627	-0.0167216	-0.0551411	-0.0718627
1200	1223.43	0	-800.214	0.20729	-0.0476026	-0.0234349	-0.0241676	0.159687	0	0.00705049	0	-43.1842	0	-0.0567505	-0.000705049	-0.0560454	-0.0567505
1200	1185.94	0	88.0348	0.20729	-0.0128714	0.0140618	-0.0269332	0.194418	0	-0.131299	0	-30.9738	0	-0.0427679	0.0131299	-0.0558978	-0.0427679
1200	1192.12	0	1589.2	0.20729	-0.018171	0.00787634	-0.0260473	0.189119	0	-0.179721	0	-110.701	0	-0.03709	0.0179721	-0.0550621	-0.03709
1200	1213.07	0	-1109.07	0.20729	-0.0389117	-0.0130735	-0.0258382	0.168378	0	0.080482	0	82.9902	0	-0.0622618	-0.0080482	-0.0542136	-0.0622618
1200	1193.52	0	540.539	0.20729	-0.0196803	0.00647607	-0.0261564	0.187609	0	0.0836747	0	61.203	0	-0.0629283	-0.00836747	-0.0545608	-0.0629283
1200	1204.01	0	329.849	0.20729	-0.0284349	-0.00400708	-0.0244278	0.178855	0	0.160831	0	44.4436	0	-0.0713264	-0.0160831	-0.0552433	-0.0713264
1200	1205.54	0	1464.7	0.20729	-0.0309823	-0.00554456	-0.0254377	0.176307	0	0.00545415	0	-91.0683	0	-0.0563929	-0.000545415	-0.0558475	-0.0563929
1200	1203.71	0	2649.83	0.20729	-0.031817	-0.00371191	-0.0281051	0.175473	0	0.31674	0	141.409	0	-0.0881417	-0.031674	-0.0564677	-0.0881417
1200	1228.61	0	1409.63	0.20729	-0.0567829	-0.0286066	-0.0281763	0.150507	0	0.208721	0	-132.488	0	-0.079095	-0.0208721	-0.0582229	-0.079095
1200	1206.47	0	-1267.08	0.20729	-0.0377175	-0.00646716	-0.0312504	0.169572	0	0.0560048	0	200.306	0	-0.0649687	-0.00560048	-0.0593682	-0.0649687
1200	1209.96	0	1347.39	0.20729	-0.0419794	-0.00995923	-0.0320202	0.16531	0	-0.343612	0	-353.712	0	-0.0246375	0.0343612	-0.0589987	-0.0246375
1200	1198	0	-4089.85	0.20729	-0.0324438	0.0019978	-0.0344416	0.174846	0	-0.0280689	0	149.31	0	-0.0542227	0.00280689	-0.0570296	-0.0542227
1200	1195.22	0	-3184.84	0.20729	-0.0300832	0.00477625	-0.0348595	0.177206	0	0.000133025	0	-41.2689	0	-0.0571794	-1.33025e-05	-0.0571661	-0.0571794
1200	1190.32	0	-984.568	0.20729	-0.0225163	0.0096792	-0.0321955	0.184773	0	0.247033	0	45.1618	0	-0.0820793	-0.0247033	-0.057376	-0.0820793
1200	1186.52	0	-239.971	0.20729	-0.0167742	0.0134766	-0.0302508	0.190515	0	0.104427	0	108.608	0	-0.0693408	-0.0104427	-0.0588981	-0.0693408
1200	1190.36	0	-378.835	0.20729	-0.0183765	0.00964038	-0.0280168	0.188913	0	0.0703719	0	-67.1262	0	-0.0662187	-0.00703719	-0.0591815	-0.0662187
1200	1218.82	0	890.092	0.20729	-0.0465612	-0.018823	-0.0277382	0.160728	0	0.0267387	0	-96.3355	0	-0.062276	-0.00267387	-0.0596021	-0.062276
1200	1214.73	0	2946.71	0.20729	-0.0450614	-0.0147275	-0.0303339	0.162228	0	-0.023812	0	242.923	0	-0.0574548	0.0023812	-0.059836	-0.0574548
1200	1214.82	0	911.64	0.20729	-0.0461993	-0.0148191	-0.0313803	0.16109	0	-0.00625233	0	-89.3923	0	-0.0589801	0.000625233	-0.0596053	-0.0589801
1200	1183.02	0	-1441.86	0.20729	-0.0160511	0.0169833	-0.0330344	0.191239	0	0.106556	0	151.225	0	-0.0706033	-0.0106556	-0.0599477	-0.0706033
1200	1196.06	0	-1027.66	0.20729	-0.0258946	0.0039375	-0.0298321	0.181395	0	-0.0312616	0	-245.973	0	-0.0569421	0.00312616	-0.0600682	-0.0569421
1200	1204.38	0	667.432	0.20729	-0.0321631	-0.00437842	-0.0277847	0.175127	0	0.0602618	0	45.6407	0	-0.0662006	-0.00602618	-0.0601744	-0.0662006
1200	1209.09	0	-364.469	0.20729	-0.0390588	-0.00908618	-0.0299726	0.168231	0	-0.0977757	0	57.8511	0	-0.0503705	0.00977757	-0.0601481	-0.0503705
1200	1192.17	0	428.011	0.20729	-0.0237839	0.00782996	-0.0316139	0.183506	0	0.118794	0	-38.1564	0	-0.0718942	-0.0118794	-0.0600148	-0.0718942
1200	1190.48	0	1730.46	0.20729	-0.0207824	0.00951794	-0.0303003	0.186507	0	0.0639865	0	-37.1987	0	-0.0671613	-0.00639865	-0.0607626	-0.0671613
1200	1199	0	-556.005	0.20729	-0.0281154	0.00100391	-0.0291193	0.179174	0	-0.102033	0	-85.801	0	-0.0505139	0.0102033	-0.0607172	-0.0505139
1200	1194.99	0	-366.864	0.20729	-0.023245	0.00500684	-0.0282518	0.184045	0	-0.120657	0	71.9769	0	-0.0477839	0.0120657	-0.0598495	-0.0477839
1200	1194.33	0	-1382.01	0.20729	-0.0230734	0.00567432	-0.0287477	0.184216	0	-0.0552067	0	-68.3233	0	-0.0537183	0.00552067	-0.0592389	-0.0537183
1200	1208.41	0	-2502.49	0.20729	-0.0373263	-0.00840967	-0.0289167	0.169963	0	-0.0349864	0	78.2018	0	-0.0554953	0.00349864	-0.0589939	-0.0554953
1200	1182.33	0	303.513	0.20729	-0.0095922	0.0176676	-0.0272598	0.197697	0	0.0538764	0	-42.9448	0	-0.0642882	-0.00538764	-0.0589005	-0.0642882
1200	1189.92	0	451.953	0.20729	-0.0151761	0.0100817	-0.0252578	0.192114	0	-0.142473	0	23.1352	0	-0.0444465	0.0142473	-0.0586938	-0.0444465
1200	1186.23	0	-436.295	0.20729	-0.00839517	0.0137711	-0.0221663	0.198895	0	-0.0552067	0	48.2743	0	-0.0527206	0.00552067	-0.0582412	-0.0527206
1200	1219.23	0	1148.67	0.20729	-0.0422715	-0.0192327	-0.0230389	0.165018	0	-0.0349864	0	-37.917	0	-0.0543507	0.00349864	-0.0578493	-0.0543507
1200	1214.98	0	2716.87	0.20729	-0.0402541	-0.0149819	-0.0252721	0.167036	0	0.0363167	0	52.3444	0	-0.0614116	-0.00363167	-0.0577799	-0.0614116
1200	1206.94	0	820.661	0.20729	-0.0350123	-0.00693628	-0.028076	0.172277	0	-0.0152982	0	-84.1251	0	-0.0566484	0.00152982	-0.0581782	-0.0566484
1200	1195.59	0	-575.159	0.20729	-0.0256703	0.00441382	-0.0300841	0.181619	0	0.142739	0	125.368	0	-0.0724657	-0.0142739	-0.0581917	-0.0724657
1200	1181.87	0	-1482.56	0.20729	-0.0101853	0.0181254	-0.0283107	0.197104	0	-0.0291332	0	-147.811	0	-0.0559928	0.00291332	-0.0589061	-0.0559928
1200	1211.49	0	-304.614	0.20729	-0.037853	-0.0114891	-0.0263638	0.169437	0	-0.0780875	0	2.0662	0	-0.0506799	0.00780875	-0.0584887	-0.0506799
1200	1201.37	0	-1903.94	0.20729	-0.0293893	-0.00137146	-0.0280178	0.1779	0	0.0171606	0	119.861	0	-0.0596739	-0.00171606	-0.0579579	-0.0596739
1200	1197.04	0	384.916	0.20729	-0.0248049	0.00296021	-0.0277652	0.182485	0	-0.023812	0	-80.7732	0	-0.055718	0.0023812	-0.0580992	-0.055718
1200	1201.47	0	530.962	0.20729	-0.0296681	-0.00146509	-0.028203	0.177622	0	0.177859	0	143.085	0	-0.0760375	-0.0177859	-0.0582516	-0.0760375
1200	1186.27	0	770.382	0.20729	-0.0134207	0.0137284	-0.0271491	0.193869	0	0.106556	0	-111.658	0	-0.0699264	-0.0106556	-0.0592709	-0.0699264
1200	1209.76	0	686.585	0.20729	-0.0348412	-0.0097594	-0.0250818	0.172449	0	0.116666	0	10.2065	0	-0.07139	-0.0116666	-0.0597234	-0.07139
1200	1208.5	0	593.211	0.20729	-0.0357235	-0.00849878	-0.0272247	0.171566	0	0.0932527	0	6.61518	0	-0.0699275	-0.00932527	-0.0606022	-0.0699275
1200	1206.45	0	-1089.91	0.20729	-0.0345888	-0.00644946	-0.0281393	0.172701	0	0.00119725	0	-46.7755	0	-0.0612272	-0.000119725	-0.0611075	-0.0612272
1200	1189.75	0	150.284	0.20729	-0.0197023	0.0102488	-0.029951	0.187587	0	-0.111611	0	1.10852	0	-0.0497397	0.0111611	-0.0609007	-0.0497397
1200	1186.13	0	-1068.36	0.20729	-0.0135811	0.0138738	-0.0274549	0.193709	0	-0.0286011	0	-35.5228	0	-0.0575019	0.00286011	-0.060362	-0.0575019
1200	1195.39	0	-266.307	0.20729	-0.0194088	0.00460596	-0.0240147	0.187881	0	-0.162693	0	-42.466	0	-0.0437167	0.0162693	-0.059986	-0.0437167
1200	1219.91	0	-867.252	0.20729	-0.0441089	-0.0199076	-0.0242013	0.163181	0	-0.0200873	0	49.7108	0	-0.0572151	0.00200873	-0.0592238	-0.0572151
1200	1191.53	0	-46.0405	0.20729	-0.0175096	0.00846936	-0.025979	0.18978	0	-0.0243441	0	20.741	0	-0.0568365	0.00243442	-0.0592709	-0.0568365
1200	1217.19	0	674.614	0.20729	-0.0431043	-0.0171887	-0.0259156	0.164185	0	0.00864683	0	11.4036	0	-0.0600438	-0.000864683	-0.0591791	-0.0600438
1200	1202.05	0	823.055	0.20729	-0.0287287	-0.00205054	-0.0266782	0.178561	0	0.0677113	0	38.2186	0	-0.0661394	-0.00677113	-0.0593682	-0.0661394
1200	1196.81	0	-711.629	0.20729	-0.0231663	0.00318726	-0.0263536	0.184123	0	-0.014234	0	-15.6509	0	-0.0581691	0.0014234	-0.0595925	-0.0581691
1200	1207.01	0	-101.107	0.20729	-0.0326605	-0.00700806	-0.0256525	0.174629	0	0.0219496	0	-59.4648	0	-0.061726	-0.00219496	-0.0595311	-0.061726
1200	1194.91	0	-113.078	0.20729	-0.0221859	0.0050896	-0.0272755	0.185104	0	0.0980417	0	84.9056	0	-0.0697607	-0.00980417	-0.0599565	-0.0697607
1200	1214.33	0	-79.5593	0.20729	-0.041538	-0.0143312	-0.0272068	0.165752	0	-0.00678444	0	-76.9425	0	-0.0596987	0.000678444	-0.0603771	-0.0596987
1200	1191.59	0	2034.52	0.20729	-0.0214389	0.00840991	-0.0298488	0.185851	0	-0.145666	0	-10.6231	0	-0.0456645	0.0145666	-0.0602311	-0.0456645
1200	1184.98	0	1814.25	0.20729	-0.0125219	0.0150205	-0.0275424	0.194768	0	-0.186639	0	-68.5628	0	-0.0405751	0.0186639	-0.0592389	-0.0405751
1200	1204.8	0	363.368	0.20729	-0.029307	-0.00479517	-0.0245118	0.177983	0	0.0714361	0	58.3299	0	-0.0653601	-0.00714361	-0.0582165	-0.0653601
1200	1203.57	0	-1077.94	0.20729	-0.0294081	-0.00357349	-0.0258346	0.177882	0	0.0693077	0	45.4013	0	-0.0658872	-0.00693077	-0.0589564	-0.0658872
1200	1210.41	0	-520.092	0.20729	-0.0372918	-0.0104091	-0.0268827	0.169998	0	-0.0541425	0	-64.9715	0	-0.0536419	0.00541425	-0.0590562	-0.0536419
1200	1202.65	0	-929.501	0.20729	-0.0313333	-0.00265222	-0.0286811	0.175956	0	0.0453626	0	186.659	0	-0.0634783	-0.00453626	-0.058942	-0.0634783
1200	1173.24	0	-1745.92	0.20729	0.000180569	0.0267595	-0.026579	0.20747	0	-0.0286011	0	-38.6352	0	-0.0560667	0.00286011	-0.0589268	-0.0560667
1200	1212.9	0	-927.107	0.20729	-0.0349195	-0.0128954	-0.0220241	0.17237	0	-0.00412387	0	18.3468	0	-0.0584083	0.000412387	-0.0588207	-0.0584083
1200	1195.62	0	-421.93	0.20729	-0.0191389	0.00437927	-0.0235182	0.188151	0	-0.170675	0	54.9781	0	-0.0417157	0.0170675	-0.0587832	-0.0417157
1200	1213.52	0	727.287	0.20729	-0.0377687	-0.0135186	-0.0242501	0.169521	0	0.870137	0	-139.91	0	-0.148272	-0.0870137	-0.0612583	-0.148272
1200	1214.46	0	1148.67	0.20729	-0.0411171	-0.0144647	-0.0266524	0.166173	0	-1.13965	0	49.7108	0	0.055819	0.113965	-0.0581462	0.055819
1200	1189.05	0	1637.08	0.20729	-0.0189398	0.0109535	-0.0298932	0.18835	0	0.285345	0	-149.487	0	-0.0831201	-0.0285345	-0.0545856	-0.0831201
1200	1199.17	0	772.777	0.20729	-0.027999	0.000832031	-0.028831	0.179291	0	-0.0195551	0	149.549	0	-0.0537132	0.00195551	-0.0556687	-0.0537132
1200	1198.5	0	-376.44	0.20729	-0.0278974	0.00149683	-0.0293942	0.179392	0	0.193822	0	74.3711	0	-0.0752592	-0.0193822	-0.055877	-0.0752592
1200	1193.32	0	-1255.11	0.20729	-0.0220768	0.00667542	-0.0287522	0.185213	0	0.237987	0	-2.00395	0	-0.0811181	-0.0237987	-0.0573193	-0.0811181
1200	1209.96	0	-951.049	0.20729	-0.0373799	-0.00996448	-0.0274155	0.16991	0	0.339089	0	21.2198	0	-0.0928876	-0.0339089	-0.0589787	-0.0928876
1200	1187.61	0	-587.13	0.20729	-0.0163666	0.012386	-0.0287526	0.190923	0	0.164024	0	-101.842	0	-0.0771842	-0.0164024	-0.0607818	-0.0771842
1200	1199.1	0	775.171	0.20729	-0.025975	0.000898682	-0.0268737	0.181315	0	0.109748	0	26.7265	0	-0.0723465	-0.0109748	-0.0613716	-0.0723465
1200	1203.15	0	2096.77	0.20729	-0.0298817	-0.00315308	-0.0267286	0.177408	0	0.133161	0	-70.957	0	-0.0754341	-0.0133161	-0.0621179	-0.0754341
1200	1206.66	0	1933.96	0.20729	-0.0347026	-0.00665662	-0.0280459	0.172587	0	0.184244	0	-35.5228	0	-0.0811896	-0.0184244	-0.0627652	-0.0811896
1200	1213.06	0	-476.997	0.20729	-0.0428183	-0.0130552	-0.0297631	0.164471	0	-0.0690416	0	-28.1007	0	-0.0567862	0.00690416	-0.0636903	-0.0567862
1200	1192.46	0	-2344.47	0.20729	-0.0248819	0.00754126	-0.0324232	0.182408	0	0.0847389	0	194.081	0	-0.0716558	-0.00847389	-0.0631819	-0.0716558
1200	1176.48	0	-3381.16	0.20729	-0.00782088	0.0235216	-0.0313425	0.199469	0	0.19329	0	48.7531	0	-0.0832891	-0.019329	-0.0639601	-0.0832891
1200	1176.14	0	-1891.97	0.20729	-0.00312496	0.0238623	-0.0269873	0.204165	0	-0.0466929	0	-236.157	0	-0.0600467	0.00466929	-0.064716	-0.0600467
1200	1189.27	0	-38.8579	0.20729	-0.0131939	0.0107271	-0.0239209	0.194096	0	-0.215905	0	-10.1442	0	-0.0424638	0.0215905	-0.0640543	-0.0424638
1200	1209.49	0	-1250.32	0.20729	-0.0322349	-0.00948914	-0.0227457	0.175055	0	-0.0924546	0	100.947	0	-0.0536092	0.00924546	-0.0628546	-0.0536092
1200	1191.98	0	1625.11	0.20729	-0.0160734	0.00801611	-0.0240895	0.191216	0	0.0155643	0	-7.03177	0	-0.0641581	-0.00155643	-0.0626016	-0.0641581
1200	1205.08	0	2788.69	0.20729	-0.0283407	-0.00508447	-0.0232562	0.178949	0	0.0411057	0	12.6007	0	-0.066796	-0.00411057	-0.0626854	-0.066796
1200	1198.71	0	4012.13	0.20729	-0.0222881	0.00129138	-0.0235795	0.185002	0	0.0645187	0	29.5995	0	-0.0696106	-0.00645187	-0.0631588	-0.0696106
1199.88	1211.44	-238.996	-1669.31	0.202315	-0.0371948	-0.0115627	-0.025632	0.16512	0	-0.014234	0	-49.6486	0	-0.0621496	0.0014234	-0.063573	-0.0621496
1198.92	1227.75	-718.989	-1197.65	0.1922	-0.0562764	-0.0288273	-0.0274491	0.135923	0	0.00705049	0	-30.7344	0	-0.0642421	-0.000705049	-0.0635371	-0.0642421
1197.01	1199	-1198.98	1711.3	0.181919	-0.0337321	-0.00199927	-0.0317328	0.148187	0	0.0075826	0	55.6963	0	-0.0644366	-0.00075826	-0.0636784	-0.0644366
1194.13	1173.17	-1678.98	-2270.25	0.171472	-0.010325	0.0209551	-0.0312801	0.161147	0	-0.3633	0	-158.106	0	-0.0265877	0.03633	-0.0629177	-0.0265877
1190.29	1181.14	-2158.97	-1492.14	0.160859	-0.0178681	0.00914746	-0.0270155	0.142991	0	-0.118528	0	113.157	0	-0.0490974	0.0118528	-0.0609502	-0.0490974
1185.49	1183.39	-2638.96	-1372.43	0.15008	-0.0237981	0.002104	-0.0259021	0.126282	0	0.101234	0	48.9925	0	-0.0710234	-0.0101234	-0.0608999	-0.0710234
1179.73	1183.57	-3118.96	-685.292	0.139136	-0.0284689	-0.00383362	-0.0246353	0.110667	0	-0.110546	0	-94.899	0	-0.050392	0.0110546	-0.0614467	-0.050392
1173.02	1177.6	-3598.95	-335.739	0.128026	-0.0299096	-0.00458264	-0.025327	0.0981162	0	-0.0743627	0	47.3166	0	-0.0535339	0.00743627	-0.0609702	-0.0535339
1165.34	1184.8	-4078.95	1605.96	0.11675	-0.047459	-0.019467	-0.027992	0.0692908	0	0.0666471	0	76.7653	0	-0.067334	-0.00666471	-0.0606693	-0.067334
1156.7	1191.63	-4558.94	-2406.72	0.105308	-0.0665642	-0.0349286	-0.0316356	0.0387437	0	-0.00731655	0	-89.8712	0	-0.0603535	0.000731655	-0.0610851	-0.0603535
1147.1	1162.57	-5038.93	-3299.76	0.0937002	-0.0534223	-0.0154692	-0.037953	0.0402779	0	-0.136088	0	-5.35583	0	-0.0471866	0.0136088	-0.0607954	-0.0471866
1136.54	1155.18	-5518.93	-661.35	0.0819267	-0.0592199	-0.0186318	-0.0405881	0.0227067	0	-0.032858	0	60.2453	0	-0.056982	0.0032858	-0.0602678	-0.056982
1125.03	1143.35	-5998.92	-3520.03	0.0699873	-0.0635669	-0.0183218	-0.0452452	0.00642035	0	-0.0301974	0	-137.037	0	-0.0572983	0.00301974	-0.0603181	-0.0572983
1112.55	1127.76	-6478.92	-4946.97	0.0578821	-0.0643738	-0.0152129	-0.0491609	-0.00649168	0	-0.263263	0	4.22097	0	-0.0330603	0.0263263	-0.0593866	-0.0330603
1099.11	1117.84	-6958.91	-1243.14	0.0456111	-0.0702923	-0.0187296	-0.0515627	-0.0246812	0	-0.218033	0	-21.8758	0	-0.0360771	0.0218033	-0.0578805	-0.0360771
1084.71	1086.29	-7438.9	-3041.19	0.0331742	-0.0568751	-0.00157593	-0.0552992	-0.0237009	0	-0.368089	0	-46.0573	0	-0.0193324	0.0368089	-0.0561412	-0.0193324
1069.36	1081.73	-7918.9	-4925.42	0.0205716	-0.0678301	-0.0123706	-0.0554595	-0.0472585	0	-0.18451	0	116.509	0	-0.0355248	0.018451	-0.0539758	-0.0355248
1053.04	1059.87	-8398.89	-1288.63	0.00780307	-0.0640098	-0.0068291	-0.0571807	-0.0562067	0	-0.128106	0	31.036	0	-0.0400741	0.0128106	-0.0528847	-0.0400741
1035.76	1024.87	-8878.88	-4104.21	-0.00513127	-0.0490139	0.0108866	-0.0599005	-0.0541452	0	-0.0152982	0	-103.518	0	-0.0508848	0.00152982	-0.0524146	-0.0508848
1017.79	1015.4	-9000	-5361.17	-0.0107459	-0.0549253	0.00238922	-0.0573146	-0.0656712	0	-0.205795	0	105.975	0	-0.0313682	0.0205795	-0.0519477	-0.0313682
999.792	978.233	-9000	-4379.55	-0.0138552	-0.0329901	0.0215589	-0.054549	-0.0468453	0	0.141675	0	118.903	0	-0.0655956	-0.0141675	-0.0514281	-0.0655956
981.793	978.711	-9000	-6120.13	-0.0169645	-0.0493089	0.0030816	-0.0523905	-0.0662734	0	0.0879316	0	-134.164	0	-0.0614113	-0.00879316	-0.0526181	-0.0614113
963.793	938.152	-9000	-4848.81	-0.0200738	-0.0248896	0.0256411	-0.0505307	-0.0449634	0	-0.0562709	0	-1.28569	0	-0.0473877	0.00562709	-0.0530148	-0.0473877
945.793	927.618	-9000	-3350.04	-0.0231831	-0.0279492	0.0181752	-0.0461244	-0.0511323	0	-0.0759591	0	-25.2277	0	-0.045035	0.00759591	-0.0526309	-0.045035
927.793	899.664	-9000	-1666.92	-0.0262924	-0.0136342	0.0281296	-0.0417638	-0.0399266	0	-0.12651	0	119.622	0	-0.0392863	0.012651	-0.0519373	-0.0392863
909.793	869.276	-9000	-3543.97	-0.0294017	0.00447452	0.0405172	-0.0360426	-0.0249272	0	0.315676	0	112.918	0	-0.0834833	-0.0315676	-0.0519158	-0.0834833
891.794	828.765	-9000	-3364.4	-0.032511	0.0354074	0.0630292	-0.0276218	0.0028964	0	0.457218	0	-22.8335	0	-0.100052	-0.0457218	-0.0543302	-0.100052
873.794	838.462	-9000	-3776.21	-0.0356203	0.0193387	0.0353322	-0.0159934	-0.0162816	0	0.0293992	0	-156.43	0	-0.0595713	-0.00293992	-0.0566313	-0.0595713
855.794	845.469	-9000	-2626.99	-0.0387296	-0.000593523	0.0103254	-0.0109189	-0.0393231	0	0.0251423	0	75.3288	0	-0.0592597	-0.00251423	-0.0567455	-0.0592597
837.794	841.495	-9000	-3953.38	-0.0418389	-0.0123504	-0.00370111	-0.00864924	-0.0541893	0	0.240648	0	95.4401	0	-0.081191	-0.0240648	-0.0571262	-0.081191
819.795	836.633	-9000	-6615.73	-0.0449482	-0.0276114	-0.0168386	-0.0107728	-0.0725596	0	-0.104693	0	-80.7732	0	-0.0474367	0.0104693	-0.057906	-0.0474367
801.795	819.759	-9000	-9096.12	-0.0480575	-0.0320598	-0.0179641	-0.0140957	-0.0801173	0	-0.274437	0	-79.8155	0	-0.0296139	0.0274437	-0.0570576	-0.0296139
783.795	784.961	-9000	-3713.96	-0.0511668	-0.0193475	-0.00116595	-0.0181816	-0.0705144	0	-0.135024	0	-14.2144	0	-0.0418942	0.0135024	-0.0553966	-0.0418942
765.795	771.14	-9000	-5772.97	-0.0542761	-0.0239476	-0.00534442	-0.0186032	-0.0782238	0	-0.16429	0	111.721	0	-0.0382884	0.016429	-0.0547173	-0.0382884
747.796	799.278	-9000	-6021.97	-0.0573855	-0.0730885	-0.0514821	-0.0216064	-0.130474	0	-0.516016	0	-152.12	0	-0.00223374	0.0516016	-0.0538354	-0.00223374
729.796	806.856	-9000	-13719.3	-0.0604948	-0.110977	-0.0770603	-0.0339164	-0.171471	0	-1.92292	0	-484.196	0	0.143831	0.192292	-0.0484613	0.143831
711.796	799.646	-9000	-9742.56	-0.0636041	-0.138034	-0.0878503	-0.0501835	-0.201638	0	-1.46264	0	145.718	0	0.109416	0.146264	-0.0368487	0.109416
693.796	760.297	-9000	-2595.87	-0.0667134	-0.134036	-0.0665012	-0.067535	-0.20075	0	-1.20883	0	-26.4248	0	0.0921314	0.120883	-0.0287513	0.0921314
675.797	676.46	-9000	-4022.81	-0.0698227	-0.0773244	-0.000663086	-0.0766613	-0.147147	0	-1.24182	0	-41.2688	0	0.102669	0.124182	-0.0215127	0.102669
657.797	619.638	-9000	-2672.48	-0.072932	-0.0358879	0.0381584	-0.0740463	-0.10882	0	-1.5382	0	-120.756	0	0.140362	0.15382	-0.0134584	0.140362
639.797	592.268	-9000	-11957.2	-0.0760413	-0.0178482	0.0475288	-0.0653771	-0.0938895	0	0.0182249	0	835.488	0	-0.00743886	-0.00182249	-0.00561638	-0.00743886
621.797	617.701	-9000	-12424.1	-0.0791506	-0.0538426	0.00409583	-0.0579384	-0.132993	0	1.58157	0	581.942	0	-0.166654	-0.158157	-0.00849697	-0.166654
603.797	637.901	-9000	-11408.9	-0.0822599	-0.093673	-0.0341035	-0.0595695	-0.175933	0	1.54432	0	73.4134	0	-0.173211	-0.154432	-0.0187782	-0.173211
585.798	605.647	-9000	-6448.14	-0.0853692	-0.0861674	-0.0198496	-0.0663178	-0.171537	0	1.60445	0	-233.044	0	-0.188449	-0.160445	-0.0280042	-0.188449
567.798	582.639	-9000	-4899.09	-0.0884785	-0.0846642	-0.0148409	-0.0698232	-0.173143	0	1.60658	0	108.129	0	-0.198256	-0.160658	-0.0375974	-0.198256
549.798	526.698	-9000	-9910.15	-0.0915878	-0.0470631	0.0231003	-0.0701634	-0.138651	0	1.20856	0	-59.7042	0	-0.167462	-0.120856	-0.0466063	-0.167462
531.798	478.055	-9000	-3474.54	-0.0946971	-0.0113196	0.0537431	-0.0650626	-0.106017	0	1.24528	0	-133.446	0	-0.178314	-0.124528	-0.0537859	-0.178314
513.799	426.515	-9000	-3132.17	-0.0978064	0.0353382	0.0872831	-0.0519449	-0.0624682	0	1.3666	0	60.2453	0	-0.19802	-0.13666	-0.0613597	-0.19802
495.799	379.759	-9000	-1702.83	-0.100916	0.0838006	0.116039	-0.0322389	-0.0171152	0	1.39374	0	17.3891	0	-0.209134	-0.139374	-0.0697604	-0.209134
477.799	356.874	-9000	-3728.32	-0.104025	0.112625	0.120925	-0.00830021	0.00859971	0	1.47515	0	44.2042	0	-0.225716	-0.147515	-0.0782011	-0.225716
459.799	366.48	-9000	-3400.32	-0.107134	0.107715	0.0933195	0.0143955	0.000580624	0	1.22559	0	-108.307	0	-0.209293	-0.122559	-0.0867343	-0.209293
441.799	369.412	-9000	-2148.15	-0.110244	0.103973	0.0723871	0.0315863	-0.00627029	0	1.08245	0	-90.8288	0	-0.202087	-0.108245	-0.093842	-0.202087
423.8	383.412	-9000	-4518.41	-0.113353	0.0853678	0.0403873	0.0449805	-0.0279851	0	0.558319	0	-244.537	0	-0.155696	-0.0558319	-0.0998642	-0.155696
405.8	377.205	-9000	-4262.23	-0.116462	0.0813401	0.0285952	0.0527449	-0.0351222	0	0.0480232	0	-117.883	0	-0.107083	-0.00480232	-0.10228	-0.107083
387.8	410.8	-9000	-4125.76	-0.119572	0.0331436	-0.023	0.0561436	-0.086428	0	-0.181849	0	-150.205	0	-0.0839476	0.0181849	-0.102133	-0.0839476
369.8	401.044	-9000	-3194.42	-0.122681	0.0197551	-0.0312433	0.0509983	-0.102926	0	-0.597962	0	-181.09	0	-0.0406467	0.0597962	-0.100443	-0.0406467
351.801	387.31	-9000	-3115.41	-0.12579	0.00821494	-0.0355091	0.043724	-0.117575	0	-0.917761	0	-167.443	0	-0.00441485	0.0917761	-0.096191	-0.00441485
333.801	354.748	-9000	-4539.96	-0.128899	0.0164534	-0.0209475	0.0374009	-0.112446	0	-0.99545	0	1.34792	0	0.00891483	0.099545	-0.0906301	0.00891483
315.801	329.57	-9000	-5310.89	-0.132009	0.0202205	-0.013769	0.0339896	-0.111788	0	-1.00769	0	-31.692	0	0.016038	0.100769	-0.0847309	0.016038
297.801	325.947	-9000	-6570.24	-0.135118	0.00254946	-0.028146	0.0306955	-0.132569	0	-0.741632	0	76.5259	0	-0.00479292	0.0741632	-0.0789561	-0.00479292
279.802	281.753	-9000	-4106.61	-0.138227	0.0242085	-0.00195099	0.0261595	-0.114019	0	-0.419704	0	139.972	0	-0.0330771	0.0419704	-0.0750475	-0.0330771
261.802	254.222	-9000	-1370.03	-0.141337	0.0335738	0.00758005	0.0259937	-0.107763	0	-0.528787	0	-90.1106	0	-0.0195995	0.0528787	-0.0724782	-0.0195995
243.802	227.433	-9000	-1111.46	-0.144446	0.0449758	0.0163695	0.0286063	-0.0994702	0	-0.697467	0	4.69982	0	0.000749312	0.0697467	-0.0689974	0.000749312
225.802	220.127	-9000	-5025.98	-0.147555	0.037714	0.00567487	0.0320391	-0.109841	0	-0.331905	0	194.56	0	-0.0320483	0.0331905	-0.0652388	-0.0320483
207.803	247.428	-9000	-11143.2	-0.150665	-0.00810193	-0.0396254	0.0315235	-0.158767	0	0.273107	0	416.024	0	-0.0915573	-0.0273107	-0.0642467	-0.0915573
189.803	281.296	-9000	-14906.9	-0.153774	-0.0706322	-0.0914932	0.020861	-0.224406	0	0.463603	0	-51.3245	0	-0.11234	-0.0463603	-0.0659795	-0.11234
171.803	276.274	-9000	-6905.43	-0.156883	-0.103703	-0.104471	0.000768007	-0.260587	0	0.40241	0	-100.645	0	-0.109085	-0.040241	-0.0688441	-0.109085
154.134	239.125	-8601.42	-7192.73	-0.151673	-0.103661	-0.0849909	-0.01867	-0.255334	0	0.16562	0	19.065	0	-0.0873736	-0.016562	-0.0708116	-0.0873736
137.412	190.033	-8121.43	-5784.94	-0.144612	-0.0868808	-0.0526211	-0.0342597	-0.231493	0	0.582796	0	98.0737	0	-0.130506	-0.0582796	-0.0722267	-0.130506
121.649	125.877	-7641.43	-3338.07	-0.137385	-0.0468522	-0.0042282	-0.042624	-0.184237	0	0.811605	0	91.8488	0	-0.157414	-0.0811605	-0.0762535	-0.157414
106.846	57.7728	-7161.44	-2670.09	-0.129992	0.00824266	0.0490735	-0.0408309	-0.12175	0	0.52586	0	-184.203	0	-0.133203	-0.052586	-0.0806171	-0.133203
93.0036	15.232	-6681.45	-1027.66	-0.122434	0.0487977	0.0777716	-0.028974	-0.0736363	0	0.569494	0	-49.6486	0	-0.140658	-0.0569494	-0.0837084	-0.140658
80.1209	7.61341	-6201.45	-5930.99	-0.11471	0.0596518	0.0725075	-0.0128557	-0.0550577	0	1.21229	0	279.794	0	-0.209202	-0.121229	-0.087973	-0.209202
68.1981	34.594	-5721.46	-5859.16	-0.106819	0.0337967	0.0336042	0.00019252	-0.0730226	0	1.49324	0	10.2065	0	-0.245525	-0.149324	-0.0962013	-0.245525
57.2353	67.4942	-5241.47	-6165.62	-0.0987633	-0.00606123	-0.0102589	0.00419767	-0.104824	0	1.04839	0	-124.827	0	-0.209236	-0.104839	-0.104396	-0.209236
47.2325	80.7609	-4761.47	-4999.64	-0.0905414	-0.0328082	-0.0335284	0.000720231	-0.12335	0	1.3932	0	88.9757	0	-0.250435	-0.13932	-0.111114	-0.250435
38.1897	94.2241	-4281.48	-3891.13	-0.0821537	-0.0635496	-0.0560344	-0.00751519	-0.145703	0	1.10693	0	-44.3813	0	-0.229796	-0.110693	-0.119103	-0.229796
30.1068	85.4027	-3801.48	-5272.58	-0.0736002	-0.0738559	-0.0552959	-0.01856	-0.147456	0	0.849385	0	-78.1395	0	-0.210144	-0.0849385	-0.125205	-0.210144
22.984	65.9295	-3321.49	-6668.4	-0.0648808	-0.0717026	-0.0429455	-0.0287571	-0.136583	0	0.761586	0	-76.4636	0	-0.206553	-0.0761586	-0.130394	-0.206553
16.821	76.3042	-2841.5	-5662.84	-0.0559956	-0.0978075	-0.0594831	-0.0383244	-0.153803	0	0.366759	0	-187.076	0	-0.171151	-0.0366759	-0.134475	-0.171151
11.6181	73.0755	-2361.5	-3608.61	-0.0469446	-0.111854	-0.0614574	-0.0503964	-0.158798	0	0.166152	0	-86.9981	0	-0.152869	-0.0166152	-0.136254	-0.152869
7.37516	50	-1881.51	-2921.48	-0.0377277	-0.104662	-0.0426248	-0.0620374	-0.14239	0	0.114537	0	-41.7477	0	-0.148349	-0.0114537	-0.136895	-0.148349
4.09218	35.404	-1401.52	-3371.59	-0.0283451	-0.101418	-0.0313119	-0.0701065	-0.129763	0	0.13795	0	-19.2422	0	-0.151416	-0.013795	-0.137621	-0.151416
1.76917	28.8319	-921.521	-4623.75	-0.0187966	-0.103316	-0.0270628	-0.0762531	-0.122112	0	-0.0392433	0	-25.7065	0	-0.134392	0.00392433	-0.138316	-0.134392
0.406138	41.4417	-441.527	-5727.48	-0.00908225	-0.124154	-0.0410356	-0.0831187	-0.133237	0	0.0357846	0	51.1473	0	-0.141633	-0.00357846	-0.138055	-0.141633
0	46.0997	0	-3587.06	0	-0.13794	-0.0460997	-0.0918403	-0.13794	0	0.0916564	0	48.2743	0	-0.147687	-0.00916564	-0.138522	-0.147687
0	48.1428	0	-3776.21	0	-0.149114	-0.0481428	-0.100971	-0.149114	0	-0.15684	0	-143.98	0	-0.123084	0.015684	-0.138768	-0.123084
0	57.418	0	-6139.28	0	-0.16815	-0.057418	-0.110732	-0.16815	0	-0.235061	0	-19.2422	0	-0.114107	0.0235061	-0.137614	-0.114107
0	71.5252	0	-7187.94	0	-0.19429	-0.0715252	-0.122765	-0.19429	0	-0.327116	0	-30.2555	0	-0.103557	0.0327116	-0.136269	-0.103557
0	89.1179	0	-10688.3	0	-0.22741	-0.0891179	-0.138292	-0.22741	0	-1.10187	0	-354.43	0	-0.0231066	0.110187	-0.133294	-0.0231066
0	104.892	0	-8578.98	0	-0.261964	-0.104892	-0.157072	-0.261964	0	-1.47595	0	-91.3077	0	0.0217757	0.147595	-0.125819	0.0217757
0	96.4275	0	-8114.5	0	-0.274395	-0.0964275	-0.177967	-0.274395	0	-1.5845	0	-136.798	0	0.0415727	0.15845	-0.116877	0.0415727
0	64.9887	0	-7571.02	0	-0.261011	-0.0649887	-0.196022	-0.261011	0	-2.11235	0	-185.879	0	0.104673	0.211235	-0.106562	0.104673
0	20.5442	0	-7293.29	0	-0.227326	-0.0205442	-0.206782	-0.227326	0	-2.3848	0	-95.3778	0	0.145144	0.23848	-0.0933359	0.145144
0	-16.1411	0	-6304.48	0	-0.192583	0.0161411	-0.208724	-0.192583	0	-2.45184	0	-127.7	0	0.16612	0.245184	-0.0790638	0.16612
0	-43.7903	0	-4317.3	0	-0.160382	0.0437903	-0.204173	-0.160382	0	-2.74983	0	-105.673	0	0.210995	0.274983	-0.0639872	0.210995
0	-61.2912	0	-4135.34	0	-0.133032	0.0612912	-0.194324	-0.133032	0	-2.8903	0	-83.1674	0	0.242011	0.28903	-0.047019	0.242011
0	-52.649	0	-4927.82	0	-0.129606	0.052649	-0.182255	-0.129606	0	-2.83177	0	110.045	0	0.253513	0.283177	-0.0296644	0.253513
0	-27.8806	0	-8567	0	-0.145008	0.0278806	-0.172889	-0.145008	0	-2.75674	0	-15.8903	0	0.262839	0.275674	-0.012835	0.262839
0	-22.5849	0	-5717.9	0	-0.144859	0.0225849	-0.167443	-0.144859	0	-2.47047	0	116.27	0	0.250468	0.247047	0.00342133	0.250468
0	-31.8413	0	-1880	0	-0.130975	0.0318413	-0.162816	-0.130975	0	-2.01338	0	144.761	0	0.218754	0.201338	0.0174156	0.218754
0	-41.4244	0	-1123.43	0	-0.114511	0.0414244	-0.155935	-0.114511	0	-1.88035	0	73.4134	0	0.217437	0.188035	0.0294017	0.217437
0	-4.91094	0	-6994.01	0	-0.143884	0.00491094	-0.148795	-0.143884	0	-1.24075	0	487.132	0	0.164226	0.124075	0.0401507	0.164226
0	42.8126	0	-16783.9	0	-0.193364	-0.0428126	-0.150551	-0.193364	0	0.877055	0	820.165	0	-0.0430012	-0.0877055	0.0447042	-0.0430012
0	59.9386	0	-8909.38	0	-0.220468	-0.0599386	-0.160529	-0.220468	0	2.02482	0	367.421	0	-0.16542	-0.202482	0.0370618	-0.16542
0	42.9667	0	-6321.24	0	-0.21502	-0.0429667	-0.172053	-0.21502	0	2.24139	0	107.172	0	-0.199712	-0.224139	0.0244275	-0.199712
0	16.0476	0	-5844.8	0	-0.195312	-0.0160476	-0.179264	-0.195312	0	2.39038	0	144.282	0	-0.22826	-0.239038	0.0107781	-0.22826
0	-6.56864	0	-6994.01	0	-0.174571	0.00656864	-0.18114	-0.174571	0	2.44466	0	-4.63757	0	-0.248083	-0.244466	-0.00361692	-0.248083
0	-24.2928	0	-4099.42	0	-0.154473	0.0242928	-0.178766	-0.154473	0	2.09719	0	-227.538	0	-0.227651	-0.209719	-0.0179321	-0.227651
0	-46.8517	0	-1183.29	0	-0.125954	0.0468517	-0.172806	-0.125954	0	1.74866	0	-90.1106	0	-0.204824	-0.174866	-0.0299581	-0.204824
0	-71.926	0	-1556.78	0	-0.090276	0.071926	-0.162202	-0.090276	0	1.57359	0	-122.193	0	-0.197549	-0.157359	-0.0401898	-0.197549
0	-85.2207	0	164.649	0	-0.0617207	0.0852207	-0.146941	-0.0617207	0	1.45653	0	20.741	0	-0.195022	-0.145653	-0.0493696	-0.195022
0	-84.6191	0	-4168.86	0	-0.0452488	0.0846191	-0.129868	-0.0452488	0	1.31445	0	-127.7	0	-0.189357	-0.131445	-0.0579124	-0.189357
0	-68.8375	0	-4152.1	0	-0.0447402	0.0688375	-0.113578	-0.0447402	0	0.601952	0	-334.319	0	-0.125124	-0.0601952	-0.0649291	-0.125124
0	-33.5952	0	-4324.48	0	-0.0677488	0.0335952	-0.101344	-0.0677488	0	-0.0301974	0	-211.257	0	-0.0645042	0.00301974	-0.0675239	-0.0645042
0	4.42558	0	-7465.67	0	-0.100665	-0.00442558	-0.0962398	-0.100665	0	-0.65543	0	-327.137	0	-0.00100319	0.065543	-0.0665462	-0.00100319
0	32.1787	0	-5081.05	0	-0.130987	-0.0321787	-0.0988086	-0.130987	0	-0.942238	0	5.17866	0	0.03241	0.0942238	-0.0618138	0.03241
0	38.8761	0	-4640.51	0	-0.144541	-0.0388761	-0.105665	-0.144541	0	-0.613925	0	55.4569	0	0.00486813	0.0613925	-0.0565244	0.00486813
0	31.5217	0	-6527.14	0	-0.144843	-0.0315217	-0.113322	-0.144843	0	-0.420236	0	114.354	0	-0.0111397	0.0420236	-0.0531633	-0.0111397
0	13.1112	0	-6038.73	0	-0.131771	-0.0131112	-0.11866	-0.131771	0	-0.304235	0	34.3879	0	-0.0204642	0.0304235	-0.0508877	-0.0204642
0	7.28905	0	-2655.72	0	-0.128384	-0.00728905	-0.121095	-0.128384	0	-0.146198	0	40.8523	0	-0.0347282	0.0146198	-0.049348	-0.0347282
0	5.19334	0	-3148.93	0	-0.127641	-0.00519334	-0.122448	-0.127641	0	0.0485553	0	85.8633	0	-0.0536983	-0.00485553	-0.0488428	-0.0536983
0	-2.69843	0	-4087.45	0	-0.120406	0.00269843	-0.123104	-0.120406	0	-0.0828765	0	-28.5796	0	-0.040607	0.00828765	-0.0488947	-0.040607
0	-7.74863	0	-3120.2	0	-0.114431	0.00774863	-0.122179	-0.114431	0	-0.138748	0	-28.5796	0	-0.0343981	0.0138748	-0.0482729	-0.0343981
0	-7.13657	0	-3778.6	0	-0.113542	0.00713657	-0.120678	-0.113542	0	-0.344144	0	-104.955	0	-0.0128233	0.0344144	-0.0472377	-0.0128233
0	-6.25989	0	-3294.97	0	-0.11311	0.00625989	-0.11937	-0.11311	0	-0.472915	0	-50.3668	0	0.00235495	0.0472915	-0.0449366	0.00235495
0	-9.36666	0	-4401.09	0	-0.108607	0.00936666	-0.117974	-0.108607	0	-0.375538	0	28.163	0	-0.0046809	0.0375538	-0.0422347	-0.0046809
0	-12.7044	0	-2442.64	0	-0.103229	0.0127044	-0.115933	-0.103229	0	-0.286144	0	73.6528	0	-0.0114534	0.0286144	-0.0400677	-0.0114534
0	-14.779	0	-2861.62	0	-0.0985831	0.014779	-0.113362	-0.0985831	0	-0.208987	0	15.9526	0	-0.0175032	0.0208987	-0.0384019	-0.0175032
0	-15.2833	0	-1573.54	0	-0.0951549	0.0152833	-0.110438	-0.0951549	0	-0.213776	0	-3.20105	0	-0.0158279	0.0213776	-0.0372055	-0.0158279
0	-16.7487	0	-1252.72	0	-0.0906168	0.0167487	-0.107365	-0.0906168	0	-0.260602	0	-27.6219	0	-0.00988337	0.0260602	-0.0359436	-0.00988337
0	-20.3731	0	-2066.75	0	-0.0833856	0.0203731	-0.103759	-0.0833856	0	-0.265391	0	-19.4816	0	-0.00785522	0.0265391	-0.0343943	-0.00785522
0	-20.8685	0	-546.429	0	-0.0787517	0.0208685	-0.0996202	-0.0787517	0	-0.27763	0	52.5839	0	-0.00495761	0.027763	-0.0327206	-0.00495761
0	-23.9772	0	-1803.38	0	-0.071333	0.0239772	-0.0953102	-0.071333	0	-0.221226	0	3.02388	0	-0.00890987	0.0221226	-0.0310325	-0.00890987
0	-24.5092	0	-273.49	0	-0.0658921	0.0245092	-0.0904013	-0.0658921	0	-0.153115	0	27.2053	0	-0.0145133	0.0153115	-0.0298248	-0.0145133
