0	-0.453363	0	-604.464	0	0	0	0	0	0	-0.000335231	0	27.0138	0	0	0	0	0
0	0.120719	0	-211.815	0	0	-0	0	0	0.00753982	0.00817857	7.53982	2.59292	0.0122784	0	-0	0	0.0122784
0	-0.453754	0	314.909	0	0	0	0	0	0.0301593	0.00019688	15.0796	-6.98389	0.0248599	0	0	-0	0.0248599
0	-0.109799	0	-25.0673	0	0	0	0	0	0.0678584	0.00871068	22.6195	-11.2934	0.0377446	0	0	0	0.0377446
0	-0.067077	0	-199.844	0	0	0	0	0	0.120637	0.0108391	30.1593	14.3245	0.0509325	0	0	0	0.0509325
0	-0.460026	0	-94.4991	0	0	0	0	0	0.188496	0.000196882	37.6991	-9.13867	0.0644235	0	0	0	0.0644235
0	-0.122671	0	439.408	0	0	0	0	0	0.271434	-0.000335231	45.2389	3.07176	0.0782177	0	0	0	0.0782177
0	-0.155714	0	-355.467	0	0	0	0	0	0.369451	0.00445378	52.7788	-3.632	0.0923151	0	0	0	0.0923151
0	0.0652274	0	437.014	0	0	-0	0	0	0.482549	0.00338956	60.3186	-10.5752	0.106716	0	0	0	0.106716
0	0.622001	0	252.66	0	0	-0	0	0	0.610726	0.000728994	67.8584	-29.0105	0.11403	0	0	0	0.11403
0	0.336576	0	-175.902	0	0	-0	0	0	0.753982	-0.00139946	75.3982	-0.519542	0.136426	0	0	0	0.136426
0	-0.0469617	0	384.341	0	0	0	0	0	0.912319	0.010307	82.9381	-6.74447	0.151736	0	0	0	0.151736
0	-0.106815	0	32.3935	0	0	0	0	0	1.08573	0.0268025	90.4779	11.6909	0.159505	0	0	0	0.159505
0	-1.32613	0	173.651	0	0	0	0	0	1.27423	0.0225456	98.0177	-2.91374	0.17527	0	0	0	0.17527
0	-1.9577	0	-331.525	0	0	0	0	0	1.47781	0.142803	105.558	19.3523	0.199485	0	0	0	0.199485
0	-1.51488	0	796.144	0	0	0	0	0	1.69646	0.150253	113.097	17.1976	0.216008	0	0	0	0.216008
0	-2.00723	0	-326.737	0	0	0	0	0	1.92265	0.168344	113.097	-2.19548	0.220556	0	0	0	0.220556
0	-1.65523	0	118.585	0	0	0	0	0	2.14885	0.165152	113.097	3.5506	0.225103	0	0	0	0.225103
0	-1.65523	0	118.585	0	0	0	0	0	2.26195	0.165152	113.097	3.5506	0.225103	0	0	0	0.225103
0	-1.60056	0	-640.377	0	0	0	0	0	2.48814	0.0821422	113.097	-25.4192	0.231925	0	0	0	0.231925
0	-1.38269	0	396.312	0	0	0	0	0	2.71433	0.0550045	113.097	-5.06853	0.234198	0	0	0	0.234198
0	-0.72319	0	367.582	0	0	0	0	0	2.94053	-0.00299579	113.097	-23.7433	0.24102	0	0	0	0.24102
0	-0.146279	0	460.956	0	0	0	0	0	3.16672	-0.0147023	113.097	15.2822	0.245567	0	0	0	0.245567
0	-1.3675	0	-779.241	0	0	0	0	0	3.39292	0.0257383	113.097	8.09958	0.250115	0	0	0	0.250115
0	-1.06566	0	-123.23	0	0	0	0	0	3.61911	0.048087	113.097	15.2822	0.254662	0	0	0	0.254662
0	-1.25153	0	-475.177	0	0	0	0	0	3.84531	0.0757569	113.097	21.7465	0.256936	0	0	0	0.256936
0	-0.565473	0	458.561	0	0	0	0	0	4.0715	0.0704357	113.097	29.408	0.263757	0	0	0	0.263757
0	-0.15417	0	104.22	0	0	0	0	0	4.2977	0.0438301	113.097	-20.8703	0.268305	0	0	0	0.268305
0	-0.929338	0	-147.172	0	0	0	0	0	4.52389	0.0124355	113.097	-16.3213	0.272852	0	0	0	0.272852
0	-1.27432	0	-130.412	0	0	0	0	0	4.75008	0.0188208	113.097	-14.6453	0.275126	0	0	0	0.275126
0	-0.288091	0	398.706	0	0	0	0	0	4.97628	0.0321236	113.097	37.3088	0.281947	0	0	0	0.281947
0	-0.921711	0	-542.215	0	0	0	0	0	5.20247	0.0363805	113.097	-8.42041	0.286495	0	0	0	0.286495
0	-1.48566	0	-396.169	0	0	0	0	0	5.42867	0.0534081	113.097	0.438139	0.291042	0	0	0	0.291042
0	-2.19226	0	-39.4325	0	0	0	0	0	5.65486	0.140675	113.097	32.7599	0.29559	0	0	0	0.29559
0	-2.84289	0	65.9124	0	0	0	0	0	5.88106	0.300308	113.097	92.1361	0.300138	0	0	0	0.300138
0	-5.18194	0	-1270.05	0	0	0	0	0	6.10725	0.480162	113.097	61.4903	0.304685	0	0	0	0.304685
0	-5.90629	0	-520.667	0	0	0	0	0	6.33345	0.752072	113.097	113.444	0.309233	0	0	0	0.309233
0	-6.69358	0	68.3066	0	0	0	0	0	6.55964	1.05006	113.097	115.839	0.31378	0	0	0	0.31378
0	-7.23353	0	-393.774	0	0	0	0	0	6.78584	1.18681	113.097	109.853	0.316054	0	0	0	0.316054
0	-8.77914	0	-1277.23	0	0	0	0	0	7.01203	1.6822	113.097	130.204	0.322875	0	0	0	0.322875
0	-9.38273	0	-298.006	0	0	0	0	0	7.23823	2.04298	113.097	162.047	0.327423	0	0	0	0.327423
0	-9.46656	0	-27.4615	0	0	0	0	0	7.46442	2.41971	113.097	148.879	0.33197	0	0	0	0.33197
0	-8.84244	0	216.747	0	0	0	0	0	7.69062	2.73472	113.097	139.302	0.336518	0	0	0	0.336518
0	-9.10662	0	-230.969	0	0	0	0	0	7.91681	2.91032	113.097	143.851	0.338792	0	0	0	0.338792
0	-9.06815	0	1.26892	0	0	0	0	0	8.25611	3.43977	113.097	130.204	0.345613	0	0	0	0.345613
0	-9.79677	0	-604.464	0	0	0	0	0	8.4823	4.04851	113.097	129.486	0.352434	0	0	0	0.352434
0	-10.9933	0	125.767	0	0	0	0	0	8.7085	4.27785	113.097	195.326	0.354708	0	0	0	0.354708
0	-8.80896	0	-381.803	0	0	0	0	0	8.93469	4.71259	113.097	229.803	0.359256	0	0	0	0.359256
0	-11.8639	0	458.561	0	0	0	0	0	9.16089	5.36389	113.097	210.41	0.366077	0	0	0	0.366077
0	-13.0663	0	68.3066	0	0	0	0	0	9.38708	5.49479	113.097	171.384	0.368351	0	0	0	0.368351
0	-17.891	0	-218.998	0	0	0	0	0	9.61328	6.30733	113.097	231.718	0.375172	0	0	0	0.375172
0	-18.3432	0	-173.508	0	0	0	0	0	9.83947	6.57871	113.097	280.799	0.377446	0	0	0	0.377446
0	-15.484	0	-75.3455	0	0	0	0	0	10.0657	7.2183	113.097	179.046	0.384267	0	0	0	0.384267
0	-12.4784	0	-386.592	0	0	0	0	0	10.2919	7.4519	113.097	199.157	0.386541	0	0	0	0.386541
0	-15.2609	0	-467.995	0	0	0	0	0	10.5181	8.22187	113.097	230.76	0.393362	0	0	0	0.393362
0	-10.3693	0	-20.2788	0	0	0	0	0	10.7443	8.79336	113.097	238.182	0.39791	0	0	0	0.39791
0	-5.39442	0	623.761	0	0	0	0	0	10.9704	9.42444	113.097	253.745	0.402457	0	0	0	0.402457
0	-4.80836	0	149.709	0	0	0	0	0	11.1966	9.98423	113.097	315.515	0.407005	0	0	0	0.407005
0	-3.22114	0	-664.319	0	0	0	0	0	11.4228	10.3455	113.097	101.952	0.411553	0	0	0	0.411553
0	0.789454	0	-372.227	0	0	-0	0	0	11.649	10.7138	113.097	171.384	0.4161	0	0	0	0.4161
0	-1.04516	0	-520.667	0	0	0	0	0	11.8752	10.9505	113.097	228.845	0.418374	0	0	0	0.418374
0	-1.89564	0	901.489	0	0	0	0	0	12.1014	11.7168	113.097	254.702	0.425195	0	0	0	0.425195
0	-4.95868	0	398.706	0	0	0	0	0	12.3276	12.0132	113.097	215.437	0.427469	0	0	0	0.427469
0	-6.53767	0	-544.609	0	0	0	0	0	12.5538	12.7677	113.097	183.355	0.43429	0	-0	0	0.43429
0	0.181116	0	-796	0	0	-0	0	0	12.78	13.2604	113.097	213.762	0.438838	0	-0	0	0.438838
0	1.73065	0	-429.687	0	0	-0	0	0	13.0062	13.7447	113.097	211.607	0.443385	0	-0	0	0.443385
0	3.75276	0	-51.4035	0	0	-0	0	0	13.2324	13.9682	113.097	183.834	0.445659	0	-0	0	0.447933
0	3.00478	0	-1463.98	0	0	-0	0	0	13.4586	14.7833	113.097	224.535	0.45248	0	-0	0	0.45248
0	4.05566	0	140.133	0	0	-0	0	0	13.6848	15.3389	113.097	238.422	0.457028	0	-0	0	0.457028
0	-1.12634	0	137.739	0	0	0	0	0	13.911	15.9338	113.097	276.49	0.461576	0	-0	0	0.461576
0	13.3171	0	-1629.18	0	0	-0	0	0	14.1372	16.6255	113.097	394.284	0.466123	0	-0	0	0.466123
0	15.1803	0	-1004.3	0	0	-0	0	0	14.3634	16.9485	113.097	299.235	0.468397	0	-0	0	0.468397
0	17.1116	0	348.428	0	0	-0	0	0	14.5896	17.4977	113.097	219.986	0.472944	0	-0	0	0.472944
0	31.4635	0	-1873.39	0	0	-0	0	0	14.8158	18.3522	113.097	275.532	0.479766	0	-0	0	0.479766
0	34.239	0	-434.476	0	0	-0	0	0	15.042	19.0216	113.097	313.121	0.484313	0	-0	0	0.484313
0	25.7909	0	-1643.55	0	0	-0	0	0	15.2682	19.5921	113.097	261.646	0.488861	0	-0	0	0.488861
0	21.0578	0	-1933.25	0	0	-0	0	0	15.4943	19.8693	113.097	292.531	0.493408	0	-0	0	0.493408
0	40.86	0	-142.383	0	0	-0	0	0	15.7205	20.7148	113.097	207.297	0.497956	0	-0	0	0.497956
0	47.2688	0	-896.557	0	0	-0	0	0	15.9467	21.447	113.097	378.961	0.502504	0	-0	0	0.502504
0	47.5056	0	-1097.67	0	0	-0	0	0	16.1729	22.234	113.097	407.213	0.507051	0	-0	0	0.507051
0	46.7073	0	-1794.38	0	0	-0	-0	0	16.3991	22.8571	113.097	198.199	0.511599	0	-0	0	0.511599
0	54.5636	0	-453.629	0	0	-0	-0	0	16.6253	23.394	113.097	270.504	0.516146	0	-0	0	0.516146
0	55.2967	0	-982.748	0	0	-0	-0	0	16.8515	23.9963	113.097	272.18	0.520694	0	-0	0	0.520694
0	48.0821	0	-1504.68	0	0	-0	-0	0	17.0777	24.4992	113.097	212.804	0.525241	0	-0	0	0.525241
0	44.6672	0	89.8544	0	-0	-0	-0	0	17.3006	24.9589	108.07	309.53	0.521636	0	-0	0	0.521636
0	52.7341	0	-2893.32	0	0	-0	-0	0	17.5092	25.7039	100.53	267.392	0.513703	0	-0	0	0.513703
0	57.0314	0	-463.206	0	0	-0	-0	0	17.7027	26.3504	92.9905	341.372	0.505467	0	-0	0	0.505467
0	46.2701	0	-307.583	0	0	-0	-0	0	17.8811	27.1214	85.4507	323.416	0.496928	0	-0	0	0.496928
0	50.2285	0	-3084.86	0	0	-0	-0	0	18.0445	27.6956	77.9109	284.63	0.488085	0	-0	0	0.488085
0	45.2834	0	-1614.82	0	0	-0	-0	0	18.1928	27.8201	70.371	124.697	0.48355	0	-0	0	0.48355
0	51.4061	0	-3197.38	0	0	-0	-0	0	18.326	28.3799	62.8312	220.226	0.469491	0	-0	0	0.469491
0	83.32	0	-669.108	0	0	-0	-0	0	18.4441	28.688	55.2913	198.199	0.459739	0	-0	0	0.459739
0	71.7525	0	-980.354	0	0	-0	-0	0	18.5471	29.0562	47.7515	162.286	0.449683	0	-0	0	0.449683
0	72.2524	0	-1116.82	0	0	-0	-0	0	18.6351	29.276	40.2117	154.864	0.444542	0	-0	0	0.444542
0	86.061	0	-3860.58	0	0	-0	-0	0	18.708	29.857	32.6718	294.686	0.428664	0	-0	0	0.428664
0	81.0448	0	-2450.39	0	0	-0	-0	0	18.7658	30.2061	25.132	87.5871	0.417699	-0	-0	-0	0.417699
0	85.9212	0	-3053.73	0	0	-0	-0	0	18.8085	30.47	17.5921	175.933	0.406431	-0	-0	-0	0.406431
0	108.451	0	-1622	0	0	-0	-0	0	18.8362	30.5977	10.0523	73.7007	0.400683	-0	-0	-0	0.400683
0	115.574	0	-1313.15	0	0	-0	-0	0	18.8487	31.0154	2.51247	94.5303	0.382986	-0	-0	-0	0.382986
0	131.727	0	-1691.43	0	0	-0	-0	0	18.8496	30.8782	0	-6.98389	0.378962	0	-0	-0	0.378962
0	110.446	0	-2850.23	0	0	-0	-0	0	18.8496	30.842	0	-89.8233	0.378962	0	-0	-0	0.378962
0	110.248	0	-96.8934	0	0	-0	-0	0	18.8496	30.6829	0	-19.4337	0.378962	0	-0	-0	0.378962
0	120.01	0	-4155.07	0	0	-0	-0	0	18.8496	31.058	0	261.406	0.378962	-0	-0	-0	0.378962
0	131.453	0	-2021.83	0	0	-0	-0	0	18.8496	31.0766	0	115.12	0.378962	-0	-0	-0	0.378962
0	151.106	0	-3094.43	0	0	-0	-0	0	18.8496	31.1533	0	-11.7723	0.378962	0	-0	-0	0.378962
0	144.089	0	-3678.62	0	0	-0	-0	0	18.8496	31.105
0	218.616	0	-561.369	0	0	-0	-0	0	18.8496	31.2363	0	-100.837	0.378962	0	-0	-0	0.378962
0	190.263	0	-1363.43	0	0	-0	-0	0	18.8496	31.2059	0	9.05727	0.378962	-0	-0	-0	0.378962
0	176.458	0	-4317.87	0	0	-0	-0	0	18.8496	31.2246	0	33.957	0.378962	-0	-0	-0	0.378962
0	189.885	0	-2562.92	0	0	-0	-0	0	18.8496	31.3289	0	40.9001	0.378962	-0	-0	-0	0.378962
0	184.739	0	-3903.67	0	0	-0	-0	0	18.8496	31.0261	0	-67.3178	0.378962	0	-0	-0	0.378962
0	200.327	0	-4179.01	0	0	-0	-0	0	18.8496	31.016	0	17.1976	0.378962	-0	-0	-0	0.378962
0	204.386	0	-2201.4	0	0	-0	-0	0	18.8496	31.0766	0	70.3488	0.378962	-0	-0	-0	0.378962
0	209.262	0	-2828.68	0	0	-0	-0	0	18.8496	30.9436	0	4.7477	0.378962	-0	-0	-0	0.378962
0	223.859	0	-2340.26	0	0	-0	-0	0	18.8496	31.1043	0	33.4781	0.378962	-0	-0	-0	0.378962
0	239.114	0	-4504.62	0	0	-0	-0	0	18.8496	31.099	0	46.8856	0.378962	-0	-0	-0	0.378962
0	223.236	0	-2158.3	0	0	-0	-0	0	18.8496	30.7004	0	-125.976	0.378962	0	-0	-0	0.378962
0	223.236	0	-2158.3	0	0	-0	-0	0	18.8496	30.7004	0	-125.976	0.378962	0	-0	-0	0.378962
0	221.517	0	-1353.85	0	0	-0	-0	0	18.8496	30.4849	0	-1.47722	0.378962	0	-0	-0	0.378962
0	233.298	0	-1923.67	0	0	-0	-0	0	18.8496	30.4865	0	17.6764	0.378962	-0	-0	-0	0.378962
0	235.784	0	-4770.38	0	0	-0	-0	0	18.8496	30.4764	0	38.9848	0.378962	-0	-0	-0	0.378962
0	216.071	0	176.046	0	-0	-0	-0	0	18.8496	30.4748	0	34.1964	0.378962	-0	-0	-0	0.378962
0	214.165	0	-6278.72	0	0	-0	-0	0	18.8496	30.2173	0	-111.371	0.378962	0	-0	-0	0.378962
0	216.011	0	-465.6	0	0	-0	-0	0	18.8496	29.9656	0	-74.0215	0.378962	0	-0	-0	0.378962
0	236.852	0	-719.386	0	0	-0	-0	0	18.8496	29.8666	0	8.33901	0.378962	-0	-0	-0	0.378962
0	216.775	0	-1475.95	0	0	-0	-0	0	18.8496	29.8927	0	-19.9126	0.378962	0	-0	-0	0.378962
0	195.537	0	-558.974	0	0	-0	-0	0	18.8496	29.748	0	-35.4749	0.378962	0	-0	-0	0.378962
0	188.908	0	-8088.74	0	0	-0	-0	0	18.8496	29.8682	0	95.4879	0.378962	-0	-0	-0	0.378962
0	232.522	0	-1540.6	0	0	-0	-0	0	18.8496	29.9347	0	46.8857	0.378962	-0	-0	-0	0.378962
0	228.522	0	-1329.91	0	0	-0	-0	0	18.8496	29.8799	0	64.6027	0.378962	-0	-0	-0	0.378962
0	193.729	0	-1686.64	0	0	-0	-0	0	18.8496	29.7559	0	-72.585	0.378962	0	-0	-0	0.378962
0	184.331	0	-5955.5	0	0	-0	-0	0	18.8496	29.8634	0	89.5024	0.378962	-0	-0	-0	0.378962
0	214.691	0	-147.172	0	0	-0	-0	0	18.8496	29.765	0	-33.0807	0.378962	0	-0	-0	0.378962
0	221.907	0	-422.505	0	0	-0	-0	0	18.8496	29.7389	0	13.6062	0.378962	-0	-0	-0	0.378962
0	186.091	0	-934.864	0	0	-0	-0	0	18.8496	29.6022	0	15.0428	0.378962	-0	-0	-0	0.378962
0	166.218	0	-4650.67	0	0	-0	-0	0	18.8496	29.4909	0	-55.8256	0.378962	0	-0	-0	0.378962
0	174.644	0	-2452.79	0	0	-0	-0	0	18.8496	29.4963	0	51.9135	0.378962	-0	-0	-0	0.378962
0	215.294	0	-1839.87	0	0	-0	-0	0	18.8496	29.4973	0	-33.3201	0.378962	0	-0	-0	0.378962
0	173.37	0	-82.5281	0	0	-0	-0	0	18.8496	29.6139	0	70.1094	0.378962	-0	-0	-0	0.378962
0	170.013	0	-8277.88	0	0	-0	-0	0	18.8496	29.3946	0	-12.0117	0.378962	0	-0	-0	0.378962
0	189.684	0	-1703.4	0	0	-0	-0	0	18.8496	29.0828	0	-114.005	0.378962	0	-0	-0	0.378962
0	205.354	0	-836.702	0	0	-0	-0	0	18.8496	28.9684	0	-85.7531	0.378962	0	-0	-0	0.378962
0	198.992	0	267.025	0	-0	-0	-0	0	18.8496	28.788	0	-27.0952	0.378962	0	-0	-0	0.378962
0	180.992	0	-2431.24	0	0	-0	-0	0	18.8496	28.8343	0	-34.5172	0.378962	0	-0	-0	0.378962
0	193.652	0	-4023.38	0	0	-0	-0	0	18.8496	28.978	0	211.846	0.378962	-0	-0	-0	0.378962
0	217.696	0	-1990.71	0	0	-0	-0	0	18.8496	28.9753	0	53.1106	0.378962	-0	-0	-0	0.378962
0	194.582	0	-1569.33	0	0	-0	-0	0	18.8496	29.0131	0	-114.005	0.378962	0	-0	-0	0.378962
0	157.375	0	-4461.52	0	0	-0	-0	0	18.8496	28.8269	0	95.7274	0.378962	-0	-0	-0	0.378962
0	203.437	0	180.834	0	-0	-0	-0	0	18.8496	28.5869	0	-193.732	0.378962	0	-0	-0	0.378962
0	199.911	0	-2448	0	0	-0	-0	0	18.8496	28.746	0	80.1651	0.378962	-0	-0	-0	0.378962
0	185.546	0	-688.261	0	0	-0	-0	0	18.8496	28.8551	0	204.903	0.378962	-0	-0	-0	0.378962
0	154.426	0	-764.876	0	0	-0	-0	0	18.8496	28.7125	0	-258.136	0.378962	0	-0	-0	0.378962
0	179.93	0	-9041.63	0	0	-0	-0	0	18.8496	28.9285	0	274.095	0.378962	-0	-0	-0	0.378962
0	209.699	0	-511.09	0	0	-0	-0	0	18.8496	28.6672	0	-7.22331	0.378962	0	-0	-0	0.378962
0	192.882	0	-2184.64	0	0	-0	-0	0	18.8496	28.3081	0	-261.248	0.378962	0	-0	-0	0.378962
0	162.19	0	-1662.7	0	0	-0	-0	0	18.8496	28.0276	0	13.6062	0.378962	-0	-0	-0	0.378962
0	165.723	0	-2436.03	0	0	-0	-0	0	18.8496	28.3868	0	-4.35026	0.378962	0	-0	-0	0.378962
0	215.765	0	-3242.87	0	0	-0	-0	0	18.8496	28.265	0	-0.280127	0.378962	0	-0	-0	0.378962
0	233.921	0	-606.858	0	0	-0	-0	0	18.8496	28.051	0	127.331	0.378962	-0	-0	-0	0.378962
0	215.96	0	738.683	0	-0	-0	-0	0	18.8496	28.4054	0	69.87	0.378962	-0	-0	-0	0.378962
0	152.477	0	-5845.37	0	0	-0	-0	0	18.8496	28.4932	0	0.438135	0.378962	-0	-0	-0	0.378962
0	160.91	0	-3226.12	0	0	-0	-0	0	18.8496	28.1202	0	-62.7688	0.378962	0	-0	-0	0.378962
0	199.591	0	-405.745	0	0	-0	-0	0	18.8496	28.0298	0	-9.61751	0.378962	0	-0	-0	0.378962
0	174.961	0	489.686	0	-0	-0	-0	0	18.8496	27.9521	0	74.1796	0.378962	-0	-0	-0	0.378962
0	158.132	0	1746.64	0	-0	-0	-0	0	18.8496	27.7121	0	-167.395	0.378962	0	-0	-0	0.378962
0	105.257	0	97.037	0	-0	-0	-0	0	18.8496	27.5205	0	-93.8934	0.378962	0	-0	-0	0.378962
0	102.458	0	-1763.26	0	0	-0	-0	0	18.8496	27.9111	0	47.1251	0.378962	-0	-0	-0	0.378962
0	147.106	0	-6838.97	0	0	-0	-0	0	18.8496	28.2985	0	200.833	0.378962	-0	-0	-0	0.378962
0	168.433	0	-3709.74	0	0	-0	-0	0	18.8496	28.7582	0	366.751	0.378962	-0	-0	-0	0.378962
0	168.855	0	-6920.37	0	0	-0	-0	0	18.8496	28.2144	0	-268.91	0.378962	0	-0	-0	0.378962
0	162.166	0	-810.365	0	0	-0	-0	0	18.8496	27.8584	0	-35.7143	0.378962	0	-0	-0	0.378962
0	182.448	0	638.127	0	-0	-0	-0	0	18.8496	27.877	0	-56.5439	0.378962	0	-0	-0	0.378962
0	184.469	0	-2096.05	0	0	-0	-0	0	18.8496	27.7584	0	2.83234	0.378962	-0	-0	-0	0.378962
0	192.157	0	1693.97	0	-0	-0	-0	0	18.8496	27.5466	0	5.46596	0.378962	-0	-0	-0	0.378962
0	159.115	0	-1071.33	0	0	-0	-0	0	18.8496	27.5455	0	5.22654	0.378962	-0	-0	-0	0.378962
0	157.801	0	-3882.13	0	0	-0	-0	0	18.8496	28.903	0	494.601	0.378962	-0	-0	-0	0.378962
0	178.968	0	-5373.71	0	0	-0	-0	0	18.8496	28.4911	0	-425.012	0.378962	0	-0	-0	0.378962
0	182.189	0	-1423.28	0	0	-0	-0	0	18.8496	27.6828	0	-204.266	0.378962	0	-0	-0	0.378962
0	169.808	0	-72.9513	0	0	-0	-0	0	18.8496	27.6796	0	-11.2934	0.378962	0	-0	-0	0.378962
0	160.165	0	609.396	0	-0	-0	-0	0	18.8496	27.4891	0	-68.9937	0.378962	0	-0	-0	0.378962
0	169.707	0	-3247.66	0	0	-0	-0	0	18.8496	27.4093	0	12.6486	0.378962	-0	-0	-0	0.378962
0	189.398	0	-915.71	0	0	-0	-0	0	18.8496	27.5823	0	194.608	0.378962	-0	-0	-0	0.378962
0	214.514	0	-7736.79	0	0	-0	-0	0	18.8496	28.0324	0	250.393	0.378962	-0	-0	-0	0.378962
0	193.226	0	1600.6	0	-0	-0	-0	0	18.8496	28.8748	0	315.515	0.378962	-0	-0	-0	0.378962
0	177.927	0	-8826.15	0	0	-0	-0	0	18.8496	27.8494	0	-339.299	0.378962	0	-0	-0	0.378962
0	187.926	0	935.008	0	-0	-0	-0	0	18.8496	27.3705	0	-287.824	0.378962	0	-0	-0	0.378962
0	184.22	0	-858.25	0	0	-0	-0	0	18.8496	27.3135	0	98.8398	0.378962	-0	-0	-0	0.378962
0	178.307	0	-614.041	0	0	-0	-0	0	18.8496	27.2492	0	-94.1328	0.378962	0	-0	-0	0.378962
0	177.784	0	429.831	0	-0	-0	-0	0	18.8496	27.0789	0	-69.712	0.378962	0	-0	-0	0.378962
0	187.752	0	-2534.19	0	0	-0	-0	0	18.8496	27.2332	0	163.483	0.378962	-0	-0	-0	0.378962
0	160.689	0	-851.067	0	0	-0	-0	0	18.8496	28.183	0	632.507	0.378962	-0	-0	-0	0.378962
0	160.948	0	-9393.58	0	0	-0	-0	0	18.8496	28.4656	0	-134.116	0.378962	0	-0	-0	0.378962
0	170.359	0	-623.618	0	0	-0	-0	0	18.8496	27.6488	0	-216.716	0.378962	0	-0	-0	0.378962
0	175.844	0	314.909	0	-0	-0	-0	0	18.8496	27.479	0	-161.649	0.378962	0	-0	-0	0.378962
0	156.054	0	-518.273	0	0	-0	-0	0	18.8496	27.3444	0	40.9002	0.378962	-0	-0	-0	0.378962
0	160.943	0	-965.989	0	0	-0	-0	0	18.8496	27.1699	0	-19.1943	0.378962	0	-0	-0	0.378962
0	175.572	0	-834.307	0	0	-0	-0	0	18.8496	27.346	0	107.938	0.378962	-0	-0	-0	0.378962
0	175.789	0	-5186.97	0	0	-0	-0	0	18.8496	27.9957	0	500.108	0.378962	-0	-0	-0	0.378962
0	180.623	0	-4657.85	0	0	-0	-0	0	18.8496	28.9226	0	37.7877	0.378962	-0	-0	-0	0.378962
0	176.055	0	-6238.02	0	0	-0	-0	0	18.8496	28.3538	0	-314.639	0.378962	0	-0	-0	0.378962
0	180.008	0	889.518	0	-0	-0	-0	0	18.8496	27.3753	0	-41.4604	0.378962	0	-0	-0	0.378962
0	185.414	0	-1212.59	0	0	-0	-0	0	18.8496	27.4045	0	-73.5427	0.378962	0	-0	-0	0.378962
0	172.382	0	640.521	0	-0	-0	-0	0	18.8496	27.2859	0	20.7889	0.378962	-0	-0	-0	0.378962
0	180.346	0	-3039.37	0	0	-0	-0	0	18.8496	27.4593	0	-13.9271	0.378962	0	-0	-0	0.378962
0	181.051	0	-3295.55	0	0	-0	-0	0	18.8496	28.3272	0	649.027	0.378962	-0	-0	-0	0.378962
0	192.296	0	-6752.77	0	0	-0	-0	0	18.8496	28.6124	0	-161.171	0.378962	0	-0	-0	0.378962
0	180.002	0	-1765.65	0	0	-0	-0	0	18.8496	27.6621	0	-231.321	0.378962	0	-0	-0	0.378962
0	182.381	0	1188.79	0	-0	-0	-0	0	18.8496	27.5376	0	32.0416	0.378962	-0	-0	-0	0.378962
0	169.589	0	-1329.91	0	0	-0	-0	0	18.8496	27.479	0	-88.1473	0.378962	0	-0	-0	0.378962
0	173.632	0	-1887.76	0	0	-0	-0	0	18.8496	27.4184	0	77.292	0.378962	-0	-0	-0	0.378962
0	202.416	0	-6233.23	0	0	-0	-0	0	18.8496	28.0926	0	315.515	0.378962	-0	-0	-0	0.378962
0	236.93	0	-173.508	0	0	-0	-0	0	18.8496	28.5491	0	201.312	0.378962	-0	-0	-0	0.378962
0	221.719	0	-3539.76	0	0	-0	-0	0	18.8496	28.7013	0	7.86017	0.378962	-0	-0	-0	0.378962
0	200.909	0	-7212.46	0	0	-0	-0	0	18.8496	27.826	0	-349.355	0.378962	0	-0	-0	0.378962
0	209.034	0	37.1819	0	-0	-0	-0	0	18.8496	27.3864	0	-37.6297	0.378962	0	-0	-0	0.378962
0	207.458	0	-1179.07	0	0	-0	-0	0	18.8496	27.5743	0	11.6909	0.378962	-0	-0	-0	0.378962
0	213.81	0	2685.17	0	-0	-0	-0	0	18.8496	27.3737	0	-97.0059	0.378962	0	-0	-0	0.378962
0	193.187	0	595.031	0	-0	-0	-0	0	18.8496	27.6525	0	198.199	0.378962	-0	-0	-0	0.378962
0	167.902	0	-8057.61	0	0	-0	-0	0	18.8496	28.4076	0	425.17	0.378962	-0	-0	-0	0.378962
0	200.107	0	-3149.5	0	0	-0	-0	0	18.8496	28.5725	0	-86.232	0.378962	0	-0	-0	0.378962
0	202.969	0	-2318.71	0	0	-0	-0	0	18.8496	28.1692	0	-81.683	0.378962	0	-0	-0	0.378962
0	191.123	0	-807.971	0	0	-0	-0	0	18.8496	27.7584	0	-250.474	0.378962	0	-0	-0	0.378962
0	186.552	0	1761.01	0	-0	-0	-0	0	18.8496	27.4812	0	-118.554	0.378962	0	-0	-0	0.378962
0	189.192	0	-5562.86	0	0	-0	-0	0	18.8496	27.7887	0	180.961	0.378962	-0	-0	-0	0.378962
0	199.843	0	-915.71	0	0	-0	-0	0	18.8496	27.8786	0	64.3633	0.378962	-0	-0	-0	0.378962
0	235.812	0	-341.102	0	0	-0	-0	0	18.8496	28.0713	0	101.713	0.378962	-0	-0	-0	0.378962
0	197.337	0	-5699.33	0	0	-0	-0	0	18.8496	28.639	0	180.243	0.378962	-0	-0	-0	0.378962
0	177.599	0	-4181.4	0	0	-0	-0	0	18.8496	28.7433	0	97.4033	0.378962	-0	-0	-0	0.378962
0	204.68	0	-2455.18	0	0	-0	-0	0	18.8496	28.4757	0	-49.3613	0.378962	0	-0	-0	0.378962
0	216.838	0	-767.27	0	0	-0	-0	0	18.8496	28.4384	0	-29.0105	0.378962	0	-0	-0	0.378962
0	202.743	0	3020.36	0	-0	-0	-0	0	18.8496	28.2139	0	-39.0662	0.378962	0	-0	-0	0.378962
0	164.913	0	-1516.66	0	0	-0	-0	0	18.8496	28.274	0	-26.8558	0.378962	0	-0	-0	0.378962
0	168.102	0	-5186.97	0	0	-0	-0	0	18.8496	28.7667	0	345.921	0.378962	-0	-0	-0	0.378962
0	202.979	0	-5962.69	0	0	-0	-0	0	18.8496	29.1951	0	123.261	0.378962	-0	-0	-0	0.378962
0	205.474	0	-752.905	0	0	-0	-0	0	18.8496	29.3462	0	4.02944	0.378962	-0	-0	-0	0.378962
0	180.415	0	-2105.63	0	0	-0	-0	0	18.8496	28.8109	0	-81.9224	0.378962	0	-0	-0	0.378962
0	189.438	0	-3302.73	0	0	-0	-0	0	18.8496	28.954	0	17.6764	0.378962	-0	-0	-0	0.378962
0	202.92	0	-365.044	0	0	-0	-0	0	18.8496	28.8184	0	-2.19548	0.378962	0	-0	-0	0.378962
0	233.104	0	-1447.22	0	0	-0	-0	0	18.8496	28.8194	0	3.07177	0.378962	-0	-0	-0	0.378962
0	211.164	0	178.44	0	-0	-0	-0	0	18.8496	28.8918	0	90.939	0.378962	-0	-0	-0	0.378962
0	187.019	0	-5151.05	0	0	-0	-0	0	18.8496	29.3941	0	220.705	0.378962	-0	-0	-0	0.378962
0	179.728	0	-6156.62	0	0	-0	-0	0	18.8496	28.6582	0	-403.224	0.378962	0	-0	-0	0.378962
0	198.155	0	-585.31	0	0	-0	-0	0	18.8496	28.1825	0	13.1274	0.378962	-0	-0	-0	0.378962
0	210.619	0	-1006.69	0	0	-0	-0	0	18.8496	28.1644	0	-57.741	0.378962	0	-0	-0	0.378962
0	193.896	0	1042.75	0	-0	-0	-0	0	18.8496	27.951	0	-65.4024	0.378962	0	-0	-0	0.378962
0	188.895	0	-1016.27	0	0	-0	-0	0	18.8496	28.0888	0	197.481	0.378962	-0	-0	-0	0.378962
0	168.135	0	-4619.54	0	0	-0	-0	0	18.8496	28.9152	0	251.35	0.378962	-0	-0	-0	0.378962
0	185.137	0	-7243.59	0	0	-0	-0	0	18.8496	28.7002	0	-219.35	0.378962	0	-0	-0	0.378962
0	186.848	0	-1674.67	0	0	-0	-0	0	18.8496	27.5136	0	-301.231	0.378962	0	-0	-0	0.378962
0	187.669	0	437.014	0	-0	-0	-0	0	18.8496	27.322	0	-70.9091	0.378962	0	-0	-0	0.378962
0	179.959	0	1083.45	0	-0	-0	-0	0	18.8496	27.3641	0	7.14191	0.378962	-0	-0	-0	0.378962
0	175.684	0	-2266.04	0	0	-0	-0	0	18.8496	27.2694	0	-51.516	0.378962	0	-0	-0	0.378962
0	205.511	0	-5701.72	0	0	-0	-0	0	18.8496	27.5455	0	313.6	0.378962	-0	-0	-0	0.378962
0	209.002	0	-906.134	0	0	-0	-0	0	18.8496	28.3873	0	314.797	0.378962	-0	-0	-0	0.378962
0	174.017	0	-8162.96	0	0	-0	-0	0	18.8496	28.3235	0	-215.519	0.378962	0	-0	-0	0.378962
0	181.864	0	767.414	0	-0	-0	-0	0	18.8496	27.7536	0	-81.4436	0.378962	0	-0	-0	0.378962
0	209.077	0	-1516.66	0	0	-0	-0	0	18.8496	27.819	0	22.4648	0.378962	-0	-0	-0	0.378962
0	199.536	0	477.715	0	-0	-0	-0	0	18.8496	27.5961	0	-35.2355	0.378962	0	-0	-0	0.378962
0	200.873	0	992.468	0	-0	-0	-0	0	18.8496	27.4157	0	-20.152	0.378962	0	-0	-0	0.378962
0	170.737	0	-2110.42	0	0	-0	-0	0	18.8496	27.6301	0	137.386	0.378962	-0	-0	-0	0.378962
0	169.761	0	-4262.8	0	0	-0	-0	0	18.8496	28.4906	0	312.881	0.378962	-0	-0	-0	0.378962
0	173.35	0	-5615.53	0	0	-0	-0	0	18.8496	28.2314	0	-160.452	0.378962	0	-0	-0	0.378962
0	180.555	0	-1902.12	0	0	-0	-0	0	18.8496	27.7493	0	-165.959	0.378962	0	-0	-0	0.378962
0	182.845	0	1052.32	0	-0	-0	-0	0	18.8496	27.6887	0	72.5036	0.378962	-0	-0	-0	0.378962
0	161.797	0	-1181.47	0	0	-0	-0	0	18.8496	27.6935	0	-42.6575	0.378962	0	-0	-0	0.378962
0	193.684	0	-3939.59	0	0	-0	-0	0	18.8496	27.7892	0	163.244	0.378962	-0	-0	-0	0.378962
0	224.35	0	-4597.99	0	0	-0	-0	0	18.8496	28.0819	0	43.2943	0.378962	-0	-0	-0	0.378962
0	218.129	0	2737.84	0	-0	-0	-0	0	18.8496	28.5885	0	340.175	0.378962	-0	-0	-0	0.378962
0	181.248	0	-9999.31	0	0	-0	-0	0	18.8496	27.835	0	-276.571	0.378962	0	-0	-0	0.378962
0	194.388	0	1253.44	0	-0	-0	-0	0	18.8496	27.4976	0	-207.139	0.378962	0	-0	-0	0.378962
0	197.59	0	-1399.34	0	0	-0	-0	0	18.8496	27.4333	0	-126.215	0.378962	0	-0	-0	0.378962
0	187.215	0	-781.635	0	0	-0	-0	0	18.8496	27.4141	0	-88.3867	0.378962	0	-0	-0	0.378962
0	182.342	0	822.48	0	-0	-0	-0	0	18.8496	27.1167	0	95.0091	0.378962	-0	-0	-0	0.378962
0	157.135	0	-5412.02	0	0	-0	-0	0	18.8496	28.0989	0	619.818	0.378962	-0	-0	-0	0.378962
0	184.082	0	-5364.14	0	0	-0	-0	0	18.8496	28.6821	0	71.0671	0.378962	-0	-0	-0	0.378962
0	191.981	0	-3214.14	0	0	-0	-0	0	18.8496	27.6413	0	-406.337	0.378962	0	-0	-0	0.378962
0	188.355	0	-1966.76	0	0	-0	-0	0	18.8496	27.3652	0	-89.5838	0.378962	0	-0	-0	0.378962
0	175.386	0	2725.87	0	-0	-0	-0	0	18.8496	27.1363	0	-150.397	0.378962	0	-0	-0	0.378962
0	169.757	0	-1504.68	0	0	-0	-0	0	18.8496	27.0698	0	120.388	0.378962	-0	-0	-0	0.378962
0	191.173	0	-1906.91	0	0	-0	-0	0	18.8496	27.3412	0	165.877	0.378962	-0	-0	-0	0.378962
0	192.239	0	-5050.5	0	0	-0	-0	0	18.8496	27.7312	0	315.515	0.378962	-0	-0	-0	0.378962
0	227.28	0	-465.6	0	0	-0	-0	0	18.8496	28.0936	0	199.396	0.378962	-0	-0	-0	0.378962
0	183.978	0	-4861.35	0	0	-0	-0	0	18.8496	27.8222	0	-31.8836	0.378962	0	-0	-0	0.378962
0	189.048	0	-1478.35	0	0	-0	-0	0	18.8496	27.0698	0	-391.732	0.378962	0	-0	-0	0.378962
0	193.408	0	875.153	0	-0	-0	-0	0	18.8496	26.8836	0	-87.4291	0.378962	0	-0	-0	0.378962
0	176.02	0	-2522.22	0	0	-0	-0	0	18.8496	26.7357	0	-9.61751	0.378962	0	-0	-0	0.378962
0	164.012	0	1993.24	0	-0	-0	-0	0	18.8496	26.8777	0	22.4648	0.378962	-0	-0	-0	0.378962
0	156.479	0	1660.45	0	-0	-0	-0	0	18.8496	26.7612	0	80.1651	0.378962	-0	-0	-0	0.378962
0	112.449	0	1274.98	0	-0	-0	-0	0	18.8496	26.7894	0	130.204	0.378962	-0	-0	-0	0.378962
0	107.817	0	-6518.14	0	0	-0	-0	0	18.8496	27.529	0	585.342	0.378962	-0	-0	-0	0.378962
0	163.17	0	-10248.3	0	0	-0	-0	0	18.8496	28.5273	0	96.9245	0.378962	-0	-0	-0	0.378962
0	174.732	0	-247.728	0	0	-0	-0	0	18.8496	28.4757	0	112.008	0.378962	-0	-0	-0	0.378962
0	174.248	0	-2119.99	0	0	-0	-0	0	18.8496	27.8776	0	-248.08	0.378962	0	-0	-0	0.378962
0	176.86	0	954.161	0	-0	-0	-0	0	18.8496	27.8712	0	96.2062	0.378962	-0	-0	-0	0.378962
0	171.745	0	-3709.74	0	0	-0	-0	0	18.8496	27.9515	0	74.6584	0.378962	-0	-0	-0	0.378962
0	199.126	0	-1526.23	0	0	-0	-0	0	18.8496	27.868	0	-173.381	0.378962	0	-0	-0	0.378962
0	207.6	0	-1739.32	0	0	-0	-0	0	18.8496	27.81	0	92.1361	0.378962	-0	-0	-0	0.378962
0	209.568	0	2153.66	0	-0	-0	-0	0	18.8496	28.2383	0	249.675	0.378962	-0	-0	-0	0.378962
0	142.394	0	-7789.46	0	0	-0	-0	0	18.8496	28.5597	0	178.088	0.378962	-0	-0	-0	0.378962
0	180.589	0	-4382.51	0	0	-0	-0	0	18.8496	27.9829	0	-261.727	0.378962	0	-0	-0	0.378962
0	190.593	0	-889.374	0	0	-0	-0	0	18.8496	27.7589	0	-133.158	0.378962	0	-0	-0	0.378962
0	184.038	0	-230.969	0	0	-0	-0	0	18.8496	27.6802	0	-21.8279	0.378962	0	-0	-0	0.378962
0	184.388	0	920.642	0	-0	-0	-0	0	18.8496	27.4221	0	-83.3589	0.378962	0	-0	-0	0.378962
0	168.588	0	166.469	0	-0	-0	-0	0	18.8496	27.5902	0	178.806	0.378962	-0	-0	-0	0.378962
0	155.412	0	-3396.1	0	0	-0	-0	0	18.8496	28.4533	0	449.351	0.378962	-0	-0	-0	0.378962
0	160.837	0	-8107.89	0	0	-0	-0	0	18.8496	28.2064	0	-240.179	0.378962	0	-0	-0	0.378962
0	199.056	0	-1815.93	0	0	-0	-0	0	18.8496	27.2428	0	-328.286	0.378962	0	-0	-0	0.378962
0	167.609	0	-781.635	0	0	-0	-0	0	18.8496	27.3822	0	94.5303	0.378962	-0	-0	-0	0.378962
0	170.61	0	1804.1	0	-0	-0	-0	0	18.8496	27.1555	0	-233.475	0.378962	0	-0	-0	0.378962
0	155.666	0	951.767	0	-0	-0	-0	0	18.8496	26.9001	0	104.107	0.378962	-0	-0	-0	0.378962
0	156.325	0	-5972.26	0	0	-0	-0	0	18.8496	27.329	0	82.5592	0.378962	-0	-0	-0	0.378962
0	192.374	0	-3585.25	0	0	-0	-0	0	18.8496	28.2767	0	474.49	0.378962	-0	-0	-0	0.378962
0	176.919	0	-7317.81	0	0	-0	-0	0	18.8494	28.2383	-1.23767	-12.73	0.376967	0	-0	-0	0.376967
0	185.967	0	-2685.03	0	0	-0	-0	0	18.8393	27.4146	-8.7774	-319.906	0.364639	0	-0	-0	0.364639
0	178.637	0	2376.32	0	-0	-0	-0	0	18.8142	27.3444	-16.3171	38.7454	0.352008	-0	-0	-0	0.352008
0	188.307	0	-2017.04	0	0	-0	-0	0	18.7741	27.1502	-23.8568	-123.821	0.339074	0	-0	-0	0.339074
0	182.338	0	841.634	0	-0	-0	-0	0	18.7188	26.99	-31.3966	-90.781	0.325836	0	-0	-0	0.325836
0	180.683	0	808.115	0	-0	-0	-0	0	18.6485	26.7947	-38.9363	20.31	0.312296	-0	-0	-0	0.312296
0	151.664	0	-3142.32	0	0	-0	-0	0	18.5631	27.2066	-46.476	128.528	0.298452	-0	-0	-0	0.298452
0	167.488	0	-4803.89	0	0	-0	-0	0	18.4626	28.0133	-54.0158	502.023	0.284305	-0	-0	-0	0.284305
0	181.616	0	-7178.94	0	0	-0	-0	0	18.347	27.0118	-61.5555	-450.869	0.269855	0	-0	-0	0.269855
0	177.398	0	214.353	0	-0	-0	-0	0	18.2164	26.5915	-69.0952	-227.25	0.255102	0	-0	-0	0.255102
0	188.513	0	1047.54	0	-0	-0	-0	0	18.0706	26.4957	-76.6349	23.1831	0.240045	-0	-0	-0	0.240045
0	178.562	0	-554.186	0	0	-0	-0	0	17.9098	26.3568	-84.1747	-53.6708	0.224686	-0	-0	-0	0.224686
0	178.241	0	-614.041	0	0	-0	-0	0	17.7339	26.2498	-91.7144	20.7889	0.209023	-0	-0	-0	0.209023
0	191.844	0	-3681.01	0	0	-0	-0	0	17.543	26.2429	-99.2541	-0.519543	0.193057	-0	-0	-0	0.193057
0	186.641	0	-4246.04	0	0	-0	-0	0	17.3369	25.465	-106.794	-317.033	0.176788	0	-0	-0	0.176788
0	188.465	0	-5407.23	0	0	-0	-0	0	17.116	24.4359	-113.097	-445.602	0.162208	0	-0	-0	0.162208
0	195.22	0	-989.931	0	0	-0	-0	0	16.8898	23.7792	-113.097	-298.358	0.15766	0	-0	-0	0.15766
0	194.252	0	616.579	0	-0	-0	-0	0	16.6636	23.6303	-113.097	-228.208	0.155387	0	-0	-0	0.155387
0	197.725	0	-1732.13	0	0	-0	-0	0	16.4374	23.3998	-113.097	-69.4725	0.148565	-0	-0	-0	0.148565
0	200.002	0	-161.537	0	0	-0	-0	0	16.2112	22.9672	-113.097	-211.688	0.144018	0	-0	-0	0.144018
0	194.889	0	-3494.27	0	0	-0	-0	0	15.9851	22.5761	-113.097	-133.158	0.139471	0	-0	-0	0.139471
0	205.069	0	-2352.23	0	0	-0	-0	0	15.7589	21.4736	-113.097	-447.996	0.134923	0	-0	-0	0.134923
0	206.953	0	-4181.4	0	0	-0	-0	0	15.5327	20.9122	-113.097	-445.602	0.132649	0	-0	-0	0.130376
0	193.07	0	1562.29	0	-0	-0	-0	0	15.3065	20.0651	-113.097	-162.368	0.125828	0	-0	-0	0.125828
0	209.01	0	-1210.2	0	0	-0	-0	0	15.0803	20.0161	-113.097	-9.13867	0.121281	-0	-0	-0	0.121281
0	201.046	0	-2641.93	0	0	-0	-0	0	14.8541	19.997	-113.097	-46.9671	0.116733	-0	-0	-0	0.116733
0	189.674	0	458.561	0	-0	-0	-0	0	14.6279	19.5362	-113.097	-223.899	0.112186	0	-0	-0	0.112186
0	203.179	0	717.135	0	-0	-0	-0	0	14.4017	18.8088	-113.097	-198.52	0.107638	0	-0	-0	0.107638
0	204.955	0	-6405.62	0	0	-0	-0	0	14.1755	18.2735	-113.097	-176.254	0.103091	0	-0	-0	0.103091
0	195.648	0	-3752.84	0	0	-0	-0	0	13.9493	17.6408	-113.097	-401.309	0.0985432	0	-0	-0	0.0985432
0	206.405	0	1535.95	0	-0	-0	-0	0	13.7231	17.1199	-113.097	-146.326	0.0939957	0	-0	-0	0.0939957
0	214.605	0	-1600.45	0	0	-0	-0	0	13.4969	16.9272	-113.097	-91.7386	0.0894482	-0	-0	-0	0.0894482
0	212.852	0	712.347	0	-0	-0	-0	0	13.2707	16.7224	-113.097	-94.6117	0.0849007	-0	-0	-0	0.0849007
0	213.778	0	-1921.28	0	0	-0	-0	0	13.0446	16.253	-113.097	-179.845	0.0803533	0	-0	-0	0.0803533
0	215.121	0	-2687.42	0	0	-0	-0	0	12.8184	15.6395	-113.097	-237.306	0.0758058	0	-0	-0	0.0758058
0	208.919	0	-855.855	0	0	-0	-0	0	12.5922	15.1314	-113.097	-236.588	0.0712583	0	-0	-0	0.0712583
0	206.053	0	-1112.03	0	0	-0	-0	0	12.366	14.8344	-113.097	-116.159	0.0667108	0	-0	-0	0.0667108
0	218.947	0	-56.1919	0	0	-0	-0	0	12.1398	14.4955	-113.097	-127.891	0.0621633	0	-0	-0	0.0621633
0	222.842	0	-1753.68	0	0	-0	-0	0	11.9136	14.1469	-113.097	-154.946	0.0576158	0	-0	-0	0.0576158
0	221.076	0	-2227.73	0	0	-0	-0	0	11.6874	13.6872	-113.097	-209.054	0.0530684	0	-0	-0	0.0530684
0	219.593	0	-1504.68	0	0	-0	-0	0	11.4612	13.3317	-113.097	-139.144	0.0485209	0	-0	-0	0.0485209
0	224.215	0	-2074.5	0	0	-0	-0	0	11.235	13.1902	-113.097	-49.6007	0.0439734	-0	-0	-0	0.0439734
0	222.135	0	-1516.66	0	0	-0	-0	0	11.0088	12.9465	-113.097	-102.034	0.0394259	-0	-0	-0	0.0394259
0	211.425	0	-949.229	0	0	-0	-0	0	10.7826	12.5937	-113.097	-133.398	0.0348784	0	-0	-0	0.0348784
0	200.328	0	-1514.26	0	0	-0	-0	0	10.5564	12.3559	-113.097	-132.919	0.0303309	0	-0	-0	0.0303309
0	219.043	0	-1808.75	0	0	-0	-0	0	10.3303	12.0031	-113.097	-155.664	0.0257835	0	-0	-0	0.0257835
0	217.357	0	-1820.72	0	0	-0	-0	0	10.1041	11.8424	-113.097	-35.2355	0.021236	-0	-0	-0	0.021236
0	213.984	0	-2730.52	0	0	-0	-0	0	9.87787	11.5545	-113.097	-117.117	0.0166885	0	-0	-0	0.0166885
0	206.41	0	-2886.14	0	0	-0	-0	0	9.65168	11.1815	-113.097	-133.637	0.012141	0	-0	-0	0.012141
0	202.918	0	-551.792	0	0	-0	-0	0	9.42549	10.9841	-113.097	-121.906	0.00759354	0	-0	-0	0.00759354
0	203.39	0	-2299.56	0	0	-0	-0	0	9.1993	10.8638	-113.097	-81.2041	0.00304605	-0	-0	-0	0.00304605
0	197.642	0	-2333.08	0	0	-0	-0	0	8.97311	10.4653	-113.097	-150.157	-0.00150143	0	-0	-0	-0.00150143
0	196.772	0	-3477.51	0	0	-0	-0	0	8.74691	10.1694	-113.097	-81.683	-0.00604891	-0	-0	-0	-0.00604891
0	200.636	0	-2883.74	0	0	-0	-0	0	8.52072	9.88579	-113.097	-157.34	-0.0105964	0	-0	-0	-0.0105964
0	201.284	0	-2036.2	0	0	-0	-0	0	8.29453	9.52448	-113.097	-137.228	-0.0151439	0	-0	-0	-0.0151439
0	190.07	0	-1420.89	0	0	-0	-0	0	8.06834	9.34888	-113.097	-97.2453	-0.0196914	-0	-0	-0	-0.0196914
0	184.734	0	-1794.38	0	0	-0	-0	0	7.84215	9.16477	-113.097	-90.5415	-0.0242388	-0	-0	-0	-0.0242388
0	185.629	0	-3889.31	0	0	-0	-0	0	7.61595	8.76143	-113.097	-135.792	-0.0287863	0	-0	-0	-0.0287863
0	188.242	0	-1818.32	0	0	-0	-0	0	7.38976	8.4991	-113.097	-92.9357	-0.0333338	-0	-0	-0	-0.0333338
0	185.023	0	-1384.97	0	0	-0	-0	0	7.16357	8.36128	-113.097	-87.4291	-0.0378813	-0	-0	-0	-0.0378813
0	170.603	0	-1849.45	0	0	-0	-0	0	6.93738	8.05372	-113.097	-140.58	-0.0424288	0	-0	-0	-0.0424288
0	160.178	0	-937.258	0	0	-0	-0	0	6.71119	7.85897	-113.097	-28.7711	-0.0469763	-0	-0	-0	-0.0469763
0	153.656	0	-3271.6	0	0	-0	-0	0	6.485	7.65198	-113.097	-131.482	-0.0515237	0	-0	-0	-0.0515237
0	158.802	0	-2136.75	0	0	-0	-0	0	6.2588	7.27205	-113.097	-158.776	-0.0560712	0	-0	-0	-0.0560712
0	167.03	0	-1950.01	0	0	-0	-0	0	6.03261	7.02674	-113.097	-115.202	-0.0606187	0	-0	-0	-0.0606187
0	166.65	0	-2029.01	0	0	-0	-0	0	5.80642	6.79155	-113.097	-95.8088	-0.0651662	-0	-0	-0	-0.0651662
0	167.727	0	-1339.48	0	0	-0	-0	0	5.58023	6.61489	-113.097	-15.3636	-0.0697137	-0	-0	-0	-0.0697137
0	155.955	0	-2785.58	0	0	-0	-0	0	5.35404	6.34032	-113.097	-168.114	-0.0742611	0	-0	-0	-0.0742611
0	150.374	0	-503.908	0	0	-0	-0	0	5.12785	6.29669	-113.097	-8.42041	-0.0788086	-0	-0	-0	-0.0788086
0	141.326	0	-2594.05	0	0	-0	-0	0	4.90165	6.02637	-113.097	-165.719	-0.0833561	0	-0	-0	-0.0833561
0	142.833	0	-1935.64	0	0	-0	-0	0	4.67546	5.6523	-113.097	-104.188	-0.0879036	-0	-0	-0	-0.0879036
0	143.774	0	-1303.57	0	0	-0	-0	0	4.44927	5.52619	-113.097	-34.2778	-0.0924511	-0	-0	-0	-0.0924511
0	141.507	0	-2428.85	0	0	-0	-0	0	4.22308	5.20319	-113.097	-193.253	-0.0969985	0	-0	-0	-0.0969985
0	137.185	0	-1799.17	0	0	-0	-0	0	3.99689	4.96374	-113.097	-91.0204	-0.101546	-0	-0	-0	-0.101546
0	133.94	0	-1370.61	0	0	-0	-0	0	3.7707	4.77857	-113.097	-84.0772	-0.106094	-0	-0	-0	-0.106094
0	124.624	0	-2043.38	0	0	-0	-0	0	3.5445	4.56892	-113.097	-87.6685	-0.110641	-0	-0	-0	-0.110641
0	125.011	0	-1909.3	0	0	-0	-0	0	3.31831	4.28796	-113.097	-49.3613	-0.115188	-0	-0	-0	-0.115188
0	130.975	0	-2395.33	0	0	-0	-0	0	3.09212	3.97987	-113.097	-207.139	-0.119736	0	-0	-0	-0.119736
0	128.749	0	-1918.88	0	0	-0	-0	0	2.86593	3.75904	-113.097	-114.005	-0.124283	0	-0	-0	-0.124283
0	126.797	0	-1459.19	0	0	-0	-0	0	2.63974	3.42062	-113.097	-156.621	-0.128831	0	-0	-0	-0.128831
0	125.395	0	-1746.5	0	0	-0	-0	0	2.41354	3.16893	-113.097	-90.0627	-0.133378	-0	-0	-0	-0.133378
0	119.662	0	-1787.2	0	0	-0	-0	0	2.18735	3.02685	-113.097	20.31	-0.137926	-0	-0	-0	-0.137926
0	105.073	0	-2941.21	0	0	-0	-0	0	1.96116	2.68151	-113.097	-233.475	-0.142473	0	-0	-0	-0.142473
0	97.7217	0	-1691.43	0	0	-0	-0	0	1.73497	2.3979	-113.097	-103.71	-0.147021	-0	-0	-0	-0.147021
0	96.9175	0	-1205.41	0	0	-0	-0	0	1.51397	2.17228	-106.841	-135.074	-0.141402	0	-0	-0	-0.141402
0	99.0468	0	-1643.55	0	0	-0	-0	0	1.30783	1.76681	-99.3016	-158.776	-0.13342	0	-0	-0	-0.13342
0	95.6586	0	-2175.06	0	0	-0	-0	0	1.11677	1.58217	-91.7618	19.8312	-0.125134	-0	-0	-0	-0.125134
0	91.8678	0	-2249.28	0	0	-0	-0	0	0.940787	1.43052	-84.2221	-136.031	-0.116546	0	-0	-0	-0.116546
0	89.5885	0	-1001.9	0	0	-0	-0	0	0.779884	1.34538	-76.6824	-77.3734	-0.107654	0	-0	-0	-0.107654
0	82.1117	0	-1325.12	0	0	-0	-0	0	0.634061	1.1916	-69.1427	-47.4459	-0.098459	-0	-0	-0	-0.098459
0	88.0927	0	-1286.81	0	0	-0	-0	0	0.503317	1.11817	-61.6029	-61.3323	-0.088961	-0	-0	-0	-0.088961
0	86.8419	0	-2141.54	0	0	-0	-0	0	0.387653	1.00536	-54.0632	69.6306	-0.0791597	-0	-0	-0	-0.0791597
0	77.12	0	-1973.95	0	0	-0	-0	0	0.287067	1.00589	-46.5235	-63.9659	-0.0690553	0	-0	-0	-0.0690553
0	75.9461	0	-1645.94	0	0	-0	-0	0	0.201561	1.03835	-38.9838	-51.2766	-0.0586478	0	-0	-0	-0.0586478
0	71.9791	0	-515.879	0	0	-0	-0	0	0.131134	0.826036	-31.444	-35.9537	-0.0479371	0	-0	-0	-0.0479371
0	67.4534	0	-934.864	0	0	-0	-0	0	0.0757864	0.834017	-23.9043	-29.0105	-0.0369232	0	-0	-0	-0.0369232
0	68.971	0	-2134.36	0	0	-0	-0	0	0.0355181	0.873394	-16.3646	98.6004	-0.0256061	-0	-0	-0	-0.0256061
0	64.8938	0	-2222.94	0	0	-0	-0	0	0.0103289	0.794641	-8.82487	-75.9369	-0.0139859	0	-0	-0	-0.0139859
0	69.0524	0	-817.548	0	0	-0	-0	0	0.000219048	0.79198	-1.28514	-37.3902	-0.00206257	0	-0	-0	-0.00206257
0	64.9079	0	-1076.12	0	0	-0	-0	0	0	0.836678	0	32.0416	0	-0	-0	-0	0
0	59.9848	0	-1875.79	0	0	-0	-0	0	0	0.725998	0	-72.3456	0	0	-0	-0	0
0	59.2422	0	-1210.2	0	0	-0	-0	0	0	0.680769	0	107.698	0	-0	-0	-0	0
0	54.6253	0	-2309.14	0	0	-0	-0	0	0	0.652567	0	-102.752	0	0	-0	-0	0
0	52.7454	0	-1665.1	0	0	-0	-0	0	0	0.513153	0	-116.399	0	0	-0	-0	0
0	54.573	0	-1258.08	0	0	-0	-0	0	0	0.417905	0	23.4225	0	-0	-0	-0	0
0	50.553	0	-977.96	0	0	-0	-0	0	0	0.486016	0	22.2254	0	-0	-0	-0	0
0	46.9599	0	-1052.18	0	0	-0	-0	0	0	0.453557	0	32.5204	0	-0	-0	-0	0
0	47.8018	0	-1918.88	0	0	-0	-0	0	0	0.360969	0	-66.5995	0	0	-0	-0	0
0	42.036	0	-908.528	0	0	-0	-0	0	0	0.390768	0	-55.5862	0	0	-0	-0	0
0	40.8322	0	-1396.94	0	0	-0	-0	0	0	0.387575	0	41.1396	0	-0	-0	-0	0
0	39.1554	0	-968.383	0	0	-0	-0	0	0	0.347666	0	-7.94157	0	0	-0	-0	0
0	35.2068	0	-570.945	0	0	-0	-0	0	0	0.340217	0	45.2097	0	-0	-0	-0	0
0	35.0004	0	-1782.41	0	0	-0	-0	0	0	0.303501	0	-62.5294	0	0	-0	-0	0
0	32.6698	0	-570.945	0	0	-0	-0	0	0	0.26785	0	-52.4737	0	0	-0	-0	0
0	24.9986	0	-805.577	0	0	-0	-0	0	0	0.235923	0	15.0428	0	-0	-0	-0	0
0	22.4671	0	-1203.01	0	0	-0	-0	0	0	0.235923	0	8.33901	0	-0	-0	-0	0
0	21.8058	0	-1207.8	0	0	-0	-0	0	0	0.226877	0	33.2387	0	-0	-0	-0	0
0	22.69	0	-1880.57	0	0	-0	-0	0	0	0.145464	0	-64.6841	0	0	-0	-0	0
0	23.3053	0	-798.394	0	0	-0	-0	0	0	0.148124	0	-43.1363	0	0	-0	-0	0
0	19.5936	0	-1162.31	0	0	-0	-0	0	0	0.130564	0	26.2955	0	-0	-0	-0	0
0	15.2829	0	-2088.87	0	0	-0	-0	0	0	0.101298	0	-52.9526	0	0	-0	-0	0
0	13.9776	0	-1301.18	0	0	-0	-0	0	0	0.0518118	0	-34.996	0	0	-0	-0	0
0	11.9768	0	-786.423	0	0	-0	-0	0	0	0.0246741	0	20.31	0	-0	-0	-0	0
0	7.70665	0	-776.847	0	0	-0	-0	0	0	0.0145639	0	-35.2355	0	0	-0	-0	0
0	6.09324	0	-645.166	0	0	-0	-0	0	0	0.010307	0	35.8723	0	-0	-0	-0	0
0	2.26472	0	-2199	0	0	-0	-0	0	0	0.0108391	0	-30.9259	0	0	-0	-0	0
0	1.17899	0	-834.307	0	0	-0	-0	0	0	-0.00139946	0	-3.15316	0	0	0	-0	0
0	0.18718	0	-736.145	0	0	-0	-0	0	0	-0.00139946	0	19.5918	0	0	0	-0	0
0	-0.651013	0	-365.044	0	0	0	-0	0	0	-0.0152344	0	-43.8546	0	0	0	-0	0
0	-0.108281	0	353.217	0	0	0	-0	0	0	-0.0210876	0	61.9691	0	0	0	-0	0
0	-1.47319	0	-1430.46	0	0	0	-0	0	0	0.000728994	0	-34.996	0	0	-0	-0	0
0	-0.549535	0	53.9414	0	0	0	-0	0	0	0.000196882	0	-17.279	0	0	-0	-0	0
0	-0.252218	0	199.988	0	0	0	-0	0	0	-0.00672058	0	21.7465	0	0	0	-0	0
0	-0.201155	0	293.362	0	0	0	-0	0	0	-0.0141702	0	-35.4749	0	0	0	-0	0
0	0.114286	0	652.492	0	-0	-0	-0	0	0	-0.00778481	0	52.1529	0	0	0	-0	0
0	-0.718668	0	-1449.62	0	0	0	-0	0	0	0.00977491	0	-22.5462	0	0	-0	-0	0
0	-0.847915	0	18.0283	0	0	0	-0	0	0	0.00551801	0	2.59292	0	-0	-0	-0	0
0	0.616613	0	85.066	0	-0	-0	-0	0	0	-0.00618847	0	5.46596	0	0	0	-0	0
0	-0.0999445	0	286.179	0	0	0	-0	0	0	-0.0184271	0	-32.3624	0	0	0	-0	0
0	0.729434	0	671.645	0	-0	-0	-0	0	0	-0.0147023	0	51.6741	0	0	0	-0	0
0	-0.617933	0	-1444.83	0	0	0	-0	0	0	0.00658223	0	-16.3213	0	0	-0	-0	0
0	-0.147171	0	94.6428	0	0	0	-0	0	0	0.0129676	0	-10.8146	0	0	-0	-0	0
0	0.210821	0	130.556	0	-0	-0	-0	0	0	-0.00938115	0	2.3535	0	0	0	-0	0
0	-0.839591	0	235.901	0	0	0	-0	0	0	-0.00884903	0	-24.4616	0	0	0	-0	0
0	0.40685	0	578.272	0	-0	-0	-0	0	0	-0.00246368	0	47.1251	0	0	0	-0	0
0	-0.854378	0	-1480.74	0	0	0	-0	0	0	0.00285744	0	-21.3491	0	0	-0	-0	0
0	-0.162339	0	63.5182	0	0	0	-0	0	0	0.00605012	0	1.39582	0	-0	-0	-0	0
0	0.0217824	0	34.7878	0	-0	-0	-0	0	0	-0.00246368	0	-0.998382	0	0	0	-0	0
0	-0.9988	0	233.507	0	0	0	-0	0	0	-0.0157665	0	-22.7856	0	0	0	-0	0
