0	0.529369	0	317.998	0	0	-0	0	0	0	0.00165487	0	29.8653	0	-3.30974e-05	-3.30974e-05	0	-3.30974e-05
0	0.673918	0	-809.671	0	0	-0	-0	0	0.00753982	0.0154898	7.53982	12.8664	0.0122784	-0.000158999	-0.000158999	0	0.0121194
0	0.0906191	0	-7.61356	0	0	-0	-0	0	0.0301593	-0.0169691	15.0796	-14.188	0.0248599	0.000942567	0.000942567	0	0.0258025
0	0.512449	0	588.543	0	-0	-0	-0	0	0.0678584	-0.0233544	22.6195	-24.4831	0.0377446	0.00182426	0.00182426	0	0.0395688
0	0.67468	0	363.488	0	-0	-0	-0	0	0.120637	-0.0169691	30.1593	23.4009	0.0509325	0.00275212	0.00275212	0	0.0536846
0	-0.323089	0	-955.717	0	0	0	-0	0	0.188496	0.00484755	37.6991	7.35977	0.0644235	0.00367296	0.00367296	0	0.0680965
0	0.139016	0	-153.66	0	0	-0	-0	0	0.271434	-0.00260203	45.2389	-6.28717	0.0782177	0.00548071	0.00548071	0	0.0836984
0	-0.122512	0	90.5487	0	0	0	-0	0	0.369451	-0.00951949	52.7788	26.7528	0.0852285	0.00656154	0.00656154	0	0.09179
0	-0.198651	0	23.5111	0	0	0	-0	0	0.482549	-0.00366626	60.3186	15.7395	0.0994775	0.00855563	0.00855563	0	0.108033
0	-0.968172	0	-529.55	0	0	0	-0	0	0.610726	0.0128292	67.8584	-0.780508	0.11403	0.0106385	0.0106385	0	0.124668
0	-0.353829	0	-29.1614	0	0	0	-0	0	0.753982	0.00857233	75.3982	11.4299	0.128885	0.0134379	0.0134379	0	0.142323
0	-1.0023	0	-1080.22	0	0	0	-0	0	0.912319	0.021343	82.9381	-6.5266	0.151736	0.0178195	0.0178195	0	0.169556
0	6.26151	0	289.267	0	-0	-0	-0	0	1.08573	0.0702974	90.4779	6.88094	0.16735	0.0203087	0.0203087	0	0.187658
0	2.93128	0	1958.03	0	-0	-0	-0	0	1.27423	0.329968	98.0177	90.9174	0.183266	0.0188852	0.0188852	0	0.202151
0	3.28823	0	-328.437	0	0	-0	-0	0	1.47781	0.358702	105.558	38.0056	0.191338	0.0203086	0.0203086	0	0.211646
0	3.91556	0	25.9053	0	-0	-0	-0	0	1.69646	0.391693	113.097	30.3441	0.216008	0.0260953	0.0260953	0	0.242104
0	4.59667	0	674.734	0	-0	-0	-0	0	1.92265	0.410849	113.097	13.8241	0.218282	0.0279742	0.0279742	0	0.246256
0	5.11746	0	538.264	0	-0	-0	-0	0	2.14885	0.601346	113.097	115.578	0.222829	0.0286881	0.0286881	0	0.251518
0	5.90027	0	701.07	0	-0	-0	-0	0	2.26195	0.664667	113.097	60.0322	0.225103	0.0296836	0.0296836	0	0.254787
0	6.22614	0	346.728	0	-0	-0	-0	0	2.48814	0.982338	113.097	87.805	0.231925	0.030116	0.030116	0	0.262041
0	6.01985	0	772.896	0	-0	-0	-0	0	2.71433	1.12282	113.097	143.35	0.236472	0.0318304	0.0318304	0	0.268302
0	7.02464	0	346.728	0	-0	-0	-0	0	2.94053	1.44474	113.097	125.155	0.24102	0.0299157	0.0299157	0	0.270935
0	7.05507	0	332.363	0	-0	-0	-0	0	3.16672	1.5533	113.097	82.5377	0.243293	0.0300066	0.0300066	0	0.2733
0	8.99922	0	969.221	0	-0	-0	-0	0	3.39292	1.74007	113.097	57.638	0.247841	0.0307951	0.0307951	0	0.278636
0	9.10193	0	188.711	0	-0	-0	-0	0	3.61911	1.99814	113.097	145.266	0.252388	0.0301575	0.0301575	0	0.282546
0	9.5099	0	315.604	0	-0	-0	-0	0	3.84531	2.23121	113.097	55.4832	0.25921	0.032282	0.032282	0	0.291492
0	10.0855	0	104.914	0	-0	-0	-0	0	4.0715	2.35412	113.097	74.6368	0.261484	0.0320856	0.0320856	0	0.293569
0	9.56974	0	-977.265	0	0	-0	-0	0	4.2977	2.80216	113.097	125.873	0.268305	0.0299106	0.0299106	0	0.298215
0	10.506	0	-50.7092	0	0	-0	-0	0	4.52389	3.09376	113.097	131.858	0.272852	0.0286026	0.0286026	0	0.301455
0	10.0476	0	408.978	0	-0	-0	-0	0	4.75008	3.40611	113.097	112.705	0.2774	0.0268794	0.0268794	0	0.304279
0	10.4797	0	-349.984	0	0	-0	-0	0	4.97628	3.74986	113.097	161.786	0.281947	0.0245284	0.0245284	0	0.306476
0	9.18832	0	389.824	0	-0	-0	-0	0	5.20247	4.14734	113.097	210.388	0.286495	0.0211026	0.0211026	0	0.307597
0	8.84017	0	-869.526	0	0	-0	-0	0	5.42867	4.39265	113.097	74.8763	0.291042	0.0207204	0.0207204	0	0.311763
0	9.09236	0	-555.886	0	0	-0	-0	0	5.65486	4.4996	113.097	135.928	0.29559	0.0231052	0.0231052	0	0.318695
0	7.41494	0	969.221	0	-0	-0	-0	0	5.88106	4.93008	113.097	98.3394	0.300138	0.0190195	0.0190195	0	0.319157
0	6.47696	0	-53.1034	0	0	-0	-0	0	6.10725	5.09557	113.097	76.0734	0.302411	0.0179717	0.0179717	0	0.320383
0	5.79282	0	-620.529	0	0	-0	-0	0	6.33345	5.45687	113.097	147.181	0.306959	0.0152695	0.0152695	0	0.322228
0	8.134	0	-96.199	0	0	-0	-0	0	6.55964	5.96451	113.097	108.635	0.31378	0.0119027	0.0119027	0	0.325683
0	7.19711	0	-247.034	0	0	-0	-0	0	6.78584	6.30879	113.097	131.379	0.318328	0.00954103	0.00954103	0	0.327869
0	5.28289	0	487.986	0	-0	-0	-0	0	7.01203	6.70893	113.097	178.545	0.322875	0.00606196	0.00606196	0	0.328937
0	7.65241	0	-170.419	0	0	-0	-0	0	7.23823	7.18039	113.097	209.43	0.327423	0.00115684	0.00115684	0	0.32858
0	10.7337	0	-1185.56	0	0	-0	-0	0	7.46442	7.66408	113.097	217.092	0.33197	-0.00399308	-0.00399308	0	0.327977
0	13.2381	0	138.433	0	-0	-0	-0	0	7.69062	7.87533	113.097	235.048	0.336518	-0.00369415	-0.00369415	0	0.332824
0	10.7839	0	-55.4976	0	0	-0	-0	0	7.91681	8.59208	113.097	161.546	0.341066	-0.0135054	-0.0135054	0	0.32756
0	8.222	0	-67.4686	0	0	-0	-0	0	8.25611	9.03693	113.097	217.331	0.345613	-0.0178784	-0.0178784	0	0.327735
0	13.1167	0	638.821	0	-0	-0	-0	0	8.4823	9.66748	113.097	151.97	0.352434	-0.0237036	-0.0237036	0	0.328731
0	12.1156	0	-800.094	0	0	-0	-0	0	8.7085	9.88033	113.097	141.196	0.356982	-0.0234366	-0.0234366	0	0.333545
0	11.3317	0	495.169	0	-0	-0	-0	0	8.93469	10.4944	113.097	219.007	0.361529	-0.0311938	-0.0311938	0	0.330336
0	8.42826	0	-1398.64	0	0	-0	-0	0	9.16089	10.7764	113.097	96.1847	0.366077	-0.0323104	-0.0323104	0	0.333767
0	8.31057	0	-539.126	0	0	-0	-0	0	9.38708	10.9392	113.097	207.515	0.368351	-0.0333049	-0.0333049	0	0.335046
0	10.2188	0	64.2125	0	-0	-0	-0	0	9.61328	11.4681	113.097	106.001	0.375172	-0.0370975	-0.0370975	0	0.338075
0	13.7302	0	-816.854	0	0	-0	-0	0	9.83947	11.8273	113.097	196.023	0.37972	-0.0397571	-0.0397571	0	0.339963
0	21.3398	0	-524.761	0	0	-0	-0	0	10.0657	12.1764	113.097	208.473	0.384267	-0.0422145	-0.0422145	0	0.342053
0	21.725	0	-1166.41	0	0	-0	-0	0	10.2919	12.5877	113.097	122.76	0.388815	-0.0459171	-0.0459171	0	0.342898
0	20.0796	0	-62.6802	0	0	-0	-0	0	10.5181	12.7894	113.097	227.387	0.391089	-0.0476885	-0.0476885	0	0.3434
0	12.8757	0	329.969	0	-0	-0	-0	0	10.7443	13.405	113.097	167.053	0.39791	-0.0532158	-0.0532158	0	0.344694
0	5.37555	0	-1334	0	0	-0	-0	0	10.9704	13.7674	113.097	197.938	0.402457	-0.0559392	-0.0559392	0	0.346518
0	5.72485	0	181.528	0	-0	-0	-0	0	11.1966	14.2266	113.097	285.327	0.407005	-0.0605996	-0.0605996	0	0.346405
0	11.3917	0	-1096.98	0	0	-0	-0	0	11.4228	14.7247	113.097	102.888	0.411553	-0.0660368	-0.0660368	0	0.345516
0	13.3835	0	-1353.16	0	0	-0	-0	0	11.649	14.8806	113.097	218.528	0.413826	-0.0668931	-0.0668931	0	0.346933
0	30.4292	0	-268.582	0	0	-0	-0	0	11.8752	15.3584	113.097	147.421	0.420648	-0.069664	-0.069664	0	0.350984
0	33.4038	0	-1496.81	0	0	-0	-0	0	12.1014	15.6101	113.097	69.609	0.422921	-0.0724358	-0.0724358	-0	0.350486
0	33.8068	0	-278.158	0	0	-0	-0	0	12.3276	15.9294	113.097	166.574	0.427469	-0.0742972	-0.0742972	-0	0.353172
0	34.201	0	-1870.3	0	0	-0	-0	0	12.5538	16.5557	113.097	121.324	0.43429	-0.0800373	-0.0800373	-0	0.354253
0	46.7382	0	411.372	0	-0	-0	-0	0	12.78	16.8223	113.097	120.606	0.438838	-0.0808451	-0.0808451	-0	0.357993
0	50.6104	0	-1810.45	0	0	-0	-0	0	13.0062	17.3139	113.097	173.757	0.443385	-0.0861547	-0.0861547	-0	0.357231
0	47.869	0	428.131	0	-0	-0	-0	0	13.2324	17.6199	113.097	207.994	0.447933	-0.0877501	-0.0877501	-0	0.360183
0	47.2347	0	535.87	0	-0	-0	-0	0	13.4586	17.7476	113.097	114.381	0.450207	-0.0880423	-0.0880423	-0	0.362164
0	33.621	0	-730.662	0	0	-0	-0	0	13.6848	18.2819	113.097	81.58	0.457028	-0.0919412	-0.0919412	-0	0.365087
0	36.4649	0	-1082.61	0	0	-0	-0	0	13.911	18.5665	113.097	123.479	0.461576	-0.093111	-0.093111	-0	0.368465
0	43.0317	0	-531.944	0	0	-0	-0	0	14.1372	18.981	113.097	187.643	0.466123	-0.0968774	-0.0968774	-0	0.369246
0	46.7691	0	-74.6512	0	0	-0	-0	0	14.3634	19.279	113.097	178.785	0.470671	-0.0983131	-0.0983131	-0	0.372358
0	42.2214	0	-694.749	0	0	-0	-0	0	14.5896	19.7797	113.097	226.429	0.475218	-0.103804	-0.103804	-0	0.371415
0	41.9249	0	-378.715	0	0	-0	-0	0	14.8158	19.8665	113.097	97.1423	0.477492	-0.103276	-0.103276	-0	0.374216
0	59.824	0	-1408.22	0	0	-0	-0	0	15.042	20.406	113.097	131.619	0.484313	-0.107282	-0.107282	-0	0.377032
0	57.4785	0	-864.738	0	0	-0	-0	0	15.2682	20.6769	113.097	112.226	0.488861	-0.108175	-0.108175	-0	0.380686
0	47.7057	0	-989.236	0	0	-0	-0	0	15.4943	21.0728	113.097	232.415	0.493408	-0.111569	-0.111569	-0	0.38184
0	54.0971	0	-2274.92	0	0	-0	-0	0	15.7205	21.465	113.097	165.617	0.497956	-0.114888	-0.114888	-0	0.383068
0	66.0319	0	-962.9	0	0	-0	-0	0	15.9467	21.6299	113.097	150.294	0.50023	-0.115925	-0.115925	-0	0.384305
0	81.7753	0	-2284.5	0	0	-0	-0	0	16.1729	22.0758	113.097	110.071	0.507051	-0.118058	-0.118058	-0	0.388994
0	82.0034	0	1096.11	0	-0	-0	-0	0	16.3991	22.5052	113.097	140.238	0.511599	-0.122122	-0.122122	-0	0.389477
0	87.5952	0	-2325.2	0	0	-0	-0	0	16.6253	23.0044	113.097	267.849	0.516146	-0.127581	-0.127581	-0	0.388566
0	83.4659	0	-3026.7	0	0	-0	-0	0	16.8515	23.1629	113.097	154.124	0.51842	-0.12849	-0.12849	-0	0.38993
0	78.548	0	-1695.53	0	0	-0	-0	0	17.0777	23.62	113.097	250.85	0.525241	-0.130846	-0.130846	-0	0.394395
0	73.2719	0	-1808.05	0	0	-0	-0	0	17.3006	23.9707	108.07	130.901	0.521636	-0.133402	-0.133402	-0	0.388234
0	89.618	0	-515.184	0	0	-0	-0	0	17.5092	24.2277	100.53	79.6647	0.513703	-0.13437	-0.13437	-0	0.379333
0	98.5206	0	-2282.11	0	0	-0	-0	0	17.7027	24.5278	92.9905	151.012	0.505467	-0.136502	-0.136502	-0	0.368965
0	95.3137	0	-1748.2	0	0	-0	-0	0	17.8811	24.9503	85.4507	176.151	0.496928	-0.141383	-0.141383	-0	0.355544
0	108.161	0	-1448.92	0	0	-0	-0	0	18.0445	25.0897	77.9109	211.825	0.488085	-0.140904	-0.140904	-0	0.347181
0	112.857	0	-2789.68	0	0	-0	-0	0	18.1928	25.0849	70.371	-122.406	0.478939	-0.137843	-0.137843	-0	0.341097
0	113.279	0	-1379.49	0	0	-0	-0	0	18.326	25.0759	62.8312	87.0867	0.469491	-0.134998	-0.134998	-0	0.334493
0	120.723	0	-1535.11	0	0	-0	-0	0	18.4441	25.2185	55.2913	187.404	0.464653	-0.136631	-0.136631	-0	0.328021
0	123.854	0	-1702.71	0	0	-0	-0	0	18.5471	25.3536	47.7515	84.4531	0.449683	-0.13613	-0.13613	-0	0.313554
0	115.505	0	-1626.09	0	0	-0	-0	0	18.6351	25.451	40.2117	138.083	0.439325	-0.136318	-0.136318	-0	0.303007
0	114.573	0	-924.593	0	0	-0	-0	0	18.708	25.4377	32.6718	-47.4674	0.428664	-0.134594	-0.134594	-0	0.294069
0	120.857	0	-2619.69	0	0	-0	-0	0	18.7658	25.3478	25.132	-37.8906	0.417699	-0.13164	-0.13164	-0	0.286059
0	123.909	0	-2442.52	0	0	-0	-0	0	18.8085	25.3057	17.5921	26.7528	0.412103	-0.130334	-0.130334	-0	0.281769
0	137.457	0	-1257.39	0	0	-0	-0	0	18.8362	25.0461	10.0523	23.6404	0.39486	-0.124198	-0.124198	-0	0.270662
0	142.461	0	-2531.1	0	0	-0	-0	0	18.8487	25.0461	2.51247	11.1905	0.382986	-0.123947	-0.123947	-0	0.259039
0	129.265	0	-1065.85	0	0	-0	-0	0	18.8496	24.8774	0	-9.39963	0.378962	-0.120557	-0.120557	-0	0.258405
0	127.195	0	-2528.71	0	0	-0	-0	0	18.8496	24.7007	0	-98.2245	0.378962	-0.117023	-0.117023	-0	0.261938
0	141.724	0	-1559.06	0	0	-0	-0	0	18.8496	24.4991	0	-129.11	0.378962	-0.11299	-0.11299	-0	0.265972
0	140.787	0	-2035.5	0	0	-0	-0	0	18.8496	24.5597	0	89.0021	0.378962	-0.114203	-0.114203	-0	0.264759
0	154.411	0	-2174.37	0	0	-0	-0	0	18.8496	24.4384	0	-68.5364	0.378962	-0.111777	-0.111777	-0	0.267185
0	167.534	0	-1896.64	0	0	-0	-0	0	18.8496	24.1542	0	-15.3851	0.378962	-0.106094	-0.106094	-0	0.272868
0	164.681	0	-1858.33	0	0	-0	-0	0	18.8496	24.1356	0	-34.5387	0.378962	-0.105721	-0.105721	-0	0.27324
0	171.762	0	-1556.66	0	0	-0	-0	0	18.8496	24.1713	0	-4.85065	0.378962	-0.106434	-0.106434	-0	0.272527
0	173.968	0	-3486.39	0	0	-0	-0	0	18.8496	24.1803	0	89.4809	0.378962	-0.106615	-0.106615	-0	0.272346
0	156.094	0	-1259.78	0	0	-0	-0	0	18.8496	23.9643	0	-97.7457	0.378962	-0.102295	-0.102295	-0	0.276667
0	165.547	0	-3419.35	0	0	-0	-0	0	18.8496	23.8318	0	41.5969	0.378962	-0.0996446	-0.0996446	-0	0.279317
0	173.516	0	-1276.54	0	0	-0	-0	0	18.8496	23.6929	0	-37.1724	0.378962	-0.096867	-0.096867	-0	0.282095
0	171.771	0	-2389.84	0	0	-0	-0	0	18.8496	23.6035	0	-47.4674	0.378962	-0.095079	-0.095079	-0	0.283883
0	178.916	0	-1518.35	0	0	-0	-0	0	18.8496	23.5769	0	-76.1979	0.378962	-0.094547	-0.094547	-0	0.284415
0	187.806	0	-2265.35	0	0	-0	-0	0	18.8496	23.3971	0	42.0757	0.378962	-0.0909499	-0.0909499	-0	0.288012
0	189.859	0	-2564.62	0	0	-0	-0	0	18.8496	23.3891	0	27.4711	0.378962	-0.0907902	-0.0907902	-0	0.288171
0	202.19	0	-261.399	0	0	-0	-0	0	18.8496	23.462	0	71.0455	0.378962	-0.0922482	-0.0922482	-0	0.286713
0	195.327	0	-4077.76	0	0	-0	-0	0	18.8496	23.405	0	-128.152	0.378962	-0.0911095	-0.0911095	-0	0.287852
0	203.665	0	-1221.47	0	0	-0	-0	0	18.8496	23.1576	0	-48.904	0.378962	-0.0861609	-0.0861609	-0	0.292801
0	211.008	0	-2131.27	0	0	-0	-0	0	18.8496	23.147	0	30.5835	0.378962	-0.085948	-0.085948	-0	0.293014
0	195.046	0	-709.115	0	0	-0	-0	0	18.8496	23.3066	0	68.4119	0.378962	-0.0891407	-0.0891407	-0	0.289821
0	206.185	0	-3258.94	0	0	-0	-0	0	18.8496	23.4178	0	31.3018	0.378962	-0.0913649	-0.0913649	-0	0.287597
0	210.094	0	-3651.59	0	0	-0	-0	0	18.8496	23.2209	0	-5.09006	0.378962	-0.0874273	-0.0874273	-0	0.291534
0	196.831	0	-132.112	0	0	-0	-0	0	18.8496	22.8144	0	-188.486	0.378962	-0.0792966	-0.0792966	-0	0.299665
0	210.554	0	-1451.32	0	0	-0	-0	0	18.8496	22.8373	0	-1.97761	0.378962	-0.0797543	-0.0797543	-0	0.299207
0	206.577	0	-2490.4	0	0	-0	-0	0	18.8496	22.9464	0	61.2293	0.378962	-0.0819359	-0.0819359	-0	0.297026
0	209.451	0	-2.82516	0	0	-0	-0	0	18.8496	22.9437	0	84.9319	0.378962	-0.0818827	-0.0818827	-0	0.297079
0	219.838	0	-3457.66	0	0	-0	-0	0	18.8496	22.998	0	-20.6524	0.378962	-0.0829681	-0.0829681	-0	0.295994
0	213.749	0	-2902.2	0	0	-0	-0	0	18.8496	22.8362	0	-61.8327	0.378962	-0.0797329	-0.0797329	-0	0.299229
0	218.7	0	-883.891	0	0	-0	-0	0	18.8496	22.5164	0	-139.165	0.378962	-0.0733369	-0.0733369	-0	0.305625
0	221.397	0	-2473.64	0	0	-0	-0	0	18.8496	22.4962	0	36.0902	0.378962	-0.0729325	-0.0729325	-0	0.306029
0	217.491	0	-558.28	0	0	-0	-0	0	18.8496	22.5499	0	70.0879	0.378962	-0.0740074	-0.0740074	-0	0.304954
0	220.841	0	-1623.7	0	0	-0	-0	0	18.8496	22.5286	0	24.8375	0.378962	-0.0735817	-0.0735817	-0	0.30538
0	219.67	0	-2327.59	0	0	-0	-0	0	18.8496	22.509	0	5.68384	0.378962	-0.0731879	-0.0731879	-0	0.305774
0	218.027	0	-1254.99	0	0	-0	-0	0	18.8496	22.2668	0	-104.928	0.378962	-0.0683458	-0.0683458	-0	0.310616
0	230.088	0	-3261.33	0	0	-0	-0	0	18.8496	22.1663	0	1.37427	0.378962	-0.0663343	-0.0663343	-0	0.312627
0	233.104	0	-1199.93	0	0	-0	-0	0	18.8496	22.0747	0	-31.4263	0.378962	-0.0645039	-0.0645039	-0	0.314458
0	235.342	0	-2432.94	0	0	-0	-0	0	18.8496	22.1609	0	33.9354	0.378962	-0.0662279	-0.0662279	-0	0.312734
0	236.841	0	-2490.4	0	0	-0	-0	0	18.8496	22.3126	0	76.5522	0.378962	-0.0692609	-0.0692609	-0	0.309701
0	236.023	0	-2006.77	0	0	-0	-0	0	18.8496	22.1854	0	-53.2135	0.378962	-0.0667175	-0.0667175	-0	0.312244
0	236.023	0	-2006.77	0	0	-0	-0	0	18.8496	22.1854	0	-53.2135	0.378962	-0.0667175	-0.0667175	-0	0.312244
0	244.164	0	-2650.81	0	0	-0	-0	0	18.8496	22.0487	0	-47.7069	0.378962	-0.0639824	-0.0639824	-0	0.314149
0	242.932	0	-1640.46	0	0	-0	-0	0	18.8496	22.0827	0	93.0722	0.378962	-0.0646635	-0.0646635	-0	0.314298
0	241.919	0	-1290.91	0	0	-0	-0	0	18.8496	22.0934	0	5.44442	0.378962	-0.0648764	-0.0648764	-0	0.314085
0	247.921	0	-2997.97	0	0	-0	-0	0	18.8496	22.1945	0	78.4676	0.378962	-0.0668984	-0.0668984	-0	0.312063
0	230.668	0	-1884.67	0	0	-0	-0	0	18.8496	22.1716	0	55.7227	0.378962	-0.0664408	-0.0664408	-0	0.312521
0	244.902	0	-2811.22	0	0	-0	-0	0	18.8496	22.0875	0	-20.1735	0.378962	-0.0647593	-0.0647593	-0	0.314202
0	249.015	0	-2643.63	0	0	-0	-0	0	18.8496	21.9231	0	-119.294	0.378962	-0.0614709	-0.0614709	-0	0.317491
0	250.288	0	-1326.82	0	0	-0	-0	0	18.8496	21.9641	0	47.8218	0.378962	-0.0622903	-0.0622903	-0	0.316671
0	261.204	0	-1077.82	0	0	-0	-0	0	18.8496	22.1093	0	46.3853	0.378962	-0.0651956	-0.0651956	-0	0.313766
0	256.456	0	-1693.13	0	0	-0	-0	0	18.8496	22.0625	0	16.4577	0.378962	-0.0642591	-0.0642591	-0	0.314703
0	264.041	0	-4393.79	0	0	-0	-0	0	18.8496	22.0668	0	11.1905	0.378962	-0.0643442	-0.0643442	-0	0.314617
0	254.368	0	-1841.57	0	0	-0	-0	0	18.8496	21.971	0	-14.188	0.378962	-0.0624286	-0.0624286	-0	0.316533
0	254.155	0	-2725.03	0	0	-0	-0	0	18.8496	21.9587	0	70.8061	0.378962	-0.0621838	-0.0621838	-0	0.316778
0	263.165	0	-366.744	0	0	-0	-0	0	18.8496	22.0519	0	60.9899	0.378962	-0.0640462	-0.0640462	-0	0.314915
0	252.984	0	-2902.2	0	0	-0	-0	0	18.8496	22.071	0	34.4142	0.378962	-0.0644294	-0.0644294	-0	0.314532
0	260.241	0	-2195.91	0	0	-0	-0	0	18.8496	22.0854	0	46.6247	0.378962	-0.0647167	-0.0647167	-0	0.314245
0	254.211	0	-3699.47	0	0	-0	-0	0	18.8496	21.954	0	-118.575	0.378962	-0.0620881	-0.0620881	-0	0.316874
0	256.952	0	-1077.82	0	0	-0	-0	0	18.8496	21.8741	0	-48.904	0.378962	-0.0604918	-0.0604918	-0	0.31847
0	259.541	0	-2191.13	0	0	-0	-0	0	18.8496	21.8704	0	121.803	0.378962	-0.0604172	-0.0604172	-0	0.318544
0	260.152	0	-2420.97	0	0	-0	-0	0	18.8496	22.0338	0	50.4554	0.378962	-0.0636844	-0.0636844	-0	0.315277
0	261.149	0	-1836.78	0	0	-0	-0	0	18.8496	22.0944	0	26.0345	0.378962	-0.0648976	-0.0648976	-0	0.314064
0	262.577	0	-2722.64	0	0	-0	-0	0	18.8496	21.9912	0	-80.268	0.378962	-0.0628331	-0.0628331	-0	0.316129
0	247.565	0	-2564.62	0	0	-0	-0	0	18.8496	21.8475	0	-64.9451	0.378962	-0.0599596	-0.0599596	-0	0.319002
0	255.747	0	-2229.43	0	0	-0	-0	0	18.8496	21.8922	0	96.9029	0.378962	-0.0608536	-0.0608536	-0	0.318108
0	245.735	0	-1228.66	0	0	-0	-0	0	18.8496	21.9822	0	109.353	0.378962	-0.0626521	-0.0626521	-0	0.31631
0	243.104	0	-2547.86	0	0	-0	-0	0	18.8496	22.2136	0	61.2293	0.378962	-0.0672815	-0.0672815	-0	0.31168
0	250.354	0	-1827.21	0	0	-0	-0	0	18.8496	22.3036	0	87.3261	0.378962	-0.06908	-0.06908	-0	0.309882
0	239.833	0	-3761.72	0	0	-0	-0	0	18.8496	22.1439	0	-89.8448	0.378962	-0.0658874	-0.0658874	-0	0.313074
0	243.476	0	-2018.74	0	0	-0	-0	0	18.8496	22.1242	0	31.3018	0.378962	-0.0654936	-0.0654936	-0	0.313468
0	251.331	0	-2119.3	0	0	-0	-0	0	18.8496	22.1477	0	59.0745	0.378962	-0.0659619	-0.0659619	-0	0.313
0	250.035	0	-1025.15	0	0	-0	-0	0	18.8496	22.1397	0	-4.37181	0.378962	-0.0658022	-0.0658022	-0	0.313159
0	256.459	0	-2562.23	0	0	-0	-0	0	18.8496	22.0694	0	20.049	0.378962	-0.0643975	-0.0643975	-0	0.314564
0	247.596	0	-3088.95	0	0	-0	-0	0	18.8496	21.93	0	-123.124	0.378962	-0.0616092	-0.0616092	-0	0.317353
0	242.898	0	-2009.17	0	0	-0	-0	0	18.8496	21.7624	0	-94.6332	0.378962	-0.0582569	-0.0582569	-0	0.320705
0	243.403	0	-1578.21	0	0	-0	-0	0	18.8496	21.7055	0	48.54	0.378962	-0.0571181	-0.0571181	-0	0.321844
0	247.924	0	-1587.79	0	0	-0	-0	0	18.8496	21.9119	0	149.575	0.378962	-0.0612473	-0.0612473	-0	0.317714
0	263.934	0	-3112.89	0	0	-0	-0	0	18.8496	22.2142	0	130.661	0.378962	-0.0672922	-0.0672922	-0	0.31167
0	257.808	0	-2859.11	0	0	-0	-0	0	18.8496	21.9875	0	-33.1022	0.378962	-0.0627586	-0.0627586	-0	0.316203
0	253.399	0	-3881.43	0	0	-0	-0	0	18.8496	21.7039	0	-232.539	0.378962	-0.0570863	-0.0570863	-0	0.321875
0	247.666	0	-65.0744	0	0	-0	-0	0	18.8496	21.723	0	7.35978	0.378962	-0.0574693	-0.0574693	-0	0.321492
0	241.103	0	-96.199	0	0	-0	-0	0	18.8496	21.7427	0	41.118	0.378962	-0.0578632	-0.0578632	-0	0.321099
0	245.078	0	-1973.25	0	0	-0	-0	0	18.8496	21.7619	0	136.407	0.378962	-0.0582462	-0.0582462	-0	0.320715
0	236.445	0	-3237.39	0	0	-0	-0	0	18.8496	22.0332	0	139.28	0.378962	-0.0636738	-0.0636738	-0	0.315288
0	248.464	0	-3002.76	0	0	-0	-0	0	18.8496	21.7028	0	-171.008	0.378962	-0.057065	-0.057065	-0	0.321897
0	253.703	0	-2650.81	0	0	-0	-0	0	18.8496	21.4431	0	-165.502	0.378962	-0.0518716	-0.0518716	-0	0.32709
0	248.455	0	-713.903	0	0	-0	-0	0	18.8496	21.5011	0	93.7905	0.378962	-0.0530315	-0.0530315	-0	0.32593
0	261.453	0	-1614.12	0	0	-0	-0	0	18.8496	21.5309	0	13.3453	0.378962	-0.0536275	-0.0536275	-0	0.325334
0	242.792	0	-1870.3	0	0	-0	-0	0	18.8496	21.7305	0	219.965	0.378962	-0.0576183	-0.0576183	-0	0.321343
0	235.281	0	-4113.67	0	0	-0	-0	0	18.8496	21.9023	0	-26.8773	0.378962	-0.0610558	-0.0610558	-0	0.317906
0	239.965	0	-2382.66	0	0	-0	-0	0	18.8496	21.3394	0	-235.412	0.378962	-0.0497963	-0.0497963	-0	0.329165
0	241.036	0	466.438	0	-0	-0	-0	0	18.8496	21.2287	0	-75.0008	0.378962	-0.0475827	-0.0475827	-0	0.331379
0	246.833	0	-903.045	0	0	-0	-0	0	18.8496	21.2133	0	76.3128	0.378962	-0.0472741	-0.0472741	-0	0.331688
0	235.461	0	-677.99	0	0	-0	-0	0	18.8496	21.1632	0	16.4577	0.378962	-0.0462737	-0.0462737	-0	0.332688
0	226.502	0	-3665.95	0	0	-0	-0	0	18.8496	21.4187	0	87.805	0.378962	-0.051382	-0.051382	-0	0.32029
0	236.459	0	-3404.99	0	0	-0	-0	0	18.8496	21.9316	0	-42.679	0.378962	-0.0616411	-0.0616411	-0	0.317321
0	225.999	0	-2473.64	0	0	-0	-0	0	18.8496	21.5027	0	-158.319	0.378962	-0.0530635	-0.0530635	-0	0.325898
0	238.839	0	-306.889	0	0	-0	-0	0	18.8496	21.3936	0	4.24731	0.378962	-0.0508818	-0.0508818	-0	0.32808
0	234.012	0	-668.413	0	0	-0	-0	0	18.8496	21.3718	0	9.75398	0.378962	-0.0504455	-0.0504455	-0	0.328516
0	233.285	0	-2294.08	0	0	-0	-0	0	18.8496	21.4421	0	90.9174	0.378962	-0.0518503	-0.0518503	-0	0.327111
0	227.761	0	-1700.31	0	0	-0	-0	0	18.8496	21.9316	0	169.926	0.378962	-0.0616411	-0.0616411	-0	0.317321
0	232.824	0	-4326.75	0	0	-0	-0	0	18.8496	22.0487	0	82.0589	0.378962	-0.0639824	-0.0639824	-0	0.314979
0	244.205	0	-1858.33	0	0	-0	-0	0	18.8496	21.4894	0	-349.616	0.378962	-0.0527974	-0.0527974	-0	0.326164
0	236.362	0	286.873	0	-0	-0	-0	0	18.8496	21.3921	0	148.378	0.378962	-0.0508499	-0.0508499	-0	0.328112
0	218.762	0	-2049.87	0	0	-0	-0	0	18.8496	21.2915	0	-60.875	0.378962	-0.0488385	-0.0488385	-0	0.330123
0	214.182	0	-2353.93	0	0	-0	-0	0	18.8496	21.3468	0	-19.9341	0.378962	-0.0499453	-0.0499453	-0	0.329016
0	196.358	0	-2425.76	0	0	-0	-0	0	18.8496	21.9731	0	251.09	0.378962	-0.0624712	-0.0624712	-0	0.31649
0	215.943	0	-6797.57	0	0	-0	-0	0	18.8496	21.6272	0	-249.299	0.378962	-0.0555537	-0.0555537	-0	0.323408
0	237.531	0	-1096.98	0	0	-0	-0	0	18.8496	21.1505	0	-109.717	0.378962	-0.0460183	-0.0460183	-0	0.332943
0	223.774	0	-816.854	0	0	-0	-0	0	18.8496	21.2042	0	-0.780511	0.378962	-0.0470931	-0.0470931	-0	0.331869
0	233.009	0	-608.558	0	0	-0	-0	0	18.8496	21.1201	0	57.8774	0.378962	-0.0454117	-0.0454117	-0	0.33355
0	239.57	0	-2880.66	0	0	-0	-0	0	18.8496	21.507	0	122.281	0.378962	-0.0531486	-0.0531486	-0	0.325813
0	244.07	0	-1405.83	0	0	-0	-0	0	18.8496	21.9896	0	242.949	0.378962	-0.0628011	-0.0628011	-0	0.316161
0	233.693	0	-4788.83	0	0	-0	-0	0	18.8496	21.6038	0	-314.66	0.378962	-0.0550855	-0.0550855	-0	0.323876
0	228.782	0	-548.703	0	0	-0	-0	0	18.8496	21.2846	0	71.0455	0.378962	-0.0487002	-0.0487002	-0	0.330262
0	221.017	0	253.354	0	-0	-0	-0	0	18.8496	21.2856	0	-45.0732	0.378962	-0.0487215	-0.0487215	-0	0.33024
0	198.01	0	581.36	0	-0	-0	-0	0	18.8496	21.2095	0	-7.48427	0.378962	-0.0471996	-0.0471996	-0	0.331762
0	185.893	0	-278.158	0	0	-0	-0	0	18.8496	21.35	0	71.285	0.378962	-0.0500092	-0.0500092	-0	0.328261
0	200.539	0	-4834.32	0	0	-0	-0	0	18.8496	21.5065	0	199.854	0.378962	-0.053138	-0.053138	-0	0.325824
0	220.204	0	-4415.34	0	0	-0	-0	0	18.8496	22.2147	0	-28.7927	0.378962	-0.0673028	-0.0673028	-0	0.311659
0	229.576	0	-2772.92	0	0	-0	-0	0	18.8496	21.7427	0	-70.9306	0.378962	-0.0578631	-0.0578631	-0	0.321099
0	234.491	0	-2284.5	0	0	-0	-0	0	18.8496	21.4761	0	-115.463	0.378962	-0.0525314	-0.0525314	-0	0.32643
0	222.756	0	1067.38	0	-0	-0	-0	0	18.8496	21.4564	0	-25.9196	0.378962	-0.0521376	-0.0521376	-0	0.326824
0	218.666	0	-560.674	0	0	-0	-0	0	18.8496	21.5219	0	-59.4385	0.378962	-0.0534466	-0.0534466	-0	0.325515
0	214.627	0	-3203.87	0	0	-0	-0	0	18.8496	21.8188	0	259.948	0.378962	-0.0593849	-0.0593849	-0	0.319577
0	218.723	0	-4163.95	0	0	-0	-0	0	18.8496	22.2339	0	181.179	0.378962	-0.0676859	-0.0676859	-0	0.311276
0	241.602	0	-2887.84	0	0	-0	-0	0	18.8496	21.9848	0	-99.1822	0.378962	-0.0627053	-0.0627053	-0	0.316256
0	223.521	0	-1527.93	0	0	-0	-0	0	18.8496	21.5634	0	-103.013	0.378962	-0.0542767	-0.0542767	-0	0.324685
0	228.842	0	-232.669	0	0	-0	-0	0	18.8496	21.5783	0	-40.0454	0.378962	-0.0545747	-0.0545747	-0	0.324387
0	240.081	0	-2212.67	0	0	-0	-0	0	18.8496	21.623	0	35.8508	0.378962	-0.0554686	-0.0554686	-0	0.323493
0	243.057	0	-1537.51	0	0	-0	-0	0	18.8496	21.7746	0	35.8508	0.378962	-0.0585017	-0.0585017	-0	0.32046
0	239.145	0	-2650.81	0	0	-0	-0	0	18.8496	22.0029	0	156.279	0.378962	-0.0630672	-0.0630672	-0	0.315895
0	224.005	0	-1724.26	0	0	-0	-0	0	18.8496	21.5229	0	-224.16	0.378962	-0.0534679	-0.0534679	-0	0.325494
0	224.381	0	-208.727	0	0	-0	-0	0	18.8496	21.3756	0	-1.73819	0.378962	-0.0505199	-0.0505199	-0	0.328442
0	233.606	0	-685.173	0	0	-0	-0	0	18.8496	21.4458	0	-13.4698	0.378962	-0.0519247	-0.0519247	-0	0.327037
0	231.187	0	-1913.4	0	0	-0	-0	0	18.8496	21.5873	0	151.97	0.378962	-0.0547556	-0.0547556	-0	0.324206
0	233.235	0	-1939.73	0	0	-0	-0	0	18.8496	21.7858	0	79.4252	0.378962	-0.0587251	-0.0587251	-0	0.320237
0	223.915	0	-3613.28	0	0	-0	-0	0	18.8496	21.5661	0	-150.179	0.378962	-0.0543299	-0.0543299	-0	0.324632
0	210.367	0	-1784.11	0	0	-0	-0	0	18.8496	21.3612	0	4.00789	0.378962	-0.0502326	-0.0502326	-0	0.328729
0	218.2	0	-0.430969	0	0	-0	-0	0	18.8496	21.3468	0	-40.2848	0.378962	-0.0499453	-0.0499453	-0	0.329016
0	211.591	0	-1829.6	0	0	-0	-0	0	18.8496	21.2883	0	56.9198	0.378962	-0.0487746	-0.0487746	-0	0.330187
0	205.774	0	-644.471	0	0	-0	-0	0	18.8496	21.3005	0	-43.8761	0.378962	-0.0490194	-0.0490194	-0	0.329942
0	226.206	0	-5291.62	0	0	-0	-0	0	18.8496	21.9854	0	285.327	0.378962	-0.062716	-0.062716	-0	0.316246
0	228.549	0	-4331.54	0	0	-0	-0	0	18.8496	22.1099	0	58.5957	0.378962	-0.0652063	-0.0652063	-0	0.318076
0	241.781	0	-2174.37	0	0	-0	-0	0	18.8496	21.3899	0	-85.7747	0.378962	-0.0508073	-0.0508073	-0	0.328154
0	240.336	0	-1384.28	0	0	-0	-0	0	18.8496	21.4288	0	-58.9596	0.378962	-0.0515842	-0.0515842	-0	0.327378
0	238.499	0	291.662	0	-0	-0	-0	0	18.8496	21.5033	0	99.0577	0.378962	-0.0530741	-0.0530741	-0	0.325888
0	241.856	0	-3421.75	0	0	-0	-0	0	18.8496	21.8252	0	179.742	0.378962	-0.0595126	-0.0595126	-0	0.319449
0	230.446	0	-1978.04	0	0	-0	-0	0	18.8496	22.054	0	120.606	0.378962	-0.0640888	-0.0640888	-0	0.314873
0	221.053	0	-3579.76	0	0	-0	-0	0	18.8496	21.7842	0	-171.248	0.378962	-0.0586932	-0.0586932	-0	0.320268
0	234.286	0	-768.97	0	0	-0	-0	0	18.8496	21.5591	0	-54.4106	0.378962	-0.0541915	-0.0541915	-0	0.32477
0	229.99	0	-1594.97	0	0	-0	-0	0	18.8496	21.5501	0	-12.9909	0.378962	-0.0540106	-0.0540106	-0	0.324951
0	250.097	0	-1942.13	0	0	-0	-0	0	18.8496	21.5352	0	72.9609	0.378962	-0.0537126	-0.0537126	-0	0.325249
0	258.124	0	-1975.65	0	0	-0	-0	0	18.8496	21.7534	0	96.4241	0.378962	-0.0580759	-0.0580759	-0	0.320886
0	250.413	0	-4870.24	0	0	-0	-0	0	18.8496	22.2227	0	179.982	0.378962	-0.0674624	-0.0674624	-0	0.311499
0	245.041	0	-3084.16	0	0	-0	-0	0	18.8496	21.7166	0	-243.792	0.378962	-0.0573417	-0.0573417	-0	0.32162
0	237.858	0	650.792	0	-0	-0	-0	0	18.8496	21.3612	0	-44.5944	0.378962	-0.0502326	-0.0502326	-0	0.328729
0	228.968	0	-5.21936	0	0	-0	-0	0	18.8496	21.4777	0	-40.2848	0.378962	-0.0525632	-0.0525632	-0	0.326398
0	235.36	0	83.3661	0	-0	-0	-0	0	18.8496	21.4692	0	71.5244	0.378962	-0.052393	-0.052393	-0	0.326569
0	223.722	0	-6883.76	0	0	-0	-0	0	18.8496	22.0769	0	318.606	0.378962	-0.0645464	-0.0645464	-0	0.314415
0	243.416	0	-1477.65	0	0	-0	-0	0	18.8496	22.4504	0	113.183	0.378962	-0.0720173	-0.0720173	-0	0.306944
0	237.895	0	-5461.6	0	0	-0	-0	0	18.8496	22.0045	0	-203.33	0.378962	-0.0630991	-0.0630991	-0	0.315863
0	238.211	0	466.438	0	-0	-0	-0	0	18.8496	21.806	0	-10.8362	0.378962	-0.0591296	-0.0591296	-0	0.319832
0	237.447	0	-596.587	0	0	-0	-0	0	18.8496	21.9758	0	19.3308	0.378962	-0.0625244	-0.0625244	-0	0.316437
0	221.267	0	-1034.73	0	0	-0	-0	0	18.8496	22.0508	0	135.45	0.378962	-0.064025	-0.064025	-0	0.314937
0	226.933	0	-2784.89	0	0	-0	-0	0	18.8496	22.1977	0	68.6513	0.378962	-0.0669622	-0.0669622	-0	0.311999
0	228.457	0	-4032.27	0	0	-0	-0	0	18.8496	22.4233	0	57.8774	0.378962	-0.0714745	-0.0714745	-0	0.307487
0	228.111	0	-2507.16	0	0	-0	-0	0	18.8496	22.2333	0	-102.295	0.378962	-0.0676753	-0.0676753	-0	0.311286
0	229.355	0	-625.318	0	0	-0	-0	0	18.8496	22.1088	0	17.4154	0.378962	-0.065185	-0.065185	-0	0.313777
0	228.464	0	-534.338	0	0	-0	-0	0	18.8496	22.1035	0	-2.21703	0.378962	-0.0650786	-0.0650786	-0	0.313883
0	221.836	0	-1061.06	0	0	-0	-0	0	18.8496	22.286	0	150.054	0.378962	-0.0687289	-0.0687289	-0	0.310233
0	210.504	0	-4163.95	0	0	-0	-0	0	18.8496	22.1578	0	-122.885	0.378962	-0.0661641	-0.0661641	-0	0.312798
0	214.067	0	-4884.6	0	0	-0	-0	0	18.8496	21.9465	0	-39.806	0.378962	-0.0619391	-0.0619391	-0	0.317023
0	235.13	0	-534.338	0	0	-0	-0	0	18.8496	21.7108	0	-97.0274	0.378962	-0.0572246	-0.0572246	-0	0.321737
0	239.915	0	-895.862	0	0	-0	-0	0	18.8496	21.6161	0	-13.9486	0.378962	-0.0553303	-0.0553303	-0	0.323631
0	235.184	0	-259.005	0	0	-0	-0	0	18.8496	21.714	0	78.4676	0.378962	-0.0572884	-0.0572884	-0	0.321673
0	241.372	0	-7367.39	0	0	-0	-0	0	18.8496	22.2514	0	213.261	0.378962	-0.0680371	-0.0680371	-0	0.310925
0	239.969	0	-3378.65	0	0	-0	-0	0	18.8496	22.2652	0	86.8473	0.378962	-0.0683138	-0.0683138	-0	0.310648
0	251.182	0	-4288.45	0	0	-0	-0	0	18.8496	21.2989	0	-251.214	0.378962	-0.0489875	-0.0489875	-0	0.329974
0	249.011	0	612.485	0	-0	-0	-0	0	18.8496	21.3011	0	59.7928	0.378962	-0.04903	-0.04903	-0	0.329932
0	227.95	0	-122.535	0	0	-0	-0	0	18.8496	21.4128	0	-26.159	0.378962	-0.051265	-0.051265	-0	0.327697
0	249.615	0	-2684.33	0	0	-0	-0	0	18.8496	21.6022	0	267.37	0.378962	-0.0550536	-0.0550536	-0	0.323908
0	254.515	0	-2959.66	0	0	-0	-0	0	18.8496	21.8965	0	42.0757	0.378962	-0.0609387	-0.0609387	-0	0.318023
0	253.224	0	-2674.75	0	0	-0	-0	0	18.8496	21.8422	0	-61.5932	0.378962	-0.0598532	-0.0598532	-0	0.319109
0	252.185	0	-2921.36	0	0	-0	-0	0	18.8496	21.3378	0	-208.358	0.378962	-0.0497643	-0.0497643	-0	0.329197
0	247.465	0	1009.92	0	-0	-0	-0	0	18.8496	21.3442	0	81.3406	0.378962	-0.0498921	-0.0498921	-0	0.32907
0	246.189	0	-548.703	0	0	-0	-0	0	18.8496	21.4155	0	-35.257	0.378962	-0.0513181	-0.0513181	-0	0.327644
0	239.969	0	-2009.17	0	0	-0	-0	0	18.8496	21.6209	0	253.005	0.378962	-0.055426	-0.055426	-0	0.323536
0	236.156	0	-5104.87	0	0	-0	-0	0	18.8496	21.8938	0	-8.68137	0.378962	-0.0608855	-0.0608855	-0	0.318076
0	248.499	0	-2813.62	0	0	-0	-0	0	18.8496	21.7762	0	-4.13239	0.378962	-0.0585336	-0.0585336	-0	0.320428
0	243.346	0	128.856	0	-0	-0	-0	0	18.8496	21.6134	0	-83.8593	0.378962	-0.055277	-0.055277	-0	0.323685
0	240.529	0	-603.77	0	0	-0	-0	0	18.8496	21.5879	0	32.9777	0.378962	-0.0547662	-0.0547662	-0	0.324195
0	245.698	0	-3476.81	0	0	-0	-0	0	18.8496	21.8193	0	133.534	0.378962	-0.0593956	-0.0593956	-0	0.319566
0	252.92	0	-2571.8	0	0	-0	-0	0	18.8496	21.9034	0	61.2293	0.378962	-0.0610771	-0.0610771	-0	0.317885
0	257.233	0	-3029.1	0	0	-0	-0	0	18.8496	21.8034	0	-40.5243	0.378962	-0.0590764	-0.0590764	-0	0.319885
0	246.36	0	-2696.3	0	0	-0	-0	0	18.8496	21.6251	0	-156.164	0.378962	-0.0555112	-0.0555112	-0	0.323451
0	250.053	0	356.305	0	-0	-0	-0	0	18.8496	21.4809	0	-3.17471	0.378962	-0.0526271	-0.0526271	-0	0.326335
0	260.174	0	-1125.71	0	0	-0	-0	0	18.8496	21.516	0	-17.3005	0.378962	-0.0533295	-0.0533295	-0	0.325632
0	243.952	0	-3141.62	0	0	-0	-0	0	18.8496	21.6517	0	175.193	0.378962	-0.0560433	-0.0560433	-0	0.322918
0	260.541	0	-2413.79	0	0	-0	-0	0	18.8496	21.9279	0	112.944	0.378962	-0.0615666	-0.0615666	-0	0.317395
0	252	0	-3105.71	0	0	-0	-0	0	18.8496	21.6581	0	-82.6622	0.378962	-0.056171	-0.056171	-0	0.322791
0	250.543	0	-1123.31	0	0	-0	-0	0	18.8496	21.4586	0	-133.898	0.378962	-0.0521801	-0.0521801	-0	0.326782
0	259.405	0	-1219.08	0	0	-0	-0	0	18.8496	21.4756	0	14.0635	0.378962	-0.0525207	-0.0525207	-0	0.326441
0	246.223	0	-1396.25	0	0	-0	-0	0	18.8496	21.5927	0	110.31	0.378962	-0.054862	-0.054862	-0	0.3241
0	237.769	0	-4915.73	0	0	-0	-0	0	18.8496	21.8773	0	148.618	0.378962	-0.0605556	-0.0605556	-0	0.318406
0	249.591	0	-1978.04	0	0	-0	-0	0	18.8496	21.755	0	14.7818	0.378962	-0.0581079	-0.0581079	-0	0.320854
0	252.353	0	-3232.6	0	0	-0	-0	0	18.8496	21.3936	0	-192.556	0.378962	-0.0508818	-0.0508818	-0	0.32808
0	260.821	0	255.749	0	-0	-0	-0	0	18.8496	21.374	0	28.9076	0.378962	-0.0504881	-0.0504881	-0	0.328474
0	265.047	0	-4061	0	0	-0	-0	0	18.8496	21.508	0	1.37427	0.378962	-0.0531699	-0.0531699	-0	0.325792
0	261.235	0	-2282.11	0	0	-0	-0	0	18.8496	21.5554	0	86.3684	0.378962	-0.0541171	-0.0541171	-0	0.323174
0	264.526	0	-768.97	0	0	-0	-0	0	18.8496	21.5804	0	23.1615	0.378962	-0.0546172	-0.0546172	-0	0.324344
0	252.568	0	-4082.54	0	0	-0	-0	0	18.8496	21.3654	0	-47.7069	0.378962	-0.0503178	-0.0503178	-0	0.328644
0	263.744	0	-261.399	0	0	-0	-0	0	18.8496	21.1702	0	-65.9028	0.378962	-0.046412	-0.046412	-0	0.33255
0	259.602	0	-1025.15	0	0	-0	-0	0	18.8496	21.3303	0	135.45	0.378962	-0.0496154	-0.0496154	-0	0.329346
0	262.843	0	-2957.27	0	0	-0	-0	0	18.8496	21.5421	0	-36.6935	0.378962	-0.053851	-0.053851	-0	0.325111
0	272.373	0	-2432.94	0	0	-0	-0	0	18.8496	21.6113	0	90.9174	0.378962	-0.0552345	-0.0552345	-0	0.323727
0	270.175	0	-2794.46	0	0	-0	-0	0	18.8496	21.4761	0	-102.295	0.378962	-0.0525314	-0.0525314	-0	0.32676
0	257.244	0	-2471.25	0	0	-0	-0	0	18.8496	21.4314	0	-9.16022	0.378962	-0.0516374	-0.0516374	-0	0.328463
0	271.545	0	-1748.2	0	0	-0	-0	0	18.8496	21.4293	0	-24.962	0.378962	-0.0515948	-0.0515948	-0	0.327367
0	268.934	0	-1293.3	0	0	-0	-0	0	18.8496	21.5208	0	76.0734	0.378962	-0.0534253	-0.0534253	-0	0.325536
0	270.374	0	-3074.59	0	0	-0	-0	0	18.8496	21.7528	0	99.5365	0.378962	-0.0580653	-0.0580653	-0	0.320896
0	261.967	0	-4233.38	0	0	-0	-0	0	18.8496	21.7874	0	39.2027	0.378962	-0.0587571	-0.0587571	-0	0.320205
0	269.88	0	-1130.49	0	0	-0	-0	0	18.8496	21.6666	0	41.118	0.378962	-0.0563413	-0.0563413	-0	0.32262
0	261.06	0	-1726.65	0	0	-0	-0	0	18.8496	21.5096	0	-75.9585	0.378962	-0.0532018	-0.0532018	-0	0.32576
0	267.33	0	-2253.37	0	0	-0	-0	0	18.8496	21.7816	0	103.128	0.378962	-0.05864	-0.05864	-0	0.320322
0	282.55	0	-2916.57	0	0	-0	-0	0	18.8496	22.0535	0	125.873	0.378962	-0.0640782	-0.0640782	-0	0.314884
0	277.977	0	-2497.58	0	0	-0	-0	0	18.8496	21.7544	0	5.44442	0.378962	-0.0580972	-0.0580972	-0	0.320864
0	277.414	0	-3665.95	0	0	-0	-0	0	18.8496	21.4708	0	-168.853	0.378962	-0.0524249	-0.0524249	-0	0.326537
0	278.636	0	-565.463	0	0	-0	-0	0	18.8496	21.4921	0	58.3563	0.378962	-0.0528506	-0.0528506	-0	0.326111
0	257.137	0	-917.41	0	0	-0	-0	0	18.8496	21.5496	0	-61.5932	0.378962	-0.054	-0.054	-0	0.324962
0	270.376	0	-2969.24	0	0	-0	-0	0	18.8496	21.8949	0	278.144	0.378962	-0.0609068	-0.0609068	-0	0.318055
0	273.269	0	-2107.33	0	0	-0	-0	0	18.8496	22.0763	0	-71.4095	0.378962	-0.0645358	-0.0645358	-0	0.314426
0	274.853	0	-2655.6	0	0	-0	-0	0	18.8496	21.9066	0	136.168	0.378962	-0.0611409	-0.0611409	-0	0.317821
0	274.909	0	-3665.95	0	0	-0	-0	0	18.8496	21.7656	0	-127.673	0.378962	-0.0583207	-0.0583207	-0	0.320641
0	270.937	0	69.0009	0	-0	-0	-0	0	18.8496	21.6256	0	-14.6669	0.378962	-0.0555218	-0.0555218	-0	0.32344
0	263.238	0	-694.75	0	0	-0	-0	0	18.8494	21.6778	-1.23767	-54.65	0.376967	-0.0565688	-0.0565688	-0	0.320398
0	253.395	0	-3237.39	0	0	-0	-0	0	18.8393	21.7949	-8.7774	202.008	0.364639	-0.0591104	-0.0591104	-0	0.305529
0	254.475	0	-4530.26	0	0	-0	-0	0	18.8142	21.9141	-16.3171	-78.1132	0.352008	-0.0619962	-0.0619962	-0	0.290012
0	265.588	0	-2375.48	0	0	-0	-0	0	18.7741	21.5714	-23.8568	-56.5654	0.339074	-0.055946	-0.055946	-0	0.283128
0	257.33	0	-1365.13	0	0	-0	-0	0	18.7188	21.5559	-31.3966	1.37427	0.325836	-0.0567424	-0.0567424	-0	0.269094
0	273.468	0	-2480.82	0	0	-0	-0	0	18.6485	21.7065	-38.9363	95.7058	0.312296	-0.0611608	-0.0611608	-0	0.251135
0	262.124	0	-2033.11	0	0	-0	-0	0	18.5631	21.6241	-46.476	-62.0721	0.298452	-0.0612195	-0.0612195	-0	0.237232
0	264.839	0	-2219.86	0	0	-0	-0	0	18.4626	21.4054	-54.0158	-157.84	0.284305	-0.0588554	-0.0588554	-0	0.22545
0	263.817	0	-3227.81	0	0	-0	-0	0	18.347	20.9978	-61.5555	-165.262	0.277118	-0.0518214	-0.0518214	-0	0.222629
0	260.768	0	-1049.09	0	0	-0	-0	0	18.2164	20.3661	-69.0952	-135.095	0.255102	-0.0429954	-0.0429954	-0	0.212106
0	265.181	0	198.288	0	-0	-0	-0	0	18.0706	20.1645	-76.6349	-108.52	0.240045	-0.0418766	-0.0418766	-0	0.198168
0	273.468	0	-2473.64	0	0	-0	-0	0	17.9098	20.1421	-84.1747	29.8653	0.224686	-0.0446457	-0.0446457	-0	0.18004
0	263.781	0	-3938.89	0	0	-0	-0	0	17.7339	19.8654	-91.7144	-145.39	0.209023	-0.0426295	-0.0426295	-0	0.166393
0	275.921	0	574.177	0	-0	-0	-0	0	17.543	19.1524	-99.2541	-305.084	0.193057	-0.0321882	-0.0321882	-0	0.160869
0	269.32	0	-1987.62	0	0	-0	-0	0	17.3369	18.8065	-106.794	-359.193	0.176788	-0.0293917	-0.0293917	-0	0.147396
0	260.78	0	-1353.15	0	0	-0	-0	0	17.116	18.4559	-113.097	-196.147	0.162208	-0.0267969	-0.0267969	-0	0.135411
0	269.601	0	260.537	0	-0	-0	-0	0	16.8898	18.0658	-113.097	-99.9005	0.15766	-0.02352	-0.02352	-0	0.13414
0	261.311	0	-3103.32	0	0	-0	-0	0	16.6636	17.5933	-113.097	-239.004	0.153113	-0.0185934	-0.0185934	-0	0.13452
0	250.486	0	-3122.47	0	0	-0	-0	0	16.4374	17.075	-113.097	-135.095	0.148565	-0.0127517	-0.0127517	-0	0.135814
0	258.478	0	-4044.24	0	0	-0	-0	0	16.2112	16.5434	-113.097	-290.958	0.144018	-0.00664398	-0.00664398	-0	0.137374
0	255.386	0	-1666.8	0	0	-0	-0	0	15.9851	16.3104	-113.097	-62.3115	0.139471	-0.0065065	-0.0065065	-0	0.132964
0	257.385	0	-996.419	0	0	-0	-0	0	15.7589	16.263	-113.097	-48.4251	0.134923	-0.0100832	-0.0100832	-0	0.12484
0	264.222	0	-548.703	0	0	-0	-0	0	15.5327	16.0991	-113.097	-54.8895	0.130376	-0.0113292	-0.0113292	-0	0.119046
0	260.38	0	-3290.06	0	0	-0	-0	0	15.3065	15.7554	-113.097	-166.22	0.125828	-0.00897812	-0.00897812	-0	0.11685
0	247.515	0	-2796.86	0	0	-0	-0	0	15.0803	15.2403	-113.097	-150.897	0.121281	-0.00320024	-0.00320024	-0	0.11808
0	259.453	0	-3723.41	0	0	-0	-0	0	14.8541	14.9301	-113.097	-140.123	0.116733	-0.00151968	-0.00151968	-0	0.115213
0	253.957	0	-965.294	0	0	-0	-0	0	14.6279	14.6997	-113.097	-122.406	0.112186	-0.00143539	-0.00143539	-0	0.11075
0	246.769	0	-1798.48	0	0	-0	-0	0	14.4017	14.432	-113.097	-110.914	0.107638	-0.000606174	-0.000606174	-0	0.107032
0	249.853	0	-1274.15	0	0	-0	-0	0	14.1755	14.0723	-113.097	-167.656	0.103091	0.00206415	0.00206415	-0	0.105155
0	253.527	0	-3079.37	0	0	-0	-0	0	13.9493	13.7296	-113.097	-125.04	0.0985432	0.0043939	0.0043939	-0	0.102937
0	241.664	0	-1571.03	0	0	-0	-0	0	13.7231	13.5221	-113.097	-74.7614	0.0939957	0.00402056	0.00402056	-0	0.0980162
0	231.956	0	-2574.2	0	0	-0	-0	0	13.4969	13.3353	-113.097	-59.6779	0.0894482	0.00323215	0.00323215	-0	0.0926804
0	242.755	0	-2255.77	0	0	-0	-0	0	13.2707	13.1688	-113.097	-95.3515	0.0849007	0.00203936	0.00203936	-0	0.0869401
0	244.497	0	-1647.64	0	0	-0	-0	0	13.0446	12.7771	-113.097	-138.447	0.0803533	0.00534821	0.00534821	-0	0.0857015
0	234.143	0	-1650.04	0	0	-0	-0	0	12.8184	12.5691	-113.097	-103.252	0.0758058	0.0049855	0.0049855	-0	0.0807913
0	239.471	0	-1982.83	0	0	-0	-0	0	12.5922	12.3382	-113.097	-62.7903	0.0712583	0.00508039	0.00508039	-0	0.0763387
0	252.255	0	-2171.97	0	0	-0	-0	0	12.366	12.1865	-113.097	-68.7758	0.0667108	0.00358961	0.00358961	-0	0.0703004
0	240.833	0	-1322.03	0	0	-0	-0	0	12.1398	11.9944	-113.097	-72.846	0.0621633	0.00290762	0.00290762	-0	0.0650709
0	224.601	0	-2365.9	0	0	-0	-0	0	11.9136	11.6512	-113.097	-146.109	0.0576158	0.00524805	0.00524805	-0	0.0628639
0	237.624	0	-778.547	0	0	-0	-0	0	11.6874	11.3862	-113.097	-129.11	0.0530684	0.00602406	0.00602406	-0	0.0590924
0	234.73	0	-1781.72	0	0	-0	-0	0	11.4612	11.0983	-113.097	-140.362	0.0485209	0.00725767	0.00725767	-0	0.0557785
0	224.759	0	-1164.01	0	0	-0	-0	0	11.235	10.8461	-113.097	-49.3828	0.0439734	0.00777824	0.00777824	-0	0.0517516
0	225.774	0	-2854.32	0	0	-0	-0	0	11.0088	10.6769	-113.097	-95.3515	0.0394259	0.00663866	0.00663866	-0	0.0460646
0	231.274	0	-840.796	0	0	-0	-0	0	10.7826	10.4492	-113.097	-128.152	0.0348784	0.00666971	0.00666971	-0	0.0415481
0	225.984	0	-2459.28	0	0	-0	-0	0	10.5564	10.2837	-113.097	-63.5086	0.0326047	0.00771755	0.00771755	-0	0.0382024
0	218.186	0	375.459	0	-0	-0	-0	0	10.3303	9.9644	-113.097	-90.3237	0.0257835	0.00731714	0.00731714	-0	0.0331006
0	205.059	0	-2265.35	0	0	-0	-0	0	10.1041	9.77976	-113.097	-55.1289	0.021236	0.00648615	0.00648615	-0	0.0277221
0	208.487	0	-1250.2	0	0	-0	-0	0	9.87787	9.52009	-113.097	-77.6344	0.0166885	0.00715574	0.00715574	-0	0.0238442
0	218.116	0	-2770.52	0	0	-0	-0	0	9.65168	9.16517	-113.097	-182.74	0.012141	0.00973028	0.00973028	-0	0.0218713
0	212.578	0	-891.074	0	0	-0	-0	0	9.42549	8.94381	-113.097	-58.0019	0.00759354	0.00963364	0.00963364	-0	0.0172272
0	213.319	0	-886.286	0	0	-0	-0	0	9.1993	8.96137	-113.097	-6.76601	0.00531979	0.00702053	0.00702053	-0	0.0123403
0	205.595	0	-1827.21	0	0	-0	-0	0	8.97311	8.49736	-113.097	-114.266	-0.00150143	0.00951481	0.00951481	-0	0.00801338
0	202.168	0	-2112.12	0	0	-0	-0	0	8.74691	8.24621	-113.097	-70.4518	-0.00604891	0.0100141	0.0100141	-0	0.00396521
0	197.288	0	-2037.9	0	0	-0	-0	0	8.52072	7.99399	-113.097	-64.9451	-0.0105964	0.0105347	0.0105347	-0	-6.1661e-05
0	182.817	0	-2593.35	0	0	-0	-0	0	8.29453	7.65929	-113.097	-176.515	-0.0151439	0.0127049	0.0127049	-0	-0.00243902
0	175.516	0	-2315.62	0	0	-0	-0	0	8.06834	7.38897	-113.097	-122.885	-0.0196914	0.0135873	0.0135873	-0	-0.00610408
0	178.399	0	-728.268	0	0	-0	-0	0	7.84215	7.30809	-113.097	-27.835	-0.0242388	0.0106811	0.0106811	-0	-0.0135578
0	182.683	0	-3835.94	0	0	-0	-0	0	7.61595	6.80152	-113.097	-239.961	-0.0287863	0.0162887	0.0162887	-0	-0.0124977
0	191.523	0	-725.874	0	0	-0	-0	0	7.38976	6.54079	-113.097	-61.1144	-0.0333338	0.0169795	0.0169795	-0	-0.0163543
0	181.86	0	-3330.77	0	0	-0	-0	0	7.16357	6.52802	-113.097	-50.5799	-0.0378813	0.0127111	0.0127111	-0	-0.0251702
0	180.287	0	-1238.23	0	0	-0	-0	0	6.93738	6.30719	-113.097	-81.7045	-0.0424288	0.0126038	0.0126038	-0	-0.0298249
0	168.906	0	-1386.67	0	0	-0	-0	0	6.71119	5.96877	-113.097	-196.147	-0.0469763	0.0148484	0.0148484	-0	-0.0321278
0	161.746	0	-1796.08	0	0	-0	-0	0	6.485	5.80275	-113.097	-57.0443	-0.0515237	0.013645	0.013645	-0	-0.0378787
0	157.516	0	-1571.03	0	0	-0	-0	0	6.2588	5.48933	-113.097	-110.196	-0.0560712	0.0153895	0.0153895	-0	-0.0406818
0	159.902	0	-1298.09	0	0	-0	-0	0	6.03261	5.39674	-113.097	58.8351	-0.0606187	0.0127174	0.0127174	-0	-0.0479013
0	161.008	0	-2636.45	0	0	-0	-0	0	5.80642	5.32491	-113.097	-127.673	-0.0651662	0.00963023	0.00963023	-0	-0.0555359
0	151.742	0	-986.842	0	0	-0	-0	0	5.58023	5.09983	-113.097	-50.3405	-0.0697137	0.00960807	0.00960807	-0	-0.0601056
0	141.064	0	-1764.96	0	0	-0	-0	0	5.35404	4.94711	-113.097	-147.785	-0.0742611	0.00813856	0.00813856	-0	-0.0661226
0	136.504	0	-1851.15	0	0	-0	-0	0	5.12785	4.78481	-113.097	-34.7782	-0.0788086	0.00686062	0.00686062	-0	-0.071948
0	132.145	0	-2052.26	0	0	-0	-0	0	4.90165	4.53579	-113.097	-179.388	-0.0833561	0.00731734	0.00731734	-0	-0.0760388
0	141.74	0	-2243.8	0	0	-0	-0	0	4.67546	4.33465	-113.097	79.6647	-0.0879036	0.00681629	0.00681629	-0	-0.0810873
0	141.55	0	-1793.69	0	0	-0	-0	0	4.44927	4.21386	-113.097	-82.6622	-0.0924511	0.00470823	0.00470823	-0	-0.0877428
0	141.831	0	-1985.22	0	0	-0	-0	0	4.22308	3.81743	-113.097	-177.473	-0.0969985	0.00811289	0.00811289	-0	-0.0888857
0	137.655	0	-994.025	0	0	-0	-0	0	3.99689	3.62747	-113.097	-78.3526	-0.101546	0.00738834	0.00738834	-0	-0.0941577
0	130.227	0	-2703.48	0	0	-0	-0	0	3.7707	3.60885	-113.097	7.83861	-0.106094	0.00323698	0.00323698	-0	-0.102857
0	126.183	0	-1259.78	0	0	-0	-0	0	3.5445	3.45985	-113.097	-49.3828	-0.110641	0.00169297	0.00169297	-0	-0.108948
0	122.904	0	-1092.19	0	0	-0	-0	0	3.31831	3.25872	-113.097	-97.2668	-0.115188	0.00119191	0.00119191	-0	-0.113997
0	117.982	0	-2229.43	0	0	-0	-0	0	3.09212	2.98255	-113.097	-180.824	-0.119736	0.00219141	0.00219141	-0	-0.117545
0	116.931	0	-855.161	0	0	-0	-0	0	2.86593	2.54196	-113.097	-197.584	-0.124283	0.00647935	0.00647935	-0	-0.117804
0	112.748	0	-294.918	0	0	-0	-0	0	2.63974	2.46746	-113.097	-17.5399	-0.128831	0.00344544	0.00344544	-0	-0.125385
0	109.351	0	-1635.67	0	0	-0	-0	0	2.41354	2.24345	-113.097	-99.4216	-0.133378	0.00340199	0.00340199	-0	-0.129976
0	111.031	0	-1657.22	0	0	-0	-0	0	2.18735	2.00559	-113.097	7.5992	-0.137926	0.00363524	0.00363524	-0	-0.134291
0	107.046	0	-2514.34	0	0	-0	-0	0	1.96116	1.72251	-113.097	-232.779	-0.142473	0.00477308	0.00477308	-0	-0.1377
0	104.612	0	-1166.41	0	0	-0	-0	0	1.73497	1.50753	-113.097	-42.9185	-0.147021	0.00454871	0.00454871	-0	-0.142472
0	102.75	0	-1233.44	0	0	-0	-0	0	1.51397	1.30267	-106.841	-172.684	-0.141402	0.00422599	0.00422599	-0	-0.137176
0	98.6064	0	-1082.61	0	0	-0	-0	0	1.30783	1.05205	-99.3016	-58.9596	-0.13342	0.00511569	0.00511569	-0	-0.128304
0	89.3708	0	-1243.02	0	0	-0	-0	0	1.11677	0.760447	-91.7618	-141.56	-0.125134	0.00712642	0.00712642	-0	-0.118008
0	85.7092	0	-1322.03	0	0	-0	-0	0	0.940787	0.644979	-84.2221	55.0044	-0.116546	0.00591616	0.00591616	-0	-0.11063
0	82.3024	0	-2224.64	0	0	-0	-0	0	0.779884	0.48907	-76.6824	-152.094	-0.107654	0.00581629	0.00581629	-0	-0.101838
0	82.5311	0	-1415.4	0	0	-0	-0	0	0.634061	0.378923	-69.1427	-61.1144	-0.103094	0.0065233	0.0065233	-0	-0.0913449
0	76.7278	0	-1135.28	0	0	-0	-0	0	0.503317	0.209179	-61.6029	-58.4808	-0.088961	0.00588277	0.00588277	-0	-0.0830782
0	75.5489	0	-1810.45	0	0	-0	-0	0	0.387653	0.206518	-54.0632	44.4699	-0.0791597	0.00362269	0.00362269	-0	-0.075537
0	76.1285	0	-1322.03	0	0	-0	-0	0	0.287067	0.168738	-46.5235	21.9644	-0.0690553	0.00236658	0.00236658	-0	-0.0666888
0	73.1294	0	-572.645	0	0	-0	-0	0	0.201561	0.152243	-38.9838	-19.9341	-0.0586478	0.000986365	0.000986365	-0	-0.0576614
0	71.0652	0	-2301.26	0	0	-0	-0	0	0.131134	0.0724258	-31.444	-37.6512	-0.0479371	0.00117416	0.00117416	-0	-0.0467629
0	69.1663	0	-888.68	0	0	-0	-0	0	0.0757864	0.0463523	-23.9043	-69.7335	-0.0369232	0.000588682	0.000588682	-0	-0.0363345
0	64.5733	0	-1456.11	0	0	-0	-0	0	0.0355181	0.0894534	-16.3646	57.8774	-0.0256061	-0.00107871	-0.00107871	-0	-0.0266848
0	61.7586	0	-749.816	0	0	-0	-0	0	0.0103289	0.0490129	-8.82487	-43.8761	-0.0139859	-0.000773679	-0.000773679	-0	-0.0147596
0	60.6353	0	-2042.69	0	0	-0	-0	0	0.000219048	0.0522056	-1.28514	103.607	-0.00206257	-0.00103973	-0.00103973	-0	-0.0031023
0	55.8919	0	-1408.22	0	0	-0	-0	0	0	0.00910445	0	-92.4784	0	-0.000182089	-0.000182089	-0	-0.000182089
0	53.8677	0	-563.068	0	0	-0	-0	0	0	0.0138935	0	-7.96311	0	-0.000277869	-0.000277869	-0	-5.43819e-05
0	51.6807	0	-2176.76	0	0	-0	-0	0	0	0.0362422	0	47.1035	0	-0.000724844	-0.000724844	-0	-0.000724844
0	48.3841	0	-642.077	0	0	-0	-0	0	0	0.0649763	0	14.303	0	-0.00129953	-0.00129953	-0	-0.00129953
0	42.753	0	-1855.94	0	0	-0	-0	0	0	0.0234715	0	-38.6089	0	-0.00046943	-0.00046943	-0	-0.00046943
0	38.0282	0	-850.373	0	0	-0	-0	0	0	0.00910445	0	90.1992	0	-0.000182089	-0.000182089	-0	-0.000182089
0	31.7196	0	-2114.51	0	0	-0	-0	0	0	0.016554	0	-66.8605	0	-0.00033108	-0.00033108	-0	-0.00033108
0	26.734	0	-531.944	0	0	-0	-0	0	0	-0.0132443	0	-49.8616	0	0.000264886	0.000264886	-0	0.000264886
0	25.5117	0	-1245.42	0	0	-0	-0	0	0	-0.0159048	0	-7.24485	0	0.000318097	0.000318097	-0	0.000318097
0	24.6178	0	-934.17	0	0	-0	-0	0	0	0.00325121	0	30.1047	0	-6.50241e-05	-6.50241e-05	-0	-6.50241e-05
0	22.887	0	-1990.01	0	0	-0	-0	0	0	0.00804022	0	55.7226	0	-0.000160804	-0.000160804	-0	-0.000160804
0	21.4435	0	-651.654	0	0	-0	-0	0	0	0.00857233	0	-11.0756	0	-0.000171447	-0.000171447	-0	-0.000171447
0	19.9385	0	-1626.09	0	0	-0	-0	0	0	-0.00739104	0	62.4264	0	0.000147821	0.000147821	-0	0.000105252
0	15.6982	0	-843.19	0	0	-0	-0	0	0	0.0181504	0	-42.2002	0	-0.000363007	-0.000363007	-0	-0.000363007
0	13.367	0	-1841.57	0	0	-0	-0	0	0	0.0346459	0	51.4131	0	-0.000692917	-0.000692917	-0	-0.000692917
0	10.6054	0	-931.775	0	0	-0	-0	0	0	0.0250678	0	-21.8495	0	-0.000501356	-0.000501356	-0	-0.000501356
0	7.89948	0	-1748.2	0	0	-0	-0	0	0	0.0293247	0	77.0311	0	-0.000586495	-0.000586495	-0	-0.000586495
0	3.5241	0	-1678.77	0	0	-0	-0	0	0	0.00857233	0	-57.7625	0	-0.000171447	-0.000171447	-0	-0.000171447
0	2.54379	0	-778.547	0	0	-0	-0	0	0	-0.00792316	0	-32.8628	0	0.000158463	0.000158463	-0	0.000158463
0	-0.599075	0	-1063.46	0	0	0	-0	0	0	-0.0153727	0	-32.1446	0	0.000307455	0.000307455	-0	0.000307455
0	-1.13269	0	-244.64	0	0	0	-0	0	0	-0.00366626	0	64.1024	0	7.33251e-05	7.33251e-05	-0	7.33251e-05
0	-1.58586	0	-620.529	0	0	0	-0	0	0	0.0112329	0	31.3018	0	-0.000224658	-0.000224658	-0	-0.000224658
0	-0.220975	0	1115.27	0	0	0	-0	0	0	0.006976	0	25.3163	0	-0.00013952	-0.00013952	-0	-0.00013952
0	-0.643931	0	-141.689	0	0	0	-0	0	0	-0.00845527	0	40.8786	0	0.000169105	0.000169105	-0	0.000169105
0	-0.843764	0	983.586	0	0	0	-0	0	0	-0.00898738	0	-29.9898	0	0.000179748	0.000179748	-0	0.000179748
0	-0.88521	0	-172.813	0	0	0	-0	0	0	-0.0132443	0	-9.16022	0	0.000264886	0.000264886	-0	0.000264886
0	-0.616466	0	820.78	0	0	0	-0	0	0	-0.00473048	0	11.6693	0	9.46096e-05	9.46096e-05	-0	9.46096e-05
0	-1.11866	0	-795.306	0	0	0	-0	0	0	0.0229394	0	68.8908	0	-0.000458787	-0.000458787	-0	-0.000458787
0	-1.60686	0	377.853	0	0	0	-0	0	0	0.0202788	0	-39.3272	0	-0.000405576	-0.000405576	-0	-0.000405576
0	-0.00378288	0	543.053	0	0	0	-0	0	0	0.00484755	0	16.9366	0	-9.69509e-05	-9.69509e-05	-0	-9.69509e-05
0	-1.06728	0	545.447	0	0	0	-0	0	0	0.000590645	0	-39.806	0	-1.18129e-05	-1.18129e-05	-0	-1.18129e-05
0	-0.382687	0	279.691	0	0	0	-0	0	0	-0.00739104	0	64.8206	0	0.000147821	0.000147821	-0	0.000147821
0	-0.656387	0	-342.802	0	0	0	-0	0	0	0.0107008	0	-70.6912	0	-0.000214016	-0.000214016	-0	-0.000214016
0	0.371549	0	866.27	0	-0	-0	-0	0	0	0.0154898	0	-30.2292	0	-0.000309796	-0.000309796	-0	-0.000309796
0	-0.757755	0	97.7313	0	0	0	-0	0	0	0.0154898	0	-33.3417	0	-0.000309796	-0.000309796	-0	-0.000309796
0	0.585607	0	935.702	0	-0	-0	-0	0	0	0.00112276	0	-19.9341	0	-2.24552e-05	-2.24552e-05	-0	-2.24552e-05
0	-0.857915	0	33.0879	0	0	0	-0	0	0	-0.00685893	0	-35.9753	0	0.000137179	0.000137179	-0	0.000137179
0	0.0971096	0	686.705	0	-0	-0	-0	0	0	-0.00260203	0	83.9742	0	5.20406e-05	5.20406e-05	-0	5.20406e-05
0	-1.02901	0	-1240.63	0	0	0	-0	0	0	0.0234715	0	-27.835	0	-0.00046943	-0.00046943	-0	-0.00046943
0	-0.789708	0	511.928	0	0	0	-0	0	0	0.0314532	0	20.5279	0	-0.000629064	-0.000629064	-0	-0.000629064
0	-1.64697	0	-122.535	0	0	0	-0	0	0	0.0107008	0	-11.315	0	-0.000214016	-0.000214016	-0	-0.000214016
0	-1.18657	0	983.586	0	0	0	-0	0	0	-0.00579471	0	-27.1167	0	0.000115894	0.000115894	-0	0.000115894
0	-1.19824	0	-275.764	0	0	0	-0	0	0	-0.0127122	0	-12.7515	0	0.000254243	0.000254243	-0	0.000254243
0	-0.331118	0	890.212	0	0	0	-0	0	0	0.00378332	0	40.6392	0	-7.56664e-05	-7.56664e-05	-0	-7.56664e-05
0	-1.28484	0	-1240.63	0	0	0	-0	0	0	0.0202788	0	8.07804	0	-0.000405576	-0.000405576	-0	-0.000405576
0	-0.598859	0	507.14	0	0	0	-0	0	0	0.0197467	0	-15.864	0	-0.000394934	-0.000394934	-0	-0.000394934
0	-0.241287	0	339.546	0	0	0	-0	0	0	-0.00100569	0	-14.4275	0	2.01139e-05	2.01139e-05	-0	2.01139e-05
0	-1.04881	0	555.024	0	0	0	-0	0	0	-0.0100516	0	-23.5254	0	0.000201032	0.000201032	-0	0.000201032
0	-0.898841	0	-302.1	0	0	0	-0	0	0	-0.00951949	0	27.7105	0	0.00019039	0.00019039	-0	0.00019039
0	-0.700049	0	6.75165	0	0	0	-0	0	0	0.00910445	0	5.44441	0	-0.000182089	-0.000182089	-0	-0.000182089
