0	0	0	0	0	0	0	0	0	0	0	0	0	0	0	0	0	0
0.48	-547.854	480	-47.3094	0.00808889	0	0	-0	0.00808889	0	-0.0181131	0	0	0	0.000572255	0.000543393	2.88618e-05	0.000572255
1.92	-136.527	960	259.148	0.0163556	0	0	-0	0.0163556	0	-0.0500399	0	0	0	0.00172494	0.0015012	0.000223743	0.00172494
4.32	-68.1648	1440	196.899	0.0205556	0	0	-0	0.0205556	0	-0.0479114	0	0	0	0.0018112	0.00143734	0.000373862	0.0018112
7.68	-8.34892	1920	211.264	0.0334222	0	0	-0	0.0334222	0	-0.0447187	0	0	0	0.00215301	0.00134156	0.00081145	0.00215301
12	-1.75432	2400	19.7282	0.0422222	0	0	0	0.0422222	0	-0.0447187	0	0	0	0.00242133	0.00134156	0.00107976	0.00242133
17.28	0.267503	2880	149.015	0.0512	0	0	0	0.0512	0	-0.0415261	0	0	0	0.00259066	0.00124578	0.00134488	0.00259066
23.52	0.473764	3360	144.227	0.0603556	0	0	0	0.0603556	0	-0.0362049	0	0	0	0.0026738	0.00108615	0.00158765	0.0026738
30.72	1.10672	3840	81.9775	0.0696889	0	0	0	0.0696889	0	-0.0383334	0	0	0	0.00295169	0.00115	0.00180169	0.00295169
38.88	1.28843	4320	153.804	0.0792	0	0	0	0.0792	0	-0.0287554	0	0	0	0.00289116	0.000862661	0.0020285	0.00289116
48	1.97367	4800	182.534	0.0888889	0	0	0	0.0888889	0	0.00423562	0	0	0	0.00202926	-0.000127068	0.00215633	0.00202926
58.08	2.8045	5280	862.487	0.0987556	0	0	0	0.0987556	0	-0.0276911	0	0	0	0.00291057	0.000830734	0.00207984	0.00291057
69.12	4.50782	5760	2567.16	0.103756	0	0	0	0.103756	0	-0.275656	0	0	0	0.0104326	0.00826967	0.00216291	0.0104326
81.12	7.04969	6240	661.374	0.119022	0	0	0	0.119022	0	-0.676868	0	0	0	0.0270379	0.0203061	0.00673182	0.0270379
94.08	16.3485	6720	5349.22	0.129422	0	0	0	0.129422	0	-0.301197	0	0	0	0.019449	0.00903591	0.0104131	0.019449
108	21.8907	7200	4405.91	0.14	0	0	0	0.14	0	-0.00427818	0	0	0	0.0117037	0.000128346	0.0115754	0.0117037
122.88	-1058.68	7680	3572.72	0.150756	0	0	-0	0.150756	0	-0.0628106	0	0	0	0.0136003	0.00188432	0.011716	0.0136003
138.72	-235.599	8160	5377.95	0.161689	0	0	0	0.161689	0	0.0212632	0	0	0	0.0113177	-0.000637897	0.0119555	0.0113177
147	-98.3278	8400	72.4007	0.167222	0	0	0	0.167222	0	0.0127494	0	0	0	0.0115093	-0.000382483	0.0118918	0.0115093
164.28	14.9249	8880	4353.23	0.178422	0	0	0	0.178422	0	-0.417198	0	0	0	0.0248261	0.0125159	0.0123101	0.0248261
182.25	60.0864	9000	-1024.14	0.18375	0	0	0	0.18375	0	-0.638556	0	0	0	0.0344872	0.0191567	0.0153305	0.0344872
200.25	98.6068	9000	963.044	0.187083	0	0	0	0.187083	0	-0.72263	0	0	0	0.0409302	0.0216789	0.0192513	0.0409302
218.25	140.543	9000	5923.83	0.190417	0	0	0	0.190417	0	-0.913126	0	0	0	0.0513033	0.0273938	0.0239095	0.0513033
236.25	175.745	9000	9213.46	0.19375	0	0	0	0.19375	0	-0.370372	0	0	0	0.0400939	0.0111111	0.0289828	0.0400939
254.25	-814.317	9000	7901.44	0.197083	0	0	0	0.197083	0	0.549119	0	0	0	0.0131958	-0.0164736	0.0296693	0.0131958
272.25	-33.8722	9000	3414.71	0.200417	0	0	0	0.200417	0	1.10571	0	0	0	-0.00776082	-0.0331713	0.0254104	-0.00776082
290.25	102.687	9000	2375.62	0.202083	0	0	0	0.202083	0	1.28876	0	0	0	-0.0165693	-0.0386627	0.0220933	-0.0165693
308.25	260.151	9000	-1378.49	0.207083	0	0	0	0.207083	0	1.86557	0	0	0	-0.047867	-0.055967	0.00810001	-0.047867
326.25	317.692	9000	-1019.36	0.210417	0	0	0	0.210417	0	1.76872	0	0	0	-0.0561806	-0.0530616	-0.00311892	-0.0561806
344.25	371.632	9000	6187.19	0.21375	0	-0	0	0.21375	0	0.556569	0	0	0	-0.0291895	-0.0166971	-0.0124925	-0.0291895
362.25	405.066	9000	17028.1	0.217083	0	-0	0	0.217083	0	-0.363986	0	0	0	-0.00242522	0.0109196	-0.0133448	-0.00242522
380.25	403.404	9000	13475.1	0.220417	0	-0	0	0.220417	0	0.268163	0	0	0	-0.0206393	-0.0080449	-0.0125944	-0.0206393
398.25	388.987	9000	5061.92	0.22375	0	0	0	0.22375	0	-0.488501	0	0	0	0.00149245	0.014655	-0.0131626	0.00149245
416.25	385.797	9000	-550.092	0.227083	0	0	0	0.227083	0	-0.467216	0	0	0	0.00410099	0.0140165	-0.00991549	0.00410099
434.25	406.306	9000	58.0354	0.230417	0	0	0	0.230417	0	-0.0787739	0	0	0	-0.00536836	0.00236322	-0.00773157	-0.00536836
452.25	419.055	9000	-636.283	0.232083	0	0	0	0.232083	0	0.0872452	0	0	0	-0.0101126	-0.00261736	-0.00749525	-0.0101126
470.25	472.36	9000	10841.5	0.237083	0	-0	0	0.237083	0	-1.31647	0	0	0	0.0342881	0.039494	-0.00520591	0.0342881
488.25	495.349	9000	10659.6	0.240417	0	-0	0	0.240417	0	-1.4346	0	0	0	0.0465673	0.0430379	0.00352938	0.0465673
506.25	508.065	9000	6426.61	0.24375	0	-0	0	0.24375	0	-1.19834	0	0	0	0.0474071	0.0359502	0.0114569	0.0474071
524.25	522.629	9000	2476.18	0.247083	0	0	0	0.247083	0	-1.82304	0	0	0	0.0742353	0.0546912	0.0195441	0.0742353
542.25	1054.38	9000	-1455.1	0.250417	0	-0	0	0.250417	0	-1.98799	0	0	0	0.0904797	0.0596398	0.0308399	0.0904797
560.25	459.816	9000	1997.34	0.25375	0	0	0	0.25375	0	-2.28278	0	0	0	0.111526	0.0684835	0.0430424	0.111526
578.25	598.957	9000	11325.1	0.257083	0	-0	0	0.257083	0	-2.89471	0	0	0	0.144257	0.0868414	0.057416	0.144257
596.25	648.722	9000	7432.18	0.260417	0	-0	0	0.260417	0	-3.70672	0	0	0	0.187279	0.111202	0.0760773	0.187279
623.25	693.384	9000	2208.03	0.265417	0	-0	0	0.265417	0	-3.13949	0	0	0	0.202725	0.0941846	0.108541	0.202725
641.25	727.316	9000	5076.28	0.26875	0	-0	0	0.26875	0	-3.23952	0	0	0	0.224509	0.0971857	0.127323	0.224509
659.25	760.496	9000	5976.5	0.272083	0	-0	0	0.272083	0	-2.91706	0	0	0	0.233896	0.0875119	0.146384	0.233896
677.25	965.748	9000	10530.3	0.275417	0	-0	0	0.275417	0	-1.45056	0	0	0	0.205203	0.0435168	0.161686	0.205203
695.25	890.86	9000	8183.96	0.277083	0	-0	0	0.277083	0	-0.998265	0	0	0	0.195986	0.0299479	0.166038	0.195986
713.25	227.803	9000	1729.19	0.282083	0	0	0	0.282083	0	-1.3452	0	0	0	0.216295	0.0403561	0.175939	0.216295
731.25	1045.05	9000	-2556.43	0.285417	0	-0	0	0.285417	0	-1.15577	0	0	0	0.218549	0.0346731	0.183876	0.218549
749.25	163.448	9000	2801.79	0.28875	0	0	0	0.28875	0	-0.804576	0	0	0	0.214475	0.0241373	0.190338	0.214475
767.25	1239.32	9000	5301.34	0.292083	0	-0	0	0.292083	0	0.3831	0	0	0	0.181993	-0.011493	0.193486	0.181993
785.25	1126.32	9000	16276.4	0.295417	-0	-0	-0	0.295417	0	0.406513	0	0	0	0.178168	-0.0121954	0.190364	0.178168
803.25	1101.18	9000	7274.16	0.29875	0	-0	-0	0.29875	0	0.516128	0	0	0	0.173063	-0.0154838	0.188547	0.173063
821.25	1099.82	9000	4065.93	0.302083	0	-0	-0	0.302083	0	1.41008	0	0	0	0.141494	-0.0423023	0.183797	0.141494
839.25	1118.85	9000	-679.379	0.305417	0	-0	-0	0.305417	0	1.094	0	0	0	0.142513	-0.0328201	0.175333	0.142513
857.25	1143.13	9000	1283.87	0.307083	0	-0	-0	0.307083	0	0.656606	0	0	0	0.152353	-0.0196982	0.172051	0.152353
875.25	1222	9000	972.621	0.312083	0	-0	-0	0.312083	0	-0.174554	0	0	0	0.1746	0.00523663	0.169363	0.1746
893.251	2155.92	9000	81.9775	0.315417	0	-0	-0	0.315417	0	-0.519363	0	0	0	0.186425	0.0155809	0.170844	0.186425
911.251	1558.26	9000	8250.99	0.31875	0	-0	-0	0.31875	0	0.790698	0	0	0	0.148541	-0.0237209	0.172262	0.148541
929.251	1443.98	9000	15922	0.322083	-0	-0	-0	0.322083	0	-0.544905	0	0	0	0.191202	0.0163471	0.174855	0.191202
947.251	1440.48	9000	18196.5	0.32375	-0	-0	-0	0.32375	0	0.0585111	0	0	0	0.174734	-0.00175533	0.176489	0.174734
965.251	1406.98	9000	15491.1	0.32875	-0	-0	-0	0.32875	0	4.72727	0	0	0	0.0223191	-0.141818	0.164137	0.0223191
983.251	198.887	9000	-588.399	0.332083	0	0	-0	0.332083	0	4.14939	0	0	0	0.0109565	-0.124482	0.135438	0.0109565
1001.25	3191.78	9000	-329.825	0.335417	0	-0	-0	0.335417	0	3.25332	0	0	0	0.0149699	-0.0975995	0.112569	0.0149699
1019.25	200.012	9000	-325.037	0.337083	0	0	-0	0.337083	0	3.23629	0	0	0	0.00572074	-0.0970886	0.102809	0.00572074
1037.2	2983.04	8839.98	2495.33	0.339407	0	-0	-0	0.339407	0	1.84641	0	0	0	0.0201359	-0.0553923	0.0755282	0.0201359
1054.4	1033.82	8359.98	3534.42	0.334592	0	0	-0	0.334592	0	0.379907	0	0	0	0.0562005	-0.0113972	0.0675977	0.0562005
1070.64	1424.86	7879.98	-3978.59	0.329599	0	-0	-0	0.329599	0	0.369265	0	0	0	0.0542499	-0.0110779	0.0653278	0.0542499
1085.92	2520.3	7399.98	-1905.21	0.324429	0	-0	-0	0.324429	0	0.655541	0	0	0	0.0430469	-0.0196662	0.0627131	0.0430469
1100.24	1426.04	6919.98	11224.6	0.319081	-0	-0	-0	0.319081	0	3.11816	0	0	0	-0.0373158	-0.0935448	0.0562289	-0.0373158
1113.6	1649.51	6439.98	27931.3	0.313555	-0	-0	-0	0.313555	0	3.55768	0	0	0	-0.0732716	-0.106731	0.0334589	-0.0732716
1126	1659.65	5959.98	32197.8	0.307851	-0	-0	-0	0.307851	0	0.257521	0	0	0	0.0119857	-0.00772564	0.0197114	0.0119857
1137.44	1575.51	5479.97	12728.2	0.301969	-0	-0	-0	0.301969	0	3.2597	0	0	0	-0.0842797	-0.097791	0.0135113	-0.0842797
1147.92	1533.76	4999.97	3989.31	0.298962	0	-0	-0	0.298962	0	3.67475	0	0	0	-0.10651	-0.110242	0.00373221	-0.10651
1157.44	1430.19	4519.97	-8474.9	0.289673	0	-0	-0	0.289673	0	3.08517	0	0	0	-0.119664	-0.092555	-0.0271089	-0.119664
1166	1424.53	4039.97	91.5543	0.283258	0	-0	-0	0.283258	0	2.94043	0	0	0	-0.133638	-0.088213	-0.0454251	-0.133638
1173.6	1436.33	3559.97	2753.91	0.276666	0	-0	-0	0.276666	0	2.85955	0	0	0	-0.148583	-0.0857866	-0.0627963	-0.148583
1180.24	1459.53	3079.97	1542.44	0.269895	0	-0	-0	0.269895	0	2.54986	0	0	0	-0.152606	-0.0764959	-0.0761097	-0.152606
1185.92	1481.22	2599.97	278.302	0.262947	0	-0	-0	0.262947	0	0.973745	0	0	0	-0.127157	-0.0292123	-0.0979442	-0.127157
1190.64	1515.5	2119.97	1058.81	0.255821	0	-0	-0	0.255821	0	-0.127728	0	0	0	-0.0949871	0.00383185	-0.0988189	-0.0949871
1194.4	1525.26	1639.97	13269.2	0.248517	-0	-0	-0	0.248517	0	4.70385	0	0	0	-0.245895	-0.141116	-0.104779	-0.245895
1197.2	1488.17	1159.97	31580.1	0.241036	-0	-0	-0	0.241036	0	0.72578	0	0	0	-0.154179	-0.0217734	-0.132406	-0.154179
1199.04	1442.25	679.965	24905.1	0.237228	-0	-0	-0	0.237228	0	-2.25618	0	0	0	-0.0668976	0.0676854	-0.134583	-0.0668976
1199.92	1287.93	199.964	4525.62	0.22554	-0	-0	-0	0.22554	0	-0.192646	0	0	0	-0.113632	0.00577938	-0.119411	-0.113632
1200	1248.2	0	2998.12	0.222222	-0	-0	-0	0.222222	0	-0.356537	0	0	0	-0.107965	0.0106961	-0.118661	-0.107965
1200	1219.39	0	-4433.49	0.222222	0	-0	-0	0.222222	0	-1.15577	0	0	0	-0.0808811	0.0346731	-0.115554	-0.0808811
1200	1191.76	0	8260.57	0.222222	0	0	-0	0.222222	0	-3.00433	0	0	0	-0.0152076	0.0901299	-0.105337	-0.0152076
1200	1181.71	0	512.934	0.222222	0	0	-0	0.222222	0	-3.37468	0	0	0	0.0151006	0.10124	-0.0861398	0.0151006
1200	1165.22	0	-2546.86	0.222222	0	0	-0	0.222222	0	-3.25229	0	0	0	0.0315845	0.0975688	-0.0659843	0.0315845
1200	1152.93	0	8418.59	0.222222	0	0	-0	0.222222	0	-1.70597	0	0	0	0.00270051	0.0511792	-0.0484787	0.00270051
1200	1123.74	0	13728.9	0.222222	0	0	-0	0.222222	0	-2.80745	0	0	0	0.0461498	0.0842234	-0.0380737	0.0461498
1200	1106.61	0	12019.5	0.222222	0	0	-0	0.222222	0	-3.89402	0	0	0	0.0871693	0.116821	-0.0296513	0.0871693
1200	1035.82	0	5306.13	0.222222	0	0	-0	0.222222	0	-3.35872	0	0	0	0.107475	0.100761	0.00671345	0.107475
1200	-1295.96	0	4056.35	0.222222	0	0	-0	0.222222	0	-3.24378	0	0	0	0.123541	0.0973134	0.0262272	0.123541
1200	1551.77	0	3108.25	0.222222	-0	-0	-0	0.222222	0	-3.60349	0	0	0	0.154513	0.108105	0.0464082	0.154513
1200	1107.24	0	-2508.55	0.222222	0	0	-0	0.222222	0	-3.12778	0	0	0	0.161479	0.0938334	0.067646	0.161479
1200	1003.11	0	2423.51	0.222222	0	0	-0	0.222222	0	-2.50946	0	0	0	0.160643	0.0752839	0.0853591	0.160643
1200	105.73	0	-32.9442	0.222222	0	0	-0	0.222222	0	-2.56906	0	0	0	0.177453	0.0770718	0.100381	0.177453
1200	766.477	0	-6679.25	0.222222	0	0	-0	0.222222	0	-2.36579	0	0	0	0.186641	0.0709738	0.115667	0.186641
1200	951.949	0	5531.18	0.222222	0	0	-0	0.222222	0	-1.39522	0	0	0	0.170847	0.0418566	0.128991	0.170847
1200	983.826	0	8691.53	0.222222	0	0	-0	0.222222	0	-0.143692	0	0	0	0.137487	0.00431075	0.133176	0.137487
1200	1705.53	0	4118.6	0.222222	-0	-0	-0	0.222222	0	2.09863	0	0	0	0.062073	-0.0629589	0.125032	0.062073
1200	843.599	0	1231.19	0.222222	0	0	-0	0.222222	0	1.83045	0	0	0	0.0577631	-0.0549134	0.112676	0.0577631
1200	996.594	0	3625.4	0.222222	0	0	-0	0.222222	0	1.93048	0	0	0	0.0439293	-0.0579145	0.101844	0.0439293
1200	1055.26	0	4046.78	0.222222	0	0	-0	0.222222	0	2.54561	0	0	0	0.0133596	-0.0763682	0.0897277	0.0133596
1200	1081.65	0	11492.7	0.222222	0	0	-0	0.222222	0	3.62047	0	0	0	-0.0361874	-0.108614	0.0724268	-0.0361874
1200	1077.52	0	12167.9	0.222222	0	0	-0	0.222222	0	4.24837	0	0	0	-0.0774782	-0.127451	0.0499728	-0.0774782
1200	1045.43	0	-2996.97	0.222222	0	0	-0	0.222222	0	4.29732	0	0	0	-0.104721	-0.12892	0.0241984	-0.104721
1200	1036.48	0	1087.54	0.222222	0	0	-0	0.222222	0	4.27178	0	0	0	-0.116847	-0.128153	0.0113065	-0.116847
1200	30.6787	0	153.804	0.222222	0	0	-0	0.222222	0	4.22815	0	0	0	-0.14106	-0.126844	-0.0142156	-0.14106
1200	1435.88	0	-2537.28	0.222222	0	-0	-0	0.222222	0	4.03765	0	0	0	-0.172955	-0.121129	-0.0518252	-0.172955
1200	1158.78	0	4832.07	0.222222	0	0	-0	0.222222	0	3.27247	0	0	0	-0.173714	-0.0981741	-0.0755402	-0.173714
1200	-807.76	0	2485.76	0.222222	0	0	-0	0.222222	0	1.53459	0	0	0	-0.138368	-0.0460377	-0.0923304	-0.138368
1200	-619.832	0	2212.82	0.222222	0	0	-0	0.222222	0	1.41221	0	0	0	-0.143218	-0.0423662	-0.100852	-0.143218
1200	1794.01	0	-4960.21	0.222222	0	-0	-0	0.222222	0	1.80597	0	0	0	-0.164391	-0.0541791	-0.110212	-0.164391
1200	1322.98	0	3515.26	0.222222	-0	-0	-0	0.222222	0	1.13764	0	0	0	-0.154708	-0.0341291	-0.120579	-0.154708
1200	1212.4	0	18268.3	0.222222	-0	-0	-0	0.222222	0	-2.27108	0	0	0	-0.0550356	0.0681323	-0.123168	-0.0550356
1200	1163.01	0	9563.02	0.222222	0	0	-0	0.222222	0	-3.95575	0	0	0	0.013208	0.118672	-0.105464	0.013208
1200	2447.1	0	1997.34	0.222222	-0	-0	-0	0.222222	0	-3.88444	0	0	0	0.0229361	0.116533	-0.0935972	0.0229361
1200	804.946	0	1901.57	0.222222	0	0	-0	0.222222	0	-4.076	0	0	0	0.0518268	0.12228	-0.0704533	0.0518268
1200	1599.05	0	2011.7	0.222222	-0	-0	-0	0.222222	0	-4.72944	0	0	0	0.111054	0.141883	-0.0308288	0.111054
1200	1004.95	0	479.415	0.222222	0	0	-0	0.222222	0	-4.573	0	0	0	0.134607	0.13719	-0.00258312	0.134607
1200	1129.9	0	-9504.41	0.222222	0	0	-0	0.222222	0	-4.16753	0	0	0	0.149606	0.125026	0.0245803	0.149606
1200	1176.44	0	7470.48	0.222222	0	0	-0	0.222222	0	-3.16503	0	0	0	0.142659	0.0949508	0.0477082	0.142659
1200	1188.97	0	5904.68	0.222222	0	0	-0	0.222222	0	-2.06994	0	0	0	0.127625	0.0620982	0.0655266	0.127625
1200	1181.78	0	7753	0.222222	0	0	-0	0.222222	0	-0.597052	0	0	0	0.0934697	0.0179115	0.0755581	0.0934697
1200	1165.87	0	3041.21	0.222222	0	0	-0	0.222222	0	-0.0159847	0	0	0	0.0783557	0.00047954	0.0778761	0.0783557
1200	1159.82	0	1015.72	0.222222	0	0	-0	0.222222	0	-0.0362049	0	0	0	0.0790102	0.00108615	0.0779241	0.0790102
1200	1149.7	0	2480.97	0.222222	0	0	-0	0.222222	0	-0.446996	0	0	0	0.092707	0.0134099	0.0792971	0.092707
1200	1155.42	0	3457.8	0.222222	0	0	-0	0.222222	0	0.0138136	0	0	0	0.0811943	-0.000414409	0.0816088	0.0811943
1200	1157.22	0	6560.69	0.222222	0	0	-0	0.222222	0	1.13764	0	0	0	0.0458132	-0.0341291	0.0799423	0.0458132
1200	1167.6	0	4152.12	0.222222	0	0	-0	0.222222	0	1.50373	0	0	0	0.0272863	-0.0451119	0.0723981	0.0272863
1200	1173.11	0	6512.8	0.222222	0	0	-0	0.222222	0	2.07415	0	0	0	0.000407275	-0.0622246	0.0626319	0.000407275
1200	1166.51	0	-3499.75	0.222222	0	0	-0	0.222222	0	2.403	0	0	0	-0.022682	-0.07209	0.0494079	-0.022682
1200	1175.38	0	4525.62	0.222222	0	0	-0	0.222222	0	1.73573	0	0	0	-0.0163796	-0.0520719	0.0356923	-0.0163796
1200	1179.29	0	709.258	0.222222	0	0	-0	0.222222	0	0.920533	0	0	0	-0.000818333	-0.027616	0.0267977	-0.000818333
1200	1179.11	0	-2992.18	0.222222	0	0	-0	0.222222	0	1.00354	0	0	0	-0.00607022	-0.0301063	0.0240361	-0.00607022
1200	1188.14	0	3903.12	0.222222	0	0	-0	0.222222	0	1.80171	0	0	0	-0.037071	-0.0540514	0.0169804	-0.037071
1200	845.098	0	168.169	0.222222	0	0	-0	0.222222	0	2.55093	0	0	0	-0.0718423	-0.0765278	0.00468552	-0.0718423
1200	1131.55	0	2739.54	0.222222	0	0	-0	0.222222	0	1.90388	0	0	0	-0.0668648	-0.0571163	-0.00974844	-0.0668648
1200	1211.24	0	4185.64	0.222222	-0	-0	-0	0.222222	0	1.48351	0	0	0	-0.0649043	-0.0445053	-0.0203991	-0.0649043
1200	1228.62	0	9400.21	0.222222	-0	-0	-0	0.222222	0	1.24193	0	0	0	-0.0621075	-0.0372579	-0.0248496	-0.0621075
1200	1225.77	0	5492.87	0.222222	-0	-0	-0	0.222222	0	0.384164	0	0	0	-0.04215	-0.0115249	-0.030625	-0.04215
1200	1197.01	0	1733.98	0.222222	0	0	-0	0.222222	0	0.370329	0	0	0	-0.0457958	-0.0111099	-0.0346859	-0.0457958
1200	1194.27	0	1690.88	0.222222	0	0	-0	0.222222	0	0.0382908	0	0	0	-0.0375171	-0.00114872	-0.0363683	-0.0375171
1200	1200.67	0	1891.99	0.222222	-0	-0	-0	0.222222	0	0.114915	0	0	0	-0.0400104	-0.00344745	-0.036563	-0.0400104
1200	2036.69	0	7695.54	0.222222	-0	-0	-0	0.222222	0	-0.926961	0	0	0	-0.00865821	0.0278088	-0.0364671	-0.00865821
1200	-696.386	0	-2963.45	0.222222	0	0	-0	0.222222	0	-1.61977	0	0	0	0.0194854	0.0485932	-0.0291078	0.0194854
1200	1797.18	0	1465.83	0.222222	-0	-0	-0	0.222222	0	-1.68043	0	0	0	0.0310621	0.050413	-0.0193509	0.0310621
1200	1381.22	0	1777.07	0.222222	-0	-0	-0	0.222222	0	-1.80069	0	0	0	0.0449057	0.0540207	-0.00911502	0.0449057
1200	1309.99	0	943.89	0.222222	-0	-0	-0	0.222222	0	-1.8688	0	0	0	0.0523511	0.056064	-0.00371294	0.0523511
1200	1263.78	0	9117.7	0.222222	-0	-0	-0	0.222222	0	-1.58359	0	0	0	0.0603617	0.0475077	0.012854	0.0603617
1200	1254.61	0	5033.19	0.222222	-0	-0	-0	0.222222	0	0.0478688	0	0	0	0.0187581	-0.00143607	0.0201941	0.0187581
1200	1262.87	0	2337.32	0.222222	-0	-0	-0	0.222222	0	0.522513	0	0	0	0.00308854	-0.0156754	0.0187639	0.00308854
1200	1244.86	0	-76.0398	0.222222	0	-0	-0	0.222222	0	0.41077	0	0	0	0.00335685	-0.0123231	0.0156799	0.00335685
1200	1272.1	0	556.029	0.222222	-0	-0	-0	0.222222	0	0.450146	0	0	0	-0.000190082	-0.0135044	0.0133143	-0.000190082
1200	1298.02	0	-4907.54	0.222222	0	-0	-0	0.222222	0	0.518256	0	0	0	-0.00505878	-0.0155477	0.0104889	-0.00505878
1200	1306.35	0	-1431.16	0.222222	0	-0	-0	0.222222	0	0.481008	0	0	0	-0.00710835	-0.0144303	0.0073219	-0.00710835
1200	1555.95	0	8677.16	0.222222	-0	-0	-0	0.222222	0	0.19686	0	0	0	-0.000981483	-0.00590581	0.00492433	-0.000981483
1200	1426.99	0	6771.38	0.222222	-0	-0	-0	0.222222	0	0.0329697	0	0	0	0.00334466	-0.000989091	0.00433375	0.00334466
1200	1305.82	0	4903.9	0.222222	-0	-0	-0	0.222222	0	0.152163	0	0	0	0.000548064	-0.00456489	0.00511295	0.000548064
1200	1283.59	0	2227.18	0.222222	-0	-0	-0	0.222222	0	-0.0213058	0	0	0	0.0048615	0.000639174	0.00422232	0.0048615
1200	1280.46	0	2696.45	0.222222	-0	-0	-0	0.222222	0	-0.473602	0	0	0	0.0192319	0.014208	0.00502381	0.0192319
1200	1296.52	0	3874.39	0.222222	-0	-0	-0	0.222222	0	-0.434225	0	0	0	0.0212753	0.0130268	0.00824854	0.0212753
1200	1321.29	0	6225.5	0.222222	-0	-0	-0	0.222222	0	-0.0585537	0	0	0	0.0113078	0.00175661	0.00955122	0.0113078
1200	1304.12	0	1523.29	0.222222	-0	-0	-0	0.222222	0	0.402256	0	0	0	-0.0039817	-0.0120677	0.00808597	-0.0039817
1200	1313.7	0	7006.01	0.222222	-0	-0	-0	0.222222	0	0.00210717	0	0	0	0.00568904	-6.3215e-05	0.00575225	0.00568904
1200	1307.8	0	-4347.3	0.222222	0	-0	-0	0.222222	0	-0.445932	0	0	0	0.020235	0.0133779	0.00685705	0.020235
1200	1318.05	0	3031.63	0.222222	-0	-0	-0	0.222222	0	-0.418262	0	0	0	0.0207427	0.0125479	0.00819484	0.0207427
1200	863.335	0	-631.495	0.222222	0	0	-0	0.222222	0	-0.385271	0	0	0	0.0239515	0.0115581	0.0123934	0.0239515
1200	932.24	0	-2599.53	0.222222	0	0	-0	0.222222	0	0.0680891	0	0	0	0.0120941	-0.00204267	0.0141367	0.0120941
1200	1269.11	0	3553.57	0.222222	-0	-0	-0	0.222222	0	0.877964	0	0	0	-0.0139772	-0.0263389	0.0123617	-0.0139772
1200	1349.99	0	1858.48	0.222222	-0	-0	-0	0.222222	0	0.879029	0	0	0	-0.0197622	-0.0263709	0.00660866	-0.0197622
1200	1367.55	0	7628.5	0.222222	-0	-0	-0	0.222222	0	0.198989	0	0	0	-0.00346666	-0.00596966	0.002503	-0.00346666
1200	1352.07	0	771.508	0.222222	-0	-0	-0	0.222222	0	-0.0681317	0	0	0	0.00387662	0.00204395	0.00183267	0.00387662
1200	1357.94	0	2174.51	0.222222	-0	-0	-0	0.222222	0	-0.0723886	0	0	0	0.00420879	0.00217166	0.00203713	0.00420879
1200	1340.73	0	656.586	0.222222	-0	-0	-0	0.222222	0	-0.450189	0	0	0	0.0165837	0.0135057	0.00307807	0.0165837
1200	1343.21	0	-210.115	0.222222	0	-0	-0	0.222222	0	-0.54384	0	0	0	0.0207438	0.0163152	0.00442863	0.0207438
1200	-850.184	0	2241.55	0.222222	0	0	-0	0.222222	0	-0.517235	0	0	0	0.0250765	0.015517	0.00955946	0.0250765
1200	1940	0	7982.84	0.222222	-0	-0	-0	0.222222	0	0.216016	0	0	0	0.00526607	-0.00648049	0.0117466	0.00526607
1200	1517.66	0	3069.94	0.222222	-0	-0	-0	0.222222	0	0.0350982	0	0	0	0.00864405	-0.00105294	0.009697	0.00864405
1200	3141.61	0	2816.16	0.222222	-0	-0	-0	0.222222	0	-0.152205	0	0	0	0.0148252	0.00456616	0.010259	0.0148252
1200	958.399	0	311.821	0.222222	0	0	-0	0.222222	0	0.00210717	0	0	0	0.0107004	-6.3215e-05	0.0107636	0.0107004
1200	1279.82	0	-3485.38	0.222222	0	-0	-0	0.222222	0	-0.257564	0	0	0	0.0187014	0.00772691	0.0109745	0.0187014
1200	2072.58	0	3295	0.222222	-0	-0	-0	0.222222	0	-0.0159847	0	0	0	0.0130249	0.00047954	0.0125454	0.0130249
1200	1233.3	0	4506.46	0.222222	-0	-0	-0	0.222222	0	1.25896	0	0	0	-0.0267749	-0.0377687	0.0109939	-0.0267749
1200	1392.17	0	2212.82	0.222222	-0	-0	-0	0.222222	0	0.873708	0	0	0	-0.0229435	-0.0262112	0.00326771	-0.0229435
1200	1391.8	0	2327.74	0.222222	-0	-0	-0	0.222222	0	0.212824	0	0	0	-0.00687784	-0.00638471	-0.00049313	-0.00687784
1200	1398.58	0	4405.91	0.222222	-0	-0	-0	0.222222	0	0.88435	0	0	0	-0.0289487	-0.0265305	-0.00241819	-0.0289487
1200	1386.34	0	1575.96	0.222222	-0	-0	-0	0.222222	0	0.748129	0	0	0	-0.0305992	-0.0224439	-0.0081553	-0.0305992
1200	1384.51	0	4085.08	0.222222	-0	-0	-0	0.222222	0	-0.0500399	0	0	0	-0.00981792	0.0015012	-0.0113191	-0.00981792
1200	1384.03	0	244.783	0.222222	-0	-0	-0	0.222222	0	-0.31716	0	0	0	-0.00102197	0.00951481	-0.0105368	-0.00102197
1200	2337.84	0	-3298.64	0.222222	0	-0	-0	0.222222	0	-0.290555	0	0	0	0.0001818	0.00871664	-0.00853484	0.0001818
1200	1641.19	0	1255.14	0.222222	-0	-0	-0	0.222222	0	-0.373564	0	0	0	0.00404826	0.0112069	-0.00715867	0.00404826
1200	289.454	0	2610.25	0.222222	0	0	-0	0.222222	0	-0.580024	0	0	0	0.0132114	0.0174007	-0.00418936	0.0132114
1200	851.719	0	2485.76	0.222222	0	0	-0	0.222222	0	-0.40017	0	0	0	0.00955581	0.0120051	-0.00244928	0.00955581
1200	1999.2	0	5957.35	0.222222	-0	-0	-0	0.222222	0	-1.05467	0	0	0	0.0341109	0.0316401	0.00247082	0.0341109
1200	241.602	0	4865.59	0.222222	0	0	-0	0.222222	0	-1.22069	0	0	0	0.0422555	0.0366206	0.00563483	0.0422555
1200	1269.74	0	3931.85	0.222222	-0	-0	-0	0.222222	0	0.0457404	0	0	0	0.0117496	-0.00137221	0.0131218	0.0117496
1200	1399.53	0	1829.74	0.222222	-0	-0	-0	0.222222	0	0.299026	0	0	0	0.00320297	-0.00897078	0.0121737	0.00320297
1200	1434.97	0	-574.034	0.222222	0	-0	-0	0.222222	0	0.0766029	0	0	0	0.00844547	-0.00229809	0.0107436	0.00844547
1200	1443.59	0	2820.94	0.222222	-0	-0	-0	0.222222	0	0.4991	0	0	0	-0.00491895	-0.014973	0.0100541	-0.00491895
1200	1688.83	0	5425.84	0.222222	-0	-0	-0	0.222222	0	0.882221	0	0	0	-0.0201638	-0.0264666	0.0063028	-0.0201638
1200	1490.7	0	939.102	0.222222	-0	-0	-0	0.222222	0	0.268163	0	0	0	-0.00607444	-0.0080449	0.00197046	-0.00607444
1200	1450.69	0	369.282	0.222222	-0	-0	-0	0.222222	0	0.0851167	0	0	0	-0.00138753	-0.0025535	0.00116597	-0.00138753
1200	1436.05	0	1508.92	0.222222	-0	-0	-0	0.222222	0	0.0819241	0	0	0	-0.00195563	-0.00245772	0.000502089	-0.00195563
1200	1453.14	0	-9375.12	0.222222	0	-0	-0	0.222222	0	0.0946948	0	0	0	-0.00302505	-0.00284084	-0.000184209	-0.00302505
1200	1455.1	0	-10318.4	0.222222	0	-0	-0	0.222222	0	-0.0181131	0	0	0	7.51003e-05	0.000543393	-0.000468293	7.51003e-05
1200	1475.64	0	3438.65	0.222222	-0	-0	-0	0.222222	0	0.286255	0	0	0	-0.0093431	-0.00858766	-0.000755442	-0.0093431
1200	1492.3	0	8054.67	0.222222	-0	-0	-0	0.222222	0	0.551247	0	0	0	-0.0200448	-0.0165374	-0.0035074	-0.0200448
1200	1491.13	0	6656.46	0.222222	-0	-0	-0	0.222222	0	-0.446996	0	0	0	0.00848825	0.0134099	-0.00492163	0.00848825
1200	1479.99	0	-971.471	0.222222	0	-0	-0	0.222222	0	-0.0574894	0	0	0	-0.00131314	0.00172468	-0.00303782	-0.00131314
1200	1484.9	0	2198.45	0.222222	-0	-0	-0	0.222222	0	-0.0415261	0	0	0	-0.001578	0.00124578	-0.00282379	-0.001578
1200	1489.69	0	1623.84	0.222222	-0	-0	-0	0.222222	0	0.0148779	0	0	0	-0.00314554	-0.000446336	-0.00269921	-0.00314554
1200	1507.18	0	-181.385	0.222222	0	-0	-0	0.222222	0	-0.195839	0	0	0	0.00366143	0.00587516	-0.00221373	0.00366143
1200	1514.1	0	6527.17	0.222222	-0	-0	-0	0.222222	0	-0.34483	0	0	0	0.00952651	0.0103449	-0.000818402	0.00952651
1200	1860.01	0	5076.28	0.222222	-0	-0	-0	0.222222	0	0.163869	0	0	0	-0.0042753	-0.00491608	0.000640779	-0.0042753
1200	1566.64	0	656.586	0.222222	-0	-0	-0	0.222222	0	0.513999	0	0	0	-0.0164648	-0.01542	-0.00104483	-0.0164648
1200	1503.36	0	3031.63	0.222222	-0	-0	-0	0.222222	0	0.299026	0	0	0	-0.0130741	-0.00897078	-0.00410328	-0.0130741
1200	1495.45	0	-176.596	0.222222	0	-0	-0	0.222222	0	0.0883094	0	0	0	-0.00801354	-0.00264928	-0.00536426	-0.00801354
1200	1500.52	0	-4170.12	0.222222	0	-0	-0	0.222222	0	0.139392	0	0	0	-0.0101334	-0.00418177	-0.00595159	-0.0101334
1200	1504.63	0	-5281.03	0.222222	0	-0	-0	0.222222	0	0.125557	0	0	0	-0.010593	-0.00376672	-0.00682625	-0.010593
1200	1513.63	0	2969.38	0.222222	-0	-0	-0	0.222222	0	0.157484	0	0	0	-0.0119274	-0.00472452	-0.00720292	-0.0119274
1200	1544.1	0	4693.21	0.222222	-0	-0	-0	0.222222	0	-0.279913	0	0	0	-0.00133076	0.00839738	-0.00972814	-0.00133076
1199.88	1544.9	-239.453	6096.21	0.218209	-0	-0	-0	0.218209	0	-1.29518	0	0	0	0.0327416	0.0388555	-0.0061139	0.0327416
1198.92	1543.51	-719.447	5186.42	0.210032	-0	-0	-0	0.210032	0	-0.608758	0	0	0	0.0198689	0.0182627	0.00160612	0.0198689
1197	1535.36	-1199.44	1518.5	0.205876	-0	-0	-0	0.205876	0	-0.106444	0	0	0	0.0066257	0.00319331	0.00343239	0.0066257
1194.12	1530.86	-1679.43	-248.422	0.193143	-0	-0	-0	0.193143	0	-0.0777097	0	0	0	0.00613422	0.00233129	0.00380293	0.00613422
1190.29	1532.46	-2159.43	886.429	0.184433	-0	-0	-0	0.184433	0	0.010621	0	0	0	0.00376858	-0.000318629	0.00408721	0.00376858
1185.49	1520.48	-2639.42	1154.58	0.175544	-0	-0	-0	0.175544	0	-0.340573	0	0	0	0.0146908	0.0102172	0.00447365	0.0146908
1179.73	1503.32	-3119.42	239.995	0.166478	-0	-0	-0	0.166478	0	-0.100058	0	0	0	0.00928578	0.00300175	0.00628402	0.00928578
1173.01	1492.04	-3599.41	-13.7906	0.161878	-0	-0	-0	0.161878	0	0.00210717	0	0	0	0.00652098	-6.3215e-05	0.0065842	0.00652098
1165.33	1491	-4079.4	872.064	0.147812	-0	-0	-0	0.147812	0	-0.0628106	0	0	0	0.0082995	0.00188432	0.00641518	0.0082995
1156.69	1489.86	-4559.4	-1598.75	0.138212	-0	-0	-0	0.138212	0	-0.185196	0	0	0	0.0125842	0.00555589	0.0070283	0.0125842
1147.09	1490.66	-5039.39	-1110.33	0.128435	-0	-0	-0	0.128435	0	-0.675804	0	0	0	0.0291479	0.0202741	0.0088738	0.0291479
1136.53	1478.09	-5519.39	-1167.8	0.11848	-0	-0	-0	0.11848	0	-0.488501	0	0	0	0.0276539	0.014655	0.0129989	0.0276539
1125.02	1471.98	-5999.38	-2738.39	0.108347	-0	-0	-0	0.108347	0	0.611908	0	0	0	-0.00386728	-0.0183572	0.01449	-0.00386728
1112.54	1469.72	-6479.37	-952.318	0.0980358	-0	-0	-0	0.0980358	0	0.726844	0	0	0	-0.0118361	-0.0218053	0.00996927	-0.0118361
1099.1	1468.18	-6959.37	-1215.68	0.0875473	-0	-0	-0	0.0875473	0	0.237301	0	0	0	-0.00049875	-0.00711903	0.00662028	-0.00049875
1084.7	1464.2	-7439.36	-3308.21	0.076881	-0	-0	-0	0.076881	0	0.72578	0	0	0	-0.0170335	-0.0217734	0.00473992	-0.0170335
1069.34	1463.43	-7919.35	-3518.9	0.0714812	-0	-0	-0	0.0714812	0	0.964167	0	0	0	-0.0263624	-0.028925	0.00256258	-0.0263624
1053.02	1433.12	-8399.35	-4036.05	0.0550151	-0	-0	-0	0.0550151	0	0.178769	0	0	0	-0.00925268	-0.00536306	-0.00388963	-0.00925268
1035.74	1415.56	-8879.34	-6229.14	0.0438155	-0	-0	-0	0.0438155	0	0.599137	0	0	0	-0.0232365	-0.0179741	-0.00526235	-0.0232365
1017.77	1383.21	-9000	-6842.05	0.0384768	-0	-0	-0	0.0384768	0	0.871579	0	0	0	-0.0360709	-0.0261474	-0.00992353	-0.0360709
999.775	1373.53	-9000	5.36301	0.0351435	-0	-0	-0	0.0351435	0	0.346916	0	0	0	-0.0246474	-0.0104075	-0.0142399	-0.0246474
981.775	1353.54	-9000	766.719	0.0318103	-0	-0	-0	0.0318103	0	0.470366	0	0	0	-0.0303621	-0.014111	-0.0162512	-0.0303621
963.776	1326.88	-9000	-1910	0.028477	-0	-0	-0	0.028477	0	0.858808	0	0	0	-0.0453676	-0.0257643	-0.0196033	-0.0453676
945.776	1300.2	-9000	-47.3094	0.0251437	-0	-0	-0	0.0251437	0	1.52608	0	0	0	-0.0715538	-0.0457823	-0.0257715	-0.0715538
927.776	1269.3	-9000	-305.883	0.0218104	-0	-0	-0	0.0218104	0	1.7932	0	0	0	-0.0894263	-0.0537959	-0.0356303	-0.0894263
909.776	1253.03	-9000	211.264	0.0201437	-0	-0	-0	0.0201437	0	1.67933	0	0	0	-0.0913897	-0.0503798	-0.0410099	-0.0913897
891.776	1195.93	-9000	-14144.4	0.0151437	0	-0	-0	0.0151437	0	-1.44843	0	0	0	-0.00627596	0.043453	-0.0497289	-0.00627596
873.776	2624.17	-9000	-17783.6	0.0118105	0	-0	-0	0.0118105	0	0.810918	0	0	0	-0.06686	-0.0243276	-0.0425325	-0.06686
855.777	828.763	-9000	-5180.48	0.00847717	0	0	-0	0.00847717	0	0.0840525	0	0	0	-0.0511966	-0.00252157	-0.0486751	-0.0511966
837.777	1113.46	-9000	1676.52	0.00514388	-0	-0	-0	0.00514388	0	-1.42395	0	0	0	-0.00284345	0.0427186	-0.0455621	-0.00284345
819.777	1175.45	-9000	-1479.04	0.00181059	-0	-0	-0	0.00181059	0	-0.916319	0	0	0	-0.0101322	0.0274896	-0.0376218	-0.0101322
801.777	1170.79	-9000	-2838.95	-0.00152271	-0	-0	-0	-0.00152271	0	-0.491693	0	0	0	-0.0180882	0.0147508	-0.032839	-0.0180882
783.778	1138.26	-9000	752.354	-0.004856	-0	-0	-0	-0.004856	0	-0.423583	0	0	0	-0.0172644	0.0127075	-0.0299719	-0.0172644
765.778	1104.84	-9000	-2269.13	-0.00818929	-0	-0	-0	-0.00818929	0	0.445889	0	0	0	-0.0414168	-0.0133767	-0.0280402	-0.0414168
747.778	1055.47	-9000	-2115.9	-0.00985593	-0	-0	-0	-0.00985593	0	-1.23346	0	0	0	0.00762591	0.0370037	-0.0293778	0.00762591
729.778	987.909	-9000	-13828.3	-0.0148559	0	-0	-0	-0.0148559	0	0.152163	0	0	0	-0.0249775	-0.00456489	-0.0204126	-0.0249775
711.779	955.38	-9000	-19861.7	-0.0181892	0	-0	-0	-0.0181892	0	0.436311	0	0	0	-0.0328984	-0.0130893	-0.0198091	-0.0328984
693.779	943.229	-9000	-4773.46	-0.0215224	-0	-0	-0	-0.0215224	0	1.29301	0	0	0	-0.0639343	-0.0387904	-0.0251439	-0.0639343
675.779	935.132	-9000	-28.1558	-0.0248557	-0	-0	-0	-0.0248557	0	0.290512	0	0	0	-0.0397816	-0.00871537	-0.0310662	-0.0397816
657.779	914.23	-9000	2447.45	-0.028189	-0	-0	-0	-0.028189	0	0.190475	0	0	0	-0.0383383	-0.00571425	-0.0326241	-0.0383383
639.78	-1152.46	-9000	2308.59	-0.0315223	0	0	-0	-0.0315223	0	0.268163	0	0	0	-0.0412404	-0.0080449	-0.0331955	-0.0412404
621.78	1077.98	-9000	-823.031	-0.0348556	-0	-0	-0	-0.0348556	0	0.336274	0	0	0	-0.0463325	-0.0100882	-0.0362443	-0.0463325
603.78	836.745	-9000	3515.26	-0.0381889	-0	-0	-0	-0.0381889	0	0.289448	0	0	0	-0.0466996	-0.00868344	-0.0380161	-0.0466996
585.78	777.112	-9000	-416.017	-0.0398555	-0	-0	-0	-0.0398555	0	0.350109	0	0	0	-0.0493877	-0.0105033	-0.0388845	-0.0493877
567.78	670.799	-9000	-23735.5	-0.0448555	0	-0	-0	-0.0448555	0	0.776863	0	0	0	-0.0656606	-0.0233059	-0.0423547	-0.0656606
549.781	669.359	-9000	-15480.3	-0.0481888	0	-0	-0	-0.0481888	0	0.940754	0	0	0	-0.0756695	-0.0282226	-0.0474469	-0.0756695
531.781	698.139	-9000	-2321.8	-0.0515221	-0	-0	-0	-0.0515221	0	1.30898	0	0	0	-0.0927949	-0.0392693	-0.0535256	-0.0927949
513.781	692.905	-9000	718.835	-0.0548554	-0	-0	-0	-0.0548554	0	1.44307	0	0	0	-0.104962	-0.043292	-0.06167	-0.104962
495.781	673.075	-9000	-3724.8	-0.0581886	-0	-0	-0	-0.0581886	0	1.87301	0	0	0	-0.126928	-0.0561904	-0.0707371	-0.126928
477.782	641.962	-9000	-3878.03	-0.0615219	-0	-0	-0	-0.0615219	0	2.54986	0	0	0	-0.159847	-0.0764959	-0.0833512	-0.159847
459.782	188.787	-9000	-11812.4	-0.0648552	0	0	-0	-0.0648552	0	1.47393	0	0	0	-0.141722	-0.0442179	-0.0975042	-0.141722
441.782	167.792	-9000	-11424.6	-0.0681885	0	0	-0	-0.0681885	0	2.37533	0	0	0	-0.17763	-0.0712599	-0.10637	-0.17763
423.782	485.738	-9000	-3648.19	-0.0715218	-0	-0	-0	-0.0715218	0	2.83614	0	0	0	-0.207465	-0.0850842	-0.122381	-0.207465
405.783	547.175	-9000	-995.413	-0.0748551	-0	-0	-0	-0.0748551	0	2.36575	0	0	0	-0.209448	-0.0709725	-0.138475	-0.209448
387.783	469.541	-9000	3543.99	-0.0781884	-0	-0	-0	-0.0781884	0	2.37214	0	0	0	-0.223662	-0.0711641	-0.152498	-0.223662
369.783	469.019	-9000	-291.518	-0.0815217	-0	-0	-0	-0.0815217	0	2.38278	0	0	0	-0.238284	-0.0714834	-0.166801	-0.238284
351.783	424.596	-9000	-2623.47	-0.084855	-0	-0	-0	-0.084855	0	2.27955	0	0	0	-0.249423	-0.0683865	-0.181037	-0.249423
333.783	670.261	-9000	-14297.6	-0.0881883	0	-0	-0	-0.0881883	0	2.87019	0	0	0	-0.281548	-0.0861058	-0.195442	-0.281548
315.784	413.747	-9000	-12942.5	-0.0915215	0	-0	-0	-0.0915215	0	2.18803	0	0	0	-0.277863	-0.0656408	-0.212222	-0.277863
297.784	338.956	-9000	-3571.57	-0.0948548	-0	-0	-0	-0.0948548	0	1.71445	0	0	0	-0.275481	-0.0514334	-0.224048	-0.275481
279.784	306.203	-9000	1915.94	-0.0981881	-0	-0	-0	-0.0981881	0	1.93048	0	0	0	-0.292661	-0.0579145	-0.234747	-0.292661
261.784	272.512	-9000	101.131	-0.101521	-0	-0	-0	-0.101521	0	1.88685	0	0	0	-0.302849	-0.0566055	-0.246243	-0.302849
243.785	229.188	-9000	-143.077	-0.104855	0	0	-0	-0.104855	0	1.86557	0	0	0	-0.313522	-0.055967	-0.257555	-0.313522
225.785	1101.84	-9000	-234.057	-0.108188	-0	-0	-0	-0.108188	0	1.41646	0	0	0	-0.310811	-0.0424939	-0.268317	-0.310811
207.785	359.293	-9000	-9475.68	-0.111521	0	-0	-0	-0.111521	0	1.2132	0	0	0	-0.312452	-0.0363959	-0.276056	-0.312452
189.785	147.724	-9000	-13148.4	-0.114855	0	0	-0	-0.114855	0	0.970552	0	0	0	-0.312525	-0.0291166	-0.283409	-0.312525
171.786	2486.09	-9000	-8719.11	-0.118188	-0	-0	-0	-0.118188	0	-0.159655	0	0	0	-0.28244	0.00478965	-0.28723	-0.28244
154.118	-523.892	-8600.96	-607.553	-0.114809	0	0	-0	-0.114809	0	-0.375693	0	0	0	-0.274443	0.0112708	-0.285713	-0.274443
137.396	-92.9526	-8120.96	2011.7	-0.109906	0	0	-0	-0.109906	0	-0.382078	0	0	0	-0.272019	0.0114623	-0.283482	-0.272019
121.634	-11.0299	-7640.97	-1095.97	-0.104825	0	0	-0	-0.104825	0	-0.391656	0	0	0	-0.269369	0.0117497	-0.281119	-0.269369
106.832	-23.906	-7160.98	-1402.43	-0.0995658	0	0	-0	-0.0995658	0	-0.569382	0	0	0	-0.261544	0.0170815	-0.278625	-0.261544
92.9907	-49.731	-6680.98	-11271.3	-0.0941292	0	0	-0	-0.0941292	0	-0.30439	0	0	0	-0.265994	0.00913169	-0.275126	-0.265994
80.1089	-58.2559	-6200.99	-12918.5	-0.0885148	0	0	-0	-0.0885148	0	-1.38032	0	0	0	-0.231708	0.0414096	-0.273118	-0.231708
68.187	-45.4518	-5720.99	-4567.56	-0.0827227	0	0	-0	-0.0827227	0	-3.03519	0	0	0	-0.170262	0.0910557	-0.261317	-0.170262
57.2252	-44.2229	-5241	-483.054	-0.0797599	0	0	-0	-0.0797599	0	-2.88833	0	0	0	-0.165562	0.0866499	-0.252212	-0.165562
47.2233	-39.1146	-4761.01	-281.941	-0.0706051	0	0	-0	-0.0706051	0	-2.31045	0	0	0	-0.159157	0.0693136	-0.228471	-0.159157
38.1814	-62.8463	-4281.01	-1129.49	-0.0642796	0	0	-0	-0.0642796	0	-2.52968	0	0	0	-0.138402	0.0758905	-0.214292	-0.138402
30.0995	-78.6418	-3801.02	-3078.37	-0.0577763	0	0	-0	-0.0577763	0	-3.68011	0	0	0	-0.0874879	0.110403	-0.197891	-0.0874879
22.9775	-77.2618	-3321.03	-10691.9	-0.0510953	0	0	-0	-0.0510953	0	-4.02599	0	0	0	-0.0532655	0.12078	-0.174045	-0.0532655
16.8155	-69.5858	-2841.03	-55204.9	-0.0442365	0	0	-0	-0.0442365	0	-4.66026	0	0	0	-0.0119585	0.139808	-0.151766	-0.0119585
11.6135	-132.24	-2361.04	-156767	-0.0372	0	0	-0	-0.0372	0	-27.3038	0	0	0	0.730466	0.819113	-0.0886471	0.730466
7.37151	-402.203	-1881.04	7954.11	-0.0299856	0	0	-0	-0.0299856	0	-25.1285	0	0	0	0.831384	0.753855	0.0775286	0.831384
4.08946	160.073	-1401.05	3271.05	-0.0225935	-0	-0	-0	-0.0225935	0	-23.0426	0	0	0	0.913803	0.691279	0.222524	0.913803
1.76738	-24.3096	-921.056	575.183	-0.0150236	0	0	-0	-0.0150236	0	-23.7461	0	0	0	1.07443	0.712382	0.362047	1.07443
0.405284	-833.014	-441.062	2102.68	-0.00727599	0	0	-0	-0.00727599	0	-23.6365	0	0	0	1.21356	0.709094	0.504466	1.21356
0	271.078	0	6182.4	-0.0033355	-0	-0	-0	-0.0033355	0	-23.3991	0	0	0	1.27735	0.701974	0.575376	1.27735
0	-94.4746	0	2873.62	0	0	0	-0	0	0	-22.2327	0	0	0	1.44951	0.666982	0.782523	1.44951
0	-158.167	0	101.131	0	0	0	-0	0	0	-21.8624	0	0	0	1.57086	0.655872	0.914987	1.57086
0	-198.674	0	-4950.63	0	0	0	-0	0	0	-21.5495	0	0	0	1.6929	0.646486	1.04642	1.6929
0	-161.375	0	-19181.8	0	0	0	-0	0	0	-15.1886	0	0	0	1.62441	0.455659	1.16875	1.62441
0	-53.7698	0	8370.7	0	0	0	-0	0	0	-10.2464	0	0	0	1.55773	0.307391	1.25034	1.55773
0	31.0728	0	-1311.45	0	0	-0	-0	0	0	-9.60572	0	0	0	1.59822	0.288172	1.31005	1.59822
0	-775.426	0	-3825.36	0	0	0	-0	0	0	-8.63302	0	0	0	1.62594	0.25899	1.36695	1.62594
0	-1141.5	0	-708.109	0	0	0	-0	0	0	-7.80292	0	0	0	1.65122	0.234088	1.41713	1.65122
0	-2045.4	0	-2077.59	0	0	0	-0	0	0	-7.43576	0	0	0	1.68632	0.223073	1.46324	1.68632
0	-91.6658	0	757.142	0	0	0	-0	0	0	-6.78126	0	0	0	1.70985	0.203438	1.50641	1.70985
0	-551.537	0	-13033.5	0	0	0	-0	0	0	-4.06855	0	0	0	1.66701	0.122057	1.54495	1.66701
0	-528.606	0	551.241	0	0	0	-0	0	0	-2.95005	0	0	0	1.65458	0.0885016	1.56608	1.65458
0	-453.97	0	10171.1	0	0	0	-0	0	0	0.129814	0	0	0	1.57738	-0.00389443	1.58127	1.57738
0	-981.079	0	-11103.7	0	0	0	-0	0	0	4.07596	0	0	0	1.45285	-0.122279	1.57513	1.45285
0	-380.892	0	-899.645	0	0	0	-0	0	0	6.21293	0	0	0	1.35895	-0.186388	1.54534	1.35895
0	-133.857	0	694.893	0	0	0	-0	0	0	5.20191	0	0	0	1.3536	-0.156057	1.50965	1.3536
0	-16.8005	0	2921.5	0	0	0	-0	0	0	5.06463	0	0	0	1.32716	-0.151939	1.4791	1.32716
0	3.90241	0	11559.8	0	-0	-0	-0	0	0	7.22394	0	0	0	1.22932	-0.216718	1.44604	1.22932
0	666.281	0	-4294.62	0	0	-0	-0	0	0	2.34872	0	0	0	1.33493	-0.0704617	1.40539	1.33493
0	1026.81	0	-13488.4	0	0	-0	-0	0	0	2.89786	0	0	0	1.29736	-0.0869359	1.3843	1.29736
0	1068.62	0	177.746	0	-0	-0	-0	0	0	8.66809	0	0	0	1.09961	-0.260043	1.35966	1.09961
0	982.482	0	10243	0	-0	-0	-0	0	0	13.6593	0	0	0	0.891834	-0.409779	1.30161	0.891834
0	925.719	0	455.473	0	-0	-0	-0	0	0	17.4416	0	0	0	0.737388	-0.523247	1.26064	0.737388
0	801.383	0	2164.93	0	-0	-0	-0	0	0	25.7904	0	0	0	0.298405	-0.773712	1.07212	0.298405
0	1084.9	0	-1378.49	0	0	-0	-0	0	0	17.3649	0	0	0	0.39649	-0.520948	0.917439	0.39649
0	650.446	0	211.264	0	-0	-0	-0	0	0	23.9376	0	0	0	0.0921361	-0.718128	0.810264	0.0921361
0	627.976	0	1556.81	0	-0	-0	-0	0	0	24.1068	0	0	0	-0.0560869	-0.723204	0.667117	-0.0560869
0	626.565	0	7561.46	0	-0	-0	-0	0	0	27.0505	0	0	0	-0.293778	-0.811514	0.517735	-0.293778
0	482.112	0	2706.02	0	-0	-0	-0	0	0	27.6251	0	0	0	-0.475145	-0.828754	0.35361	-0.475145
0	434.099	0	-15331.9	0	0	-0	-0	0	0	28.9118	0	0	0	-0.679319	-0.867354	0.188034	-0.679319
0	439.186	0	-8474.9	0	0	-0	-0	0	0	33.754	0	0	0	-1.00609	-1.01262	0.00653397	-1.00609
0	260.399	0	11344.3	0	-0	-0	-0	0	0	34.6065	0	0	0	-1.23624	-1.03819	-0.198043	-1.23624
0	397.634	0	6373.94	0	-0	-0	-0	0	0	34.6065	0	0	0	-1.44388	-1.03819	-0.405682	-1.44388
0	367.659	0	4338.87	0	-0	-0	-0	0	0	34.6065	0	0	0	-1.65151	-1.03819	-0.61332	-1.65151
0	316.041	0	8193.53	0	-0	-0	-0	0	0	34.1914	0	0	0	-1.8467	-1.02574	-0.820959	-1.8467
0	129.413	0	2524.06	0	-0	-0	-0	0	0	33.6444	0	0	0	-2.03376	-1.00933	-1.02443	-2.03376
0	97.2135	0	-2949.08	0	0	-0	-0	0	0	33.5252	0	0	0	-2.23209	-1.00576	-1.22634	-2.23209
0	35.8319	0	-981.048	0	0	-0	-0	0	0	32.6834	0	0	0	-2.40723	-0.980502	-1.42673	-2.40723
0	-1706.15	0	-5137.38	0	0	0	-0	0	0	31.1669	0	0	0	-2.55518	-0.935006	-1.62018	-2.55518
0	386.887	0	2581.52	0	-0	-0	-0	0	0	29.4439	0	0	0	-2.6895	-0.883317	-1.80619	-2.6895
0	-0.498299	0	11286.8	0	0	0	-0	0	0	26.1235	0	0	0	-2.7604	-0.783706	-1.97669	-2.7604
0	421.043	0	3989.31	0	-0	-0	-0	0	0	25.3371	0	0	0	-2.89214	-0.760112	-2.13203	-2.89214
0	676.807	0	4492.1	0	-0	-0	-0	0	0	14.7118	0	0	0	-2.7192	-0.441355	-2.27784	-2.7192
0	-150.095	0	546.453	0	0	0	-0	0	0	25.8489	0	0	0	-3.15903	-0.775468	-2.38357	-3.15903
