[D][encoder.h:243] print(): Encoder L:	2608.178711	R:	2427.224121

[D][encoder.h:243] print(): Encoder L:	2608.178711	R:	2427.219238

[D][encoder.h:243] print(): Encoder L:	2608.180908	R:	2427.221680

[D][encoder.h:243] print(): Encoder L:	2608.178711	R:	2427.219238

[D][encoder.h:243] print(): Encoder L:	2608.164062	R:	2427.216797

[D][encoder.h:243] print(): Encoder L:	2608.149658	R:	2427.211914

[D][encoder.h:243] print(): Encoder L:	2608.151855	R:	2427.204590

[D][encoder.h:243] print(): Encoder L:	2608.154297	R:	2427.204590

[D][encoder.h:243] print(): Encoder L:	2608.156738	R:	2427.209473

[D][encoder.h:243] print(): Encoder L:	2608.161621	R:	2427.209473

[D][encoder.h:243] print(): Encoder L:	2608.168945	R:	2427.209473

[D][encoder.h:243] print(): Encoder L:	2617.617188	R:	2427.207031

[D][encoder.h:243] print(): Encoder L:	2608.278320	R:	2427.229004

[D][encoder.h:243] print(): Encoder L:	2608.295410	R:	2427.097900

[D][encoder.h:243] print(): Encoder L:	2608.309814	R:	2427.173096

0	0.00761356	0	10.1514	0	-2.28407e-06	-2.28407e-06	0	-2.28407e-06	0	-0.000776883	0	0	0	3.10753e-05	3.10753e-05	0	3.10753e-05
0.48	185.56	480	0.574601	0.00808889	-0.0481006	-0.0555239	0.00742324	-0.0400117	0	0.0141223	0	0	0	-0.000557037	-0.000564891	7.85398e-06	-0.000557037
1.92	105.823	960	757.142	0.0163556	-0.0269789	-0.031171	0.00419205	-0.0106234	0	0.13438	0	0	0	-0.00547761	-0.00537519	-0.000102421	-0.00547761
4.32	66.1449	1440	4425.06	0.0248	-0.016186	-0.0185475	0.00236141	0.00861396	0	0.637758	0	0	0	-0.027495	-0.0255103	-0.00198463	-0.027495
7.68	41.5278	1920	939.102	0.0334222	-0.00888489	-0.0101543	0.00126945	0.0245373	0	-0.0742084	0	0	0	-0.00150192	0.00296834	-0.00447026	-0.00150192
12	26.3122	2400	-28.1558	0.0422222	-0.00358811	-0.00429365	0.000705542	0.0386341	0	0.0258287	0	0	0	-0.00531357	-0.00103315	-0.00428042	-0.00531357
17.28	17.9917	2880	-392.074	0.0512	0.000282858	-0.000213504	0.000496362	0.0514829	0	0.0375352	0	0	0	-0.00591445	-0.00150141	-0.00441304	-0.00591445
23.52	200.643	3360	-61.6746	0.0603556	-0.0451515	-0.0531368	0.00798527	0.0152041	0	-0.0529239	0	0	0	-0.00232016	0.00211696	-0.00443712	-0.00232016
30.72	117.533	3840	-463.901	0.0696889	-0.0210871	-0.0260438	0.00495666	0.0486018	0	-0.125291	0	0	0	0.000949543	0.00501165	-0.00406211	0.000949543
38.88	81.8828	4320	8523.93	0.0792	-0.00941548	-0.0129008	0.00348536	0.0697845	0	-0.396669	0	0	0	0.0131438	0.0158667	-0.00272291	0.0131438
48	56.8723	4800	-147.866	0.0888889	0.000127703	-0.00266168	0.00278938	0.0890166	0	-0.192337	0	0	0	0.00711754	0.0076935	-0.000575959	0.00711754
58.08	43.4952	5280	541.664	0.0987556	0.00710769	0.00437544	0.00273225	0.105863	0	-0.329622	0	0	0	0.0140311	0.0131849	0.00084625	0.0140311
69.12	-725.762	5760	-315.46	0.1088	0.24163	0.238465	0.00316521	0.35043	0	-0.36687	0	0	0	0.0174477	0.0146748	0.0027729	0.0174477
81.12	174.48	6240	1911.15	0.119022	-0.0183498	-0.0280079	0.00965806	0.100672	0	-0.039089	0	0	0	0.00642913	0.00156356	0.00486557	0.00642913
94.08	318.755	6720	11282.1	0.129422	-0.0516193	-0.0674026	0.0157833	0.0778029	0	-0.110392	0	0	0	0.00893472	0.00441568	0.00451904	0.00893472
[D][encoder.h:243] print(): Encoder L:	2608.285400	R:	2427.192627

108	206.628	7200	3563.15	0.14	-0.0175997	-0.0295883	0.0119887	0.1224	0	-0.316852	0	0	0	0.0188228	0.0126741	0.00614877	0.0188228
122.88	143.202	7680	886.429	0.150756	0.00425181	-0.00609665	0.0103485	0.155007	0	-0.204044	0	0	0	0.0157838	0.00816176	0.00762207	0.0157838
138.72	105.239	8160	656.586	0.161689	0.020302	0.0100444	0.0102577	0.181991	0	-0.270026	0	0	0	0.0197591	0.010801	0.00895807	0.0197591
147	96.628	8400	527.299	0.167222	0.0257041	0.0151116	0.0105925	0.192926	0	-0.279604	0	0	0	0.0209523	0.0111842	0.00976815	0.0209523
164.28	94.7364	8880	556.029	0.178422	0.032585	0.0208631	0.011722	0.211007	0	-0.29876	0	0	0	0.0234217	0.0119504	0.0114713	0.0234217
182.25	109.723	9000	4425.06	0.18375	0.0348941	0.021758	0.013136	0.218644	0	-0.320044	0	0	0	0.0261072	0.0128018	0.0133054	0.0261072
200.25	130.648	9000	13714.6	0.187083	0.0352923	0.0208806	0.0144117	0.222376	0	-0.635055	0	0	0	0.0410621	0.0254022	0.0156599	0.0410621
218.25	139.236	9000	6962.91	0.190417	0.0393603	0.0237041	0.0156563	0.229777	0	-0.0859149	0	0	0	0.0226737	0.0034366	0.0192371	0.0226737
236.25	148.79	9000	7518.37	0.19375	0.0435256	0.0262378	0.0172877	0.237276	0	0.23016	0	0	0	0.00946708	-0.0092064	0.0186735	0.00946708
254.25	163.85	9000	8940.52	0.197083	0.046166	0.0271199	0.0190461	0.243249	0	-0.323237	0	0	0	0.0309882	0.0129295	0.0180588	0.0309882
272.25	190.153	9000	2744.33	0.200417	0.0455583	0.0246292	0.0209291	0.245975	0	-0.638248	0	0	0	0.046007	0.0255299	0.0204771	0.046007
290.25	183.679	9000	4061.14	0.20375	0.0548051	0.0319712	0.0228339	0.258555	0	-0.887276	0	0	0	0.0602861	0.0354911	0.0247951	0.0602861
308.25	210.237	9000	4721.94	0.207083	0.0543538	0.0294039	0.02495	0.261437	0	-1.20442	0	0	0	0.0785827	0.0481766	0.0304061	0.0785827
326.25	246.191	9000	4171.27	0.210417	0.0508594	0.0240176	0.0268418	0.261276	0	-1.7908	0	0	0	0.110248	0.0716321	0.0386159	0.110248
344.25	286.848	9000	7949.32	0.21375	0.045527	0.0172205	0.0283064	0.259277	0	-2.30057	0	0	0	0.142268	0.0920227	0.0502451	0.142268
362.25	322.098	9000	5387.53	0.217083	0.0410072	0.0120456	0.0289616	0.25809	0	-2.11752	0	0	0	0.148673	0.0847008	0.0639719	0.148673
380.25	357.869	9000	7920.59	0.220417	0.036377	0.00671411	0.0296629	0.256794	0	-2.52618	0	0	0	0.177743	0.101047	0.0766961	0.177743
[D][encoder.h:243] print(): Encoder L:	2608.314697	R:	2427.202148

398.25	665.848	9000	2907.14	0.22375	-0.0392946	-0.0802796	0.040985	0.184455	0	-2.78479	0	0	0	0.203899	0.111392	0.0925077	0.203899
416.25	584.683	9000	6747.44	0.227083	-0.0142894	-0.0505302	0.0362407	0.212794	0	-2.11114	0	0	0	0.192733	0.0844454	0.108287	0.192733
434.25	594.439	9000	8614.91	0.230417	-0.0148812	-0.048057	0.0331758	0.215535	0	-1.90468	0	0	0	0.196953	0.076187	0.120766	0.196953
452.25	543.195	9000	9922.15	0.23375	0.00330448	-0.0272836	0.0305881	0.237054	0	-0.620156	0	0	0	0.155739	0.0248062	0.130933	0.155739
470.25	534.319	9000	6077.06	0.237083	0.00969537	-0.0192209	0.0289163	0.246779	0	1.68496	0	0	0	0.0636606	-0.0673982	0.131059	0.0636606
488.25	533.595	9000	6757.01	0.240417	0.0141383	-0.0136035	0.0277418	0.254555	0	2.60445	0	0	0	0.0149674	-0.104178	0.119145	0.0149674
506.25	522.778	9000	8193.53	0.24375	0.0220417	-0.00495851	0.0270002	0.265792	0	3.26959	0	0	0	-0.0283537	-0.130783	0.10243	-0.0283537
524.25	506.554	9000	4410.69	0.247083	0.0316713	0.00530862	0.0263627	0.278755	0	3.30364	0	0	0	-0.0497612	-0.132146	0.0823845	-0.0497612
542.25	504.373	9000	6158.46	0.250417	0.0381673	0.0113631	0.0268042	0.288584	0	2.20111	0	0	0	-0.0244025	-0.0880442	0.0636417	-0.0244025
560.25	510.939	9000	5890.31	0.25375	0.0424237	0.0147932	0.0276305	0.296174	0	0.960218	0	0	0	0.0141591	-0.0384087	0.0525678	0.0141591
578.25	529.135	9000	9237.41	0.257083	0.0433532	0.0147345	0.0286187	0.300436	0	1.62962	0	0	0	-0.0183143	-0.0651846	0.0468704	-0.0183143
596.25	601.776	9000	16151.9	0.260417	0.0279889	-0.00165797	0.0296468	0.288406	0	1.86055	0	0	0	-0.0393249	-0.0744221	0.0350972	-0.0393249
623.25	541.164	9000	6148.88	0.265417	0.0556113	0.0246257	0.0309856	0.321028	0	0.556877	0	0	0	0.00255832	-0.0222751	0.0248334	0.00255832
641.25	353.328	9000	-339.402	0.26875	0.111357	0.0863767	0.0249805	0.380107	0	0.953833	0	0	0	-0.0177339	-0.0381533	0.0204194	-0.0177339
659.25	468.986	9000	-411.228	0.272083	0.0872733	0.0570791	0.0301942	0.359357	0	0.963411	0	0	0	-0.0238528	-0.0385364	0.0146836	-0.0238528
677.25	642.948	9000	7173.6	0.275417	0.0439746	0.0102908	0.0336838	0.319391	0	1.54767	0	0	0	-0.0549831	-0.0619068	0.0069237	-0.0549831
[D][encoder.h:243] print(): Encoder L:	2608.312256	R:	2427.204590

695.25	627.082	9000	16879.7	0.27875	0.0555447	0.0204504	0.0350943	0.334295	0	-0.781918	0	0	0	0.0320592	0.0312767	0.000782465	0.0320592
713.25	685.647	9000	12809.6	0.282083	0.0445192	0.00828089	0.0362383	0.326603	0	-0.591422	0	0	0	0.0304367	0.0236569	0.00677978	0.0304367
731.25	723.379	9000	718.835	0.285417	0.0390599	0.00236149	0.0366984	0.324477	0	0.124802	0	0	0	0.00325142	-0.00499207	0.00824349	0.00325142
749.25	688.651	9000	3778.62	0.28875	0.0523647	0.0181797	0.034185	0.341115	0	-0.582908	0	0	0	0.0312197	0.0233163	0.00790334	0.0312197
767.25	740.88	9000	6144.1	0.292083	0.041893	0.00791105	0.0339819	0.333976	0	-2.53044	0	0	0	0.115332	0.101218	0.0141146	0.115332
785.25	786.951	9000	11282.1	0.295417	0.0333328	-0.000510223	0.033843	0.32875	0	-5.97321	0	0	0	0.274461	0.238928	0.0355325	0.274461
803.25	724.128	9000	16290.7	0.29875	0.0573088	0.0237367	0.0335722	0.356059	0	-0.614835	0	0	0	0.0872428	0.0245934	0.0626494	0.0872428
821.25	892.386	9000	11224.6	0.302083	0.0122256	-0.0213406	0.0335663	0.314309	0	-0.303017	0	0	0	0.0762816	0.0121207	0.064161	0.0762816
839.25	982.647	9000	-138.289	0.305417	-0.0106447	-0.0430189	0.0323741	0.294772	0	-0.890469	0	0	0	0.103181	0.0356188	0.0675626	0.103181
857.25	864.086	9000	-1330.6	0.30875	0.0288621	-0.00205062	0.0309127	0.337612	0	-0.612706	0	0	0	0.0967369	0.0245083	0.0722286	0.0967369
875.25	892.204	9000	-530.938	0.312083	0.0257023	-0.00508601	0.0307883	0.337786	0	-0.828744	0	0	0	0.109208	0.0331498	0.0760581	0.109208
893.251	945.001	9000	-1972.25	0.315417	0.0148023	-0.0155251	0.0303275	0.330219	0	-0.790432	0	0	0	0.112584	0.0316173	0.0809667	0.112584
911.251	1001.35	9000	4305.35	0.31875	0.00202372	-0.0270313	0.029055	0.320774	0	-2.11326	0	0	0	0.171268	0.0845306	0.0867373	0.171268
929.251	1039.51	9000	12603.7	0.322083	-0.00740415	-0.0330791	0.0256749	0.314679	0	-2.75712	0	0	0	0.212447	0.110285	0.102163	0.212447
947.251	1092.4	9000	32916.1	0.325417	-0.0203775	-0.0435457	0.0231683	0.305039	0	0.82719	0	0	0	0.0801487	-0.0330876	0.113236	0.0801487
965.251	1080.93	9000	11732.2	0.32875	-0.0144611	-0.0347049	0.0202438	0.314289	0	-0.148704	0	0	0	0.114972	0.00594817	0.109023	0.114972
[D][encoder.h:243] print(): Encoder L:	2608.326904	R:	2427.204590

983.251	1044.75	9000	-2733.6	0.332083	-0.000262139	-0.0184505	0.0181884	0.331821	0	0.258894	0	0	0	0.0991576	-0.0103558	0.109513	0.0991576
1001.25	1133.73	9000	1092.33	0.335417	-0.022463	-0.0397445	0.0172815	0.312954	0	0.58029	0	0	0	0.0846622	-0.0232116	0.107874	0.0846622
1019.25	1007.37	9000	4961.36	0.33875	0.0197069	0.00356329	0.0161436	0.358457	0	2.10745	0	0	0	0.0175334	-0.0842981	0.101832	0.0175334
1037.2	1027.08	8839.98	-358.556	0.339407	0.0194537	0.00303567	0.0164181	0.35886	0	2.38096	0	0	0	-0.00717854	-0.0952384	0.0880598	-0.00717854
1054.4	884.748	8359.98	17018.6	0.334592	0.0595578	0.0508948	0.00866291	0.39415	0	-0.556302	0	0	0	0.0999755	0.0222521	0.0777234	0.0999755
1070.64	990.237	7879.98	13221.4	0.329599	0.0355537	0.02412	0.0114337	0.365153	0	-0.87557	0	0	0	0.118842	0.0350228	0.0838197	0.118842
1085.92	1014.3	7399.98	5090.65	0.324429	0.0331072	0.0214854	0.0116218	0.357536	0	0.892108	0	0	0	0.049896	-0.0356843	0.0855803	0.049896
1100.24	1023.89	6919.98	3333.3	0.319081	0.0345925	0.0229044	0.0116881	0.353673	0	-0.0859149	0	0	0	0.0840091	0.0034366	0.0805725	0.0840091
1113.6	1067.08	6439.98	2931.08	0.313555	0.0270319	0.0139549	0.013077	0.340587	0	-1.18952	0	0	0	0.130651	0.0475807	0.0830706	0.130651
1126	1111.31	5959.98	5741.87	0.307851	0.0182171	0.00440552	0.0138116	0.326068	0	0.529207	0	0	0	0.0683754	-0.0211683	0.0895436	0.0683754
1137.44	1262.57	5479.97	23535.6	0.301969	-0.0235012	-0.0375401	0.0140388	0.278468	0	1.29864	0	0	0	0.0296529	-0.0519457	0.0815986	0.0296529
1147.92	1134.25	4999.97	8634.07	0.29591	0.0170651	0.00410057	0.0129645	0.312975	0	-1.47366	0	0	0	0.138714	0.0589466	0.0797674	0.138714
1157.44	1117.85	4519.97	4721.94	0.289673	0.0253032	0.0118753	0.0134279	0.314976	0	0.750566	0	0	0	0.0561124	-0.0300226	0.0861351	0.0561124
1166	1122.08	4039.97	1331.75	0.283258	0.0274342	0.0131738	0.0142604	0.310692	0	2.31817	0	0	0	-0.0145528	-0.0927268	0.078174	-0.0145528
1173.6	1108.02	3559.97	512.934	0.276666	0.0348618	0.0196724	0.0151893	0.311527	0	2.44801	0	0	0	-0.0344725	-0.0979202	0.0634477	-0.0344725
1180.24	1086.31	3079.97	-3806.21	0.269895	0.0433702	0.0281793	0.0151909	0.313265	0	2.0287	0	0	0	-0.0314689	-0.081148	0.0496791	-0.0314689
[D][encoder.h:243] print(): Encoder L:	2608.351074	R:	2427.209473

1185.92	1113.52	2599.97	-1287.51	0.262947	0.0386363	0.0217199	0.0169165	0.301583	0	2.26389	0	0	0	-0.0541152	-0.0905558	0.0364406	-0.0541152
1190.64	1162.96	2119.97	584.76	0.255821	0.0264533	0.00830317	0.0181501	0.282274	0	2.12555	0	0	0	-0.0616346	-0.0850218	0.0233872	-0.0616346
1194.4	1222.38	1639.97	1034.87	0.248517	0.00997852	-0.00839498	0.0183735	0.258496	0	3.20786	0	0	0	-0.118472	-0.128314	0.00984214	-0.118472
1197.2	1439.43	1159.97	5138.53	0.241036	-0.0549716	-0.0726697	0.0176981	0.186064	0	4.58816	0	0	0	-0.196929	-0.183526	-0.0134023	-0.196929
1199.04	1290.96	679.965	37235.2	0.233377	-0.0128077	-0.0275784	0.0147707	0.220569	0	-0.702101	0	0	0	-0.00588716	0.0280841	-0.0339712	-0.00588716
1199.92	2196.73	199.964	9524.71	0.22554	-0.2861	-0.299043	0.0129424	-0.0605605	0	-1.25976	0	0	0	0.025609	0.0503902	-0.0247812	0.025609
1200	1085.03	0	3467.38	0.222222	0.039071	0.0344921	0.00457886	0.261293	0	-1.33319	0	0	0	0.0352013	0.0533275	-0.0181262	0.0352013
1200	1711.13	0	-224.48	0.222222	-0.146678	-0.15334	0.00666174	0.0755441	0	-2.19521	0	0	0	0.0797214	0.0878084	-0.00808697	0.0797214
1200	958.72	0	149.015	0.222222	0.0749224	0.0723839	0.00253857	0.297145	0	-1.73227	0	0	0	0.0737462	0.0692908	0.00445533	0.0737462
1200	1067.91	0	838.545	0.222222	0.042717	0.0396272	0.00308982	0.264939	0	-1.8089	0	0	0	0.0873995	0.0723558	0.0150437	0.0873995
1200	1124.59	0	-7976.91	0.222222	0.0298156	0.0226244	0.00719118	0.252038	0	-2.26226	0	0	0	0.11739	0.0904902	0.0268996	0.11739
1200	955.388	0	9821.59	0.222222	0.0828019	0.0733837	0.00941828	0.305024	0	-0.941552	0	0	0	0.0766027	0.0376621	0.0389406	0.0766027
1200	908.581	0	14092.8	0.222222	0.101459	0.0874257	0.0140328	0.323681	0	-0.912818	0	0	0	0.0802151	0.0365127	0.0437024	0.0802151
1200	1043.42	0	1303.02	0.222222	0.0654941	0.0469727	0.0185214	0.287716	0	-0.42221	0	0	0	0.0660358	0.0168884	0.0491474	0.0660358
1200	1032.19	0	1911.15	0.222222	0.0720872	0.0503422	0.021745	0.294309	0	0.07904	0	0	0	0.047143	-0.0031616	0.0503046	0.047143
1200	1052.82	0	1666.94	0.222222	0.069211	0.0441527	0.0250583	0.291433	0	0.137572	0	0	0	0.0442732	-0.0055029	0.0497761	0.0442732
1200	1059.32	0	1006.14	0.222222	0.0701636	0.0422046	0.027959	0.292386	0	-0.104007	0	0	0	0.053261	0.00416027	0.0491007	0.053261
[D][encoder.h:243] print(): Encoder L:	2608.402100	R:	2427.216797

1200	1093.4	0	2710.81	0.222222	0.0626051	0.0319808	0.0306243	0.284827	0	0.25783	0	0	0	0.0394626	-0.0103132	0.0497758	0.0394626
1200	1126.39	0	10147.2	0.222222	0.0545727	0.0220823	0.0324905	0.276795	0	3.07909	0	0	0	-0.0780732	-0.123164	0.0450904	-0.0780732
1200	1156.95	0	11114.5	0.222222	0.046735	0.0129158	0.0338192	0.268957	0	2.5374	0	0	0	-0.0773896	-0.101496	0.0241064	-0.0773896
1200	1175.6	0	6335.63	0.222222	0.0417808	0.00731997	0.0344609	0.264003	0	-2.03238	0	0	0	0.0978877	0.0812953	0.0165923	0.0978877
1200	1159.49	0	1839.32	0.222222	0.0472317	0.0121544	0.0350773	0.269454	0	-1.04585	0	0	0	0.0702086	0.0418338	0.0283748	0.0702086
1200	1171.53	0	3108.25	0.222222	0.0443915	0.00854242	0.0358491	0.266614	0	-0.190209	0	0	0	0.0406108	0.00760836	0.0330024	0.0406108
1200	1169.64	0	1801.01	0.222222	0.0455929	0.00910877	0.0364841	0.267815	0	-0.00822646	0	0	0	0.0340513	0.000329058	0.0337223	0.0340513
1200	1197.62	0	785.873	0.222222	0.037707	0.000713086	0.036994	0.259929	0	-1.05755	0	0	0	0.0777563	0.0423021	0.0354542	0.0777563
1200	1200.95	0	6555.9	0.222222	0.0367198	-0.000286304	0.0370061	0.258942	0	-2.16754	0	0	0	0.131161	0.0867016	0.044459	0.131161
1200	1217.12	0	7848.77	0.222222	0.0317716	-0.00513644	0.036908	0.253994	0	0.340839	0	0	0	0.0397185	-0.0136336	0.0533521	0.0397185
1200	1208.49	0	4061.14	0.222222	0.0339549	-0.00254802	0.0365029	0.256177	0	0.383408	0	0	0	0.0347894	-0.0153363	0.0501257	0.0347894
1200	1175.93	0	3146.56	0.222222	0.0424289	0.00722098	0.0352079	0.264651	0	-0.377513	0	0	0	0.0641422	0.0151005	0.0490417	0.0641422
1200	1189.73	0	5909.46	0.222222	0.0386052	0.00308134	0.0355238	0.260827	0	-0.487128	0	0	0	0.0715677	0.0194851	0.0520826	0.0715677
1200	1177.38	0	5392.32	0.222222	0.0426263	0.00678556	0.0358407	0.264848	0	0.377023	0	0	0	0.0385803	-0.0150809	0.0536612	0.0385803
1200	1181.21	0	3433.86	0.222222	0.0419234	0.0056361	0.0362873	0.264146	0	0.261023	0	0	0	0.0410891	-0.0104409	0.05153	0.0410891
1200	1164.59	0	2581.52	0.222222	0.0474032	0.0106237	0.0367795	0.269625	0	0.730346	0	0	0	0.0202552	-0.0292138	0.049469	0.0202552
[D][encoder.h:243] print(): Encoder L:	2608.428955	R:	2427.224121

1200	1175.49	0	852.91	0.222222	0.044842	0.00735249	0.0374895	0.267064	0	0.977246	0	0	0	0.00523403	-0.0390898	0.0443239	0.00523403
1200	1350.61	0	-4835.71	0.222222	0.000272665	-0.0451842	0.0454569	0.222495	0	1.0262	0	0	0	-0.00302502	-0.041048	0.038023	-0.00302502
1200	1282.73	0	239.995	0.222222	0.0179677	-0.0248184	0.0427861	0.24019	0	1.87013	0	0	0	-0.0438621	-0.0748052	0.0309431	-0.0438621
1200	1266.4	0	72.4007	0.222222	0.0212227	-0.0199209	0.0411436	0.243445	0	1.54661	0	0	0	-0.0420366	-0.0618643	0.0198277	-0.0420366
1200	1277.11	0	-425.593	0.222222	0.0166561	-0.0231317	0.0397878	0.238878	0	1.4636	0	0	0	-0.0538065	-0.0585439	0.00473737	-0.0538065
1200	1303.26	0	-3614.67	0.222222	0.00707876	-0.030979	0.0380577	0.229301	0	-0.784047	0	0	0	0.0384218	0.0313619	0.00705992	0.0384218
1200	1334.77	0	11090.5	0.222222	-0.00451322	-0.0404321	0.0359189	0.217709	0	2.00848	0	0	0	-0.0771505	-0.0803392	0.00318867	-0.0771505
1200	1384.6	0	21969.8	0.222222	-0.0224632	-0.0553803	0.0329171	0.199759	0	-1.54497	0	0	0	0.0596635	0.0617987	-0.00213524	0.0596635
1200	1310.08	0	-832.608	0.222222	-0.00533122	-0.0330238	0.0276926	0.216891	0	-1.09799	0	0	0	0.0508659	0.0439197	0.00694619	0.0508659
1200	1314.25	0	460.261	0.222222	-0.00875683	-0.0342757	0.0255189	0.213465	0	-1.17355	0	0	0	0.0602719	0.0469421	0.0133298	0.0602719
1200	1286.37	0	680.528	0.222222	-0.00256825	-0.0259098	0.0233415	0.219654	0	-1.20548	0	0	0	0.0689064	0.0482192	0.0206872	0.0689064
1200	1279.1	0	733.2	0.222222	-0.00206419	-0.0237297	0.0216655	0.220158	0	-1.1395	0	0	0	0.073417	0.0455799	0.0278371	0.073417
1200	1288.33	0	1077.97	0.222222	-0.00533722	-0.0264987	0.0211615	0.216885	0	-1.3119	0	0	0	0.0872076	0.0524761	0.0347315	0.0872076
1200	1264.06	0	1681.3	0.222222	0.00029137	-0.0192187	0.0195101	0.222514	0	-1.2257	0	0	0	0.0914649	0.049028	0.0424369	0.0914649
1200	1250.34	0	2978.96	0.222222	0.00313343	-0.0151033	0.0182368	0.225356	0	-0.572266	0	0	0	0.0718836	0.0228906	0.048993	0.0718836
1200	1230.72	0	1006.14	0.222222	0.00817328	-0.00921746	0.0173907	0.230396	0	-0.966029	0	0	0	0.0919138	0.0386412	0.0532726	0.0919138
[D][encoder.h:243] print(): Encoder L:	2608.365723	R:	2427.219238

1200	442.731	0	-162.231	0.222222	0.243946	0.227181	0.0167654	0.466168	0	-0.413696	0	0	0	0.0749206	0.0165479	0.0583728	0.0749206
1200	1371.65	0	-727.263	0.222222	-0.0293718	-0.0514953	0.0221236	0.19285	0	-0.500963	0	0	0	0.0807945	0.0200385	0.060756	0.0807945
1200	1331.07	0	1772.28	0.222222	-0.0202985	-0.0393206	0.0190221	0.201924	0	-0.702101	0	0	0	0.0924365	0.0280841	0.0643524	0.0924365
1200	1305.26	0	460.261	0.222222	-0.0150428	-0.0315785	0.0165357	0.207179	0	-0.347714	0	0	0	0.0818095	0.0139086	0.0679009	0.0818095
1200	2185.6	0	7748.21	0.222222	-0.292821	-0.295679	0.0028574	-0.070599	0	0.460033	0	0	0	0.0510368	-0.0184013	0.0694381	0.0510368
1200	709.35	0	7465.7	0.222222	0.133986	0.147195	-0.0132094	0.356208	0	1.30183	0	0	0	0.0132891	-0.0520734	0.0653625	0.0132891
1200	959.535	0	-5151.75	0.222222	0.0673484	0.0721395	-0.00479113	0.289571	0	2.332	0	0	0	-0.037242	-0.0932802	0.0560382	-0.037242
1200	1108.53	0	-1981.82	0.222222	0.0265293	0.0274405	-0.000911202	0.248752	0	2.73854	0	0	0	-0.0682999	-0.109542	0.0412416	-0.0682999
1200	1189.38	0	3050.79	0.222222	0.00370759	0.00318706	0.000520526	0.22593	0	2.23197	0	0	0	-0.0643151	-0.0892787	0.0249636	-0.0643151
1200	1248.3	0	-4074.36	0.222222	-0.014065	-0.0144895	0.000424461	0.208157	0	1.35292	0	0	0	-0.0408145	-0.0541167	0.0133022	-0.0408145
1200	1255.91	0	1077.97	0.222222	-0.0168316	-0.0167731	-5.85222e-05	0.205391	0	1.51787	0	0	0	-0.0514714	-0.0607149	0.00924349	-0.0514714
1200	1286.21	0	-3389.61	0.222222	-0.0272174	-0.0258627	-0.00135477	0.195005	0	1.67644	0	0	0	-0.0673812	-0.0670577	-0.000323495	-0.0673812
1200	1327.14	0	-607.553	0.222222	-0.0408906	-0.0381431	-0.00274748	0.181332	0	1.65622	0	0	0	-0.0766789	-0.0662489	-0.01043	-0.0766789
1200	1323.76	0	14.9398	0.222222	-0.0423459	-0.0371268	-0.00521918	0.179876	0	0.996402	0	0	0	-0.0599393	-0.0398561	-0.0200832	-0.0599393
1200	1342.3	0	5957.35	0.222222	-0.0504624	-0.042691	-0.00777143	0.17176	0	0.046049	0	0	0	-0.0256751	-0.00184196	-0.0238331	-0.0256751
1200	1326.63	0	3347.67	0.222222	-0.0484708	-0.0379905	-0.0104804	0.173751	0	0.649465	0	0	0	-0.0520643	-0.0259786	-0.0260857	-0.0520643
[D][encoder.h1200	1330.48	0	7427.39	0.222222	-0.0521217	-0.0391434	-0.0129783	0.1701	0	-1.00966	0	0	0	0.0129422	0.0403865	-0.0274443	0.0129422
:243] print(): Encoder L:	2608.324463	R:	2427.209473

1200	1293.92	0	-497.419	0.222222	-0.0436226	-0.0281755	-0.0154471	0.1786	0	-1.2108	0	0	0	0.0283579	0.048432	-0.0200741	0.0283579
1200	1272.97	0	-1977.04	0.222222	-0.039099	-0.0218908	-0.0172083	0.183123	0	-1.24805	0	0	0	0.0366018	0.0499219	-0.0133202	0.0366018
1200	1248.09	0	1135.43	0.222222	-0.0330541	-0.0144261	-0.0186279	0.189168	0	-1.54816	0	0	0	0.0565926	0.0619264	-0.00533382	0.0565926
1200	1235.83	0	1484.98	0.222222	-0.0302704	-0.0107476	-0.0195228	0.191952	0	-1.6333	0	0	0	0.0695808	0.0653319	0.00424887	0.0695808
1200	1234.07	0	1192.89	0.222222	-0.03052	-0.0102217	-0.0202983	0.191702	0	-1.44812	0	0	0	0.0717086	0.0579249	0.0137837	0.0717086
1200	1224.32	0	1360.48	0.222222	-0.0281638	-0.00729551	-0.0208683	0.194058	0	-0.887276	0	0	0	0.0570216	0.0354911	0.0215306	0.0570216
1200	1235.58	0	-540.515	0.222222	-0.0320622	-0.0106739	-0.0213884	0.19016	0	-0.672303	0	0	0	0.0533856	0.0268921	0.0264934	0.0533856
1200	1229.1	0	2131.41	0.222222	-0.0307139	-0.0087293	-0.0219846	0.191508	0	-0.311531	0	0	0	0.0428512	0.0124612	0.03039	0.0428512
1200	1242.46	0	-138.289	0.222222	-0.0353307	-0.0127394	-0.0225913	0.186892	0	-0.310466	0	0	0	0.044531	0.0124187	0.0321123	0.044531
1200	1182.71	0	-310.672	0.222222	-0.0198664	0.00518555	-0.0250519	0.202356	0	-0.239163	0	0	0	0.0434906	0.00956653	0.033924	0.0434906
1200	1201.38	0	603.913	0.222222	-0.0252155	-0.000413232	-0.0248022	0.197007	0	-0.322173	0	0	0	0.0483225	0.0128869	0.0354356	0.0483225
1200	1203.25	0	1623.84	0.222222	-0.0259158	-0.000976062	-0.0249397	0.196306	0	2.60125	0	0	0	-0.0666368	-0.10405	0.0374134	-0.0666368
1200	1202.6	0	-779.935	0.222222	-0.0257895	-0.00077948	-0.02501	0.196433	0	2.90775	0	0	0	-0.0939103	-0.11631	0.0223997	-0.0939103
1200	1206.48	0	742.777	0.222222	-0.027104	-0.00194506	-0.0251589	0.195118	0	-0.89579	0	0	0	0.0478151	0.0358316	0.0119834	0.0478151
1200	1197.26	0	929.525	0.222222	-0.0244864	0.000820679	-0.0253071	0.197736	0	-0.222136	0	0	0	0.0258573	0.00888543	0.0169719	0.0258573
1200	1210.01	0	105.919	0.222222	-0.0282843	-0.00300205	-0.0252823	0.193938	0	-0.232778	0	0	0	0.027255	0.00931112	0.0179439	0.027255
[D][encoder.h:243] print(): Encoder L:	2608.309814	R:	2427.204590

1200	1200.58	0	354.916	0.222222	-0.0255495	-0.000175195	-0.0253743	0.196673	0	-0.627606	0	0	0	0.0448918	0.0251042	0.0197876	0.0448918
1200	1213.76	0	407.589	0.222222	-0.0295173	-0.00412848	-0.0253889	0.192705	0	-0.521183	0	0	0	0.0445314	0.0208473	0.0236841	0.0445314
1200	1208.47	0	2916.71	0.222222	-0.0281976	-0.00253982	-0.0256578	0.194025	0	-0.693588	0	0	0	0.0542578	0.0277435	0.0265143	0.0542578
1200	1219.82	0	3199.23	0.222222	-0.0318123	-0.00594727	-0.025865	0.19041	0	-1.20654	0	0	0	0.0795953	0.0482618	0.0313335	0.0795953
1200	1216.5	0	556.029	0.222222	-0.0313135	-0.00495132	-0.0263622	0.190909	0	-0.846836	0	0	0	0.0726154	0.0338734	0.038742	0.0726154
1200	1222.03	0	2174.51	0.222222	-0.0333228	-0.00660908	-0.0267137	0.188899	0	0.991081	0	0	0	-0.00540786	-0.0396432	0.0342354	-0.00540786
1200	1237.09	0	2255.91	0.222222	-0.0384245	-0.0111283	-0.0272962	0.183798	0	-0.592486	0	0	0	0.0555099	0.0236994	0.0318104	0.0555099
1200	1238.98	0	-210.115	0.222222	-0.0396929	-0.011695	-0.0279979	0.182529	0	-0.329622	0	0	0	0.0479787	0.0131849	0.0347938	0.0479787
1200	1258.62	0	153.804	0.222222	-0.0464492	-0.0175858	-0.0288634	0.175773	0	-0.45733	0	0	0	0.0551733	0.0182932	0.0368801	0.0551733
1200	1250.74	0	-152.654	0.222222	-0.0451503	-0.0152215	-0.0299288	0.177072	0	-0.353035	0	0	0	0.0535603	0.0141214	0.0394389	0.0535603
1200	1247.52	0	-8067.89	0.222222	-0.0451537	-0.0142549	-0.0308987	0.177069	0	-0.224264	0	0	0	0.0502659	0.00897057	0.0412953	0.0502659
1200	1231.13	0	417.166	0.222222	-0.04113	-0.00933757	-0.0317924	0.181092	0	-0.390283	0	0	0	0.0588972	0.0156113	0.0432858	0.0588972
1200	1232.7	0	86.7659	0.222222	-0.0422152	-0.00981028	-0.0324049	0.180007	0	-0.528633	0	0	0	0.0670666	0.0211453	0.0459213	0.0670666
1200	1218.54	0	-2891.62	0.222222	-0.038646	-0.00556172	-0.0330842	0.183576	0	-0.431788	0	0	0	0.0662465	0.0172715	0.0489749	0.0662465
1200	1218.02	0	824.18	0.222222	-0.0388603	-0.00540747	-0.0334529	0.183362	0	-0.308338	0	0	0	0.0637427	0.0123335	0.0514092	0.0637427
1200	415.091	0	34.0934	0.222222	0.201564	0.235473	-0.0339088	0.423786	0	-0.181695	0	0	0	0.0602908	0.00726781	0.053023	0.0602908
[D][encoder.h:243] print(): Encoder L:	2608.288086	R:	2427.197266

1200	1359.65	0	455.473	0.222222	-0.0760573	-0.0478945	-0.0281628	0.146165	0	-0.249806	0	0	0	0.0644119	0.00999222	0.0544197	0.0644119
1200	1312.78	0	7298.1	0.222222	-0.0648811	-0.0338333	-0.0310478	0.157341	0	-0.355164	0	0	0	0.0703868	0.0142066	0.0561803	0.0703868
1200	1268.4	0	1312.6	0.222222	-0.0535325	-0.020519	-0.0330135	0.16869	0	0.438748	0	0	0	0.0395034	-0.0175499	0.0570534	0.0395034
1200	1250.36	0	-3380.04	0.222222	-0.0493418	-0.0151095	-0.0342323	0.17288	0	1.16242	0	0	0	0.00674912	-0.0464969	0.053246	0.00674912
1200	1219.42	0	-823.031	0.222222	-0.0409145	-0.00582737	-0.0350872	0.181308	0	1.28268	0	0	0	-0.00571575	-0.0513071	0.0455914	-0.00571575
1200	1216.25	0	-56.8862	0.222222	-0.040309	-0.00487573	-0.0354333	0.181913	0	1.25182	0	0	0	-0.0120879	-0.0500727	0.0379847	-0.0120879
1200	1223.61	0	503.357	0.222222	-0.0428539	-0.00708281	-0.0357711	0.179368	0	1.3625	0	0	0	-0.0243612	-0.0544998	0.0301386	-0.0243612
1200	1226.2	0	3132.19	0.222222	-0.0440672	-0.00786021	-0.0362069	0.178155	0	0.645208	0	0	0	-0.00272726	-0.0258083	0.0230811	-0.00272726
1200	1242.17	0	417.166	0.222222	-0.0494981	-0.0126496	-0.0368485	0.172724	0	0.685648	0	0	0	-0.00843961	-0.0274259	0.0189863	-0.00843961
1200	1330.75	0	-430.382	0.222222	-0.0792597	-0.039226	-0.0400336	0.142963	0	0.419592	0	0	0	-0.00147066	-0.0167837	0.015313	-0.00147066
1200	1183.41	0	153.804	0.222222	-0.0359263	0.00497747	-0.0409037	0.186296	0	0.480253	0	0	0	-0.00641784	-0.0192101	0.0127923	-0.00641784
1200	1201.15	0	-32.9442	0.222222	-0.0409776	-0.000345557	-0.040632	0.181245	0	0.374895	0	0	0	-0.0050084	-0.0149958	0.00998738	-0.0050084
1200	1221.49	0	508.145	0.222222	-0.0471805	-0.00644586	-0.0407347	0.175042	0	0.239738	0	0	0	-0.00161525	-0.00958952	0.00797427	-0.00161525
1200	1212.99	0	527.299	0.222222	-0.0451	-0.00389813	-0.0412019	0.177122	0	-0.210429	0	0	0	0.0153904	0.00841717	0.00697324	0.0153904
1200	1189.15	0	1796.23	0.222222	-0.0398011	0.0032547	-0.0430558	0.182421	0	-0.248741	0	0	0	0.0183132	0.00994965	0.00836352	0.0183132
1200	1187.94	0	-1775.92	0.222222	-0.0392577	0.00361904	-0.0428768	0.182964	0	-0.437109	0	0	0	0.0275766	0.0174844	0.0100922	0.0275766
1200	1192.57	0	512.934	0.222222	-0.0404415	0.00222971	-0.0426712	0.181781	0	-0.484999	0	0	0	0.0324692	0.0194	0.0130693	0.0324692
[D][encoder.h:243] print(): Encoder L:	2608.290283	R:	2427.199951

1200	1198.47	0	900.794	0.222222	-0.0421216	0.000457507	-0.0425791	0.180101	0	-0.336008	0	0	0	0.0291195	0.0134403	0.0156792	0.0291195
1200	1344.08	0	1705.25	0.222222	-0.085664	-0.0432251	-0.0424389	0.136558	0	-0.370063	0	0	0	0.0324913	0.0148025	0.0176888	0.0324913
1200	1166.84	0	-3729.59	0.222222	-0.0334966	0.00994944	-0.0434461	0.188726	0	-0.632927	0	0	0	0.0458935	0.0253171	0.0205765	0.0458935
1200	1165.16	0	-2910.77	0.222222	-0.0322588	0.0104525	-0.0427113	0.189963	0	-0.29131	0	0	0	0.0352091	0.0116524	0.0235567	0.0352091
1200	1186.44	0	-593.187	0.222222	-0.0380219	0.00406816	-0.0420901	0.1842	0	-0.377513	0	0	0	0.0406573	0.0151005	0.0255568	0.0406573
1200	1189.64	0	1149.79	0.222222	-0.0387838	0.00310942	-0.0418933	0.183438	0	-0.165732	0	0	0	0.0340872	0.00662927	0.0274579	0.0340872
1200	1180.94	0	216.053	0.222222	-0.037697	0.00571875	-0.0434158	0.184525	0	0.0279572	0	0	0	0.0269541	-0.00111829	0.0280724	0.0269541
1200	1213.11	0	488.992	0.222222	-0.0471049	-0.00393311	-0.0431718	0.175117	0	-0.106135	0	0	0	0.0323639	0.00424541	0.0281185	0.0323639
1200	1226.86	0	469.838	0.222222	-0.0515964	-0.00805792	-0.0435385	0.170626	0	-0.105071	0	0	0	0.0331274	0.00420284	0.0289245	0.0331274
1200	1256.27	0	824.18	0.222222	-0.0611548	-0.0168806	-0.0442742	0.161067	0	-0.0135476	0	0	0	0.0297233	0.000541903	0.0291814	0.0297233
1200	1405.51	0	-1445.52	0.222222	-0.106961	-0.061653	-0.0453077	0.115261	0	-0.169989	0	0	0	0.0371158	0.00679955	0.0303163	0.0371158
1200	1221.65	0	-669.802	0.222222	-0.0539605	-0.00649384	-0.0474667	0.168262	0	-0.0603735	0	0	0	0.0333936	0.00241494	0.0309786	0.0333936
1200	1215.79	0	-947.529	0.222222	-0.0525633	-0.00473734	-0.047826	0.169659	0	-0.17531	0	0	0	0.0384363	0.00701239	0.0314239	0.0384363
1200	1350.83	0	522.511	0.222222	-0.0883305	-0.045249	-0.0430815	0.133892	0	-0.179567	0	0	0	0.0397127	0.00718267	0.03253	0.0397127
1200	1283.75	0	81.9775	0.222222	-0.0709104	-0.0251245	-0.045786	0.151312	0	-0.0742084	0	0	0	0.036464	0.00296834	0.0334957	0.036464
1200	1230.17	0	273.514	0.222222	-0.0579427	-0.00904988	-0.0488928	0.16428	0	-0.216815	0	0	0	0.0426199	0.00867258	0.0339473	0.0426199
[D][encoder.h:243] print(): Encoder L:	2608.312256	R:	2427.204590

1200	1220.32	0	-171.808	0.222222	-0.0555658	-0.00609525	-0.0494705	0.166656	0	-0.201915	0	0	0	0.0434972	0.00807662	0.0354206	0.0434972
1200	1227.11	0	-277.153	0.222222	-0.0580519	-0.00813186	-0.04992	0.16417	0	-0.14764	0	0	0	0.0423557	0.0059056	0.0364501	0.0423557
1200	1232	0	-775.147	0.222222	-0.0601263	-0.00959912	-0.0505272	0.162096	0	-0.249806	0	0	0	0.047507	0.00999222	0.0375148	0.047507
1200	1372.34	0	6670.82	0.222222	-0.102698	-0.0517016	-0.0509967	0.119524	0	-0.159346	0	0	0	0.0453491	0.00637386	0.0389753	0.0453491
1200	1198.86	0	833.757	0.222222	-0.0522336	0.000341162	-0.0525747	0.169989	0	0.0907465	0	0	0	0.0359024	-0.00362986	0.0395323	0.0359024
1200	1203.85	0	-990.625	0.222222	-0.0536849	-0.00115419	-0.0525307	0.168537	0	0.32594	0	0	0	0.0250498	-0.0130376	0.0380875	0.0250498
1200	1226.93	0	-176.596	0.222222	-0.0607605	-0.00807854	-0.052682	0.161462	0	0.263151	0	0	0	0.0258293	-0.010526	0.0363553	0.0258293
1200	1224.49	0	-5185.27	0.222222	-0.0606512	-0.0073463	-0.0533049	0.161571	0	0.382344	0	0	0	0.0192049	-0.0152938	0.0344986	0.0192049
1200	1196.92	0	-1402.43	0.222222	-0.0544412	0.000923438	-0.0553646	0.167781	0	0.461097	0	0	0	0.0136617	-0.0184439	0.0321056	0.0136617
1200	1210.14	0	177.746	0.222222	-0.0584201	-0.00304255	-0.0553775	0.163802	0	0.446198	0	0	0	0.0114879	-0.0178479	0.0293358	0.0114879
1200	1216.38	0	-329.825	0.222222	-0.0605427	-0.00491506	-0.0556276	0.16168	0	0.36106	0	0	0	0.0123472	-0.0144424	0.0267895	0.0123472
1200	1211.51	0	-5764.66	0.222222	-0.0594267	-0.00345289	-0.0559738	0.162796	0	0.27805	0	0	0	0.0136704	-0.011122	0.0247924	0.0136704
1200	1343.69	0	929.525	0.222222	-0.0991789	-0.0431071	-0.0560718	0.123043	0	0.529207	0	0	0	0.00146412	-0.0211683	0.0226324	0.00146412
1200	1167.18	0	-2589.95	0.222222	-0.0472383	0.00984587	-0.0570842	0.174984	0	0.142894	0	0	0	0.0141916	-0.00571574	0.0199073	0.0141916
1200	1162.76	0	-1919.58	0.222222	-0.0451879	0.011171	-0.056359	0.177034	0	0.198233	0	0	0	0.0119444	-0.00792933	0.0198737	0.0119444
1200	1172.81	0	421.954	0.222222	-0.0474747	0.00815676	-0.0556314	0.174748	0	0.384473	0	0	0	0.00272751	-0.0153789	0.0181064	0.00272751
[D][encoder.h:243] print(): Encoder L:	2608.309814	R:	2427.202148

1200	1162.75	0	1542.44	0.222222	-0.04392	0.011175	-0.055095	0.178302	0	0.121609	0	0	0	0.0111523	-0.00486436	0.0160167	0.0111523
1200	1134.54	0	-13.7906	0.222222	-0.0362536	0.0196367	-0.0558903	0.185969	0	0.465354	0	0	0	-0.00386988	-0.0186142	0.0147443	-0.00386988
1200	1148.23	0	4142.54	0.222222	-0.0391836	0.0155309	-0.0547146	0.183039	0	0.322748	0	0	0	-0.00118443	-0.0129099	0.0117255	-0.00118443
1200	2219.07	0	2854.46	0.222222	-0.359492	-0.305721	-0.0537705	-0.137269	0	-0.0178045	0	0	0	0.0114813	0.000712179	0.0107691	0.0114813
1200	972.106	0	1604.69	0.222222	0.00738146	0.0683683	-0.0609869	0.229604	0	0.363188	0	0	0	-0.00399318	-0.0145275	0.0105343	-0.00399318
1200	1199.18	0	-4778.25	0.222222	-0.0565595	0.000244995	-0.0568045	0.165663	0	-0.416889	0	0	0	0.0251776	0.0166756	0.00850208	0.0251776
1200	1079.09	0	-655.437	0.222222	-0.0189213	0.0362732	-0.0551945	0.203301	0	-0.848964	0	0	0	0.0462518	0.0339586	0.0122933	0.0462518
1200	1119.94	0	-3638.61	0.222222	-0.0289563	0.0240177	-0.0529741	0.193266	0	-0.467972	0	0	0	0.0354418	0.0187189	0.016723	0.0354418
1200	1170.59	0	3132.19	0.222222	-0.0427449	0.00882224	-0.0515671	0.179477	0	-0.884084	0	0	0	0.0551081	0.0353634	0.0197447	0.0551081
1200	1189.94	0	-473.477	0.222222	-0.0481561	0.00301941	-0.0511755	0.174066	0	-1.26508	0	0	0	0.076626	0.0506031	0.026023	0.076626
1200	1176.1	0	-1330.6	0.222222	-0.0454615	0.00717004	-0.0526316	0.176761	0	-1.13311	0	0	0	0.0787528	0.0453245	0.0334283	0.0787528
1200	1178.23	0	-4409.54	0.222222	-0.0456906	0.00653203	-0.0522226	0.176532	0	-1.0799	0	0	0	0.0834549	0.043196	0.0402589	0.0834549
1200	1187.52	0	-1091.18	0.222222	-0.0480853	0.00374312	-0.0518285	0.174137	0	-1.10651	0	0	0	0.0909251	0.0442603	0.0466648	0.0909251
1200	1199.76	0	1389.21	0.222222	-0.0516188	7.16675e-05	-0.0516904	0.170603	0	-0.312595	0	0	0	0.0645242	0.0125038	0.0520204	0.0645242
1200	1328.68	0	-406.44	0.222222	-0.0901415	-0.0386052	-0.0515363	0.132081	0	-0.589293	0	0	0	0.0778955	0.0235717	0.0543238	0.0778955
1200	1162.41	0	115.496	0.222222	-0.0410431	0.0112771	-0.0523201	0.181179	0	-0.640376	0	0	0	0.083548	0.025615	0.057933	0.083548
[D][encoder.h:243] print(): Encoder L:	2608.309814	R:	2427.202148

1200	1164.23	0	196.899	0.222222	-0.0408036	0.0107299	-0.0515335	0.181419	0	-0.629734	0	0	0	0.0869359	0.0251894	0.0617465	0.0869359
1200	1174.76	0	-291.518	0.222222	-0.0432778	0.00757233	-0.0508501	0.178944	0	-0.515862	0	0	0	0.0859136	0.0206345	0.0652791	0.0859136
1200	1169.26	0	632.644	0.222222	-0.0411133	0.00922141	-0.0503347	0.181109	0	-0.631862	0	0	0	0.0939904	0.0252745	0.0687159	0.0939904
1200	2020.55	0	8490.41	0.222222	-0.309096	-0.246164	-0.0629315	-0.0868733	0	-0.0518597	0	0	0	0.0736651	0.00207439	0.0715908	0.0736651
1200	740.407	0	-2690.51	0.222222	0.0725389	0.137878	-0.0653389	0.294761	0	0.359995	0	0	0	0.0570072	-0.0143998	0.071407	0.0570072
1200	898.231	0	-11079.8	0.222222	0.0334818	0.0905307	-0.0570488	0.255704	0	2.6683	0	0	0	-0.0400039	-0.106732	0.0667281	-0.0400039
1200	1013.63	0	2720.39	0.222222	0.00423103	0.0559117	-0.0516807	0.226453	0	5.22138	0	0	0	-0.159047	-0.208855	0.0498083	-0.159047
1200	1229.31	0	1935.09	0.222222	-0.0570343	-0.00879353	-0.0482408	0.165188	0	-10.2578	0	0	0	0.451459	0.410311	0.0411481	0.451459
1200	1575.14	0	3888.76	0.222222	-0.159818	-0.112542	-0.0472763	0.0624038	0	0.366381	0	0	0	0.0696721	-0.0146552	0.0843273	0.0696721
1200	975.366	0	5919.04	0.222222	0.0142953	0.0673901	-0.0530948	0.236518	0	-1.55029	0	0	0	0.155024	0.0620116	0.0930128	0.155024
1200	1091.79	0	2500.12	0.222222	-0.0167666	0.0324641	-0.0492307	0.205456	0	1.77542	0	0	0	0.0242294	-0.0710166	0.095246	0.0242294
1200	1128.18	0	-224.48	0.222222	-0.0258302	0.0215451	-0.0473753	0.196392	0	1.77542	0	0	0	0.0128617	-0.0710166	0.0838783	0.0128617
1200	1120.82	0	-8968.11	0.222222	-0.0237574	0.023755	-0.0475124	0.198465	0	1.89567	0	0	0	-0.00255317	-0.0758269	0.0732737	-0.00255317
1200	1126.23	0	-2733.6	0.222222	-0.0238199	0.0221302	-0.0459501	0.198402	0	1.76158	0	0	0	-0.00842942	-0.0704632	0.0620338	-0.00842942
1200	1145.27	0	862.487	0.222222	-0.0281755	0.0164195	-0.044595	0.194047	0	2.14896	0	0	0	-0.0349506	-0.0859583	0.0510077	-0.0349506
1200	1159.25	0	163.38	0.222222	-0.0313827	0.012224	-0.0436067	0.190839	0	1.99784	0	0	0	-0.0418219	-0.0799135	0.0380917	-0.0418219
1200	1294.89	0	2279.85	0.222222	-0.0711676	-0.0284669	-0.0427007	0.151055	0	1.87226	0	0	0	-0.0484569	-0.0748904	0.0264335	-0.0484569
[D][encoder.h:243] print(): Encoder L:	2608.280762	R:	2427.202148

1200	1146.02	0	685.316	0.222222	-0.0267603	0.0161942	-0.0429545	0.195462	0	1.54767	0	0	0	-0.0461259	-0.0619068	0.015781	-0.0461259
1200	219.617	0	7709.9	0.222222	0.252229	0.294115	-0.041886	0.474451	0	1.71369	0	0	0	-0.0619473	-0.0685476	0.00660031	-0.0619473
1200	1354.67	0	-1167.8	0.222222	-0.0805123	-0.0464012	-0.0341111	0.14171	0	1.74562	0	0	0	-0.0738417	-0.0698247	-0.00401706	-0.0738417
1200	1281.04	0	4501.67	0.222222	-0.0611351	-0.0243122	-0.0368229	0.161087	0	1.32525	0	0	0	-0.0669292	-0.0530099	-0.0139193	-0.0669292
1200	1232.91	0	7791.31	0.222222	-0.0497765	-0.0098718	-0.0399047	0.172446	0	0.103517	0	0	0	-0.0245045	-0.00414069	-0.0203638	-0.0245045
1200	962.896	0	-99.9819	0.222222	0.0203845	0.0711312	-0.0507467	0.242607	0	-0.234906	0	0	0	-0.0102254	0.00939626	-0.0196216	-0.0102254
1200	1064.03	0	-9241.04	0.222222	-0.00579084	0.0407908	-0.0465816	0.216431	0	-0.218943	0	0	0	-0.00946087	0.00875772	-0.0182186	-0.00946087
1200	1096.74	0	-1076.82	0.222222	-0.0148246	0.0309784	-0.0458031	0.207398	0	0.0258287	0	0	0	-0.0181648	-0.00103315	-0.0171316	-0.0181648
1200	1302.23	0	1279.08	0.222222	-0.0747935	-0.0306697	-0.0441238	0.147429	0	0.179077	0	0	0	-0.0245997	-0.00716309	-0.0174366	-0.0245997
1200	1164.45	0	-851.761	0.222222	-0.0338157	0.0106661	-0.0444818	0.188407	0	0.206747	0	0	0	-0.0268672	-0.00826988	-0.0185973	-0.0268672
1200	1364.35	0	-722.474	0.222222	-0.0931728	-0.0493063	-0.0438666	0.129049	0	0.196105	0	0	0	-0.0274138	-0.00784419	-0.0195696	-0.0274138
1200	1335.57	0	3505.69	0.222222	-0.0857105	-0.0406713	-0.0450392	0.136512	0	-0.290246	0	0	0	-0.00865749	0.0116098	-0.0202673	-0.00865749
1200	1158	0	637.432	0.222222	-0.0333041	0.0126006	-0.0459047	0.188918	0	-1.30977	0	0	0	0.0358126	0.052391	-0.0165783	0.0358126
1200	1145	0	-1833.38	0.222222	-0.0302441	0.0165008	-0.0467449	0.191978	0	-1.46941	0	0	0	0.05066	0.0587763	-0.00811626	0.05066
1200	1149.19	0	-18.579	0.222222	-0.0304537	0.015242	-0.0456957	0.191769	0	-1.45344	0	0	0	0.058723	0.0581378	0.000585247	0.058723
1200	1160.09	0	484.203	0.222222	-0.0327739	0.0119733	-0.0447472	0.189448	0	-1.49921	0	0	0	0.0694146	0.0599682	0.00944639	0.0694146
[D][encoder.h:243] print(): Encoder L:	2608.224609	R:	2427.197266

1200	1171.38	0	311.821	0.222222	-0.0354584	0.00858534	-0.0440437	0.186764	0	-1.43003	0	0	0	0.0755695	0.0572013	0.0183682	0.0755695
1200	1311.19	0	690.105	0.222222	-0.0767056	-0.0333558	-0.0433497	0.145517	0	-1.45451	0	0	0	0.0850202	0.0581803	0.0268398	0.0850202
1200	1143.47	0	441.108	0.222222	-0.0268129	0.0169587	-0.0437716	0.195409	0	-1.40875	0	0	0	0.0913485	0.0563499	0.0349986	0.0913485
1200	1147.45	0	1446.67	0.222222	-0.0268468	0.0157654	-0.0426122	0.195375	0	-1.46302	0	0	0	0.102674	0.0585209	0.0441535	0.102674
1200	1169.48	0	2615.04	0.222222	-0.0324804	0.00915626	-0.0416366	0.189742	0	-1.1512	0	0	0	0.0985775	0.0460482	0.0525293	0.0985775
1200	1166.79	0	-535.727	0.222222	-0.0311456	0.00996259	-0.0411082	0.191077	0	-1.18526	0	0	0	0.10685	0.0474104	0.0594397	0.10685
1200	1139.9	0	2662.93	0.222222	-0.0239554	0.0180291	-0.0419845	0.198267	0	-1.44493	0	0	0	0.124677	0.0577972	0.0668801	0.124677
1200	1160.58	0	536.876	0.222222	-0.0291402	0.0118252	-0.0409654	0.193082	0	0.0396637	0	0	0	0.0723796	-0.00158655	0.0739661	0.0723796
1200	1183.65	0	565.606	0.222222	-0.0353904	0.00490408	-0.0402945	0.186832	0	0.318491	0	0	0	0.0609087	-0.0127396	0.0736483	0.0609087
1200	1209.27	0	-363.344	0.222222	-0.0429212	-0.00278079	-0.0401404	0.179301	0	0.647336	0	0	0	0.0452437	-0.0258934	0.0711372	0.0452437
1200	1359.63	0	-186.173	0.222222	-0.0881427	-0.0478893	-0.0402534	0.13408	0	0.42917	0	0	0	0.050345	-0.0171668	0.0675118	0.050345
1200	1190.75	0	359.705	0.222222	-0.0388412	0.00277548	-0.0416167	0.183381	0	0.427042	0	0	0	0.0479796	-0.0170817	0.0650613	0.0479796
1200	1190.78	0	-7957.75	0.222222	-0.0385699	0.00276464	-0.0413346	0.183652	0	0.483446	0	0	0	0.0435475	-0.0193378	0.0628853	0.0435475
1200	1199.34	0	1231.19	0.222222	-0.0410352	0.00019801	-0.0412332	0.181187	0	0.264215	0	0	0	0.0493937	-0.0105686	0.0599623	0.0493937
1200	1190.48	0	-3183.71	0.222222	-0.0384074	0.00285696	-0.0412643	0.183815	0	0.302527	0	0	0	0.0477765	-0.0121011	0.0598776	0.0477765
1200	1158.49	0	771.508	0.222222	-0.0301066	0.0124526	-0.0425592	0.192116	0	0.835704	0	0	0	0.0234849	-0.0334282	0.0569131	0.0234849
[D][encoder.h:243] print(): Encoder L:	2608.210205	R:	2427.197266

1200	1166.15	0	1020.5	0.222222	-0.0316926	0.0101553	-0.0418479	0.19053	0	0.737795	0	0	0	0.0225435	-0.0295118	0.0520553	0.0225435
1200	1178.53	0	2744.33	0.222222	-0.0347999	0.00644033	-0.0412402	0.187422	0	0.265279	0	0	0	0.0373302	-0.0106112	0.0479414	0.0373302
1200	1190.57	0	-851.761	0.222222	-0.0380991	0.00282891	-0.040928	0.184123	0	0.0534986	0	0	0	0.0446791	-0.00213994	0.046819	0.0446791
1200	1322.75	0	307.032	0.222222	-0.0774425	-0.0368255	-0.0406169	0.14478	0	0.371702	0	0	0	0.0308893	-0.0148681	0.0457573	0.0308893
1200	1153.63	0	105.919	0.222222	-0.027357	0.0139122	-0.0412692	0.194865	0	0.297206	0	0	0	0.0318049	-0.0118882	0.0436931	0.0318049
1200	856.453	0	2026.07	0.222222	0.0506514	0.103064	-0.0524128	0.272874	0	0.549428	0	0	0	0.019489	-0.0219771	0.0414661	0.019489
1200	1012.31	0	5119.38	0.222222	0.00991683	0.0563076	-0.0463908	0.232139	0	0.317426	0	0	0	0.0260089	-0.0126971	0.0387059	0.0260089
1200	1074.01	0	-2910.77	0.222222	-0.00530996	0.0377959	-0.0431058	0.216912	0	-0.417953	0	0	0	0.0543336	0.0167181	0.0376155	0.0543336
1200	1087.5	0	1446.67	0.222222	-0.00853191	0.0337508	-0.0422827	0.21369	0	-0.225328	0	0	0	0.0491587	0.00901314	0.0401456	0.0491587
1199.88	1690.4	-238.996	642.221	0.218217	-0.187507	-0.147155	-0.0403524	0.0307095	0	-0.154025	0	0	0	0.047384	0.00616101	0.041223	0.047384
1198.92	1066.24	-718.989	1537.65	0.21004	-0.00360494	0.0398054	-0.0434104	0.206435	0	0.451519	0	0	0	0.0232339	-0.0180608	0.0412947	0.0232339
1197.01	1139.91	-1198.98	407.589	0.201685	-0.0240944	0.0171291	-0.0412235	0.17759	0	0.624988	0	0	0	0.013171	-0.0249995	0.0381705	0.013171
1194.13	1306.82	-1678.98	-1344.97	0.193152	-0.0739475	-0.0338067	-0.0401409	0.119204	0	0.744181	0	0	0	0.00463102	-0.0297672	0.0343983	0.00463102
1190.29	1155.44	-2158.97	192.111	0.184441	-0.0302417	0.0104544	-0.0406961	0.154199	0	0.698419	0	0	0	0.00200598	-0.0279368	0.0299427	0.00200598
1185.49	1166.51	-2638.96	1480.19	0.175553	-0.0343519	0.00569473	-0.0400466	0.141201	0	0.413207	0	0	0	0.0092495	-0.0165283	0.0257778	0.0092495
1179.73	1180.49	-3118.96	-827.819	0.166487	-0.0399627	-0.000226428	-0.0397363	0.126524	0	0.32594	0	0	0	0.010577	-0.0130376	0.0236146	0.010577
1173.02	1186.09	-3598.95	1303.02	0.157243	-0.0437273	-0.00392311	-0.0398042	0.113515	0	0.351482	0	0	0	0.00759012	-0.0140593	0.02[D][encoder.h:243] print(): Encoder L:	2608.212646	R:	2427.199951

16494	0.00759012
1165.34	676.054	-4078.95	144.227	0.147821	0.111466	0.146785	-0.0353189	0.259287	0	0.356803	0	0	0	0.00524923	-0.0142721	0.0195213	0.00524923
1156.7	1349.42	-4558.94	-1072.03	0.138221	-0.0908523	-0.0578163	-0.033036	0.0473691	0	0.232288	0	0	0	0.00802513	-0.00929154	0.0173167	0.00802513
1147.1	1261.05	-5038.93	-133.501	0.128444	-0.0706209	-0.034185	-0.0364359	0.0578232	0	0.22271	0	0	0	0.00710711	-0.00890842	0.0160155	0.00710711
1136.54	1221.18	-5518.93	1786.65	0.118489	-0.0639524	-0.0253909	-0.0385615	0.0545367	0	0.0354068	0	0	0	0.0139079	-0.00141627	0.0153242	0.0139079
1125.03	1322.59	-5998.92	-4059.99	0.108356	-0.0992669	-0.0592678	-0.0399991	0.00908941	0	-0.428595	0	0	0	0.0324695	0.0171438	0.0153257	0.0324695
1112.55	1127.89	-6478.92	-8637.71	0.0980457	-0.0466543	-0.00460195	-0.0420523	0.0513915	0	-0.307274	0	0	0	0.0308395	0.0122909	0.0185485	0.0308395
1099.11	1121.3	-6958.91	-4352.08	0.0875574	-0.0489979	-0.00665599	-0.0423419	0.0385594	0	-0.0231256	0	0	0	0.0205829	0.000925025	0.0196579	0.0205829
1084.71	1137.14	-7438.9	-430.382	0.0768912	-0.0586259	-0.0157274	-0.0428985	0.0182653	0	0.518565	0	0	0	-0.00195487	-0.0207426	0.0187877	-0.00195487
1069.36	1132.8	-7918.9	-104.77	0.0660474	-0.0630967	-0.019033	-0.0440636	0.00295069	0	0.605832	0	0	0	-0.00903582	-0.0242333	0.0151974	-0.00903582
1053.04	1103.05	-8398.89	-2996.97	0.0550257	-0.0618837	-0.0150048	-0.0468789	-0.00685805	0	0.871888	0	0	0	-0.0235621	-0.0348755	0.0113134	-0.0235621
1035.76	1109.62	-8878.88	4401.12	0.0438262	-0.0702139	-0.0221567	-0.0480572	-0.0263877	0	1.47211	0	0	0	-0.0536835	-0.0588844	0.00520091	-0.0536835
1017.79	1104.31	-9000	-890.068	0.03848	-0.075605	-0.0259554	-0.0496496	-0.037125	0	1.48701	0	0	0	-0.063358	-0.0594804	-0.00387759	-0.063358
999.792	1086.26	-9000	-2594.74	0.0351467	-0.077369	-0.0259394	-0.0514296	-0.0422223	0	0.256766	0	0	0	-0.0221316	-0.0102706	-0.011861	-0.0221316
981.793	1139.12	-9000	-11956.1	0.0318134	-0.101412	-0.0471993	-0.0542123	-0.0695982	0	-0.397733	0	0	0	0.00526938	0.0159093	-0.0106399	0.00526938
963.793	975.277	-9000	-18985.4	0.0284801	-0.0593232	-0.00344515	-0.0558781	-0.0308431	0	1.94463	0	0	0	-0.0896815	-0.0777851	-0.0118964	-0.0896815
[D][encoder.h:243] print(): Encoder L:	2608.231934	R:	2427.204590

945.793	984.473	-9000	-4313.78	0.0251469	-0.0678216	-0.011604	-0.0562176	-0.0426748	0	1.21138	0	0	0	-0.0717893	-0.048455	-0.0233343	-0.0717893
927.793	996.679	-9000	-5635.38	0.0218136	-0.0777854	-0.0206659	-0.0571196	-0.0559719	0	1.69134	0	0	0	-0.0984477	-0.0676536	-0.0307941	-0.0984477
909.793	985.663	-9000	-1057.66	0.0184803	-0.0813514	-0.022761	-0.0585905	-0.0628712	0	2.23835	0	0	0	-0.131689	-0.0895341	-0.0421553	-0.131689
891.794	953.944	-9000	2744.33	0.015147	-0.0800099	-0.0186452	-0.0613647	-0.0648629	0	1.89674	0	0	0	-0.130772	-0.0758695	-0.0549022	-0.130772
873.794	931.1	-9000	-2307.44	0.0118137	-0.0797834	-0.0171919	-0.0625915	-0.0679697	0	1.69134	0	0	0	-0.134173	-0.0676536	-0.0665189	-0.134173
855.794	1083.15	-9000	-420.805	0.0084804	-0.124434	-0.0682053	-0.0562284	-0.115953	0	0.887851	0	0	0	-0.110875	-0.035514	-0.0753612	-0.110875
837.794	66.3297	-9000	-3154.98	0.0051471	0.171193	0.231439	-0.0602464	0.17634	0	-0.293439	0	0	0	-0.0672809	0.0117376	-0.0790185	-0.0672809
819.795	1124.55	-9000	158.592	0.00181381	-0.147012	-0.0914278	-0.0555843	-0.145198	0	-0.622284	0	0	0	-0.0515524	0.0248914	-0.0764437	-0.0515524
801.795	877.165	-9000	-205.327	-0.00151948	-0.0824759	-0.0226111	-0.0598648	-0.0839953	0	-0.217879	0	0	0	-0.0642471	0.00871515	-0.0729622	-0.0642471
783.795	761.271	-9000	-26057.9	-0.00485276	-0.0540724	0.00675723	-0.0608297	-0.0589252	0	3.40049	0	0	0	-0.213361	-0.136019	-0.0773411	-0.213361
765.795	702.08	-9000	-31703.4	-0.00818605	-0.0409536	0.0191147	-0.0600683	-0.0491397	0	-1.16185	0	0	0	-0.047174	0.0464739	-0.0936478	-0.047174
747.796	706.238	-9000	857.699	-0.0115194	-0.0463621	0.0124672	-0.0588293	-0.0578815	0	-2.56769	0	0	0	0.0213306	0.102708	-0.0813769	0.0213306
729.796	710.338	-9000	-1570.02	-0.0148526	-0.0534771	0.00583731	-0.0593144	-0.0683297	0	-1.45557	0	0	0	-0.00964114	0.0582229	-0.067864	-0.00964114
711.796	729.117	-9000	2150.57	-0.0181859	-0.0643107	-0.00519633	-0.0591143	-0.0824966	0	-1.24698	0	0	0	-0.0100781	0.0498794	-0.0599575	-0.0100781
693.796	746.184	-9000	-1134.28	-0.0215192	-0.0753734	-0.0157164	-0.059657	-0.0968926	0	-1.36831	0	0	0	0.00256634	0.0547322	-0.0521659	0.00256634
[D][encoder.h:243] print(): Encoder L:	2617.646240	R:	2427.202148

675.797	751.645	-9000	1135.43	-0.0248525	-0.0836038	-0.0227547	-0.0608492	-0.108456	0	-1.33638	0	0	0	0.00922135	0.0534552	-0.0442338	0.00922135
657.797	813.479	-9000	-13167.5	-0.0281858	-0.109003	-0.0467048	-0.062298	-0.137189	0	-2.64857	0	0	0	0.0718855	0.105943	-0.0340573	0.0718855
639.797	682.5	-9000	-24789	-0.0315191	-0.0770193	-0.012811	-0.0642082	-0.108538	0	0.496216	0	0	0	-0.0414977	-0.0198487	-0.0216491	-0.0414977
621.797	701.279	-9000	-4438.28	-0.0348524	-0.089028	-0.0238446	-0.0651834	-0.12388	0	0.646272	0	0	0	-0.0533379	-0.0258509	-0.027487	-0.0533379
603.797	728.136	-9000	-2044.07	-0.0381857	-0.104297	-0.0373016	-0.0669957	-0.142483	0	-0.448816	0	0	0	-0.0109058	0.0179526	-0.0288584	-0.0109058
585.798	734.001	-9000	1580.75	-0.041519	-0.114077	-0.0444609	-0.0696161	-0.155596	0	-0.101878	0	0	0	-0.0225725	0.00407513	-0.0266476	-0.0225725
567.798	685.55	-9000	-1479.04	-0.0448523	-0.108654	-0.0353258	-0.073328	-0.153506	0	0.219518	0	0	0	-0.0362091	-0.00878071	-0.0274283	-0.0362091
549.798	734.22	-9000	-3739.17	-0.0481855	-0.130969	-0.0553265	-0.0756423	-0.179154	0	0.668621	0	0	0	-0.0553658	-0.0267448	-0.0286209	-0.0553658
531.798	566.949	-9000	-11822	-0.0515188	-0.0885768	-0.0105452	-0.0780317	-0.140096	0	1.2731	0	0	0	-0.0854436	-0.050924	-0.0345195	-0.0854436
513.799	514.577	-9000	-20058	-0.0548521	-0.0788186	-0.000233459	-0.0785851	-0.133671	0	0.651593	0	0	0	-0.0665298	-0.0260637	-0.040466	-0.0665298
495.799	542.614	-9000	-13991.1	-0.0581854	-0.0924378	-0.0140446	-0.0783932	-0.150623	0	3.18445	0	0	0	-0.176341	-0.127378	-0.0489635	-0.176341
477.799	462.43	-9000	-4308.99	-0.0615187	-0.0739634	0.00461083	-0.0785742	-0.135482	0	2.08085	0	0	0	-0.150413	-0.0832339	-0.0671794	-0.150413
459.799	455.925	-9000	661.374	-0.064852	-0.0771486	0.00116215	-0.0783108	-0.142001	0	1.12304	0	0	0	-0.122083	-0.0449218	-0.0771614	-0.122083
441.799	440.11	-9000	991.774	-0.0681853	-0.077747	0.000506891	-0.0782539	-0.145932	0	1.62855	0	0	0	-0.149862	-0.0651421	-0.0847202	-0.149862
423.8	396.367	-9000	-5702.41	-0.0715186	-0.0699076	0.00822997	-0.0781376	-0.141426	0	1.47318	0	0	0	-0.153856	-0.058927	-0.0949289	-0.153856
[D][encoder.h:243] print(): Encoder L:	2608.239258	R:	2427.202148

405.8	331.975	-9000	-10304.1	-0.0748519	-0.055891	0.0221474	-0.0780383	-0.130743	0	-0.405182	0	0	0	-0.0849395	0.0162073	-0.101147	-0.0849395
387.8	293.25	-9000	-11630.5	-0.0781852	-0.04809	0.0283651	-0.0764551	-0.126275	0	-1.09374	0	0	0	-0.0528463	0.0437494	-0.0965958	-0.0528463
369.8	271.762	-9000	-4467.01	-0.0815184	-0.0451197	0.0294114	-0.0745312	-0.126638	0	-1.36937	0	0	0	-0.0350223	0.0547748	-0.0897971	-0.0350223
351.801	252.212	-9000	-2982.6	-0.0848517	-0.0426935	0.0298766	-0.07257	-0.127545	0	-2.15583	0	0	0	0.00582097	0.0862333	-0.0804123	0.00582097
333.801	-406.284	-9000	-2680.93	-0.088185	0.151488	0.222026	-0.0705378	0.0633027	0	-2.03345	0	0	0	0.0140106	0.0813379	-0.0673273	0.0140106
315.801	477.533	-9000	-7325.68	-0.0915183	-0.105273	-0.0485196	-0.0567533	-0.196791	0	-1.87062	0	0	0	0.0194684	0.0748248	-0.0553565	0.0194684
297.801	321.345	-9000	-17501	-0.0948516	-0.0662503	-0.00706301	-0.0591873	-0.161102	0	-1.75781	0	0	0	0.0257551	0.0703125	-0.0445574	0.0257551
279.802	246.627	-9000	-12324.8	-0.0981849	-0.049346	0.00995248	-0.0592985	-0.147531	0	-1.86849	0	0	0	0.0411059	0.0747397	-0.0336338	0.0411059
261.802	214.717	-9000	-2666.57	-0.101518	-0.0444072	0.0141255	-0.0585327	-0.145925	0	-1.51411	0	0	0	0.0376848	0.0605642	-0.0228794	0.0376848
243.802	186.517	-9000	-1234.83	-0.104851	-0.0408391	0.0171854	-0.0580245	-0.145691	0	-1.13843	0	0	0	0.0311967	0.0455373	-0.0143407	0.0311967
225.802	165.068	-9000	-5625.8	-0.108185	-0.0386662	0.0182202	-0.0568864	-0.146851	0	-0.380705	0	0	0	0.00682418	0.0152282	-0.00840403	0.00682418
207.803	136.173	-9000	-10438.1	-0.111518	-0.0341336	0.0214889	-0.0556225	-0.145652	0	0.133315	0	0	0	-0.0127167	-0.00533262	-0.0073841	-0.0127167
189.803	111.943	-9000	-12985.6	-0.114851	-0.0307978	0.0233578	-0.0541557	-0.145649	0	-0.508412	0	0	0	0.0129986	0.0203365	-0.00733793	0.0129986
171.803	132.746	-9000	-11654.4	-0.118185	-0.0408757	0.0117172	-0.0525929	-0.15906	0	0.226967	0	0	0	-0.0137269	-0.00907869	-0.00464823	-0.0137269
154.134	97.4231	-8601.42	-6880.36	-0.114814	-0.0344952	0.0170134	-0.0515086	-0.149309	0	0.920842	0	0	0	-0.0444688	-0.0368337	-0.0076351	-0.0444688
[D][encoder.h:243] print(): Encoder L:	2608.239258	R:	2427.202148

137.412	103.26	-8121.43	-1186.95	-0.109911	-0.0402553	0.0102456	-0.0505009	-0.150166	0	0.67607	0	0	0	-0.0399029	-0.0270428	-0.01286	-0.0399029
121.649	96.1089	-7641.43	-650.648	-0.10483	-0.0422157	0.00766204	-0.0498778	-0.147045	0	0.38128	0	0	0	-0.0316313	-0.0152512	-0.0163801	-0.0316313
106.846	92.2064	-7161.44	-10845.2	-0.099571	-0.0449574	0.00439197	-0.0493494	-0.144528	0	0.685648	0	0	0	-0.0460682	-0.0274259	-0.0186422	-0.0460682
93.0036	29.6341	-6681.45	-16624.8	-0.0941346	-0.0298971	0.0190108	-0.0489079	-0.124032	0	1.30503	0	0	0	-0.0763077	-0.0522011	-0.0241066	-0.0763077
80.1209	29.1144	-6201.45	-9590.6	-0.0885204	-0.0323527	0.0153019	-0.0476546	-0.120873	0	1.15923	0	0	0	-0.0782133	-0.0463691	-0.0318442	-0.0782133
68.1981	49.8354	-5721.46	-1833.38	-0.0827284	-0.0412909	0.00550881	-0.0467997	-0.124019	0	1.02514	0	0	0	-0.0795911	-0.0410055	-0.0385857	-0.0795911
57.2353	64.5756	-5241.47	-1536.5	-0.0767586	-0.0487768	-0.00220207	-0.0465748	-0.125535	0	1.25714	0	0	0	-0.0951912	-0.0502855	-0.0449057	-0.0951912
47.2325	100.565	-4761.47	-4529.25	-0.0706111	-0.0627923	-0.0159997	-0.0467926	-0.133403	0	1.61685	0	0	0	-0.117691	-0.0646738	-0.0530168	-0.117691
38.1897	57.0438	-4281.48	-7234.7	-0.0642858	-0.0531137	-0.00565624	-0.0474574	-0.117399	0	1.34972	0	0	0	-0.116707	-0.053989	-0.0627179	-0.116707
30.1068	1194.59	-3801.48	-8623.34	-0.0577827	-0.397213	-0.349344	-0.0478685	-0.454995	0	0.0396637	0	0	0	-0.0702637	-0.00158655	-0.0686771	-0.0702637
22.984	-142.626	-3321.49	-6334.48	-0.0511019	-0.00737548	0.0496829	-0.0570583	-0.0584774	0	-0.446687	0	0	0	-0.0497546	0.0178675	-0.0676221	-0.0497546
16.821	-317.909	-2841.5	-3557.21	-0.0442433	0.0352942	0.100419	-0.0651247	-0.00894909	0	0.100325	0	0	0	-0.0694881	-0.00401298	-0.0654751	-0.0694881
11.6181	-159.155	-2361.5	-2982.6	-0.0372069	-0.00851086	0.0512319	-0.0597428	-0.0457177	0	-0.133805	0	0	0	-0.060578	0.0053522	-0.0659302	-0.060578
7.37516	-73.4148	-1881.51	-9303.29	-0.0299927	-0.0326402	0.024237	-0.0568772	-0.0626329	0	0.283371	0	0	0	-0.0768645	-0.0113348	-0.0655297	-0.0768645
4.09218	-26.9306	-1401.52	-9604.96	-0.0226008	-0.0462285	0.00930683	-0.0555353	-0.0688293	0	0.561134	0	0	0	-0.0903968	-0.0224454	-0.0679514	-0.0903968
1.76917	950.083	-921.521	-6650.52	-0.0150311	-0.339611	-0.284494	-0.0551163	-0.354642	0	-0.239163	0	0	0	-0.0610685	0.00956653	-0.070635	-0.0610685
[D][encoder.h:243] print(): Encoder L:	2608.237061	R:	2427.202148

0.406138	-105.386	-441.527	-3997.74	-0.00728358	-0.0307579	0.0317376	-0.0624955	-0.0380415	0	-1.48218	0	0	0	-0.00752158	0.0592871	-0.0668087	-0.00752158
0	-48.3504	0	-7617.78	0	-0.0460233	0.0145051	-0.0605284	-0.0460233	0	-1.23209	0	0	0	-0.00859712	0.0492834	-0.0578805	-0.00859712
0	10.7113	0	-6851.63	0	-0.0630933	-0.0032134	-0.0598799	-0.0630933	0	-1.16291	0	0	0	-0.00480168	0.0465164	-0.0513181	-0.00480168
0	57.8218	0	-923.587	0	-0.0776962	-0.0173465	-0.0603497	-0.0776962	0	-1.57689	0	0	0	0.0195397	0.0630758	-0.0435361	0.0195397
0	-116.121	0	-3844.51	0	-0.0348697	0.0348364	-0.0697062	-0.0348697	0	-1.5471	0	0	0	0.0279464	0.0618838	-0.0339374	0.0279464
0	-21.976	0	-9873.11	0	-0.0616728	0.0065928	-0.0682656	-0.0616728	0	-1.60563	0	0	0	0.0394362	0.0642251	-0.024789	0.0394362
0	770.299	0	-9523.56	0	-0.299249	-0.23109	-0.0681595	-0.299249	0	-1.49495	0	0	0	0.0447385	0.059798	-0.0150594	0.0447385
0	649.485	0	-4117.45	0	-0.26948	-0.194845	-0.0746351	-0.26948	0	-1.45451	0	0	0	0.0519565	0.0581803	-0.00622381	0.0519565
0	-105.168	0	-2422.36	0	-0.0477436	0.0315505	-0.0792941	-0.0477436	0	-0.959644	0	0	0	0.0405442	0.0383857	0.00215843	0.0405442
0	3.62097	0	-5257.09	0	-0.0788139	-0.00108629	-0.0777276	-0.0788139	0	-0.509477	0	0	0	0.0273759	0.0203791	0.00699681	0.0273759
0	29.1952	0	-3494.96	0	-0.0866105	-0.00875855	-0.077852	-0.0866105	0	-0.316852	0	0	0	0.0225841	0.0126741	0.00990999	0.0225841
0	50.3695	0	-6262.66	0	-0.0936692	-0.0151109	-0.0785583	-0.0936692	0	0.301463	0	0	0	-0.00131377	-0.0120585	0.0107448	-0.00131377
0	60.7838	0	-6645.73	0	-0.0978498	-0.0182351	-0.0796146	-0.0978498	0	0.221646	0	0	0	-0.000102278	-0.00886585	0.00876357	-0.000102278
0	68.8463	0	-3858.88	0	-0.101534	-0.0206539	-0.0808799	-0.101534	0	-0.0614377	0	0	0	0.0105106	0.00245751	0.00805307	0.0105106
0	69.9483	0	-2819.8	0	-0.103412	-0.0209845	-0.0824279	-0.103412	0	0.146086	0	0	0	0.00231645	-0.00584345	0.0081599	0.00231645
0	69.0121	0	-3566.79	0	-0.104539	-0.0207036	-0.0838358	-0.104539	0	0.233353	0	0	0	-0.0022806	-0.00933411	0.00705351	-0.0022806
[D][encoder.h:243] print(): Encoder L:	2608.253906	R:	2427.204590

0	63.0826	0	-3720.01	0	-0.104119	-0.0189248	-0.0851939	-0.104119	0	0.389794	0	0	0	-0.0100054	-0.0155917	0.00558635	-0.0100054
0	53.8495	0	-5304.98	0	-0.102568	-0.0161548	-0.0864131	-0.102568	0	0.758016	0	0	0	-0.0276158	-0.0303206	0.00270483	-0.0276158
0	53.631	0	-5319.34	0	-0.103526	-0.0160893	-0.0874362	-0.103526	0	0.762273	0	0	0	-0.0325289	-0.0304909	-0.00203802	-0.0325289
0	37.0197	0	-3868.46	0	-0.0994687	-0.0111059	-0.0883628	-0.0994687	0	0.650529	0	0	0	-0.0323966	-0.0260212	-0.0063754	-0.0323966
0	31.734	0	-3356.1	0	-0.0985968	-0.00952021	-0.0890766	-0.0985968	0	0.619666	0	0	0	-0.0350365	-0.0247867	-0.0102498	-0.0350365
0	27.2767	0	-3346.52	0	-0.0978687	-0.00818301	-0.0896857	-0.0978687	0	0.486638	0	0	0	-0.0332386	-0.0194655	-0.0137731	-0.0332386
0	21.4923	0	-3590.73	0	-0.0966476	-0.0064477	-0.0901999	-0.0966476	0	0.451519	0	0	0	-0.0345685	-0.0180608	-0.0165077	-0.0345685
0	13.5866	0	-4749.52	0	-0.0947195	-0.00407597	-0.0906435	-0.0947195	0	0.537721	0	0	0	-0.0409588	-0.0215088	-0.0194499	-0.0409588
0	508.085	0	-4198.86	0	-0.243316	-0.152425	-0.0908901	-0.243316	0	0.422785	0	0	0	-0.0394376	-0.0169114	-0.0225262	-0.0394376
0	-89.2374	0	-3734.38	0	-0.0680196	0.0267712	-0.0947908	-0.0680196	0	0.416399	0	0	0	-0.041671	-0.016656	-0.025015	-0.041671
0	-56.2258	0	-4419.12	0	-0.0763378	0.0168678	-0.0932056	-0.0763378	0	0.586675	0	0	0	-0.0511177	-0.023467	-0.0276507	-0.0511177
0	-40.2912	0	-3796.63	0	-0.0800811	0.0120874	-0.0921685	-0.0800811	0	0.622859	0	0	0	-0.0564267	-0.0249144	-0.0315123	-0.0564267
0	460.271	0	-1977.04	0	-0.229488	-0.138081	-0.091407	-0.229488	0	0.322748	0	0	0	-0.0476837	-0.0129099	-0.0347738	-0.0476837
0	371.06	0	-2858.1	0	-0.205801	-0.111318	-0.0944826	-0.205801	0	0.000287342	0	0	0	-0.0361822	-1.14937e-05	-0.0361707	-0.0361822
0	-177.724	0	-5022.46	0	-0.0426415	0.0533173	-0.0959589	-0.0426415	0	0.100325	0	0	0	-0.0401567	-0.00401298	-0.0361437	-0.0401567
0	-119.178	0	-4079.15	0	-0.0569769	0.0357533	-0.0927302	-0.0569769	0	0.248252	0	0	0	-0.0469918	-0.00993007	-0.0370617	-0.0469918
0	-82.7692	0	-1455.1	0	-0.0656955	0.0248308	-0.0905263	-0.0656955	0	0.0141223	0	0	0	-0.0388543	-0.000564891	-0.0382894	-0.0388543
[D][encoder.h:243] print(): Encoder L:	2608.258789	R:	2427.204590

0	314.888	0	-674.59	0	-0.188447	-0.0944663	-0.0939807	-0.188447	0	-0.139126	0	0	0	-0.0325154	0.00556505	-0.0380805	-0.0325154
0	-213.494	0	-751.205	0	-0.0303559	0.0640482	-0.0944041	-0.0303559	0	-0.171053	0	0	0	-0.0304132	0.00684212	-0.0372553	-0.0304132
0	-144.15	0	-5343.28	0	-0.0472932	0.0432449	-0.0905381	-0.0472932	0	0.0439206	0	0	0	-0.0379411	-0.00175682	-0.0361843	-0.0379411
0	-230.987	0	-3437.5	0	-0.0236793	0.0692961	-0.0929754	-0.0236793	0	0.0173149	0	0	0	-0.0375043	-0.000692598	-0.0368117	-0.0375043
0	-147.044	0	1470.61	0	-0.0447227	0.0441132	-0.0888359	-0.0447227	0	-0.0252541	0	0	0	-0.0356724	0.00101016	-0.0366826	-0.0356724
0	-103.361	0	-1163.01	0	-0.0551445	0.0310083	-0.0861527	-0.0551445	0	-0.134869	0	0	0	-0.0310341	0.00539477	-0.0364289	-0.0310341
0	-81.3986	0	-2082.38	0	-0.0597929	0.0244196	-0.0842125	-0.0597929	0	-0.340265	0	0	0	-0.0216515	0.0136106	-0.0352621	-0.0216515
0	-65.2867	0	450.685	0	-0.0630869	0.019586	-0.0826729	-0.0630869	0	-0.3541	0	0	0	-0.0190373	0.014164	-0.0332013	-0.0190373
0	-57.2744	0	-492.631	0	-0.0642332	0.0171823	-0.0814155	-0.0642332	0	-0.427531	0	0	0	-0.0138574	0.0171012	-0.0309586	-0.0138574
0	-52.408	0	72.4007	0	-0.0645743	0.0157224	-0.0802967	-0.0645743	0	-0.482871	0	0	0	-0.00900196	0.0193148	-0.0283168	-0.00900196
0	-50.6083	0	-545.303	0	-0.0640786	0.0151825	-0.0792611	-0.0640786	0	-0.620156	0	0	0	-0.000466472	0.0248062	-0.0252727	-0.000466472
0	-49.1537	0	350.128	0	-0.0635038	0.0147461	-0.07825	-0.0635038	0	-0.65634	0	0	0	0.0048359	0.0262536	-0.0214177	0.0048359
0	-47.902	0	-176.596	0	-0.0629088	0.0143706	-0.0772794	-0.0629088	0	-0.685074	0	0	0	0.00993608	0.0274029	-0.0174669	0.00993608
0	-46.8666	0	493.78	0	-0.0622644	0.01406	-0.0763243	-0.0622644	0	-0.846836	0	0	0	0.0207086	0.0338734	-0.0131649	0.0207086
0	-46.5024	0	-234.057	0	-0.0614451	0.0139507	-0.0753959	-0.0614451	0	-0.897919	0	0	0	0.0280245	0.0359167	-0.00789229	0.0280245
0	-46.9973	0	-90.4051	0	-0.0603679	0.0140992	-0.074467	-0.0603679	0	-0.925589	0	0	0	0.0345571	0.0370235	-0.00246647	0.0345571
[D][encoder.h:243] print(): Encoder L:	2617.658447	R:	2427.202148

0	-46.0338	0	-171.808	0	-0.0597205	0.0138102	-0.0735307	-0.0597205	0	-0.962837	0	0	0	0.0416356	0.0385135	0.00312218	0.0416356
0	-46.0578	0	-171.808	0	-0.0587944	0.0138173	-0.0726118	-0.0587944	0	-0.983057	0	0	0	0.0482566	0.0393223	0.00893432	0.0482566
[D][encoder.h:243] print(): Encoder L:	2608.288086	R:	2427.207031

[D][encoder.h:243] print(): Encoder L:	2608.290283	R:	2427.204590

[D][encoder.h:243] print(): Encoder L:	2608.282959	R:	2427.204590

[D][encoder.h:243] print(): Encoder L:	2608.273438	R:	2427.199951

[D][encoder.h:243] print(): Encoder L:	2608.241699	R:	2427.197266

[D][encoder.h:243] print(): Encoder L:	2608.256348	R:	2427.197266

[D][encoder.h:243] print(): Encoder L:	2608.224609	R:	2427.192627

[D][encoder.h:243] print(): Encoder L:	2608.207764	R:	2427.190186

[D][encoder.h:243] print(): Encoder L:	2608.212646	R:	2427.190186

[D][encoder.h:243] print(): Encoder L:	2608.207764	R:	2427.192627

[D][encoder.h:243] print(): Encoder L:	2608.212646	R:	2427.192627

[D][encoder.h:243] print(): Encoder L:	2608.193359	R:	2427.182861

[D][encoder.h:243] print(): Encoder L:	2608.183594	R:	2427.180176

[D][encoder.h:243] print(): Encoder L:	2608.183594	R:	2427.173096

[D][encoder.h:243] print(): Encoder L:	2608.183594	R:	2427.170654

[D][encoder.h:243] print(): Encoder L:	2608.151855	R:	2427.153564

[D][encoder.h:243] print(): Encoder L:	2617.619385	R:	2427.163330

[D][encoder.h:243] print(): Encoder L:	2608.159180	R:	2427.158447

[D][encoder.h:243] print(): Encoder L:	2608.146973	R:	2427.153564

[D][encoder.h:243] print(): Encoder L:	2608.103271	R:	2427.141602

[D][encoder.h:243] print(): Encoder L:	2608.076660	R:	2427.136475

[D][encoder.h:243] print(): Encoder L:	2608.062012	R:	2427.134277

[D][encoder.h:243] print(): Encoder L:	2608.025391	R:	2427.126953

[D][encoder.h:243] print(): Encoder L:	2608.071777	R:	2427.148926

[D][encoder.h:243] print(): Encoder L:	2608.071777	R:	2427.148926

[D][encoder.h:243] print(): Encoder L:	2608.013428	R:	2427.131836

[D][encoder.h:243] print(): Encoder L:	2607.986816	R:	2427.126953

[D][encoder.h:243] print(): Encoder L:	2607.923584	R:	2427.117188

[D][encoder.h:243] print(): Encoder L:	2607.943115	R:	2427.102539

[D][encoder.h:243] print(): Encoder L:	2617.505371	R:	2427.105225

[D][encoder.h:243] print(): Encoder L:	2607.928467	R:	2427.102539

[D][encoder.h:243] print(): Encoder L:	2607.875000	R:	2427.068604

[D][encoder.h:243] print(): Encoder L:	2607.833740	R:	2427.058838

[D][encoder.h:243] print(): Encoder L:	2607.835938	R:	2427.058838

[D][encoder.h:243] print(): Encoder L:	2607.835938	R:	2427.058838

[D][encoder.h:243] print(): Encoder L:	2607.835938	R:	2427.061279

[D][encoder.h:243] print(): Encoder L:	2607.833740	R:	2427.061279

[D][encoder.h:243] print(): Encoder L:	2617.444580	R:	2427.058838

[D][encoder.h:243] print(): Encoder L:	2607.806885	R:	2427.056396

[D][encoder.h:243] print(): Encoder L:	2607.831299	R:	2427.058838

[D][encoder.h:243] print(): Encoder L:	2607.816650	R:	2427.031982

[D][encoder.h:243] print(): Encoder L:	2607.799561	R:	2427.031982

[D][encoder.h:243] print(): Encoder L:	2607.804443	R:	2427.031982

[D][encoder.h:243] print(): Encoder L:	2607.799561	R:	2427.034668

[D][encoder.h:243] print(): Encoder L:	2617.432373	R:	2427.034668

[D][encoder.h:243] print(): Encoder L:	2607.802002	R:	2427.034668

[D][encoder.h:243] print(): Encoder L:	2607.799561	R:	2427.037109

[D][encoder.h:243] print(): Encoder L:	2617.425049	R:	2427.034668

[D][encoder.h:243] print(): Encoder L:	2607.768066	R:	2427.029785

[D][encoder.h:243] print(): Encoder L:	2607.758301	R:	2427.027344

[D][encoder.h:243] print(): Encoder L:	2607.753418	R:	2427.024658

[D][encoder.h:243] print(): Encoder L:	2607.748535	R:	2427.027344

[D][encoder.h:243] print(): Encoder L:	2617.408203	R:	2427.027344

[D][encoder.h:243] print(): Encoder L:	2607.755859	R:	2427.027344

[D][encoder.h:243] print(): Encoder L:	2607.753418	R:	2427.027344

[D][encoder.h:243] print(): Encoder L:	2607.746094	R:	2427.027344

[D][encoder.h:243] print(): Encoder L:	2607.741455	R:	2427.024658

[D][encoder.h:243] print(): Encoder L:	2607.741455	R:	2427.027344

[D][encoder.h:243] print(): Encoder L:	2617.400879	R:	2427.027344

[D][encoder.h:243] print(): Encoder L:	2607.736572	R:	2427.027344

[D][encoder.h:243] print(): Encoder L:	2617.400879	R:	2427.027344

[D][encoder.h:243] print(): Encoder L:	2607.738770	R:	2427.027344

[D][encoder.h:243] print(): Encoder L:	2607.746094	R:	2427.027344

[D][encoder.h:243] print(): Encoder L:	2607.741455	R:	2427.027344

[D][encoder.h:243] print(): Encoder L:	2607.738770	R:	2427.027344

[D][encoder.h:243] print(): Encoder L:	2607.738770	R:	2427.027344

[D][encoder.h:243] print(): Encoder L:	2607.741455	R:	2427.024658

[D][encoder.h:243] print(): Encoder L:	2607.741455	R:	2427.027344

[D][encoder.h:243] print(): Encoder L:	2607.734131	R:	2427.027344

[D][encoder.h:243] print(): Encoder L:	2607.731445	R:	2427.024658

[D][encoder.h:243] print(): Encoder L:	2607.736572	R:	2427.024658

[D][encoder.h:243] print(): Encoder L:	2607.738770	R:	2427.024658

[D][encoder.h:243] print(): Encoder L:	2617.403320	R:	2427.024658

[D][encoder.h:243] print(): Encoder L:	2607.738770	R:	2427.024658

[D][encoder.h:243] print(): Encoder L:	2607.738770	R:	2427.024658

[D][encoder.h:243] print(): Encoder L:	2607.738770	R:	2427.024658

[D][encoder.h:243] print(): Encoder L:	2607.738770	R:	2427.024658

[D][encoder.h:243] print(): Encoder L:	2607.743896	R:	2427.024658

[D][encoder.h:243] print(): Encoder L:	2617.403320	R:	2427.027344

[D][encoder.h:243] print(): Encoder L:	2607.743896	R:	2427.024658

[D][encoder.h:243] print(): Encoder L:	2607.743896	R:	2427.024658

[D][encoder.h:243] print(): Encoder L:	2617.405518	R:	2427.027344

[D][encoder.h:243] print(): Encoder L:	2607.753418	R:	2427.027344

[D][encoder.h:243] print(): Encoder L:	2617.410645	R:	2427.027344

[D][encoder.h:243] print(): Encoder L:	2607.753418	R:	2427.027344

[D][encoder.h:243] print(): Encoder L:	2607.755859	R:	2427.027344

[D][encoder.h:243] print(): Encoder L:	2607.753418	R:	2427.027344

[D][encoder.h:243] print(): Encoder L:	2607.751221	R:	2427.027344

[D][encoder.h:243] print(): Encoder L:	2607.751221	R:	2427.029785

[D][encoder.h:243] print(): Encoder L:	2617.408203	R:	2427.027344

[D][encoder.h:243] print(): Encoder L:	2617.405518	R:	2427.027344

[D][encoder.h:243] print(): Encoder L:	2607.743896	R:	2427.029785

[D][encoder.h:243] print(): Encoder L:	2607.729248	R:	2427.031982

[D][encoder.h:243] print(): Encoder L:	2617.376465	R:	2427.034668

[D][encoder.h:243] print(): Encoder L:	2607.629639	R:	2427.037109

[D][encoder.h:243] print(): Encoder L:	2617.344971	R:	2427.037109

[D][encoder.h:243] print(): Encoder L:	2607.624756	R:	2427.039307

[D][encoder.h:243] print(): Encoder L:	2607.627197	R:	2427.037109

[D][encoder.h:243] print(): Encoder L:	2607.624756	R:	2427.037109

[D][encoder.h:243] print(): Encoder L:	2607.629639	R:	2427.037109

[D][encoder.h:243] print(): Encoder L:	2607.634521	R:	2427.037109

[D][encoder.h:243] print(): Encoder L:	2607.634521	R:	2427.034668

[D][encoder.h:243] print(): Encoder L:	2607.632080	R:	2427.034668

[D][encoder.h:243] print(): Encoder L:	2607.632080	R:	2427.034668

[D][encoder.h:243] print(): Encoder L:	2607.632080	R:	2427.034668

[D][encoder.h:243] print(): Encoder L:	2607.634521	R:	2427.031982

[D][encoder.h:243] print(): Encoder L:	2607.634521	R:	2427.034668

[D][encoder.h:243] print(): Encoder L:	2607.651367	R:	2427.031982

[D][encoder.h:243] print(): Encoder L:	2607.668457	R:	2427.034668

[D][encoder.h:243] print(): Encoder L:	2607.678223	R:	2427.034668

[D][encoder.h:243] print(): Encoder L:	2607.678223	R:	2427.034668

[D][encoder.h:243] print(): Encoder L:	2607.678223	R:	2427.034668

[D][encoder.h:243] print(): Encoder L:	2607.685547	R:	2427.034668

[D][encoder.h:243] print(): Encoder L:	2607.685547	R:	2427.034668

[D][encoder.h:243] print(): Encoder L:	2607.685547	R:	2427.034668

[D][encoder.h:243] print(): Encoder L:	2607.685547	R:	2427.034668

[D][encoder.h:243] print(): Encoder L:	2607.687744	R:	2427.034668

[D][encoder.h:243] print(): Encoder L:	2607.687744	R:	2427.034668

[D][encoder.h:243] print(): Encoder L:	2607.687744	R:	2427.034668

[D][encoder.h:243] print(): Encoder L:	2607.687744	R:	2427.034668

[D][encoder.h:243] print(): Encoder L:	2607.687744	R:	2427.034668

[D][encoder.h:243] print(): Encoder L:	2607.690430	R:	2427.031982

[D][encoder.h:243] print(): Encoder L:	2607.687744	R:	2427.031982

[D][encoder.h:243] print(): Encoder L:	2607.687744	R:	2427.034668

[D][encoder.h:243] print(): Encoder L:	2607.687744	R:	2427.034668

[D][encoder.h:243] print(): Encoder L:	2607.683105	R:	2427.034668

[D][encoder.h:243] print(): Encoder L:	2607.683105	R:	2427.034668

[D][encoder.h:243] print(): Encoder L:	2607.683105	R:	2427.034668

[D][encoder.h:243] print(): Encoder L:	2607.697510	R:	2427.037109

[D][encoder.h:243] print(): Encoder L:	2607.700195	R:	2427.039307

[D][encoder.h:243] print(): Encoder L:	2607.700195	R:	2427.044434

[D][encoder.h:243] print(): Encoder L:	2607.702393	R:	2427.041748

[D][encoder.h:243] print(): Encoder L:	2607.712158	R:	2427.041748

[D][encoder.h:243] print(): Encoder L:	2607.717041	R:	2427.039307

[D][encoder.h:243] print(): Encoder L:	2607.724365	R:	2427.039307

[D][encoder.h:243] print(): Encoder L:	2607.738770	R:	2427.041748

[D][encoder.h:243] print(): Encoder L:	2607.763184	R:	2427.044434

[D][encoder.h:243] print(): Encoder L:	2607.768066	R:	2427.046631

[D][encoder.h:243] print(): Encoder L:	2607.770508	R:	2427.046631

[D][encoder.h:243] print(): Encoder L:	2607.789795	R:	2427.049072

[D][encoder.h:243] print(): Encoder L:	2607.855713	R:	2427.066162

[D][encoder.h:243] print(): Encoder L:	2607.921143	R:	2427.122070

[D][encoder.h:243] print(): Encoder L:	2602.794922	R:	2421.961914

[D][encoder.h:243] print(): Encoder L:	2608.535645	R:	2427.148926

[D][encoder.h:243] print(): Encoder L:	2607.957520	R:	2426.635986

[D][encoder.h:243] print(): Encoder L:	2607.984375	R:	2426.689697

[D][encoder.h:243] print(): Encoder L:	2608.533203	R:	2427.270264

[D][encoder.h:243] print(): Encoder L:	2607.530029	R:	2426.696777

[D][encoder.h:243] print(): Encoder L:	2607.617432	R:	2420.307373

[D][encoder.h:243] print(): Encoder L:	2607.617432	R:	2420.754395

[D][encoder.h:243] print(): Encoder L:	2607.619873	R:	2420.761719

[D][encoder.h:243] print(): Encoder L:	2607.619873	R:	2420.764160

[D][encoder.h:243] print(): Encoder L:	2607.622314	R:	2420.764160

[D][encoder.h:243] print(): Encoder L:	2607.908936	R:	2420.764160

[D][encoder.h:243] print(): Encoder L:	2608.095947	R:	2420.764160

[D][encoder.h:243] print(): Encoder L:	2608.057129	R:	2420.873535

[D][encoder.h:243] print(): Encoder L:	2607.724365	R:	2420.841797

[D][encoder.h:243] print(): Encoder L:	2607.614990	R:	2419.908936

[D][encoder.h:243] print(): Encoder L:	2604.257568	R:	2419.942871

[D][encoder.h:243] print(): Encoder L:	2595.747070	R:	2420.219971

[D][encoder.h:243] print(): Encoder L:	2604.459229	R:	2420.028076

[D][encoder.h:243] print(): Encoder L:	2604.422852	R:	2419.760742

[D][encoder.h:243] print(): Encoder L:	2604.240479	R:	2419.163086

[D][encoder.h:243] print(): Encoder L:	2604.255127	R:	2418.759766

[D][encoder.h:243] print(): Encoder L:	2604.102051	R:	2418.339600

[D][encoder.h:243] print(): Encoder L:	2605.246338	R:	2418.502441

[D][encoder.h:243] print(): Encoder L:	2596.320557	R:	2418.543701

[D][encoder.h:243] print(): Encoder L:	2605.460205	R:	2418.580322

