0	0	0	0	0	0	0	0	0	0	0	0	0	0	0	0	0	0
0	0.00839143	0	14.5567	0	-2.48985e-06	-2.51743e-06	2.75812e-08	-2.48985e-06	0.0150796	-0.0114617	15.0796	0	0.00568628	0.00138559	0.00137085	1.47395e-05	0.00707187
0	0.163032	0	67.2292	0	-5.01503e-05	-4.89095e-05	-1.24072e-06	-5.01503e-05	0.0603186	0.0577129	30.1593	0	0.0231221	-3.67511e-05	0.000234509	-0.00027126	0.0230854
0	-0.115558	0	-119.519	0	3.16314e-05	3.46673e-05	-3.0359e-06	3.16314e-05	0.135717	0.0321715	45.2389	0	0.0350602	0.00919626	0.00931908	-0.000122818	0.0442564
0	-0.877691	0	-622.301	0	0.000264045	0.000263307	7.3741e-07	0.000264045	0.241274	0.141787	60.3186	0	0.0472496	0.00978138	0.00895389	0.000827497	0.0570309
0	-1.06281	0	-100.365	0	0.000335604	0.000318844	1.67598e-05	0.000335604	0.376991	0.190741	75.3982	0	0.0596903	0.0182177	0.0167625	0.00145522	0.077908
0	-0.860963	0	38.4988	0	0.00029151	0.000258289	3.32211e-05	0.00029151	0.542867	0.113053	90.4779	0	0.0723823	0.0421554	0.0386833	0.00347203	0.114538
0	-0.788799	0	-95.5765	0	0.000282862	0.00023664	4.6222e-05	0.000282862	0.738903	0.0800617	105.558	0	0.0853257	0.0676861	0.0592957	0.00839041	0.153012
0	-0.851541	0	-124.307	0	0.000313013	0.000255462	5.75508e-05	0.000313013	0.965097	0.10986	120.637	0	0.0985204	0.0919129	0.0769714	0.0149416	0.190433
0	-2.09558	0	-900.028	0	0.000704355	0.000628674	7.56807e-05	0.000704355	1.22145	0.295035	135.717	0	0.111966	0.106589	0.0833775	0.0232119	0.218556
0	-2.32714	0	-488.226	0	0.000812271	0.000698141	0.00011413	0.000812271	1.50796	0.547257	150.796	0	0.125664	0.118243	0.0864637	0.031779	0.243906
0	1.82759	0	2739.16	0	-0.000412344	-0.000548276	0.000135932	-0.000412344	1.80956	1.66256	150.796	0	0.128177	0.0526946	0.0132294	0.0394652	0.180872
0	1.64754	0	-95.5765	0	-0.000392822	-0.000494262	0.00010144	-0.000392822	2.11115	2.68103	150.796	0	0.13069	-0.0138232	-0.051289	0.0374657	0.116867
0	0.729038	0	-66.8461	0	-0.000136459	-0.000218711	8.2252e-05	-0.000136459	2.41274	2.45861	150.796	0	0.133204	0.0280225	-0.00412756	0.0321501	0.161226
0	1.01088	0	-148.249	0	-0.000234211	-0.000303265	6.9054e-05	-0.000234211	2.71434	2.43626	150.796	0	0.135717	0.056857	0.0250272	0.0318298	0.192574
0	2.36404	0	972.237	0	-0.000659546	-0.000709211	4.96651e-05	-0.000659546	3.01593	2.51075	150.796	0	0.13823	0.0800766	0.045466	0.0346106	0.218307
0	2.71972	0	-81.2113	0	-0.000813287	-0.000815915	2.62755e-06	-0.000813287	3.31752	3.16099	150.796	0	0.140743	0.0525474	0.0140875	0.0384598	0.193291
0	0.153943	0	-1364.5	0	-7.25013e-05	-4.61828e-05	-2.63184e-05	-7.25013e-05	3.61911	3.88892	150.796	0	0.143257	0.0135234	-0.0242828	0.0378062	0.15678
0	1.20852	0	402.417	0	-0.000390106	-0.000362556	-2.755e-05	-0.000390106	3.76991	3.9879	150.796	0	0.143257	0.00326676	-0.0331904	0.0364571	0.146523
0	2.2194	0	110.325	0	-0.00071739	-0.00066582	-5.15692e-05	-0.00071739	4.0715	4.05707	150.796	0	0.147027	0.0346892	0.00129888	0.0333903	0.181716
0	0.941772	0	-967.066	0	-0.000365035	-0.000282532	-8.25034e-05	-0.000365035	4.3731	4.26992	150.796	0	0.14954	0.0423737	0.00928611	0.0330876	0.191914
0	1.23632	0	115.113	0	-0.000467828	-0.000370896	-9.69317e-05	-0.000467828	4.67469	4.60195	150.796	0	0.152053	0.0399098	0.00654596	0.0333638	0.191963
0	1.78357	0	210.881	0	-0.000659231	-0.000535071	-0.000124159	-0.000659231	4.97628	4.85311	150.796	0	0.154566	0.0443994	0.0110852	0.0333143	0.198966
0	0.455521	0	-832.991	0	-0.000285072	-0.000136656	-0.000148416	-0.000285072	5.27787	5.16812	150.796	0	0.15708	0.0439339	0.00987748	0.0340564	0.201014
0	0.72115	0	311.438	0	-0.000372841	-0.000216345	-0.000156496	-0.000372841	5.57946	5.68853	150.796	0	0.159593	0.0239334	-0.00981573	0.0337491	0.183526
0	0.731319	0	-186.556	0	-0.000390187	-0.000219396	-0.000170792	-0.000390187	5.88106	6.07378	150.796	0	0.162106	0.0143239	-0.0173449	0.0316688	0.17643
0	0.289373	0	-354.15	0	-0.000267071	-8.68119e-05	-0.000180259	-0.000267071	6.18265	6.38347	150.796	0	0.164619	0.0107847	-0.0180736	0.0288582	0.175404
0	1.10787	0	517.339	0	-0.000521848	-0.00033236	-0.000189487	-0.000521848	6.48424	6.68252	150.796	0	0.167133	0.00823923	-0.0178446	0.0260838	0.175372
0	0.590878	0	-488.226	0	-0.000382753	-0.000177263	-0.00020549	-0.000382753	6.78583	6.70486	150.796	0	0.169646	0.0311969	0.00728741	0.0239095	0.200843
0	0.425255	0	24.1336	0	-0.000341371	-0.000127576	-0.000213794	-0.000341371	7.08743	6.91239	150.796	0	0.172159	0.0403344	0.0157535	0.0245809	0.212494
0	1.04943	0	230.035	0	-0.000537542	-0.00031483	-0.000222713	-0.000537542	7.38902	7.46259	150.796	0	0.174673	0.018305	-0.00662149	0.0249265	0.192978
0	1.85826	0	364.11	0	-0.000803193	-0.000557479	-0.000245714	-0.000803193	7.69061	7.7925	150.796	0	0.177186	0.0140469	-0.00917011	0.023217	0.191233
0	0.184015	0	-1216.06	0	-0.00032671	-5.52045e-05	-0.000271505	-0.00032671	7.9922	7.93085	150.796	0	0.179699	0.0272357	0.00552179	0.0217139	0.206935
0	1.35608	0	593.954	0	-0.000682607	-0.000406823	-0.000275785	-0.000682607	8.2938	8.20116	150.796	0	0.182212	0.0303611	0.00833699	0.0220241	0.212573
0	1.93035	0	-90.7881	0	-0.000883219	-0.000579105	-0.000304114	-0.000883219	8.59539	8.8546	150.796	0	0.184726	-0.00196925	-0.0233287	0.0213594	0.182756
0	1.67085	0	-62.0577	0	-0.00083453	-0.000501255	-0.000333275	-0.00083453	8.89699	9.03232	150.796	0	0.187239	0.00561835	-0.0121806	0.0177989	0.192857
0	1.22747	0	-545.686	0	-0.000728506	-0.00036824	-0.000360266	-0.000728506	9.19858	9.00359	150.796	0	0.189752	0.0342712	0.0175489	0.0167222	0.224023
0	2.51932	0	699.298	0	-0.00114179	-0.000755795	-0.000385994	-0.00114179	9.50017	9.35372	150.796	0	0.192265	0.0312941	0.0131807	0.0181134	0.223559
0	3.56421	0	416.783	0	-0.00150396	-0.00106926	-0.000434696	-0.00150396	9.80177	9.98374	150.796	0	0.194779	0.00236833	-0.0163779	0.0187462	0.197147
0	2.55275	0	-1005.37	0	-0.00125126	-0.000765824	-0.000485439	-0.00125126	10.1034	10.5691	150.796	0	0.197292	-0.0266474	-0.0419136	0.0152662	0.170645
0	3.93773	0	373.687	0	-0.00171392	-0.00118132	-0.0005326	-0.00171392	10.405	10.5584	150.796	0	0.199805	-0.00357569	-0.0138124	0.0102367	0.19623
0	4.34258	0	-272.747	0	-0.0019031	-0.00130277	-0.000600329	-0.0019031	10.7065	10.5425	150.796	0	0.202319	0.0237783	0.0147677	0.00901061	0.226097
0	3.24237	0	-1120.29	0	-0.00163675	-0.000972713	-0.00066404	-0.00163675	11.0081	10.7032	150.796	0	0.204832	0.0376689	0.0274484	0.0102205	0.242501
0	2.78767	0	-943.124	0	-0.00155052	-0.0008363	-0.000714217	-0.00155052	11.3097	10.8692	150.796	0	0.207345	0.0525745	0.0396501	0.0129244	0.25992
0	5.51743	0	1063.22	0	-0.00245698	-0.00165523	-0.000801755	-0.00245698	11.7621	11.9419	150.796	0	0.211115	0.00145912	-0.0161814	0.0176405	0.212574
0	3.70132	0	-1900.8	0	-0.00199717	-0.0011104	-0.000886771	-0.00199717	12.0637	12.9487	150.796	0	0.213628	-0.0667355	-0.0796462	0.0129107	0.146893
0	4.59861	0	502.974	0	-0.00232718	-0.00137958	-0.000947601	-0.00232718	12.3653	13.0019	150.796	0	0.216142	-0.0538212	-0.0572916	0.00347043	0.16232
0	4.51316	0	-473.86	0	-0.00237646	-0.00135395	-0.00102251	-0.00237646	12.6669	12.8912	150.796	0	0.217398	-0.0363562	-0.0337588	-0.00259733	0.181042
0	5.418	0	574.8	0	-0.00272263	-0.0016254	-0.00109723	-0.00272263	12.9685	12.7901	150.796	0	0.221168	0.010807	0.0160555	-0.00524844	0.231975
0	4.85902	0	-622.301	0	-0.00264282	-0.00145771	-0.00118511	-0.00264282	13.2701	12.8444	150.796	0	0.223681	0.0349294	0.0383141	-0.00338469	0.258611
0	3.48771	0	-967.066	0	-0.00230449	-0.00104631	-0.00125818	-0.00230449	13.5717	13.6936	150.796	0	0.226195	-0.0117949	-0.0109752	-0.000819681	0.2144
0	3.40291	0	52.864	0	-0.00233209	-0.00102087	-0.00131122	-0.00233209	13.8733	14.3066	150.796	0	0.228708	-0.043089	-0.0390012	-0.00408778	0.185619
0	3.013	0	-167.403	0	-0.00227351	-0.000903901	-0.00136961	-0.00227351	14.1749	14.4322	150.796	0	0.231221	-0.0322728	-0.0231598	-0.00911299	0.198948
0	2.22555	0	-555.263	0	-0.00209187	-0.000667665	-0.0014242	-0.00209187	14.4765	14.5578	150.796	0	0.233735	-0.0189728	-0.00731844	-0.0116544	0.214762
0	2.09194	0	321.015	0	-0.00208473	-0.000627582	-0.00145715	-0.00208473	14.7781	14.7557	150.796	0	0.236248	-0.0111654	0.0020099	-0.0131753	0.225082
0	1.51711	0	-459.495	0	-0.00194657	-0.000455133	-0.00149144	-0.00194657	15.0797	14.9728	150.796	0	0.238761	-0.00367842	0.00961407	-0.0132925	0.235083
0	1.82728	0	546.07	0	-0.00206535	-0.000548185	-0.00151717	-0.00206535	15.3812	15.4432	150.796	0	0.241274	-0.0189191	-0.00557745	-0.0133417	0.222355
0	-0.0962301	0	-1163.39	0	-0.00151503	2.8869e-05	-0.0015439	-0.00151503	15.6828	15.9498	150.796	0	0.243788	-0.0395194	-0.0240255	-0.0154939	0.204268
0	-1.20539	0	14.5567	0	-0.00117008	0.000361616	-0.00153169	-0.00117008	15.9844	16.1094	150.796	0	0.246301	-0.0300349	-0.011249	-0.018786	0.216266
0	-1.01333	0	-148.249	0	-0.00121073	0.000303999	-0.00151473	-0.00121073	16.286	16.152	150.796	0	0.248814	-0.00796736	0.0120632	-0.0200305	0.240847
0	-1.87724	0	-363.727	0	-0.000934008	0.000563171	-0.00149718	-0.000934008	16.5876	16.6288	150.796	0	0.251327	-0.023138	-0.00370291	-0.0194351	0.228189
0	-3.24354	0	-224.863	0	-0.000488578	0.000973061	-0.00146164	-0.000488578	16.8892	17.0247	150.796	0	0.253841	-0.0335795	-0.0121898	-0.0213897	0.220261
0	-2.52711	0	1101.52	0	-0.000656366	0.000758132	-0.0014145	-0.000656366	17.1908	16.9789	150.796	0	0.256354	-0.00317166	0.0190723	-0.0222439	0.253182
0	-4.15849	0	-1206.49	0	-0.000122771	0.00124755	-0.00137032	-0.000122771	17.4886	17.9378	143.256	0	0.253181	-0.0624196	-0.0404218	-0.0219978	0.190761
0	-5.85743	0	316.226	0	0.000466013	0.00175723	-0.00129122	0.000466013	17.7601	18.0697	128.176	0	0.244133	-0.0558699	-0.0278696	-0.0280003	0.188263
0	-6.87392	0	-71.6345	0	0.000867552	0.00206218	-0.00119462	0.000867552	18.0013	17.8994	113.097	0	0.234834	-0.0210545	0.00916981	-0.0302243	0.213779
0	-7.71291	0	225.247	0	0.00122993	0.00231387	-0.00108395	0.00122993	18.2125	17.8835	98.017	0	0.225283	0.000305424	0.0296066	-0.0293012	0.225589
0	-8.65561	0	225.247	0	0.00164172	0.00259668	-0.000954966	0.00164172	18.3934	17.7505	82.9373	0	0.215481	0.0321197	0.0578652	-0.0257455	0.247601
0	-9.47557	0	-133.884	0	0.00202396	0.00284267	-0.000818708	0.00202396	18.5442	18.1474	67.8576	0	0.205428	0.0162938	0.0357109	-0.0194171	0.221722
0	-11.6807	0	-995.796	0	0.00284802	0.00350421	-0.000656196	0.00284802	18.6648	19.3766	52.778	0	0.195124	-0.0830726	-0.0640582	-0.0190144	0.112051
0	-11.6411	0	1058.43	0	0.00302386	0.00349233	-0.00046847	0.00302386	18.7553	19.3947	37.6983	0	0.184568	-0.0840745	-0.0575435	-0.0265311	0.100493
0	-12.66	0	244.4	0	0.00351821	0.00379799	-0.000279772	0.00351821	18.8156	19.1467	22.6186	0	0.173761	-0.0621698	-0.0297984	-0.0323714	0.111591
0	-13.8807	0	95.9596	0	0.00409004	0.0041642	-7.41612e-05	0.00409004	18.8458	19.0882	7.53894	0	0.162702	-0.0572749	-0.0218161	-0.0354588	0.105428
0	-12.9011	0	2011.32	0	0.00401873	0.00387034	0.000148389	0.00401873	18.8496	18.7838	0	0	0.15708	-0.0317006	0.00591614	-0.0376168	0.125379
0	-11.7334	0	182.151	0	0.00385833	0.00352001	0.000338317	0.00385833	18.8496	17.9654	0	0	0.15708	0.0450223	0.0795712	-0.0345489	0.202102
0	-13.6287	0	-186.556	0	0.00462633	0.00408862	0.000537703	0.00462633	18.8496	18.057	0	0	0.15708	0.0456212	0.0713342	-0.025713	0.202701
0	-13.8126	0	129.478	0	0.00489669	0.00414379	0.000752902	0.00489669	18.8496	17.9899	0	0	0.15708	0.0596558	0.0773683	-0.0177125	0.216735
0	-14.447	0	19.3451	0	0.0053111	0.0043341	0.000976997	0.0053111	18.8496	17.8909	0	0	0.15708	0.0773888	0.086276	-0.00888721	0.234468
0	-12.1385	0	1020.12	0	0.00484185	0.00364155	0.00120029	0.00484185	18.8496	18.091	0	0	0.15708	0.0692132	0.0682694	0.00094378	0.226293
0	-12.7412	0	124.69	0	0.00522215	0.00382237	0.00139978	0.00522215	18.8496	19.3511	0	0	0.15708	-0.0401281	-0.0451348	0.00500667	0.116952
0	-13.8463	0	-952.701	0	0.00576039	0.0041539	0.00160649	0.00576039	18.8496	19.3468	0	0	0.15708	-0.0453878	-0.0447516	-0.000636182	0.111692
0	-14.1832	0	-244.017	0	0.00608551	0.00425497	0.00183054	0.00608551	18.8496	19.1297	0	0	0.15708	-0.0299322	-0.0252123	-0.00471995	0.127147
0	-11.3738	0	1484.6	0	0.00546096	0.00341214	0.00204882	0.00546096	18.8496	19.2436	0	0	0.15708	-0.0431896	-0.0354608	-0.00772884	0.11389
0	-6.1311	0	3692.05	0	0.00404415	0.00183933	0.00220482	0.00404415	18.8496	18.6338	0	0	0.15708	0.00847068	0.0194213	-0.0109506	0.16555
0	-6.66282	0	-885.663	0	0.00429369	0.00199884	0.00229484	0.00429369	18.8496	18.2389	0	0	0.15708	0.0477966	0.0549557	-0.00715907	0.204876
0	-7.2955	0	-172.191	0	0.00459406	0.00218865	0.0024054	0.00459406	18.8496	17.8994	0	0	0.15708	0.085404	0.0855097	-0.00010571	0.242484
0	-6.32273	0	191.728	0	0.00441575	0.00189682	0.00251893	0.00441575	18.8496	17.9867	0	0	0.15708	0.0868861	0.0776557	0.00923041	0.243966
0	-7.42122	0	-1541.67	0	0.00484506	0.00222637	0.00261869	0.00484506	18.8496	18.0421	0	0	0.15708	0.0905605	0.0726751	0.0178854	0.24764
0	-6.46422	0	282.707	0	0.00467474	0.00193927	0.00273547	0.00467474	18.8496	19.4404	0	0	0.15708	-0.0301198	-0.0531802	0.0230604	0.12696
0	-3.04711	0	431.148	0	0.00373344	0.000914132	0.0028193	0.00373344	18.8496	19.997	0	0	0.15708	-0.0884311	-0.103273	0.0148421	0.0686486
0	-2.19527	0	244.4	0	0.00352379	0.000658582	0.00286521	0.00352379	18.8496	19.7246	0	0	0.15708	-0.0748063	-0.0787536	0.00394734	0.0822734
0	1.11975	0	1786.27	0	0.00255226	-0.000335925	0.00288818	0.00255226	18.8496	19.5831	0	0	0.15708	-0.0703762	-0.0660148	-0.0043614	0.0867034
0	2.18031	0	234.823	0	0.00220912	-0.000654092	0.00286321	0.00220912	18.8496	19.2255	0	0	0.15708	-0.045135	-0.0338324	-0.0113026	0.111945
0	4.74037	0	1240.39	0	0.00139376	-0.00142211	0.00281587	0.00139376	18.8496	18.3379	0	0	0.15708	0.0334502	0.0460483	-0.0125981	0.19053
0	6.2246	0	751.971	0	0.000860929	-0.00186738	0.00272831	0.000860929	18.8496	17.7558	0	0	0.15708	0.0921291	0.0984401	-0.00631098	0.249209
0	6.53003	0	-52.4809	0	0.00066937	-0.00195901	0.00262838	0.00066937	18.8496	17.8707	0	0	0.15708	0.0929248	0.0880958	0.00482901	0.250004
0	4.99872	0	-1235.22	0	0.00102253	-0.00149962	0.00252215	0.00102253	18.8496	17.908	0	0	0.15708	0.0991373	0.0847434	0.0143939	0.256217
0	2.9075	0	-579.205	0	0.00158116	-0.00087225	0.00245341	0.00158116	18.8496	18.7668	0	0	0.15708	0.0298379	0.00744873	0.0223891	0.186917
0	0.484952	0	-1484.21	0	0.00227069	-0.000145486	0.00241618	0.00227069	18.8496	19.7129	0	0	0.15708	-0.0574737	-0.0777	0.0202263	0.099606
0	3.704	0	1829.36	0	0.0012885	-0.0011112	0.0023997	0.0012885	18.8496	19.7672	0	0	0.15708	-0.0715452	-0.0825847	0.0110396	0.0855345
0	3.75266	0	919.565	0	0.00121774	-0.0011258	0.00234354	0.00121774	18.8496	19.7352	0	0	0.15708	-0.077901	-0.0797113	0.00181029	0.0791786
0	3.0945	0	330.591	0	0.00135481	-0.00092835	0.00228316	0.00135481	18.8496	18.6125	0	0	0.15708	0.0162859	0.021337	-0.0050511	0.173366
0	1.95957	0	234.823	0	0.0016515	-0.000587872	0.00223937	0.0016515	18.8496	17.8303	0	0	0.15708	0.0915878	0.0917353	-0.000147483	0.248667
0	0.879728	0	0.191537	0	0.00194733	-0.000263918	0.00221125	0.00194733	18.8496	18.0527	0	0	0.15708	0.0815712	0.0717174	0.00985378	0.238651
0	1.07035	0	660.991	0	0.00187774	-0.000321105	0.00219884	0.00187774	18.8496	18.0208	0	0	0.15708	0.0923119	0.0745906	0.0177213	0.249392
0	-0.53616	0	-890.452	0	0.00234129	0.000160848	0.00218044	0.00234129	18.8496	19.0488	0	0	0.15708	0.00726737	-0.0179329	0.0252003	0.164347
0	-2.7796	0	-344.574	0	0.00303476	0.000833881	0.00220088	0.00303476	18.8496	20.0949	0	0	0.15708	-0.0925383	-0.112085	0.0195468	0.0645414
0	-3.51784	0	52.864	0	0.00330338	0.00105535	0.00224803	0.00330338	18.8496	20.0481	0	0	0.15708	-0.100911	-0.107871	0.00695989	0.0561689
0	-4.0486	0	253.977	0	0.00351985	0.00121458	0.00230527	0.00351985	18.8496	19.9651	0	0	0.15708	-0.105165	-0.1004	-0.004765	0.0519149
0	-3.62932	0	819.009	0	0.00345792	0.0010888	0.00236912	0.00345792	18.8496	19.8331	0	0	0.15708	-0.104337	-0.0885232	-0.0158141	0.0527423
0	-0.40613	0	2346.51	0	0.00254003	0.000121839	0.00241819	0.00254003	18.8496	18.6391	0	0	0.15708	-0.00409485	0.0189425	-0.0230373	0.152985
0	-2.06748	0	48.0756	0	0.00305032	0.000620244	0.00243007	0.00305032	18.8496	18.4635	0	0	0.15708	0.014968	0.034746	-0.0197779	0.172048
0	-3.67648	0	-339.785	0	0.003573	0.00110294	0.00247006	0.003573	18.8496	18.0782	0	0	0.15708	0.0543581	0.0694187	-0.0150606	0.211438
0	-3.12671	0	464.667	0	0.00346535	0.000938013	0.00252734	0.00346535	18.8496	18.2911	0	0	0.15708	0.0424734	0.0502625	-0.00778903	0.199553
0	-3.83395	0	-909.605	0	0.00372542	0.00115019	0.00257523	0.00372542	18.8496	18.2187	0	0	0.15708	0.054731	0.0567756	-0.00204467	0.211811
0	-7.44268	0	-1924.75	0	0.00488275	0.00223281	0.00264995	0.00488275	18.8496	18.6827	0	0	0.15708	0.0187364	0.0150154	0.00372098	0.175816
0	-4.78981	0	732.817	0	0.00419801	0.00143694	0.00276107	0.00419801	18.8496	19.3234	0	0	0.15708	-0.0391814	-0.0426445	0.0034631	0.117898
0	-1.37711	0	1455.87	0	0.00323425	0.000413132	0.00282112	0.00323425	18.8496	19.632	0	0	0.15708	-0.0728771	-0.0704207	-0.00245645	0.0842025
0	1.68888	0	2408.76	0	0.00232442	-0.000506664	0.00283108	0.00232442	18.8496	19.3425	0	0	0.15708	-0.0545962	-0.0443685	-0.0102278	0.102483
0	2.62821	0	277.919	0	0.00200483	-0.000788464	0.0027933	0.00200483	18.8496	18.0144	0	0	0.15708	0.063126	0.0751654	-0.0120394	0.220206
0	4.31417	0	388.052	0	0.00145506	-0.00129425	0.00274931	0.00145506	18.8496	17.5961	0	0	0.15708	0.110913	0.112807	-0.00189447	0.267992
0	4.20802	0	-358.939	0	0.00142228	-0.00126241	0.00268469	0.00142228	18.8496	17.9239	0	0	0.15708	0.0929088	0.0833068	0.00960204	0.249988
0	2.56838	0	-2015.73	0	0.00184927	-0.000770515	0.00261978	0.00184927	18.8496	17.9644	0	0	0.15708	0.0987969	0.0796672	0.0191297	0.255877
0	2.29123	0	-962.278	0	0.00189892	-0.000687368	0.00258628	0.00189892	18.8496	19.4298	0	0	0.15708	-0.0273802	-0.0522223	0.0248421	0.129699
0	6.37015	0	890.835	0	0.000618344	-0.00191105	0.00252939	0.000618344	18.8496	20.0236	0	0	0.15708	-0.0891185	-0.105668	0.0165494	0.0679611
0	7.47783	0	-205.71	0	0.000178222	-0.00224335	0.00242157	0.000178222	18.8496	19.8012	0	0	0.15708	-0.0802878	-0.0856498	0.00536192	0.0767918
0	9.0064	0	215.67	0	-0.000406127	-0.00270192	0.00229579	-0.000406127	18.8496	19.6927	0	0	0.15708	-0.0796782	-0.07588	-0.0037982	0.0774014
0	10.2648	0	948.295	0	-0.000932303	-0.00307945	0.00214715	-0.000932303	18.8496	19.5384	0	0	0.15708	-0.0740777	-0.0619921	-0.0120856	0.0830019
0	12.217	0	1417.56	0	-0.00169374	-0.00366511	0.00197137	-0.00169374	18.8496	18.6934	0	0	0.15708	-0.00293117	0.0140577	-0.0169889	0.154148
0	11.0065	0	-258.382	0	-0.00152018	-0.00330196	0.00178177	-0.00152018	18.8496	18.1644	0	0	0.15708	0.0477924	0.0616603	-0.0138678	0.204872
0	12.2913	0	560.435	0	-0.002085	-0.00368739	0.00160239	-0.002085	18.8496	17.9612	0	0	0.15708	0.0737731	0.0799544	-0.00618125	0.230853
0	10.6448	0	-282.324	0	-0.00177526	-0.00319343	0.00141817	-0.00177526	18.8496	18.0389	0	0	0.15708	0.0752659	0.0729624	0.00230349	0.232346
0	7.12036	0	-2087.55	0	-0.000881933	-0.00213611	0.00125418	-0.000881933	18.8496	18.173	0	0	0.15708	0.0715121	0.0608941	0.010618	0.228592
0	0.997648	0	-3428.31	0	0.00087136	-0.000299294	0.00117065	0.00087136	18.8496	18.9041	0	0	0.15708	0.0105934	-0.00490694	0.0155003	0.167673
0	3.98315	0	1139.83	0	-4.87596e-05	-0.00119495	0.00114619	-4.87596e-05	18.8496	19.3255	0	0	0.15708	-0.0291793	-0.042836	0.0136567	0.1279
0	6.14362	0	1197.29	0	-0.000774743	-0.00184309	0.00106834	-0.000774743	18.8496	19.5628	0	0	0.15708	-0.0555957	-0.0641948	0.00859918	0.101484
0	8.20956	0	3122.23	0	-0.00149706	-0.00246287	0.000965808	-0.00149706	18.8496	19.482	0	0	0.15708	-0.0557471	-0.0569155	0.00116844	0.101333
0	6.84453	0	1125.47	0	-0.00121723	-0.00205336	0.000836132	-0.00121723	18.8496	18.5263	0	0	0.15708	0.0257594	0.0290951	-0.00333569	0.182839
0	4.83985	0	517.339	0	-0.00071806	-0.00145195	0.000733895	-0.00071806	18.8496	17.7909	0	0	0.15708	0.0979806	0.0952793	0.00270133	0.25506
0	3.37133	0	-536.11	0	-0.000316224	-0.0010114	0.000695176	-0.000316224	18.8496	17.8143	0	0	0.15708	0.101167	0.0931721	0.00799462	0.258246
0	0.564754	0	-895.24	0	0.000480985	-0.000169426	0.000650411	0.000480985	18.8496	17.7781	0	0	0.15708	0.114903	0.0964286	0.0184748	0.271983
0	-6.43836	0	-4165.72	0	0.00260508	0.00193151	0.000673573	0.00260508	18.8496	18.5508	0	0	0.15708	0.0549742	0.026892	0.0280823	0.212054
0	-2.92479	0	1364.89	0	0.00163927	0.000877437	0.000761831	0.00163927	18.8496	19.4947	0	0	0.15708	-0.0294637	-0.058065	0.0286013	0.127616
0	-0.588945	0	814.22	0	0.000970101	0.000176684	0.000793417	0.000970101	18.8496	19.8331	0	0	0.15708	-0.0674697	-0.0885232	0.0210535	0.0896099
0	-1.37188	0	167.786	0	0.0012134	0.000411563	0.000801836	0.0012134	18.8496	19.8076	0	0	0.15708	-0.0752836	-0.0862245	0.0109408	0.081796
0	-2.96892	0	110.325	0	0.00172222	0.000890675	0.000831543	0.00172222	18.8496	19.6203	0	0	0.15708	-0.0673999	-0.0693668	0.00196696	0.0896798
0	-2.96225	0	977.026	0	0.00176958	0.000888675	0.000880904	0.00176958	18.8496	19.4692	0	0	0.15708	-0.0613365	-0.0557663	-0.00557021	0.0957432
0	-2.21865	0	1824.57	0	0.00158927	0.000665595	0.000923679	0.00158927	18.8496	18.4433	0	0	0.15708	0.0268109	0.0365659	-0.00975506	0.183891
0	-4.13843	0	-612.724	0	0.00220377	0.00124153	0.000962247	0.00220377	18.8496	17.8558	0	0	0.15708	0.0862243	0.0894368	-0.00321253	0.243304
0	-5.64223	0	-52.4809	0	0.00273014	0.00169267	0.00103747	0.00273014	18.8496	17.9473	0	0	0.15708	0.0872753	0.0811996	0.0060757	0.244355
0	-7.15064	0	-574.417	0	0.00327186	0.00214519	0.00112667	0.00327186	18.8496	17.8856	0	0	0.15708	0.102401	0.0867547	0.0156459	0.25948
0	-13.5628	0	-3902.36	0	0.00534006	0.00406884	0.00127123	0.00534006	18.8496	18.6135	0	0	0.15708	0.044893	0.0212412	0.0236518	0.201973
0	-10.0577	0	1307.43	0	0.00449562	0.00301731	0.0014783	0.00449562	18.8496	19.5043	0	0	0.15708	-0.0353309	-0.0589271	0.0235961	0.121749
0	-4.82641	0	2739.16	0	0.00306321	0.00144792	0.00161528	0.00306321	18.8496	19.6831	0	0	0.15708	-0.0587623	-0.0750181	0.0162558	0.0983174
0	-3.80671	0	416.783	0	0.00283217	0.00114201	0.00169016	0.00283217	18.8496	19.6256	0	0	0.15708	-0.062101	-0.0698459	0.00774488	0.0949786
0	-2.64661	0	541.281	0	0.00254179	0.000793983	0.00174781	0.00254179	18.8496	18.8626	0	0	0.15708	0.000393006	-0.00117159	0.0015646	0.157473
0	0.476684	0	1977.8	0	0.0016352	-0.000143005	0.0017782	0.0016352	18.8496	17.7537	0	0	0.15708	0.103152	0.0986315	0.00452067	0.260232
0	-0.882883	0	-1733.21	0	0.00203634	0.000264865	0.00177147	0.00203634	18.8496	17.6717	0	0	0.15708	0.122141	0.106007	0.0161342	0.27922
0	-2.70266	0	-1785.88	0	0.00259851	0.000810799	0.00178771	0.00259851	18.8496	17.7036	0	0	0.15708	0.131206	0.103133	0.0280724	0.288285
0	-4.25254	0	-1699.69	0	0.00311993	0.00127576	0.00184417	0.00311993	18.8496	18.8647	0	0	0.15708	0.0359602	-0.00136316	0.0373233	0.19304
0	0.131456	0	1647.4	0	0.00185897	-3.94367e-05	0.0018984	0.00185897	18.8496	19.7661	0	0	0.15708	-0.048116	-0.082489	0.034373	0.108964
0	6.64453	0	1393.62	0	-0.000134266	-0.00199336	0.00185909	-0.000134266	18.8496	20.0939	0	0	0.15708	-0.0878618	-0.111989	0.0241273	0.0692178
0	6.93096	0	-526.533	0	-0.000328474	-0.00207929	0.00175081	-0.000328474	18.8496	19.8438	0	0	0.15708	-0.0774297	-0.0894809	0.0120512	0.07965
0	8.90503	0	402.417	0	-0.00103953	-0.00267151	0.00163198	-0.00103953	18.8496	19.7171	0	0	0.15708	-0.0753356	-0.0780831	0.00274746	0.081744
0	11.6518	0	723.24	0	-0.00202031	-0.00349554	0.00147523	-0.00202031	18.8496	19.3787	0	0	0.15708	-0.0536438	-0.0476249	-0.0060189	0.103436
0	13.3944	0	1087.16	0	-0.00273367	-0.00401833	0.00128466	-0.00273367	18.8496	18.207	0	0	0.15708	0.0498123	0.0578291	-0.00801677	0.206892
0	15.1001	0	-416.4	0	-0.00346936	-0.00453002	0.00106067	-0.00346936	18.8496	18.0048	0	0	0.15708	0.0756866	0.0760275	-0.000340846	0.232766
0	14.9434	0	526.916	0	-0.00365537	-0.00448302	0.000827653	-0.00365537	18.8496	18.0601	0	0	0.15708	0.0786693	0.0710469	0.00762242	0.235749
0	12.2936	0	-2360.49	0	-0.00309852	-0.00368809	0.000589564	-0.00309852	18.8391	18.1985	-12.5607	0	0.147572	0.0733194	0.0576538	0.0156655	0.220891
0	8.39964	0	-1709.27	0	-0.00210433	-0.00251989	0.000415568	-0.00210433	18.7989	18.8509	-27.6402	0	0.135927	0.015755	-0.0046776	0.0204326	0.151682
0	9.51599	0	57.6524	0	-0.00257754	-0.0028548	0.000277255	-0.00257754	18.7285	19.714	-42.7196	0	0.124031	-0.0706214	-0.0886878	0.0180664	0.05341
0	9.08854	0	-617.513	0	-0.00260968	-0.00272656	0.000116887	-0.00260968	18.628	19.8076	-57.7991	0	0.111884	-0.0991107	-0.106163	0.00705223	0.0127734
0	7.52322	0	-421.188	0	-0.00227264	-0.00225697	-1.56753e-05	-0.00227264	18.4973	18.9818	-72.8785	0	0.0994856	-0.0469584	-0.0435982	-0.00336015	0.0525272
0	10.5714	0	2839.71	0	-0.00331735	-0.00317141	-0.000145941	-0.00331735	18.3365	17.9378	-87.958	0	0.0868357	0.0309445	0.035887	-0.00494254	0.11778
0	11.4316	0	306.649	0	-0.00376029	-0.00342947	-0.000330825	-0.00376029	18.1455	17.6845	-103.037	0	0.0739345	0.0414217	0.0414935	-7.17864e-05	0.115356
0	9.22315	0	95.9596	0	-0.00326918	-0.00276694	-0.000502241	-0.00326918	17.9244	17.4706	-118.117	0	0.060782	0.0461625	0.0408417	0.0053208	0.106944
0	7.91424	0	0.191537	0	-0.00302014	-0.00237427	-0.000645866	-0.00302014	17.6731	17.4865	-133.196	0	0.0473782	0.0265129	0.0167871	0.00972574	0.073891
0	8.54464	0	2193.28	0	-0.00333237	-0.00256339	-0.000768977	-0.00333237	17.3916	17.4503	-148.276	0	0.033723	0.00633419	-0.00528872	0.0116229	0.0400572
0	7.58627	0	-655.82	0	-0.00318864	-0.00227588	-0.000912759	-0.00318864	17.0904	17.2811	-150.796	0	0.0293228	-0.00576234	-0.0171648	0.0114024	0.0235604
0	6.57615	0	-507.379	0	-0.00299749	-0.00197285	-0.00102464	-0.00299749	16.7888	16.9938	-150.796	0	0.0268095	-0.00814836	-0.0184471	0.0102987	0.0186612
0	8.5716	0	1920.34	0	-0.00369949	-0.00257148	-0.00112801	-0.00369949	16.4872	16.5309	-150.796	0	0.0242963	0.00515874	-0.00392572	0.00908446	0.029455
0	9.83237	0	886.046	0	-0.00422414	-0.00294971	-0.00127443	-0.00422414	16.1856	16.1158	-150.796	0	0.0217831	0.0163388	0.00628572	0.010053	0.0381218
0	10.0148	0	426.359	0	-0.00444098	-0.00300443	-0.00143655	-0.00444098	15.8841	16.0317	-150.796	0	0.0192698	-0.00214026	-0.0132908	0.0111505	0.0171296
0	7.79671	0	-1249.58	0	-0.00392659	-0.00233901	-0.00158757	-0.00392659	15.5825	15.8944	-150.796	0	0.0167566	-0.0185319	-0.028078	0.00954609	-0.00177531
0	6.51874	0	-828.202	0	-0.00366333	-0.00195562	-0.0017077	-0.00366333	15.2809	15.6444	-150.796	0	0.0142433	-0.0254669	-0.0327127	0.00724576	-0.0112236
0	8.85127	0	1815	0	-0.00447749	-0.00265538	-0.00182211	-0.00447749	14.9793	15.29	-150.796	0	0.0117301	-0.0239614	-0.0279609	0.00399946	-0.0122313
0	13.5361	0	2523.68	0	-0.00604957	-0.00406084	-0.00198872	-0.00604957	14.6777	14.5014	-150.796	0	0.00921685	0.0192044	0.0158693	0.0033351	0.0284213
0	12.6706	0	-603.147	0	-0.00600746	-0.00380117	-0.00220629	-0.00600746	14.3761	14.5674	-150.796	0	0.00670361	-0.0121191	-0.0172121	0.00509303	-0.0054155
0	12.1095	0	-363.727	0	-0.00603654	-0.00363286	-0.00240368	-0.00603654	14.0745	14.3492	-150.796	0	0.00419037	-0.0211991	-0.0247202	0.00352113	-0.0170087
0	14.1475	0	1020.12	0	-0.00684993	-0.00424424	-0.00260569	-0.00684993	13.7729	13.8267	-150.796	0	0.00167713	-0.00318267	-0.0048351	0.00165243	-0.00150555
0	14.0358	0	-416.4	0	-0.00704585	-0.00421074	-0.00283511	-0.00704585	13.4713	13.3552	-150.796	0	-0.000836116	0.0131428	0.0104525	0.00269025	0.0123067
0	14.4038	0	24.1336	0	-0.00738057	-0.00432115	-0.00305942	-0.00738057	13.1698	13.1711	-150.796	0	-0.00334936	0.00389609	-0.000120506	0.0040166	0.000546735
0	16.6076	0	1144.62	0	-0.00828272	-0.00498227	-0.00330045	-0.00828272	12.8682	12.9114	-150.796	0	-0.0058626	0.00103075	-0.00389302	0.00492377	-0.00483185
0	17.03	0	86.3828	0	-0.00867801	-0.005109	-0.00356901	-0.00867801	12.5666	12.6049	-150.796	0	-0.00837584	0.00158795	-0.00345134	0.00503929	-0.00678789
0	17.4152	0	162.997	0	-0.00907055	-0.00522457	-0.00384597	-0.00907055	12.265	12.2112	-150.796	0	-0.0108891	0.0102504	0.00484428	0.00540608	-0.000638714
0	16.2064	0	-1048.47	0	-0.00897937	-0.00486193	-0.00411744	-0.00897937	11.9634	11.4854	-150.796	0	-0.0134023	0.0508409	0.0430235	0.00781738	0.0374385
0	18.2426	0	1106.31	0	-0.00985496	-0.00547278	-0.00438218	-0.00985496	11.6618	11.5364	-150.796	0	-0.0159156	0.0241736	0.0112831	0.0128904	0.00825799
0	19.1989	0	292.284	0	-0.0104388	-0.00575967	-0.00467917	-0.0104388	11.3602	11.4098	-150.796	0	-0.0184288	0.00976175	-0.00446217	0.0142239	-0.00866705
0	21.4805	0	1537.27	0	-0.0114385	-0.00644414	-0.00499435	-0.0114385	11.0586	11.1821	-150.796	0	-0.0209421	0.00297651	-0.0111081	0.0140846	-0.0179655
0	21.8463	0	-200.921	0	-0.0118987	-0.0065539	-0.00534482	-0.0118987	10.757	10.618	-150.796	0	-0.0234553	0.0267144	0.0125124	0.014202	0.00325907
0	20.8726	0	-454.707	0	-0.0119501	-0.00626179	-0.00568832	-0.0119501	10.4555	10.2764	-150.796	0	-0.0259685	0.0328191	0.0161147	0.0167043	0.00685053
0	21.0895	0	-71.6345	0	-0.0123478	-0.00632685	-0.00602099	-0.0123478	10.1539	10.2679	-150.796	0	-0.0284818	0.00833406	-0.0102619	0.018596	-0.0201477
0	22.3839	0	617.896	0	-0.0130811	-0.00671517	-0.00636597	-0.0130811	9.85228	9.73046	-150.796	0	-0.030995	0.0293403	0.010964	0.0183763	-0.00165469
0	21.4162	0	-569.628	0	-0.0131469	-0.00642486	-0.00672204	-0.0131469	9.55069	9.32392	-150.796	0	-0.0335083	0.041286	0.0204091	0.0208769	0.00777775
0	21.832	0	397.629	0	-0.0136136	-0.00654959	-0.007064	-0.0136136	9.2491	9.21431	-150.796	0	-0.0360215	0.0264677	0.00313153	0.0233362	-0.0095538
0	23.5742	0	1197.29	0	-0.014496	-0.00707225	-0.00742376	-0.014496	8.94751	8.82054	-150.796	0	-0.0385347	0.0360691	0.0114272	0.0246419	-0.00246568
0	23.4209	0	344.957	0	-0.0148258	-0.00702627	-0.00779956	-0.0148258	8.64592	8.59493	-150.796	0	-0.041048	0.0311131	0.00458954	0.0265235	-0.00993492
0	22.2704	0	-746.799	0	-0.0148548	-0.00668113	-0.00817368	-0.0148548	8.34433	8.30652	-150.796	0	-0.0435612	0.0309898	0.00340293	0.0275869	-0.0125714
0	21.2466	0	-162.614	0	-0.0148962	-0.00637397	-0.00852224	-0.0148962	8.04274	7.86274	-150.796	0	-0.0460745	0.0452934	0.0162004	0.0290931	-0.000781037
0	22.2754	0	388.052	0	-0.015551	-0.00668261	-0.0088684	-0.015551	7.74115	7.61584	-150.796	0	-0.0485877	0.0429217	0.0112783	0.0316434	-0.00566606
0	22.7052	0	230.035	0	-0.0160402	-0.00681157	-0.00922864	-0.0160402	7.43957	7.52432	-150.796	0	-0.051101	0.0255722	-0.00762765	0.0331998	-0.0255288
0	20.7135	0	-1091.56	0	-0.015798	-0.00621405	-0.00958394	-0.015798	7.13798	7.19441	-150.796	0	-0.0536142	0.0278642	-0.00507877	0.032943	-0.02575
0	22.1165	0	397.629	0	-0.0165567	-0.00663495	-0.00992178	-0.0165567	6.83639	6.73785	-150.796	0	-0.0561274	0.0424598	0.00886794	0.0335919	-0.0136676
0	24.1262	0	1700.07	0	-0.0175258	-0.00723786	-0.010288	-0.0175258	6.5348	6.44094	-150.796	0	-0.0586407	0.0439294	0.00844763	0.0354818	-0.0147113
0	21.8995	0	-1263.95	0	-0.017237	-0.00656985	-0.0106672	-0.017237	6.23321	6.25683	-150.796	0	-0.0611539	0.0347047	-0.00212543	0.0368301	-0.0264492
0	22.0718	0	230.035	0	-0.0176407	-0.00662155	-0.0110192	-0.0176407	5.93162	6.13763	-150.796	0	-0.0636672	0.0184467	-0.018541	0.0369877	-0.0452204
0	21.665	0	-66.8461	0	-0.0178716	-0.00649949	-0.0113721	-0.0178716	5.63003	5.77792	-150.796	0	-0.0661804	0.0222186	-0.0133103	0.0355289	-0.0439618
0	21.2932	0	196.516	0	-0.018106	-0.00638797	-0.0117181	-0.018106	5.32844	5.36394	-150.796	0	-0.0686937	0.0320312	-0.00319479	0.035226	-0.0366625
0	20.4251	0	-176.979	0	-0.0181831	-0.00612753	-0.0120555	-0.0181831	5.02685	5.133	-150.796	0	-0.0712069	0.0259508	-0.00955343	0.0355042	-0.0452561
0	20.3498	0	340.168	0	-0.0184868	-0.00610495	-0.0123819	-0.0184868	4.72526	4.95953	-150.796	0	-0.0737201	0.013832	-0.0210843	0.0349163	-0.0598881
0	19.5976	0	-133.884	0	-0.0185835	-0.00587929	-0.0127042	-0.0185835	4.42368	4.7403	-150.796	0	-0.0762334	0.0045453	-0.0284966	0.0330419	-0.0716881
0	19.6735	0	512.551	0	-0.0189204	-0.00590206	-0.0130184	-0.0189204	4.12209	4.21777	-150.796	0	-0.0787466	0.0222751	-0.00861144	0.0308866	-0.0564715
0	18.4256	0	-516.956	0	-0.0188581	-0.00552767	-0.0133304	-0.0188581	3.8205	3.64522	-150.796	0	-0.0812599	0.0474717	0.0157753	0.0316964	-0.0337882
0	17.2314	0	-698.915	0	-0.0187883	-0.00516942	-0.0136189	-0.0187883	3.51891	3.4909	-150.796	0	-0.0837731	0.0364699	0.00252048	0.0339494	-0.0473032
0	17.8608	0	608.319	0	-0.0192554	-0.00535825	-0.0138971	-0.0192554	3.21732	3.27061	-150.796	0	-0.0862863	0.0298538	-0.004796	0.0346498	-0.0564326
0	17.7088	0	81.5944	0	-0.0194972	-0.00531265	-0.0141845	-0.0194972	2.91573	2.90558	-150.796	0	-0.0887996	0.0358553	0.000913603	0.0349417	-0.0529443
0	16.3876	0	-311.055	0	-0.0193776	-0.00491627	-0.0144613	-0.0193776	2.61414	2.49053	-150.796	0	-0.0913128	0.0472642	0.0111249	0.0361393	-0.0440486
0	16.2718	0	139.055	0	-0.0196049	-0.00488153	-0.0147234	-0.0196049	2.31255	2.23193	-150.796	0	-0.0938261	0.0453396	0.00725649	0.0380832	-0.0484864
0	15.7736	0	115.113	0	-0.0197139	-0.00473208	-0.0149818	-0.0197139	2.01096	1.90734	-150.796	0	-0.0963393	0.0489502	0.00932646	0.0396237	-0.0473891
0	15.3724	0	-66.8461	0	-0.0198443	-0.00461171	-0.0152326	-0.0198443	1.70937	1.57423	-150.796	0	-0.0988526	0.0537166	0.0121627	0.041554	-0.0451359
0	15.6475	0	598.742	0	-0.0201751	-0.00469425	-0.0154809	-0.0201751	1.40945	1.3401	-145.788	0	-0.0975952	0.0497371	0.00624111	0.043496	-0.0478581
0	14.7242	0	-425.976	0	-0.0201462	-0.00441727	-0.015729	-0.0201462	1.13296	0.915478	-130.708	0	-0.0885898	0.0646832	0.0195732	0.04511	-0.0239066
0	14.0467	0	100.748	0	-0.0201737	-0.004214	-0.0159597	-0.0201737	0.886624	0.619624	-115.629	0	-0.0793329	0.0722993	0.0240301	0.0482692	-0.00703366
0	14.0432	0	14.5567	0	-0.0203994	-0.00421295	-0.0161865	-0.0203994	0.670449	0.612174	-100.549	0	-0.0698248	0.0562372	0.00524476	0.0509925	-0.0135876
0	13.2805	0	-397.246	0	-0.0203918	-0.00398416	-0.0164076	-0.0203918	0.484433	0.503623	-85.4697	0	-0.0600654	0.050029	-0.00172714	0.0517561	-0.0100364
0	12.7905	0	-176.979	0	-0.0204558	-0.00383714	-0.0166187	-0.0204558	0.328575	0.375916	-70.3903	0	-0.0500546	0.0476813	-0.00426073	0.051942	-0.00237331
0	12.1262	0	-282.324	0	-0.0204583	-0.00363787	-0.0168204	-0.0204583	0.202875	0.313127	-55.3108	0	-0.0397925	0.0416896	-0.00992265	0.0516123	0.00189713
0	11.8187	0	-157.826	0	-0.0205589	-0.00354562	-0.0170133	-0.0205589	0.107334	0.222668	-40.2314	0	-0.0292791	0.0403692	-0.01038	0.0507492	0.0110901
0	11.2912	0	-330.208	0	-0.0205868	-0.00338736	-0.0171995	-0.0205868	0.0419519	0.163071	-25.1519	0	-0.0185143	0.0388548	-0.0109007	0.0497555	0.0203404
0	10.9521	0	-157.826	0	-0.0206628	-0.00328562	-0.0173772	-0.0206628	0.00672793	0.113053	-10.0725	0	-0.00749829	0.0390868	-0.00956922	0.0486561	0.0315885
0	10.5195	0	-368.516	0	-0.0207067	-0.00315585	-0.0175508	-0.0207067	0	0.0194008	0	0	0	0.0460596	-0.00174607	0.0478057	0.0460596
0	9.53784	0	-497.802	0	-0.020576	-0.00286135	-0.0177146	-0.020576	0	-0.0848932	0	0	0	0.0555181	0.00764039	0.0478777	0.0555181
0	8.84368	0	-402.034	0	-0.0205178	-0.0026531	-0.0178647	-0.0205178	0	-0.203022	0	0	0	0.06727	0.018272	0.048998	0.06727
0	7.64803	0	-579.205	0	-0.0202953	-0.00229441	-0.0180009	-0.0202953	0	-0.320087	0	0	0	0.0801553	0.0288078	0.0513475	0.0801553
0	6.68788	0	-488.226	0	-0.0201261	-0.00200636	-0.0181197	-0.0201261	0	-0.404161	0	0	0	0.091141	0.0363745	0.0547665	0.091141
0	5.68153	0	-493.014	0	-0.0199269	-0.00170446	-0.0182224	-0.0199269	0	-0.48717	0	0	0	0.102877	0.0438453	0.0590316	0.102877
0	5.21337	0	-176.979	0	-0.0198751	-0.00156401	-0.0183111	-0.0198751	0	-0.508455	0	0	0	0.109776	0.0457609	0.0640151	0.109776
0	4.91734	0	-71.6345	0	-0.0198695	-0.0014752	-0.0183943	-0.0198695	0	-0.486106	0	0	0	0.112791	0.0437496	0.0690411	0.112791
0	2.6729	0	-1120.29	0	-0.0192676	-0.00080187	-0.0184658	-0.0192676	0	-0.149811	0	0	0	0.0869382	0.013483	0.0734552	0.0869382
0	-0.359943	0	-1670.96	0	-0.0183864	0.000107983	-0.0184944	-0.0183864	0	0.24076	0	0	0	0.0520398	-0.0216684	0.0737082	0.0520398
0	-0.89508	0	-550.475	0	-0.018217	0.000268524	-0.0184855	-0.018217	0	0.298228	0	0	0	0.0441674	-0.0268405	0.0710079	0.0441674
0	-0.785602	0	43.2872	0	-0.018237	0.000235681	-0.0184727	-0.018237	0	0.248209	0	0	0	0.0458305	-0.0223388	0.0681693	0.0458305
0	-1.44156	0	-244.017	0	-0.0180259	0.000432467	-0.0184584	-0.0180259	0	0.197126	0	0	0	0.0480469	-0.0177414	0.0657883	0.0480469
0	-2.15104	0	-253.594	0	-0.0177868	0.000645311	-0.0184321	-0.0177868	0	0.129016	0	0	0	0.0523759	-0.0116114	0.0639873	0.0523759
0	-2.63257	0	24.1336	0	-0.0176053	0.000789771	-0.018395	-0.0176053	0	0.0896397	0	0	0	0.0547573	-0.00806757	0.0628249	0.0547573
0	-2.89531	0	191.728	0	-0.0174829	0.000868594	-0.0183515	-0.0174829	0	0.067291	0	0	0	0.0559361	-0.00605619	0.0619923	0.0559361
0	-3.19029	0	91.1712	0	-0.0173473	0.000957086	-0.0183044	-0.0173473	0	0.0449422	0	0	0	0.0573331	-0.0040448	0.0613779	0.0573331
0	-3.47252	0	-9.38527	0	-0.0172101	0.00104176	-0.0182518	-0.0172101	0	0.0353642	0	0	0	0.0577777	-0.00318278	0.0609604	0.0577777
0	-3.84409	0	-9.38527	0	-0.0170407	0.00115323	-0.0181939	-0.0170407	0	0.0247219	0	0	0	0.0584031	-0.00222498	0.0606281	0.0584031
0	-3.92222	0	139.055	0	-0.0169558	0.00117667	-0.0181324	-0.0169558	0	0.0172724	0	0	0	0.0588476	-0.00155451	0.0604022	0.0588476
0	-3.77248	0	158.209	0	-0.0169386	0.00113174	-0.0180703	-0.0169386	0	0.00875857	0	0	0	0.0594571	-0.000788271	0.0602454	0.0594571
0	-3.6209	0	143.844	0	-0.0169248	0.00108627	-0.0180111	-0.0169248	0	0.00450167	0	0	0	0.0597686	-0.00040515	0.0601738	0.0597686
0	-3.57778	0	57.6524	0	-0.0168802	0.00107334	-0.0179535	-0.0168802	0	0.00130899	0	0	0	0.0600163	-0.000117809	0.0601341	0.0600163
0	-3.35334	0	52.864	0	-0.0168919	0.001006	-0.0178979	-0.0168919	0	0.00343744	0	0	0	0.0598169	-0.00030937	0.0601263	0.0598169
0	-3.088	0	153.42	0	-0.0169189	0.000926401	-0.0178453	-0.0169189	0	0.00556589	0	0	0	0.059591	-0.000500931	0.0600919	0.059591
0	-2.85819	0	139.055	0	-0.0169392	0.000857457	-0.0177967	-0.0169392	0	0.0140797	0	0	0	0.0587425	-0.00126717	0.0600097	0.0587425
0	-2.51534	0	110.325	0	-0.0169976	0.000754601	-0.0177522	-0.0169976	0	0.010887	0	0	0	0.0588944	-0.000979832	0.0598742	0.0588944
0	-2.33101	0	81.5944	0	-0.0170142	0.000699302	-0.0177135	-0.0170142	0	0.00130899	0	0	0	0.0596741	-0.000117809	0.0597919	0.0596741
0	-2.14006	0	33.7104	0	-0.0170351	0.000642018	-0.0176771	-0.0170351	0	-0.00294791	0	0	0	0.0600548	0.000265312	0.0597895	0.0600548
0	-1.9049	0	52.864	0	-0.0170732	0.000571469	-0.0176446	-0.0170732	0	-0.00826903	0	0	0	0.0605845	0.000744213	0.0598402	0.0605845
0	-1.62504	0	43.2872	0	-0.0171272	0.000487513	-0.0176148	-0.0171272	0	-0.00614058	0	0	0	0.0604649	0.000552652	0.0599123	0.0604649
0	-1.41744	0	33.7104	0	-0.0171642	0.000425233	-0.0175894	-0.0171642	0	-0.00614058	0	0	0	0.060521	0.000552652	0.0599684	0.060521
0	-1.1956	0	-23.7505	0	-0.0172092	0.000358681	-0.0175678	-0.0172092	0	-0.00826903	0	0	0	0.0607846	0.000744213	0.0600404	0.0607846
0	-1.00935	0	-23.7505	0	-0.0172464	0.000302806	-0.0175492	-0.0172464	0	-0.00614058	0	0	0	0.0606651	0.000552652	0.0601125	0.0606651
0	-0.754404	0	0.191537	0	-0.0173076	0.000226321	-0.0175339	-0.0173076	0	-0.00933326	0	0	0	0.0610192	0.000839993	0.0601792	0.0610192
0	-0.576512	0	19.3451	0	-0.0173493	0.000172954	-0.0175223	-0.0173493	0	-0.0125259	0	0	0	0.0614105	0.00112733	0.0602832	0.0614105
0	-0.486789	0	-33.3273	0	-0.0173675	0.000146037	-0.0175135	-0.0173675	0	-0.0157186	0	0	0	0.0618231	0.00141468	0.0604084	0.0618231
0	-0.458176	0	-47.6925	0	-0.0173684	0.000137453	-0.0175059	-0.0173684	0	-0.0189113	0	0	0	0.0622836	0.00170202	0.0605816	0.0622836
0	-0.321878	0	-42.9041	0	-0.0174026	9.65633e-05	-0.0174991	-0.0174026	0	-0.0167828	0	0	0	0.0622812	0.00151046	0.0607707	0.0622812
0	-0.281776	0	-23.7505	0	-0.01741	8.45328e-05	-0.0174945	-0.01741	0	-0.0178471	0	0	0	0.0625501	0.00160624	0.0609438	0.0625501
0	-0.0212987	0	0.191537	0	-0.0174841	6.38961e-06	-0.0174905	-0.0174841	0	-0.0157186	0	0	0	0.062521	0.00141468	0.0611064	0.062521
0	-0.0256926	0	-28.5389	0	-0.0174818	7.70778e-06	-0.0174895	-0.0174818	0	-0.0178471	0	0	0	0.0628751	0.00160624	0.0612689	0.0628751
0	-0.109145	0	-33.3273	0	-0.0174557	3.27435e-05	-0.0174884	-0.0174557	0	-0.0189113	0	0	0	0.0631493	0.00170202	0.0614473	0.0631493
0	-0.0469469	0	-28.5389	0	-0.0174732	1.40841e-05	-0.0174873	-0.0174732	0	-0.0178471	0	0	0	0.0632427	0.00160624	0.0616364	0.0632427
0	-0.0734275	0	-14.1737	0	-0.0174649	2.20282e-05	-0.017487	-0.0174649	0	-0.0167828	0	0	0	0.06332	0.00151046	0.0618096	0.06332
0	0.11087	0	9.76834	0	-0.01752	-3.32611e-05	-0.0174867	-0.01752	0	-0.0157186	0	0	0	0.0633868	0.00141468	0.0619721	0.0633868
0	0.118402	0	-9.38527	0	-0.0175237	-3.55205e-05	-0.0174882	-0.0175237	0	-0.0114617	0	0	0	0.0631502	0.00103155	0.0621186	0.0631502
0	-0.0327635	0	-47.6925	0	-0.0174793	9.82905e-06	-0.0174892	-0.0174793	0	-0.0157186	0	0	0	0.0636639	0.00141468	0.0622492	0.0636639
0	-0.00762954	0	-14.1737	0	-0.0174866	2.28886e-06	-0.0174889	-0.0174866	0	-0.0114617	0	0	0	0.063422	0.00103155	0.0623904	0.063422
0	0.16926	0	-9.38527	0	-0.0175408	-5.0778e-05	-0.01749	-0.0175408	0	-0.00720481	0	0	0	0.0631429	0.000648433	0.0624944	0.0631429
