0	46.8548	0	2204.96	0	-0	-0	-0	0	18.0013	18.374	113.097	0	0.234834	-0.0380516	-0.0149061	-0.0231455	0.196782
0	24.3372	0	-3430.99	0	0	-0	-0	0	18.2125	18.4793	98.017	0	0.225283	-0.035625	-0.0106758	-0.0249492	0.189658
0	21.2732	0	-2439.79	0	0	-0	-0	0	18.3934	18.6486	82.9373	0	0.220414	-0.0394242	-0.0136743	-0.0257499	0.180989
0	-529.906	0	-701.597	0	0	0	-0	0	18.5442	18.3772	67.8576	0	0.205428	-0.0208804	0.00668083	-0.0275613	0.184548
0	256.368	0	1127.57	0	-0	-0	-0	0	18.6648	18.3687	52.778	0	0.195124	-0.0144914	0.0118468	-0.0263381	0.180632
0	138.218	0	1841.05	0	-0	-0	-0	0	18.7553	18.4953	37.6983	0	0.189877	-0.0167083	0.00874138	-0.0254496	0.173169
0	46.2265	0	-759.058	0	0	-0	-0	0	18.8156	18.5102	22.6186	0	0.179196	-0.0131465	0.0111613	-0.0243078	0.166049
0	21.2153	0	-1127.76	0	0	-0	-0	0	18.8458	18.4932	7.53894	0	0.168263	-0.00861189	0.013652	-0.0222639	0.159651
0	14.5975	0	514.658	0	-0	-0	-0	0	18.8496	18.7411	0	0	0.15708	-0.0155843	0.00433647	-0.0199208	0.141495
0	13.0928	0	1280.8	0	-0	-0	-0	0	18.8496	18.5219	0	0	0.15708	-0.00607519	0.0131057	-0.0191809	0.151004
0	12.7713	0	-74.316	0	0	-0	-0	0	18.8496	18.4315	0	0	0.15708	-0.000232343	0.0167241	-0.0169564	0.156847
0	14.7964	0	-270.641	0	0	-0	-0	0	18.8496	18.3516	0	0	0.15708	0.0055743	0.0199168	-0.0143425	0.162654
0	112.254	0	-246.699	0	0	-0	-0	0	18.8496	18.2963	0	0	0.15708	0.0109126	0.0221303	-0.0112177	0.167992
0	104.944	0	-342.467	0	0	-0	-0	0	18.8496	18.2601	0	0	0.15708	0.0157147	0.0235777	-0.007863	0.172794
0	34.467	0	950.402	0	-0	-0	-0	0	18.8496	18.3069	0	0	0.15708	0.017308	0.0217046	-0.00439659	0.174388
0	17.5064	0	-12.0668	0	0	-0	-0	0	18.8496	18.5251	0	0	0.15708	0.0115593	0.012978	-0.00141865	0.168639
0	14.0513	0	-332.89	0	0	-0	-0	0	18.8496	18.5304	0	0	0.15708	0.0123199	0.0127652	-0.000445304	0.1694
0	-30.486	0	663.098	0	0	0	-0	0	18.8496	18.623	0	0	0.15708	0.0104705	0.00906166	0.00140882	0.16755
0	5.97602	0	-1597.03	0	0	-0	-0	0	18.8496	18.9912	0	0	0.15708	-0.00398186	-0.00566719	0.00168533	0.153098
0	10.351	0	289.603	0	-0	-0	-0	0	18.8496	18.8731	0	0	0.15708	0.000139003	-0.000942078	0.00108108	0.157219
0	11.0438	0	-409.504	0	0	-0	-0	0	18.8496	18.8476	0	0	0.15708	0.00109	7.95746e-05	0.00101042	0.15817
0	10.2646	0	-356.832	0	0	-0	-0	0	18.8496	18.7858	0	0	0.15708	0.0037238	0.0025486	0.0011752	0.160803
0	11.0123	0	-280.217	0	0	-0	-0	0	18.8496	18.64	0	0	0.15708	0.0101584	0.00838058	0.00177778	0.167238
0	7.44904	0	246.507	0	-0	-0	-0	0	18.8496	18.6347	0	0	0.15708	0.0109997	0.00859337	0.00240632	0.168079
0	7.69703	0	-103.046	0	0	-0	-0	0	18.8496	18.5102	0	0	0.15708	0.0183416	0.0135739	0.00476765	0.175421
0	-318.725	0	179.469	0	0	0	-0	0	18.8496	18.4857	0	0	0.15708	0.0214111	0.0145531	0.00685801	0.178491
0	-71.3319	0	1587.26	0	0	0	-0	0	18.8496	18.7454	0	0	0.15708	0.0129678	0.00416626	0.00880152	0.170047
0	813.077	0	2238.48	0	-0	-0	-0	0	18.8496	18.904	0	0	0.15708	0.00685724	-0.00217651	0.00903376	0.163937
0	-411.376	0	-811.73	0	0	0	-0	0	18.8496	18.9242	0	0	0.15708	0.00588514	-0.00298538	0.00887052	0.162965
0	-98.0757	0	-1573.09	0	0	0	-0	0	18.8496	19.269	0	0	0.15708	-0.00885307	-0.0167777	0.00792465	0.148227
0	-6.04719	0	112.432	0	0	0	-0	0	18.8496	19.2754	0	0	0.15708	-0.0133369	-0.0170332	0.0036963	0.143743
0	567.79	0	-184.449	0	0	-0	-0	0	18.8496	19.3297	0	0	0.15708	-0.0180948	-0.0192042	0.0011094	0.138985
0	-400.832	0	371.005	0	0	0	-0	0	18.8496	19.3297	0	0	0.15708	-0.0210297	-0.0192042	-0.0018255	0.13605
0	-95.3786	0	964.768	0	0	0	-0	0	18.8496	19.2764	0	0	0.15708	-0.0217691	-0.0170757	-0.00469335	0.135311
0	-42.7963	0	2492.27	0	0	0	-0	0	18.8496	19.0572	0	0	0.15708	-0.0142805	-0.0083065	-0.00597403	0.142799
0	-323.987	0	50.1825	0	0	0	-0	0	18.8496	18.7199	0	0	0.15708	-0.000758713	0.00518784	-0.00594655	0.156321
0	-76.6902	0	98.0665	0	0	0	-0	0	18.8496	18.8454	0	0	0.15708	-0.00525907	0.000164719	-0.00542379	0.151821
0	1486.6	0	165.104	0	-0	-0	-0	0	18.8496	18.8657	0	0	0.15708	-0.00603997	-0.000644073	-0.00539589	0.15104
0	-753.794	0	102.855	0	0	0	-0	0	18.8496	18.9061	0	0	0.15708	-0.00770586	-0.00226166	-0.0054442	0.149374
0	-86.9839	0	1122.78	0	0	0	-0	0	18.8496	18.8273	0	0	0.15708	-0.00488584	0.000888443	-0.00577429	0.152194
0	-16.1084	0	-615.406	0	0	0	-0	0	18.8496	18.8178	0	0	0.15708	-0.00445571	0.00127151	-0.00572723	0.152624
0	-3.95243	0	-299.371	0	0	0	-0	0	18.8496	18.7518	0	0	0.15708	-0.00172104	0.00391083	-0.00563186	0.155359
0	6.92478	0	303.968	0	-0	-0	-0	0	18.8496	18.8082	0	0	0.15708	-0.00335268	0.00165466	-0.00500734	0.153727
0	8.87828	0	260.872	0	-0	-0	-0	0	18.8496	18.756	0	0	0.15708	-0.000903747	0.00374046	-0.00464421	0.156176
0	10.5708	0	184.258	0	-0	-0	-0	0	18.8496	18.7475	0	0	0.15708	1.06758e-05	0.00408104	-0.00407036	0.15709
0	2006.68	0	284.814	0	-0	-0	-0	0	18.8496	18.7465	0	0	0.15708	0.000359402	0.00412369	-0.00376429	0.157439
0	-487.505	0	270.449	0	0	0	-0	0	18.8496	18.7294	0	0	0.15708	0.00168457	0.00480476	-0.00312019	0.158764
0	-1112.48	0	-610.617	0	0	0	-0	0	18.8496	18.7401	0	0	0.15708	0.00227287	0.00437904	-0.00210617	0.159353
0	-268.395	0	-50.374	0	0	0	-0	0	18.8496	18.7528	0	0	0.15708	0.00260411	0.00386826	-0.00126414	0.159684
0	-55.9297	0	912.095	0	0	0	-0	0	18.8496	18.9923	0	0	0.15708	-0.00693012	-0.00570984	-0.00122028	0.15015
0	-1.47471	0	212.988	0	0	0	-0	0	18.8496	18.8401	0	0	0.15708	-0.00145015	0.000377579	-0.00182773	0.155629
0	2436.16	0	1888.93	0	-0	-0	-0	0	18.8496	19.0232	0	0	0.15708	-0.00880484	-0.00694435	-0.00186049	0.148275
0	-586.919	0	-294.583	0	0	0	-0	0	18.8496	18.8603	0	0	0.15708	-0.00328227	-0.000431213	-0.00285106	0.153797
0	-2553.62	0	423.678	0	0	0	-0	0	18.8496	18.772	0	0	0.15708	0.000380968	0.00310196	-0.00272099	0.157461
0	587.809	0	-1051.15	0	0	-0	-0	0	18.8496	18.441	0	0	0.15708	0.014379	0.0163409	-0.00196197	0.171459
0	161.441	0	-830.884	0	0	-0	-0	0	18.8496	18.0462	0	0	0.15708	0.0332522	0.0321341	0.00111812	0.190332
0	94.0523	0	-50.374	0	0	-0	-0	0	18.8496	17.9717	0	0	0.15708	0.038642	0.0351138	0.00352818	0.195722
0	33.083	0	1941.6	0	-0	-0	-0	0	18.8496	18.0962	0	0	0.15708	0.0414823	0.0301334	0.011349	0.198562
0	1092.91	0	485.927	0	-0	-0	-0	0	18.8496	18.7369	0	0	0.15708	0.0194658	0.00450668	0.0149591	0.176545
0	292.077	0	691.829	0	-0	-0	-0	0	18.8496	18.8752	0	0	0.15708	0.0142215	-0.00102722	0.0152488	0.171301
0	-1879.97	0	-2.48997	0	0	0	-0	0	18.8496	18.5719	0	0	0.15708	0.0266115	0.011105	0.0155065	0.183691
0	536.688	0	-179.661	0	0	-0	-0	0	18.8496	18.473	0	0	0.15708	0.0324501	0.0150639	0.0173862	0.18953
0	155.383	0	1208.98	0	-0	-0	-0	0	18.8496	18.6794	0	0	0.15708	0.0262629	0.0068055	0.0194574	0.183343
0	58.1917	0	-1175.65	0	0	-0	-0	0	18.8496	18.8646	0	0	0.15708	0.0193244	-0.000601501	0.0199259	0.176404
0	-1686.77	0	141.162	0	0	0	-0	0	18.8496	18.6486	0	0	0.15708	0.0283003	0.00804001	0.0202603	0.18538
0	459.507	0	1453.18	0	-0	-0	-0	0	18.8496	18.6071	0	0	0.15708	0.0313612	0.00970016	0.0216611	0.188441
0	133.771	0	-553.156	0	0	-0	-0	0	18.8496	18.6911	0	0	0.15708	0.0291532	0.0063372	0.022816	0.186233
0	79.3384	0	-610.617	0	0	-0	-0	0	18.8496	18.6305	0	0	0.15708	0.0320548	0.00876358	0.0232913	0.189134
0	40.9087	0	1165.88	0	-0	-0	-0	0	18.8496	19.12	0	0	0.15708	0.0132769	-0.010818	0.024095	0.170357
0	29.333	0	-280.217	0	0	-0	-0	0	18.8496	18.9753	0	0	0.15708	0.0172232	-0.00502876	0.022252	0.174303
0	26.9811	0	423.678	0	-0	-0	-0	0	18.8496	18.7752	0	0	0.15708	0.0249827	0.00297424	0.0220085	0.182062
0	23.6782	0	-1079.88	0	0	-0	-0	0	18.8496	18.7624	0	0	0.15708	0.0263671	0.00348511	0.022882	0.183447
0	22.5466	0	438.043	0	-0	-0	-0	0	18.8496	18.7007	0	0	0.15708	0.0291514	0.00595413	0.0231973	0.186231
0	24.9384	0	1812.31	0	-0	-0	-0	0	18.8496	18.789	0	0	0.15708	0.0266773	0.00242088	0.0242564	0.183757
0	24.9384	0	1812.31	0	-0	-0	-0	0	18.8496	18.789	0	0	0.15708	0.0266773	0.00242088	0.0242564	0.183757
0	21.6774	0	-1563.51	0	0	-0	-0	0	18.8496	19.2115	0	0	0.15708	0.00936474	-0.014479	0.0238437	0.166444
0	22.6414	0	150.739	0	-0	-0	-0	0	18.8496	18.9742	0	0	0.15708	0.0162256	-0.00498611	0.0212117	0.173305
0	23.698	0	1864.99	0	-0	-0	-0	0	18.8496	18.8657	0	0	0.15708	0.0202348	-0.000644073	0.0208788	0.177314
0	-869.414	0	-534.003	0	0	0	-0	0	18.8496	18.7869	0	0	0.15708	0.0234096	0.00250603	0.0209036	0.180489
0	247.004	0	-883.556	0	0	-0	-0	0	18.8496	18.9082	0	0	0.15708	0.0188528	-0.00234688	0.0211997	0.175932
0	78.5411	0	418.89	0	-0	-0	-0	0	18.8496	19.0327	0	0	0.15708	0.0129679	-0.00732742	0.0202953	0.170048
0	37.1871	0	888.153	0	-0	-0	-0	0	18.8496	18.8114	0	0	0.15708	0.0212147	0.00152687	0.0196878	0.178294
0	31.221	0	955.191	0	-0	-0	-0	0	18.8496	18.8582	0	0	0.15708	0.0194563	-0.000346069	0.0198024	0.176536
0	26.2633	0	-557.945	0	0	-0	-0	0	18.8496	18.9104	0	0	0.15708	0.0173536	-0.00243195	0.0197856	0.174433
0	25.5149	0	-59.9508	0	0	-0	-0	0	18.8496	18.9987	0	0	0.15708	0.0131682	-0.00596519	0.0191334	0.170248
0	29.9786	0	-131.777	0	0	-0	-0	0	18.8496	19.2754	0	0	0.15708	-0.000139037	-0.0170332	0.0168941	0.156941
0	30.456	0	-318.525	0	0	-0	-0	0	18.8496	19.1871	0	0	0.15708	0.00116489	-0.0134999	0.0146648	0.158245
0	-319.978	0	-984.113	0	0	0	-0	0	18.8496	19.1785	0	0	0.15708	-0.000567411	-0.0131593	0.0125919	0.156512
0	114.718	0	-1946.58	0	0	-0	-0	0	18.8496	18.9008	0	0	0.15708	0.00863938	-0.00204887	0.0106883	0.165719
0	-180.108	0	93.2781	0	0	0	-0	0	18.8496	18.6773	0	0	0.15708	0.0178878	0.00689064	0.0109971	0.174967
0	89.7855	0	-79.1044	0	0	-0	-0	0	18.8496	18.6996	0	0	0.15708	0.017855	0.0059967	0.0118583	0.174935
0	-63.3682	0	1630.36	0	0	0	-0	0	18.8496	18.905	0	0	0.15708	0.0104493	-0.00221916	0.0126684	0.167529
0	59.1327	0	-59.9508	0	0	-0	-0	0	18.8496	19.1892	0	0	0.15708	-0.00170295	-0.0135851	0.0118822	0.155377
0	44.4071	0	-687.232	0	0	-0	-0	0	18.8496	19.22	0	0	0.15708	-0.00395627	-0.0148196	0.0108633	0.153123
0	82.1571	0	-519.638	0	0	-0	-0	0	18.8496	19.1253	0	0	0.15708	-0.00285715	-0.011031	0.00817381	0.154222
0	2.80547	0	1864.99	0	-0	-0	-0	0	18.8496	19.1519	0	0	0.15708	-0.00576438	-0.0120952	0.0063308	0.151315
0	-62.6548	0	265.661	0	0	0	-0	0	18.8496	19.0923	0	0	0.15708	-0.00503833	-0.0097113	0.00467297	0.152041
0	4.56544	0	-141.354	0	0	-0	-0	0	18.8496	19.1019	0	0	0.15708	-0.00690371	-0.0100945	0.00319074	0.150176
0	25.9271	0	-160.507	0	0	-0	-0	0	18.8496	19.1189	0	0	0.15708	-0.0091213	-0.0107755	0.00165423	0.147958
0	24.4763	0	126.797	0	-0	-0	-0	0	18.8496	19.0934	0	0	0.15708	-0.00966801	-0.0097538	8.57853e-05	0.147412
0	26.3004	0	189.046	0	-0	-0	-0	0	18.8496	19.0679	0	0	0.15708	-0.0100616	-0.00873222	-0.0013294	0.147018
0	25.8517	0	179.469	0	-0	-0	-0	0	18.8496	19.0551	0	0	0.15708	-0.0108606	-0.00822136	-0.00263924	0.146219
0	26.3746	0	179.469	0	-0	-0	-0	0	18.8496	19.0402	0	0	0.15708	-0.0108813	-0.00762543	-0.00325584	0.146198
0	24.4658	0	107.643	0	-0	-0	-0	0	18.8391	18.9072	-12.5607	0	0.147572	-0.00726196	-0.00272278	-0.00453918	0.14031
0	-311.954	0	-1204.38	0	0	0	-0	0	18.7989	18.821	-27.6402	0	0.135927	-0.00586654	-0.000882721	-0.00498382	0.130061
0	-62.227	0	409.313	0	0	0	-0	0	18.7285	18.606	-42.7196	0	0.124031	0.000256529	0.00490189	-0.00464536	0.124288
0	770.541	0	1098.84	0	-0	-0	-0	0	18.628	18.6741	-57.7991	0	0.117989	-0.00395988	0.000317841	-0.00427772	0.114029
0	-597.025	0	658.31	0	0	0	-0	0	18.4973	18.5389	-72.8785	0	0.105716	-0.0031067	0.00110023	-0.00420694	0.10261
0	-54.3458	0	1462.76	0	0	0	-0	0	18.3365	18.2803	-87.958	0	0.0868357	-0.00201231	0.00224686	-0.00425916	0.0848234
0	-14.1169	0	1812.31	0	0	0	-0	0	18.1455	18.1101	-103.037	0	0.0804165	0.00129822	0.00538887	-0.00409065	0.0817147
0	15.9689	0	-1649.7	0	0	-0	-0	0	17.9244	18.0728	-118.117	0	0.060782	-0.00951183	-0.00593796	-0.00357387	0.0512702
0	18.1276	0	-366.409	0	0	-0	-0	0	17.6731	17.9132	-133.196	0	0.0541115	-0.00844717	-0.00442795	-0.00401922	0.0456643
0	-252.891	0	2578.46	0	0	0	-0	0	17.3916	17.065	-148.276	0	0.033723	0.0092042	0.0130637	-0.00385954	0.0429272
0	-112.172	0	1821.89	0	0	0	-0	0	17.0904	16.7649	-150.796	0	0.0305794	0.0161735	0.0190533	-0.00287976	0.0467529
0	-6.18781	0	-754.269	0	0	0	-0	0	16.7888	16.634	-150.796	0	0.0280662	0.0120645	0.0122257	-0.00016127	0.0401306
0	22.9136	0	366.217	0	-0	-0	-0	0	16.4872	16.5339	-150.796	0	0.0255529	0.00539337	0.00416359	0.00122978	0.0309463
0	30.7467	0	232.142	0	-0	-0	-0	0	16.1856	16.3403	-150.796	0	0.0230397	0.00153373	-0.000152359	0.00168609	0.0245734
0	34.6484	0	691.829	0	-0	-0	-0	0	15.8841	15.9688	-150.796	0	0.0205264	0.00439426	0.00264065	0.00175361	0.0249207
0	40.5019	0	-69.5276	0	0	-0	-0	0	15.5825	15.558	-150.796	0	0.0167566	0.00308915	0.000976944	0.0021122	0.0198457
0	-722.64	0	-1309.72	0	0	0	-0	0	15.2809	15.127	-150.796	0	0.0142433	0.00804099	0.00615383	0.00188715	0.0222843
0	-341.089	0	1596.84	0	0	0	-0	0	14.9793	14.9951	-150.796	0	0.0117301	0.00171755	-0.000631142	0.00234869	0.0134476
0	-8.75504	0	-701.597	0	0	0	-0	0	14.6777	14.5055	-150.796	0	0.00921685	0.00933826	0.00688698	0.00245128	0.0185551
0	1704.53	0	-960.171	0	0	-0	-0	0	14.3761	13.818	-150.796	0	0.00670361	0.0262745	0.022323	0.00395143	0.0329781
0	-387.095	0	54.9709	0	0	0	-0	0	14.0745	13.8691	-150.796	0	0.00419037	0.0148411	0.00821613	0.00662499	0.0190315
0	-175.563	0	744.501	0	0	0	-0	0	13.7729	13.7712	-150.796	0	0.00293374	0.0133419	0.00610069	0.00724121	0.0162756
0	-15.081	0	1410.09	0	0	0	-0	0	13.4713	12.9879	-150.796	0	0.0004205	0.0340584	0.0253679	0.00869047	0.0344789
0	23.2027	0	-730.327	0	0	-0	-0	0	13.1698	12.6814	-150.796	0	-0.00209274	0.0385589	0.0255642	0.0129947	0.0364662
0	32.2154	0	-778.211	0	0	-0	-0	0	12.8682	12.691	-150.796	0	-0.00460598	0.0292678	0.0131176	0.0161503	0.0246618
0	35.0611	0	1917.66	0	-0	-0	-0	0	12.5666	12.2792	-150.796	0	-0.00711922	0.0357173	0.0175282	0.0181891	0.0285981
0	36.4907	0	-490.907	0	0	-0	-0	0	12.265	11.9035	-150.796	0	-0.00963247	0.0414417	0.0204915	0.0209502	0.0318092
0	37.5943	0	811.539	0	-0	-0	-0	0	11.9634	11.5204	-150.796	0	-0.0121457	0.0479533	0.0237528	0.0242005	0.0358076
0	38.6809	0	543.388	0	-0	-0	-0	0	11.6618	11.1522	-150.796	0	-0.0146589	0.0542209	0.0264181	0.0278027	0.0395619
0	36.0763	0	-1668.85	0	0	-0	-0	0	11.3602	10.851	-150.796	0	-0.0171722	0.0581489	0.0264016	0.0317473	0.0409767
0	37.0157	0	-285.006	0	0	-0	-0	0	11.0586	10.2731	-150.796	0	-0.0196854	0.0735223	0.037453	0.0360693	0.0538368
0	2147.77	0	806.75	0	-0	-0	-0	0	10.757	9.88998	-150.796	0	-0.0221987	0.082677	0.0407143	0.0419628	0.0604784
0	-492.516	0	-1055.94	0	0	0	-0	0	10.4555	9.70906	-150.796	0	-0.0247119	0.0836933	0.0358874	0.0478059	0.0589814
0	-96.5934	0	988.71	0	0	0	-0	0	10.1539	9.08436	-150.796	0	-0.0284818	0.0963788	0.0427801	0.0535986	0.067897
0	18.3417	0	816.327	0	-0	-0	-0	0	9.85228	8.50436	-150.796	0	-0.030995	0.118008	0.0539167	0.0640913	0.087013
0	25.7198	0	299.179	0	-0	-0	-0	0	9.55069	8.18935	-150.796	0	-0.0335083	0.122589	0.0544535	0.0681351	0.0890804
0	30.4108	0	-490.907	0	0	-0	-0	0	9.2491	7.82432	-150.796	0	-0.0360215	0.138038	0.0569911	0.0810468	0.102016
0	30.0922	0	-591.464	0	0	-0	-0	0	8.94751	7.74451	-150.796	0	-0.0385347	0.133441	0.0481202	0.0853211	0.0949066
0	-1112.35	0	-768.635	0	0	0	-0	0	8.64592	7.34329	-150.796	0	-0.041048	0.148492	0.0521052	0.0963864	0.107444
0	-542.996	0	-356.832	0	0	0	-0	0	8.34433	7.24538	-150.796	0	-0.0435612	0.144252	0.043958	0.100294	0.100691
0	-44.5769	0	682.252	0	0	0	-0	0	8.04274	6.86865	-150.796	0	-0.0460745	0.157116	0.0469639	0.110152	0.111041
0	7.29946	0	-395.139	0	0	-0	-0	0	7.74115	6.58556	-150.796	0	-0.0485877	0.163466	0.0462236	0.117242	0.114878
0	20.857	0	1338.26	0	-0	-0	-0	0	7.43957	6.25353	-150.796	0	-0.051101	0.171121	0.0474416	0.123679	0.12002
0	24.419	0	-184.449	0	0	-0	-0	0	7.13798	6.04813	-150.796	0	-0.0536142	0.174352	0.0435938	0.130758	0.120738
0	24.1847	0	-179.661	0	0	-0	-0	0	6.83639	5.88743	-150.796	0	-0.0561274	0.174568	0.0379582	0.13661	0.11844
0	2422.53	0	-361.62	0	0	-0	-0	0	6.5348	5.80655	-150.796	0	-0.0573841	0.174618	0.0351617	0.139457	0.117234
0	-1777.53	0	-217.968	0	0	0	-0	0	6.23321	5.62883	-150.796	0	-0.0598973	0.174747	0.0302071	0.14454	0.11485
0	-426.993	0	-304.159	0	0	0	-0	0	5.93162	5.46281	-150.796	0	-0.0624105	0.173646	0.0247844	0.148862	0.111235
0	2345.3	0	-213.18	0	0	-0	-0	0	5.63003	5.29359	-150.796	0	-0.0649238	0.171884	0.0194893	0.152395	0.10696
0	-613.347	0	643.945	0	0	0	-0	0	5.32844	5.07649	-150.796	0	-0.067437	0.17127	0.0161098	0.15516	0.103832
0	2319.38	0	-232.333	0	0	-0	-0	0	5.02685	4.90515	-150.796	0	-0.0699503	0.168305	0.0108998	0.157405	0.0983543
0	603.721	0	-136.565	0	0	-0	-0	0	4.72526	4.74233	-150.796	0	-0.0724635	0.164173	0.00534933	0.158824	0.0917094
0	-1062.95	0	983.921	0	0	0	-0	0	4.42368	4.29003	-150.796	0	-0.0749768	0.171084	0.0113776	0.159707	0.0961076
0	-248.443	0	64.5477	0	0	0	-0	0	4.12209	3.94948	-150.796	0	-0.07749	0.174571	0.0129361	0.161635	0.0970808
0	-2533.07	0	-696.808	0	0	0	-0	0	3.8205	3.74302	-150.796	0	-0.0800032	0.172493	0.00913095	0.163362	0.0924899
0	626.629	0	-500.484	0	0	-0	-0	0	3.51891	3.43439	-150.796	0	-0.0825165	0.174257	0.0094124	0.164845	0.0917405
0	1412.27	0	-170.084	0	0	-0	-0	0	3.21732	3.13535	-150.796	0	-0.0850297	0.175587	0.00931073	0.166277	0.0905576
0	368.993	0	-261.064	0	0	-0	-0	0	2.91573	2.91186	-150.796	0	-0.087543	0.173749	0.00618667	0.167562	0.0862061
0	-2358.43	0	500.292	0	0	0	-0	0	2.61414	2.61813	-150.796	0	-0.0900562	0.174335	0.00587215	0.168463	0.0842786
0	1892.73	0	457.197	0	-0	-0	-0	0	2.31255	2.35633	-150.796	0	-0.0925694	0.173564	0.00428058	0.169284	0.0809949
0	489.245	0	198.623	0	-0	-0	-0	0	2.01096	2.10092	-150.796	0	-0.0950827	0.172265	0.00243357	0.169831	0.077182
0	138.488	0	112.432	0	-0	-0	-0	0	1.70937	1.76888	-150.796	0	-0.0975959	0.173887	0.00365154	0.170235	0.076291
0	50.6276	0	-270.641	0	0	-0	-0	0	1.40945	1.33574	-145.788	0	-0.100109	0.179829	0.00891356	0.170915	0.0797194
0	28.7207	0	-543.58	0	0	-0	-0	0	1.13296	1.04521	-130.708	0	-0.0931239	0.181198	0.00888907	0.172309	0.0880743
0	22.6949	0	-285.006	0	0	-0	-0	0	0.886624	0.873867	-115.629	0	-0.0839928	0.178781	0.00528616	0.173494	0.0947878
0	21.7724	0	-414.293	0	0	-0	-0	0	0.670449	0.664215	-100.549	0	-0.0746103	0.178648	0.00442209	0.174226	0.104038
0	21.0366	0	-256.275	0	0	-0	-0	0	0.484433	0.456691	-85.4697	0	-0.0649765	0.179585	0.00467921	0.174905	0.114608
0	20.6643	0	-112.623	0	0	-0	-0	0	0.328575	0.316213	-70.3903	0	-0.0550914	0.179049	0.00346083	0.175588	0.123958
0	20.4567	0	-280.217	0	0	-0	-0	0	0.202875	0.170414	-55.3108	0	-0.044955	0.179764	0.00366164	0.176102	0.134809
0	20.1212	0	-232.333	0	0	-0	-0	0	0.107334	0.0246155	-40.2314	0	-0.0345672	0.181763	0.00506878	0.176695	0.147196
0	2494.73	0	-610.617	0	0	-0	-0	0	0.0419519	-0.0924493	-25.1519	0	-0.0185143	0.183383	0.00537605	0.178007	0.164869
0	-1219.51	0	-768.635	0	0	0	-0	0	0.00672793	0.330048	-10.0725	0	-0.00749829	0.165477	-0.0129328	0.17841	0.157979
0	-138.51	0	-1300.15	0	0	0	-0	0	0	1.1644	0	0	0	0.124584	-0.046576	0.17116	0.124584
0	-23.7973	0	-1175.65	0	0	0	-0	0	0	1.12077	0	0	0	0.119455	-0.0448307	0.164286	0.119455
0	-4.56992	0	-1127.76	0	0	0	-0	0	0	1.10161	0	0	0	0.116859	-0.0440645	0.160923	0.116859
0	9.33775	0	-438.235	0	0	-0	-0	0	0	1.02286	0	0	0	0.113486	-0.0409143	0.1544	0.113486
0	12.4622	0	246.507	0	-0	-0	-0	0	0	1.00264	0	0	0	0.108221	-0.0401055	0.148327	0.108221
0	12.1706	0	-299.371	0	0	-0	-0	0	0	0.78128	0	0	0	0.108604	-0.0312512	0.139855	0.108604
0	-1210.15	0	83.7013	0	0	0	-0	0	0	0.719555	0	0	0	0.106532	-0.0287822	0.135314	0.106532
0	-295.6	0	-160.507	0	0	0	-0	0	0	0.65038	0	0	0	0.105043	-0.0260152	0.131058	0.105043
0	-66.611	0	-404.716	0	0	0	-0	0	0	0.559921	0	0	0	0.104922	-0.0223968	0.127318	0.104922
0	-10.2428	0	-385.562	0	0	0	-0	0	0	0.502453	0	0	0	0.103966	-0.0200981	0.124064	0.103966
0	2.59665	0	-878.768	0	0	-0	-0	0	0	0.495003	0	0	0	0.101281	-0.0198001	0.121081	0.101281
0	2439.84	0	-725.539	0	0	-0	-0	0	0	0.463076	0	0	0	0.0996139	-0.0185231	0.118137	0.0996139
0	-1211.72	0	-763.846	0	0	0	-0	0	0	0.436471	0	0	0	0.0992889	-0.0174588	0.116748	0.0992889
0	-147.773	0	-347.255	0	0	0	-0	0	0	0.305571	0	0	0	0.100932	-0.0122228	0.113155	0.100932
0	-71.6708	0	-428.658	0	0	0	-0	0	0	0.260874	0	0	0	0.101803	-0.0104349	0.112238	0.101803
0	-15.4899	0	-352.043	0	0	0	-0	0	0	0.168286	0	0	0	0.104079	-0.00673144	0.11081	0.104079
0	-0.178858	0	-510.061	0	0	0	-0	0	0	0.059735	0	0	0	0.107302	-0.0023894	0.109691	0.107302
0	-0.0873683	0	-433.446	0	0	0	-0	0	0	0.0331293	0	0	0	0.108052	-0.00132517	0.109378	0.108052
0	0.344828	0	-318.525	0	0	-0	-0	0	0	0.00439524	0	0	0	0.109038	-0.00017581	0.109214	0.109038
0	-1.35689	0	-280.217	0	0	0	-0	0	0	-0.0275315	0	0	0	0.110337	0.00110126	0.109235	0.110337
0	-1.00939	0	-55.1624	0	0	0	-0	0	0	-0.0371095	0	0	0	0.110917	0.00148438	0.109433	0.110917
0	2426.51	0	-7.27837	0	0	-0	-0	0	0	-0.0285957	0	0	0	0.110688	0.00114383	0.109544	0.110688
0	-1823.09	0	50.1825	0	0	0	-0	0	0	-0.00518278	0	0	0	0.109888	0.000207311	0.10968	0.109888
0	-229.422	0	155.527	0	0	0	-0	0	0	0.0246155	0	0	0	0.108634	-0.000984621	0.109618	0.108634
0	-1272.6	0	93.2781	0	0	0	-0	0	0	0.0214228	0	0	0	0.108611	-0.000856914	0.109468	0.108611
0	-1532.83	0	40.6057	0	0	0	-0	0	0	0.000138343	0	0	0	0.109359	-5.53373e-06	0.109365	0.109359
0	-768.256	0	-36.0088	0	0	0	-0	0	0	-0.00624701	0	0	0	0.109614	0.00024988	0.109364	0.109614
0	-193.631	0	-69.5276	0	0	0	-0	0	0	-0.00731123	0	0	0	0.109707	0.000292449	0.109414	0.109707
0	-50.2899	0	-83.8928	0	0	0	-0	0	0	0.00439524	0	0	0	0.10926	-0.00017581	0.109436	0.10926
0	-14.18	0	-122.2	0	0	0	-0	0	0	0.00545947	0	0	0	0.109182	-0.000218379	0.1094	0.109182
0	-5.42943	0	-79.1044	0	0	0	-0	0	0	-0.00624701	0	0	0	0.109636	0.00024988	0.109386	0.109636
0	-2.91339	0	-36.0088	0	0	0	-0	0	0	-0.00624701	0	0	0	0.109677	0.00024988	0.109427	0.109677
0	-1215.15	0	-2.48997	0	0	0	-0	0	0	0.00226679	0	0	0	0.109361	-9.06717e-05	0.109452	0.109361
0	2120.22	0	45.3941	0	-0	-0	-0	0	0	0.00758792	0	0	0	0.109122	-0.000303517	0.109425	0.109122
0	-1897.22	0	45.3941	0	0	0	-0	0	0	0.000138343	0	0	0	0.10939	-5.53373e-06	0.109396	0.10939
0	-475.839	0	-26.432	0	0	0	-0	0	0	-0.000925882	0	0	0	0.109442	3.70353e-05	0.109405	0.109442
0	2305.3	0	-21.6436	0	0	-0	-0	0	0	0.00545947	0	0	0	0.109182	-0.000218379	0.109401	0.109182
0	-636.908	0	-40.7972	0	0	0	-0	0	0	0.00439524	0	0	0	0.109189	-0.00017581	0.109365	0.109189
0	-160.778	0	-50.374	0	0	0	-0	0	0	-0.00305433	0	0	0	0.10947	0.000122173	0.109348	0.10947
0	-41.147	0	-55.1624	0	0	0	-0	0	0	-0.00199011	0	0	0	0.109449	7.96043e-05	0.109369	0.109449
0	-11.231	0	-40.7972	0	0	0	-0	0	0	0.00758792	0	0	0	0.109062	-0.000303517	0.109365	0.109062
0	-3.74934	0	-40.7972	0	0	0	-0	0	0	0.000138343	0	0	0	0.109324	-5.53373e-06	0.109329	0.109324
0	-1.83127	0	40.6057	0	0	0	-0	0	0	-0.00624701	0	0	0	0.109591	0.00024988	0.109341	0.109591
0	-0.7493	0	11.8752	0	0	0	-0	0	0	0.00120257	0	0	0	0.109321	-4.81027e-05	0.109369	0.109321
0	-1213.98	0	21.452	0	0	0	-0	0	0	0.00333102	0	0	0	0.109216	-0.000133241	0.109349	0.109216
0	-304.11	0	-16.8552	0	0	0	-0	0	0	-0.000925882	0	0	0	0.109373	3.70353e-05	0.109336	0.109373
0	-38.3343	0	-16.8552	0	0	0	-0	0	0	-0.000925882	0	0	0	0.109381	3.70353e-05	0.109344	0.109381
0	-9.8947	0	-12.0668	0	0	0	-0	0	0	0.00439524	0	0	0	0.109167	-0.00017581	0.109343	0.109167
0	-5.55655	0	2.29843	0	0	0	-0	0	0	0.00439524	0	0	0	0.109154	-0.00017581	0.10933	0.109154
0	-1.00888	0	-12.0668	0	0	0	-0	0	0	-0.00518278	0	0	0	0.10953	0.000207311	0.109322	0.10953
