[D][encoder.h:243] print(): Encoder L:	727.894897	R:	742.143555

[D][encoder.h:243] print(): Encoder L:	727.897278	R:	742.145996

[D][encoder.h:243] print(): Encoder L:	727.892456	R:	742.119263

[D][encoder.h:243] print(): Encoder L:	727.892456	R:	742.116821

[D][encoder.h:243] print(): Encoder L:	727.892456	R:	742.138672

[D][encoder.h:243] print(): Encoder L:	727.892456	R:	742.053711

[D][encoder.h:243] print(): Encoder L:	727.938599	R:	741.975952

0	0.0142934	0	19.0578	0	-4.28802e-06	-4.28802e-06	0	-4.28802e-06	0	5.32102e-05	0	0	0	-2.12841e-06	-2.12841e-06	0	-2.12841e-06
0.48	0.0204839	480	9.48104	0.00808889	0.000138734	0.000137855	8.78758e-07	0.00822762	0	-0.0116533	0	0	0	0.000465811	0.000466131	-3.19261e-07	0.000465811
1.92	-0.890301	960	-402.322	0.0163556	0.000863162	0.00084309	2.00714e-05	0.0172187	0	0.123503	0	0	0	-0.00505571	-0.00494013	-0.000115575	-0.00505571
4.32	-0.331231	1440	129.191	0.0248	0.00147925	0.00139537	8.38828e-05	0.0262793	0	0.0862554	0	0	0	-0.00426211	-0.00345022	-0.000811897	-0.00426211
7.68	-0.304998	1920	138.768	0.0334222	0.0025861	0.0023955	0.000190603	0.0360083	0	0.0255946	0	0	0	-0.00224786	-0.00102378	-0.00122407	-0.00224786
12	-266.543	2400	-33.6146	0.0422222	0.0732801	0.083563	-0.0102829	0.115502	0	0.00111744	0	0	0	-0.0013936	-4.46974e-05	-0.00134891	-0.0013936
[D][encoder.h:243] print(): Encoder L:	727.960449	R:	741.949158

17.28	-151.049	2880	-268.246	0.0512	0.0451536	0.0504986	-0.00534503	0.0963536	0	0.0724205	0	0	0	-0.00424285	-0.00289682	-0.00134603	-0.00424285
23.52	-89.0965	3360	-1522.81	0.0603556	0.0314947	0.033785	-0.00229026	0.0918503	0	0.716277	0	0	0	-0.0318779	-0.0286511	-0.00322684	-0.0318779
30.72	-52.5046	3840	387.765	0.0696889	0.0247651	0.0249674	-0.000202306	0.094454	0	0.171393	0	0	0	-0.0135438	-0.00685574	-0.00668802	-0.0135438
38.88	-22.7533	4320	6588.75	0.0792	0.01984	0.01849	0.00135005	0.0990401	0	-0.507582	0	0	0	0.0128136	0.0203033	-0.0074897	0.0128136
48	-3.18621	4800	5951.89	0.0888889	0.0178737	0.0153559	0.00251779	0.106763	0	-1.00245	0	0	0	0.0373618	0.0400979	-0.00273612	0.0373618
58.08	1.64385	5280	1335.87	0.0987556	0.0204933	0.0169308	0.00356243	0.119249	0	-0.182994	0	0	0	0.00882956	0.00731974	0.00150982	0.00882956
69.12	1073.38	5760	3232.08	0.1088	-0.296563	-0.301278	0.00471469	-0.187763	0	-0.279838	0	0	0	0.0138971	0.0111935	0.00270356	0.0138971
81.12	-184.943	6240	2705.35	0.119022	0.0777825	0.0798188	-0.00203635	0.196805	0	-0.239397	0	0	0	0.0139298	0.0095759	0.00435385	0.0139298
94.08	-94.9992	6720	1096.45	0.129422	0.0595652	0.0567238	0.00284148	0.188987	0	-0.215984	0	0	0	0.0143977	0.00863938	0.00575831	0.0143977
108	-41.3291	7200	904.912	0.14	0.0511529	0.0447987	0.00635421	0.191153	0	-0.252168	0	0	0	0.017192	0.0100867	0.0071053	0.017192
122.88	0.442523	7680	1479.52	0.150756	0.0458826	0.0367313	0.00915131	0.196638	0	-0.952428	0	0	0	0.0479414	0.0380971	0.0098443	0.0479414
138.72	26.849	8160	1762.04	0.161689	0.0451018	0.0335613	0.0115405	0.206791	0	-1.00351	0	0	0	0.055843	0.0401404	0.0157025	0.055843
147	41.6767	8400	2805.91	0.167222	0.0442562	0.031597	0.0126592	0.211478	0	-1.23019	0	0	0	0.0679207	0.0492076	0.0187131	0.0679207
164.28	76.3702	8880	3074.06	0.178422	0.041062	0.0263729	0.0146891	0.219484	0	-1.79529	0	0	0	0.0988446	0.0718118	0.0270329	0.0988446
182.25	105.524	9000	2183.42	0.18375	0.0393016	0.0230176	0.016284	0.223052	0	-2.35401	0	0	0	0.132597	0.0941605	0.0384368	0.132597
200.25	146.863	9000	9049.99	0.187083	0.0337275	0.016016	0.0177115	0.220811	0	-2.12414	0	0	0	0.137517	0.0849656	0.0525513	0.137517
[D][encoder.h:243] print(): Encoder L:	728.205872	R:	741.900635

218.25	183.667	9000	9619.81	0.190417	0.0290363	0.0103749	0.0186614	0.219453	0	-1.77295	0	0	0	0.135876	0.0709178	0.0649577	0.135876
236.25	212.045	9000	7805	0.19375	0.026553	0.0072613	0.0192917	0.220303	0	-0.42138	0	0	0	0.0906435	0.0168552	0.0737883	0.0906435
254.25	298.769	9000	4596.77	0.197083	0.00637743	-0.0133556	0.0197331	0.203461	0	0.0298515	0	0	0	0.0740147	-0.00119406	0.0752088	0.0740147
272.25	290.211	9000	2743.66	0.200417	0.0138996	-0.00538831	0.0192879	0.214316	0	-0.0776352	0	0	0	0.0782246	0.00310541	0.0751192	0.0782246
290.25	294.207	9000	981.527	0.20375	0.0177347	-0.00118726	0.018922	0.221485	0	-0.545894	0	0	0	0.0980338	0.0218358	0.076198	0.0980338
308.25	309.078	9000	1216.16	0.207083	0.0185451	-0.00024852	0.0187936	0.225628	0	-0.800244	0	0	0	0.111486	0.0320098	0.0794766	0.111486
326.25	113.748	9000	1953.57	0.210417	0.0733668	0.0637505	0.00961635	0.283783	0	-0.74384	0	0	0	0.114118	0.0297536	0.0843642	0.114118
344.25	241.248	9000	2470.72	0.21375	0.0440528	0.0309006	0.0131522	0.257803	0	-0.585271	0	0	0	0.112209	0.0234108	0.0887985	0.112209
362.25	329.208	9000	8724.38	0.217083	0.024648	0.00991242	0.0147356	0.241731	0	-0.367104	0	0	0	0.106634	0.0146842	0.0919494	0.106634
380.25	179.77	9000	10917.5	0.220417	0.0669646	0.060144	0.00682068	0.287381	0	-0.730005	0	0	0	0.123649	0.0292002	0.0944489	0.123649
398.25	295.806	9000	4453.12	0.22375	0.0408826	0.030733	0.0101496	0.264633	0	0.138402	0	0	0	0.092699	-0.0055361	0.0982351	0.092699
416.25	362.661	9000	2384.53	0.227083	0.0278912	0.0160765	0.0118147	0.254974	0	1.03235	0	0	0	0.0541025	-0.0412941	0.0953965	0.0541025
434.25	406.781	9000	4074.84	0.230417	0.0210074	0.0082405	0.0127669	0.251424	0	0.348055	0	0	0	0.0761678	-0.0139222	0.09009	0.0761678
452.25	447.687	9000	8504.11	0.23375	0.0144762	0.00136883	0.0131074	0.248226	0	0.801415	0	0	0	0.0560568	-0.0320566	0.0881134	0.0560568
470.25	470.602	9000	8571.15	0.237083	0.0130663	-0.000105597	0.0131719	0.25015	0	1.71026	0	0	0	0.0128511	-0.0684105	0.0812616	0.0128511
488.25	491.819	9000	6789.86	0.240417	0.0120808	-0.00107078	0.0131516	0.252497	0	0.414037	0	0	0	0.0558433	-0.0165615	0.0724048	0.0558433
[D][encoder.h:243] print(): Encoder L:	728.443909	R:	741.455994

506.25	499.429	9000	5578.39	0.24375	0.015069	0.00204615	0.0130228	0.258819	0	0.1831	0	0	0	0.0640844	-0.007324	0.0714084	0.0640844
524.25	509.82	9000	7177.72	0.247083	0.0174369	0.00432889	0.0131081	0.26452	0	0.755653	0	0	0	0.0391322	-0.0302261	0.0693583	0.0391322
542.25	1007.36	9000	6617.48	0.250417	-0.126209	-0.139534	0.0133249	0.124208	0	0.274623	0	0	0	0.0540662	-0.0109849	0.0650511	0.0540662
560.25	441.885	9000	6785.07	0.25375	0.0455714	0.0355094	0.010062	0.299321	0	0.163944	0	0	0	0.0580365	-0.00655776	0.0645942	0.0580365
578.25	496.298	9000	7412.35	0.257083	0.0366883	0.0245856	0.0121027	0.293772	0	1.65386	0	0	0	-0.00507239	-0.0661544	0.061082	-0.00507239
596.25	526.836	9000	8346.09	0.260417	0.0344141	0.0208242	0.0135899	0.294831	0	1.57085	0	0	0	-0.0129937	-0.062834	0.0498402	-0.0129937
623.25	567.921	9000	3193.77	0.265417	0.0320173	0.0165986	0.0154187	0.297434	0	0.826956	0	0	0	0.0077007	-0.0330782	0.0407789	0.0077007
641.25	601.949	9000	1924.84	0.26875	0.0281624	0.0117903	0.0163721	0.296912	0	-0.0297451	0	0	0	0.0367835	0.0011898	0.0355937	0.0367835
659.25	649.109	9000	5784.3	0.272083	0.0199309	0.00304226	0.0168886	0.292014	0	1.96568	0	0	0	-0.0491508	-0.0786271	0.0294762	-0.0491508
677.25	708.116	9000	13958.1	0.275417	0.00766478	-0.00925983	0.0169246	0.283081	0	-1.65907	0	0	0	0.0888054	0.066363	0.0224425	0.0888054
695.25	713.957	9000	11817.7	0.27875	0.0107885	-0.00561196	0.0164004	0.289539	0	-1.26637	0	0	0	0.083882	0.050655	0.033227	0.083882
713.25	721.995	9000	11396.3	0.282083	0.0133744	-0.0026233	0.0159977	0.295458	0	1.0845	0	0	0	-0.00509287	-0.0433799	0.0382871	-0.00509287
731.25	505.047	9000	3289.54	0.285417	0.0836764	0.0678611	0.0158153	0.369093	0	0.796094	0	0	0	-0.00118749	-0.0318437	0.0306563	-0.00118749
749.25	770.287	9000	2906.47	0.28875	0.0112425	-0.00631108	0.0175536	0.299993	0	-0.0563507	0	0	0	0.0297269	0.00225403	0.0274728	0.0297269
767.25	771.484	9000	2020.61	0.292083	0.0159068	-0.00127024	0.017177	0.30799	0	0.493854	0	0	0	0.00887093	-0.0197541	0.0286251	0.00887093
785.25	793.391	9000	3605.57	0.295417	0.0145111	-0.00244222	0.0169533	0.309928	0	1.71346	0	0	0	-0.0450154	-0.0685382	0.0235229	-0[D][encoder.h:243] print(): Encoder L:	728.470642	R:	741.089.0450154
172

803.25	215.604	9000	2561.7	0.29875	0.192926	0.176294	0.0166318	0.491676	0	1.97526	0	0	0	-0.0671409	-0.0790102	0.0118693	-0.0671409
821.25	995.096	9000	5247.99	0.302083	-0.0317391	-0.0521538	0.0204147	0.270344	0	0.552386	0	0	0	-0.0197183	-0.0220954	0.00237713	-0.0197183
839.25	984.826	9000	22328.2	0.305417	-0.0266307	-0.0436728	0.0170421	0.278786	0	-1.84957	0	0	0	0.076267	0.0739828	0.00228422	0.076267
857.25	981.515	9000	9835.29	0.30875	-0.0231835	-0.0372794	0.0140959	0.285567	0	-3.48954	0	0	0	0.155029	0.139582	0.0154473	0.155029
875.25	956.066	9000	3749.22	0.312083	-0.01248	-0.0242447	0.0117647	0.299603	0	-4.17916	0	0	0	0.205198	0.167166	0.038032	0.205198
893.251	952.175	9000	-665.684	0.315417	-0.00747182	-0.0176773	0.0102055	0.307945	0	-3.94716	0	0	0	0.220773	0.157886	0.0628866	0.220773
911.251	946.64	9000	-2743.85	0.31875	-0.0015672	-0.0106168	0.00904962	0.317183	0	-3.89501	0	0	0	0.24244	0.1558	0.0866398	0.24244
929.251	968.012	9000	-2600.2	0.322083	-0.00338417	-0.0116284	0.00824424	0.318699	0	-3.63002	0	0	0	0.254566	0.145201	0.109365	0.254566
947.251	739.13	9000	14480	0.325417	0.0595783	0.0624362	-0.00285793	0.384995	0	-4.11318	0	0	0	0.296145	0.164527	0.131618	0.296145
965.251	870.356	9000	17535	0.32875	0.0289904	0.0284685	0.000521842	0.357741	0	-3.03512	0	0	0	0.277743	0.121405	0.156338	0.277743
983.251	924.665	9000	8475.38	0.332083	0.0196051	0.0175757	0.00202936	0.351689	0	0.476826	0	0	0	0.149665	-0.019073	0.168738	0.149665
1001.25	1626.85	9000	2853.79	0.335417	-0.184609	-0.187679	0.00306985	0.150808	0	1.83371	0	0	0	0.0887582	-0.0733485	0.162107	0.0887582
1019.25	691.662	9000	3318.27	0.33875	0.0908487	0.0982766	-0.00742797	0.429599	0	1.01639	0	0	0	0.111151	-0.0406555	0.151807	0.111151
1037.2	839.828	8839.98	-617.8	0.339407	0.0575215	0.0592109	-0.00168936	0.396928	0	-0.0457085	0	0	0	0.149558	0.00182834	0.147729	0.149558
1054.4	955.002	8359.98	1733.31	0.334592	0.0315083	0.0298186	0.00168973	0.3661	0	0.738625	0	0	0	0.118325	-0.029545	0.14787	0.118325
[D][encoder.h:243] print(): Encoder L:	728.886108	R:	740.933716

1070.64	1033.71	7879.98	2140.32	0.329599	0.0142793	0.0110797	0.00319958	0.343878	0	1.73048	0	0	0	0.0725902	-0.0692193	0.14181	0.0725902
1085.92	1105.69	7399.98	3940.76	0.324429	-0.00235123	-0.00593196	0.00358073	0.322078	0	2.19981	0	0	0	0.0423106	-0.0879923	0.130303	0.0423106
1100.24	1155.31	6919.98	12607.8	0.319081	-0.0136951	-0.016522	0.00282692	0.305386	0	0.0287873	0	0	0	0.119838	-0.00115149	0.12099	0.119838
1113.6	1196.78	6439.98	24406.4	0.313555	-0.0234614	-0.0249546	0.00149315	0.290093	0	0.218219	0	0	0	0.111845	-0.00872877	0.120574	0.111845
1126	1201.18	5959.98	5798.66	0.307851	-0.0228686	-0.0225547	-0.00031381	0.284982	0	-3.35545	0	0	0	0.264248	0.134218	0.130031	0.264248
1137.44	1182.98	5479.97	1967.94	0.304932	-0.0169875	-0.0153438	-0.00164365	0.287945	0	-1.65269	0	0	0	0.219917	0.0661075	0.153809	0.219917
1147.92	1182.36	4999.97	-1848.42	0.29591	-0.0129827	-0.0103341	-0.00264862	0.282927	0	-0.272388	0	0	0	0.169771	0.0108955	0.158876	0.169771
1157.44	1182.28	4519.97	6876.05	0.289673	-0.010758	-0.00745243	-0.00330558	0.278915	0	1.28244	0	0	0	0.108002	-0.0512978	0.1593	0.108002
1166	1197	4039.97	172.287	0.283258	-0.0131134	-0.00930095	-0.00381244	0.270145	0	2.52227	0	0	0	0.0476401	-0.100891	0.148531	0.0476401
1173.6	567.209	3559.97	3078.85	0.276666	0.177448	0.181917	-0.0044687	0.454113	0	1.06215	0	0	0	0.0920606	-0.042486	0.134547	0.0920606
1180.24	1343.74	3079.97	9212.79	0.269895	-0.0493954	-0.0490504	-0.000344987	0.2205	0	-0.255361	0	0	0	0.141641	0.0102144	0.131427	0.141641
1185.92	1304.89	2599.97	25067.2	0.262947	-0.0391661	-0.0356913	-0.00347478	0.223781	0	4.28888	0	0	0	-0.0432829	-0.171555	0.128272	-0.0432829
1190.64	1252.14	2119.97	7244.76	0.255821	-0.0240641	-0.0184507	-0.00561336	0.231757	0	4.32613	0	0	0	-0.0727506	-0.173045	0.100295	-0.0727506
1194.4	1197.22	1639.97	1072.51	0.248517	-0.00745415	-0.000848328	-0.00660583	0.241063	0	3.38429	0	0	0	-0.0589298	-0.135372	0.0764418	-0.0589298
1197.2	1139.1	1159.97	-3404.65	0.241036	0.0111285	0.0174299	-0.00630138	0.252164	0	-5.52008	0	0	0	0.278919	0.220803	0.0581155	0.278919
[D][encoder.h:243] print(): Encoder L:	728.895813	R:	740.843811

1199.04	1113.85	679.965	-100.652	0.233377	0.0205753	0.0255561	-0.00498085	0.253952	0	4.15479	0	0	0	-0.085999	-0.166192	0.0801925	-0.085999
1199.92	1089.75	199.964	4180.18	0.22554	0.0299605	0.0330509	-0.00309038	0.2555	0	6.72489	0	0	0	-0.222141	-0.268996	0.0468543	-0.222141
1200	1085.33	0	8781.84	0.222222	0.033575	0.0344	-0.000824996	0.255797	0	4.43787	0	0	0	-0.169241	-0.177515	0.00827368	-0.169241
1200	1070.79	0	18631.6	0.222222	0.0402277	0.0387617	0.00146592	0.26245	0	0.554515	0	0	0	-0.0327887	-0.0221806	-0.0106081	-0.0327887
1200	1032.1	0	1005.47	0.222222	0.0546276	0.0503695	0.00425805	0.27685	0	1.31969	0	0	0	-0.068182	-0.0527877	-0.0153943	-0.068182
1200	1002.89	0	1220.95	0.222222	0.0668581	0.0591345	0.00772356	0.28908	0	1.52402	0	0	0	-0.084765	-0.0609609	-0.0238041	-0.084765
1200	1005.35	0	5051.67	0.222222	0.0701034	0.0583941	0.0117093	0.292326	0	0.673708	0	0	0	-0.0631371	-0.0269483	-0.0361888	-0.0631371
1200	1000.02	0	2140.32	0.222222	0.075631	0.0599954	0.0156356	0.297853	0	-1.2685	0	0	0	0.0156333	0.0507401	-0.0351068	0.0156333
1200	999.36	0	5722.05	0.222222	0.0798395	0.0601919	0.0196476	0.302062	0	0.663066	0	0	0	-0.0560521	-0.0265226	-0.0295295	-0.0560521
1200	1011	0	6267.92	0.222222	0.08031	0.0567004	0.0236096	0.302532	0	1.0696	0	0	0	-0.0787694	-0.042784	-0.0359854	-0.0787694
1200	1015.62	0	18622	0.222222	0.0827297	0.0553139	0.0274158	0.304952	0	-3.15112	0	0	0	0.0903463	0.126045	-0.0356984	0.0903463
1200	1011.78	0	1508.25	0.222222	0.0875801	0.0564674	0.0311127	0.309802	0	-2.9968	0	0	0	0.104511	0.119872	-0.0153614	0.104511
1200	999.806	0	7781.06	0.222222	0.0949787	0.0600581	0.0349205	0.317201	0	-0.934337	0	0	0	0.0369599	0.0373735	-0.000413597	0.0369599
1200	1002.3	0	2006.25	0.222222	0.0982223	0.0593114	0.038911	0.320445	0	-0.0329378	0	0	0	0.00436765	0.00131751	0.00305014	0.00436765
1200	1008.11	0	4070.05	0.222222	0.100368	0.0575682	0.0427994	0.32259	0	-1.41856	0	0	0	0.0613566	0.0567424	0.00461423	0.0613566
1200	1173.2	0	2465.93	0.222222	0.0602308	0.00804001	0.0521908	0.282453	0	-2.35188	0	0	0	0.109136	0.0940754	0.0150603	0.109136
[D][encoder.h:243] print(): Encoder L:	730.824829	R:	741.203369

1200	1154.82	0	1934.42	0.222222	0.066403	0.0135528	0.0528501	0.288625	0	-2.13585	0	0	0	0.114606	0.0854339	0.0291717	0.114606
1200	1160.36	0	-1743.07	0.222222	0.0656902	0.0118929	0.0537973	0.287912	0	-1.56436	0	0	0	0.104398	0.0625743	0.0418239	0.104398
1200	1198.71	0	713.376	0.222222	0.0548044	0.000387451	0.054417	0.277027	0	-0.850263	0	0	0	0.084167	0.0340105	0.0501565	0.084167
1200	1229.38	0	8006.11	0.222222	0.0455074	-0.00881375	0.0543211	0.26773	0	-2.32634	0	0	0	0.148414	0.0930537	0.0553602	0.148414
1200	1268.42	0	20527.8	0.222222	0.0330207	-0.0205268	0.0535475	0.255243	0	-2.75735	0	0	0	0.183061	0.110294	0.0727664	0.183061
1200	1252.79	0	8844.09	0.222222	0.0363427	-0.0158368	0.0521795	0.258565	0	-0.00101101	0	0	0	0.0836775	4.04406e-05	0.0836371	0.0836775
1200	1231.99	0	-636.953	0.222222	0.0416341	-0.00959722	0.0512313	0.263856	0	-0.158516	0	0	0	0.0899391	0.00634065	0.0835985	0.0899391
1200	1212.71	0	-186.844	0.222222	0.046811	-0.00381222	0.0506232	0.269033	0	-0.148938	0	0	0	0.0908519	0.00595753	0.0848944	0.0908519
1200	1209.47	0	157.922	0.222222	0.0475617	-0.00284249	0.0504042	0.269784	0	-0.47672	0	0	0	0.104439	0.0190688	0.0853698	0.104439
1200	1224.94	0	368.611	0.222222	0.0426035	-0.00748282	0.0500864	0.264826	0	-0.396903	0	0	0	0.104611	0.0158761	0.0887345	0.104611
1200	1224.14	0	2925.62	0.222222	0.0423866	-0.00724314	0.0496298	0.264609	0	-0.357526	0	0	0	0.106078	0.0143011	0.0917768	0.106078
1200	1231.48	0	10170.5	0.222222	0.039697	-0.00944271	0.0491397	0.261919	0	2.17107	0	0	0	0.00266362	-0.0868429	0.0895065	0.00266362
1200	1216.21	0	4199.33	0.222222	0.0437367	-0.004862	0.0485987	0.265959	0	1.66769	0	0	0	0.00951372	-0.0667078	0.0762215	0.00951372
1200	1212.75	0	4778.73	0.222222	0.0445102	-0.00382496	0.0483351	0.266732	0	1.17815	0	0	0	0.0203153	-0.047126	0.0674413	0.0203153
1200	1197.4	0	8561.57	0.222222	0.0488989	0.000781055	0.0481179	0.271121	0	2.32113	0	0	0	-0.0337243	-0.0928451	0.0591209	-0.0337243
1200	1194.89	0	7771.48	0.222222	0.0497139	0.00153296	0.0481809	0.271936	0	2.07742	0	0	0	-0.0384774	-0.0830968	0.0446194	-0.0384774
[D][encoder.h:243] print(): Encoder L:	733.174072	R:	742.303894

1200	1189.2	0	3576.84	0.222222	0.0515113	0.00324075	0.0482706	0.273734	0	1.0249	0	0	0	-0.00749707	-0.0409961	0.033499	-0.00749707
1200	1174.73	0	263.266	0.222222	0.0561532	0.00758038	0.0485728	0.278375	0	-1.80913	0	0	0	0.10036	0.0723652	0.0279945	0.10036
1200	1187.83	0	1019.83	0.222222	0.0526291	0.0036509	0.0489782	0.274851	0	0.819507	0	0	0	0.00262095	-0.0327803	0.0354012	0.00262095
1200	1196.04	0	3054.91	0.222222	0.0504113	0.00118711	0.0492242	0.272634	0	2.97669	0	0	0	-0.0929415	-0.119068	0.0261262	-0.0929415
1200	1209.07	0	-6588.94	0.222222	0.0465101	-0.00272117	0.0492312	0.268732	0	3.23104	0	0	0	-0.121956	-0.129242	0.00728587	-0.121956
1200	916.587	0	16194.3	0.222222	0.121788	0.085024	0.036764	0.34401	0	-0.616133	0	0	0	0.0180587	0.0246453	-0.00658663	0.0180587
1200	1068.11	0	6454.67	0.222222	0.0811278	0.0395684	0.0415594	0.30335	0	-1.6048	0	0	0	0.0639967	0.0641919	-0.000195211	0.0639967
1200	1120.28	0	-210.786	0.222222	0.0677578	0.0239153	0.0438425	0.28998	0	-0.853455	0	0	0	0.042598	0.0341382	0.00845981	0.042598
1200	977.337	0	5616.7	0.222222	0.104366	0.0667989	0.0375668	0.326588	0	2.56164	0	0	0	-0.0906411	-0.102466	0.0118246	-0.0906411
1200	1079.64	0	5856.12	0.222222	0.0774834	0.0361072	0.0413762	0.299706	0	0.802479	0	0	0	-0.0381347	-0.0320992	-0.00603557	-0.0381347
1200	1129.6	0	-560.339	0.222222	0.0646078	0.0211188	0.043489	0.28683	0	-1.70058	0	0	0	0.0626641	0.0680231	-0.00535904	0.0626641
1200	1171.99	0	5032.52	0.222222	0.0530149	0.00840183	0.0446131	0.275237	0	-0.711913	0	0	0	0.0325771	0.0284765	0.00410053	0.0325771
1200	1187.11	0	3667.82	0.222222	0.0489929	0.00386646	0.0451265	0.271215	0	-0.629968	0	0	0	0.0316839	0.0251987	0.00648514	0.0316839
1200	1216.64	0	9864.02	0.222222	0.0402651	-0.00499299	0.0452581	0.262487	0	-2.67328	0	0	0	0.121193	0.106931	0.0142622	0.121193
1200	1218.48	0	2245.67	0.222222	0.0393932	-0.00554385	0.0449371	0.261615	0	-1.67823	0	0	0	0.0959848	0.0671292	0.0288556	0.0959848
1200	1237.48	0	6607.9	0.222222	0.0332746	-0.011243	0.0445175	0.255497	0	-0.466077	0	0	0	0.0560068	0.0186431	0.0373637	0.0560068
1200	1233.03	0	1987.09	0.222222	0.033831	-0.00990798	0.043739	0.256053	0	-0.596977	0	0	0	0.0630655	0.0238791	0.0391864	0.0630655
[D][encoder.h:243] print(): Encoder L:	733.054993	R:	742.595398

1200	1246.63	0	-4.88417	0.222222	0.0290339	-0.0139883	0.0430222	0.251256	0	-1.52924	0	0	0	0.106671	0.0611695	0.0455012	0.106671
1200	1252.15	0	-2236.28	0.222222	0.0263349	-0.0156455	0.0419804	0.248557	0	-0.959878	0	0	0	0.0917692	0.0383951	0.0533741	0.0917692
1200	1264.77	0	-723.145	0.222222	0.0214332	-0.0194306	0.0408639	0.243655	0	-0.643803	0	0	0	0.0846907	0.0257521	0.0589386	0.0846907
1200	1280.03	0	3069.27	0.222222	0.0154508	-0.0240088	0.0394597	0.237673	0	0.674772	0	0	0	0.0342972	-0.0269909	0.0612881	0.0342972
1200	1283.71	0	3672.61	0.222222	0.0127579	-0.025114	0.037872	0.23498	0	1.32501	0	0	0	0.00186992	-0.0530005	0.0548705	0.00186992
1200	1298.48	0	5300.67	0.222222	0.00661208	-0.0295438	0.0361559	0.228834	0	0.364018	0	0	0	0.0334069	-0.0145607	0.0479676	0.0334069
1200	1296.25	0	8748.32	0.222222	0.00629694	-0.0288741	0.0351711	0.228519	0	-0.378811	0	0	0	0.062028	0.0151524	0.0468755	0.062028
1200	1298.55	0	1627.96	0.222222	0.00364558	-0.0295654	0.033211	0.225868	0	-0.00633214	0	0	0	0.0495166	0.000253286	0.0492633	0.0495166
1200	1298.17	0	-828.49	0.222222	0.0017342	-0.0294499	0.0311841	0.223956	0	0.25121	0	0	0	0.038608	-0.0100484	0.0486564	0.038608
1200	1305.08	0	866.605	0.222222	-0.00308128	-0.0315251	0.0284438	0.219141	0	0.50556	0	0	0	0.0247268	-0.0202224	0.0449492	0.0247268
1200	1281.64	0	-3969.68	0.222222	0.0029002	-0.0244928	0.027393	0.225122	0	-0.0329378	0	0	0	0.0447501	0.00131751	0.0434325	0.0447501
1200	1281.98	0	2738.87	0.222222	0.00119009	-0.0245926	0.0257827	0.223412	0	-0.700207	0	0	0	0.0731805	0.0280083	0.0451722	0.0731805
1200	1286.74	0	1642.33	0.222222	-0.00186365	-0.026023	0.0241593	0.220359	0	-0.206407	0	0	0	0.0570551	0.00825626	0.0487988	0.0570551
1200	1281.4	0	4122.72	0.222222	-0.00200512	-0.0244194	0.0224143	0.220217	0	0.419358	0	0	0	0.0323945	-0.0167743	0.0491688	0.0323945
1200	1290.11	0	1651.9	0.222222	-0.00629632	-0.0270321	0.0207358	0.215926	0	0.788644	0	0	0	0.0144811	-0.0315458	0.0460269	0.0144811
1200	1286.62	0	880.97	0.222222	-0.00712746	-0.0259866	0.0188591	0.215095	0	0.614111	0	0	0	0.0167689	-0.0245644	0.0413334	0.0167689
[D][encoder.h:243] print(): Encoder L:	737.109741	R:	742.619751

1200	1287.07	0	679.858	0.222222	-0.00898675	-0.0261215	0.0171348	0.213235	0	0.524716	0	0	0	0.0168644	-0.0209887	0.037853	0.0168644
1200	1299.16	0	689.434	0.222222	-0.0144624	-0.0297478	0.0152854	0.20776	0	0.448092	0	0	0	0.0170013	-0.0179237	0.034925	0.0170013
1200	1297.7	0	-110.229	0.222222	-0.0159515	-0.0293105	0.013359	0.206271	0	0.686478	0	0	0	0.00419946	-0.0274591	0.0316586	0.00419946
1200	1310.47	0	-464.571	0.222222	-0.0218	-0.0331422	0.0113422	0.200422	0	0.445964	0	0	0	0.00987997	-0.0178385	0.0277185	0.00987997
1200	1316.14	0	13230.3	0.222222	-0.0256855	-0.0348432	0.00915768	0.196537	0	-0.533124	0	0	0	0.048494	0.0213249	0.0271691	0.048494
1200	1322.05	0	2398.89	0.222222	-0.0297873	-0.036614	0.00682664	0.192435	0	0.19055	0	0	0	0.0221232	-0.00762198	0.0297452	0.0221232
1200	2172.61	0	-718.356	0.222222	-0.287358	-0.291784	0.00442624	-0.0651359	0	0.534294	0	0	0	0.00584773	-0.0213718	0.0272195	0.00584773
1200	1139.93	0	42.9999	0.222222	0.0138633	0.0180213	-0.00415797	0.236086	0	0.648166	0	0	0	-0.00189696	-0.0259267	0.0240297	-0.00189696
1200	1746.04	0	-1407.89	0.222222	-0.167211	-0.163813	-0.00339711	0.0550117	0	0.445964	0	0	0	0.0020659	-0.0178385	0.0199044	0.0020659
1200	1113.35	0	-10903.3	0.222222	0.0184017	0.0259939	-0.00759215	0.240624	0	-0.0840206	0	0	0	0.0217548	0.00336082	0.018394	0.0217548
1200	1185.59	0	1441.21	0.222222	-0.001984	0.00432407	-0.00630807	0.220238	0	-0.00739637	0	0	0	0.0191493	0.000295855	0.0188534	0.0191493
1200	1220.66	0	2317.49	0.222222	-0.012376	-0.00619907	-0.00617693	0.209846	0	-0.822593	0	0	0	0.0538799	0.0329037	0.0209762	0.0538799
1200	1257.89	0	1407.69	0.222222	-0.0241404	-0.017368	-0.0067724	0.198082	0	-0.898153	0	0	0	0.0619975	0.0359261	0.0260714	0.0619975
1200	1269.6	0	2552.12	0.222222	-0.0288378	-0.0208801	-0.00795765	0.193384	0	-0.558665	0	0	0	0.0538005	0.0223466	0.0314539	0.0538005
1200	1286.63	0	631.974	0.222222	-0.0354013	-0.0259882	-0.00941318	0.186821	0	0.0819985	0	0	0	0.0305554	-0.00327994	0.0338354	0.0305554
1200	1289.37	0	1915.27	0.222222	-0.0380026	-0.0268103	-0.0111923	0.18422	0	0.549193	0	0	0	0.0103508	-0.0219677	0.0323185	0.0103508
[D][encoder.h:243] print(): Encoder L:	737.112183	R:	742.804382

1200	1280.98	0	842.663	0.222222	-0.0371518	-0.0242946	-0.0128572	0.18507	0	0.464055	0	0	0	0.010426	-0.0185622	0.0289882	0.010426
1200	1279.98	0	153.133	0.222222	-0.0385603	-0.0239949	-0.0145654	0.183662	0	0.350183	0	0	0	0.0124967	-0.0140073	0.026504	0.0124967
1200	1279.69	0	-287.4	0.222222	-0.0400788	-0.0239078	-0.016171	0.182143	0	0.269302	0	0	0	0.0133978	-0.0107721	0.0241699	0.0133978
1200	1283.27	0	-1063.12	0.222222	-0.042818	-0.0249807	-0.0178373	0.179404	0	0.168201	0	0	0	0.0166338	-0.00672803	0.0233618	0.0166338
1200	1275.89	0	277.632	0.222222	-0.0421819	-0.0227664	-0.0194155	0.18004	0	0.372532	0	0	0	0.00707138	-0.0149013	0.0219727	0.00707138
1200	1289.84	0	3351.79	0.222222	-0.0479365	-0.0269506	-0.0209859	0.174286	0	-0.27026	0	0	0	0.0312566	0.0108104	0.0204462	0.0312566
1200	1286.49	0	1766.83	0.222222	-0.0486804	-0.0259485	-0.0227319	0.173542	0	-0.286223	0	0	0	0.0343117	0.0114489	0.0228628	0.0343117
1200	1291.67	0	-1278.6	0.222222	-0.0519598	-0.0275009	-0.0244589	0.170262	0	-0.252168	0	0	0	0.0343572	0.0100867	0.0242704	0.0343572
1200	1275.86	0	813.933	0.222222	-0.0490094	-0.0227565	-0.0262529	0.173213	0	-0.350077	0	0	0	0.0400196	0.0140031	0.0260165	0.0400196
1200	1273.31	0	-1340.85	0.222222	-0.0504418	-0.0219942	-0.0284476	0.17178	0	0.0192093	0	0	0	0.0274538	-0.000768371	0.0282222	0.0274538
1200	1261.35	0	-62.345	0.222222	-0.047587	-0.0184062	-0.0291808	0.174635	0	0.00218166	0	0	0	0.0280773	-8.72664e-05	0.0281645	0.0280773
1200	1255.79	0	675.069	0.222222	-0.0471027	-0.0167377	-0.030365	0.17512	0	-0.0840206	0	0	0	0.0320039	0.00336082	0.0286431	0.0320039
1200	1261.64	0	1240.1	0.222222	-0.0500584	-0.0184925	-0.0315659	0.172164	0	0.473633	0	0	0	0.00922494	-0.0189453	0.0281703	0.00922494
1200	1252.58	0	138.768	0.222222	-0.0484727	-0.0157734	-0.0326992	0.17375	0	0.124568	0	0	0	0.0203649	-0.0049827	0.0253476	0.0203649
1200	1264.09	0	1168.27	0.222222	-0.0530199	-0.0192278	-0.0337921	0.169202	0	-0.125525	0	0	0	0.0302694	0.00502102	0.0252483	0.0302694
1200	1257.49	0	162.71	0.222222	-0.052243	-0.0172481	-0.034995	0.169979	0	-0.086149	0	0	0	0.0294475	0.00344596	0.0260015	0.0294475
1200	1264.99	0	81.3071	0.222222	-0.0556526	-0.0194969	-0.0361558	0.16657	0	-0.151067	0	0	0	0.0325323	0.00604267	0.0264897	0.0325323
[D][encoder.h:243] print(): Encoder L:	737.104858	R:	742.794678

1200	1245.14	0	-809.336	0.222222	-0.0509476	-0.0135405	-0.037407	0.171275	0	-0.0872133	0	0	0	0.0308431	0.00348853	0.0273545	0.0308431
1200	1241.54	0	675.069	0.222222	-0.0507421	-0.0124626	-0.0382795	0.17148	0	-0.114883	0	0	0	0.0325657	0.00459532	0.0279704	0.0325657
1200	1234.34	0	191.44	0.222222	-0.049452	-0.0103016	-0.0391504	0.17277	0	0.0213377	0	0	0	0.0275604	-0.000853509	0.0284139	0.0275604
1200	1243.25	0	-804.548	0.222222	-0.0528091	-0.0129741	-0.039835	0.169413	0	-0.104241	0	0	0	0.0328099	0.00416963	0.0286402	0.0328099
1200	987.311	0	-368.803	0.222222	0.0130383	0.0638067	-0.0507684	0.235261	0	0.335284	0	0	0	0.0150785	-0.0134114	0.0284899	0.0150785
1200	876.312	0	-1158.89	0.222222	0.0414567	0.0971065	-0.0556498	0.263679	0	0.489597	0	0	0	0.0062813	-0.0195839	0.0258652	0.0062813
1200	1029.66	0	258.478	0.222222	0.00105359	0.0511031	-0.0500495	0.223276	0	0.453413	0	0	0	0.0048198	-0.0181365	0.0229563	0.0048198
1200	1093.91	0	-4.88417	0.222222	-0.0151531	0.0318266	-0.0469796	0.207069	0	0.40233	0	0	0	0.00389999	-0.0160932	0.0199932	0.00389999
1200	1148.89	0	5262.36	0.222222	-0.0297849	0.0153345	-0.0451193	0.192437	0	1.04832	0	0	0	-0.0235648	-0.0419326	0.0183678	-0.0235648
1200	1161.69	0	-737.51	0.222222	-0.032732	0.0114938	-0.0442257	0.18949	0	4.10796	0	0	0	-0.150692	-0.164318	0.0136264	-0.150692
1200	1181.23	0	-282.612	0.222222	-0.037919	0.00563115	-0.0435501	0.184303	0	-0.802373	0	0	0	0.0302652	0.0320949	-0.0018297	0.0302652
1200	1192.81	0	47.7883	0.222222	-0.0411482	0.0021579	-0.0433061	0.181074	0	-0.944979	0	0	0	0.0414542	0.0377991	0.003655	0.0414542
1200	1210.86	0	713.376	0.222222	-0.0465155	-0.00325759	-0.0432579	0.175707	0	-1.29511	0	0	0	0.0619817	0.0518043	0.0101773	0.0619817
1200	1230.75	0	622.397	0.222222	-0.0528569	-0.00922482	-0.0436321	0.169365	0	-1.27915	0	0	0	0.0692543	0.0511658	0.0180885	0.0692543
1200	625.267	0	521.84	0.222222	0.128176	0.17242	-0.0442433	0.350399	0	-1.20678	0	0	0	0.073779	0.0482711	0.0255079	0.073779
1200	1364.21	0	603.243	0.222222	-0.0896855	-0.0492617	-0.0404238	0.132537	0	-1.16421	0	0	0	0.0790935	0.0465684	0.0325251	0.0790935
[D][encoder.h:243] print(): Encoder L:	737.104858	R:	742.794678

1200	1313.16	0	-2375.14	0.222222	-0.0773223	-0.0339471	-0.0433752	0.1449	0	-0.511839	0	0	0	0.0591921	0.0204736	0.0387186	0.0591921
1200	1285.13	0	-8748.51	0.222222	-0.0709808	-0.0255394	-0.0454414	0.151241	0	-0.838556	0	0	0	0.0747221	0.0335422	0.0411798	0.0747221
1200	1269.21	0	833.086	0.222222	-0.0678472	-0.020762	-0.0470852	0.154375	0	-1.0961	0	0	0	0.0914758	0.0438439	0.0476319	0.0914758
1200	1265.04	0	2427.62	0.222222	-0.0679403	-0.019511	-0.0484294	0.154282	0	-0.608684	0	0	0	0.0775054	0.0243473	0.0531581	0.0775054
1200	995.445	0	-2748.64	0.222222	0.00133355	0.0613664	-0.0600328	0.223556	0	-0.0265524	0	0	0	0.0566782	0.0010621	0.0556161	0.0566782
1200	1100.23	0	-3098.19	0.222222	-0.0266351	0.029931	-0.0565661	0.195587	0	0.510881	0	0	0	0.0348868	-0.0204353	0.0553221	0.0348868
1200	979.665	0	-402.322	0.222222	0.00393481	0.0661004	-0.0621656	0.226157	0	0.796094	0	0	0	0.0197075	-0.0318437	0.0515512	0.0197075
1200	1073.01	0	-2451.76	0.222222	-0.0201992	0.0380979	-0.0582971	0.202023	0	1.0132	0	0	0	0.00577111	-0.0405278	0.0462989	0.00577111
1200	1139.3	0	4252.01	0.222222	-0.0378839	0.01821	-0.0560939	0.184338	0	1.00468	0	0	0	-3.77446e-05	-0.0401873	0.0401495	-3.77446e-05
1200	1165.61	0	708.588	0.222222	-0.0446989	0.0103179	-0.0550167	0.177523	0	1.01852	0	0	0	-0.00657454	-0.0407407	0.0341661	-0.00657454
1200	1185.15	0	-0.095768	0.222222	-0.0500261	0.00445627	-0.0544824	0.172196	0	0.862076	0	0	0	-0.00619174	-0.034483	0.0282913	-0.00619174
1200	1200.24	0	320.727	0.222222	-0.0543981	-7.28027e-05	-0.0543253	0.167824	0	0.773745	0	0	0	-0.00769368	-0.0309498	0.0232561	-0.00769368
1200	1215.21	0	1522.62	0.222222	-0.0589455	-0.00456431	-0.0543812	0.163277	0	0.41723	0	0	0	0.00246083	-0.0166892	0.01915	0.00246083
1200	1225.82	0	742.107	0.222222	-0.0625658	-0.00774459	-0.0548212	0.159656	0	0.324642	0	0	0	0.00363223	-0.0129857	0.0166179	0.00363223
1200	1237.37	0	574.513	0.222222	-0.0666282	-0.0112108	-0.0554175	0.155594	0	0.289522	0	0	0	0.00321367	-0.0115809	0.0147946	0.00321367
1200	1242.31	0	-885.95	0.222222	-0.0689441	-0.0126937	-0.0562504	0.153278	0	0.308679	0	0	0	0.000719866	-0.0123471	0.013067	0.000719866
[D][encoder.h:243] print(): Encoder L:	737.104858	R:	742.792175

1200	1427.9	0	-656.107	0.222222	-0.117334	-0.0683702	-0.0489639	0.104888	0	0.378917	0	0	0	-0.00393857	-0.0151567	0.0112181	-0.00393857
1200	1345.57	0	1704.58	0.222222	-0.0966961	-0.0436716	-0.0530245	0.125526	0	0.179907	0	0	0	0.00181219	-0.00719629	0.00900848	0.00181219
1200	1292	0	2896.89	0.222222	-0.0831992	-0.0275987	-0.0556005	0.139023	0	-0.173416	0	0	0	0.0155489	0.00693662	0.00861227	0.0155489
1200	1272.01	0	-421.475	0.222222	-0.0788858	-0.0216037	-0.057282	0.143336	0	-0.188315	0	0	0	0.01723	0.00753259	0.00969746	0.01723
1200	1238.19	0	-12042.9	0.222222	-0.0700641	-0.011457	-0.0586071	0.152158	0	0.0298515	0	0	0	0.00935233	-0.00119406	0.0105464	0.00935233
1200	1226.73	0	-9.67257	0.222222	-0.0672616	-0.00801782	-0.0592438	0.154961	0	0.0447507	0	0	0	0.00841762	-0.00179003	0.0102076	0.00841762
1200	1218.9	0	-727.933	0.222222	-0.0654928	-0.00567034	-0.0598225	0.156729	0	0.0522002	0	0	0	0.00788306	-0.00208801	0.00997107	0.00788306
1200	1210.56	0	-1709.56	0.222222	-0.0633316	-0.00316677	-0.0601648	0.158891	0	-0.099984	0	0	0	0.0140882	0.00399936	0.0100889	0.0140882
1200	1216.75	0	4716.48	0.222222	-0.0654957	-0.00502522	-0.0604705	0.156727	0	0.420422	0	0	0	-0.00661978	-0.0168169	0.0101971	-0.00661978
1200	1427.16	0	2140.32	0.222222	-0.128821	-0.068148	-0.0606729	0.0934013	0	0.125632	0	0	0	0.00319845	-0.00502527	0.00822372	0.00319845
1200	1161.03	0	-28.8262	0.222222	-0.0502547	0.0116919	-0.0619466	0.171968	0	0.110733	0	0	0	0.0023253	-0.0044293	0.00675461	0.0023253
1200	1168.93	0	339.881	0.222222	-0.052237	0.00931981	-0.0615568	0.169985	0	0.0766774	0	0	0	0.00335531	-0.0030671	0.00642241	0.00335531
1200	1187.12	0	-775.817	0.222222	-0.0571375	0.00386331	-0.0610008	0.165085	0	-0.115947	0	0	0	0.0108429	0.00463789	0.00620499	0.0108429
1200	1187.46	0	-2638.51	0.222222	-0.0570139	0.00376146	-0.0607754	0.165208	0	-0.418187	0	0	0	0.0238868	0.0167275	0.00715928	0.0238868
1200	1198.14	0	1522.62	0.222222	-0.0599955	0.000557336	-0.0605529	0.162227	0	-0.715106	0	0	0	0.0390517	0.0286042	0.0104474	0.0390517
1200	1208.85	0	167.498	0.222222	-0.0632653	-0.00265562	-0.0606097	0.158957	0	-0.577821	0	0	0	0.0375444	0.0231128	0.0144316	0.0375444
[D][encoder.h:243] print(): Encoder L:	737.104858	R:	742.792175

1200	1201.73	0	-153.325	0.222222	-0.0612688	-0.000518152	-0.0607507	0.160953	0	-0.637418	0	0	0	0.0435229	0.0254967	0.0180262	0.0435229
1200	1209.83	0	66.9419	0.222222	-0.0638275	-0.00294987	-0.0608776	0.158395	0	-0.571436	0	0	0	0.0446219	0.0228574	0.0217645	0.0446219
1200	1201.93	0	359.034	0.222222	-0.0615974	-0.000579492	-0.0610179	0.160625	0	-0.520353	0	0	0	0.0459114	0.0208141	0.0250973	0.0459114
1200	1207.05	0	-182.055	0.222222	-0.063183	-0.00211516	-0.0610678	0.159039	0	-0.556537	0	0	0	0.0504139	0.0222615	0.0281524	0.0504139
1200	1197.61	0	-579.493	0.222222	-0.0603944	0.000717407	-0.0611118	0.161828	0	-0.11914	0	0	0	0.0361998	0.0047656	0.0314342	0.0361998
1200	1206.48	0	-933.834	0.222222	-0.0630171	-0.00194337	-0.0610737	0.159205	0	-0.11914	0	0	0	0.0367709	0.0047656	0.0320053	0.0367709
1200	1202.08	0	71.7303	0.222222	-0.0618379	-0.000624316	-0.0612136	0.160384	0	0.0553929	0	0	0	0.0301979	-0.00221572	0.0324137	0.0301979
1200	1204.18	0	162.71	0.222222	-0.0624972	-0.00125369	-0.0612435	0.159725	0	0.00537434	0	0	0	0.0318663	-0.000214973	0.0320813	0.0318663
1200	1199.58	0	-397.533	0.222222	-0.0612664	0.000126233	-0.0613926	0.160956	0	-0.0978555	0	0	0	0.0361038	0.00391422	0.0321895	0.0361038
1200	1193.66	0	-138.959	0.222222	-0.0594549	0.00190254	-0.0613575	0.162767	0	-0.321343	0	0	0	0.046138	0.0128537	0.0332843	0.046138
1200	1196.07	0	593.666	0.222222	-0.0601082	0.0011796	-0.0612878	0.162114	0	-0.0350662	0	0	0	0.0359414	0.00140265	0.0345387	0.0359414
1200	1183.75	0	-364.014	0.222222	-0.0562544	0.00487375	-0.0611282	0.165968	0	-0.22237	0	0	0	0.0440462	0.00889479	0.0351514	0.0440462
1200	1189.41	0	-2255.43	0.222222	-0.0576483	0.00317805	-0.0608263	0.164574	0	-0.0552865	0	0	0	0.038397	0.00221146	0.0361855	0.038397
1200	1181.55	0	-1805.32	0.222222	-0.0549898	0.00553455	-0.0605244	0.167232	0	-0.316022	0	0	0	0.0491708	0.0126409	0.03653	0.0491708
1200	1194.32	0	813.933	0.222222	-0.0584737	0.00170479	-0.0601785	0.163749	0	-0.27771	0	0	0	0.0496399	0.0111084	0.0385315	0.0496399
1200	1188.87	0	110.038	0.222222	-0.0567339	0.003339	-0.0600729	0.165488	0	-0.29793	0	0	0	0.0519776	0.0119172	0.0400604	0.0519776
[D][encoder.h:243] print(): Encoder L:	737.104858	R:	742.792175

1200	1195.9	0	540.994	0.222222	-0.0586251	0.00123135	-0.0598565	0.163597	0	-1.05992	0	0	0	0.0843372	0.0423966	0.0419406	0.0843372
1200	1192.12	0	-1767.02	0.222222	-0.057485	0.00236396	-0.0598489	0.164737	0	-0.484169	0	0	0	0.066377	0.0193668	0.0470103	0.066377
1200	1193.31	0	1685.42	0.222222	-0.0576811	0.00200691	-0.059688	0.164541	0	-0.165966	0	0	0	0.0558675	0.00663864	0.0492288	0.0558675
1200	1199.57	0	-847.643	0.222222	-0.0595092	0.000130371	-0.0596396	0.162713	0	0.178843	0	0	0	0.0426846	-0.00715372	0.0498383	0.0426846
1200	1189.21	0	-790.182	0.222222	-0.0563235	0.00323617	-0.0595596	0.165899	0	0.305486	0	0	0	0.0363287	-0.0122194	0.0485482	0.0363287
1200	1203.34	0	2729.29	0.222222	-0.0604107	-0.00100291	-0.0594078	0.161812	0	-0.0627361	0	0	0	0.0500644	0.00250944	0.0475549	0.0500644
1200	1196.69	0	-344.861	0.222222	-0.0584077	0.000992432	-0.0594002	0.163814	0	0.153302	0	0	0	0.04148	-0.00613206	0.0476121	0.04148
1200	1200.09	0	679.858	0.222222	-0.0594201	-2.66602e-05	-0.0593935	0.162802	0	0.132017	0	0	0	0.0412456	-0.00528069	0.0465262	0.0412456
1200	1198.61	0	-450.206	0.222222	-0.0590358	0.000416931	-0.0594527	0.163186	0	0.178843	0	0	0	0.0385804	-0.00715372	0.0457341	0.0385804
1200	1194.92	0	-632.165	0.222222	-0.0578579	0.00152314	-0.0593811	0.164364	0	-0.0191028	0	0	0	0.0456774	0.000764114	0.0449133	0.0456774
1200	1190.59	0	382.977	0.222222	-0.0565187	0.00282352	-0.0593422	0.165704	0	0.147981	0	0	0	0.0389076	-0.00591922	0.0448268	0.0389076
1200	1189.54	0	62.1535	0.222222	-0.056013	0.00313905	-0.059152	0.166209	0	0.0915766	0	0	0	0.0403365	-0.00366306	0.0439996	0.0403365
1200	1193.48	0	-756.664	0.222222	-0.0570521	0.00195586	-0.0590079	0.16517	0	0.125632	0	0	0	0.0384121	-0.00502527	0.0434373	0.0384121
1200	1187.24	0	-1292.96	0.222222	-0.0549748	0.00382654	-0.0588013	0.167247	0	0.161815	0	0	0	0.0362045	-0.00647262	0.0426772	0.0362045
1200	1199.89	0	-162.901	0.222222	-0.0585559	3.2666e-05	-0.0585886	0.163666	0	0.30655	0	0	0	0.0291026	-0.012262	0.0413646	0.0291026
1200	1197.78	0	694.223	0.222222	-0.0578709	0.00066731	-0.0585382	0.164351	0	0.391688	0	0	0	0.0237461	-0.0156675	0.0394136	0.0237461
1200	1355.25	0	387.765	0.222222	-0.0992206	-0.0465752	-0.0526454	0.123002	0	0.38956	0	0	0	0.0216535	-0.0155824	0.0372359	0.0216535
[D][encoder.h:243] print(): Encoder L:	737.104858	R:	742.792175

1200	479.858	0	1560.92	0.222222	0.16066	0.216042	-0.055383	0.382882	0	0.428936	0	0	0	0.0176453	-0.0171574	0.0348027	0.0176453
1200	1409.88	0	-383.168	0.222222	-0.113842	-0.0629643	-0.050878	0.10838	0	0.526845	0	0	0	0.0110819	-0.0210738	0.0321557	0.0110819
1200	1318.27	0	-7560.98	0.222222	-0.0901429	-0.0354817	-0.0546612	0.132079	0	0.715213	0	0	0	0.000287142	-0.0286085	0.0288956	0.000287142
1200	1273.89	0	3303.9	0.222222	-0.0789236	-0.0221684	-0.0567551	0.143299	0	0.239504	0	0	0	0.015104	-0.00958016	0.0246842	0.015104
1200	1255.3	0	2834.64	0.222222	-0.0747832	-0.0165888	-0.0581943	0.147439	0	0.436386	0	0	0	0.00515959	-0.0174554	0.022615	0.00515959
1200	1223.28	0	-1532.38	0.222222	-0.0660776	-0.00698489	-0.0590928	0.156145	0	-2.98297	0	0	0	0.150391	0.119319	0.0310721	0.150391
1200	1211.14	0	-1115.79	0.222222	-0.0628345	-0.00334171	-0.0594928	0.159388	0	-0.0265524	0	0	0	0.0444352	0.0010621	0.0433732	0.0444352
1200	1194.18	0	7742.75	0.222222	-0.0577972	0.00174456	-0.0595417	0.164425	0	-0.0425158	0	0	0	0.0443519	0.00170063	0.0426513	0.0443519
1200	1186.3	0	-2212.34	0.222222	-0.0552893	0.00411021	-0.0593995	0.166933	0	-0.112755	0	0	0	0.0476464	0.00451019	0.0431363	0.0476464
1200	1160.17	0	-43.1914	0.222222	-0.0470686	0.0119502	-0.0590188	0.175154	0	-0.346884	0	0	0	0.0579915	0.0138754	0.0441161	0.0579915
1200	1157.23	0	-512.455	0.222222	-0.0453683	0.0128323	-0.0582006	0.176854	0	0.614111	0	0	0	0.0202409	-0.0245644	0.0448054	0.0202409
1200	1150.23	0	-1695.19	0.222222	-0.042446	0.0149308	-0.0573768	0.179776	0	0.12776	0	0	0	0.0364605	-0.00511041	0.0415709	0.0364605
1200	1152.67	0	-354.438	0.222222	-0.0422293	0.0142	-0.0564292	0.179993	0	0.0777416	0	0	0	0.037883	-0.00310967	0.0409927	0.037883
1200	1167.87	0	-62.345	0.222222	-0.0459549	0.00963754	-0.0555924	0.176267	0	0.19055	0	0	0	0.0325978	-0.00762198	0.0402197	0.0325978
1200	1243.11	0	1647.11	0.222222	-0.0647566	-0.0129321	-0.0518245	0.157466	0	0.405523	0	0	0	0.0228587	-0.0162209	0.0390796	0.0228587
1200	1226.05	0	-110.229	0.222222	-0.0603908	-0.0078156	-0.0525752	0.161831	0	0.470441	0	0	0	0.0174936	-0.0188176	0.0363113	0.0174936
[D][encoder.h:243] print(): Encoder L:	737.104858	R:	742.792175

1200	1203.75	0	-4573.02	0.222222	-0.054075	-0.00112375	-0.0529512	0.168147	0	0.353376	0	0	0	0.019194	-0.014135	0.033329	0.019194
1200	1205.54	0	-124.594	0.222222	-0.0546278	-0.00166168	-0.0529661	0.167594	0	0.10754	0	0	0	0.0271913	-0.0043016	0.0314929	0.0271913
1200	1198.5	0	813.933	0.222222	-0.0526412	0.000448755	-0.05309	0.169581	0	0.0798701	0	0	0	0.0278572	-0.0031948	0.031052	0.0278572
1200	1201.4	0	320.727	0.222222	-0.0534899	-0.000420227	-0.0530697	0.168732	0	-0.0893417	0	0	0	0.0341113	0.00357367	0.0305376	0.0341113
1200	1188.71	0	-3950.53	0.222222	-0.0497228	0.00338709	-0.0531099	0.172499	0	-0.480977	0	0	0	0.0508491	0.0192391	0.0316101	0.0508491
1200	1189.99	0	2600.01	0.222222	-0.0498798	0.00300194	-0.0528818	0.172342	0	-0.491619	0	0	0	0.054282	0.0196648	0.0346172	0.054282
1200	1195.24	0	378.188	0.222222	-0.051335	0.00142745	-0.0527624	0.170887	0	-0.253232	0	0	0	0.0472557	0.0101293	0.0371264	0.0472557
1200	1184.53	0	-426.264	0.222222	-0.0479327	0.00464048	-0.0525732	0.17429	0	-0.138296	0	0	0	0.043935	0.00553184	0.0384031	0.043935
1200	1188.66	0	378.188	0.222222	-0.0488772	0.00340203	-0.0522792	0.173345	0	-0.0254882	0	0	0	0.0397799	0.00101953	0.0387604	0.0397799
1200	1180.96	0	5918.37	0.222222	-0.0462349	0.00571055	-0.0519455	0.175987	0	5.32102e-05	0	0	0	0.0389623	-2.12841e-06	0.0389644	0.0389623
1200	1523.24	0	248.901	0.222222	-0.148563	-0.0969711	-0.0515918	0.0736593	0	0.0160166	0	0	0	0.0382532	-0.000640663	0.0388938	0.0382532
1200	1104.97	0	-790.182	0.222222	-0.0252934	0.0285099	-0.0538032	0.196929	0	0.0234662	0	0	0	0.0377984	-0.000938647	0.0387371	0.0377984
1200	1126.82	0	-1197.2	0.222222	-0.0300725	0.0219537	-0.0520263	0.19215	0	-0.171287	0	0	0	0.0455116	0.00685148	0.0386601	0.0455116
1200	1138.7	0	1785.98	0.222222	-0.032299	0.0183905	-0.0506894	0.189923	0	-0.472463	0	0	0	0.0586598	0.0188985	0.0397613	0.0586598
1200	1152.19	0	-1321.7	0.222222	-0.0352056	0.0143431	-0.0495487	0.187017	0	-0.132975	0	0	0	0.0477618	0.005319	0.0424428	0.0477618
1200	1171.33	0	1714.15	0.222222	-0.0401389	0.00860061	-0.0487396	0.182083	0	0.00431011	0	0	0	0.042982	-0.000172404	0.0431544	0.042982
[D][encoder.h:243] print(): Encoder L:	737.107300	R:	742.792175

1200	1174.72	0	1163.49	0.222222	-0.0405652	0.00758306	-0.0481482	0.181657	0	1.76454	0	0	0	-0.0363669	-0.0705815	0.0342146	-0.0363669
1200	1182.87	0	-1283.39	0.222222	-0.0425486	0.00513893	-0.0476876	0.179674	0	-0.603363	0	0	0	0.0535853	0.0241345	0.0294508	0.0535853
1200	1177.4	0	1522.62	0.222222	-0.0404907	0.00678117	-0.0472719	0.181732	0	0.368275	0	0	0	0.016798	-0.014731	0.031529	0.016798
1200	1187.45	0	866.605	0.222222	-0.043067	0.00376567	-0.0468327	0.179155	0	0.232054	0	0	0	0.0194241	-0.00928217	0.0287063	0.0194241
1200	1180.98	0	378.188	0.222222	-0.0408743	0.00570483	-0.0465791	0.181348	0	-0.131911	0	0	0	0.0337749	0.00527643	0.0284985	0.0337749
1200	1166.22	0	-10295.2	0.222222	-0.0359553	0.0101343	-0.0460896	0.186267	0	0.074549	0	0	0	0.026126	-0.00298196	0.029108	0.026126
1199.88	1172.1	-238.996	-857.22	0.218217	-0.0371699	0.00833533	-0.0455052	0.181047	0	0.22354	0	0	0	0.0192848	-0.00894162	0.0282265	0.0192848
1198.92	1176.75	-718.989	2398.89	0.21004	-0.0384289	0.00665156	-0.0450805	0.171611	0	-0.227691	0	0	0	0.03636	0.00910764	0.0272524	0.03636
1197.01	1191.45	-1198.98	2073.28	0.201685	-0.043101	0.00166578	-0.0447668	0.158584	0	-0.694886	0	0	0	0.0573271	0.0277954	0.0295316	0.0573271
1194.13	1184.78	-1678.98	210.594	0.193152	-0.0417752	0.00280503	-0.0445802	0.151377	0	-0.611876	0	0	0	0.0579365	0.024475	0.0334615	0.0579365
1190.29	1195.34	-2158.97	5022.94	0.184441	-0.0459268	-0.00151454	-0.0444122	0.138514	0	-0.635289	0	0	0	0.0628412	0.0254116	0.0374297	0.0628412
1185.49	1182.64	-2638.96	-3021.58	0.175553	-0.0435987	0.000856458	-0.0444551	0.131954	0	-0.0499654	0	0	0	0.0431985	0.00199861	0.0411999	0.0431985
1179.73	1183.67	-3118.96	-924.258	0.166487	-0.0455185	-0.00118011	-0.0443384	0.120968	0	0.166072	0	0	0	0.033915	-0.00664289	0.0405578	0.033915
1173.02	1172.81	-3598.95	-876.374	0.157243	-0.0443395	6.0791e-05	-0.0444003	0.112903	0	-0.0510296	0	0	0	0.0418452	0.00204118	0.0398041	0.0418452
1165.34	1169.25	-4078.95	392.553	0.147821	-0.0455199	-0.00117305	-0.0443469	0.102301	0	-0.0840206	0	0	0	0.0436594	0.00336082	0.0402986	0.0436594
1156.7	1164.04	-4558.94	-1470.14	0.138221	-0.0466758	-0.00220206	-0.0444738	0.0915456	0	0.0947693	0	0	0	0.0369194	-0.00379077	0.0407101	0.0369194
[D][encoder.h:243] print(): Encoder L:	737.104858	R:	742.792175

1147.1	1161.59	-5038.93	-3452.53	0.128444	-0.0489581	-0.00434663	-0.0446115	0.079486	0	0.329963	0	0	0	0.0261225	-0.0131985	0.039321	0.0261225
1136.54	1160.45	-5518.93	-1781.38	0.118489	-0.0521195	-0.00717012	-0.0449494	0.0663696	0	-0.18725	0	0	0	0.0456933	0.00749002	0.0382033	0.0456933
1125.03	1143	-5998.92	670.281	0.108356	-0.0507192	-0.00539202	-0.0453272	0.0576371	0	-0.0148459	0	0	0	0.0396748	0.000593838	0.0390809	0.0396748
1112.55	1138.11	-6478.92	186.652	0.0980457	-0.0533293	-0.00766937	-0.0456599	0.0447164	0	5.32102e-05	0	0	0	0.0391519	-2.12841e-06	0.039154	0.0391519
1099.11	1108.75	-6958.91	-2614.56	0.0875574	-0.0488829	-0.00289102	-0.0459918	0.0386745	0	0.369339	0	0	0	0.0240385	-0.0147736	0.0388121	0.0240385
1084.71	5.58841	-7438.9	-3931.38	0.0768912	0.277655	0.323738	-0.0460826	0.354546	0	1.18773	0	0	0	-0.0119315	-0.0475091	0.0355776	-0.0119315
1069.36	1270.64	-7918.9	-7647.18	0.0660474	-0.0983618	-0.0603855	-0.0379763	-0.0323145	0	0.619432	0	0	0	0.00445614	-0.0247773	0.0292334	0.00445614
1053.04	1184.42	-8398.89	3169.83	0.0550257	-0.0808746	-0.039414	-0.0414606	-0.025849	0	0.741818	0	0	0	-0.00426763	-0.0296727	0.0254051	-0.00426763
1035.76	1128.31	-8878.88	-2686.39	0.0438262	-0.0716201	-0.0277631	-0.043857	-0.0277939	0	0.829085	0	0	0	-0.0125157	-0.0331634	0.0206477	-0.0125157
1017.79	1091.41	-9000	263.266	0.03848	-0.0676073	-0.0220868	-0.0455205	-0.0291273	0	0.999361	0	0	0	-0.0245152	-0.0399744	0.0154593	-0.0245152
999.792	1054.97	-9000	-771.029	0.0351467	-0.0634051	-0.0165524	-0.0468528	-0.0282584	0	0.751396	0	0	0	-0.020066	-0.0300558	0.00998989	-0.020066
981.793	1019.62	-9000	-1321.7	0.0318134	-0.0591241	-0.0113485	-0.0477755	-0.0273106	0	0.572606	0	0	0	-0.0174259	-0.0229043	0.00547832	-0.0174259
963.793	1514.62	-9000	-7412.54	0.0284801	-0.213596	-0.165248	-0.0483487	-0.185116	0	-1.04395	0	0	0	0.046307	0.0417581	0.00454894	0.046307
945.793	840.443	-9000	-17118.6	0.0251469	-0.0208815	0.031605	-0.0524865	0.00426539	0	2.51375	0	0	0	-0.0921256	-0.10055	0.00842453	-0.0921256
927.793	868.826	-9000	-8418.11	0.0218136	-0.0327989	0.0176903	-0.0504892	-0.0109854	0	3.96855	0	0	0	-0.170585	-0.158742	-0.0118429	-0.170585
[D][encoder.h:243] print(): Encoder L:	737.107300	R:	742.789795

909.793	887.475	-9000	-5559.43	0.0184803	-0.0427536	0.00669564	-0.0494492	-0.0242733	0	1.63577	0	0	0	-0.0977773	-0.0654307	-0.0323466	-0.0977773
891.794	913.896	-9000	-148.536	0.015147	-0.0557628	-0.00663054	-0.0491323	-0.0406158	0	1.50806	0	0	0	-0.101679	-0.0603224	-0.0413566	-0.101679
873.794	930.443	-9000	1235.31	0.0118137	-0.06673	-0.0169946	-0.0497353	-0.0549163	0	1.78157	0	0	0	-0.121859	-0.0712627	-0.0505966	-0.121859
855.794	930.434	-9000	-7369.45	0.0084804	-0.0732811	-0.0223919	-0.0508892	-0.0648007	0	2.82238	0	0	0	-0.175442	-0.112895	-0.0625471	-0.175442
837.794	929.723	-9000	-5717.45	0.0051471	-0.0799999	-0.0275785	-0.0524214	-0.0748528	0	2.03592	0	0	0	-0.162096	-0.0814366	-0.0806594	-0.162096
819.795	912.615	-9000	-10074.9	0.00181381	-0.0819841	-0.027846	-0.0541381	-0.0801703	0	-0.93008	0	0	0	-0.0488235	0.0372032	-0.0860266	-0.0488235
801.795	919.146	-9000	-2030.38	-0.00151948	-0.0912397	-0.0352055	-0.0560343	-0.0927592	0	-0.0297451	0	0	0	-0.0804376	0.0011898	-0.0816274	-0.0804376
783.795	903.812	-9000	1043.78	-0.00485276	-0.0942917	-0.036005	-0.0582866	-0.0991444	0	0.0798701	0	0	0	-0.0859177	-0.0031948	-0.0827229	-0.0859177
765.795	883.067	-9000	526.629	-0.00818605	-0.095761	-0.0351814	-0.0605796	-0.103947	0	-0.200021	0	0	0	-0.0744509	0.00800084	-0.0824518	-0.0744509
747.796	833.234	-9000	-5128.48	-0.0115194	-0.0883362	-0.0256317	-0.0627045	-0.0998556	0	-1.82403	0	0	0	-0.0060716	0.0729612	-0.0790327	-0.0060716
729.796	787.197	-9000	-1336.06	-0.0148526	-0.0813893	-0.0172204	-0.0641689	-0.0962419	0	-2.10498	0	0	0	0.0174134	0.0841994	-0.066786	0.0174134
711.796	732.581	-9000	-12014.2	-0.0181859	-0.0713291	-0.00623536	-0.0650938	-0.0895151	0	0.618368	0	0	0	-0.0818695	-0.0247347	-0.0571348	-0.0818695
693.796	-400.986	-9000	-12885.7	-0.0215192	0.263156	0.328435	-0.0652792	0.241636	0	-1.52285	0	0	0	-0.000387467	0.0609141	-0.0613016	-0.000387467
675.797	866.385	-9000	-10951.2	-0.0248525	-0.114	-0.0571764	-0.0568236	-0.138852	0	-2.32634	0	0	0	0.0448131	0.0930537	-0.0482407	0.0448131
657.797	770.359	-9000	-8681.47	-0.0281858	-0.0938147	-0.0337685	-0.0600461	-0.122	0	0.25866	0	0	0	-0.0503247	-0.0103464	-0.0399783	-0.0503247
[D][encoder.h:243] print(): Encoder L:	737.107300	R:	742.792175

639.797	1863.94	-9000	-608.223	-0.0315191	-0.429302	-0.367244	-0.0620575	-0.460821	0	0.102219	0	0	0	-0.045651	-0.00408875	-0.0415622	-0.045651
621.797	478.278	-9000	1546.56	-0.0348524	-0.0291216	0.0430557	-0.0721773	-0.063974	0	-0.391582	0	0	0	-0.0254555	0.0156633	-0.0411188	-0.0254555
603.797	515.376	-9000	282.42	-0.0381857	-0.0430283	0.0265264	-0.0695548	-0.081214	0	-0.346884	0	0	0	-0.0251174	0.0138754	-0.0389928	-0.0251174
585.798	499.042	-9000	-857.22	-0.041519	-0.0417256	0.0260267	-0.0677524	-0.0832446	0	-0.507582	0	0	0	-0.0162634	0.0203033	-0.0365666	-0.0162634
567.798	460.342	-9000	-19067.5	-0.0448523	-0.0336163	0.0322369	-0.0658532	-0.0784686	0	1.51019	0	0	0	-0.0965627	-0.0604076	-0.0361551	-0.0965627
549.798	421.718	-9000	-30056.9	-0.0481855	-0.0250532	0.0384242	-0.0634774	-0.0732388	0	0.0947693	0	0	0	-0.0499584	-0.00379077	-0.0461677	-0.0499584
531.798	447.581	-9000	-1498.87	-0.0515188	-0.03574	0.0252652	-0.0610051	-0.0872588	0	-0.687436	0	0	0	-0.016442	0.0274974	-0.0439395	-0.016442
513.799	479.141	-9000	234.536	-0.0548521	-0.049109	0.0103972	-0.0595061	-0.103961	0	-0.0946628	0	0	0	-0.0370053	0.00378651	-0.0407918	-0.0370053
495.799	347.317	-9000	-239.516	-0.0581854	-0.0201353	0.0445445	-0.0646799	-0.0783207	0	-0.205342	0	0	0	-0.0319367	0.00821369	-0.0401504	-0.0319367
477.799	409.846	-9000	895.336	-0.0615187	-0.0417117	0.0203858	-0.0620975	-0.10323	0	-0.344756	0	0	0	-0.0248472	0.0137902	-0.0386374	-0.0248472
459.799	416.238	-9000	-2212.34	-0.064852	-0.0477426	0.0130683	-0.0608108	-0.112595	0	0.36189	0	0	0	-0.0518714	-0.0144756	-0.0373958	-0.0518714
441.799	399.061	-9000	-7680.69	-0.0681853	-0.0470415	0.0128215	-0.059863	-0.115227	0	0.648166	0	0	0	-0.0666878	-0.0259267	-0.0407612	-0.0666878
423.8	366.864	-9000	-19714	-0.0715186	-0.0417582	0.0170808	-0.058839	-0.113277	0	-0.203214	0	0	0	-0.0336578	0.00812855	-0.0417864	-0.0336578
405.8	356.446	-9000	-19895.9	-0.0748519	-0.0428124	0.0148062	-0.0576187	-0.117664	0	-2.5328	0	0	0	0.0613453	0.101312	-0.0399668	0.0613453
387.8	370.76	-9000	-13173	-0.0781852	-0.0[D][encoder.h:243] print(): Encoder L:	746.691467	R:	742.789795

515765	0.00511219	-0.0566887	-0.129762	0	-3.02767	0	0	0	0.100414	0.121107	-0.020693	0.100414
369.8	406.979	-9000	-2394.3	-0.0815184	-0.0676648	-0.0111534	-0.0565114	-0.149183	0	-0.925823	0	0	0	0.0298861	0.0370329	-0.00714678	0.0298861
351.801	434.744	-9000	-890.739	-0.0848517	-0.0823311	-0.024883	-0.0574481	-0.167183	0	-1.31639	0	0	0	0.0513672	0.0526557	-0.00128854	0.0513672
333.801	436.847	-9000	1991.88	-0.088185	-0.0900528	-0.0309139	-0.059139	-0.178238	0	-1.4441	0	0	0	0.064907	0.057764	0.007143	0.064907
315.801	417.908	-9000	1307.14	-0.0915183	-0.0917552	-0.0306322	-0.0611231	-0.183274	0	-1.23977	0	0	0	0.065028	0.0495908	0.0154373	0.065028
297.801	370.79	-9000	-416.687	-0.0948516	-0.0848467	-0.0218966	-0.0629502	-0.179698	0	-1.33874	0	0	0	0.076566	0.0535497	0.0230163	0.076566
279.802	308.782	-9000	-1072.7	-0.0981849	-0.0728034	-0.00869424	-0.0641091	-0.170988	0	-1.94535	0	0	0	0.109147	0.077814	0.0313329	0.109147
261.802	229.868	-9000	-20791.3	-0.101518	-0.0547428	0.00958024	-0.064323	-0.156261	0	-2.88825	0	0	0	0.162085	0.11553	0.0465553	0.162085
243.802	163.192	-9000	-43818.8	-0.104851	-0.0390716	0.0241831	-0.0632547	-0.143923	0	3.57798	0	0	0	-0.0897893	-0.143119	0.0533298	-0.0897893
225.802	188.65	-9000	-5085.38	-0.108185	-0.0505605	0.0111457	-0.0617062	-0.158745	0	2.8873	0	0	0	-0.0846324	-0.115492	0.0308595	-0.0846324
207.803	227.914	-9000	679.858	-0.111518	-0.0672109	-0.0060336	-0.0611773	-0.178729	0	2.26366	0	0	0	-0.0750919	-0.0905464	0.0154545	-0.0750919
189.803	287.819	-9000	-885.95	-0.114851	-0.0893894	-0.0294049	-0.0599844	-0.204241	0	2.57335	0	0	0	-0.101534	-0.102934	0.00140001	-0.101534
171.803	257.25	-9000	220.171	-0.118185	-0.08744	-0.0256341	-0.061806	-0.205625	0	2.64146	0	0	0	-0.119829	-0.105658	-0.014171	-0.119829
154.134	210.044	-8601.42	325.516	-0.114814	-0.0800755	-0.016773	-0.0633025	-0.194889	0	2.81812	0	0	0	-0.142997	-0.112725	-0.030272	-0.142997
137.412	142.331	-8121.43	-1436.62	-0.109911	-0.0655744	-0.00147568	-0.0640987	-0.175485	0	3.20444	0	0	0	-0.175888	-0.128177	-0.0477107	-0.175888
121.649	124.526	-7641.43	-6493.17	-0.10483	-0.0623983	-0.000863107	-0.0615352	-0.167228	0	2.91922	0	0	0	-0.184048	-0.116769	-0.0[D][encoder.h:243] print(): Encoder L:	737.107300	R:	742.789795

672789	-0.184048
106.846	21.7067	-7161.44	-28179.8	-0.099571	-0.0354942	0.0255419	-0.0610361	-0.135065	0	1.26542	0	0	0	-0.131557	-0.0506167	-0.0809407	-0.131557
93.0036	-265.231	-6681.45	-14992.6	-0.0941346	0.0484487	0.10747	-0.0590217	-0.0456859	0	3.19379	0	0	0	-0.219972	-0.127752	-0.0922207	-0.219972
80.1209	33.8157	-6201.45	-1096.64	-0.0885204	-0.0410512	0.0138916	-0.0549428	-0.129572	0	2.18916	0	0	0	-0.198088	-0.0875666	-0.110521	-0.198088
68.1981	16.8621	-5721.46	435.649	-0.0827284	-0.0381004	0.0154008	-0.0535012	-0.120829	0	1.88054	0	0	0	-0.203476	-0.0752216	-0.128254	-0.203476
57.2353	11.8428	-5241.47	545.782	-0.0767586	-0.0393701	0.0136177	-0.0529878	-0.116129	0	1.72942	0	0	0	-0.203072	-0.0691768	-0.133896	-0.203072
47.2325	-3.48858	-4761.47	928.854	-0.0706111	-0.0367825	0.0152163	-0.0519988	-0.107394	0	1.80072	0	0	0	-0.216327	-0.0720289	-0.144298	-0.216327
38.1897	-27.0192	-4281.48	-4999.19	-0.0642858	-0.0313204	0.0195627	-0.0508831	-0.0956062	0	2.02421	0	0	0	-0.23624	-0.0809684	-0.155271	-0.23624
30.1068	-53.0713	-3801.48	-17066	-0.0577827	-0.0244882	0.0249535	-0.0494416	-0.0822709	0	0.0224019	0	0	0	-0.167115	-0.000896078	-0.166219	-0.167115
22.984	-52.885	-3321.49	-10256.9	-0.0511019	-0.0249576	0.0227607	-0.0477183	-0.0760595	0	-2.21141	0	0	0	-0.0728626	0.0884563	-0.161319	-0.0728626
16.821	-484.148	-2841.5	-900.316	-0.0442433	0.103958	0.150291	-0.0463328	0.0597148	0	-1.9528	0	0	0	-0.0700853	0.078112	-0.148197	-0.0700853
11.6181	84.404	-2361.5	1058.14	-0.0372069	-0.0640002	-0.0218358	-0.0421645	-0.101207	0	-1.95812	0	0	0	-0.0582514	0.0783248	-0.136576	-0.0582514
7.37516	64.5289	-1881.51	-2432.6	-0.0299927	-0.0606573	-0.0171461	-0.0435111	-0.09065	0	-2.45831	0	0	0	-0.0260291	0.0983323	-0.124361	-0.0260291
4.09218	-513.926	-1401.52	-7608.87	-0.0226008	0.110812	0.155406	-0.0445939	0.0882109	0	-2.56367	0	0	0	-0.00652539	0.102547	-0.109072	-0.00652539
1.76917	161.283	-921.521	-13273.6	-0.0150311	-0.0891661	-0.0478542	-0.0413118	-0.104197	0	-3.15431	0	0	0	0.0326836	0.126172	-0.0934889	0.0326836
[D][encoder.h:243] print(): Encoder L:	737.107300	R:	742.792175

0.406138	139.614	-441.527	-4927.36	-0.00728358	-0.0861006	-0.0417623	-0.0443383	-0.0933842	0	-4.50907	0	0	0	0.108469	0.180363	-0.0718939	0.108469
0	144.06	0	-2557.1	0	-0.0903442	-0.043218	-0.0471262	-0.0903442	0	-3.80881	0	0	0	0.106702	0.152352	-0.0456504	0.106702
0	154.436	0	-785.394	0	-0.0963856	-0.0463308	-0.0500548	-0.0963856	0	-3.40015	0	0	0	0.112228	0.136006	-0.0237777	0.112228
0	160.36	0	-2537.95	0	-0.101292	-0.0481079	-0.0531837	-0.101292	0	-3.19794	0	0	0	0.124429	0.127918	-0.0034886	0.124429
0	155.467	0	-8398.96	0	-0.103025	-0.0466401	-0.0563854	-0.103025	0	-1.8932	0	0	0	0.0899777	0.0757281	0.0142496	0.0899777
0	151.233	0	-9184.25	0	-0.104827	-0.04537	-0.0594571	-0.104827	0	-0.967327	0	0	0	0.0624118	0.0386931	0.0237187	0.0624118
0	154.722	0	-7824.35	0	-0.10892	-0.0464165	-0.0625032	-0.10892	0	-0.42138	0	0	0	0.0457745	0.0168552	0.0289193	0.0457745
0	164.981	0	-2652.87	0	-0.115139	-0.0494942	-0.0656451	-0.115139	0	0.0713563	0	0	0	0.027527	-0.00285425	0.0303812	0.027527
0	170.284	0	-1810.11	0	-0.120074	-0.0510853	-0.0689883	-0.120074	0	-0.122333	0	0	0	0.034939	0.00489331	0.0300457	0.034939
0	163.553	0	-2767.79	0	-0.121439	-0.049066	-0.0723732	-0.121439	0	-0.576757	0	0	0	0.0546194	0.0230703	0.0315491	0.0546194
0	149.436	0	-5363.11	0	-0.120412	-0.0448307	-0.0755813	-0.120412	0	-0.689565	0	0	0	0.0628828	0.0275826	0.0353002	0.0628828
0	131.67	0	-6143.62	0	-0.117977	-0.0395009	-0.0784757	-0.117977	0	-0.782152	0	0	0	0.0708386	0.0312861	0.0395525	0.0708386
0	120.147	0	-5018.34	0	-0.117088	-0.036044	-0.0810437	-0.117088	0	-0.899217	0	0	0	0.0804727	0.0359687	0.044504	0.0804727
0	109.828	0	-3385.5	0	-0.116343	-0.0329484	-0.0833951	-0.116343	0	-0.614005	0	0	0	0.0741434	0.0245602	0.0495832	0.0741434
0	100.789	0	-2916.23	0	-0.115791	-0.0302367	-0.0855546	-0.115791	0	-0.533124	0	0	0	0.0743368	0.0213249	0.0530119	0.0743368
0	319.291	0	-3270.58	0	-0.174152	-0.0957873	-0.0783651	-0.174152	0	-0.574628	0	0	0	0.0793011	0.0229851	0.056316	0.0793011
0	211.261	0	-4027.14	0	-0.147514	-0.0633784	-0.0841356	-0.147514	0	-0.223434	0	0	0	0.0684042	0.00893736	0.0594668	0.0684042
[D][encoder.h:243] print(): Encoder L:	737.109741	R:	742.789795

0	148.268	0	-3845.18	0	-0.132493	-0.0444803	-0.0880126	-0.132493	0	0.454477	0	0	0	0.0416194	-0.0181791	0.0597985	0.0416194
0	104.065	0	-5171.57	0	-0.121956	-0.0312195	-0.0907362	-0.121956	0	0.371468	0	0	0	0.0422161	-0.0148587	0.0570749	0.0422161
0	75.0708	0	-2954.54	0	-0.115179	-0.0225213	-0.0926575	-0.115179	0	0.303357	0	0	0	0.0428714	-0.0121343	0.0550057	0.0428714
0	51.3691	0	-2423.03	0	-0.109443	-0.0154107	-0.0940323	-0.109443	0	0.16288	0	0	0	0.0467981	-0.00651519	0.0533132	0.0467981
0	30.6089	0	-3792.51	0	-0.104138	-0.00918267	-0.0949556	-0.104138	0	-0.0276166	0	0	0	0.0538269	0.00110467	0.0527223	0.0538269
0	11.8021	0	-6210.66	0	-0.0990097	-0.00354064	-0.0954691	-0.0990097	0	0.250146	0	0	0	0.0426299	-0.0100058	0.0526358	0.0426299
0	1.55735	0	-6536.27	0	-0.0961081	-0.000467206	-0.0956409	-0.0961081	0	0.360826	0	0	0	0.0364433	-0.014433	0.0508763	0.0364433
0	0.371465	0	-5114.11	0	-0.0957713	-0.000111439	-0.0956599	-0.0957713	0	0.566221	0	0	0	0.0258805	-0.0226488	0.0485293	0.0258805
0	3.12227	0	-3323.25	0	-0.0966185	-0.00093668	-0.0956818	-0.0966185	0	0.683286	0	0	0	0.0174941	-0.0273314	0.0448255	0.0174941
0	5.3461	0	-3088.62	0	-0.0973623	-0.00160383	-0.0957584	-0.0973623	0	0.541744	0	0	0	0.0192093	-0.0216698	0.040879	0.0192093
0	215.148	0	-4654.42	0	-0.151974	-0.0645444	-0.0874301	-0.151974	0	0.557707	0	0	0	0.0154384	-0.0223083	0.0377467	0.0154384
0	126.49	0	-3859.55	0	-0.129165	-0.0379471	-0.0912176	-0.129165	0	0.706699	0	0	0	0.00586434	-0.0282679	0.0341323	0.00586434
0	286.868	0	-3979.26	0	-0.171171	-0.0860605	-0.085111	-0.171171	0	0.9387	0	0	0	-0.00812522	-0.037548	0.0294228	-0.00812522
0	167.17	0	-3893.07	0	-0.140313	-0.0501509	-0.0901624	-0.140313	0	0.778002	0	0	0	-0.00714433	-0.0311201	0.0239757	-0.00714433
0	98.1913	0	-2643.29	0	-0.122579	-0.0294574	-0.0931211	-0.122579	0	0.667322	0	0	0	-0.0071042	-0.0266929	0.0195887	-0.0071042
0	53.1155	0	-2758.22	0	-0.110769	-0.0159346	-0.0948348	-0.110769	0	0.634331	0	0	0	-0.00979169	-0.0253733	0.0155816	-0.00979169
[D][encoder.h:243] print(): Encoder L:	737.107300	R:	742.789795

0	23.1055	0	-3816.45	0	-0.102664	-0.00693166	-0.0957324	-0.102664	0	0.321449	0	0	0	-0.000798246	-0.012858	0.0120597	-0.000798246
0	2.49832	0	-4936.94	0	-0.0968319	-0.000749496	-0.0960824	-0.0968319	0	-0.00952482	0	0	0	0.0111282	0.000380993	0.0107472	0.0111282
0	-9.35186	0	-4596.96	0	-0.0932596	0.00280556	-0.0960651	-0.0932596	0	-0.0308093	0	0	0	0.0121197	0.00123237	0.0108874	0.0121197
0	-14.6791	0	-3514.78	0	-0.0914398	0.00440372	-0.0958435	-0.0914398	0	-0.00633214	0	0	0	0.0112904	0.000253286	0.0110371	0.0112904
0	-16.7189	0	-2763	0	-0.0905181	0.00501568	-0.0955338	-0.0905181	0	0.00856701	0	0	0	0.0106845	-0.00034268	0.0110272	0.0106845
0	-18.2222	0	-2628.93	0	-0.0897238	0.00546665	-0.0951905	-0.0897238	0	-0.0350662	0	0	0	0.0124551	0.00140265	0.0110524	0.0124551
0	-18.8681	0	-1623.36	0	-0.0889729	0.00566044	-0.0946333	-0.0889729	0	-0.034002	0	0	0	0.0127281	0.00136008	0.011368	0.0127281
0	-18.3839	0	-1178.04	0	-0.0889295	0.00551518	-0.0944447	-0.0889295	0	-0.0659288	0	0	0	0.0141072	0.00263715	0.01147	0.0141072
0	-18.2525	0	-713.568	0	-0.0886015	0.00547575	-0.0940773	-0.0886015	0	-0.197893	0	0	0	0.0199825	0.00791571	0.0120667	0.0199825
0	-19.4617	0	-981.719	0	-0.0878673	0.00583851	-0.0937058	-0.0878673	0	-0.237269	0	0	0	0.0228343	0.00949076	0.0133435	0.0228343
0	-20.9601	0	-641.742	0	-0.087019	0.00628802	-0.093307	-0.087019	0	-0.255361	0	0	0	0.0249975	0.0102144	0.0147831	0.0249975
0	-22.1673	0	-670.472	0	-0.0862313	0.00665018	-0.0928815	-0.0862313	0	-0.251104	0	0	0	0.0263849	0.0100442	0.0163408	0.0263849
0	-23.2704	0	-699.203	0	-0.0854523	0.00698113	-0.0924335	-0.0854523	0	-0.236205	0	0	0	0.0272445	0.00944819	0.0177963	0.0272445
0	-24.9397	0	-799.759	0	-0.0844753	0.00748191	-0.0919572	-0.0844753	0	-0.230884	0	0	0	0.0284681	0.00923535	0.0192327	0.0284681
0	-833.454	0	-799.759	0	0.158586	0.250036	-0.0914505	0.158586	0	-0.108498	0	0	0	0.0247664	0.00433991	0.0204264	0.0247664
0	325.212	0	-354.438	0	-0.174366	-0.0975637	-0.0768026	-0.174366	0	-0.0457085	0	0	0	0.0227685	0.00182834	0.0209401	0.0227685
[D][encoder.h:243] print(): Encoder L:	737.107300	R:	742.789795

0	171.358	0	651.127	0	-0.133834	-0.0514074	-0.0824262	-0.133834	0	-0.0638003	0	0	0	0.0238047	0.00255201	0.0212527	0.0238047
0	82.8514	0	-407.11	0	-0.110213	-0.0248554	-0.085358	-0.110213	0	-0.00633214	0	0	0	0.0218728	0.000253286	0.0216195	0.0218728
[D][encoder.h:243] print(): Encoder L:	737.107300	R:	742.792175

[D][encoder.h:243] print(): Encoder L:	737.107300	R:	742.789795

[D][encoder.h:243] print(): Encoder L:	737.107300	R:	742.789795

[D][encoder.h:243] print(): Encoder L:	737.109741	R:	742.789795

[D][encoder.h:243] print(): Encoder L:	737.109741	R:	742.789795

[D][encoder.h:243] print(): Encoder L:	737.109741	R:	742.792175

[D][encoder.h:243] print(): Encoder L:	737.107300	R:	742.789795

[D][encoder.h:243] print(): Encoder L:	737.109741	R:	742.789795

[D][encoder.h:243] print(): Encoder L:	737.107300	R:	742.789795

[D][encoder.h:243] print(): Encoder L:	737.109741	R:	742.789795

[D][encoder.h:243] print(): Encoder L:	737.107300	R:	742.789795

[D][encoder.h:243] print(): Encoder L:	737.107300	R:	742.789795

[D][encoder.h:243] print(): Encoder L:	737.107300	R:	742.789795

[D][encoder.h:243] print(): Encoder L:	737.109741	R:	742.789795

[D][encoder.h:243] print(): Encoder L:	737.107300	R:	742.789795

[D][encoder.h:243] print(): Encoder L:	737.109741	R:	742.789795

[D][encoder.h:243] print(): Encoder L:	737.109741	R:	742.789795

[D][encoder.h:243] print(): Encoder L:	746.693909	R:	742.789795

[D][encoder.h:243] print(): Encoder L:	737.109741	R:	742.789795

[D][encoder.h:243] print(): Encoder L:	737.109741	R:	742.789795

[D][encoder.h:243] print(): Encoder L:	737.109741	R:	742.789795

[D][encoder.h:243] print(): Encoder L:	746.693909	R:	742.789795

[D][encoder.h:243] print(): Encoder L:	737.109741	R:	742.789795

[D][encoder.h:243] print(): Encoder L:	737.109741	R:	742.789795

[D][encoder.h:243] print(): Encoder L:	737.109741	R:	742.789795

[D][encoder.h:243] print(): Encoder L:	737.109741	R:	742.789795

[D][encoder.h:243] print(): Encoder L:	737.109741	R:	742.787354

[D][encoder.h:243] print(): Encoder L:	737.109741	R:	742.787354

[D][encoder.h:243] print(): Encoder L:	737.109741	R:	742.789795

[D][encoder.h:243] print(): Encoder L:	737.112183	R:	742.789795

[D][encoder.h:243] print(): Encoder L:	746.693909	R:	742.789795

[D][encoder.h:243] print(): Encoder L:	737.109741	R:	742.789795

[D][encoder.h:243] print(): Encoder L:	737.109741	R:	742.787354

[D][encoder.h:243] print(): Encoder L:	737.109741	R:	742.787354

[D][encoder.h:243] print(): Encoder L:	737.109741	R:	742.787354

[D][encoder.h:243] print(): Encoder L:	737.109741	R:	742.789795

[D][encoder.h:243] print(): Encoder L:	737.119507	R:	742.789795

[D][encoder.h:243] print(): Encoder L:	740.105225	R:	743.467590

[D][encoder.h:243] print(): Encoder L:	748.304626	R:	743.732422

[D][encoder.h:243] print(): Encoder L:	748.299744	R:	743.649780

[D][encoder.h:243] print(): Encoder L:	740.702942	R:	743.683838

[D][encoder.h:243] print(): Encoder L:	740.530396	R:	744.262024

[D][encoder.h:243] print(): Encoder L:	740.034851	R:	744.291199

[D][encoder.h:243] print(): Encoder L:	740.097961	R:	744.441833

[D][encoder.h:243] print(): Encoder L:	736.725891	R:	742.661072

[D][encoder.h:243] print(): Encoder L:	730.574585	R:	742.724182

[D][encoder.h:243] print(): Encoder L:	726.378906	R:	742.563843

[D][encoder.h:243] print(): Encoder L:	726.456665	R:	742.413208

[D][encoder.h:243] print(): Encoder L:	726.466370	R:	740.999329

[D][encoder.h:243] print(): Encoder L:	726.466370	R:	738.319580

[D][encoder.h:243] print(): Encoder L:	726.466370	R:	737.751099

[D][encoder.h:243] print(): Encoder L:	726.466370	R:	737.717102

[D][encoder.h:243] print(): Encoder L:	726.463928	R:	737.374573

[D][encoder.h:243] print(): Encoder L:	726.463928	R:	737.272522

[D][encoder.h:243] print(): Encoder L:	726.463928	R:	736.762390

[D][encoder.h:243] print(): Encoder L:	726.463928	R:	736.721069

[D][encoder.h:243] print(): Encoder L:	726.463928	R:	736.767212

[D][encoder.h:243] print(): Encoder L:	726.463928	R:	736.815796

[D][encoder.h:243] print(): Encoder L:	726.463928	R:	736.742920

[D][encoder.h:243] print(): Encoder L:	726.466370	R:	736.563110

[D][encoder.h:243] print(): Encoder L:	726.463928	R:	736.181702

[D][encoder.h:243] print(): Encoder L:	726.466370	R:	735.484436

[D][encoder.h:243] print(): Encoder L:	726.463928	R:	735.426147

[D][encoder.h:243] print(): Encoder L:	726.463928	R:	735.462585

[D][encoder.h:243] print(): Encoder L:	726.463928	R:	735.440735

[D][encoder.h:243] print(): Encoder L:	726.463928	R:	735.744446

[D][encoder.h:243] print(): Encoder L:	726.461487	R:	735.742004

[D][encoder.h:243] print(): Encoder L:	726.461487	R:	735.742004

[D][encoder.h:243] print(): Encoder L:	721.466553	R:	735.744446

[D][encoder.h:243] print(): Encoder L:	726.461487	R:	735.744446

[D][encoder.h:243] print(): Encoder L:	726.461487	R:	735.744446

[D][encoder.h:243] print(): Encoder L:	726.461487	R:	735.742004

[D][encoder.h:243] print(): Encoder L:	726.461487	R:	735.744446

[D][encoder.h:243] print(): Encoder L:	726.463928	R:	735.744446

[D][encoder.h:243] print(): Encoder L:	726.463928	R:	735.744446

[D][encoder.h:243] print(): Encoder L:	726.463928	R:	735.744446

[D][encoder.h:243] print(): Encoder L:	726.461487	R:	735.742004

[D][encoder.h:243] print(): Encoder L:	726.463928	R:	735.737122

[D][encoder.h:243] print(): Encoder L:	726.463928	R:	735.739563

[D][encoder.h:243] print(): Encoder L:	721.466553	R:	735.739563

[D][encoder.h:243] print(): Encoder L:	726.463928	R:	735.742004

[D][encoder.h:243] print(): Encoder L:	726.463928	R:	735.744446

[D][encoder.h:243] print(): Encoder L:	726.463928	R:	735.744446

[D][encoder.h:243] print(): Encoder L:	726.463928	R:	735.744446

eCSets Jun  8 2016 00:22:57

rst:0x1 (POWERON_RESET),boot:0x13 (SPI_FAST_FLASH_BOOT)
configsip: 188777542, SPIWP:0xee
clk_drv:0x00,q_drv:0x00,d_drv:0x00,cs0_drv:0x00,hd_drv:0x00,wp_drv:0x00
mode:DIO, clock div:2
load:0x3fff0018,len:4
load:0x3fff001c,len:1100
load:0x40078000,len:9232
load:0x40080400,len:6412
entry 0x400806a8
ets Jun  8 2016 00:22:57

rst:0x1 (POWERON_RESET),boot:0x13 (SPI_FAST_FLASH_BOOT)
configsip: 188777542, SPIWP:0xee
clk_drv:0x00,q_drv:0x00,d_drv:0x00,cs0_drv:0x00,hd_drv:0x00,wp_drv:0x00
mode:DIO, clock div:2
load:0x3fff0018,len:4
load:0x3fff001c,len:1100
load:0x40078000,len:9232
load:0x40080400,len:6412
entry 0x400806a8
ets Jun  8 2016 00:22:57

rst:0x1 (POWERON_RESET),boot:0x13 (SPI_FAST_FLASH_BOOT)
configsip: 188777542, SPIWP:0xee
clk_drv:0x00,q_drv:0x00,d_drv:0x00,cs0_drv:0x00,hd_drv:0x00,wp_drv:0x00
mode:DIO, clock div:2
load:0x3fff0018,len:4
load:0x3fff001c,len:1100
load:0x40078000,len:9232
load:0x40080400,len:6412
entry 0x400806a8
p