0	-0.010319	0	-20.638	0	0	0	0	0	0	-0.00251157	0	0	0	0.000226041	0.000226041	0	0.000226041
0	-0.0204525	0	-25.4264	0	0	0	0	0	0.0150796	0.0155803	15.0796	0	0.0114354	-1.86759e-05	-4.50551e-05	2.63792e-05	0.0114167
0	-0.084038	0	-145.137	0	0	0	0	0	0.0603186	0.037929	30.1593	0	0.0231221	0.00209499	0.00201506	7.99242e-05	0.0252171
0	-0.139439	0	-164.29	0	0	0	0	0	0.135717	0.0326079	45.2389	0	0.0350602	0.00959586	0.00927981	0.000316049	0.044656
0	-0.762935	0	-159.502	0	0	0	0	0	0.241274	0.0389932	60.3186	0	0.0472496	0.019287	0.0182053	0.00108173	0.0665366
0	-0.279235	0	-149.925	0	0	0	0	0	0.376991	0.0443143	75.3982	0	0.0596903	0.0324318	0.0299409	0.00249087	0.0921221
0	-763.891	0	-87.6757	0	0	0	-0	0	0.542867	0.0496355	90.4779	0	0.0723823	0.0490993	0.0443909	0.00470848	0.121482
0	-191.292	0	-20.638	0	0	0	-0	0	0.738903	0.0687915	105.558	0	0.0853257	0.0682032	0.06031	0.00789315	0.153529
0	-48.7317	0	3.304	0	0	0	-0	0	0.965097	0.111361	120.637	0	0.0985204	0.0889504	0.0768363	0.0121141	0.187471
0	1516.28	0	46.3996	0	-0	-0	-0	0	1.22145	0.208205	135.717	0	0.111966	0.108703	0.0911922	0.0175108	0.220669
0	1141.88	0	-1232.1	0	0	-0	-0	0	1.50796	0.390188	150.796	0	0.125664	0.124452	0.1006	0.0238523	0.250116
0	-962.26	0	-2874.53	0	0	0	-0	0	1.80956	0.797786	150.796	0	0.12692	0.104693	0.0774878	0.0272056	0.231614
0	-116.181	0	1482.92	0	0	0	-0	0	2.11115	2.51438	150.796	0	0.13069	-0.00531097	-0.0362907	0.0309798	0.125379
0	-23.7903	0	1631.36	0	0	0	-0	0	2.41274	3.11673	150.796	0	0.133204	-0.0354349	-0.063359	0.0279241	0.0977686
0	-2.60114	0	-240.905	0	0	0	-0	0	2.71434	3.11673	150.796	0	0.135717	-0.0122227	-0.0362156	0.0239929	0.123494
0	2.08782	0	-15.8496	0	0	-0	-0	0	3.01593	3.10928	150.796	0	0.13823	0.0136642	-0.00840182	0.022066	0.151894
0	2.96936	0	89.4953	0	-0	-0	-0	0	3.31752	3.14653	150.796	0	0.140743	0.0377647	0.0153892	0.0223756	0.178508
0	3.32532	0	36.8228	0	-0	-0	-0	0	3.61911	3.15504	150.796	0	0.142	0.0510832	0.0281946	0.0228885	0.193083
0	2.05106	0	-437.229	0	0	-0	-0	0	3.76991	3.18591	150.796	0	0.143257	0.062817	0.0389887	0.0238284	0.206074
0	0.789797	0	-896.916	0	0	-0	-0	0	4.0715	3.94576	150.796	0	0.147027	0.0382427	0.0113165	0.0269261	0.185269
0	2.84846	0	1262.65	0	-0	-0	-0	0	4.3731	4.27142	150.796	0	0.148283	0.0228828	-0.00442058	0.0273034	0.171166
0	1627.92	0	146.956	0	-0	-0	-0	0	4.67469	5.21432	150.796	0	0.152053	-0.0237199	-0.0485669	0.024847	0.128333
0	-404.174	0	36.8228	0	0	0	-0	0	4.97628	5.14408	150.796	0	0.154566	0.00745975	-0.0151021	0.0225619	0.162026
0	-99.6257	0	-183.444	0	0	0	-0	0	5.27787	5.1494	150.796	0	0.15708	0.0335761	0.0115623	0.0220138	0.190656
0	-859.284	0	-317.519	0	0	0	-0	0	5.57946	5.18133	150.796	0	0.159593	0.0590693	0.0358323	0.023237	0.218662
0	-213.558	0	-78.0989	0	0	0	-0	0	5.88106	6.00398	150.796	0	0.162106	0.0141408	-0.0110626	0.0252035	0.176247
0	-105.521	0	1300.96	0	0	0	-0	0	6.18265	6.45308	150.796	0	0.163363	-0.0130756	-0.0379103	0.0248347	0.150287
0	-25.9352	0	-260.058	0	0	0	-0	0	6.48424	6.66912	150.796	0	0.165876	-0.00807313	-0.0302103	0.0221372	0.157803
0	-2.91729	0	-63.7337	0	0	0	-0	0	6.78583	6.65741	150.796	0	0.169646	0.0322199	0.0115583	0.0206617	0.201866
0	0.988688	0	405.53	0	-0	-0	-0	0	7.08743	6.96603	150.796	0	0.172159	0.0326216	0.0109253	0.0216962	0.204781
0	0.615525	0	65.5532	0	-0	-0	-0	0	7.38902	7.84615	150.796	0	0.174673	-0.0195961	-0.0411417	0.0215456	0.155076
0	1.41743	0	-25.4264	0	0	-0	-0	0	7.69061	7.95683	150.796	0	0.177186	-0.00526937	-0.0239595	0.0186901	0.171916
0	2.24934	0	209.205	0	-0	-0	-0	0	7.9922	7.89617	150.796	0	0.179699	0.0264056	0.00864328	0.0177623	0.206105
0	2.30688	0	683.257	0	-0	-0	-0	0	8.2938	8.3921	150.796	0	0.182212	0.00950974	-0.008847	0.0183567	0.191722
0	2.08536	0	-63.7337	0	0	-0	-0	0	8.59539	8.84014	150.796	0	0.184726	-0.00476227	-0.022027	0.0172647	0.179963
0	2.89553	0	-365.403	0	0	-0	-0	0	8.89699	9.11683	150.796	0	0.187239	-0.00385389	-0.0197865	0.0159326	0.183385
0	3.65975	0	779.025	0	-0	-0	-0	0	9.19858	9.34883	150.796	0	0.189752	0.00116598	-0.0135231	0.0146891	0.190918
0	2023.32	0	142.168	0	-0	-0	-0	0	9.50017	9.49889	150.796	0	0.191009	0.000781817	-0.0134565	0.0142384	0.191791
0	-1517.32	0	419.895	0	0	0	-0	0	9.80177	9.78304	150.796	0	0.193522	0.00140285	-0.0118863	0.0132892	0.194925
0	-183.158	0	1195.62	0	0	0	-0	0	10.1034	10.0832	150.796	0	0.197292	0.0145325	0.00181867	0.0127138	0.211825
0	-89.3564	0	-413.287	0	0	0	-0	0	10.405	10.2949	150.796	0	0.198549	0.0091046	-0.00366986	0.0127745	0.207653
0	-3.8927	0	1214.77	0	0	0	-0	0	10.7065	11.0207	150.796	0	0.202319	-0.0169387	-0.0282769	0.0113382	0.18538
0	7.12229	0	1214.77	0	-0	-0	-0	0	11.0081	11.3464	150.796	0	0.204832	-0.021054	-0.0304423	0.00938826	0.183778
0	12.4441	0	1358.42	0	-0	-0	-0	0	11.3097	11.3091	150.796	0	0.207345	0.00792858	5.35584e-05	0.00787502	0.215274
0	11.6637	0	-1490.68	0	0	-0	-0	0	11.7621	11.6284	150.796	0	0.211115	0.0206207	0.0120345	0.00858624	0.231736
0	2380.58	0	1032.81	0	-0	-0	-0	0	12.0637	12.1467	150.796	0	0.213628	0.00173858	-0.00746701	0.00920559	0.215367
0	1831.98	0	-1313.51	0	0	-0	-0	0	12.3653	12.6352	150.796	0	0.216142	-0.0158129	-0.0242867	0.00847375	0.200329
0	-735.758	0	-164.29	0	0	0	-0	0	12.6669	13.0907	150.796	0	0.218655	-0.0316284	-0.0381372	0.00650886	0.187027
0	-171.315	0	597.066	0	0	0	-0	0	12.9685	13.2013	150.796	0	0.221168	-0.0167567	-0.0209551	0.00419848	0.204411
0	1193.1	0	-451.594	0	0	-0	0	0	13.2701	13.477	150.796	0	0.223681	-0.0152125	-0.0186187	0.00340614	0.208469
0	310.377	0	-97.2525	0	0	-0	0	0	13.5717	13.7526	150.796	0	0.226195	-0.0140609	-0.0162823	0.0022214	0.212134
0	90.4209	0	735.93	0	-0	-0	-0	0	13.8733	14.0357	150.796	0	0.228708	-0.013472	-0.0146165	0.00114451	0.215236
0	32.2709	0	-1270.41	0	0	-0	-0	0	14.1749	14.4443	150.796	0	0.231221	-0.0243741	-0.0242527	-0.000121422	0.206847
0	22.9395	0	-968.742	0	0	-0	-0	0	14.4765	14.5646	150.796	0	0.232478	-0.022434	-0.0215042	-0.000929845	0.210044
0	17.766	0	1363.21	0	-0	-0	-0	0	14.7781	15.0158	150.796	0	0.236248	-0.0240137	-0.0213998	-0.00261385	0.212234
0	14.3556	0	-30.2148	0	0	-0	-0	0	15.0797	15.3362	150.796	0	0.238761	-0.027131	-0.0230863	-0.00404466	0.21163
0	13.6319	0	-542.574	0	0	-0	-0	0	15.3812	15.4224	150.796	0	0.241274	-0.00916459	-0.00370119	-0.0054634	0.23211
0	12.4978	0	-451.594	0	0	-0	-0	0	15.6828	15.5884	150.796	0	0.243788	0.00329711	0.00850059	-0.00520347	0.247085
0	-1934.54	0	-1.48441	0	0	0	-0	0	15.9844	16.1482	150.796	0	0.246301	-0.0197477	-0.0147364	-0.00501128	0.226553
0	-1390.83	0	-877.762	0	0	0	0	0	16.286	16.6409	150.796	0	0.248814	-0.0384672	-0.0319393	-0.00652786	0.210347
0	603.333	0	-279.212	0	0	-0	0	0	16.5876	16.6207	150.796	0	0.251327	-0.0112639	-0.00297609	-0.00828776	0.240064
0	158.219	0	664.104	0	-0	-0	-0	0	16.8892	16.9176	150.796	0	0.253841	-0.0108507	-0.00255518	-0.00829557	0.24299
0	45.4532	0	510.875	0	-0	-0	-0	0	17.1908	17.5444	150.796	0	0.256354	-0.0408552	-0.0318264	-0.0090288	0.215499
0	18.3297	0	142.168	0	-0	-0	-0	0	17.4886	17.5966	143.256	0	0.253181	-0.0206819	-0.00971552	-0.0109664	0.232499
0	12.8538	0	1085.48	0	-0	-0	-0	0	17.7601	17.8222	128.176	0	0.244133	-0.0168068	-0.00559204	-0.0112148	0.227326
0	5.71269	0	-2912.83	0	0	-0	-0	0	18.0013	18.5065	113.097	0	0.234834	-0.0580418	-0.0454642	-0.0125776	0.176792
0	6.54453	0	707.199	0	-0	-0	-0	0	18.2125	18.2724	98.017	0	0.225283	-0.0205068	-0.00539223	-0.0151146	0.204776
0	6.39287	0	611.431	0	-0	-0	-0	0	18.3934	18.134	82.9373	0	0.215481	0.00862612	0.0233449	-0.0147188	0.224107
0	7.9847	0	1717.55	0	-0	-0	-0	0	18.5442	18.3426	67.8576	0	0.205428	0.004855	0.0181439	-0.0132889	0.210283
0	-1246.41	0	-1179.43	0	0	0	-0	0	18.6648	18.5778	52.778	0	0.195124	-0.00418757	0.0078336	-0.0120212	0.190936
0	317.452	0	-1145.91	0	0	-0	-0	0	18.7553	19.0876	37.6983	0	0.184568	-0.0421003	-0.0299024	-0.012198	0.142468
0	160.521	0	-54.1568	0	0	-0	-0	0	18.8156	19.0588	22.6186	0	0.179196	-0.0374575	-0.0242628	-0.0131947	0.141738
0	23.8645	0	-638.342	0	0	-0	-0	0	18.8458	18.7577	7.53894	0	0.162702	-0.00660219	0.0079323	-0.0145345	0.1561
0	8.68445	0	467.779	0	-0	-0	-0	0	18.8496	18.6065	0	0	0.15708	0.00806623	0.0218722	-0.013806	0.165146
0	5.15007	0	352.857	0	-0	-0	-0	0	18.8496	18.5299	0	0	0.15708	0.0166474	0.0287686	-0.0121212	0.173727
0	3.76592	0	41.6112	0	-0	-0	-0	0	18.8496	18.3777	0	0	0.15708	0.0323767	0.0424651	-0.0100883	0.189456
0	6.08497	0	1937.82	0	-0	-0	-0	0	18.8496	18.1617	0	0	0.15708	0.0550343	0.0619085	-0.00687421	0.212114
0	5.97871	0	-240.905	0	0	-0	-0	0	18.8496	18.4001	0	0	0.15708	0.0372277	0.0404535	-0.00322588	0.194307
0	4.50732	0	-1299.14	0	0	-0	-0	0	18.8496	18.2905	0	0	0.15708	0.0500296	0.0503191	-0.000289529	0.207109
0	-575.872	0	-125.983	0	0	0	-0	0	18.8496	19.0929	0	0	0.15708	-0.0198717	-0.0218992	0.00202745	0.137208
0	298.166	0	2426.24	0	-0	-0	-0	0	18.8496	19.2727	0	0	0.15708	-0.0367887	-0.0380862	0.00129748	0.120291
0	44.0009	0	-585.67	0	0	-0	-0	0	18.8496	19.0131	0	0	0.15708	-0.0159818	-0.0147158	-0.00126599	0.141098
0	16.9427	0	223.571	0	-0	-0	-0	0	18.8496	18.9513	0	0	0.15708	-0.0113563	-0.00916037	-0.00219597	0.145723
0	11.1618	0	-68.5221	0	0	-0	-0	0	18.8496	18.8513	0	0	0.15708	-0.00280091	-0.00015707	-0.00264384	0.154279
0	10.4467	0	60.7648	0	-0	-0	-0	0	18.8496	18.8162	0	0	0.15708	0.000432256	0.00300356	-0.0025713	0.157512
0	7.25054	0	-1337.45	0	0	-0	-0	0	18.8496	18.6406	0	0	0.15708	0.0165224	0.0188072	-0.00228486	0.173602
0	8.67503	0	381.588	0	-0	-0	-0	0	18.8496	18.3405	0	0	0.15708	0.0441593	0.0458173	-0.00165796	0.201239
0	6.95305	0	-130.771	0	0	-0	-0	0	18.8496	17.8477	0	0	0.15708	0.0958682	0.0901636	0.0057046	0.252948
0	10.1911	0	2081.47	0	-0	-0	-0	0	18.8496	18.1585	0	0	0.15708	0.0735217	0.0621957	0.011326	0.230601
0	6.75712	0	-1605.6	0	0	-0	-0	0	18.8496	19.3877	0	0	0.15708	-0.0343725	-0.0484305	0.014058	0.122707
0	5.61628	0	-1883.33	0	0	-0	-0	0	18.8496	20.1348	0	0	0.15708	-0.10641	-0.115668	0.00925852	0.05067
0	5.23713	0	568.336	0	-0	-0	-0	0	18.8496	19.9017	0	0	0.15708	-0.0929088	-0.0946924	0.00178357	0.0641708
0	7.20766	0	501.298	0	-0	-0	-0	0	18.8496	19.94	0	0	0.15708	-0.102666	-0.0981404	-0.00452606	0.0544132
0	7.69574	0	1190.83	0	-0	-0	-0	0	18.8496	19.1163	0	0	0.15708	-0.0344814	-0.0240065	-0.0104749	0.122598
0	7.42217	0	391.165	0	-0	-0	-0	0	18.8496	17.9446	0	0	0.15708	0.071604	0.0814477	-0.00984367	0.228684
0	4.69947	0	194.84	0	-0	-0	-0	0	18.8496	18.1628	0	0	0.15708	0.0570986	0.0618125	-0.00471394	0.214178
0	3.08338	0	8.0924	0	-0	-0	-0	0	18.8496	18.0883	0	0	0.15708	0.0680838	0.0685173	-0.000433468	0.225163
0	2.69779	0	-1189.01	0	0	-0	-0	0	18.8496	18.9152	0	0	0.15708	-0.00249451	-0.00590412	0.00340961	0.154585
0	1.61806	0	-676.649	0	0	-0	-0	0	18.8496	19.2876	0	0	0.15708	-0.0362142	-0.039427	0.00321281	0.120865
0	3.64059	0	1535.59	0	-0	-0	-0	0	18.8496	19.9794	0	0	0.15708	-0.105256	-0.101684	-0.00357138	0.0518239
0	0.235703	0	-408.499	0	0	-0	-0	0	18.8496	19.9783	0	0	0.15708	-0.112028	-0.101589	-0.0104397	0.0450514
0	-2.28021	0	-949.588	0	0	0	-0	0	18.8496	19.4856	0	0	0.15708	-0.0741735	-0.0572422	-0.0169313	0.0829061
0	-1.96037	0	1458.98	0	0	0	-0	0	18.8496	18.332	0	0	0.15708	0.0278411	0.0465836	-0.0187425	0.184921
0	-1.76901	0	2545.95	0	0	0	-0	0	18.8496	18.1032	0	0	0.15708	0.0521653	0.0671764	-0.0150111	0.209245
0	-2.21309	0	-207.386	0	0	0	-0	0	18.8496	18.3383	0	0	0.15708	0.0349845	0.0460089	-0.0110244	0.192064
0	-1.54718	0	333.704	0	0	0	-0	0	18.8496	18.2926	0	0	0.15708	0.0406368	0.0501275	-0.00949077	0.197716
0	-0.388987	0	-987.896	0	0	0	-0	0	18.8496	19.1823	0	0	0.15708	-0.0354253	-0.0299448	-0.00548053	0.121654
0	-0.0699335	0	-963.953	0	0	0	-0	0	18.8496	19.6867	0	0	0.15708	-0.0818233	-0.0753446	-0.00647868	0.0752564
0	0.978928	0	-159.502	0	0	-0	-0	0	18.8496	19.6548	0	0	0.15708	-0.0868963	-0.0724713	-0.014425	0.0701833
0	1.90336	0	472.568	0	-0	-0	-0	0	18.8496	19.7027	0	0	0.15708	-0.0961208	-0.0767814	-0.0193394	0.0609588
0	4.43602	0	826.909	0	-0	-0	-0	0	18.8496	19.1429	0	0	0.15708	-0.0505685	-0.0264008	-0.0241677	0.106511
0	4.19691	0	300.185	0	-0	-0	-0	0	18.8496	18.0914	0	0	0.15708	0.0443551	0.0682299	-0.0238748	0.201435
0	6.22902	0	1344.06	0	-0	-0	-0	0	18.8496	17.9584	0	0	0.15708	0.0613711	0.0802024	-0.0188313	0.218451
0	4.21164	0	-1289.56	0	0	-0	-0	0	18.8496	18.1787	0	0	0.15708	0.046633	0.0603761	-0.0137431	0.203713
0	6.04357	0	-983.107	0	0	-0	-0	0	18.8496	19.0088	0	0	0.15708	-0.0251458	-0.0143327	-0.0108131	0.131934
0	8.60461	0	1267.44	0	-0	-0	-0	0	18.8496	19.3483	0	0	0.15708	-0.0574852	-0.0448865	-0.0125987	0.0995944
0	11.1281	0	1243.5	0	-0	-0	-0	0	18.8496	19.4654	0	0	0.15708	-0.0711191	-0.0554226	-0.0156965	0.0859605
0	11.5582	0	-475.536	0	0	-0	-0	0	18.8496	19.493	0	0	0.15708	-0.0775595	-0.0579127	-0.0196468	0.0795202
0	2089.7	0	32.0344	0	-0	-0	-0	0	18.8496	18.8566	0	0	0.15708	-0.0237415	-0.000636177	-0.0231053	0.133338
0	1638.12	0	994.504	0	-0	-0	-0	0	18.8496	17.8041	0	0	0.15708	0.0728969	0.0940907	-0.0211938	0.229977
0	-653.597	0	-279.212	0	0	0	-0	0	18.8496	17.9552	0	0	0.15708	0.0655144	0.0804898	-0.0149754	0.222594
0	-153.033	0	-188.232	0	0	0	-0	0	18.8496	17.9222	0	0	0.15708	0.0737794	0.083459	-0.00967963	0.230859
0	-25.925	0	1090.27	0	0	0	-0	0	18.8496	18.3426	0	0	0.15708	0.0415261	0.0456259	-0.00409973	0.198606
0	2415.94	0	-1514.62	0	0	-0	-0	0	18.8496	19.6771	0	0	0.15708	-0.0780024	-0.0744828	-0.00351956	0.0790772
0	-1813.31	0	123.014	0	0	0	-0	0	18.8496	19.4526	0	0	0.15708	-0.0626561	-0.0542732	-0.00838291	0.0944236
0	-440.95	0	-15.8496	0	0	0	-0	0	18.8496	19.2312	0	0	0.15708	-0.0459145	-0.0343508	-0.0115637	0.111165
0	-96.8017	0	2268.22	0	0	0	-0	0	18.8496	19.0471	0	0	0.15708	-0.031411	-0.0177807	-0.0136303	0.125669
0	-11.8056	0	261.878	0	0	0	-0	0	18.8496	18.3639	0	0	0.15708	0.0295107	0.0437101	-0.0141995	0.18659
0	-2217.76	0	-154.713	0	0	0	-0	0	18.8496	17.6328	0	0	0.15708	0.0997071	0.109511	-0.00980407	0.256787
0	571.871	0	-78.0989	0	0	-0	-0	0	18.8496	17.5849	0	0	0.15708	0.111372	0.113821	-0.00244904	0.268452
0	293.297	0	146.956	0	-0	-0	-0	0	18.8496	17.4763	0	0	0.15708	0.124936	0.123591	0.00134501	0.282016
0	574.868	0	-518.632	0	0	-0	-0	0	18.8496	19.0663	0	0	0.15708	-0.00848899	-0.0195049	0.0110159	0.148591
0	293.441	0	-1347.03	0	0	-0	-0	0	18.8496	19.6452	0	0	0.15708	-0.0612435	-0.0716092	0.0103657	0.0958361
0	538.872	0	597.066	0	-0	-0	-0	0	18.8496	19.5899	0	0	0.15708	-0.0650715	-0.0666288	0.00155735	0.0920082
0	143.415	0	218.782	0	-0	-0	-0	0	18.8496	19.4143	0	0	0.15708	-0.053186	-0.050825	-0.00236097	0.103894
0	48.9753	0	2972.11	0	-0	-0	-0	0	18.8496	18.8439	0	0	0.15708	-0.00487224	0.000513096	-0.00538533	0.152207
0	-812.982	0	-805.936	0	0	0	-0	0	18.8496	18.184	0	0	0.15708	0.0557113	0.0598971	-0.0041858	0.212791
0	651.291	0	-1222.53	0	0	-0	-0	0	18.8496	17.6998	0	0	0.15708	0.10415	0.103477	0.000672557	0.261229
0	170.863	0	1918.67	0	-0	-0	-0	0	18.8496	17.5253	0	0	0.15708	0.127021	0.119185	0.00783601	0.284101
0	89.1889	0	-987.896	0	0	-0	-0	0	18.8496	17.4934	0	0	0.15708	0.133867	0.122058	0.0118088	0.290947
0	31.7694	0	-1232.1	0	0	-0	-0	0	18.8496	18.8545	0	0	0.15708	0.0180265	-0.000444603	0.0184711	0.175106
0	18.2602	0	1339.27	0	-0	-0	-0	0	18.8496	20.0347	0	0	0.15708	-0.090535	-0.106665	0.0161299	0.0665447
0	-1359.17	0	166.11	0	0	0	-0	0	18.8496	20.122	0	0	0.15708	-0.101944	-0.114519	0.0125744	0.0551351
0	185.055	0	12.8808	0	-0	-0	-0	0	18.8496	19.5697	0	0	0.15708	-0.0617995	-0.0648089	0.00300941	0.0952802
0	98.0171	0	46.3996	0	-0	-0	-0	0	18.8496	19.4877	0	0	0.15708	-0.0565847	-0.0574338	0.00084911	0.100495
0	22.1474	0	1435.04	0	-0	-0	-0	0	18.8496	18.3	0	0	0.15708	0.047334	0.049457	-0.00212302	0.204414
0	17.4117	0	530.028	0	-0	-0	-0	0	18.8496	17.9467	0	0	0.15708	0.0807815	0.0812559	-0.000474456	0.237861
0	12.7281	0	166.11	0	-0	-0	-0	0	18.8496	17.8435	0	0	0.15708	0.0987438	0.0905467	0.00819709	0.255823
0	13.1142	0	137.379	0	-0	-0	-0	0	18.8496	17.8009	0	0	0.15708	0.105593	0.0943779	0.0112153	0.262673
0	721.394	0	1387.15	0	-0	-0	-0	0	18.8496	19.3238	0	0	0.15708	-0.0257789	-0.0426838	0.0169049	0.131301
0	196.919	0	764.66	0	-0	-0	-0	0	18.8496	19.6846	0	0	0.15708	-0.0618792	-0.0751532	0.0132739	0.0952004
0	111.519	0	1827.69	0	-0	-0	-0	0	18.8496	19.7272	0	0	0.15708	-0.0682155	-0.0789843	0.0107688	0.0888641
0	31.0322	0	-2912.83	0	0	-0	-0	0	18.8496	19.3696	0	0	0.15708	-0.0437754	-0.0468023	0.00302683	0.113304
0	25.4116	0	-2074.86	0	0	-0	-0	0	18.8496	18.979	0	0	0.15708	-0.0101841	-0.0116508	0.00146675	0.146896
0	331.646	0	846.063	0	-0	-0	-0	0	18.8496	17.902	0	0	0.15708	0.0896162	0.085279	0.00433721	0.246696
0	178.394	0	846.063	0	-0	-0	-0	0	18.8496	17.9073	0	0	0.15708	0.0919797	0.0847999	0.00717984	0.249059
0	326.87	0	903.524	0	-0	-0	-0	0	18.8496	18.0606	0	0	0.15708	0.0835819	0.0710074	0.0125746	0.240662
0	99.1774	0	-1691.79	0	0	-0	-0	0	18.8496	18.8588	0	0	0.15708	0.0156603	-0.00082758	0.0164879	0.17274
0	34.1204	0	659.315	0	-0	-0	-0	0	18.8496	20.2816	0	0	0.15708	-0.117816	-0.128886	0.0110702	0.0392639
0	26.6053	0	-193.021	0	0	-0	-0	0	18.8496	19.9826	0	0	0.15708	-0.0991076	-0.101972	0.00286407	0.057972
0	25.3253	0	-250.481	0	-0	-0	-0	0	18.8496	19.9113	0	0	0.15708	-0.0992999	-0.0955543	-0.00374566	0.0577797
0	-113.371	0	1415.88	0	0	0	-0	0	18.8496	19.1301	0	0	0.15708	-0.0346587	-0.0252516	-0.00940718	0.122421
0	96.5837	0	1640.94	0	-0	-0	-0	0	18.8496	18.531	0	0	0.15708	0.0184239	0.0286728	-0.0102489	0.175504
0	32.4854	0	-1347.03	0	0	-0	-0	0	18.8496	18.3352	0	0	0.15708	0.0410505	0.0462962	-0.00524572	0.19813
0	26.9378	0	-475.536	0	0	-0	-0	0	18.8496	18.3107	0	0	0.15708	0.0447966	0.0484991	-0.00370251	0.201876
0	23.388	0	-231.328	0	0	-0	-0	0	18.8496	18.3373	0	0	0.15708	0.0472872	0.0461046	0.00118252	0.204367
0	22.4203	0	-413.287	0	0	-0	-0	0	18.8496	18.6236	0	0	0.15708	0.023059	0.0203396	0.00271934	0.180139
0	23.3571	0	831.698	0	-0	-0	-0	0	18.8496	20.0294	0	0	0.15708	-0.10649	-0.106186	-0.000303882	0.0505898
0	22.4128	0	1755.86	0	-0	-0	-0	0	18.8391	19.6559	-12.5607	0	0.147572	-0.0805646	-0.0735087	-0.00705593	0.0670073
0	20.1872	0	-78.0989	0	0	-0	-0	0	18.7989	19.4984	-27.6402	0	0.135927	-0.074711	-0.0629513	-0.0117597	0.0612163
0	-177.816	0	-2089.23	0	0	0	-0	0	18.7285	18.8279	-42.7196	0	0.124031	-0.0241434	-0.00894201	-0.0152014	0.099888
0	456.278	0	1976.13	0	-0	-0	-0	0	18.628	17.7541	-57.7991	0	0.111884	0.0644129	0.0786539	-0.0142409	0.176297
0	-112.147	0	1655.3	0	0	0	-0	0	18.4973	17.8009	-72.8785	0	0.0994856	0.0538509	0.0626785	-0.00882768	0.153336
0	-45.9034	0	-312.731	0	0	0	-0	0	18.3365	17.7871	-87.958	0	0.0868357	0.0444513	0.0494484	-0.00499718	0.131287
0	-304.731	0	309.762	0	0	0	-0	0	18.1455	17.7679	-103.037	0	0.0739345	0.0320554	0.0339833	-0.0019279	0.10599
0	-141.482	0	-102.041	0	0	0	-0	0	17.9244	17.769	-118.117	0	0.0673897	0.02348	0.0242752	-0.000795126	0.0908697
0	4.85741	0	429.472	0	-0	-0	-0	0	17.6731	18.0361	-133.196	0	0.0473782	-0.0330668	-0.0326749	-0.000391882	0.0143114
0	16.4465	0	-121.194	0	0	-0	-0	0	17.3916	17.9276	-148.276	0	0.033723	-0.0514767	-0.0482377	-0.00323902	-0.0177537
0	21.5571	0	161.321	0	-0	-0	-0	0	17.0904	17.9488	-150.796	0	0.0293228	-0.084276	-0.0772583	-0.00701772	-0.0549532
0	977.336	0	-374.98	0	0	-0	-0	0	16.7888	16.875	-150.796	0	0.0268095	-0.0192653	-0.00775892	-0.0115064	0.00754421
0	-455.088	0	1382.36	0	0	0	-0	0	16.4872	16.1641	-150.796	0	0.0255529	0.0308856	0.0426506	-0.011765	0.0564385
0	941.497	0	-1093.24	0	0	-0	-0	0	16.1856	15.8395	-150.796	0	0.0230397	0.0364833	0.0447208	-0.00823745	0.059523
0	-263.835	0	865.217	0	0	0	-0	0	15.8841	15.747	-150.796	0	0.0205264	0.0199914	0.0259106	-0.00591917	0.0405178
0	-580.316	0	-513.844	0	0	0	-0	0	15.5825	15.1489	-150.796	0	0.0167566	0.0373309	0.0390246	-0.00169372	0.0540875
0	915.297	0	-1524.2	0	0	-0	-0	0	15.2809	15.1904	-150.796	0	0.0155	0.0213248	0.0217177	-0.000392902	0.0368248
0	-157.509	0	-901.704	0	0	0	-0	0	14.9793	14.7359	-150.796	0	0.0117301	0.0235171	0.0219013	0.00161578	0.0352472
0	-660.448	0	357.646	0	0	0	-0	0	14.6777	14.19	-150.796	0	0.00921685	0.0472227	0.0438936	0.00332907	0.0564396
0	-140.573	0	1061.54	0	0	0	-0	0	14.3761	13.9548	-150.796	0	0.00670361	0.0443723	0.037918	0.00645423	0.0510759
0	-11.1426	0	-499.478	0	0	0	-0	0	14.0745	13.974	-150.796	0	0.00419037	0.0175073	0.00905102	0.00845628	0.0216977
0	22.0268	0	328.915	0	-0	-0	-0	0	13.7729	13.5472	-150.796	0	0.00167713	0.0291818	0.0203159	0.0088659	0.0308589
0	30.8261	0	151.745	0	-0	-0	-0	0	13.4713	12.7352	-150.796	0	-0.000836116	0.07771	0.0662531	0.0114568	0.0768739
0	34.0866	0	237.936	0	-0	-0	-0	0	13.1698	12.7214	-150.796	0	-0.00334936	0.0557255	0.0403553	0.0153702	0.0523762
0	-737.801	0	755.083	0	0	0	-0	0	12.8682	12.2957	-150.796	0	-0.0058626	0.0698222	0.0515243	0.0182978	0.0639596
0	-351.284	0	3.304	0	0	0	-0	0	12.5666	12.2403	-150.796	0	-0.00711922	0.0629488	0.0429335	0.0200153	0.0558295
0	-13.1836	0	-355.826	0	0	0	-0	0	12.265	12.1371	-150.796	0	-0.0108891	0.0345762	0.0115097	0.0230664	0.0236871
0	1698.65	0	-374.98	0	0	-0	-0	0	11.9634	11.6422	-150.796	0	-0.0134023	0.0527934	0.0289044	0.023889	0.0393911
0	-385.371	0	1344.06	0	0	0	-0	0	11.6618	10.9218	-150.796	0	-0.0159156	0.0932837	0.0666047	0.026679	0.0773681
0	1673.16	0	32.0344	0	-0	-0	-0	0	11.3602	10.8111	-150.796	0	-0.0184288	0.080243	0.0494229	0.0308201	0.0618142
0	-426.192	0	8.0924	0	0	0	-0	0	11.0586	10.677	-150.796	0	-0.0209421	0.0677627	0.0343482	0.0334146	0.0468207
0	-81.0583	0	-25.4264	0	0	0	-0	0	10.757	10.3694	-150.796	0	-0.0234553	0.0704091	0.0348856	0.0355234	0.0469538
0	930.258	0	-513.844	0	0	-0	-0	0	10.4555	9.62341	-150.796	0	-0.0259685	0.113498	0.0748845	0.0386132	0.0875292
0	-660.383	0	510.875	0	0	0	-0	0	10.1539	9.28605	-150.796	0	-0.0284818	0.121829	0.078104	0.0437246	0.0933468
0	-142.032	0	170.898	0	0	0	-0	0	9.85228	9.14344	-150.796	0	-0.030995	0.112584	0.0637955	0.0487888	0.0815893
0	-12.8029	0	-1040.57	0	0	0	-0	0	9.55069	8.84333	-150.796	0	-0.0335083	0.116514	0.0636625	0.0528513	0.0830055
0	20.4197	0	386.376	0	-0	-0	-0	0	9.2491	8.42828	-150.796	0	-0.0360215	0.131107	0.0738738	0.0572337	0.095086
0	27.6738	0	841.275	0	-0	-0	-0	0	8.94751	8.10263	-150.796	0	-0.0385347	0.13833	0.0760396	0.0622905	0.0997953
0	26.5519	0	-1308.72	0	0	-0	-0	0	8.64592	7.94299	-150.796	0	-0.041048	0.130363	0.0632636	0.067099	0.0893146
0	27.6181	0	-513.844	0	0	-0	-0	0	8.34433	7.64182	-150.796	0	-0.0435612	0.134413	0.0632264	0.0711866	0.0908518
0	26.947	0	1334.48	0	-0	-0	-0	0	8.04274	7.19804	-150.796	0	-0.0460745	0.151727	0.0760238	0.0757028	0.105652
0	26.9372	0	209.205	0	-0	-0	-0	0	7.74115	7.08097	-150.796	0	-0.0473311	0.151225	0.072988	0.0782369	0.103894
0	24.5009	0	-571.304	0	0	-0	-0	0	7.43957	6.67763	-150.796	0	-0.051101	0.153886	0.0685742	0.085312	0.102785
0	25.0972	0	759.872	0	-0	-0	-0	0	7.13798	6.40412	-150.796	0	-0.0536142	0.155829	0.0660468	0.0897824	0.102215
0	23.4014	0	-480.325	0	0	-0	-0	0	6.83639	6.04229	-150.796	0	-0.0561274	0.165751	0.071469	0.0942823	0.109624
0	21.9172	0	-786.783	0	0	-0	-0	0	6.5348	5.84221	-150.796	0	-0.0586407	0.161323	0.0623327	0.0989904	0.102682
0	2147.51	0	-279.212	0	0	-0	-0	0	6.23321	5.76878	-150.796	0	-0.0598973	0.156438	0.0553701	0.101068	0.0965409
0	-243.626	0	683.257	0	0	0	-0	0	5.93162	5.27924	-150.796	0	-0.0636672	0.165549	0.0587144	0.106835	0.101882
0	-1122.75	0	-810.725	0	0	0	-0	0	5.63003	5.11641	-150.796	0	-0.0661804	0.156784	0.0462258	0.110558	0.0906039
0	-267.229	0	-595.246	0	0	0	-0	0	5.32844	4.85674	-150.796	0	-0.0686937	0.15597	0.0424532	0.113517	0.0872762
0	-123.773	0	242.724	0	0	0	-0	0	5.02685	4.66199	-150.796	0	-0.0699503	0.161341	0.0464094	0.114932	0.0913909
0	1.245	0	-178.655	0	0	-0	-0	0	4.72526	4.02877	-150.796	0	-0.0737201	0.182886	0.0626842	0.120201	0.109165
0	9.90364	0	343.281	0	-0	-0	-0	0	4.42368	3.88723	-150.796	0	-0.0749768	0.184142	0.0618515	0.122291	0.109166
0	17.4022	0	-279.212	0	0	-0	-0	0	4.12209	3.48815	-150.796	0	-0.0787466	0.185304	0.0570545	0.128249	0.106557
0	17.9155	0	-58.9452	0	0	-0	-0	0	3.8205	3.39875	-150.796	0	-0.0812599	0.169682	0.0379571	0.131725	0.0884221
0	17.7233	0	-149.925	0	0	-0	-0	0	3.51891	3.24018	-150.796	0	-0.0837731	0.159121	0.0250854	0.134036	0.0753482
0	17.7252	0	467.779	0	-0	-0	-0	0	3.21732	2.95603	-150.796	0	-0.0862863	0.159123	0.0235156	0.135607	0.0728365
0	16.2757	0	-959.165	0	0	-0	-0	0	2.91573	2.57185	-150.796	0	-0.0887996	0.168164	0.0309493	0.137214	0.0793639
0	16.7697	0	-959.165	0	0	-0	-0	0	2.61414	2.36645	-150.796	0	-0.0900562	0.174109	0.0358634	0.138246	0.084053
0	16.6608	0	-58.9452	0	0	-0	-0	0	2.31255	2.03442	-150.796	0	-0.0925694	0.179427	0.0386039	0.140823	0.0868573
0	17.1202	0	142.168	0	-0	-0	-0	0	2.01096	1.78539	-150.796	0	-0.0963393	0.164273	0.0203019	0.143971	0.0679336
0	16.4812	0	60.7648	0	-0	-0	-0	0	1.70937	1.57254	-150.796	0	-0.0988526	0.15749	0.012315	0.145175	0.0586378
0	16.2989	0	-504.267	0	0	-0	-0	0	1.40945	1.18197	-145.788	0	-0.0975952	0.166518	0.0204731	0.146045	0.0689232
0	15.3866	0	-97.2525	0	0	-0	-0	0	1.13296	0.905273	-130.708	0	-0.0885898	0.168028	0.0204917	0.147536	0.0794384
0	15.0652	0	-173.867	0	0	-0	-0	0	0.886624	0.807364	-115.629	0	-0.0793329	0.155796	0.00713346	0.148662	0.0764627
0	14.6794	0	12.8808	0	-0	-0	-0	0	0.670449	0.662629	-100.549	0	-0.0698248	0.149688	0.000703817	0.148984	0.0798632
0	14.1678	0	-1198.59	0	0	-0	-0	0	0.484433	0.251838	-85.4697	0	-0.0600654	0.170204	0.0209335	0.149271	0.110139
0	13.1013	0	-853.82	0	0	-0	-0	0	0.328575	0.00280956	-70.3903	0	-0.0500546	0.180273	0.0293189	0.150954	0.130219
0	12.4433	0	-360.615	0	0	-0	-0	0	0.202875	-0.0259245	-55.3108	0	-0.044955	0.177841	0.0259092	0.151932	0.132886
0	-1097.85	0	-255.27	0	0	0	-0	0	0.107334	-0.182366	-40.2314	0	-0.0292791	0.180533	0.026073	0.15446	0.151254
0	-267.124	0	-365.403	0	0	0	-0	0	0.0419519	-0.278146	-25.1519	0	-0.0185143	0.185061	0.0288088	0.156252	0.166547
0	-61.4057	0	-1663.06	0	0	0	-0	0	0.00672793	0.014516	-10.0725	0	-0.00749829	0.157283	-0.000700929	0.157984	0.149785
0	-10.3469	0	-2501.03	0	0	0	-0	0	0	0.425307	0	0	0	0.118855	-0.0382776	0.157133	0.118855
0	4.1296	0	879.582	0	-0	-0	-0	0	0	1.0532	0	0	0	0.0589599	-0.094788	0.153748	0.0589599
0	5.75124	0	218.782	0	-0	-0	-0	0	0	1.06491	0	0	0	0.0511721	-0.0958416	0.147014	0.0511721
0	5.32929	0	-446.806	0	0	-0	-0	0	0	0.84674	0	0	0	0.064855	-0.0762066	0.141062	0.064855
0	4.98134	0	-398.922	0	0	-0	-0	0	0	0.70307	0	0	0	0.0729731	-0.0632763	0.136249	0.0729731
0	2193	0	-231.328	0	0	-0	-0	0	0	0.574299	0	0	0	0.0804909	-0.0516869	0.132178	0.0804909
0	-544.013	0	-288.789	0	0	0	-0	0	0	0.429564	0	0	0	0.0902916	-0.0386607	0.128952	0.0902916
0	-134.035	0	415.107	0	0	0	-0	0	0	0.270994	0	0	0	0.102203	-0.0243895	0.126592	0.102203
0	-32.0365	0	304.973	0	0	0	-0	0	0	0.122003	0	0	0	0.114174	-0.0109803	0.125154	0.114174
0	-7.0421	0	-317.519	0	0	0	-0	0	0	0.00387378	0	0	0	0.124237	-0.00034864	0.124585	0.124237
0	2181.46	0	-346.249	0	0	-0	-0	0	0	-0.12809	0	0	0	0.136288	0.0115281	0.12476	0.136288
0	-546.524	0	-159.502	0	0	0	-0	0	0	-0.237705	0	0	0	0.147117	0.0213935	0.125723	0.147117
0	-136.719	0	391.165	0	0	0	-0	0	0	-0.132347	0	0	0	0.139156	0.0119112	0.127245	0.139156
0	-34.2574	0	-250.481	0	0	0	-0	0	0	0.584941	0	0	0	0.0740474	-0.0526447	0.126692	0.0740474
0	-9.91148	0	-600.035	0	0	0	-0	0	0	0.548757	0	0	0	0.0736091	-0.0493881	0.122997	0.0736091
0	-3.22343	0	-154.713	0	0	0	-0	0	0	0.341233	0	0	0	0.089364	-0.030711	0.120075	0.089364
0	-2.3454	0	-250.481	0	0	0	-0	0	0	0.274187	0	0	0	0.0943745	-0.0246768	0.119051	0.0943745
0	-1.43277	0	-92.4641	0	0	0	-0	0	0	0.0294152	0	0	0	0.114693	-0.00264737	0.11734	0.114693
0	-1.59991	0	-1.48441	0	0	0	-0	0	0	-0.101485	0	0	0	0.126495	0.00913361	0.117362	0.126495
0	-1.43499	0	-49.3684	0	0	0	-0	0	0	-0.157888	0	0	0	0.131876	0.01421	0.117666	0.131876
0	-1.82211	0	-216.963	0	0	0	-0	0	0	0.014516	0	0	0	0.117841	-0.00130644	0.119148	0.117841
0	-1.90745	0	-284	0	0	0	-0	0	0	0.207141	0	0	0	0.100035	-0.0186427	0.118678	0.100035
0	-2.28154	0	55.9764	0	0	0	-0	0	0	0.157122	0	0	0	0.103303	-0.014141	0.117444	0.103303
0	-2.39013	0	3.304	0	0	0	-0	0	0	0.0538924	0	0	0	0.111821	-0.00485031	0.116671	0.111821
0	-1.68195	0	218.782	0	0	0	-0	0	0	-0.0259245	0	0	0	0.118834	0.00233321	0.116501	0.118834
0	-1.52046	0	137.379	0	0	0	-0	0	0	-0.0716862	0	0	0	0.123191	0.00645176	0.116739	0.123191
0	-2.24895	0	-135.56	0	0	0	-0	0	0	-0.014218	0	0	0	0.118417	0.00127962	0.117137	0.118417
0	-2.19987	0	-125.983	0	0	0	-0	0	0	0.0560208	0	0	0	0.11206	-0.00504187	0.117101	0.11206
0	-1.80317	0	-35.0032	0	0	0	-0	0	0	0.0496355	0	0	0	0.112276	-0.00446719	0.116743	0.112276
0	-1.29467	0	103.86	0	0	0	-0	0	0	-0.00144735	0	0	0	0.116655	0.000130261	0.116525	0.116655
0	-1.79898	0	41.6112	0	0	0	-0	0	0	-0.0269887	0	0	0	0.119014	0.00242899	0.116585	0.119014
0	2174.77	0	-73.3105	0	0	-0	-0	0	0	-0.0131538	0	0	0	0.117924	0.00118384	0.11674	0.117924
0	-545.697	0	-121.194	0	0	0	-0	0	0	0.0123876	0	0	0	0.115663	-0.00111488	0.116778	0.115663
0	-136.777	0	-49.3684	0	0	0	-0	0	0	0.0102591	0	0	0	0.115777	-0.000923322	0.1167	0.115777
0	-35.1176	0	-20.638	0	0	0	-0	0	0	-0.00038312	0	0	0	0.116686	3.44808e-05	0.116651	0.116686
0	-1097.47	0	8.0924	0	0	0	-0	0	0	-0.00676847	0	0	0	0.117282	0.000609162	0.116673	0.117282
0	-275.307	0	-44.58	0	0	0	-0	0	0	0.00280956	0	0	0	0.116448	-0.00025286	0.116701	0.116448
0	-69.1676	0	-58.9452	0	0	0	-0	0	0	0.00387378	0	0	0	0.116329	-0.00034864	0.116678	0.116329
0	-18.2344	0	-35.0032	0	0	0	-0	0	0	-0.00144735	0	0	0	0.116794	0.000130261	0.116664	0.116794
0	-5.16457	0	17.6692	0	0	0	-0	0	0	-0.00144735	0	0	0	0.116803	0.000130261	0.116673	0.116803
0	1085.86	0	-49.3684	0	0	-0	-0	0	0	0.000681105	0	0	0	0.116617	-6.12995e-05	0.116678	0.116617
0	1358	0	-35.0032	0	0	-0	-0	0	0	-0.00038312	0	0	0	0.116712	3.44808e-05	0.116677	0.116712
0	-748.641	0	-82.8873	0	0	0	-0	0	0	-0.00144735	0	0	0	0.116806	0.000130261	0.116676	0.116806
0	-187.788	0	-25.4264	0	0	0	-0	0	0	-0.00144735	0	0	0	0.116818	0.000130261	0.116688	0.116818
0	-46.9611	0	-15.8496	0	0	0	-0	0	0	0.00280956	0	0	0	0.116434	-0.00025286	0.116687	0.116434
0	-12.3594	0	-11.0612	0	0	0	-0	0	0	0.00174533	0	0	0	0.11651	-0.00015708	0.116667	0.11651
0	-3.11371	0	-35.0032	0	0	0	-0	0	0	-0.00038312	0	0	0	0.116691	3.44808e-05	0.116657	0.116691
0	-1.1046	0	-25.4264	0	0	0	-0	0	0	-0.00144735	0	0	0	0.116796	0.000130261	0.116665	0.116796
0	-0.907256	0	-35.0032	0	0	0	-0	0	0	-0.00038312	0	0	0	0.116705	3.44808e-05	0.116671	0.116705
0	2174.72	0	-15.8496	0	0	-0	-0	0	0	0.000681105	0	0	0	0.116612	-6.12995e-05	0.116673	0.116612
