0	0	0	33.04	0	0	0	0	0	0	0.00163891	0	0	0	-4.91672e-05	-4.91672e-05	0	-4.91672e-05
0.48	0	480	-2567.06	0.00808889	-0.00435039	4.8e-05	-0.00439839	0.0037385	0	-0.0249667	0	0	0	0.000739168	0.000749002	-9.83344e-06	0.000739168
1.92	-19.4359	960	-5732.2	0.0163556	-0.00224423	0.00213559	-0.00437982	0.0141113	0	-0.0920129	0	0	0	0.00320047	0.00276039	0.000440078	0.00320047
4.32	-13.3629	1440	-876.757	0.0248	-0.00257138	0.00176829	-0.00433967	0.0222286	0	0.212355	0	0	0	-0.00626288	-0.00637066	0.000107785	-0.00626288
7.68	4375.42	1920	454.419	0.0334222	-0.436687	-0.436774	8.72533e-05	-0.403265	0	-0.195243	0	0	0	0.00519218	0.00585728	-0.000665098	0.00519218
12	3.64399	2400	17055.8	0.0422222	-0.00342545	0.000835601	-0.00426105	0.0387968	0	1.31383	0	0	0	-0.0387552	-0.0394149	0.000659607	-0.0387552
17.28	-2.42901	2880	-7135.2	0.0512	-0.00226606	0.0019709	-0.00423696	0.0489339	0	-2.1151	0	0	0	0.050898	0.0634531	-0.0125551	0.050898
23.52	-3.64304	3360	-2519.18	0.0557556	-0.00182495	0.0023923	-0.00421725	0.0539306	0	-3.0016	0	0	0	0.0838383	0.0900481	-0.00620982	0.0838383
30.72	-4397.29	3840	-1226.31	0.0696889	0.438658	0.442801	-0.00414281	0.508347	0	-0.132453	0	0	0	0.0137348	0.0039736	0.00976116	0.0137348
38.88	17.0059	4320	1244.51	0.0792	-0.00189122	0.00218741	-0.00407862	0.0773088	0	-0.360198	0	0	0	0.0219588	0.0108059	0.0111529	0.0219588
48	24.2929	4800	5343.38	0.0888889	-0.00167066	0.00237071	-0.00404137	0.0872182	0	0.196392	0	0	0	0.00603032	-0.00589176	0.0119221	0.00603032
58.08	19.4349	5280	-622.971	0.0987556	-0.00012453	0.00386451	-0.00398904	0.098631	0	-0.0920129	0	0	0	0.0141746	0.00276039	0.0114142	0.0141746
69.12	26.7239	5760	717.782	0.1088	0.000327192	0.00423961	-0.00391242	0.109127	0	-0.0728569	0	0	0	0.0141967	0.00218571	0.012011	0.0141967
81.12	27.9388	6240	4644.27	0.119022	0.00149637	0.00531812	-0.00382175	0.120519	0	0.0676209	0	0	0	0.0102503	-0.00202863	0.0122789	0.0102503
94.08	27.9388	6720	4701.73	0.129422	0.00290631	0.00661412	-0.00370781	0.132329	0	0.387953	0	0	0	-0.000241113	-0.0116386	0.0113975	-0.000241113
108	31.5828	7200	6214.87	0.14	0.00407181	0.00764172	-0.0035699	0.144072	0	0.366668	0	0	0	-0.00205481	-0.011	0.00894524	-0.00205481
122.88	37.6539	7680	6296.27	0.150756	0.00511043	0.00852261	-0.00341218	0.155866	0	0.265567	0	0	0	-0.00101106	-0.007967	0.00695594	-0.00101106
138.72	47.3728	8160	722.57	0.161689	0.00589592	0.00913472	-0.00323879	0.167585	0	0.234704	0	0	0	-0.00165943	-0.00704113	0.0053817	-0.00165943
147	54.6627	8400	6152.62	0.167222	0.00608628	0.00923373	-0.00314744	0.173308	0	0.136796	0	0	0	0.000573721	-0.00410387	0.00467759	0.000573721
164.28	59.5217	8880	4620.33	0.1728	0.00654472	0.00959983	-0.00305511	0.179345	0	-0.026031	0	0	0	0.00504813	0.000780928	0.0042672	0.00504813
182.25	102.036	9000	3638.71	0.18375	0.00524797	0.00802139	-0.00277342	0.188998	0	-0.42618	0	0	0	0.018698	0.0127854	0.00591264	0.018698
200.25	144.552	9000	3021	0.187083	0.0029476	0.00556981	-0.00262221	0.190031	0	-0.627318	0	0	0	0.0274808	0.0188195	0.00866128	0.0274808
218.25	191.926	9000	1627.58	0.190417	0.000109868	0.00263233	-0.00252247	0.190527	0	-1.09345	0	0	0	0.0458959	0.0328035	0.0130925	0.0458959
236.25	-4485.96	9000	8278.67	0.19375	0.469739	0.472221	-0.00248268	0.663489	0	-1.08387	0	0	0	0.0524279	0.0325161	0.0199118	0.0524279
254.25	296.391	9000	3724.9	0.197083	-0.00670848	-0.00421412	-0.00249436	0.190375	0	-1.17539	0	0	0	0.0615299	0.0352618	0.0262681	0.0615299
272.25	347.411	9000	4242.05	0.200417	-0.0101283	-0.00751614	-0.00261216	0.190288	0	-1.48296	0	0	0	0.0783072	0.0444887	0.0338185	0.0783072
290.25	374.134	9000	9164.53	0.20375	-0.0111589	-0.00838839	-0.00277049	0.192591	0	-1.54468	0	0	0	0.0893185	0.0463404	0.0429781	0.0893185
308.25	421.508	9000	4419.22	0.207083	-0.0142818	-0.0113258	-0.00295598	0.192801	0	-1.52552	0	0	0	0.0978107	0.0457657	0.052045	0.0978107
326.25	464.025	9000	200.634	0.210417	-0.0169716	-0.0137775	-0.00319415	0.193445	0	-1.96398	0	0	0	0.120577	0.0589195	0.0616579	0.120577
344.25	499.252	9000	6344.16	0.21375	-0.0189791	-0.0155002	-0.00347892	0.194771	0	-2.19492	0	0	0	0.140005	0.0658477	0.074157	0.140005
362.25	522.33	9000	4783.14	0.217083	-0.0197964	-0.016008	-0.00378842	0.197287	0	-1.3925	0	0	0	0.127891	0.0417749	0.0861165	0.127891
380.25	534.477	9000	-2696.35	0.220417	-0.0195308	-0.0154227	-0.00410808	0.200886	0	-1.32119	0	0	0	0.133523	0.0396358	0.0938872	0.133523
398.25	4543.06	9000	6018.54	0.22375	-0.418893	-0.414481	-0.0044124	-0.195143	0	-1.54149	0	0	0	0.148573	0.0462446	0.102328	0.148573
416.25	583.066	9000	-4391.44	0.227083	-0.0214121	-0.0166816	-0.00473052	0.205671	0	-1.48721	0	0	0	0.156194	0.0446164	0.111577	0.156194
434.25	612.22	9000	5736.03	0.230417	-0.0228802	-0.0177971	-0.00508309	0.207536	0	-1.2467	0	0	0	0.157525	0.0374009	0.120124	0.157525
452.25	676.599	9000	6214.87	0.23375	-0.0279051	-0.0224349	-0.00547011	0.205845	0	-1.04024	0	0	0	0.158441	0.0312071	0.127234	0.158441
470.25	708.182	9000	18908.9	0.237083	-0.029731	-0.0237933	-0.00593775	0.207352	0	-0.84442	0	0	0	0.158651	0.0253326	0.133319	0.158651
488.25	711.825	9000	18367.8	0.240417	-0.0287683	-0.0223576	-0.00641069	0.211648	0	-0.121811	0	0	0	0.141541	0.00365434	0.137887	0.141541
506.25	710.612	9000	-1470.52	0.24375	-0.0272826	-0.0204362	-0.00684642	0.216467	0	1.90128	0	0	0	0.0783231	-0.0570384	0.135361	0.0783231
524.25	709.396	9000	4198.95	0.247083	-0.0257596	-0.0185147	-0.00724492	0.221324	0	1.62033	0	0	0	0.0750407	-0.0486098	0.12365	0.0750407
542.25	734.908	9000	-13446.3	0.250417	-0.0268842	-0.0192658	-0.00761837	0.223532	0	1.48304	0	0	0	0.070261	-0.0444912	0.114752	0.070261
560.25	765.275	9000	-81.8817	0.25375	-0.0285057	-0.0205025	-0.00800318	0.225244	0	2.1269	0	0	0	0.0408499	-0.0638069	0.104657	0.0408499
578.25	798.07	9000	-1331.66	0.255417	-0.0310902	-0.022882	-0.00820821	0.224326	0	2.16202	0	0	0	0.0334156	-0.0648605	0.0982761	0.0334156
596.25	877.028	9000	2221.34	0.260417	-0.0370245	-0.0280779	-0.00894663	0.223392	0	1.90447	0	0	0	0.021888	-0.0571342	0.0790223	0.021888
623.25	911.04	9000	15887.4	0.265417	-0.0386127	-0.028779	-0.00983363	0.226804	0	1.68631	0	0	0	0.0123464	-0.0505892	0.0629356	0.0123464
641.25	877.029	9000	4246.83	0.26875	-0.0339587	-0.0235779	-0.0103808	0.234791	0	1.08502	0	0	0	0.0213431	-0.0325506	0.0538937	0.0213431
659.25	856.38	9000	-7384.2	0.272083	-0.0305405	-0.0197129	-0.0108275	0.241543	0	1.42451	0	0	0	0.00423325	-0.0427352	0.0469685	0.00423325
677.25	851.519	9000	1397.73	0.275417	-0.0286384	-0.0174268	-0.0112116	0.246778	0	1.39152	0	0	0	-0.00342304	-0.0417455	0.0383225	-0.00342304
695.25	881.889	9000	-6144	0.27875	-0.0302296	-0.0186639	-0.0115657	0.24852	0	1.37875	0	0	0	-0.0112166	-0.0413624	0.0301458	-0.0112166
713.25	920.759	9000	2120.78	0.282083	-0.0326991	-0.0207509	-0.0119482	0.249384	0	1.29574	0	0	0	-0.0169509	-0.0388721	0.0219212	-0.0169509
731.25	965.702	9000	8398.38	0.285417	-0.0358152	-0.0234452	-0.01237	0.249602	0	0.349641	0	0	0	0.00421946	-0.0104892	0.0147087	0.00421946
749.25	1008.22	9000	16423.7	0.28875	-0.0387436	-0.0258967	-0.0128469	0.250006	0	-1.34354	0	0	0	0.0560204	0.0403063	0.0157141	0.0560204
767.25	1015.5	9000	21336.6	0.292083	-0.038185	-0.0248255	-0.0133595	0.253898	0	1.38087	0	0	0	-0.0198953	-0.0414262	0.0215309	-0.0198953
785.25	1009.43	9000	16658.4	0.295417	-0.0362553	-0.022418	-0.0138373	0.259162	0	0.866854	0	0	0	-0.0158281	-0.0260056	0.0101775	-0.0158281
803.25	947.483	9000	-1877.53	0.29875	-0.0286428	-0.0144233	-0.0142196	0.270107	0	-1.91503	0	0	0	0.0691894	0.0574509	0.0117385	0.0691894
821.25	2361.42	9000	-273.418	0.302083	-0.167062	-0.154017	-0.013045	0.135022	0	0.32942	0	0	0	0.0100512	-0.00988261	0.0199338	0.0100512
839.25	937.765	9000	-1853.59	0.305417	-0.0245344	-0.00985147	-0.014683	0.280882	0	0.183621	0	0	0	0.0117271	-0.00550864	0.0172357	0.0117271
857.25	970.562	9000	14422.2	0.30875	-0.0262119	-0.0113312	-0.0148807	0.282538	0	-0.540052	0	0	0	0.0339191	0.0162016	0.0177176	0.0339191
875.25	1017.93	9000	-8217.38	0.312083	-0.0293848	-0.0142682	-0.0151166	0.282699	0	-1.64685	0	0	0	0.0716116	0.0494054	0.0222062	0.0716116
893.251	1085.96	9000	-6340.33	0.315417	-0.0346929	-0.0192708	-0.0154221	0.280724	0	-2.72597	0	0	0	0.115721	0.0817791	0.0339422	0.115721
911.251	1170.99	9000	21451.6	0.31875	-0.0418081	-0.0259743	-0.0158337	0.276942	0	-2.31624	0	0	0	0.119891	0.0694873	0.0504034	0.119891
929.251	1209.87	9000	20254.5	0.322083	-0.0444207	-0.0280619	-0.0163588	0.277663	0	0.210227	0	0	0	0.0546609	-0.00630681	0.0609677	0.0546609
947.251	1224.44	9000	14814.8	0.325417	-0.044641	-0.0277191	-0.016922	0.280776	0	-1.9278	0	0	0	0.117582	0.057834	0.0597479	0.117582
965.251	1215.93	9000	5209.3	0.32875	-0.042526	-0.0250684	-0.0174576	0.286224	0	-4.01794	0	0	0	0.197705	0.120538	0.0771669	0.197705
983.251	1217.15	9000	-3017.17	0.332083	-0.0413348	-0.0233897	-0.0179451	0.290749	0	-2.09488	0	0	0	0.161225	0.0628465	0.0983787	0.161225
1001.25	1252.38	9000	3174.23	0.335417	-0.0435325	-0.0251128	-0.0184197	0.291884	0	-1.78732	0	0	0	0.16339	0.0536197	0.10977	0.16339
1019.25	1288.82	9000	6846.94	0.33875	-0.045892	-0.0269571	-0.0189348	0.292858	0	-2.42267	0	0	0	0.193806	0.07268	0.121126	0.193806
1037.2	1350.77	8839.98	2877.35	0.339407	-0.0508367	-0.0313572	-0.0194795	0.28857	0	-4.30634	0	0	0	0.267518	0.12919	0.138328	0.267518
1054.4	1365.34	8359.98	11075.1	0.334592	-0.0511648	-0.0310948	-0.02007	0.283427	0	-4.73523	0	0	0	0.307816	0.142057	0.165759	0.307816
1070.64	1383.56	7879.98	15317.6	0.329599	-0.0519824	-0.0312927	-0.0206898	0.277617	0	-1.62875	0	0	0	0.239649	0.0488626	0.190786	0.239649
1085.92	1401.79	7399.98	10251.5	0.324429	-0.0528899	-0.0315869	-0.021303	0.271539	0	-0.405959	0	0	0	0.208603	0.0121788	0.196424	0.208603
1100.24	1430.94	6919.98	-5952.46	0.319081	-0.0550065	-0.0330705	-0.021936	0.264074	0	-3.06652	0	0	0	0.294719	0.0919957	0.202723	0.294719
1113.6	1441.87	6439.98	12277	0.313555	-0.0554253	-0.0328274	-0.0225979	0.258129	0	-1.8416	0	0	0	0.276903	0.055248	0.221656	0.276903
1126	1427.3	5959.98	3983.47	0.307851	-0.0533662	-0.0301302	-0.023236	0.254485	0	0.783844	0	0	0	0.20389	-0.0235153	0.227405	0.20389
1137.44	1424.87	5479.97	-3735.43	0.301969	-0.0525768	-0.0287428	-0.0238339	0.249393	0	0.517788	0	0	0	0.207264	-0.0155336	0.222798	0.207264
1147.92	1449.17	4999.97	-1614.17	0.29591	-0.0545371	-0.0301252	-0.0244119	0.241373	0	0.0835842	0	0	0	0.217592	-0.00250753	0.2201	0.217592
1157.44	1479.53	4519.97	-622.971	0.289673	-0.0572289	-0.0322097	-0.0250193	0.232444	0	-0.308051	0	0	0	0.229801	0.00924152	0.220559	0.229801
1166	1314.33	4039.97	16308.8	0.283258	-0.0395616	-0.014833	-0.0247286	0.243697	0	0.715734	0	0	0	0.20046	-0.021472	0.221932	0.20046
1173.6	2583.71	3559.97	8010.52	0.279984	-0.166257	-0.14138	-0.0248769	0.113728	0	2.56642	0	0	0	0.142792	-0.0769927	0.219785	0.142792
1180.24	1455.23	3079.97	598.072	0.269895	-0.0543636	-0.0274997	-0.0268639	0.215532	0	3.19964	0	0	0	0.091337	-0.0959891	0.187326	0.091337
1185.92	1460.1	2599.97	6636.25	0.262947	-0.0548351	-0.0274181	-0.027417	0.208112	0	2.23545	0	0	0	0.10353	-0.0670634	0.170593	0.10353
1190.64	3713.4	2119.97	10457.4	0.255821	-0.277965	-0.252276	-0.0256889	-0.0221442	0	4.63208	0	0	0	0.0162927	-0.138962	0.155255	0.0162927
1194.4	1405.44	1639.97	-1824.86	0.248517	-0.0495455	-0.0211041	-0.0284415	0.198972	0	7.21389	0	0	0	-0.0946435	-0.216417	0.121773	-0.0946435
1197.2	1345.91	1159.97	7474.22	0.241036	-0.0437507	-0.0148716	-0.028879	0.197285	0	5.44834	0	0	0	-0.0833193	-0.16345	0.080131	-0.0833193
1199.04	1343.48	679.965	344.286	0.233377	-0.0436346	-0.0144446	-0.02919	0.189742	0	3.90309	0	0	0	-0.066376	-0.117093	0.0507166	-0.066376
1199.92	1327.69	199.964	1009.87	0.22554	-0.042252	-0.0127773	-0.0294747	0.183288	0	3.91267	0	0	0	-0.0898393	-0.11738	0.0275407	-0.0898393
1200	1316.76	0	8609.07	0.222222	-0.0414022	-0.0116757	-0.0297265	0.18082	0	3.99568	0	0	0	-0.116176	-0.11987	0.00369438	-0.116176
1200	1327.68	0	7172.55	0.222222	-0.042738	-0.0127682	-0.0299697	0.179484	0	4.18511	0	0	0	-0.145386	-0.125553	-0.0198327	-0.145386
1200	1303.41	0	13895.5	0.222222	-0.0405523	-0.0103406	-0.0302118	0.18167	0	6.30611	0	0	0	-0.236738	-0.189183	-0.047555	-0.236738
1200	1247.52	0	22687	0.222222	-0.0351524	-0.00475204	-0.0304003	0.18707	0	5.14078	0	0	0	-0.240139	-0.154223	-0.0859152	-0.240139
1200	1164.92	0	-402.705	0.222222	-0.0269498	0.00350793	-0.0304577	0.195272	0	2.74947	0	0	0	-0.194046	-0.0824841	-0.111562	-0.194046
1200	1089.6	0	-11602.8	0.222222	-0.0193187	0.0110397	-0.0303584	0.202903	0	3.27094	0	0	0	-0.226902	-0.0981282	-0.128774	-0.226902
1200	1049.51	0	3413.65	0.222222	-0.0150757	0.0150485	-0.0301242	0.207147	0	2.69626	0	0	0	-0.228611	-0.0808877	-0.147723	-0.228611
1200	1036.16	0	3212.54	0.222222	-0.0134347	0.0163837	-0.0298184	0.208787	0	2.4004	0	0	0	-0.235137	-0.0720121	-0.163125	-0.235137
1200	1033.73	0	1311.54	0.222222	-0.0128621	0.0166274	-0.0294895	0.20936	0	2.46745	0	0	0	-0.251796	-0.0740235	-0.177773	-0.251796
1200	745.827	0	-10199.8	0.222222	0.0147407	0.0454173	-0.0306766	0.236963	0	2.41104	0	0	0	-0.264938	-0.0723313	-0.192606	-0.264938
1200	1071.39	0	3926.01	0.222222	-0.0160276	0.0128612	-0.0288888	0.206195	0	1.90447	0	0	0	-0.26383	-0.0571342	-0.206696	-0.26383
1200	1071.37	0	9451.83	0.222222	-0.0157689	0.0128627	-0.0286316	0.206453	0	-2.27155	0	0	0	-0.14521	0.0681464	-0.213356	-0.14521
1200	1045.87	0	6200.5	0.222222	-0.012953	0.0154128	-0.0283658	0.209269	0	-5.55575	0	0	0	-0.0270905	0.166672	-0.193763	-0.0270905
1200	1025.23	0	-4669.17	0.222222	-0.0105729	0.0174773	-0.0280503	0.211649	0	-6.08573	0	0	0	0.0236536	0.182572	-0.158918	0.0236536
1200	1014.29	0	4294.72	0.222222	-0.00912243	0.018571	-0.0276935	0.2131	0	-5.96973	0	0	0	0.0565826	0.179092	-0.122509	0.0565826
1200	1004.58	0	3753.63	0.222222	-0.00783079	0.0195422	-0.027373	0.214391	0	-5.93674	0	0	0	0.0913889	0.178102	-0.0867132	0.0913889
1200	1075.02	0	9183.68	0.222222	-0.0145218	0.012498	-0.0270199	0.2077	0	-5.71325	0	0	0	0.120024	0.171398	-0.0513738	0.120024
1200	4805.43	0	-2241.45	0.222222	-0.383526	-0.360543	-0.0229824	-0.161303	0	-5.99527	0	0	0	0.162767	0.179858	-0.0170911	0.162767
1200	1066.51	0	-2835.21	0.222222	-0.0131008	0.0133487	-0.0264495	0.209121	0	-7.28405	0	0	0	0.239075	0.218521	0.0205535	0.239075
1200	1059.22	0	-1068.29	0.222222	-0.0120948	0.0140781	-0.0261728	0.210127	0	-7.31704	0	0	0	0.284206	0.219511	0.0646952	0.284206
1200	1058.04	0	425.689	0.222222	-0.0116828	0.0141963	-0.0258792	0.210539	0	-7.15953	0	0	0	0.323045	0.214786	0.108259	0.323045
1200	1078.67	0	8594.71	0.222222	-0.0134692	0.0121333	-0.0256025	0.208753	0	-7.23296	0	0	0	0.368429	0.216989	0.15144	0.368429
1200	1095.67	0	-12737.6	0.222222	-0.0149368	0.0104327	-0.0253696	0.207285	0	-5.77285	0	0	0	0.366542	0.173185	0.193356	0.366542
1200	1112.68	0	-12311.5	0.222222	-0.0164324	0.00873215	-0.0251646	0.20579	0	-3.72315	0	0	0	0.33645	0.111694	0.224756	0.33645
1200	1149.12	0	10639.4	0.222222	-0.019921	0.00508835	-0.0250094	0.202301	0	-1.86288	0	0	0	0.299868	0.0558865	0.243982	0.299868
1200	1181.93	0	12679.2	0.222222	-0.0231152	0.00180696	-0.0249222	0.199107	0	0.321971	0	0	0	0.242799	-0.00965912	0.252458	0.242799
1200	1242.65	0	-3146.46	0.222222	-0.0291635	-0.00426528	-0.0248982	0.193059	0	1.62777	0	0	0	0.198915	-0.0488332	0.247749	0.198915
1200	1257.23	0	224.576	0.222222	-0.0306825	-0.00572325	-0.0249592	0.19154	0	1.32979	0	0	0	0.198596	-0.0398938	0.23849	0.198596
1200	1296.11	0	6961.86	0.222222	-0.0347019	-0.00961119	-0.0250907	0.18752	0	1.42876	0	0	0	0.187568	-0.0428629	0.230431	0.187568
1200	1317.97	0	-4070.62	0.222222	-0.0370775	-0.011797	-0.0252805	0.185145	0	1.71398	0	0	0	0.170203	-0.0514193	0.221622	0.170203
1200	1338.62	0	15399	0.222222	-0.0393779	-0.0138615	-0.0255164	0.182844	0	4.51183	0	0	0	0.073918	-0.135355	0.209273	0.073918
1200	280.586	0	-1580.65	0.222222	0.0662182	0.0919414	-0.0257232	0.28844	0	8.24406	0	0	0	-0.0727634	-0.247322	0.174558	-0.0727634
1200	1266.96	0	-9524.61	0.222222	-0.032558	-0.00669601	-0.025862	0.189664	0	7.90351	0	0	0	-0.112104	-0.237105	0.125002	-0.112104
1200	1264.53	0	-3610.94	0.222222	-0.0324509	-0.00645262	-0.0259983	0.189771	0	7.55551	0	0	0	-0.148331	-0.226665	0.0783339	-0.148331
1200	1276.67	0	-1087.45	0.222222	-0.0337994	-0.00766722	-0.0261322	0.188423	0	7.514	0	0	0	-0.192234	-0.22542	0.033186	-0.192234
1200	3836.08	0	1105.64	0.222222	-0.287345	-0.263608	-0.0237371	-0.065123	0	7.8205	0	0	0	-0.246922	-0.234615	-0.0123067	-0.246922
1200	1310.69	0	253.307	0.222222	-0.0375287	-0.0110692	-0.0264595	0.184694	0	8.86983	0	0	0	-0.325963	-0.266095	-0.0598682	-0.325963
1200	1316.76	0	13344.8	0.222222	-0.0382459	-0.0116757	-0.0265702	0.183976	0	9.29339	0	0	0	-0.365279	-0.278802	-0.0864777	-0.365279
1200	1257.25	0	4740.04	0.222222	-0.0325918	-0.00572478	-0.026867	0.18963	0	4.29792	0	0	0	-0.285784	-0.128937	-0.156846	-0.285784
1200	1249.95	0	10270.6	0.222222	-0.0319725	-0.00499465	-0.0269779	0.19025	0	3.48272	0	0	0	-0.284855	-0.104482	-0.180373	-0.284855
1200	1268.17	0	9298.6	0.222222	-0.0339053	-0.00681655	-0.0270887	0.188317	0	3.13685	0	0	0	-0.295199	-0.0941054	-0.201094	-0.295199
1200	4715.55	0	7536.47	0.222222	-0.378788	-0.351555	-0.0272335	-0.156566	0	1.45431	0	0	0	-0.261603	-0.0436292	-0.217974	-0.261603
1200	1239.03	0	1412.1	0.222222	-0.0312728	-0.00390288	-0.0273699	0.190949	0	-1.57022	0	0	0	-0.175293	0.0471067	-0.222399	-0.175293
1200	1237.8	0	5228.46	0.222222	-0.0312316	-0.00378005	-0.0274516	0.190991	0	-3.60502	0	0	0	-0.100814	0.108151	-0.208965	-0.100814
1200	1229.29	0	2915.66	0.222222	-0.0304565	-0.00292937	-0.0275271	0.191766	0	-4.57772	0	0	0	-0.0482853	0.137332	-0.185617	-0.0482853
1200	1235.37	0	1565.33	0.222222	-0.0311292	-0.00353744	-0.0275918	0.191093	0	-4.60646	0	0	0	-0.0196058	0.138194	-0.157799	-0.0196058
1200	1242.67	0	847.069	0.222222	-0.031933	-0.00426681	-0.0276662	0.190289	0	-4.50536	0	0	0	0.00480519	0.135161	-0.130355	0.00480519
1200	406.929	0	7158.18	0.222222	0.0515592	0.0793071	-0.0277479	0.273781	0	-4.77673	0	0	0	0.0401862	0.143302	-0.103116	0.0401862
1200	1230.51	0	17668.7	0.222222	-0.0308907	-0.00305144	-0.0278393	0.191332	0	-5.61747	0	0	0	0.0950329	0.168524	-0.0734912	0.0950329
1200	1215.92	0	10002.5	0.222222	-0.0294971	-0.00159194	-0.0279052	0.192725	0	-5.93461	0	0	0	0.139465	0.178038	-0.0385732	0.139465
1200	1186.77	0	2364.99	0.222222	-0.0266004	0.00132325	-0.0279237	0.195622	0	-5.02895	0	0	0	0.146425	0.150869	-0.00444373	0.146425
1200	1161.29	0	751.301	0.222222	-0.0240197	0.00387147	-0.0278911	0.198203	0	-5.00873	0	0	0	0.175807	0.150262	0.0255448	0.175807
1200	1152.77	0	6430.35	0.222222	-0.023092	0.0047229	-0.0278149	0.19913	0	-4.32018	0	0	0	0.184388	0.129605	0.0547831	0.184388
1200	1155.2	0	-1034.77	0.222222	-0.0232882	0.00447952	-0.0277677	0.198934	0	-3.96579	0	0	0	0.186717	0.118974	0.0677436	0.186717
1200	1160.04	0	3576.46	0.222222	-0.0236774	0.00399583	-0.0276732	0.198545	0	-3.75614	0	0	0	0.203827	0.112684	0.0911425	0.203827
1200	1163.72	0	2254.86	0.222222	-0.0239652	0.00362808	-0.0275933	0.198257	0	-2.94414	0	0	0	0.201097	0.0883241	0.112773	0.201097
1200	1178.28	0	2695.39	0.222222	-0.0253581	0.00217239	-0.0275305	0.196864	0	-1.98101	0	0	0	0.188026	0.0594304	0.128595	0.188026
1200	1205	0	-886.333	0.222222	-0.0279969	-0.000500183	-0.0274967	0.194225	0	-1.64046	0	0	0	0.189382	0.0492138	0.140168	0.189382
1200	1243.87	0	4500.62	0.222222	-0.031914	-0.0043866	-0.0275274	0.190308	0	-1.10303	0	0	0	0.182416	0.0330908	0.149325	0.182416
1200	1251.16	0	2738.49	0.222222	-0.0327408	-0.00511597	-0.0276249	0.189481	0	1.33511	0	0	0	0.112904	-0.0400534	0.152958	0.112904
1200	1254.81	0	-220.745	0.222222	-0.0332054	-0.00548064	-0.0277248	0.189017	0	2.5611	0	0	0	0.065145	-0.076833	0.141978	0.065145
1200	1247.51	0	-3677.97	0.222222	-0.032571	-0.00475127	-0.0278198	0.189651	0	2.28334	0	0	0	0.0585295	-0.0685001	0.12703	0.0585295
1200	1241.43	0	4117.55	0.222222	-0.032052	-0.00414321	-0.0279087	0.19017	0	2.69519	0	0	0	0.032279	-0.0808558	0.113135	0.032279
1200	1235.39	0	2661.87	0.222222	-0.0315221	-0.00353896	-0.0279831	0.1907	0	3.90735	0	0	0	-0.0219744	-0.11722	0.095246	-0.0219744
1200	364.403	0	803.973	0.222222	0.0555156	0.0835597	-0.0280442	0.277738	0	4.01696	0	0	0	-0.0495306	-0.120509	0.0709782	-0.0495306
1200	1223.22	0	4151.07	0.222222	-0.0304188	-0.00232207	-0.0280967	0.191803	0	2.52385	0	0	0	-0.0269459	-0.0757156	0.0487697	-0.0269459
1200	1218.38	0	7929.12	0.222222	-0.0299803	-0.00183838	-0.0281419	0.192242	0	2.63028	0	0	0	-0.0444069	-0.0789082	0.0345014	-0.0444069
1200	1208.63	0	-3639.67	0.222222	-0.0290335	-0.00086333	-0.0281701	0.193189	0	3.61575	0	0	0	-0.091432	-0.108472	0.0170404	-0.091432
1200	1198.91	0	15312.8	0.222222	-0.0280703	0.000108643	-0.0281789	0.194152	0	3.41674	0	0	0	-0.107823	-0.102502	-0.00532137	-0.107823
1200	1202.58	0	3437.59	0.222222	-0.0284283	-0.000257568	-0.0281707	0.193794	0	1.35959	0	0	0	-0.0635765	-0.0407877	-0.0227888	-0.0635765
1200	5009.51	0	-215.957	0.222222	-0.405275	-0.380951	-0.024324	-0.183052	0	1.2702	0	0	0	-0.067922	-0.0381059	-0.0298161	-0.067922
1200	1228.1	0	-345.244	0.222222	-0.0309513	-0.00281036	-0.0281409	0.191271	0	2.15137	0	0	0	-0.102908	-0.0645412	-0.0383663	-0.102908
1200	1224.43	0	9312.97	0.222222	-0.0306409	-0.00244263	-0.0281983	0.191581	0	1.64587	0	0	0	-0.10097	-0.049376	-0.0515938	-0.10097
1200	1232.94	0	-16166.1	0.222222	-0.0315473	-0.00329407	-0.0282532	0.190675	0	1.32021	0	0	0	-0.10022	-0.0396064	-0.0606134	-0.10022
1200	1243.88	0	-857.603	0.222222	-0.0327194	-0.00438812	-0.0283313	0.189503	0	3.03787	0	0	0	-0.160549	-0.0911362	-0.0694127	-0.160549
1200	1264.53	0	7560.41	0.222222	-0.0348911	-0.00645264	-0.0284385	0.187331	0	0.808322	0	0	0	-0.108636	-0.0242496	-0.0843866	-0.108636
1200	1262.1	0	6138.25	0.222222	-0.0347848	-0.00621001	-0.0285748	0.187437	0	-1.60428	0	0	0	-0.03683	0.0481283	-0.0849583	-0.03683
1200	1248.73	0	4151.07	0.222222	-0.0335711	-0.00487334	-0.0286978	0.188651	0	-2.49397	0	0	0	0.00160635	0.0748191	-0.0732127	0.00160635
1200	1249.95	0	1191.83	0.222222	-0.0337906	-0.00499541	-0.0287952	0.188432	0	-2.16938	0	0	0	0.00658347	0.0650814	-0.0584979	0.00658347
1200	1237.81	0	-2753.81	0.222222	-0.0326699	-0.00378081	-0.028889	0.189552	0	-2.46311	0	0	0	0.0283062	0.0738932	-0.045587	0.0283062
1200	1220.78	0	2388.93	0.222222	-0.0310559	-0.00207793	-0.028978	0.191166	0	-2.75151	0	0	0	0.0522861	0.0825453	-0.0302592	0.0522861
1200	1237.81	0	4639.48	0.222222	-0.0328162	-0.00378081	-0.0290354	0.189406	0	-2.97393	0	0	0	0.0760617	0.089218	-0.0131563	0.0760617
1200	1242.66	0	5233.25	0.222222	-0.0333819	-0.00426604	-0.0291158	0.18884	0	-1.87353	0	0	0	0.0596511	0.0562058	0.00344534	0.0596511
1200	1232.94	0	-5066.61	0.222222	-0.0324989	-0.00329407	-0.0292048	0.189723	0	-1.55639	0	0	0	0.059868	0.0466916	0.0131764	0.059868
1200	1231.74	0	7569.99	0.222222	-0.0324491	-0.00317352	-0.0292755	0.189773	0	-1.85011	0	0	0	0.0789567	0.0555034	0.0234533	0.0789567
1200	1226.88	0	7814.2	0.222222	-0.0320285	-0.00268829	-0.0293402	0.190194	0	-1.32332	0	0	0	0.0739823	0.0396996	0.0342826	0.0739823
1200	1225.65	0	-2452.14	0.222222	-0.0319647	-0.0025647	-0.0294	0.190258	0	-0.960421	0	0	0	0.0698283	0.0288126	0.0410157	0.0698283
1200	1237.81	0	3782.36	0.222222	-0.0332394	-0.00378082	-0.0294586	0.188983	0	-1.0562	0	0	0	0.0785888	0.031686	0.0469028	0.0785888
1200	1252.37	0	1641.94	0.222222	-0.0347768	-0.00523651	-0.0295403	0.187445	0	-1.23712	0	0	0	0.0907558	0.0371136	0.0536423	0.0907558
1200	1271.82	0	8360.07	0.222222	-0.0368416	-0.00718201	-0.0296596	0.185381	0	-0.459171	0	0	0	0.0741249	0.0137751	0.0603498	0.0741249
1200	1256.01	0	5151.84	0.222222	-0.0354372	-0.0056012	-0.029836	0.186785	0	0.747661	0	0	0	0.0385391	-0.0224298	0.0609689	0.0385391
1200	-1428.51	0	-1705.15	0.222222	0.230174	0.262851	-0.0326776	0.452396	0	1.33405	0	0	0	0.0153632	-0.0400215	0.0553847	0.0153632
1200	1271.82	0	5266.77	0.222222	-0.0373102	-0.00718201	-0.0301282	0.184912	0	1.25317	0	0	0	0.00966086	-0.037595	0.0472559	0.00966086
1200	1290.02	0	2843.83	0.222222	-0.0392814	-0.00900237	-0.0302791	0.182941	0	1.31276	0	0	0	0.000452921	-0.0393829	0.0398358	0.000452921
1200	1299.74	0	516.669	0.222222	-0.0404384	-0.00997437	-0.030464	0.181784	0	1.383	0	0	0	-0.0096777	-0.0414901	0.0318124	-0.0096777
1200	1124.83	0	9140.58	0.222222	-0.0233301	0.0075168	-0.0308469	0.198892	0	1.14568	0	0	0	-0.0107571	-0.0343704	0.0236134	-0.0107571
1200	1339.83	0	-2437.78	0.222222	-0.0448616	-0.0139828	-0.0308788	0.177361	0	-0.0292236	0	0	0	0.0193624	0.000876709	0.0184857	0.0193624
1200	1321.61	0	-19628.1	0.222222	-0.0432647	-0.0121609	-0.0311038	0.178957	0	-0.0409301	0	0	0	0.0203008	0.0012279	0.0190729	0.0203008
1200	-742.203	0	4754.41	0.222222	0.162885	0.19422	-0.0313349	0.385108	0	0.747661	0	0	0	-0.0042831	-0.0224298	0.0181467	-0.0042831
1200	1314.33	0	1847.84	0.222222	-0.0429808	-0.0114331	-0.0315477	0.179241	0	1.46495	0	0	0	-0.0315903	-0.0439485	0.0123582	-0.0315903
1200	1316.76	0	13148.5	0.222222	-0.0434533	-0.0116757	-0.0317776	0.178769	0	0.569935	0	0	0	-0.0127857	-0.0170981	0.00431235	-0.0127857
1200	4928.12	0	1254.08	0.222222	-0.401182	-0.372812	-0.0283706	-0.17896	0	-0.0526366	0	0	0	0.00351904	0.0015791	0.00193994	0.00351904
1200	1325.24	0	-5593.33	0.222222	-0.0447323	-0.0125241	-0.0322082	0.17749	0	0.182557	0	0	0	-0.00309006	-0.00547672	0.00238666	-0.00309006
1200	1324.07	0	-1963.72	0.222222	-0.0448605	-0.0124066	-0.0324538	0.177362	0	-1.77455	0	0	0	0.052242	0.0532366	-0.000994639	0.052242
1200	1338.64	0	4352.18	0.222222	-0.046567	-0.0138638	-0.0327032	0.175655	0	0.358154	0	0	0	-0.000938701	-0.0107446	0.00980593	-0.000938701
1200	1353.18	0	-7436.87	0.222222	-0.0483033	-0.015318	-0.0329853	0.173919	0	0.923258	0	0	0	-0.0227641	-0.0276977	0.00493365	-0.0227641
1200	1342.24	0	1225.35	0.222222	-0.0475022	-0.0142239	-0.0332783	0.17472	0	0.276209	0	0	0	-0.0076566	-0.00828627	0.000629668	-0.0076566
1200	1337.4	0	171.904	0.222222	-0.047297	-0.0137402	-0.0335568	0.174925	0	0.114447	0	0	0	-0.00415769	-0.0034334	-0.000724282	-0.00415769
1200	2701.55	0	4012.2	0.222222	-0.183981	-0.150155	-0.0338255	0.0382414	0	0.347512	0	0	0	-0.0122833	-0.0104254	-0.00185794	-0.0122833
1200	1317.98	0	-2854.37	0.222222	-0.0458726	-0.0117978	-0.0340748	0.17635	0	0.211291	0	0	0	-0.0100934	-0.00633874	-0.00375464	-0.0100934
1200	1313.11	0	200.634	0.222222	-0.0455038	-0.011311	-0.0341928	0.176718	0	0.20597	0	0	0	-0.0105676	-0.0061791	-0.00438852	-0.0105676
1200	1309.48	0	2005.86	0.222222	-0.0454703	-0.0109479	-0.0345224	0.176752	0	0.386888	0	0	0	-0.0187205	-0.0116067	-0.00711385	-0.0187205
1200	1315.55	0	-2030.76	0.222222	-0.0462953	-0.0115552	-0.0347401	0.175927	0	0.0431437	0	0	0	-0.0102155	-0.00129431	-0.00892116	-0.0102155
1200	1317.96	0	-3179.98	0.222222	-0.0467638	-0.0117963	-0.0349676	0.175458	0	0.020795	0	0	0	-0.00967297	-0.000623849	-0.00904912	-0.00967297
1200	1316.77	0	3949.95	0.222222	-0.0468722	-0.0116772	-0.035195	0.17535	0	-0.48684	0	0	0	0.00600281	0.0146052	-0.0086024	0.00600281
1200	1320.4	0	5252.4	0.222222	-0.0474604	-0.0120404	-0.03542	0.174762	0	-0.926365	0	0	0	0.0229461	0.027791	-0.00484488	0.0229461
1200	1315.55	0	-1235.89	0.222222	-0.0472099	-0.0115552	-0.0356547	0.175012	0	-0.525153	0	0	0	0.015973	0.0157546	0.000218452	0.015973
1200	1315.54	0	18.6748	0.222222	-0.0474334	-0.0115536	-0.0358798	0.174789	0	-0.822071	0	0	0	0.0282614	0.0246621	0.00359924	0.0282614
1200	1331.33	0	-1915.84	0.222222	-0.0492462	-0.0131329	-0.0361133	0.172976	0	-1.1307	0	0	0	0.0430496	0.0339209	0.0091287	0.0430496
1200	1332.53	0	2925.24	0.222222	-0.0496318	-0.0132535	-0.0363784	0.17259	0	-0.540052	0	0	0	0.0315908	0.0162016	0.0153893	0.0315908
1200	1344.71	0	-3223.07	0.222222	-0.0511206	-0.0144711	-0.0366495	0.171102	0	0.28153	0	0	0	0.0089992	-0.0084459	0.0174451	0.0089992
1200	1344.7	0	-2255.82	0.222222	-0.0514061	-0.0144696	-0.0369365	0.170816	0	0.171915	0	0	0	0.0104804	-0.00515745	0.0156378	0.0104804
1200	-1119.96	0	1239.72	0.222222	0.19233	0.231996	-0.0396662	0.414552	0	0.128282	0	0	0	0.01086	-0.00384845	0.0147085	0.01086
1200	1325.29	0	-2916.62	0.222222	-0.0499978	-0.0125287	-0.0374691	0.172224	0	0.0218592	0	0	0	0.0134426	-0.000655775	0.0140984	0.0134426
1200	1324.05	0	1785.6	0.222222	-0.050115	-0.0124051	-0.0377099	0.172107	0	-0.193114	0	0	0	0.0198692	0.00579343	0.0140758	0.0198692
1200	1332.55	0	2944.39	0.222222	-0.051213	-0.013255	-0.037958	0.171009	0	-0.653924	0	0	0	0.0356089	0.0196177	0.0159912	0.0356089
1200	1339.81	0	-685.221	0.222222	-0.0522044	-0.0139813	-0.0382231	0.170018	0	-0.616676	0	0	0	0.0385938	0.0185003	0.0200935	0.0385938
1200	1342.25	0	1340.27	0.222222	-0.052727	-0.0142255	-0.0385016	0.169495	0	-0.407024	0	0	0	0.0356914	0.0122107	0.0234807	0.0356914
1200	1328.93	0	11458.2	0.222222	-0.0516746	-0.0128934	-0.0387812	0.170548	0	-0.17183	0	0	0	0.0304296	0.00515489	0.0252747	0.0304296
1200	-1138.18	0	2633.14	0.222222	0.194781	0.233818	-0.0390378	0.417003	0	0.298558	0	0	0	0.0168254	-0.00895673	0.0257821	0.0168254
1200	1333.77	0	5376.9	0.222222	-0.0526642	-0.0133771	-0.0392871	0.169558	0	0.443292	0	0	0	0.0102514	-0.0132988	0.0235501	0.0102514
1200	1325.26	0	-4137.66	0.222222	-0.0521155	-0.0125256	-0.0395899	0.170107	0	0.956249	0	0	0	-0.00837176	-0.0286875	0.0203157	-0.00837176
1200	1339.86	0	-3548.69	0.222222	-0.0538372	-0.0139859	-0.0398513	0.168385	0	0.597605	0	0	0	-0.00282633	-0.0179282	0.0151018	-0.00282633
1200	1347.12	0	971.567	0.222222	-0.0548456	-0.0147122	-0.0401334	0.167377	0	0.636981	0	0	0	-0.00751663	-0.0191094	0.0115928	-0.00751663
1200	1359.27	0	-1255.04	0.222222	-0.0563654	-0.0159268	-0.0404386	0.165857	0	0.141052	0	0	0	0.00446523	-0.00423157	0.0086968	0.00446523
1200	1371.43	0	-172.861	0.222222	-0.0579147	-0.0171429	-0.0407718	0.164308	0	0.180429	0	0	0	0.00235142	-0.00541286	0.00776428	0.00235142
1200	1378.68	0	3897.28	0.222222	-0.0589896	-0.0178677	-0.0411219	0.163233	0	0.0282445	0	0	0	0.00640267	-0.000847336	0.00725001	0.00640267
1200	1367.75	0	-3409.82	0.222222	-0.0582606	-0.0167752	-0.0414854	0.163962	0	0.550779	0	0	0	-0.0104421	-0.0165234	0.00608123	-0.0104421
1200	1366.56	0	2532.59	0.222222	-0.0584832	-0.0166562	-0.041827	0.163739	0	0.346448	0	0	0	-0.00717629	-0.0103934	0.00321715	-0.00717629
1200	1354.46	0	1493.5	0.222222	-0.057605	-0.0154462	-0.0421589	0.164617	0	0.23364	0	0	0	-0.00575261	-0.0070092	0.00125659	-0.00575261
1199.88	1355.61	-239.453	-4290.89	0.222222	-0.0578739	-0.0155606	-0.0423133	0.164348	0	0.164465	0	0	0	-0.00437829	-0.00493396	0.000555667	-0.00437829
1198.92	709.366	-719.447	2034.59	0.210032	0.00618085	0.0489556	-0.0427747	0.216213	0	-0.0430586	0	0	0	0.00117498	0.00129176	-0.000116774	0.00117498
1197	1343.51	-1199.44	516.669	0.201677	-0.0577138	-0.0146503	-0.0430635	0.143963	0	-0.338913	0	0	0	0.0107751	0.0101674	0.000607708	0.0107751
1194.12	1338.64	-1679.43	-1010.83	0.193143	-0.0577982	-0.0144514	-0.0433468	0.135345	0	-0.447464	0	0	0	0.0162662	0.0134239	0.00284233	0.0162662
1190.29	-1313.08	-2159.43	425.689	0.184433	0.206704	0.250336	-0.0436327	0.391136	0	-0.208013	0	0	0	0.011659	0.0062404	0.00541856	0.011659
1185.49	-1981.23	-2639.42	1833.48	0.175544	0.27277	0.316672	-0.0439014	0.448315	0	-0.281445	0	0	0	0.0150844	0.00844335	0.0066411	0.0150844
1179.73	1315.54	-3119.42	2786.37	0.166478	-0.0577536	-0.0135809	-0.0441727	0.108724	0	-0.774181	0	0	0	0.0325481	0.0232254	0.00932269	0.0325481
1173.01	1326.46	-3599.41	1847.84	0.157234	-0.0598002	-0.0153453	-0.0444549	0.0974335	0	-0.677337	0	0	0	0.0342719	0.0203201	0.0139518	0.0342719
1165.33	1316.74	-4079.4	-3017.17	0.147812	-0.0598945	-0.0151412	-0.0447534	0.0879173	0	-0.54218	0	0	0	0.0340897	0.0162654	0.0178243	0.0340897
1156.69	1303.39	-4559.4	9437.46	0.138212	-0.0597206	-0.0146699	-0.0450507	0.0784915	0	-0.619869	0	0	0	0.0396415	0.0185961	0.0210454	0.0396415
1147.09	1307.04	-5039.39	-7374.62	0.133346	-0.0606999	-0.0155025	-0.0451974	0.0726457	0	-0.883796	0	0	0	0.0494189	0.0265139	0.022905	0.0494189
1136.53	1262.12	-5519.39	-14676.9	0.11848	-0.0581627	-0.0125581	-0.0456046	0.0603168	0	-1.31374	0	0	0	0.072567	0.0394123	0.0331547	0.072567
1125.02	1257.22	-5999.38	-4640.44	0.108347	-0.0590779	-0.0132202	-0.0458577	0.0492686	0	1.1361	0	0	0	0.00489803	-0.0340831	0.0389811	0.00489803
1112.54	1245.09	-6479.37	-10946.8	0.0980358	-0.0593845	-0.013255	-0.0461295	0.0386513	0	1.25636	0	0	0	-0.00782185	-0.0376908	0.029869	-0.00782185
1099.1	1232.97	-6959.37	473.573	0.0875473	-0.0597848	-0.0133873	-0.0463976	0.0277625	0	0.08252	0	0	0	0.0225339	-0.0024756	0.0250095	0.0225339
1084.7	1205	-7439.36	-5416.16	0.076881	-0.0587317	-0.0120302	-0.0467015	0.0181493	0	0.459256	0	0	0	0.0102801	-0.0137777	0.0240578	0.0102801
1069.34	1205.03	-7919.35	-4137.66	0.0660369	-0.0605357	-0.0135691	-0.0469666	0.00550118	0	0.881753	0	0	0	-0.00537702	-0.0264526	0.0210756	-0.00537702
1053.02	1179.52	-8399.35	8637.8	0.0550151	-0.0598884	-0.0126497	-0.0472387	-0.00487332	0	2.10136	0	0	0	-0.0492638	-0.0630407	0.0137769	-0.0492638
1035.74	1140.66	-8879.34	-1288.56	0.0438155	-0.0579779	-0.0104911	-0.0474868	-0.0141624	0	2.51108	0	0	0	-0.0755845	-0.0753325	-0.000252017	-0.0755845
1017.77	1132.11	-9000	-11123.9	0.0401435	-0.0581253	-0.0105336	-0.0475917	-0.0179818	0	2.09284	0	0	0	-0.0705705	-0.0627852	-0.00778526	-0.0705705
999.775	1094.47	-9000	-17727.1	0.0351435	-0.0573432	-0.0094692	-0.047874	-0.0221997	0	-1.12218	0	0	0	0.0196142	0.0336655	-0.0140513	0.0196142
981.775	1077.48	-9000	-27165.1	0.0318103	-0.0576384	-0.00957087	-0.0480675	-0.0258281	0	1.18931	0	0	0	-0.0460721	-0.0356794	-0.0103927	-0.0460721
963.776	1054.4	-9000	-5875.85	0.028477	-0.0573179	-0.00906219	-0.0482557	-0.028841	0	0.243218	0	0	0	-0.0250742	-0.00729654	-0.0177776	-0.0250742
945.776	1041	-9000	-4664.38	0.0251437	-0.0579672	-0.00952245	-0.0484447	-0.0328235	0	-1.2733	0	0	0	0.0222666	0.0381991	-0.0159325	0.0222666
927.776	996.063	-9000	-10793.5	0.0218104	-0.0554863	-0.00682871	-0.0486576	-0.0336759	0	0.072942	0	0	0	-0.0114803	-0.00218826	-0.00929201	-0.0114803
909.776	992.447	-9000	-33.9977	0.018477	-0.0570824	-0.00826708	-0.0488153	-0.0386053	0	1.43196	0	0	0	-0.0555969	-0.0429587	-0.0126382	-0.0555969
891.776	-3647.8	-9000	-12210.9	0.0151437	0.40037	0.453957	-0.0535873	0.415514	0	0.751918	0	0	0	-0.0435352	-0.0225575	-0.0209777	-0.0435352
873.776	892.822	-9000	-7633.19	0.0118105	-0.0509964	-0.00190457	-0.0490918	-0.0391859	0	-1.36057	0	0	0	0.0180768	0.0408171	-0.0227403	0.0180768
855.777	878.265	-9000	-20226.7	0.00847717	-0.0513768	-0.00224886	-0.0491279	-0.0428996	0	-1.09983	0	0	0	0.0195739	0.032995	-0.0134212	0.0195739
837.777	868.515	-9000	-8983.52	0.00514388	-0.0522521	-0.0030738	-0.0491783	-0.0471082	0	0.651881	0	0	0	-0.0297915	-0.0195564	-0.0102351	-0.0297915
819.777	853.928	-9000	-15064.8	0.00181059	-0.0526553	-0.00341503	-0.0492402	-0.0508447	0	-0.54218	0	0	0	0.00288204	0.0162654	-0.0133834	0.00288204
801.777	855.164	-9000	-17506.9	-0.00152271	-0.0546574	-0.00533861	-0.0493188	-0.0561801	0	-0.178215	0	0	0	-0.00364723	0.00534645	-0.00899369	-0.00364723
783.778	845.459	-9000	-12613.1	-0.004856	-0.0556039	-0.00616813	-0.0494358	-0.0604599	0	2.30888	0	0	0	-0.079199	-0.0692664	-0.00993259	-0.079199
765.778	2129.42	-9000	19368.6	-0.00818929	-0.185929	-0.136365	-0.0495645	-0.194118	0	-0.128197	0	0	0	-0.0200549	0.0038459	-0.0239008	-0.0200549
747.778	799.286	-9000	-3266.17	-0.0115226	-0.0548435	-0.00515077	-0.0496927	-0.0663661	0	-1.13495	0	0	0	0.0146365	0.0340486	-0.0194122	0.0146365
729.778	737.335	-9000	3260.42	-0.0148559	-0.0505301	-0.000755676	-0.0497744	-0.0653859	0	-0.26761	0	0	0	-0.00602041	0.0080283	-0.0140487	-0.00602041
711.779	671.783	-9000	8149.38	-0.0181892	-0.0457917	0.00399951	-0.0497912	-0.0639808	0	0.08252	0	0	0	-0.0156338	-0.0024756	-0.0131582	-0.0156338
693.779	637.726	-9000	-15064.8	-0.0215224	-0.0440918	0.0056053	-0.0496971	-0.0656142	0	0.291108	0	0	0	-0.0226548	-0.00873324	-0.0139215	-0.0226548
675.779	595.245	-9000	-24660.8	-0.0248557	-0.0414944	0.00805337	-0.0495478	-0.0663501	0	-0.229298	0	0	0	-0.00838376	0.00687894	-0.0152627	-0.00838376
657.779	597.626	-9000	368.228	-0.028189	-0.0433791	0.00601536	-0.0493945	-0.0715681	0	0.558229	0	0	0	-0.0309435	-0.0167469	-0.0141966	-0.0309435
639.78	600.067	-9000	-3701.91	-0.0315223	-0.0453144	0.00397124	-0.0492856	-0.0768367	0	1.16164	0	0	0	-0.0543141	-0.0348493	-0.0194648	-0.0543141
621.78	580.627	-9000	-4137.66	-0.0348556	-0.045089	0.00411523	-0.0492042	-0.0799446	0	0.434779	0	0	0	-0.038351	-0.0130434	-0.0253076	-0.038351
603.78	550.262	-9000	-4482.42	-0.0381889	-0.0437671	0.00535175	-0.0491188	-0.081956	0	-0.0824349	0	0	0	-0.0246451	0.00247305	-0.0271181	-0.0246451
585.78	519.867	-9000	-14600.3	-0.0415222	-0.0424101	0.00659133	-0.0490014	-0.0839322	0	0.808322	0	0	0	-0.051483	-0.0242496	-0.0272333	-0.051483
567.78	490.753	-9000	-2375.53	-0.0448555	-0.0411739	0.00770273	-0.0488767	-0.0860294	0	2.20884	0	0	0	-0.101247	-0.0662653	-0.0349822	-0.101247
549.781	496.826	-9000	-9692.21	-0.0481888	-0.0434362	0.00529545	-0.0487316	-0.0916249	0	1.08821	0	0	0	-0.0795663	-0.0326464	-0.0469199	-0.0795663
531.781	477.386	-9000	-13623.5	-0.0515221	-0.0431709	0.00543944	-0.0486104	-0.094693	0	3.01978	0	0	0	-0.143046	-0.0905934	-0.052453	-0.143046
513.781	450.684	-9000	-1159.27	-0.0548554	-0.0421862	0.00630976	-0.048496	-0.0970416	0	-1.3329	0	0	0	-0.030042	0.039987	-0.070029	-0.030042
495.781	414.246	-9000	3566.88	-0.0581886	-0.040207	0.00815358	-0.0483606	-0.0983956	0	-1.96186	0	0	0	8.386e-05	0.0588557	-0.0587718	8.386e-05
477.782	374.115	-9000	-7503.91	-0.0615219	-0.0378167	0.0103667	-0.0481834	-0.0993386	0	2.86121	0	0	0	-0.140832	-0.0858364	-0.0549952	-0.140832
459.782	336.487	-9000	-10458.4	-0.0648552	-0.0356337	0.0123295	-0.0479632	-0.100489	0	3.2156	0	0	0	-0.17046	-0.096468	-0.0739918	-0.17046
441.782	323.09	-9000	-1561.5	-0.0665219	-0.0350707	0.0127692	-0.0478399	-0.101593	0	2.86653	0	0	0	-0.169635	-0.085996	-0.0836386	-0.169635
423.782	5147.98	-9000	-7585.31	-0.0715218	-0.515003	-0.47242	-0.0425837	-0.586525	0	3.28371	0	0	0	-0.20739	-0.0985113	-0.108879	-0.20739
405.783	274.506	-9000	-15419.1	-0.0748551	-0.03404	0.0131277	-0.0471677	-0.108895	0	1.3532	0	0	0	-0.170349	-0.0405961	-0.129753	-0.170349
387.783	222.29	-9000	-11013.8	-0.0781884	-0.0303418	0.0165493	-0.0468911	-0.10853	0	12.3296	0	0	0	-0.513814	-0.369889	-0.143925	-0.513814
369.783	172.516	-9000	-3879.09	-0.0815217	-0.0268181	0.0197267	-0.0465448	-0.10834	0	-0.00793912	0	0	0	-0.199058	0.000238174	-0.199296	-0.199058
351.783	127.533	-9000	-9548.56	-0.084855	-0.0237099	0.022425	-0.0461349	-0.108565	0	2.09284	0	0	0	-0.26256	-0.0627852	-0.199775	-0.26256
333.783	98.3887	-9000	-12876.5	-0.0881883	-0.0221402	0.0235395	-0.0456796	-0.110328	0	2.41317	0	0	0	-0.287211	-0.0723952	-0.214816	-0.287211
315.784	-3056.21	-9000	42.6168	-0.0915215	0.288861	0.3372	-0.0483385	0.19734	0	1.20634	0	0	0	-0.262931	-0.0361903	-0.226741	-0.262931
297.784	40.0695	-9000	2192.61	-0.0948548	-0.0189429	0.0257714	-0.0447143	-0.113798	0	1.29042	0	0	0	-0.272602	-0.0387125	-0.23389	-0.272602
279.784	17.0288	-9000	1330.7	-0.0981881	-0.017919	0.0262755	-0.0441946	-0.116107	0	0.518852	0	0	0	-0.256435	-0.0155656	-0.240869	-0.256435
261.784	-8.5144	-9000	-972.525	-0.101521	-0.016636	0.0270299	-0.0436659	-0.118157	0	0.0452721	0	0	0	-0.244223	-0.00135816	-0.242865	-0.244223
243.785	-1826.93	-9000	-2605.37	-0.104855	0.162163	0.207072	-0.044909	0.0573082	0	0.326228	0	0	0	-0.253217	-0.00978683	-0.24343	-0.253217
225.785	-94.7571	-9000	-14289.1	-0.108188	-0.0104813	0.0320542	-0.0425355	-0.118669	0	0.198521	0	0	0	-0.251895	-0.00595562	-0.24594	-0.251895
207.785	-125.122	-9000	4151.07	-0.111521	-0.0085945	0.0332907	-0.0418852	-0.120116	0	-1.73731	0	0	0	-0.192209	0.0521192	-0.244328	-0.192209
189.785	-144.531	-9000	-4338.77	-0.114855	-0.00779308	0.0334317	-0.0412247	-0.122648	0	-1.61918	0	0	0	-0.184562	0.0485753	-0.233138	-0.184562
171.786	-177.368	-9000	-1188	-0.118188	-0.00563755	0.0349154	-0.0405529	-0.123825	0	-0.642217	0	0	0	-0.206193	0.0192665	-0.22546	-0.206193
154.118	-207.703	-8600.96	-5875.85	-0.114809	-0.00368035	0.036182	-0.0398624	-0.118489	0	-1.6096	0	0	0	-0.172217	0.0482879	-0.220505	-0.172217
137.396	-233.215	-8120.96	5161.42	-0.109906	-0.00207147	0.0370611	-0.0391326	-0.111977	0	-1.4191	0	0	0	-0.167521	0.042573	-0.210094	-0.167521
121.634	-249.023	-7640.97	-9716.15	-0.104825	-0.00132268	0.0370658	-0.0383884	-0.106147	0	-0.4464	0	0	0	-0.190077	0.013392	-0.203469	-0.190077
106.832	-246.582	-7160.98	-2021.19	-0.0995658	-0.00231198	0.0353414	-0.0376534	-0.101878	0	3.94566	0	0	0	-0.317452	-0.11837	-0.199083	-0.317452
92.9907	-245.392	-6680.98	1311.54	-0.0941292	-0.00311661	0.0338382	-0.0369549	-0.0972458	0	-4.01262	0	0	0	-0.0943996	0.120379	-0.214778	-0.0943996
80.1089	-239.288	-6200.99	-3697.13	-0.0885148	-0.0043486	0.0319397	-0.0362883	-0.0928634	0	-1.84479	0	0	0	-0.137099	0.0553438	-0.192442	-0.137099
68.187	-225.952	-5720.99	-9965.15	-0.0827227	-0.00624776	0.0294139	-0.0356617	-0.0889704	0	-2.03422	0	0	0	-0.121318	0.0610267	-0.182344	-0.121318
57.2252	-201.63	-5241	-1417.85	-0.0767528	-0.00919474	0.0258855	-0.0350802	-0.0859475	0	-2.39287	0	0	0	-0.0970854	0.071786	-0.168871	-0.0970854
47.2233	-193.146	-4761.01	2637.93	-0.0706051	-0.0105344	0.0240369	-0.0345713	-0.0811394	0	-2.23643	0	0	0	-0.0878684	0.0670928	-0.154961	-0.0878684
38.1814	-168.823	-4281.01	-14887.6	-0.0642796	-0.0134032	0.0207005	-0.0341037	-0.0776828	0	-2.71001	0	0	0	-0.059904	0.0813002	-0.141204	-0.059904
30.0995	-2869.2	-3801.02	-4966.05	-0.0577763	0.256223	0.28993	-0.0337072	0.198447	0	-2.73448	0	0	0	-0.0421977	0.0820345	-0.124232	-0.0421977
22.9775	-87.4939	-3321.03	-3639.67	-0.0510953	-0.0223545	0.0110471	-0.0334016	-0.0734498	0	-2.22898	0	0	0	-0.0422394	0.0668693	-0.109109	-0.0422394
16.8155	-58.3191	-2841.03	-11358.6	-0.0442365	-0.0256887	0.00751346	-0.0332022	-0.0699252	0	-2.94307	0	0	0	-0.00652642	0.0882922	-0.0948186	-0.00652642
11.6135	-3564	-2361.04	-7082.53	-0.0372	0.324493	0.357561	-0.033068	0.287293	0	-2.79195	0	0	0	0.00666546	0.0837586	-0.0770931	0.00666546
7.37151	2.44141	-1881.04	-1278.98	-0.0299856	-0.032505	0.000493011	-0.032998	-0.0624906	0	-2.51313	0	0	0	0.0145894	0.0753938	-0.0608043	0.0145894
4.08946	31.6162	-1401.05	-7987.54	-0.0225935	-0.0357632	-0.00275267	-0.0330105	-0.0583567	0	-2.7132	0	0	0	0.0355874	0.081396	-0.0458086	0.0355874
1.76738	66.7725	-921.056	-986.89	-0.0150236	-0.0395855	-0.00650051	-0.033085	-0.0546092	0	-3.18891	0	0	0	0.0669233	0.0956673	-0.028744	0.0669233
0.405284	104.462	-441.062	-2523.97	-0.00727599	-0.0436422	-0.0104056	-0.0332365	-0.0509182	0	-3.25808	0	0	0	0.0882948	0.0977425	-0.00944771	0.0882948
0	129.974	0	-4539.89	0	-0.0464582	-0.0129974	-0.0334608	-0.0464582	0	-3.04098	0	0	0	0.100842	0.0912294	0.00961231	0.100842
0	145.813	0	-5071.4	0	-0.0483117	-0.0145813	-0.0337304	-0.0483117	0	-3.13038	0	0	0	0.121757	0.0939113	0.0278454	0.121757
0	154.236	0	-10798.3	0	-0.0492998	-0.0154236	-0.0338762	-0.0492998	0	-3.12293	0	0	0	0.130924	0.0936878	0.0372365	0.130924
0	189.514	0	-6321.17	0	-0.053322	-0.0189514	-0.0343706	-0.053322	0	-2.33966	0	0	0	0.133113	0.0701897	0.0629228	0.133113
0	221.069	0	-5918.95	0	-0.0568736	-0.0221069	-0.0347666	-0.0568736	0	-2.27261	0	0	0	0.144976	0.0681783	0.076798	0.144976
0	248.993	0	-2107.38	0	-0.0601202	-0.0248993	-0.0352209	-0.0601202	0	-2.09808	0	0	0	0.153188	0.0629423	0.0902453	0.153188
0	251.434	0	-4511.15	0	-0.0608551	-0.0251434	-0.0357117	-0.0608551	0	-1.88204	0	0	0	0.158915	0.0564612	0.102454	0.158915
0	242.95	0	-6737.76	0	-0.0605035	-0.024295	-0.0362085	-0.0605035	0	-1.83734	0	0	0	0.16879	0.0551203	0.113669	0.16879
0	235.687	0	-6780.86	0	-0.060257	-0.0235687	-0.0366883	-0.060257	0	-1.5234	0	0	0	0.170111	0.0457019	0.124409	0.170111
0	229.553	0	-6584.53	0	-0.0601162	-0.0229553	-0.0371609	-0.0601162	0	-0.620933	0	0	0	0.151102	0.018628	0.132474	0.151102
0	234.406	0	-5013.94	0	-0.0610642	-0.0234405	-0.0376237	-0.0610642	0	0.37731	0	0	0	0.12345	-0.0113193	0.134769	0.12345
0	229.553	0	-1168.85	0	-0.0610454	-0.0229553	-0.0380901	-0.0610454	0	0.932836	0	0	0	0.10332	-0.0279851	0.131305	0.10332
0	219.879	0	-1288.56	0	-0.0605323	-0.0219879	-0.0385444	-0.0605323	0	0.807257	0	0	0	0.101627	-0.0242177	0.125845	0.101627
0	205.292	0	-4171.18	0	-0.059506	-0.0205292	-0.0389768	-0.059506	0	0.874304	0	0	0	0.0948138	-0.0262291	0.121043	0.0948138
0	200.439	0	-5875.85	0	-0.0594277	-0.0200439	-0.0393838	-0.0594277	0	1.45431	0	0	0	0.0714528	-0.0436292	0.115082	0.0714528
0	216.187	0	-10214.1	0	-0.0614021	-0.0216186	-0.0397834	-0.0614021	0	1.87042	0	0	0	0.0494167	-0.0561125	0.105529	0.0494167
0	4527.28	0	-5947.68	0	-0.492921	-0.452728	-0.0401927	-0.492921	0	2.34081	0	0	0	0.0236451	-0.0702242	0.0938693	0.0236451
0	196.747	0	-3424.19	0	-0.0602866	-0.0196747	-0.0406119	-0.0602866	0	2.79523	0	0	0	-0.00496788	-0.0838569	0.078889	-0.00496788
0	173.676	0	8125.44	0	-0.0583511	-0.0173676	-0.0409836	-0.0583511	0	2.43339	0	0	0	-0.0103414	-0.0730018	0.0626604	-0.0103414
0	197.998	0	-9874.17	0	-0.0611393	-0.0197998	-0.0413395	-0.0611393	0	2.53662	0	0	0	-0.0279333	-0.0760987	0.0481654	-0.0279333
0	199.219	0	-10262	0	-0.0616561	-0.0199219	-0.0417342	-0.0616561	0	2.79204	0	0	0	-0.0515977	-0.0837611	0.0321635	-0.0515977
0	206.482	0	-9562.92	0	-0.0627833	-0.0206482	-0.0421351	-0.0627833	0	2.46532	0	0	0	-0.0583153	-0.0739596	0.0156443	-0.0583153
0	4652.37	0	-9582.07	0	-0.507789	-0.465237	-0.0425518	-0.507789	0	2.02792	0	0	0	-0.0593755	-0.0608377	0.00146217	-0.0593755
0	190.735	0	-517.626	0	-0.0620504	-0.0190735	-0.0429769	-0.0620504	0	2.03644	0	0	0	-0.0718145	-0.0610931	-0.0107213	-0.0718145
0	157.898	0	3763.21	0	-0.0591202	-0.0157898	-0.0433304	-0.0591202	0	2.13435	0	0	0	-0.086865	-0.0640304	-0.0228346	-0.086865
0	162.781	0	-2749.02	0	-0.0599292	-0.0162781	-0.0436511	-0.0599292	0	1.97046	0	0	0	-0.0948246	-0.0591137	-0.0357109	-0.0948246
0	150.635	0	-7192.66	0	-0.0590316	-0.0150635	-0.0439681	-0.0590316	0	1.60968	0	0	0	-0.0949621	-0.0482905	-0.0466716	-0.0949621
0	145.721	0	-12081.6	0	-0.0586909	-0.0145721	-0.0441188	-0.0586909	0	1.79805	0	0	0	-0.105442	-0.0539415	-0.0515007	-0.105442
0	150.604	0	104.866	0	-0.0596226	-0.0150604	-0.0445622	-0.0596226	0	1.01478	0	0	0	-0.0979191	-0.0304434	-0.0674756	-0.0979191
0	144.531	0	-512.838	0	-0.0593165	-0.0144531	-0.0448634	-0.0593165	0	0.478412	0	0	0	-0.0865821	-0.0143524	-0.0722298	-0.0865821
0	128.754	0	-168.073	0	-0.0580254	-0.0128754	-0.04515	-0.0580254	0	0.648688	0	0	0	-0.0948386	-0.0194606	-0.075378	-0.0948386
0	115.387	0	-5425.74	0	-0.0569426	-0.0115387	-0.0454039	-0.0569426	0	0.643367	0	0	0	-0.0986893	-0.019301	-0.0793883	-0.0986893
0	106.873	0	-6215.83	0	-0.0563171	-0.0106873	-0.0456299	-0.0563171	0	0.454999	0	0	0	-0.0966781	-0.01365	-0.0830282	-0.0966781
0	108.063	0	-5684.31	0	-0.05665	-0.0108063	-0.0458437	-0.05665	0	-0.035609	0	0	0	-0.0840929	0.00106827	-0.0851611	-0.0840929
0	108.093	0	-2820.85	0	-0.056868	-0.0108093	-0.0460587	-0.056868	0	-0.591135	0	0	0	-0.0663387	0.017734	-0.0840727	-0.0663387
0	106.873	0	-2294.12	0	-0.0569622	-0.0106873	-0.0462749	-0.0569622	0	-1.00831	0	0	0	-0.0495774	0.0302493	-0.0798267	-0.0495774
0	-3351.44	0	-10841.4	0	0.285201	0.335144	-0.0499434	0.285201	0	-1.24138	0	0	0	-0.0361045	0.0372413	-0.0733458	-0.0361045
0	65.6128	0	971.567	0	-0.0532394	-0.00656128	-0.0466782	-0.0532394	0	-1.3925	0	0	0	-0.0239407	0.0417749	-0.0657156	-0.0239407
0	64.3616	0	-5167.17	0	-0.0532394	-0.00643616	-0.0468033	-0.0532394	0	-1.65536	0	0	0	-0.00736456	0.0496608	-0.0570254	-0.00736456
0	84.9914	0	-8394.55	0	-0.0554446	-0.00849914	-0.0469454	-0.0554446	0	-2.10766	0	0	0	0.0166601	0.0632297	-0.0465696	0.0166601
0	91.095	0	-2801.69	0	-0.0562274	-0.0091095	-0.0471179	-0.0562274	0	-2.4929	0	0	0	0.0418053	0.0747871	-0.0329818	0.0418053
0	100.83	0	-3117.73	0	-0.0573904	-0.010083	-0.0473074	-0.0573904	0	-2.395	0	0	0	0.0537744	0.0718499	-0.0180755	0.0537744
0	105.652	0	-1638.11	0	-0.0580767	-0.0105652	-0.0475115	-0.0580767	0	-1.98527	0	0	0	0.0552556	0.0595581	-0.00430253	0.0552556
0	105.713	0	-1489.67	0	-0.0582941	-0.0105713	-0.0477228	-0.0582941	0	-1.87459	0	0	0	0.0635084	0.0562377	0.00727066	0.0635084
0	95.9778	0	-3773.74	0	-0.0575259	-0.00959778	-0.0479281	-0.0575259	0	-1.91716	0	0	0	0.076183	0.0575148	0.0186683	0.076183
0	91.0644	0	-5200.69	0	-0.0571305	-0.00910644	-0.0480241	-0.0571305	0	-1.77349	0	0	0	0.0776244	0.0532047	0.0244197	0.0776244
0	69.2139	0	-3606.15	0	-0.0552078	-0.00692139	-0.0482865	-0.0552078	0	-0.830585	0	0	0	0.0624253	0.0249176	0.0375077	0.0624253
0	49.8352	0	-3160.83	0	-0.0533963	-0.00498352	-0.0484128	-0.0533963	0	-0.765667	0	0	0	0.065241	0.02297	0.0422709	0.065241
0	52.2156	0	-1537.56	0	-0.0537364	-0.00522156	-0.0485148	-0.0537364	0	-0.599648	0	0	0	0.0648001	0.0179895	0.0468107	0.0648001
0	48.584	0	-1504.04	0	-0.0534752	-0.0048584	-0.0486168	-0.0534752	0	-0.0643431	0	0	0	0.0516333	0.00193029	0.049703	0.0516333
