0	0	0	-54.7314	0	0	0	0	0	0	0.00113872	0	0	0	-4.55488e-05	-4.55488e-05	0	-4.55488e-05
0.48	1.2145	480	280.457	0.0107556	-0.000220351	-0.000220351	0	0.0105352	0	-0.073357	0	-80.8811	0	0.00289097	0.00293428	-4.3314e-05	0.00289097
1.92	0	960	1467.98	0.0216889	0.000576	0.000576	-0	0.0222649	0	-0.387303	0	-96.8445	0	0.0172679	0.0154921	0.00177577	0.0172679
4.32	1.21474	1440	-480.899	0.0328	0.000931577	0.000931577	0	0.0337316	0	-0.206385	0	100.037	0	0.0134998	0.00825541	0.0052444	0.0134998
7.68	2.42949	1920	-116.981	0.0440889	0.00157515	0.00157515	0	0.045664	0	-0.0988984	0	52.147	0	0.0109875	0.00395594	0.00703155	0.0109875
12	2.42925	2400	-35.5778	0.0555556	0.00287123	0.00287123	0	0.0584268	0	-0.0158889	0	40.4406	0	0.00844324	0.000635555	0.00780769	0.00844324
17.28	1.21474	2880	36.2482	0.0672	0.00481958	0.00481958	0	0.0720196	0	0.0766987	0	39.3763	0	0.00463257	-0.00306795	0.00770052	0.00463257
23.52	2.42853	3360	-35.5778	0.0790222	0.00632744	0.00632744	0	0.0853497	0	0.170351	0	50.0186	0	-9.86545e-05	-0.00681402	0.00671537	-9.86545e-05
30.72	3.64447	3840	519.877	0.0910222	0.00812266	0.00812266	0	0.0991449	0	0.139488	0	-65.9819	0	-0.000743256	-0.00557952	0.00483626	-0.000743256
38.88	3.64351	4320	2023.44	0.1032	0.0105709	0.0105709	0	0.113771	0	-0.197871	0	-161.762	0	0.0122342	0.00791486	0.00431937	0.0122342
48	7.28822	4800	1946.82	0.115556	0.0122135	0.0122135	0	0.127769	0	-0.178715	0	80.8811	0	0.0137553	0.00714861	0.00660671	0.0137553
58.08	17.0059	5280	3407.28	0.128089	0.0123222	0.0123222	0	0.140411	0	-0.0371734	0	41.5048	0	0.00938061	0.00148694	0.00789368	0.00938061
69.12	27.9391	5760	3455.17	0.1408	0.0123543	0.0123543	0	0.153154	0	-0.0169531	0	4.2569	0	0.00886372	0.000678124	0.00818559	0.00886372
81.12	10.9322	6240	4455.94	0.153689	0.0210563	0.0210563	0	0.174745	0	-0.101027	0	-51.0828	0	0.0125612	0.00404108	0.00852008	0.0125612
94.08	95.9625	6720	5111.96	0.166756	-0.000564752	-0.000564752	0	0.166191	0	-0.106348	0	14.8991	0	0.0138854	0.00425392	0.00963145	0.0138854
108	68.0246	7200	5892.47	0.18	0.0119926	0.0119926	0	0.191993	0	-0.156367	0	-45.7617	0	0.0169709	0.00625466	0.0107162	0.0169709
122.88	86.2453	7680	3455.17	0.193422	0.0109904	0.0109904	0	0.204413	0	-0.14466	0	21.2845	0	0.0181142	0.0057864	0.0123278	0.0181142
138.72	112.969	8160	-1630.12	0.207022	0.00772525	0.00772525	0	0.214747	0	-0.159559	0	-17.0276	0	0.0201461	0.00638237	0.0137637	0.0201461
147	134.834	8400	1151.95	0.213889	0.00364978	0.00364978	0	0.217539	0	-0.163816	0	-4.2569	0	0.0211142	0.00655265	0.0145615	0.0211142
164.28	183.422	8880	663.529	0.227755	-0.00574271	-0.00574271	0	0.222013	0	-0.184036	0	-24.4772	0	0.0235399	0.00736146	0.0161784	0.0235399
182.25	246.588	9000	-3617.3	0.23375	-0.0193014	-0.0193014	0	0.214449	0	-0.392625	0	-112.808	0	0.0342027	0.015705	0.0184977	0.0342027
200.25	309.754	9000	3201.38	0.237083	-0.0328511	-0.0328511	0	0.204232	0	-0.520332	0	-70.2389	0	0.0435245	0.0208133	0.0227113	0.0435245
218.25	374.134	9000	5020.98	0.240417	-0.0467651	-0.0467651	0	0.193651	0	-0.0297238	0	259.671	0	0.0279488	0.00118895	0.0267599	0.0279488
236.25	406.932	9000	15909.8	0.24375	-0.0512046	-0.0512046	0	0.192545	0	-0.884297	0	-752.407	0	0.0629398	0.0353719	0.027568	0.0629398
254.25	409.361	9000	13324.1	0.247083	-0.0465334	-0.0465334	-0	0.20055	0	-1.2025	0	257.543	0	0.0873896	0.0481	0.0392896	0.0873896
272.25	409.361	9000	3493.48	0.250417	-0.0411334	-0.0411334	-0	0.209283	0	-0.457542	0	180.918	0	0.0667961	0.0183017	0.0484945	0.0667961
290.25	416.65	9000	448.051	0.25375	-0.0379199	-0.0379199	-0	0.21583	0	-0.921545	0	-268.185	0	0.0909107	0.0368618	0.054049	0.0909107
308.25	139.693	9000	-729.896	0.257083	0.050567	0.050567	-0	0.30765	0	-1.2472	0	-116.001	0	0.114201	0.0498879	0.0643127	0.114201
326.25	476.171	9000	-198.384	0.260417	-0.0449764	-0.0449764	-0	0.21544	0	-1.2621	0	3.19254	0	0.127359	0.0504839	0.0768751	0.127359
344.25	512.613	9000	3148.71	0.26375	-0.0505089	-0.0505089	-0	0.213241	0	-0.885361	0	258.607	0	0.12432	0.0354144	0.0889054	0.12432
362.25	530.833	9000	12806.9	0.267083	-0.0505751	-0.0505751	-0	0.216508	0	-0.246826	0	373.543	0	0.106307	0.00987303	0.0964341	0.106307
380.25	523.545	9000	13089.4	0.270417	-0.0429887	-0.0429887	-0	0.227428	0	0.72694	0	424.626	0	0.067079	-0.0290776	0.0961566	0.067079
398.25	510.183	9000	4719.31	0.27375	-0.03358	-0.03358	-0	0.24017	0	1.02173	0	88.3308	0	0.0469857	-0.0408692	0.0878549	0.0469857
416.25	513.828	9000	-73.8851	0.277083	-0.0292735	-0.0292735	-0	0.24781	0	1.0196	0	10.6422	0	0.0369174	-0.0407841	0.0777015	0.0369174
434.25	533.263	9000	2296.37	0.280417	-0.0297039	-0.0297039	-0	0.250713	0	1.13986	0	72.3673	0	0.0216716	-0.0455944	0.067266	0.0216716
452.25	562.415	9000	888.584	0.28375	-0.0330496	-0.0330496	-0	0.2507	0	1.26012	0	8.51369	0	0.00490401	-0.0504047	0.0553087	0.00490401
470.25	586.71	9000	6050.48	0.287083	-0.0349382	-0.0349382	-0	0.252145	0	0.992997	0	-178.79	0	0.00342932	-0.0397199	0.0431492	0.00342932
488.25	611.005	9000	9522.08	0.290417	-0.0368266	-0.0368266	-0	0.25359	0	0.489618	0	-288.405	0	0.0147094	-0.0195847	0.0342941	0.0147094
506.25	623.151	9000	7688.12	0.29375	-0.0350703	-0.0350703	-0	0.25868	0	0.304443	0	-15.9634	0	0.0180662	-0.0121777	0.030244	0.0180662
524.25	642.588	9000	2128.78	0.297083	-0.0355014	-0.0355014	-0	0.261582	0	0.351269	0	-96.8444	0	0.0124304	-0.0140508	0.0264812	0.0124304
542.25	679.031	9000	-140.923	0.300417	-0.0410342	-0.0410342	-0	0.259382	0	0.153323	0	-54.2755	0	0.0175539	-0.00613292	0.0236868	0.0175539
560.25	717.9	9000	2602.83	0.30375	-0.0472951	-0.0472951	-0	0.256455	0	0.48004	0	183.047	0	0.00223366	-0.0192016	0.0214353	0.00223366
578.25	748.268	9000	7170.97	0.307083	-0.0510053	-0.0510053	-0	0.256078	0	0.0617996	0	-588.516	0	0.0133115	-0.00247198	0.0157835	0.0133115
596.25	751.914	9000	19625.6	0.310417	-0.0466992	-0.0466992	-0	0.263717	0	-1.94852	0	-716.224	0	0.0995768	0.0779409	0.021636	0.0995768
623.25	1211.08	9000	6165.4	0.315417	-0.176348	-0.176348	-0	0.139069	0	-1.56008	0	-47.8901	0	0.110617	0.0624032	0.0482139	0.110617
641.25	740.981	9000	-1376.33	0.31875	-0.0299192	-0.0299192	-0	0.288831	0	-1.94001	0	-176.661	0	0.142431	0.0776003	0.064831	0.142431
659.25	777.419	9000	-629.34	0.322083	-0.0354507	-0.0354507	-0	0.286633	0	-2.2348	0	-92.5877	0	0.174634	0.0893919	0.0852421	0.174634
677.25	839.37	9000	-1156.06	0.325417	-0.0486359	-0.0486359	-0	0.276781	0	-2.1635	0	-28.734	0	0.19363	0.0865398	0.10709	0.19363
695.25	907.398	9000	-2027.55	0.32875	-0.0636444	-0.0636444	-0	0.265106	0	-2.19542	0	-25.5413	0	0.216574	0.0878169	0.128757	0.216574
713.25	325.545	9000	1530.23	0.332083	0.116311	0.116311	-0	0.448395	0	-2.58067	0	-254.35	0	0.254592	0.103227	0.151366	0.254592
731.25	1027.65	9000	5873.31	0.335417	-0.0889205	-0.0889205	-0	0.246496	0	-2.38166	0	328.845	0	0.273088	0.0952665	0.177821	0.273088
749.25	1045.88	9000	13735.9	0.33875	-0.0889882	-0.0889882	-0	0.249762	0	-1.69311	0	137.285	0	0.266606	0.0677243	0.198882	0.266606
767.25	1788.07	9000	11284.2	0.342083	-0.306246	-0.306246	-0	0.0358373	0	-1.31637	0	483.158	0	0.269	0.0526549	0.216345	0.269
785.25	1013.07	9000	7190.12	0.345417	-0.0683474	-0.0683474	-0	0.277069	0	0.460884	0	701.324	0	0.205694	-0.0184354	0.224129	0.205694
803.25	1764.99	9000	591.703	0.34875	-0.288522	-0.288522	-0	0.0602285	0	0.672665	0	3.19272	0	0.191571	-0.0269066	0.218477	0.191571
821.25	1020.37	9000	2722.54	0.352083	-0.0597352	-0.0597352	-0	0.292348	0	0.4396	0	-126.643	0	0.194699	-0.017584	0.212283	0.194699
839.25	1065.31	9000	2459.18	0.355417	-0.0678169	-0.0678169	-0	0.2876	0	0.637545	0	311.818	0	0.182954	-0.0255018	0.208456	0.182954
857.25	1373.85	9000	15186.8	0.35875	-0.15498	-0.15498	-0	0.203771	0	2.09766	0	696.004	0	0.114353	-0.0839065	0.19826	0.114353
875.25	1072.6	9000	12610.6	0.362083	-0.0592061	-0.0592061	-0	0.302877	0	1.10048	0	-715.159	0	0.134674	-0.0440193	0.178693	0.134674
893.251	1070.17	9000	558.184	0.365417	-0.0530759	-0.0530759	-0	0.312341	0	1.04514	0	142.606	0	0.126873	-0.0418057	0.168678	0.126873
911.251	1093.25	9000	1094.49	0.36875	-0.0546002	-0.0546002	-0	0.31415	0	1.31546	0	140.478	0	0.104959	-0.0526183	0.157578	0.104959
929.251	1143.05	9000	-6294.02	0.372083	-0.0641404	-0.0641404	-0	0.307943	0	1.15476	0	-130.9	0	0.0983817	-0.0461904	0.144572	0.0983817
947.251	1208.64	9000	-59.5199	0.375417	-0.0784183	-0.0784183	-0	0.296999	0	1.0792	0	71.303	0	0.0905909	-0.043168	0.133759	0.0905909
965.251	1264.52	9000	-3588.57	0.37875	-0.089781	-0.089781	-0	0.288969	0	1.07281	0	-39.3765	0	0.0798893	-0.0429125	0.122802	0.0798893
983.251	2306.75	9000	1132.79	0.382083	-0.397051	-0.397051	-0	-0.0149678	0	1.36654	0	344.809	0	0.0576676	-0.0546616	0.112329	0.0576676
1001.25	1351.98	9000	9814.17	0.385417	-0.105219	-0.105219	-0	0.280198	0	4.36127	0	1591.02	0	-0.0828056	-0.174451	0.0916452	-0.0828056
1019.25	1343.48	9000	10278.6	0.38875	-0.0972679	-0.0972679	-0	0.291482	0	3.51308	0	-1549.51	0	-0.0959974	-0.140523	0.0445259	-0.0959974
1037.2	365.631	8839.98	14621.7	0.388518	0.20147	0.20147	-0	0.589988	0	-0.55758	0	-1099.34	0	0.0465548	0.0223032	0.0242516	0.0465548
1054.4	1269.38	8359.98	18289.6	0.381036	-0.064495	-0.064495	-0	0.316541	0	4.74333	0	3269.3	0	-0.170064	-0.189733	0.0196694	-0.170064
1070.64	1208.65	7879.98	5609.95	0.373377	-0.041404	-0.041404	-0	0.331973	0	6.21941	0	-130.899	0	-0.284575	-0.248776	-0.0357988	-0.284575
1085.92	1183.14	7399.98	12826.1	0.36554	-0.0291661	-0.0291661	-0	0.336374	0	3.20871	0	-1823.02	0	-0.220403	-0.128349	-0.0920545	-0.220403
1100.24	722.763	6919.98	2521.43	0.357525	0.113242	0.113242	-0	0.470767	0	0.844005	0	-718.352	0	-0.14967	-0.0337602	-0.11591	-0.14967
1113.6	1167.34	6439.98	-1223.1	0.349332	-0.0161243	-0.0161243	-0	0.333208	0	1.24309	0	325.653	0	-0.174441	-0.0497236	-0.124717	-0.174441
1126	1237.79	5959.98	452.839	0.340962	-0.0335392	-0.0335392	-0	0.307423	0	1.37612	0	-29.7984	0	-0.193007	-0.0550447	-0.137962	-0.193007
1137.44	2027.37	5479.97	-4005.16	0.332414	-0.26698	-0.26698	-0	0.0654338	0	1.06111	0	-169.212	0	-0.193439	-0.0424443	-0.150994	-0.193439
1147.92	1375.06	4999.97	-308.517	0.323688	-0.0681426	-0.0681426	-0	0.255545	0	1.10155	0	41.5049	0	-0.205662	-0.0440619	-0.1616	-0.205662
1157.44	733.692	4519.97	1798.38	0.314784	0.127124	0.127124	-0	0.441908	0	1.90823	0	670.462	0	-0.249626	-0.0763292	-0.173297	-0.249626
1166	1490.46	4039.97	7879.65	0.305703	-0.0973398	-0.0973398	-0	0.208363	0	4.53793	0	1187.68	0	-0.381106	-0.181517	-0.199589	-0.381106
1173.6	1492.9	3559.97	-1515.19	0.296443	-0.0957894	-0.0957894	-0	0.200654	0	4.13672	0	-678.976	0	-0.411826	-0.165469	-0.246357	-0.411826
1180.24	1424.87	3079.97	22608.8	0.287006	-0.0733897	-0.0733897	-0	0.213616	0	-1.19079	0	-3058.58	0	-0.228748	0.0476317	-0.27638	-0.228748
1185.92	1331.34	2599.97	7712.06	0.277391	-0.0436272	-0.0436272	-0	0.233764	0	-1.22911	0	779.013	0	-0.211221	0.0491642	-0.260385	-0.211221
1190.64	1275.46	2119.97	4939.57	0.267599	-0.0254455	-0.0254455	-0	0.242153	0	-0.0201458	0	186.239	0	-0.252402	0.000805831	-0.253208	-0.252402
1194.4	1175.85	1639.97	18433.3	0.257628	0.00556296	0.00556296	-0	0.263191	0	-4.10039	0	-2638.21	0	-0.0817807	0.164015	-0.245796	-0.0817807
1197.2	1087.18	1159.97	5653.05	0.24748	0.0330059	0.0330059	-0	0.280486	0	-5.72226	0	-73.432	0	0.0318406	0.228891	-0.19705	0.0318406
1199.04	1754.05	679.965	1937.24	0.237154	-0.166505	-0.166505	-0	0.0706487	0	-4.93048	0	337.359	0	0.0551198	0.197219	-0.142099	0.0551198
1199.92	1039.81	199.964	8119.07	0.22665	0.048032	0.048032	-0	0.274682	0	-3.02445	0	1124.89	0	0.0242778	0.120978	-0.0967003	0.0242778
1200	1028.86	0	1319.54	0.222222	0.0513414	0.0513414	-0	0.273564	0	-2.41572	0	37.2481	0	0.0273154	0.0966287	-0.0693132	0.0273154
1200	1019.15	0	-4924.54	0.222222	0.0542562	0.0542562	-0	0.276478	0	-4.24086	0	-1367.53	0	0.126767	0.169635	-0.042868	0.126767
1200	1020.36	0	9421.52	0.222222	0.0538912	0.0538912	-0	0.276113	0	-6.37676	0	-628.957	0	0.262146	0.255071	0.00707537	0.262146
1200	1031.3	0	969.987	0.222222	0.0506101	0.0506101	-0	0.272832	0	-6.03834	0	241.579	0	0.311892	0.241534	0.0703588	0.311892
1200	1062.87	0	2028.22	0.222222	0.0411379	0.0411379	-0	0.26336	0	-5.60201	0	303.304	0	0.354157	0.22408	0.130077	0.354157
1200	1077.46	0	5629.1	0.222222	0.0367605	0.0367605	-0	0.258983	0	-4.0195	0	956.739	0	0.343748	0.16078	0.182968	0.343748
1200	1092.03	0	8315.4	0.222222	0.03239	0.03239	-0	0.254612	0	-4.76021	0	-1047.2	0	0.412039	0.190408	0.221631	0.412039
1200	1111.46	0	4714.52	0.222222	0.0265627	0.0265627	-0	0.248785	0	-6.17988	0	-273.506	0	0.522159	0.247195	0.274964	0.522159
1200	498.035	0	5518.97	0.222222	0.210589	0.210589	-0	0.432812	0	-3.94714	0	1313.25	0	0.490051	0.157885	0.332165	0.490051
1200	1149.12	0	5782.33	0.222222	0.0152651	0.0152651	-0	0.237487	0	-2.40082	0	529.984	0	0.462588	0.0960327	0.366555	0.462588
1200	740.982	0	-4895.81	0.222222	0.137705	0.137705	-0	0.359928	0	-1.50793	0	425.69	0	0.448544	0.0603173	0.388227	0.448544
1200	1183.14	0	-6025.87	0.222222	0.00505693	0.00505693	-0	0.227279	0	-0.193614	0	863.087	0	0.408795	0.00774458	0.40105	0.408795
1200	1201.36	0	12711.2	0.222222	-0.000408765	-0.000408765	-0	0.221813	0	2.76493	0	1400.52	0	0.284599	-0.110597	0.395196	0.284599
1200	1219.58	0	-1563.08	0.222222	-0.00587446	-0.00587446	-0	0.216348	0	3.57055	0	150.056	0	0.221447	-0.142822	0.364269	0.221447
1200	1235.37	0	-126.558	0.222222	-0.0106123	-0.0106123	-0	0.21161	0	3.43539	0	-73.4315	0	0.191456	-0.137416	0.328872	0.191456
1200	1243.88	0	5097.59	0.222222	-0.0131632	-0.0131632	-0	0.209059	0	4.73694	0	1080.19	0	0.103934	-0.189478	0.293411	0.103934
1200	2113.61	0	10254.7	0.222222	-0.274082	-0.274082	-0	-0.0518594	0	7.55927	0	1017.4	0	-0.0653533	-0.302371	0.237017	-0.0653533
1200	304.89	0	-4598.93	0.222222	0.268533	0.268533	-0	0.490755	0	7.89663	0	131.964	0	-0.155467	-0.315865	0.160398	-0.155467
1200	2075.95	0	79.3438	0.222222	-0.262786	-0.262786	-0	-0.0405641	0	7.38048	0	-291.598	0	-0.212665	-0.295219	0.0825542	-0.212665
1200	1203.79	0	1429.67	0.222222	-0.00113661	-0.00113661	-0	0.221086	0	7.4273	0	153.248	0	-0.287811	-0.297092	0.00928159	-0.287811
1200	1253.6	0	3866.97	0.222222	-0.0160792	-0.0160792	-0	0.206143	0	8.42129	0	781.142	0	-0.402907	-0.336852	-0.0660557	-0.402907
1200	2063.8	0	2272.43	0.222222	-0.259141	-0.259141	-0	-0.0369191	0	9.96442	0	561.911	0	-0.553751	-0.398577	-0.155175	-0.553751
1200	1290.03	0	1410.52	0.222222	-0.0270094	-0.0270094	-0	0.195213	0	9.91865	0	-106.423	0	-0.651868	-0.396746	-0.255122	-0.651868
1200	0	0	-1496.04	0.222222	0.36	0.36	-0	0.582222	0	8.91828	0	-782.206	0	-0.709949	-0.356731	-0.353218	-0.709949
1200	1213.51	0	17576.2	0.222222	-0.00405256	-0.00405256	-0	0.21817	0	4.59221	0	-2281.7	0	-0.615867	-0.183688	-0.432179	-0.615867
1200	1191.65	0	-1994.03	0.222222	0.00250488	0.00250488	-0	0.224727	0	2.49462	0	-997.179	0	-0.572383	-0.0997847	-0.472599	-0.572383
1200	1209.86	0	-5767.3	0.222222	-0.00295851	-0.00295851	-0	0.219264	0	0.0341297	0	-1059.97	0	-0.491908	-0.00136519	-0.490542	-0.491908
1200	1183.14	0	17317.6	0.222222	0.00505693	0.00505693	-0	0.227279	0	-3.49271	0	-2046.5	0	-0.343773	0.139708	-0.483482	-0.343773
1200	1158.85	0	5662.62	0.222222	0.0123445	0.0123445	-0	0.234567	0	-5.14013	0	-250.093	0	-0.235963	0.205605	-0.441568	-0.235963
1200	1146.69	0	1247.71	0.222222	0.0159929	0.0159929	-0	0.238215	0	-4.5878	0	238.387	0	-0.208225	0.183512	-0.391737	-0.208225
1200	1551.19	0	-2549.49	0.222222	-0.105358	-0.105358	-0	0.116864	0	-5.56689	0	-674.719	0	-0.121661	0.222676	-0.344337	-0.121661
1200	1191.64	0	2607.62	0.222222	0.0025095	0.0025095	-0	0.224732	0	-6.35974	0	-370.35	0	-0.0321659	0.254389	-0.286555	-0.0321659
1200	1163.7	0	20281.6	0.222222	0.0108912	0.0108912	-0	0.233113	0	-10.3708	0	-2305.11	0	0.200404	0.414832	-0.214428	0.200404
1200	1136.97	0	6950.7	0.222222	0.0189089	0.0189089	-0	0.241131	0	-10.9359	0	515.085	0	0.332117	0.437436	-0.105319	0.332117
1200	1106.61	0	-868.76	0.222222	0.0280184	0.0280184	-0	0.250241	0	-9.4843	0	150.056	0	0.376904	0.379372	-0.00246797	0.376904
1200	1087.17	0	2952.39	0.222222	0.0338503	0.0338503	-0	0.256072	0	-10.4804	0	-339.488	0	0.514875	0.419217	0.0956582	0.514875
1200	1098.11	0	864.642	0.222222	0.0305681	0.0305681	-0	0.25279	0	-10.3538	0	84.0731	0	0.6144	0.414151	0.200249	0.6144
1200	1119.97	0	-6.84741	0.222222	0.0240084	0.0240084	-0	0.246231	0	-10.2388	0	146.863	0	0.7135	0.409553	0.303947	0.7135
1200	1169.76	0	-7998.69	0.222222	0.00907149	0.00907149	-0	0.231294	0	-9.77058	0	336.295	0	0.796498	0.390823	0.405675	0.796498
1200	1240.22	0	-1898.27	0.222222	-0.0120657	-0.0120657	-0	0.210157	0	-8.64888	0	483.159	0	0.846144	0.345955	0.500189	0.846144
1200	1308.26	0	-1180.01	0.222222	-0.0324774	-0.0324774	-0	0.189745	0	-9.06287	0	-301.176	0	0.949756	0.362515	0.587241	0.949756
1200	1349.56	0	175.112	0.222222	-0.044869	-0.044869	-0	0.177353	0	-9.17887	0	43.6335	0	1.04582	0.367155	0.678668	1.04582
1200	1371.41	0	-1021.99	0.222222	-0.051422	-0.051422	-0	0.1708	0	-7.37501	0	1511.2	0	1.06399	0.295	0.768994	1.06399
1200	1373.86	0	-5250.15	0.222222	-0.0521567	-0.0521567	-0	0.170066	0	-0.218092	0	4185.6	0	0.836611	0.00872367	0.827887	0.836611
1200	286.674	0	-7629.99	0.222222	0.273998	0.273998	-0	0.49622	0	6.7313	0	2852.12	0	0.54033	-0.269252	0.809582	0.54033
1200	1369	0	12490.9	0.222222	-0.0506987	-0.0506987	-0	0.171524	0	8.81399	0	233.066	0	0.380461	-0.35256	0.733021	0.380461
1200	1311.9	0	2473.55	0.222222	-0.0335715	-0.0335715	-0	0.188651	0	8.22121	0	-202.203	0	0.317985	-0.328849	0.646833	0.317985
1200	1319.21	0	-389.92	0.222222	-0.0357642	-0.0357642	-0	0.186458	0	8.39149	0	136.222	0	0.228791	-0.33566	0.564451	0.228791
1200	1360.49	0	-11269.2	0.222222	-0.0481467	-0.0481467	-0	0.174076	0	10.7956	0	1763.42	0	0.0455098	-0.431823	0.477333	0.0455098
1200	1410.29	0	-7946.02	0.222222	-0.0630858	-0.0630858	-0	0.159136	0	12.7112	0	661.948	0	-0.145338	-0.508447	0.363109	-0.145338
1200	1446.73	0	5940.35	0.222222	-0.0740194	-0.0740194	-0	0.148203	0	12.3536	0	-324.589	0	-0.257982	-0.494144	0.236162	-0.257982
1200	1478.32	0	-1045.93	0.222222	-0.0834974	-0.0834974	-0	0.138725	0	12.1578	0	-17.0279	0	-0.372792	-0.486311	0.11352	-0.372792
1200	1503.81	0	1218.98	0.222222	-0.0911444	-0.0911444	-0	0.131078	0	12.2451	0	42.5701	0	-0.498084	-0.489802	-0.00828152	-0.498084
1200	1520.84	0	-476.111	0.222222	-0.0962531	-0.0962531	-0	0.125969	0	12.3291	0	84.074	0	-0.562672	-0.493165	-0.0695068	-0.562672
1200	1525.7	0	4743.25	0.222222	-0.0977087	-0.0977087	-0	0.124513	0	11.9141	0	-247.964	0	-0.668526	-0.476563	-0.191963	-0.668526
1200	1501.4	0	15277.7	0.222222	-0.0904188	-0.0904188	-0	0.131803	0	13.0507	0	1030.17	0	-0.833662	-0.522027	-0.311635	-0.833662
1200	378.99	0	18543.4	0.222222	0.246303	0.246303	-0	0.468525	0	10.9041	0	-1856.01	0	-0.876855	-0.436165	-0.44069	-0.876855
1200	1300.96	0	-5068.19	0.222222	-0.0302893	-0.0302893	-0	0.191933	0	9.43975	0	-164.954	0	-0.920824	-0.37759	-0.543234	-0.920824
1200	1246.31	0	189.477	0.222222	-0.0138922	-0.0138922	-0	0.20833	0	9.95271	0	240.514	0	-1.0371	-0.398108	-0.638993	-1.0371
1200	1203.78	0	-576.667	0.222222	-0.00113434	-0.00113434	-0	0.221088	0	9.72816	0	-113.873	0	-1.12709	-0.389126	-0.737967	-1.12709
1200	1179.49	0	-4953.27	0.222222	0.0061533	0.0061533	-0	0.228376	0	9.65366	0	34.0548	0	-1.22085	-0.386146	-0.834706	-1.22085
1200	1183.14	0	-3555.05	0.222222	0.0050592	0.0050592	-0	0.227281	0	8.70224	0	-783.269	0	-1.27849	-0.34809	-0.930402	-1.27849
1200	1353.2	0	-6935.67	0.222222	-0.0459608	-0.0459608	-0	0.176261	0	6.50675	0	-1023.78	0	-1.27184	-0.26027	-1.01157	-1.27184
1200	1298.52	0	-1170.43	0.222222	-0.0295569	-0.0295569	-0	0.192665	0	6.04487	0	4.25625	0	-1.3161	-0.241795	-1.0743	-1.3161
1200	1355.64	0	-356.401	0.222222	-0.0466909	-0.0466909	-0	0.175531	0	6.26836	0	40.4406	0	-1.3864	-0.250734	-1.13567	-1.3864
1200	1390.87	0	-7764.06	0.222222	-0.0572607	-0.0572607	-0	0.164962	0	5.92142	0	-376.736	0	-1.43536	-0.236857	-1.1985	-1.43536
1200	1299.75	0	21292	0.222222	-0.0299254	-0.0299254	-0	0.192297	0	-1.1727	0	-5016.76	0	-1.20042	0.0469081	-1.24733	-1.20042
1200	802.948	0	-413.862	0.222222	0.119116	0.119116	-0	0.341338	0	-8.54885	0	-2600.97	0	-0.86977	0.341954	-1.21172	-0.86977
1200	1191.64	0	7357.72	0.222222	0.00250719	0.00250719	-0	0.224729	0	-9.44173	0	-214.973	0	-0.745176	0.377669	-1.12285	-0.745176
1200	-499.252	0	3354.61	0.222222	0.509776	0.509776	-0	0.731998	0	-9.5854	0	-20.2198	0	-0.644395	0.383416	-1.02781	-0.644395
1200	1235.38	0	558.184	0.222222	-0.0106146	-0.0106146	-0	0.211608	0	-9.33531	0	162.827	0	-0.558981	0.373412	-0.932393	-0.558981
1200	1281.54	0	2358.62	0.222222	-0.0244619	-0.0244619	-0	0.19776	0	-9.21612	0	11.7064	0	-0.470933	0.368645	-0.839578	-0.470933
1200	1331.36	0	88.9207	0.222222	-0.0394079	-0.0394079	-0	0.182814	0	-9.22037	0	47.8897	0	-0.378341	0.368815	-0.747156	-0.378341
1200	1348.33	0	8890.01	0.222222	-0.0444983	-0.0444983	-0	0.177724	0	-11.1456	0	-1565.48	0	-0.207331	0.445822	-0.653153	-0.207331
1200	1317.98	0	19635.2	0.222222	-0.0353933	-0.0353933	-0	0.186829	0	-16.6551	0	-2703.13	0	0.138536	0.666202	-0.527666	0.138536
1200	1367.78	0	-34363.6	0.222222	-0.0503347	-0.0503347	-0	0.171887	0	-23.0298	0	-3189.49	0	0.576001	0.92119	-0.345189	0.576001
1200	1800.22	0	5495.03	0.222222	-0.180065	-0.180065	-0	0.0421572	0	-24.9613	0	-747.086	0	0.889484	0.998453	-0.108969	0.889484
1200	1426.09	0	6610.73	0.222222	-0.0678259	-0.0678259	-0	0.154396	0	-26.0234	0	-451.233	0	1.18464	1.04094	0.143698	1.18464
1200	1411.5	0	8377.65	0.222222	-0.0634497	-0.0634497	-0	0.158773	0	-27.9486	0	-937.584	0	1.52681	1.11794	0.40887	1.52681
1200	1339.86	0	1946.82	0.222222	-0.0419577	-0.0419577	-0	0.180265	0	-28.1902	0	127.707	0	1.81781	1.12761	0.690203	1.81781
1200	1760.15	0	294.822	0.222222	-0.168044	-0.168044	-0	0.0541781	0	-27.9412	0	-10.6411	0	2.08845	1.11765	0.970807	2.08845
1200	856.369	0	1180.68	0.222222	0.103089	0.103089	-0	0.325312	0	-27.8709	0	145.798	0	2.36543	1.11484	1.2506	2.36543
1200	1332.53	0	2928.44	0.222222	-0.0397604	-0.0397604	-0	0.182462	0	-27.061	0	348.003	0	2.60944	1.08244	1.527	2.60944
1200	1375.08	0	-3018.75	0.222222	-0.0525229	-0.0525229	-0	0.169699	0	-26.3257	0	383.118	0	2.84887	1.05303	1.79584	2.84887
