0	0	0	11.3485	0	0	0	0	0	0	0.000404407	0	1.06423	0	-1.61763e-05	-1.61763e-05	0	-1.61763e-05
0.48	0	480	155.001	0.00808889	0	0	0	0.00808889	0	0.0110467	0	-18.0918	0	-0.000530495	-0.000441866	-8.86287e-05	-0.000530495
1.92	0	960	-280.744	0.0163556	0	0	0	0.0163556	0	-0.0719629	0	-13.8349	0	0.00293113	0.00287852	5.26153e-05	0.00293113
4.32	0	1440	-237.648	0.0248	0	0	0	0.0248	0	-0.0325866	0	18.0918	0	0.001724	0.00130346	0.000420539	0.001724
7.68	0	1920	-137.092	0.0334222	0	0	0	0.0334222	0	-0.0240728	0	0	0	0.00155343	0.000962911	0.000590517	0.00155343
12	0	2400	102.328	0.0422222	0	0	0	0.0422222	0	-0.015559	0	8.5138	0	0.00135731	0.000622359	0.000734954	0.00135731
17.28	0	2880	250.769	0.0512	0	0	0	0.0512	0	0.00891821	0	11.7065	0	0.000433267	-0.000356728	0.000789996	0.000433267
23.52	0	3360	284.288	0.0603556	0	0	0	0.0603556	0	0.0227531	0	4.2569	0	-0.000202373	-0.000910125	0.000707752	-0.000202373
30.72	0	3840	293.864	0.0696889	0	0	0	0.0696889	0	0.0195605	0	-1.06423	0	-0.0002048	-0.000782418	0.000577619	-0.0002048
38.88	0	4320	384.844	0.0792	0	0	0	0.0792	0	0.0142393	0	-1.06423	0	-9.65468e-05	-0.000569573	0.000473027	-9.65468e-05
48	1.2145	4800	940.299	0.0888889	0	0	0	0.0888889	0	0.0163678	0	2.12845	0	-0.000267121	-0.000654711	0.000387591	-0.000267121
58.08	3.64396	5280	1634.62	0.0987556	0	0	0	0.0987556	0	0.0163678	0	0	0	-0.000365328	-0.000654711	0.000289384	-0.000365328
69.12	4.85894	5760	2405.55	0.1088	0	0	0	0.1088	0	0.0153036	0	-1.06423	0	-0.000420965	-0.000612142	0.000191177	-0.000420965
81.12	7.2884	6240	3176.48	0.119022	0	0	0	0.119022	0	-0.00172404	0	-11.7065	0	0.000184281	6.89618e-05	0.000115319	0.000184281
94.08	13.3618	6720	3612.23	0.129422	0	0	0	0.129422	0	-0.0528069	0	-31.9268	0	0.00229541	0.00211227	0.000183132	0.00229541
108	24.2944	7200	4100.65	0.14	0	0	0	0.14	0	-0.167743	0	-62.7893	0	0.00736614	0.00670973	0.000656414	0.00736614
122.88	31.5828	7680	413.574	0.150756	0	0	0	0.150756	0	-0.393359	0	-155.377	0	0.0176079	0.0157344	0.00187359	0.0176079
138.72	48.5889	8160	2994.52	0.161689	0	0	0	0.161689	0	-0.7967	0	-170.276	0	0.0368009	0.031868	0.00493294	0.0368009
147	57.0916	8400	399.209	0.167222	0	0	0	0.167222	0	-0.85949	0	-62.7893	0	0.0417026	0.0343796	0.00732304	0.0417026
164.28	78.9567	8880	2994.52	0.178422	0	0	0	0.178422	0	-1.08085	0	-138.349	0	0.0559629	0.0432339	0.012729	0.0559629
182.25	104.466	9000	4785.39	0.18375	0	0	0	0.18375	0	-1.33201	0	-111.744	0	0.0729126	0.0532802	0.0196323	0.0729126
200.25	129.975	9000	5201.98	0.187083	0	0	0	0.187083	0	-1.32136	0	48.9544	0	0.0805938	0.0528545	0.0277393	0.0805938
218.25	154.27	9000	5201.98	0.190417	0	0	0	0.190417	0	-1.3054	0	-48.9544	0	0.0876887	0.052216	0.0354727	0.0876887
236.25	187.067	9000	830.166	0.19375	0	0	0	0.19375	0	-1.52782	0	-72.3673	0	0.104868	0.0611129	0.0437553	0.104868
254.25	227.153	9000	2611.45	0.197083	0	0	0	0.197083	0	-1.45013	0	50.0187	0	0.110845	0.0580054	0.0528392	0.110845
272.25	267.239	9000	672.148	0.200417	0	0	0	0.200417	0	-1.41927	0	-9.57799	0	0.11819	0.0567709	0.0614187	0.11819
290.25	310.969	9000	4483.72	0.20375	0	-0	0	0.20375	0	-1.84071	0	-242.643	0	0.144099	0.0736282	0.0704707	0.144099
308.25	344.981	9000	5891.51	0.207083	0	-0	0	0.207083	0	-1.56933	0	288.405	0	0.144339	0.0627731	0.081566	0.144339
326.25	376.564	9000	5120.58	0.210417	0	-0	0	0.210417	0	-0.760517	0	362.901	0	0.120065	0.0304207	0.0896443	0.120065
344.25	403.288	9000	3985.72	0.21375	0	-0	0	0.21375	0	-0.375267	0	200.074	0	0.108663	0.0150107	0.0936518	0.108663
362.25	425.153	9000	5613.78	0.217083	0	-0	0	0.217083	0	0.731527	0	617.251	0	0.0651737	-0.0292611	0.0944348	0.0651737
380.25	443.373	9000	6849.19	0.220417	0	-0	0	0.220417	0	1.41689	0	220.295	0	0.0319749	-0.0566755	0.0886505	0.0319749
398.25	456.735	9000	7414.22	0.22375	0	-0	0	0.22375	0	1.46052	0	44.6974	0	0.0217315	-0.0584209	0.0801523	0.0217315
416.25	473.741	9000	4095.86	0.227083	0	-0	0	0.227083	0	1.59887	0	34.0554	0	0.00712148	-0.0639548	0.0710763	0.00712148
434.25	496.821	9000	3095.08	0.230417	0	-0	0	0.230417	0	1.21894	0	-210.716	0	0.013233	-0.0487577	0.0619907	0.013233
452.25	536.906	9000	260.345	0.23375	0	-0	0	0.23375	0	1.24768	0	75.5601	0	0.00491049	-0.0499071	0.0548175	0.00491049
470.25	579.422	9000	2534.84	0.237083	0	-0	0	0.237083	0	1.80639	0	315.011	0	-0.0256554	-0.0722558	0.0466004	-0.0256554
488.25	634.084	9000	-917.602	0.240417	0	-0	0	0.240417	0	1.97348	0	-55.3397	0	-0.0438444	-0.0789391	0.0350947	-0.0438444
506.25	694.82	9000	4469.35	0.24375	0	-0	0	0.24375	0	0.859234	0	-612.994	0	-0.00961176	-0.0343694	0.0247576	-0.00961176
524.25	744.623	9000	4383.16	0.247083	0	-0	0	0.247083	0	0.450572	0	41.5048	0	0.00292984	-0.0180229	0.0209527	0.00292984
542.25	771.348	9000	14132.4	0.250417	-0	-0	-0	0.250417	0	1.27641	0	366.094	0	-0.0341864	-0.0510564	0.01687	-0.0341864
560.25	795.643	9000	7763.77	0.25375	0	-0	-0	0.25375	0	1.56482	0	95.78	0	-0.0539589	-0.0625926	0.0086337	-0.0539589
578.25	821.151	9000	6039.95	0.257083	0	-0	-0	0.257083	0	1.73509	0	180.918	0	-0.0701269	-0.0694036	-0.000723264	-0.0701269
596.25	845.445	9000	868.473	0.260417	0	-0	-0	0.260417	0	2.48431	0	322.46	0	-0.111786	-0.0993722	-0.0124141	-0.111786
623.25	901.324	9000	-817.045	0.265417	0	-0	-0	0.265417	0	1.53502	0	-553.397	0	-0.0946762	-0.0614007	-0.0332755	-0.0946762
641.25	946.269	9000	-237.648	0.26875	0	-0	-0	0.26875	0	1.71381	0	185.175	0	-0.111019	-0.0685523	-0.0424664	-0.111019
659.25	997.285	9000	3286.62	0.272083	0	-0	-0	0.272083	0	2.20229	0	247.965	0	-0.141562	-0.0880915	-0.0534708	-0.141562
677.25	1031.3	9000	7462.1	0.275417	0	-0	-0	0.275417	0	1.90324	0	-429.947	0	-0.143207	-0.0761296	-0.0670772	-0.143207
695.25	1036.16	9000	19883.2	0.27875	-0	-0	-0	0.27875	0	-0.232661	0	-1135.53	0	-0.0661891	0.00930644	-0.0754955	-0.0661891
713.25	1025.22	9000	9908.98	0.282083	-0	-0	-0	0.282083	0	-0.864811	0	30.8624	0	-0.0375181	0.0345924	-0.0721105	-0.0375181
731.25	1026.44	9000	2051.21	0.285417	0	-0	-0	0.285417	0	-0.772223	0	-47.8902	0	-0.0364542	0.0308889	-0.0673431	-0.0364542
749.25	1049.52	9000	-3680.51	0.28875	0	-0	-0	0.28875	0	-0.963784	0	-89.3949	0	-0.0238519	0.0385513	-0.0624033	-0.0238519
767.25	1089.61	9000	839.742	0.292083	0	-0	-0	0.292083	0	-1.04786	0	-18.0918	0	-0.0145083	0.0419143	-0.0564226	-0.0145083
785.25	1129.69	9000	-189.764	0.295417	0	-0	-0	0.295417	0	-1.38947	0	-340.552	0	0.00544666	0.055579	-0.0501323	0.00544666
803.25	1172.21	9000	8429.36	0.29875	0	-0	-0	0.29875	0	-3.28805	0	-1111.05	0	0.0920892	0.131522	-0.0394329	0.0920892
821.25	1184.35	9000	18188.1	0.302083	-0	-0	-0	0.302083	0	-1.68214	0	1736.81	0	0.0479736	0.0672854	-0.0193119	0.0479736
839.25	1138.19	9000	15793.9	0.305417	-0	-0	-0	0.305417	0	0.728334	0	181.983	0	-0.0450379	-0.0291334	-0.0159045	-0.0450379
857.25	1116.33	9000	11575.3	0.30875	-0	-0	-0	0.30875	0	-2.76765	0	-1685.73	0	0.095862	0.110706	-0.0148438	0.095862
875.25	1112.68	9000	-6050.77	0.312083	0	-0	-0	0.312083	0	-3.09968	0	186.239	0	0.127304	0.123987	0.00331693	0.127304
893.251	1149.13	9000	1332.95	0.315417	0	-0	-0	0.315417	0	-2.86662	0	-5.32126	0	0.135865	0.114665	0.0211999	0.135865
911.251	1198.93	9000	-4470.6	0.31875	0	-0	-0	0.31875	0	-2.67931	0	260.735	0	0.145792	0.107173	0.0386199	0.145792
929.251	1281.53	9000	4306.55	0.322083	0	-0	-0	0.322083	0	-2.37814	0	-21.2843	0	0.148854	0.0951255	0.0537284	0.148854
947.251	1331.33	9000	8199.52	0.325417	0	-0	-0	0.325417	0	-3.03157	0	-392.699	0	0.190042	0.121263	0.0687794	0.190042
965.251	1366.56	9000	15406.1	0.32875	-0	-0	-0	0.32875	0	-4.01279	0	-586.388	0	0.248665	0.160512	0.0881534	0.248665
983.251	1364.14	9000	8209.1	0.332083	0	-0	-0	0.332083	0	-4.57683	0	-146.863	0	0.296555	0.183073	0.113482	0.296555
1001.25	1365.35	9000	6269.79	0.335417	0	-0	-0	0.335417	0	-4.60663	0	6.38485	0	0.325316	0.184265	0.141051	0.325316
1019.25	1376.28	9000	7237.05	0.33875	0	-0	-0	0.33875	0	-5.17492	0	-405.47	0	0.376176	0.206997	0.169179	0.376176
1037.2	1398.14	8839.98	734.397	0.339407	0	-0	-0	0.339407	0	-5.6517	0	-140.478	0	0.427306	0.226068	0.201238	0.427306
1054.4	1435.79	8359.98	-625.509	0.334592	0	-0	-0	0.334592	0	-5.46652	0	187.304	0	0.453815	0.218661	0.235154	0.453815
1070.64	1466.17	7879.98	7351.97	0.329599	0	-0	-0	0.329599	0	-3.6137	0	1127.02	0	0.410324	0.144548	0.265776	0.410324
1085.92	1507.47	7399.98	1514.91	0.324429	0	-0	-0	0.324429	0	-3.60093	0	-425.69	0	0.43018	0.144037	0.286143	0.43018
1100.24	1570.64	6919.98	562.015	0.319081	0	-0	-0	0.319081	0	-4.49275	0	-322.46	0	0.489167	0.17971	0.309457	0.489167
1113.6	1638.66	6439.98	-1243.21	0.313555	0	-0	-0	0.313555	0	-4.58321	0	-35.1195	0	0.519908	0.183329	0.336579	0.519908
1126	1684.81	5959.98	-1104.35	0.307851	0	-0	-0	0.307851	0	-4.05642	0	458.681	0	0.526131	0.162257	0.363874	0.526131
1137.44	1715.18	5479.97	10397.4	0.301969	-0	-0	-0	0.301969	0	-1.17663	0	1582.5	0	0.431386	0.0470651	0.384321	0.431386
1147.92	1756.49	4999.97	-2866.48	0.29591	0	-0	-0	0.29591	0	-0.558314	0	51.0828	0	0.412011	0.0223326	0.389679	0.412011
1157.44	1786.86	4519.97	-663.816	0.289673	0	-0	-0	0.289673	0	0.316479	0	664.076	0	0.379737	-0.0126592	0.392397	0.379737
1166	1809.93	4039.97	11379	0.283258	-0	-0	-0	0.283258	0	2.91319	0	1365.4	0	0.270276	-0.116528	0.386804	0.270276
1173.6	1837.87	3559.97	164.577	0.276666	0	-0	-0	0.276666	0	3.81672	0	84.0735	0	0.214198	-0.152669	0.366866	0.214198
1180.24	1863.38	3079.97	796.647	0.269895	0	-0	-0	0.269895	0	3.42934	0	-187.304	0	0.207393	-0.137174	0.344566	0.207393
1185.92	1864.6	2599.97	4134.16	0.262947	-0	-0	-0	0.262947	0	3.24629	0	-128.771	0	0.194301	-0.129852	0.324153	0.194301
1190.64	1840.3	2119.97	18269.5	0.255821	-0	-0	-0	0.255821	0	5.20234	0	1544.19	0	0.0953462	-0.208093	0.30344	0.0953462
1194.4	1747.99	1639.97	18336.6	0.248517	-0	-0	-0	0.248517	0	8.87498	0	1940.08	0	-0.0879712	-0.354999	0.267028	-0.0879712
1197.2	1656.87	1159.97	6695.96	0.241036	-0	-0	-0	0.241036	0	10.4447	0	102.166	0	-0.208413	-0.417788	0.209375	-0.208413
1199.04	1615.58	679.965	-4317.37	0.233377	0	-0	-0	0.233377	0	8.81113	0	-696.003	0	-0.202925	-0.352445	0.14952	-0.202925
1199.92	1597.36	199.964	-1171.39	0.22554	0	-0	-0	0.22554	0	9.01439	0	181.983	0	-0.263986	-0.360576	0.0965893	-0.263986
1200	1599.79	0	-2358.91	0.222222	0	-0	-0	0.222222	0	9.13997	0	60.6623	0	-0.323291	-0.365599	0.0423082	-0.323291
1200	1586.43	0	-2320.6	0.222222	0	-0	-0	0.222222	0	8.87179	0	-95.7804	0	-0.366886	-0.354871	-0.0120145	-0.366886
1200	1619.22	0	-730.854	0.222222	0	-0	-0	0.222222	0	8.7941	0	-61.7256	0	-0.416961	-0.351764	-0.0651973	-0.416961
1200	1627.72	0	-797.892	0.222222	0	-0	-0	0.222222	0	8.49292	0	-223.487	0	-0.457446	-0.339717	-0.117729	-0.457446
1200	1654.45	0	609.899	0.222222	-0	-0	-0	0.222222	0	7.48616	0	-529.985	0	-0.466703	-0.299447	-0.167256	-0.466703
1200	1619.22	0	14410.1	0.222222	-0	-0	-0	0.222222	0	8.52272	0	1471.82	0	-0.551776	-0.340909	-0.210867	-0.551776
1200	1535.4	0	24571.1	0.222222	-0	-0	-0	0.222222	0	8.96012	0	-1079.12	0	-0.624958	-0.358405	-0.266553	-0.624958
1200	1446.74	0	8822.01	0.222222	-0	-0	-0	0.222222	0	5.14168	0	-1359.02	0	-0.518603	-0.205667	-0.312936	-0.518603
1200	1385.99	0	-505.799	0.222222	0	-0	-0	0.222222	0	5.22681	0	61.7251	0	-0.552928	-0.209073	-0.343856	-0.552928
1200	1353.2	0	667.36	0.222222	-0	-0	-0	0.222222	0	4.87243	0	-155.377	0	-0.569517	-0.194897	-0.37462	-0.569517
1200	1310.68	0	12504.3	0.222222	-0	-0	-0	0.222222	0	2.37363	0	-1769.81	0	-0.496612	-0.0949451	-0.401667	-0.496612
1200	1290.03	0	-4183.29	0.222222	0	-0	-0	0.222222	0	-1.04999	0	-1481.4	0	-0.368083	0.0419994	-0.410082	-0.368083
1200	1277.88	0	7806.87	0.222222	-0	-0	-0	0.222222	0	-2.3941	0	-633.214	0	-0.305886	0.0957641	-0.40165	-0.305886
1200	1270.59	0	8065.44	0.222222	-0	-0	-0	0.222222	0	-4.86098	0	-1116.37	0	-0.188795	0.194439	-0.383234	-0.188795
1200	1277.89	0	-381.301	0.222222	0	-0	-0	0.222222	0	-4.99507	0	187.304	0	-0.153301	0.199803	-0.353104	-0.153301
1200	1280.33	0	-290.321	0.222222	0	-0	-0	0.222222	0	-4.81628	0	-4.2572	0	-0.131031	0.192651	-0.323682	-0.131031
1200	1307.04	0	-8042.75	0.222222	0	-0	-0	0.222222	0	-4.82586	0	-8.51393	0	-0.101747	0.193034	-0.294781	-0.101747
1200	1333.76	0	-1027.74	0.222222	0	-0	-0	0.222222	0	-4.79074	0	-57.4684	0	-0.0744746	0.191629	-0.266104	-0.0744746
1200	1350.76	0	-290.321	0.222222	0	-0	-0	0.222222	0	-4.99933	0	-81.9454	0	-0.0370067	0.199973	-0.23698	-0.0370067
1200	1336.2	0	15080.5	0.222222	-0	-0	-0	0.222222	0	-7.02774	0	-1553.77	0	0.0755498	0.28111	-0.20556	0.0755498
1200	1309.47	0	9343.95	0.222222	-0	-0	-0	0.222222	0	-10.2811	0	-1117.44	0	0.254257	0.411243	-0.156986	0.254257
1200	1264.52	0	12839.5	0.222222	-0	-0	-0	0.222222	0	-7.21398	0	2312.56	0	0.190996	0.288559	-0.0975628	0.190996
1200	1228.08	0	6609.77	0.222222	-0	-0	-0	0.222222	0	-6.26575	0	-630.022	0	0.191616	0.25063	-0.0590137	0.191616
1200	1166.14	0	9320	0.222222	0	0	-0	0.222222	0	-9.61168	0	-1346.25	0	0.369047	0.384467	-0.0154202	0.369047
1200	1143.04	0	1026.49	0.222222	0	0	-0	0.222222	0	-9.76599	0	216.039	0	0.434001	0.39064	0.043361	0.434001
1200	1146.71	0	-4815.36	0.222222	0	0	-0	0.222222	0	-9.20301	0	391.635	0	0.469563	0.368121	0.101443	0.469563
1200	1133.35	0	6528.37	0.222222	0	0	-0	0.222222	0	-7.24697	0	1070.61	0	0.443883	0.289879	0.154005	0.443883
1200	1150.34	0	269.922	0.222222	0	0	-0	0.222222	0	-6.80106	0	-90.4589	0	0.46792	0.272042	0.195877	0.46792
1200	1147.9	0	-89.208	0.222222	0	0	-0	0.222222	0	-7.06286	0	-10.6425	0	0.519952	0.282514	0.237437	0.519952
1200	1191.65	0	-11772.9	0.222222	0	0	-0	0.222222	0	-5.32604	0	1252.59	0	0.491403	0.213042	0.278362	0.491403
1200	1246.31	0	-275.956	0.222222	0	-0	-0	0.222222	0	-3.65095	0	445.91	0	0.452669	0.146038	0.30663	0.452669
1200	1280.31	0	11091.7	0.222222	-0	-0	-0	0.222222	0	-2.29406	0	1344.12	0	0.42026	0.0917626	0.328498	0.42026
1200	1246.31	0	7787.72	0.222222	-0	-0	-0	0.222222	0	1.72871	0	1576.12	0	0.265774	-0.0691482	0.334922	0.265774
1200	1274.24	0	-1693.32	0.222222	0	-0	-0	0.222222	0	1.92559	0	25.5413	0	0.247012	-0.0770235	0.324036	0.247012
1200	1326.46	0	-4058.79	0.222222	0	-0	-0	0.222222	0	2.77165	0	413.984	0	0.20032	-0.110866	0.311186	0.20032
1200	1331.34	0	6877.92	0.222222	-0	-0	-0	0.222222	0	3.49426	0	660.884	0	0.154601	-0.13977	0.294371	0.154601
1200	1288.83	0	9205.08	0.222222	-0	-0	-0	0.222222	0	6.96576	0	1567.6	0	-0.0109363	-0.27863	0.267694	-0.0109363
1200	1282.75	0	1380.83	0.222222	-0	-0	-0	0.222222	0	7.23075	0	-177.726	0	-0.0646587	-0.28923	0.224571	-0.0646587
1200	1281.54	0	-2785.08	0.222222	0	-0	-0	0.222222	0	6.52091	0	-491.672	0	-0.0789952	-0.260836	0.181841	-0.0789952
1200	1271.81	0	7284.93	0.222222	-0	-0	-0	0.222222	0	4.63298	0	-950.353	0	-0.0397905	-0.185319	0.145529	-0.0397905
1200	1276.66	0	-280.744	0.222222	0	-0	-0	0.222222	0	4.36266	0	106.422	0	-0.0556457	-0.174507	0.118861	-0.0556457
1200	1274.23	0	4732.71	0.222222	-0	-0	-0	0.222222	0	4.98736	0	481.03	0	-0.107241	-0.199495	0.0922539	-0.107241
1200	1237.81	0	11675.9	0.222222	-0	-0	-0	0.222222	0	8.26199	0	1749.59	0	-0.272725	-0.330479	0.0577546	-0.272725
1200	1222	0	6217.12	0.222222	-0	-0	-0	0.222222	0	7.86716	0	-1094.02	0	-0.308601	-0.314686	0.00608509	-0.308601
1200	1188.02	0	8252.19	0.222222	0	0	-0	0.222222	0	4.58189	0	-1252.59	0	-0.218296	-0.183276	-0.0350198	-0.218296
1200	1181.92	0	-2349.33	0.222222	0	0	-0	0.222222	0	4.62233	0	252.222	0	-0.246769	-0.184893	-0.0618759	-0.246769
1200	1180.72	0	-280.744	0.222222	0	0	-0	0.222222	0	5.25129	0	282.02	0	-0.300702	-0.210052	-0.0906507	-0.300702
1200	1207.44	0	1854.88	0.222222	-0	-0	-0	0.222222	0	5.32472	0	4.25673	0	-0.335355	-0.212989	-0.122366	-0.335355
1200	1212.29	0	9195.51	0.222222	-0	-0	-0	0.222222	0	3.99763	0	-1122.76	0	-0.313607	-0.159905	-0.153701	-0.313607
1200	1206.22	0	2563.57	0.222222	-0	-0	-0	0.222222	0	1.39667	0	-1101.47	0	-0.229055	-0.0558667	-0.173189	-0.229055
1200	1206.22	0	-117.938	0.222222	0	-0	-0	0.222222	0	1.10081	0	55.3397	0	-0.224548	-0.0440325	-0.180515	-0.224548
1200	1202.56	0	7342.39	0.222222	-0	-0	-0	0.222222	0	0.0121109	0	-843.93	0	-0.18687	-0.000484435	-0.186386	-0.18687
1200	1192.86	0	7687.16	0.222222	0	0	-0	0.222222	0	-2.54416	0	-1359.02	0	-0.0811002	0.101766	-0.182867	-0.0811002
1200	1188	0	5857.99	0.222222	0	0	-0	0.222222	0	-3.26251	0	-718.352	0	-0.0447337	0.1305	-0.175234	-0.0447337
1200	1169.78	0	4478.93	0.222222	0	0	-0	0.222222	0	-3.91062	0	-362.901	0	0.00162154	0.156425	-0.154803	0.00162154
1200	1156.43	0	5810.1	0.222222	0	0	-0	0.222222	0	-4.48424	0	-292.662	0	0.0488729	0.17937	-0.130497	0.0488729
1200	1138.2	0	2094.3	0.222222	0	0	-0	0.222222	0	-5.46971	0	-382.057	0	0.117007	0.218789	-0.101781	0.117007
1200	1129.68	0	5925.03	0.222222	0	0	-0	0.222222	0	-4.91206	0	474.644	0	0.127271	0.196482	-0.0692118	0.127271
1200	1104.18	0	10991.2	0.222222	0	0	-0	0.222222	0	-3.96809	0	301.176	0	0.117056	0.158724	-0.0416679	0.117056
1200	1087.17	0	4153.32	0.222222	0	0	-0	0.222222	0	-3.51473	0	303.304	0	0.12228	0.140589	-0.0183095	0.12228
1200	1075.02	0	-3307.02	0.222222	0	0	-0	0.222222	0	-3.28273	0	68.1105	0	0.133596	0.131309	0.00228724	0.133596
1200	1077.45	0	437.516	0.222222	0	0	-0	0.222222	0	-3.34233	0	-40.4401	0	0.155734	0.133693	0.0220411	0.155734
1200	1094.46	0	-1501.79	0.222222	0	0	-0	0.222222	0	-3.35297	0	6.38533	0	0.176265	0.134119	0.0421461	0.176265
1200	1130.92	0	-2809.02	0.222222	0	0	-0	0.222222	0	-3.18695	0	137.285	0	0.189656	0.127478	0.0621778	0.189656
1200	1173.42	0	825.377	0.222222	0	0	-0	0.222222	0	-2.79957	0	252.222	0	0.192877	0.111983	0.080894	0.192877
1200	1225.66	0	-3034.08	0.222222	0	-0	-0	0.222222	0	-2.50159	0	60.6611	0	0.197043	0.100064	0.0969794	0.197043
1200	1260.88	0	1342.52	0.222222	-0	-0	-0	0.222222	0	-2.7453	0	-95.7801	0	0.222245	0.109812	0.112433	0.222245
1200	1270.58	0	2376.82	0.222222	-0	-0	-0	0.222222	0	-1.42566	0	931.197	0	0.184766	0.0570263	0.127739	0.184766
1200	1263.32	0	9023.12	0.222222	-0	-0	-0	0.222222	0	0.660224	0	886.5	0	0.106286	-0.026409	0.132695	0.106286
1200	1256.01	0	5503.65	0.222222	-0	-0	-0	0.222222	0	1.51373	0	315.011	0	0.0665689	-0.0605493	0.127118	0.0665689
1200	1251.14	0	2079.94	0.222222	-0	-0	-0	0.222222	0	1.64676	0	37.2479	0	0.051878	-0.0658704	0.117748	0.051878
1200	1258.47	0	135.847	0.222222	-0	-0	-0	0.222222	0	1.6457	0	5.32103	0	0.0420591	-0.0658279	0.107887	0.0420591
1200	1287.6	0	427.94	0.222222	-0	-0	-0	0.222222	0	1.65953	0	47.8903	0	0.0317337	-0.0663813	0.098115	0.0317337
1200	1292.47	0	906.78	0.222222	-0	-0	-0	0.222222	0	2.1959	0	439.525	0	3.12328e-05	-0.087836	0.0878673	3.12328e-05
1200	1274.26	0	12255.3	0.222222	-0	-0	-0	0.222222	0	3.03238	0	257.542	0	-0.0483402	-0.121295	0.072955	-0.0483402
1200	1249.94	0	11230.6	0.222222	-0	-0	-0	0.222222	0	3.56662	0	458.681	0	-0.0881309	-0.142665	0.0545341	-0.0881309
1200	1223.22	0	557.227	0.222222	-0	-0	-0	0.222222	0	4.46589	0	269.249	0	-0.147391	-0.178636	0.0312443	-0.147391
1200	1215.94	0	-1180.96	0.222222	0	-0	-0	0.222222	0	4.21261	0	-206.46	0	-0.163915	-0.168504	0.00458938	-0.163915
1200	1230.5	0	-3752.34	0.222222	0	-0	-0	0.222222	0	4.15408	0	74.4958	0	-0.18645	-0.166163	-0.0202872	-0.18645
1200	1286.38	0	-189.764	0.222222	0	-0	-0	0.222222	0	4.17855	0	-6.38485	0	-0.212446	-0.167142	-0.0453042	-0.212446
1200	1310.67	0	-4293.43	0.222222	0	-0	-0	0.222222	0	4.13811	0	37.2477	0	-0.235667	-0.165524	-0.0701425	-0.235667
1200	1354.4	0	2391.19	0.222222	-0	-0	-0	0.222222	0	3.3144	0	-699.196	0	-0.227174	-0.132576	-0.0945976	-0.227174
1200	1354.4	0	7984.04	0.222222	-0	-0	-0	0.222222	0	1.0029	0	-1111.05	0	-0.150999	-0.0401162	-0.110883	-0.150999
1200	1365.34	0	-5859.23	0.222222	0	-0	-0	0.222222	0	0.862427	0	60.6608	0	-0.150794	-0.0344971	-0.116297	-0.150794
1200	1359.27	0	2146.98	0.222222	-0	-0	-0	0.222222	0	0.791124	0	-352.258	0	-0.153959	-0.0316449	-0.122314	-0.153959
1200	1311.92	0	17479.4	0.222222	-0	-0	-0	0.222222	0	-3.09755	0	-2014.58	0	0.00246364	0.123902	-0.121439	0.00246364
1200	1290.02	0	3703.21	0.222222	-0	-0	-0	0.222222	0	-2.90706	0	550.205	0	0.0145082	0.116282	-0.101774	0.0145082
1200	1280.32	0	317.806	0.222222	-0	-0	-0	0.222222	0	-2.72827	0	-20.2203	0	0.024202	0.109131	-0.0849288	0.024202
1200	1287.61	0	1692.08	0.222222	-0	-0	-0	0.222222	0	-2.81021	0	-46.8259	0	0.0439548	0.112409	-0.0684538	0.0439548
1200	1294.89	0	518.919	0.222222	-0	-0	-0	0.222222	0	-2.7155	0	37.2477	0	0.056855	0.10862	-0.0517649	0.056855
1200	1305.83	0	4579.49	0.222222	-0	-0	-0	0.222222	0	-3.63605	0	-660.883	0	0.110749	0.145442	-0.0346929	0.110749
1200	1297.32	0	6796.52	0.222222	-0	-0	-0	0.222222	0	-3.4711	0	598.095	0	0.127267	0.138844	-0.0115772	0.127267
1200	1274.25	0	11163.5	0.222222	-0	-0	-0	0.222222	0	-1.41395	0	627.893	0	0.0615197	0.056558	0.00496164	0.0615197
1200	1268.17	0	44.8673	0.222222	-0	-0	-0	0.222222	0	-1.4959	0	-94.7162	0	0.0732429	0.0598359	0.013407	0.0732429
1200	1270.61	0	-2976.62	0.222222	0	-0	-0	0.222222	0	-1.20962	0	195.817	0	0.0704958	0.0483848	0.022111	0.0704958
1200	1297.33	0	1174.93	0.222222	-0	-0	-0	0.222222	0	-0.911637	0	64.9178	0	0.065135	0.0364655	0.0286696	0.065135
1200	1311.89	0	-678.182	0.222222	0	-0	-0	0.222222	0	-0.965912	0	-59.5965	0	0.0727599	0.0386365	0.0341234	0.0727599
1200	1342.27	0	-4451.44	0.222222	0	-0	-0	0.222222	0	-0.925472	0	-34.0552	0	0.0767143	0.0370189	0.0396954	0.0767143
1200	1361.69	0	-433.973	0.222222	0	-0	-0	0.222222	0	-1.0287	0	-65.9821	0	0.086508	0.0411481	0.04536	0.086508
1200	1382.35	0	-3062.81	0.222222	0	-0	-0	0.222222	0	-0.963784	0	162.827	0	0.0903772	0.0385513	0.0518259	0.0903772
1200	1386.02	0	2170.92	0.222222	-0	-0	-0	0.222222	0	0.26114	0	758.793	0	0.0457646	-0.0104456	0.0562102	0.0457646
1200	1376.3	0	6221.91	0.222222	-0	-0	-0	0.222222	0	-0.109211	0	-636.407	0	0.0582136	0.00436843	0.0538452	0.0582136
1200	1367.78	0	8616.11	0.222222	-0	-0	-0	0.222222	0	-0.488075	0	360.772	0	0.0762424	0.019523	0.0567194	0.0762424
1200	1325.27	0	7600.97	0.222222	-0	-0	-0	0.222222	0	1.69252	0	876.922	0	-0.0119641	-0.0677009	0.0557368	-0.0119641
1200	1298.54	0	758.339	0.222222	-0	-0	-0	0.222222	0	1.68614	0	-172.405	0	-0.0223619	-0.0674455	0.0450836	-0.0223619
1200	1292.45	0	2951.43	0.222222	-0	-0	-0	0.222222	0	1.45307	0	44.6975	0	-0.0223228	-0.0581229	0.0358001	-0.0223228
1200	1276.66	0	3162.12	0.222222	-0	-0	-0	0.222222	0	1.53715	0	110.679	0	-0.0343244	-0.0614858	0.0271615	-0.0343244
1200	1266.95	0	3114.23	0.222222	-0	-0	-0	0.222222	0	1.35303	0	-151.12	0	-0.0360838	-0.0541214	0.0180376	-0.0360838
1200	1292.47	0	1519.7	0.222222	-0	-0	-0	0.222222	0	1.12742	0	-141.542	0	-0.0349252	-0.0450968	0.0101716	-0.0349252
1200	1309.48	0	1514.91	0.222222	-0	-0	-0	0.222222	0	0.737913	0	-79.8168	0	-0.0251804	-0.0295165	0.00433613	-0.0251804
1200	1326.46	0	3885.17	0.222222	-0	-0	-0	0.222222	0	1.09656	0	56.4039	0	-0.0448603	-0.0438622	-0.000998068	-0.0448603
1200	1345.9	0	5407.88	0.222222	-0	-0	-0	0.222222	0	0.637875	0	-249.029	0	-0.0324635	-0.025515	-0.00694845	-0.0324635
1200	1338.64	0	5436.61	0.222222	-0	-0	-0	0.222222	0	0.361177	0	-108.551	0	-0.0247183	-0.0144471	-0.0102713	-0.0247183
1200	1338.59	0	-917.602	0.222222	0	-0	-0	0.222222	0	0.163231	0	-92.5876	0	-0.0186515	-0.00652923	-0.0121222	-0.0186515
1200	1338.61	0	-3690.09	0.222222	0	-0	-0	0.222222	0	0.100442	0	-50.0186	0	-0.017081	-0.00401766	-0.0130633	-0.017081
1200	1354.42	0	442.305	0.222222	-0	-0	-0	0.222222	0	0.243048	0	148.992	0	-0.0233687	-0.00972191	-0.0136468	-0.0233687
1200	1343.49	0	825.377	0.222222	-0	-0	-0	0.222222	0	0.174937	0	-145.799	0	-0.0223357	-0.00699749	-0.0153382	-0.0223357
1200	1344.7	0	3947.42	0.222222	-0	-0	-0	0.222222	0	-0.475304	0	-295.855	0	0.00368754	0.0190122	-0.0153246	0.00368754
1200	1338.64	0	4004.88	0.222222	-0	-0	-0	0.222222	0	-0.509359	0	9.57799	0	0.00803248	0.0203744	-0.0123419	0.00803248
1200	1328.89	0	4809.33	0.222222	-0	-0	-0	0.222222	0	-0.697727	0	-48.9544	0	0.0190416	0.0279091	-0.0088675	0.0190416
1200	1324.04	0	3090.29	0.222222	-0	-0	-0	0.222222	0	-0.24011	0	164.955	0	0.00404529	0.00960442	-0.00555913	0.00404529
1200	1308.24	0	3099.87	0.222222	-0	-0	-0	0.222222	0	-0.193285	0	-14.8991	0	0.00342774	0.00773138	-0.00430364	0.00342774
1200	1315.54	0	1174.93	0.222222	-0	-0	-0	0.222222	0	-0.177321	0	4.25689	0	0.0039138	0.00709285	-0.00317905	0.0039138
1200	1333.79	0	116.693	0.222222	-0	-0	-0	0.222222	0	-0.25501	0	-59.5966	0	0.00813954	0.0102004	-0.00206085	0.00813954
1200	1356.86	0	2046.42	0.222222	-0	-0	-0	0.222222	0	-0.620039	0	-187.304	0	0.0248039	0.0248016	2.38729e-06	0.0248039
1200	1365.36	0	4732.71	0.222222	-0	-0	-0	0.222222	0	-0.212441	0	315.011	0	0.0119425	0.00849762	0.00344486	0.0119425
1200	1377.47	0	2252.32	0.222222	-0	-0	-0	0.222222	0	-0.326313	0	-253.286	0	0.0173538	0.0130525	0.00430126	0.0173538
1200	1381.13	0	1859.67	0.222222	-0	-0	-0	0.222222	0	-0.613654	0	-73.4316	0	0.031447	0.0245461	0.00690086	0.031447
1200	1386.03	0	667.36	0.222222	-0	-0	-0	0.222222	0	-0.502974	0	48.9542	0	0.0305166	0.020119	0.0103976	0.0305166
1200	1415.13	0	720.032	0.222222	-0	-0	-0	0.222222	0	-0.528516	0	-89.395	0	0.0343645	0.0211406	0.0132239	0.0343645
1200	1382.37	0	403.998	0.222222	-0	-0	-0	0.222222	0	-0.118789	0	129.835	0	0.0203069	0.00475155	0.0155553	0.0203069
1200	1365.36	0	6183.6	0.222222	-0	-0	-0	0.222222	0	-0.346533	0	-15.9634	0	0.0307647	0.0138613	0.0169034	0.0307647
1200	1356.86	0	1127.05	0.222222	-0	-0	-0	0.222222	0	-0.025137	0	116.001	0	0.0193719	0.00100548	0.0183664	0.0193719
1200	1365.33	0	1376.04	0.222222	-0	-0	-0	0.222222	0	0.0589368	0	18.0918	0	0.0159618	-0.00235747	0.0183193	0.0159618
1200	1356.87	0	-975.063	0.222222	0	-0	-0	0.222222	0	-0.153908	0	-92.5876	0	0.0244828	0.00615633	0.0183264	0.0244828
1200	1353.18	0	5565.9	0.222222	-0	-0	-0	0.222222	0	0.370755	0	488.479	0	0.00431114	-0.0148302	0.0191413	0.00431114
1200	1351.99	0	4047.97	0.222222	-0	-0	-0	0.222222	0	1.01993	0	225.616	0	-0.0251512	-0.0407973	0.0156461	-0.0251512
1200	1362.96	0	222.038	0.222222	-0	-0	-0	0.222222	0	0.899675	0	-123.45	0	-0.02647	-0.035987	0.00951694	-0.02647
1200	1387.21	0	945.087	0.222222	-0	-0	-0	0.222222	0	0.538902	0	-196.882	0	-0.0169455	-0.0215561	0.00461057	-0.0169455
1200	1411.51	0	997.76	0.222222	-0	-0	-0	0.222222	0	0.552737	0	87.2665	0	-0.020512	-0.0221095	0.00159745	-0.020512
1199.88	1435.82	-239.453	-137.092	0.218209	-0	-0	-0	0.218209	0	0.705986	0	83.0096	0	-0.0301691	-0.0282394	-0.00192969	-0.0301691
1198.92	1452.83	-719.447	4799.75	0.210032	-0	-0	-0	0.210032	0	0.740041	0	-144.735	0	-0.0363036	-0.0296016	-0.00670198	-0.0363036
1197	1439.44	-1199.44	4115.01	0.201677	-0	-0	-0	0.201677	0	-0.539158	0	-533.177	0	0.0126622	0.0215663	-0.00890416	0.0126622
1194.12	1416.34	-1679.43	-347.782	0.193143	-0	-0	-0	0.193143	0	-0.658351	0	72.3673	0	0.0212395	0.026334	-0.00509453	0.0212395
1190.29	1420.03	-2159.43	169.366	0.184433	-0	-0	-0	0.184433	0	-0.628553	0	-27.6698	0	0.0238253	0.0251421	-0.00131683	0.0238253
1185.49	1417.62	-2639.42	518.919	0.175544	-0	-0	-0	0.175544	0	-0.714755	0	-30.8626	0	0.0312107	0.0285902	0.00262051	0.0312107
1179.73	1422.44	-3119.42	-347.782	0.166478	-0	-0	-0	0.166478	0	-0.49446	0	146.863	0	0.0264672	0.0197784	0.00668874	0.0264672
1173.01	1423.68	-3599.41	-630.298	0.157234	-0	-0	-0	0.157234	0	-0.381652	0	50.0185	0	0.0247332	0.0152661	0.00946714	0.0247332
1165.33	1402.98	-4079.4	298.653	0.147812	-0	-0	-0	0.147812	0	-0.0857978	0	120.257	0	0.0146622	0.00343191	0.0112303	0.0146622
1156.69	1385.99	-4559.4	2510.9	0.138212	-0	-0	-0	0.138212	0	0.510168	0	254.35	0	-0.00968653	-0.0204067	0.0107202	-0.00968653
1147.09	1379.94	-5039.39	-520.164	0.128435	-0	-0	-0	0.128435	0	0.598499	0	58.5325	0	-0.0163702	-0.02394	0.00756979	-0.0163702
1136.53	1376.25	-5519.39	250.769	0.11848	-0	-0	-0	0.11848	0	0.622976	0	4.25696	0	-0.0210009	-0.024919	0.00391814	-0.0210009
1125.02	1367.8	-5999.38	-228.072	0.108347	-0	-0	-0	0.108347	0	0.610205	0	-4.25696	0	-0.0242024	-0.0244082	0.000205822	-0.0242024
1112.54	1388.41	-6479.37	-65.2659	0.0980358	-0	-0	-0	0.0980358	0	0.469728	0	-31.9268	0	-0.0219189	-0.0187891	-0.00312976	-0.0219189
1099.1	1372.6	-6959.37	-194.553	0.0875473	-0	-0	-0	0.0875473	0	0.75494	0	217.102	0	-0.0363501	-0.0301976	-0.00615246	-0.0363501
1084.7	1379.94	-7439.36	-1113.93	0.076881	-0	-0	-0	0.076881	0	0.0770286	0	-335.231	0	-0.0127352	-0.00308114	-0.00965405	-0.0127352
1069.34	1378.66	-7919.35	-6816.92	0.0660369	-0	-0	-0	0.0660369	0	-0.292258	0	-156.441	0	0.00221261	0.0116903	-0.00947769	0.00221261
1053.02	1365.34	-8399.35	-4331.73	0.0550151	-0	-0	-0	0.0550151	0	-0.160294	0	98.973	0	-0.00141138	0.00641174	-0.00782312	-0.00141138
1035.74	1334.96	-8879.34	-2306.24	0.0438155	-0	-0	-0	0.0438155	0	-0.509359	0	-275.634	0	0.0137333	0.0203744	-0.00664106	0.0137333
1017.77	1314.35	-9000	-1195.33	0.0384768	-0	-0	-0	0.0384768	0	-0.633874	0	47.8901	0	0.0222873	0.025355	-0.00306769	0.0222873
999.775	1293.67	-9000	-2526.51	0.0351435	-0	-0	-0	0.0351435	0	-0.0304581	0	329.91	0	0.00113336	0.00121832	-8.49666e-05	0.00113336
981.775	1260.89	-9000	-3781.07	0.0318103	-0	-0	-0	0.0318103	0	-0.0804767	0	-144.735	0	0.0030327	0.00321907	-0.000186366	0.0030327
963.776	1254.82	-9000	-5662.91	0.028477	-0	-0	-0	0.028477	0	-0.331634	0	-56.404	0	0.0141461	0.0132654	0.000880754	0.0141461
945.776	1248.75	-9000	-11337.2	0.0251437	0	-0	-0	0.0251437	0	-0.106018	0	158.57	0	0.00691014	0.00424072	0.00266942	0.00691014
927.776	1237.82	-9000	-1683.75	0.0218104	-0	-0	-0	0.0218104	0	-0.091119	0	-101.101	0	0.00660228	0.00364476	0.00295753	0.00660228
909.776	1224.46	-9000	-1769.94	0.018477	-0	-0	-0	0.018477	0	0.000404407	0	98.9729	0	0.00351041	-1.61763e-05	0.00352659	0.00351041
891.776	1194.06	-9000	-357.359	0.0151437	-0	-0	-0	0.0151437	0	0.00678976	0	-14.8992	0	0.00318872	-0.00027159	0.00346031	0.00318872
873.776	1179.5	-9000	2295.42	0.0118105	-0	-0	-0	0.0118105	0	-0.0623849	0	18.0918	0	0.00617676	0.0024954	0.00368137	0.00617676
855.777	1155.24	-9000	-3345.32	0.00847717	-0	-0	-0	0.00847717	0	0.286681	0	216.038	0	-0.00781064	-0.0114672	0.00365659	-0.00781064
837.777	1128.48	-9000	-1894.44	0.00514388	-0	-0	-0	0.00514388	0	0.990134	0	362.901	0	-0.0386905	-0.0396054	0.000914852	-0.0386905
819.777	1088.41	-9000	1835.73	0.00181059	-0	-0	-0	0.00181059	0	1.09017	0	-43.6332	0	-0.0490638	-0.0436068	-0.00545696	-0.0490638
801.777	1059.23	-9000	-1353.35	-0.00152271	-0	-0	-0	-0.00152271	0	0.48037	0	-504.443	0	-0.0308967	-0.0192148	-0.0116819	-0.0308967
783.778	1048.31	-9000	-11500	-0.004856	0	-0	-0	-0.004856	0	-1.71406	0	-808.811	0	0.0581552	0.0685625	-0.0104073	0.0581552
765.778	1064.09	-9000	-20899.6	-0.00818929	0	-0	-0	-0.00818929	0	1.44456	0	1694.25	0	-0.0622983	-0.0577823	-0.00451602	-0.0622983
747.778	1076.23	-9000	-6352.44	-0.0115226	-0	-0	-0	-0.0115226	0	0.37714	0	-1142.98	0	-0.0284957	-0.0150856	-0.01341	-0.0284957
729.778	1062.9	-9000	-4528.06	-0.0148559	-0	-0	-0	-0.0148559	0	-0.620039	0	-113.872	0	0.0117786	0.0248016	-0.013023	0.0117786
711.779	1043.46	-9000	2568.36	-0.0181892	-0	-0	-0	-0.0181892	0	-0.142202	0	279.891	0	-0.0042085	0.00568807	-0.00989657	-0.0042085
693.779	1000.95	-9000	-4609.46	-0.0215224	-0	-0	-0	-0.0215224	0	0.483563	0	343.745	0	-0.0292319	-0.0193425	-0.00988942	-0.0292319
675.779	953.552	-9000	1830.94	-0.0248557	-0	-0	-0	-0.0248557	0	0.909253	0	127.707	0	-0.0500549	-0.0363701	-0.0136847	-0.0500549
657.779	894.073	-9000	-46.1123	-0.028189	-0	-0	-0	-0.028189	0	0.771968	0	-79.8169	0	-0.0498466	-0.0308787	-0.0189679	-0.0498466
639.78	854.004	-9000	-3910.35	-0.0315223	-0	-0	-0	-0.0315223	0	0.484627	0	-266.056	0	-0.0429209	-0.0193851	-0.0235358	-0.0429209
621.78	858.795	-9000	-23494.9	-0.0348556	0	-0	-0	-0.0348556	0	0.204736	0	102.166	0	-0.0334868	-0.00818942	-0.0252974	-0.0334868
603.78	885.559	-9000	-18787.9	-0.0381889	0	-0	-0	-0.0381889	0	0.02701	0	-262.864	0	-0.0278616	-0.0010804	-0.0267812	-0.0278616
585.78	892.822	-9000	-3316.59	-0.0415222	-0	-0	-0	-0.0415222	0	-0.335891	0	-72.3673	0	-0.0126361	0.0134356	-0.0260717	-0.0126361
567.78	883.118	-9000	2271.47	-0.0448555	-0	-0	-0	-0.0448555	0	-0.308221	0	29.7983	0	-0.0117211	0.0123288	-0.02405	-0.0117211
549.781	852.722	-9000	-1295.89	-0.0481888	-0	-0	-0	-0.0481888	0	-0.259267	0	53.2113	0	-0.0118172	0.0103707	-0.0221879	-0.0118172
531.781	812.622	-9000	1237.18	-0.0515221	-0	-0	-0	-0.0515221	0	-0.162422	0	67.0462	0	-0.0142248	0.00649688	-0.0207217	-0.0142248
513.781	781.067	-9000	-5150.55	-0.0548554	-0	-0	-0	-0.0548554	0	0.903932	0	664.077	0	-0.0571112	-0.0361573	-0.020954	-0.0571112
495.781	759.216	-9000	-6778.61	-0.0581886	-0	-0	-0	-0.0581886	0	0.143011	0	-1101.47	0	-0.0331196	-0.00572042	-0.0273992	-0.0331196
477.782	760.437	-9000	-12654	-0.0615219	0	-0	-0	-0.0615219	0	-4.77903	0	-2447.72	0	0.170327	0.191161	-0.0208343	0.170327
459.782	765.289	-9000	-11337.2	-0.0648552	0	-0	-0	-0.0648552	0	0.558058	0	2527.53	0	-0.0229111	-0.0223223	-0.00058877	-0.0229111
441.782	757.996	-9000	715.244	-0.0681885	-0	-0	-0	-0.0681885	0	-0.202863	0	-925.876	0	0.00368252	0.0081145	-0.00443199	0.00368252
423.782	733.673	-9000	-4192.87	-0.0715218	-0	-0	-0	-0.0715218	0	-1.18408	0	-138.349	0	0.0466769	0.0473631	-0.000686211	0.0466769
405.783	689.941	-9000	1414.35	-0.0748551	-0	-0	-0	-0.0748551	0	-1.02232	0	52.1471	0	0.046982	0.0408926	0.00608941	0.046982
387.783	647.43	-9000	-1209.69	-0.0781884	-0	-0	-0	-0.0781884	0	-0.633874	0	287.341	0	0.037275	0.025355	0.01192	0.037275
369.783	618.286	-9000	-12658.8	-0.0815217	0	-0	-0	-0.0815217	0	0.814537	0	907.784	0	-0.0184801	-0.0325815	0.0141014	-0.0184801
351.783	614.685	-9000	-18246.8	-0.084855	0	-0	-0	-0.084855	0	1.9341	0	217.102	0	-0.0708573	-0.0773641	0.00650676	-0.0708573
333.783	618.317	-9000	-9503.21	-0.0881883	0	-0	-0	-0.0881883	0	1.97667	0	76.6243	0	-0.0840625	-0.0790668	-0.00499569	-0.0840625
315.784	590.363	-9000	-821.834	-0.0915215	-0	-0	-0	-0.0915215	0	1.95751	0	-70.2391	0	-0.0953095	-0.0783006	-0.017009	-0.0953095
297.784	561.188	-9000	-1487.42	-0.0948548	-0	-0	-0	-0.0948548	0	1.87663	0	-62.7893	0	-0.103765	-0.0750653	-0.0286998	-0.103765
279.784	504.12	-9000	-285.533	-0.0981881	-0	-0	-0	-0.0981881	0	1.39454	0	-225.616	0	-0.0949717	-0.0557816	-0.0391901	-0.0949717
261.784	449.463	-9000	-4130.62	-0.101521	-0	-0	-0	-0.101521	0	1.253	0	57.4683	0	-0.0970802	-0.0501199	-0.0469603	-0.0970802
243.785	414.215	-9000	-12457.7	-0.104855	0	-0	-0	-0.104855	0	2.7344	0	868.408	0	-0.165693	-0.109376	-0.0563173	-0.165693
225.785	396.027	-9000	-15239.7	-0.108188	0	-0	-0	-0.108188	0	2.85466	0	-271.377	0	-0.188085	-0.114186	-0.0738986	-0.188085
207.785	363.22	-9000	-1813.03	-0.111521	-0	-0	-0	-0.111521	0	2.73866	0	68.1105	0	-0.20002	-0.109546	-0.0904742	-0.20002
189.785	304.871	-9000	-338.205	-0.114855	-0	-0	-0	-0.114855	0	2.90468	0	107.487	0	-0.223269	-0.116187	-0.107082	-0.223269
171.786	245.361	-9000	-721.277	-0.118188	-0	-0	-0	-0.118188	0	2.85572	0	-84.0738	0	-0.238844	-0.114229	-0.124615	-0.238844
154.118	198.029	-8600.96	-5945.43	-0.114809	-0	-0	-0	-0.114809	0	2.42258	0	-270.313	0	-0.238164	-0.0969032	-0.141261	-0.238164
137.396	178.528	-8120.96	-18385.7	-0.109906	0	-0	-0	-0.109906	0	2.16291	0	-175.597	0	-0.242061	-0.0865164	-0.155544	-0.242061
121.634	180.969	-7640.97	-13530.3	-0.104825	0	-0	-0	-0.104825	0	0.945436	0	-706.645	0	-0.204807	-0.0378175	-0.166989	-0.204807
106.832	177.338	-7160.98	-4930.28	-0.0995658	-0	-0	-0	-0.0995658	0	-0.0730271	0	-321.396	0	-0.16765	0.00292109	-0.170571	-0.16765
92.9907	151.825	-6680.98	327.383	-0.0941292	-0	-0	-0	-0.0941292	0	0.0727717	0	117.065	0	-0.17313	-0.00291087	-0.170219	-0.17313
80.1089	120.27	-6200.99	97.5398	-0.0885148	-0	-0	-0	-0.0885148	0	0.113212	0	-43.6332	0	-0.175436	-0.00452849	-0.170908	-0.175436
68.187	71.6553	-5720.99	-103.573	-0.0827227	-0	-0	-0	-0.0827227	0	0.0940562	0	-103.23	0	-0.175601	-0.00376225	-0.171839	-0.175601
57.2252	42.511	-5241	-2765.93	-0.0767528	0	0	-0	-0.0767528	0	-0.215633	0	6.38534	0	-0.16283	0.00862533	-0.171455	-0.16283
47.2233	37.6587	-4761.01	-16762.4	-0.0706051	0	0	-0	-0.0706051	0	0.431416	0	179.854	0	-0.18882	-0.0172566	-0.171563	-0.18882
38.1814	63.1409	-4281.01	-11820.8	-0.0642796	0	-0	-0	-0.0642796	0	-1.10852	0	-844.995	0	-0.127726	0.0443407	-0.172067	-0.127726
30.0995	81.3904	-3801.02	-2191.32	-0.0577763	-0	-0	-0	-0.0577763	0	-1.04147	0	272.442	0	-0.12314	0.0416589	-0.164799	-0.12314
22.9775	91.0645	-3321.03	-1343.77	-0.0510953	-0	-0	-0	-0.0510953	0	-0.952077	0	-97.9089	0	-0.121029	0.0380831	-0.159112	-0.121029
16.8155	105.713	-2841.03	-5270.26	-0.0442365	0	-0	-0	-0.0442365	0	-2.19616	0	-699.196	0	-0.063919	0.0878462	-0.151765	-0.063919
11.6135	125.122	-2361.04	-4791.42	-0.0372	0	-0	-0	-0.0372	0	-2.54735	0	78.7525	0	-0.0354045	0.101894	-0.137299	-0.0354045
7.37151	161.56	-1881.04	-6836.07	-0.0299856	0	-0	-0	-0.0299856	0	-2.31216	0	-104.294	0	-0.0305466	0.0924863	-0.123033	-0.0305466
4.08946	204.071	-1401.05	-7415.47	-0.0225935	0	-0	-0	-0.0225935	0	-3.56688	0	-635.342	0	0.0353733	0.142675	-0.107302	0.0353733
1.76738	245.361	-921.056	-4571.15	-0.0150236	0	-0	-0	-0.0150236	0	-3.52005	0	174.533	0	0.0552847	0.140802	-0.0855174	0.0552847
0.405284	280.609	-441.062	-4810.57	-0.00727599	0	-0	-0	-0.00727599	0	-3.97128	0	-388.442	0	0.0946426	0.158851	-0.0642087	0.0946426
0	319.489	0	-4259.91	0	0	-0	-0	0	0	-4.35866	0	-73.4315	0	0.134907	0.174346	-0.0394392	0.134907
0	357.086	0	-6773.82	0	0	-0	-0	0	0	-3.78079	0	324.589	0	0.137184	0.151231	-0.014047	0.137184
0	393.555	0	-6970.14	0	0	-0	-0	0	0	-3.34126	0	151.12	0	0.141423	0.13365	0.00777247	0.141423
0	420.319	0	-4106.68	0	0	-0	-0	0	0	-3.3817	0	-23.4127	0	0.163139	0.135268	0.0278711	0.163139
0	439.728	0	-4288.64	0	0	-0	-0	0	0	-2.88365	0	221.359	0	0.162677	0.115346	0.0473313	0.162677
0	459.167	0	-2028.51	0	0	-0	-0	0	0	-3.01029	0	-103.23	0	0.185115	0.120412	0.0647034	0.185115
0	467.682	0	-4307.79	0	0	-0	-0	0	0	-2.79638	0	241.579	0	0.194703	0.111855	0.0828481	0.194703
0	474.945	0	-6108.23	0	0	-0	-0	0	0	-1.91627	0	435.268	0	0.174942	0.0766506	0.0982918	0.174942
0	479.828	0	-5840.08	0	0	-0	-0	0	0	-1.31391	0	286.277	0	0.161398	0.0525565	0.108841	0.161398
0	489.532	0	-4949.44	0	0	-0	-0	0	0	-0.401873	0	516.149	0	0.131612	0.0160749	0.115537	0.131612
0	493.164	0	-6630.17	0	0	-0	-0	0	0	0.585728	0	449.103	0	0.0929036	-0.0234291	0.116333	0.0929036
0	502.899	0	-2799.44	0	0	-0	-0	0	0	1.28173	0	307.561	0	0.0603838	-0.0512693	0.111653	0.0603838
0	505.371	0	-1281.52	0	0	-0	-0	0	0	1.38283	0	44.6975	0	0.0484802	-0.0553133	0.103793	0.0484802
0	495.636	0	-2071.61	0	0	-0	-0	0	0	1.36261	0	-73.4315	0	0.0408324	-0.0545045	0.0953369	0.0408324
0	496.796	0	-2737.2	0	0	-0	-0	0	0	1.52118	0	209.652	0	0.0264671	-0.0608473	0.0873144	0.0264671
0	494.385	0	-7041.97	0	0	-0	-0	0	0	2.1363	0	244.772	0	-0.0083759	-0.0854522	0.0770763	-0.0083759
0	493.134	0	-2196.11	0	0	-0	-0	0	0	2.16185	0	-39.3763	0	-0.0224101	-0.0864738	0.0640637	-0.0224101
0	488.312	0	-5514.47	0	0	-0	-0	0	0	1.80533	0	-170.276	0	-0.0205619	-0.0722132	0.0516513	-0.0205619
0	491.943	0	-1133.08	0	0	-0	-0	0	0	1.93304	0	72.3674	0	-0.0366682	-0.0773215	0.0406533	-0.0366682
0	485.901	0	-2315.82	0	0	-0	-0	0	0	1.34558	0	-304.368	0	-0.023919	-0.0538234	0.0299044	-0.023919
0	484.68	0	-3814.59	0	0	-0	-0	0	0	1.39135	0	127.707	0	-0.0335772	-0.0556539	0.0220767	-0.0335772
0	476.196	0	-3005.35	0	0	-0	-0	0	0	1.43392	0	-153.248	0	-0.0442155	-0.0573566	0.0131412	-0.0442155
0	472.534	0	-4523.27	0	0	-0	-0	0	0	0.70705	0	-362.901	0	-0.0226524	-0.028282	0.00562956	-0.0226524
0	467.651	0	-1046.89	0	0	-0	-0	0	0	0.863491	0	181.983	0	-0.0330758	-0.0345396	0.00146388	-0.0330758
0	455.536	0	-122.727	0	0	-0	-0	0	0	0.857106	0	-50.0185	0	-0.0381322	-0.0342842	-0.00384796	-0.0381322
0	436.096	0	-3120.27	0	0	-0	-0	0	0	0.604884	0	-134.092	0	-0.0328316	-0.0241954	-0.00863621	-0.0328316
0	432.404	0	-2167.38	0	0	-0	-0	0	0	0.531453	0	10.6423	0	-0.0332714	-0.0212581	-0.0120133	-0.0332714
0	422.729	0	-3129.84	0	0	-0	-0	0	0	0.232405	0	-184.111	0	-0.0241534	-0.00929622	-0.0148572	-0.0241534
0	420.258	0	-2660.58	0	0	-0	-0	0	0	-0.0623849	0	-51.0828	0	-0.0130251	0.0024954	-0.0155205	-0.0130251
0	412.994	0	-3062.81	0	0	-0	-0	0	0	0.327122	0	199.01	0	-0.0288026	-0.0130849	-0.0157177	-0.0288026
0	412.994	0	-2392.43	0	0	-0	-0	0	0	0.156846	0	-217.102	0	-0.0240947	-0.00627382	-0.0178209	-0.0240947
0	404.51	0	-1516.15	0	0	-0	-0	0	0	-0.471047	0	-226.68	0	0.00128356	0.0188419	-0.0175583	0.00128356
0	400.818	0	-2124.28	0	0	-0	-0	0	0	-0.147523	0	270.313	0	-0.00899077	0.00590092	-0.0148917	-0.00899077
0	393.524	0	-3699.66	0	0	-0	-0	0	0	0.0770286	0	3.19267	0	-0.0177518	-0.00308114	-0.0146706	-0.0177518
0	391.113	0	-3632.63	0	0	-0	-0	0	0	-0.50191	0	-320.332	0	0.00571942	0.0200764	-0.014357	0.00571942
0	388.702	0	-1559.25	0	0	-0	-0	0	0	-0.20712	0	249.029	0	-0.00319802	0.00828478	-0.0114828	-0.00319802
0	383.881	0	-2028.51	0	0	-0	-0	0	0	-0.273101	0	-175.597	0	0.000355132	0.0109241	-0.0105689	0.000355132
0	372.925	0	-2708.46	0	0	-0	-0	0	0	-0.674314	0	-194.753	0	0.0186616	0.0269726	-0.00831094	0.0186616
0	368.072	0	-3469.82	0	0	-0	-0	0	0	-0.595562	0	125.579	0	0.0196979	0.0238225	-0.00412457	0.0196979
0	366.852	0	-2823.39	0	0	-0	-0	0	0	0.0621295	0	362.901	0	-0.00392075	-0.00248518	-0.00143557	-0.00392075
0	359.558	0	-3560.8	0	0	-0	-0	0	0	-0.121981	0	-184.111	0	0.00307091	0.00487926	-0.00180835	0.00307091
0	360.779	0	-596.779	0	0	-0	-0	0	0	-0.149651	0	77.6884	0	0.00522567	0.00598605	-0.000760388	0.00522567
0	353.516	0	-2229.62	0	0	-0	-0	0	0	0.0674506	0	101.101	0	-0.0029085	-0.00269802	-0.000210481	-0.0029085
0	347.412	0	-3651.78	0	0	-0	-0	0	0	0.0429734	0	-59.5966	0	-0.00243948	-0.00171894	-0.000720543	-0.00243948
0	343.75	0	-4073.16	0	0	-0	-0	0	0	-0.108147	0	-29.7983	0	0.00371144	0.00432586	-0.000614419	0.00371144
0	346.191	0	-3484.19	0	0	-0	-0	0	0	0.0940562	0	106.423	0	-0.00401513	-0.00376225	-0.00025288	-0.00401513
0	340.118	0	-2885.64	0	0	-0	-0	0	0	0.069579	0	-116.001	0	-0.00387495	-0.00278316	-0.00109179	-0.00387495
0	333.984	0	-3182.52	0	0	-0	-0	0	0	-0.119853	0	14.8991	0	0.00389785	0.00479412	-0.000896268	0.00389785
0	326.752	0	-1544.88	0	0	-0	-0	0	0	0.0280743	0	100.037	0	-0.00144379	-0.00112297	-0.00032082	-0.00144379
0	313.385	0	-1425.17	0	0	-0	-0	0	0	0.0589368	0	41.5048	0	-0.00281481	-0.00235747	-0.000457339	-0.00281481
