0	-0.520038	0	-437.66	0	0	0	0	0	0	-0.00522002	0	19.4888	0	0.0001044	0.0001044	0	0.0001044
0	-0.326039	0	127.372	0	0	0	0	0	0.0301593	0.004358	30.1593	-17.3819	0.0491134	0.000516026	0.000516026	0	0.0496295
0	0.0428032	0	127.372	0	0	-0	0	0	0.120637	-0.00255946	60.3186	-17.3819	0.0741249	0.00140836	0.00140836	0	0.0755333
0	-0.66799	0	-124.02	0	0	0	0	0	0.271434	-0.0041558	90.4779	-12.8329	0.150978	0.00551179	0.00551179	0	0.15649
0	0.399052	0	503.261	0	0	-0	0	0	0.482549	-0.00202735	120.637	20.2071	0.20373	0.00969152	0.00969152	0	0.213421
0	-1.65907	0	-669.898	0	0	0	0	0	0.753982	0.184744	150.796	63.3027	0.257694	0.0113848	0.0113848	0	0.269079
0	-1.58749	0	43.5745	0	0	0	0	0	1.05558	0.470489	150.796	97.7792	0.263757	0.0117017	0.0117017	0	0.275459
0	-3.6069	0	-90.5008	0	0	0	0	0	1.35717	0.689187	150.796	93.4696	0.269821	0.0133596	0.0133596	0	0.28318
0	-5.16866	0	-329.921	0	0	0	0	0	1.65876	0.922252	150.796	60.9085	0.275884	0.0147302	0.0147302	0	0.290614
0	-4.97877	0	-191.057	0	0	0	0	0	1.96035	0.976528	150.796	74.7949	0.278916	0.0166606	0.0166606	0	0.295576
0	-4.56753	0	-253.307	0	0	0	0	0	2.26195	1.41286	150.796	93.4696	0.288011	0.0169817	0.0169817	0	0.304993
0	-4.05455	0	-71.3472	0	0	0	0	0	2.56354	1.49161	150.796	111.666	0.291043	0.0184226	0.0184226	0	0.309465
0	-8.74062	0	-751.301	0	0	0	0	0	2.86513	1.97903	150.796	105.919	0.300138	0.0177221	0.0177221	0	0.31786
0	-6.64139	0	-392.17	0	0	0	0	0	3.16673	2.31639	150.796	127.467	0.306201	0.0170068	0.0170068	0	0.323208
0	-6.75879	0	534.386	0	0	0	0	0	3.46832	2.70323	150.796	170.324	0.312264	0.0153017	0.0153017	0	0.327566
0	-3.01848	0	-712.993	0	0	0	0	0	3.76991	2.93045	150.796	29.7839	0.318328	0.0167893	0.0167893	0	0.335117
0	-2.54692	0	115.401	0	0	0	0	0	4.0715	3.26089	150.796	220.362	0.324391	0.0162123	0.0162123	0	0.340604
0	-1.05521	0	-205.423	0	0	0	0	0	4.3731	3.55408	150.796	99.2157	0.330455	0.0163803	0.0163803	0	0.346835
0	-1.59772	0	-52.1936	0	0	0	0	0	4.52389	3.61687	150.796	114.539	0.333486	0.0181404	0.0181404	0	0.351627
0	-0.657124	0	-18.6747	0	0	0	0	0	4.82549	3.94146	150.796	126.031	0.33955	0.0176805	0.0176805	0	0.35723
0	-3.61075	0	-68.953	0	0	0	0	0	5.12708	4.33469	150.796	212.94	0.345613	0.0158478	0.0158478	0	0.361461
0	-3.76606	0	165.679	0	0	0	0	0	5.42867	4.78539	150.796	161.226	0.351676	0.0128656	0.0128656	0	0.364542
0	-5.70372	0	764.229	0	0	0	0	0	5.73026	5.07805	150.796	179.421	0.35774	0.0130442	0.0130442	0	0.370784
0	-5.45336	0	-219.788	0	0	0	0	0	6.03186	5.53514	150.796	154.282	0.360772	0.00691844	0.00691844	0	0.36769
0	-2.78034	0	170.467	0	0	0	0	0	6.33345	6.04118	150.796	201.927	0.369867	0.00584544	0.00584544	0	0.375712
0	-1.64709	0	328.484	0	0	0	0	0	6.63504	6.32213	150.796	161.704	0.372898	0.00324224	0.00324224	0	0.37614
0	-0.661076	0	-784.819	0	0	0	0	0	6.93663	6.93087	150.796	208.87	0.381993	0.00011528	0.00011528	0	0.382109
0	-1.74108	0	53.1512	0	0	0	0	0	7.23822	7.26344	150.796	174.872	0.388057	-0.000504274	-0.000504274	0	0.387552
0	-4.62509	0	-370.622	0	0	0	0	0	7.53982	7.70296	150.796	117.651	0.39412	-0.00326293	-0.00326293	0	0.390857
0	-3.6854	0	98.6411	0	0	0	0	0	7.84141	8.11642	150.796	245.98	0.400183	-0.00550012	-0.00550012	0	0.394683
0	-3.14571	0	309.331	0	0	0	0	0	8.143	8.61022	150.796	175.591	0.406247	-0.00934427	-0.00934427	0	0.396903
0	-2.80705	0	-1364.22	0	0	0	0	0	8.44459	8.94598	150.796	191.632	0.41231	-0.0100277	-0.0100277	0	0.402283
0	-9.23175	0	-80.9241	0	0	0	0	0	8.74619	9.51055	150.796	223.714	0.415342	-0.0183032	-0.0183032	0	0.397039
0	-6.65887	0	-1330.7	0	0	0	0	0	9.04778	9.95593	150.796	149.494	0.424437	-0.018163	-0.018163	0	0.406274
0	-4.21403	0	-622.014	0	0	0	0	0	9.34937	10.2246	150.796	118.848	0.427469	-0.0205214	-0.0205214	0	0.406947
0	0.529347	0	-262.883	0	0	-0	0	0	9.65097	10.7264	150.796	244.304	0.436564	-0.0215092	-0.0215092	0	0.415055
0	5.94642	0	-420.901	0	0	-0	0	0	9.95256	11.1612	150.796	142.79	0.442627	-0.0241721	-0.0241721	0	0.418455
0	13.2593	0	-792.002	0	0	-0	0	0	10.2542	11.6385	150.796	183.252	0.448691	-0.0276863	-0.0276863	0	0.421004
0	13.6677	0	-313.162	0	0	-0	0	0	10.5557	12.0376	150.796	201.448	0.454754	-0.0296361	-0.0296361	0	0.425118
0	18.3133	0	-219.788	0	0	-0	0	0	10.8573	12.5271	150.796	202.166	0.460817	-0.0333951	-0.0333951	0	0.427422
0	12.8535	0	-519.063	0	0	-0	0	0	11.1589	13.023	150.796	202.406	0.466881	-0.0372818	-0.0372818	0	0.429599
0	10.2813	0	-679.474	0	0	-0	0	0	11.4605	13.2673	150.796	305.117	0.469912	-0.0391507	-0.0391507	0	0.430762
0	6.62531	0	-468.785	0	0	-0	0	0	11.7621	13.9388	150.796	180.14	0.479008	-0.0435334	-0.0435334	0	0.435474
0	10.7827	0	-559.764	0	0	-0	0	0	12.0428	14.0489	125.664	171.042	0.465803	-0.0427874	-0.0427874	-0	0.423016
0	11.8775	0	-310.767	0	0	-0	0	0	12.3519	14.9706	80.4248	183.97	0.377682	-0.052373	-0.052373	-0	0.325309
0	14.7232	0	-813.55	0	0	-0	0	0	12.4826	15.1717	50.2654	113.581	0.354893	-0.0549381	-0.0549381	-0	0.299955
0	15.5473	0	180.044	0	-0	-0	-0	0	12.553	15.2079	20.1061	75.992	0.28471	-0.0530983	-0.0530983	-0	0.231611
0	12.1729	0	-595.677	0	0	-0	-0	0	12.5664	15.2606	0	47.7404	0.260709	-0.0539005	-0.0539005	-0	0.206808
0	2.74473	0	-126.414	0	0	-0	-0	0	12.5664	15.1201	0	-65.2659	0.252641	-0.0510742	-0.0510742	-0	0.201567
0	7.24415	0	-499.909	0	0	-0	-0	0	12.5664	14.8599	0	-101.179	0.252641	-0.0458702	-0.0458702	-0	0.206771
0	20.2425	0	-444.843	0	0	-0	-0	0	12.5664	14.7577	0	-20.9732	0.252641	-0.0438268	-0.0438268	-0	0.208814
0	28.7636	0	-533.428	0	0	-0	-0	0	12.5664	14.8189	0	-5.88974	0.252641	-0.0450507	-0.0450507	-0	0.20759
0	35.8651	0	-1352.25	0	0	-0	-0	0	12.5664	14.6688	0	-39.8874	0.252641	-0.0420496	-0.0420496	-0	0.210592
0	28.7924	0	67.5165	0	-0	-0	-0	0	12.5664	14.605	0	19.2494	0.252641	-0.0407725	-0.0407725	-0	0.211869
0	29.1385	0	-42.6168	0	0	-0	-0	0	12.5664	14.5752	0	-20.0155	0.252641	-0.0401765	-0.0401765	-0	0.212465
0	22.1203	0	-782.425	0	0	-0	-0	0	12.5664	14.3959	0	-40.8451	0.252641	-0.0365901	-0.0365901	-0	0.216051
0	23.6881	0	-509.486	0	0	-0	-0	0	12.5664	14.2953	0	-37.0144	0.252641	-0.0345787	-0.0345787	-0	0.218062
0	42.8388	0	-519.063	0	0	-0	-0	0	12.5664	14.1671	0	-56.6468	0.252641	-0.0320139	-0.0320139	-0	0.220627
0	42.6403	0	-1120.01	0	0	-0	-0	0	12.5664	14.0612	0	-33.9019	0.252641	-0.0298961	-0.0298961	-0	0.222745
0	44.9229	0	223.14	0	-0	-0	-0	0	12.5664	14.0638	0	58.7537	0.252641	-0.0299493	-0.0299493	-0	0.222692
0	36.5112	0	-830.309	0	0	-0	-0	0	12.5664	14.0298	0	-109.798	0.252641	-0.0292682	-0.0292682	-0	0.223373
0	36.1848	0	-126.414	0	0	-0	-0	0	12.5664	13.9101	0	-35.5778	0.252641	-0.0268737	-0.0268737	-0	0.225767
0	42.3608	0	-6.70377	0	0	-0	-0	0	12.5664	13.9292	0	7.99663	0.252641	-0.0272568	-0.0272568	-0	0.225384
0	42.4793	0	-938.048	0	0	-0	-0	0	12.5664	13.9159	0	-85.1378	0.252641	-0.0269908	-0.0269908	-0	0.22565
0	46.7143	0	-435.266	0	0	-0	-0	0	12.5664	13.7579	0	10.1514	0.252641	-0.02383	-0.02383	-0	0.228811
0	46.2892	0	555.934	0	-0	-0	-0	0	12.5664	13.7866	0	15.8975	0.252641	-0.0244047	-0.0244047	-0	0.228236
0	42.3896	0	-1627.58	0	0	-0	-0	0	12.5664	13.7643	0	-41.0845	0.252641	-0.0239577	-0.0239577	-0	0.228683
0	36.9216	0	-748.906	0	0	-0	-0	0	12.5664	13.653	0	26.6714	0.252641	-0.0217335	-0.0217335	-0	0.230908
0	46.1464	0	-954.808	0	0	-0	-0	0	12.5664	13.6461	0	-51.3796	0.252641	-0.0215952	-0.0215952	-0	0.231046
0	46.0888	0	-550.188	0	0	-0	-0	0	12.5664	13.6695	0	17.8129	0.252641	-0.0220634	-0.0220634	-0	0.230578
0	58.6469	0	115.401	0	-0	-0	-0	0	12.5664	13.5557	0	-14.2694	0.252641	-0.019786	-0.019786	-0	0.232855
0	56.367	0	-885.376	0	0	-0	-0	0	12.5664	13.5977	0	-15.2271	0.252641	-0.0206267	-0.0206267	-0	0.232014
0	60.1242	0	-1390.55	0	0	-0	-0	0	12.5664	13.5823	0	-65.7448	0.252641	-0.0203181	-0.0203181	-0	0.232323
0	54.9743	0	271.024	0	-0	-0	-0	0	12.5664	13.4876	0	-15.4665	0.252641	-0.0184238	-0.0184238	-0	0.234217
0	54.9485	0	5.26724	0	-0	-0	-0	0	12.5664	13.4673	0	-42.0422	0.252641	-0.0180194	-0.0180194	-0	0.234622
0	60.231	0	-780.031	0	0	-0	-0	0	12.5664	13.4679	0	39.8395	0.252641	-0.01803	-0.01803	-0	0.234611
0	62.2875	0	-736.935	0	0	-0	-0	0	12.5664	13.3503	0	-45.8729	0.252641	-0.0156781	-0.0156781	-0	0.236963
0	64.4346	0	-140.779	0	0	-0	-0	0	12.5664	13.2172	0	-24.0857	0.252641	-0.0130175	-0.0130175	-0	0.239624
0	57.5554	0	488.896	0	-0	-0	-0	0	12.5664	13.3465	0	24.0378	0.252641	-0.0156036	-0.0156036	-0	0.237038
0	57.0575	0	-1476.74	0	0	-0	-0	0	12.5664	13.213	0	-49.4642	0.252641	-0.0129323	-0.0129323	-0	0.239709
0	63.0167	0	-21.069	0	0	-0	-0	0	12.5664	13.188	0	11.3485	0.252641	-0.0124322	-0.0124322	-0	0.240209
0	66.192	0	-78.5298	0	0	-0	-0	0	12.5664	13.2008	0	5.60243	0.252641	-0.0126876	-0.0126876	-0	0.239954
0	63.6302	0	-863.828	0	0	-0	-0	0	12.5664	13.1172	0	4.64475	0.252641	-0.0110167	-0.0110167	-0	0.241624
0	62.5789	0	-777.637	0	0	-0	-0	0	12.5664	13.0576	0	-67.6601	0.252641	-0.00982483	-0.00982483	-0	0.242816
0	61.7549	0	-586.101	0	0	-0	-0	0	12.5664	13.1279	0	-74.3639	0.252641	-0.0112296	-0.0112296	-0	0.241412
0	59.6451	0	-885.376	0	0	-0	-0	0	12.5664	13.031	0	46.0644	0.252641	-0.00929272	-0.00929272	-0	0.243348
0	66.1718	0	41.1803	0	-0	-0	-0	0	12.5664	13.0087	0	-52.8161	0.252641	-0.00884573	-0.00884573	-0	0.243795
0	65.5649	0	-1716.16	0	0	-0	-0	0	12.5664	13.0416	0	24.756	0.252641	-0.00950556	-0.00950556	-0	0.243136
0	71.2324	0	211.169	0	-0	-0	-0	0	12.5664	12.9948	0	36.4876	0.252641	-0.00856905	-0.00856905	-0	0.244072
0	70.4691	0	-33.04	0	0	-0	-0	0	12.5664	12.9278	0	-30.55	0.252641	-0.00722811	-0.00722811	-0	0.245413
0	65.2662	0	-1462.38	0	0	-0	-0	0	12.5664	13.0315	0	104.722	0.252641	-0.00930334	-0.00930334	-0	0.243338
0	65.5948	0	67.5165	0	-0	-0	-0	0	12.5664	13.0055	0	-28.6347	0.252641	-0.00878187	-0.00878187	-0	0.243859
0	65.6226	0	-985.932	0	0	-0	-0	0	12.5664	12.9342	0	-20.0155	0.252641	-0.00735582	-0.00735582	-0	0.245285
0	77.897	0	-80.924	0	0	-0	-0	0	12.5664	12.998	0	87.7236	0.252641	-0.00863289	-0.00863289	-0	0.244008
0	72.5352	0	-1369	0	0	-0	-0	0	12.5664	13.0166	0	-126.318	0.252641	-0.00900537	-0.00900537	-0	0.243636
0	71.4748	0	-1146.34	0	0	-0	-0	0	12.5664	12.899	0	95.6244	0.252641	-0.00665342	-0.00665342	-0	0.245988
0	62.6878	0	1034.77	0	-0	-0	-0	0	12.5664	12.9241	0	3.92649	0.252641	-0.00715363	-0.00715363	-0	0.245488
0	55.9325	0	-1701.8	0	0	-0	-0	0	12.5664	12.9735	0	-59.9987	0.252641	-0.00814337	-0.00814337	-0	0.244498
0	56.1125	0	-679.474	0	0	-0	-0	0	12.5664	12.9709	0	17.8129	0.252641	-0.00809013	-0.00809013	-0	0.244551
0	71.0489	0	-641.167	0	0	-0	-0	0	12.5664	12.9352	0	-8.52336	0.252641	-0.00737711	-0.00737711	-0	0.245264
0	83.6685	0	-825.521	0	0	-0	-0	0	12.5664	12.8772	0	120.524	0.252641	-0.0062171	-0.0062171	-0	0.246424
0	86.1162	0	338.061	0	-0	-0	-0	0	12.5664	12.898	0	77.9073	0.252641	-0.00663216	-0.00663216	-0	0.246009
0	74.6139	0	-1376.19	0	0	-0	-0	0	12.5664	12.9517	0	-33.1836	0.252641	-0.00770702	-0.00770702	-0	0.244934
0	78.6709	0	-35.4342	0	0	-0	-0	0	12.5664	12.9507	0	49.6557	0.252641	-0.00768574	-0.00768574	-0	0.244955
0	78.0605	0	-387.382	0	0	-0	-0	0	12.5664	13.0262	0	23.0801	0.252641	-0.00919691	-0.00919691	-0	0.243444
0	77.3512	0	-626.802	0	0	-0	-0	0	12.5664	13.031	0	-0.861911	0.252641	-0.0092927	-0.0092927	-0	0.243348
0	76.1247	0	-633.985	0	0	-0	-0	0	12.5664	12.9954	0	34.8117	0.252641	-0.00857967	-0.00857967	-0	0.244061
0	79.0574	0	-961.99	0	0	-0	-0	0	12.5664	13.1012	0	43.1914	0.252641	-0.0106975	-0.0106975	-0	0.241944
0	79.1091	0	-813.55	0	0	-0	-0	0	12.5664	13.0965	0	58.0354	0.252641	-0.0106017	-0.0106017	-0	0.242039
0	76.7099	0	-2393.72	0	0	-0	-0	0	12.5664	13.1199	0	32.6569	0.252641	-0.01107	-0.01107	-0	0.241571
0	83.3562	0	-1754.47	0	0	-0	-0	0	12.5664	13.1603	0	96.5821	0.252641	-0.0118788	-0.0118788	-0	0.240762
0	81.2139	0	-966.779	0	0	-0	-0	0	12.5664	13.0917	0	-61.1958	0.252641	-0.0105059	-0.0105059	-0	0.242135
0	81.7647	0	-1203.8	0	0	-0	-0	0	12.5664	13.0172	0	-27.4376	0.252641	-0.00901602	-0.00901602	-0	0.243625
0	80.3193	0	98.6411	0	-0	-0	-0	0	12.5664	13.2114	0	132.974	0.252641	-0.0129004	-0.0129004	-0	0.239741
0	68.9502	0	-1955.58	0	0	-0	-0	0	12.5664	13.1481	0	-36.5355	0.252641	-0.011634	-0.011634	-0	0.241007
0	79.3059	0	934.218	0	-0	-0	-0	0	12.5664	13.2141	0	34.0934	0.252641	-0.0129536	-0.0129536	-0	0.239688
0	75.9315	0	-2166.27	0	0	-0	-0	0	12.5664	13.2343	0	-29.8318	0.252641	-0.0133581	-0.0133581	-0	0.239283
0	83.9969	0	-1912.49	0	0	-0	-0	0	12.5664	13.2199	0	-4.45322	0.252641	-0.0130707	-0.0130707	-0	0.23957
0	75.9989	0	-1014.66	0	0	-0	-0	0	12.5664	13.1688	0	-93.2781	0.252641	-0.012049	-0.012049	-0	0.240592
0	73.9511	0	-796.79	0	0	-0	-0	0	12.5664	13.1678	0	-71.4909	0.252641	-0.0120278	-0.0120278	-0	0.240613
0	71.145	0	-586.101	0	0	-0	-0	0	12.5664	13.1167	0	47.7404	0.252641	-0.0110061	-0.0110061	-0	0.241635
0	84.094	0	-1256.48	0	0	-0	-0	0	12.5664	13.1827	0	29.0656	0.252641	-0.0123258	-0.0123258	-0	0.240315
0	91.603	0	-1215.78	0	0	-0	-0	0	12.5664	13.1784	0	-28.1558	0.252641	-0.0122406	-0.0122406	-0	0.240401
0	93.6003	0	-677.08	0	0	-0	-0	0	12.5664	13.1268	0	-14.9877	0.252641	-0.0112083	-0.0112083	-0	0.241433
0	90.3788	0	-586.101	0	0	-0	-0	0	12.5664	13.0981	0	63.0633	0.252641	-0.0106336	-0.0106336	-0	0.242007
0	97.3115	0	-1323.51	0	0	-0	-0	0	12.5664	13.1513	0	-23.6068	0.252641	-0.0116979	-0.0116979	-0	0.240943
0	91.0582	0	-327.527	0	0	-0	-0	0	12.5664	13.0853	0	-40.3662	0.252641	-0.0103782	-0.0103782	-0	0.242263
0	95.7164	0	-1364.22	0	0	-0	-0	0	12.5664	13.1209	0	-0.861914	0.252641	-0.0110913	-0.0110913	-0	0.24155
0	93.6431	0	-650.744	0	0	-0	-0	0	12.5664	13.0805	0	51.3317	0.252641	-0.0102825	-0.0102825	-0	0.242359
0	95.4043	0	-684.263	0	0	-0	-0	0	12.5664	13.1172	0	-44.9152	0.252641	-0.0110168	-0.0110168	-0	0.241624
0	80.3573	0	-566.947	0	0	-0	-0	0	12.5664	13.1374	0	48.6981	0.252641	-0.0114212	-0.0114212	-0	0.24122
0	84.4871	0	-1191.83	0	0	-0	-0	0	12.5664	13.023	0	-68.8572	0.252641	-0.00913309	-0.00913309	-0	0.243508
0	89.6324	0	-763.271	0	0	-0	-0	0	12.5664	13.0672	0	21.883	0.252641	-0.0100164	-0.0100164	-0	0.242625
0	99.1877	0	-447.237	0	0	-0	-0	0	12.5664	12.9139	0	-88.2503	0.252641	-0.00695141	-0.00695141	-0	0.24569
0	95.2279	0	-346.68	0	0	-0	-0	0	12.5664	12.8171	0	-14.03	0.252641	-0.00501452	-0.00501452	-0	0.247627
0	96.7361	0	-1000.3	0	0	-0	-0	0	12.5664	12.815	0	-26.7193	0.252641	-0.00497194	-0.00497194	-0	0.247669
0	97.0998	0	-674.686	0	0	-0	-0	0	12.5664	12.7767	0	10.6303	0.252641	-0.00420572	-0.00420572	-0	0.248435
0	96.3395	0	-102.472	0	0	-0	-0	0	12.5664	12.7777	0	60.1902	0.252641	-0.00422701	-0.00422701	-0	0.248414
0	97.9803	0	-552.582	0	0	-0	-0	0	12.5664	12.8267	0	-27.9164	0.252641	-0.00520609	-0.00520609	-0	0.247435
0	95.6971	0	-815.944	0	0	-0	-0	0	12.5664	12.7884	0	-50.9007	0.252641	-0.00443985	-0.00443985	-0	0.248201
0	95.5492	0	-775.242	0	0	-0	-0	0	12.5664	12.766	0	-46.8306	0.252641	-0.00399286	-0.00399286	-0	0.248648
0	90.2915	0	-104.866	0	0	-0	-0	0	12.5664	12.7639	0	68.0911	0.252641	-0.00395029	-0.00395029	-0	0.248691
0	84.93	0	-1218.17	0	0	-0	-0	0	12.5664	12.7442	0	-43.2393	0.252641	-0.00355654	-0.00355654	-0	0.249085
0	94.5292	0	134.554	0	-0	-0	-0	0	12.5664	12.6325	0	2.01113	0.252641	-0.00132166	-0.00132166	-0	0.251319
0	98.7017	0	-1730.53	0	0	-0	-0	0	12.5664	12.6298	0	10.8697	0.252641	-0.00126844	-0.00126844	-0	0.251373
0	100.165	0	-930.866	0	0	-0	-0	0	12.5664	12.6495	0	28.1079	0.252641	-0.00166224	-0.00166224	-0	0.250979
0	102.236	0	-114.443	0	0	-0	-0	0	12.5664	12.7548	0	2.96881	0.252641	-0.0037694	-0.0037694	-0	0.248872
0	96.9873	0	-988.327	0	0	-0	-0	0	12.5664	12.6011	0	-50.4219	0.252641	-0.00069376	-0.00069376	-0	0.251947
0	103.041	0	206.38	0	-0	-0	-0	0	12.5664	12.6851	0	83.414	0.252641	-0.00237524	-0.00237524	-0	0.250266
0	104.845	0	-969.173	0	0	-0	-0	0	12.5664	12.7133	0	-34.1413	0.252641	-0.0029393	-0.0029393	-0	0.249702
0	97.4815	0	-243.73	0	0	-0	-0	0	12.5664	12.4749	0	52.2894	0.252641	0.00182842	0.00182842	-0	0.25447
0	101.544	0	192.015	0	-0	-0	-0	0	12.5664	12.4845	0	95.8638	0.252641	0.00163687	0.00163687	-0	0.254278
0	96.9344	0	-2036.99	0	0	-0	-0	0	12.5664	12.4792	0	-24.5645	0.252641	0.0017433	0.0017433	-0	0.254384
0	100.8	0	-356.257	0	0	-0	-0	0	12.5664	12.318	0	-30.7894	0.252641	0.0049679	0.0049679	-0	0.257609
0	111.809	0	-303.585	0	0	-0	-0	0	12.5664	12.4334	0	110.468	0.252641	0.00265854	0.00265854	-0	0.2553
0	108.094	0	-2156.7	0	0	-0	-0	0	12.5664	12.4398	0	-62.3929	0.252641	0.00253084	0.00253084	-0	0.255172
0	104.299	0	-229.365	0	0	-0	-0	0	12.5664	12.4388	0	24.0378	0.252641	0.00255209	0.00255209	-0	0.255193
0	100.176	0	-1673.07	0	0	-0	-0	0	12.5664	12.5308	0	40.0789	0.252641	0.000711002	0.000711002	-0	0.253352
0	99.1936	0	-1673.07	0	0	-0	-0	0	12.5664	12.5292	0	40.0789	0.252641	0.000742931	0.000742931	-0	0.253384
0	104.173	0	0.478836	0	-0	-0	-0	0	12.5664	12.4898	0	22.1224	0.252641	0.00153046	0.00153046	-0	0.254172
0	110.065	0	0.478836	0	-0	-0	-0	0	12.5664	12.4968	0	22.1224	0.252641	0.00139212	0.00139212	-0	0.254033
0	101.194	0	-712.993	0	0	-0	-0	0	12.5664	12.3382	0	-13.7906	0.252641	0.0045635	0.0045635	-0	0.257205
0	99.298	0	136.948	0	-0	-0	-0	0	12.5664	12.5298	0	96.1033	0.252641	0.000732288	0.000732288	-0	0.253373
0	95.9858	0	-1321.12	0	0	-0	-0	0	12.5664	12.6197	0	25.4743	0.252641	-0.00106627	-0.00106627	-0	0.251575
0	101.067	0	-1294.78	0	0	-0	-0	0	12.5664	12.451	0	-86.3349	0.252641	0.00230736	0.00230736	-0	0.254948
0	112.947	0	-1270.84	0	0	-0	-0	0	12.5664	12.4792	0	-14.9877	0.252641	0.0017433	0.0017433	-0	0.254384
0	118.013	0	-1112.82	0	0	-0	-0	0	12.5664	12.4058	0	37.6847	0.252641	0.00321192	0.00321192	-0	0.255853
0	119.706	0	-1112.82	0	0	-0	-0	0	12.5664	12.4148	0	37.6847	0.252641	0.00303101	0.00303101	-0	0.255672
0	111.225	0	-1843.06	0	0	-0	-0	0	12.5664	12.6053	0	25.9531	0.252641	-0.000778904	-0.000778904	-0	0.251862
0	112.624	0	-1847.84	0	0	-0	-0	0	12.5664	12.5718	0	25.4743	0.252641	-0.000108471	-0.000108471	-0	0.252533
0	108.574	0	385.945	0	-0	-0	-0	0	12.5664	12.6341	0	102.807	0.252641	-0.00135359	-0.00135359	-0	0.251288
0	105.376	0	-2518.22	0	0	-0	-0	0	12.5664	12.6298	0	2.48997	0.252641	-0.00126844	-0.00126844	-0	0.251373
0	113.964	0	-308.373	0	0	-0	-0	0	12.5664	12.4425	0	-73.8851	0.252641	0.00247763	0.00247763	-0	0.255119
0	106.837	0	-9.09798	0	0	-0	-0	0	12.5664	12.5819	0	49.8952	0.252641	-0.00031065	-0.00031065	-0	0.25233
0	104.654	0	-2587.65	0	0	-0	-0	0	12.5664	12.5079	0	-31.2683	0.252641	0.00116861	0.00116861	-0	0.25381
0	117.874	0	694.797	0	-0	-0	-0	0	12.5664	12.5367	0	54.2047	0.252641	0.000593929	0.000593929	-0	0.253235
0	121.708	0	-605.254	0	0	-0	-0	0	12.5664	12.5154	0	-75.8004	0.252641	0.00101963	0.00101963	-0	0.253661
0	115.139	0	-614.831	0	0	-0	-0	0	12.5664	12.5202	0	-20.2549	0.252641	0.000923843	0.000923843	-0	0.253565
0	114.656	0	400.311	0	-0	-0	-0	0	12.5664	12.5862	0	81.2592	0.252641	-0.000395794	-0.000395794	-0	0.252245
0	115.925	0	-1591.67	0	0	-0	-0	0	12.5664	12.617	0	31.9387	0.252641	-0.00101305	-0.00101305	-0	0.251628
0	124.146	0	-286.825	0	0	-0	-0	0	12.5664	12.6835	0	-7.56568	0.252641	-0.00234331	-0.00234331	-0	0.250298
0	115.91	0	-1969.95	0	0	-0	-0	0	12.5664	12.6176	0	-54.7315	0.252641	-0.00102369	-0.00102369	-0	0.251617
0	113.999	0	-461.602	0	0	-0	-0	0	12.5664	12.5478	0	34.8117	0.252641	0.000370426	0.000370426	-0	0.253012
0	105.193	0	-1064.94	0	0	-0	-0	0	12.5664	12.7378	0	18.0523	0.252641	-0.00342882	-0.00342882	-0	0.249212
0	102.589	0	-2163.88	0	0	-0	-0	0	12.5664	12.7096	0	9.67257	0.252641	-0.00286478	-0.00286478	-0	0.249776
0	107.616	0	-401.747	0	0	-0	-0	0	12.5664	12.6867	0	10.6303	0.252641	-0.00240719	-0.00240719	-0	0.250234
0	113.947	0	-1979.53	0	0	-0	-0	0	12.5664	12.8139	0	-60.4775	0.252641	-0.00495068	-0.00495068	-0	0.24769
0	110.843	0	-2470.34	0	0	-0	-0	0	12.5664	12.7612	0	-6.12915	0.252641	-0.00389711	-0.00389711	-0	0.248744
0	115.823	0	-176.692	0	0	-0	-0	0	12.5664	12.6787	0	13.5033	0.252641	-0.00224754	-0.00224754	-0	0.250394
0	110.715	0	-2051.35	0	0	-0	-0	0	12.5664	12.732	0	-88.7291	0.252641	-0.00331179	-0.00331179	-0	0.249329
0	111.817	0	-205.423	0	0	-0	-0	0	12.5664	12.757	0	115.975	0.252641	-0.00381197	-0.00381197	-0	0.248829
0	119.646	0	-1694.62	0	0	-0	-0	0	12.5664	12.791	0	-21.9309	0.252641	-0.00449306	-0.00449306	-0	0.248148
0	116.577	0	-1108.04	0	0	-0	-0	0	12.5664	12.766	0	44.8673	0.252641	-0.00399286	-0.00399286	-0	0.248648
0	115.95	0	-207.817	0	0	-0	-0	0	12.5664	12.8219	0	29.5444	0.252641	-0.00511032	-0.00511032	-0	0.247531
0	110.565	0	-2065.72	0	0	-0	-0	0	12.5664	12.799	0	-15.4665	0.252641	-0.00465269	-0.00465269	-0	0.247988
0	128.094	0	491.29	0	-0	-0	-0	0	12.5664	12.8198	0	48.2192	0.252641	-0.00506773	-0.00506773	-0	0.247573
0	126.687	0	-1373.79	0	0	-0	-0	0	12.5664	12.84	0	25.9531	0.252641	-0.00547213	-0.00547213	-0	0.247169
0	128.029	0	-662.715	0	0	-0	-0	0	12.5664	12.7016	0	2.25055	0.252641	-0.00270515	-0.00270515	-0	0.249936
0	119.748	0	-1519.84	0	0	-0	-0	0	12.5664	12.7724	0	-15.9454	0.252641	-0.00412058	-0.00412058	-0	0.248521
0	121.064	0	-1290	0	0	-0	-0	0	12.5664	12.7213	0	22.8407	0.252641	-0.00309893	-0.00309893	-0	0.249542
0	129.971	0	43.5745	0	-0	-0	-0	0	12.5664	12.7378	0	29.305	0.252641	-0.00342882	-0.00342882	-0	0.249212
0	133.718	0	-1517.45	0	0	-0	-0	0	12.5664	12.8368	0	2.96881	0.252641	-0.00540831	-0.00540831	-0	0.247233
0	122.605	0	-660.321	0	0	-0	-0	0	12.5664	12.642	0	-22.4097	0.252641	-0.00151323	-0.00151323	-0	0.251128
0	125.713	0	256.658	0	-0	-0	-0	0	12.5664	12.6325	0	-17.3819	0.252641	-0.00132166	-0.00132166	-0	0.251319
0	113.45	0	-1876.58	0	0	-0	-0	0	12.5664	12.608	0	-66.9419	0.252641	-0.000832119	-0.000832119	-0	0.251809
0	116.829	0	-1792.78	0	0	-0	-0	0	12.5664	12.5681	0	-48.5065	0.252641	-3.39699e-05	-3.39699e-05	-0	0.252607
0	124.853	0	-1395.34	0	0	-0	-0	0	12.5664	12.525	0	-6.36857	0.252641	0.000828075	0.000828075	-0	0.253469
0	127.288	0	-1807.14	0	0	-0	-0	0	12.5664	12.5149	0	-21.6915	0.252641	0.00103025	0.00103025	-0	0.253671
0	125.877	0	-195.846	0	0	-0	-0	0	12.5664	12.5665	0	66.6546	0.252641	-2.04086e-06	-2.04086e-06	-0	0.252639
0	118.395	0	-1519.84	0	0	-0	-0	0	12.5664	12.5723	0	-55.6891	0.252641	-0.000119095	-0.000119095	-0	0.252522
0	124.774	0	448.195	0	-0	-0	-0	0	12.5664	12.6266	0	37.2059	0.252641	-0.00120459	-0.00120459	-0	0.251437
0	126	0	-1967.55	0	0	-0	-0	0	12.5664	12.6952	0	43.1914	0.252641	-0.00257746	-0.00257746	-0	0.250064
0	129.498	0	-2180.64	0	0	-0	-0	0	12.5664	12.6729	0	27.1502	0.252641	-0.00213049	-0.00213049	-0	0.250511
0	119.668	0	-1677.86	0	0	-0	-0	0	12.5664	12.683	0	43.4308	0.252641	-0.00233269	-0.00233269	-0	0.250308
0	123.751	0	-2357.81	0	0	-0	-0	0	12.5664	12.6505	0	-24.5645	0.252641	-0.0016835	-0.0016835	-0	0.250958
0	129.343	0	498.473	0	-0	-0	-0	0	12.5664	12.4936	0	34.5723	0.252641	0.00145597	0.00145597	-0	0.254097
0	133.974	0	-2422.45	0	0	-0	-0	0	12.5664	12.4499	0	-81.7859	0.252641	0.00232862	0.00232862	-0	0.25497
0	128.744	0	-830.309	0	0	-0	-0	0	12.5664	12.3212	0	-14.03	0.252641	0.00490406	0.00490406	-0	0.257545
0	121.631	0	-238.941	0	0	-0	-0	0	12.5664	12.368	0	25.9531	0.252641	0.00396753	0.00396753	-0	0.256609
0	126.989	0	-1309.15	0	0	-0	-0	0	12.5664	12.3701	0	-47.07	0.252641	0.00392498	0.00392498	-0	0.256566
0	129.962	0	168.073	0	-0	-0	-0	0	12.5664	12.4021	0	77.1891	0.252641	0.00328642	0.00328642	-0	0.255928
0	137.764	0	-107.26	0	0	-0	-0	0	12.5664	12.4068	0	49.6557	0.252641	0.00319063	0.00319063	-0	0.255832
0	131.167	0	-212.605	0	0	-0	-0	0	12.5664	12.3201	0	6.08127	0.252641	0.00492535	0.00492535	-0	0.257566
0	132.027	0	247.082	0	-0	-0	-0	0	12.5664	12.3547	0	52.0499	0.252641	0.00423359	0.00423359	-0	0.256875
0	124.133	0	-1608.42	0	0	-0	-0	0	12.5664	12.2642	0	3.44765	0.252641	0.00604277	0.00604277	-0	0.258684
0	132.549	0	-2070.51	0	0	-0	-0	0	12.5664	12.352	0	-34.6202	0.252641	0.00428679	0.00428679	-0	0.256928
0	136.335	0	-210.211	0	0	-0	-0	0	12.5664	12.2674	0	9.19374	0.252641	0.00597891	0.00597891	-0	0.25862
0	134.687	0	-286.825	0	0	-0	-0	0	12.5664	12.377	0	75.2737	0.252641	0.00378664	0.00378664	-0	0.256428
0	137.016	0	-1957.98	0	0	-0	-0	0	12.5664	12.1722	0	-159.358	0.252641	0.00788387	0.00788387	-0	0.260525
0	139.332	0	455.377	0	-0	-0	-0	0	12.5664	12.0391	0	24.5166	0.252641	0.0105445	0.0105445	-0	0.263186
0	146.138	0	536.78	0	-0	-0	-0	0	12.5664	12.0705	0	32.6569	0.252641	0.00991655	0.00991655	-0	0.262558
0	133.815	0	-1555.75	0	0	-0	-0	0	12.5664	12.1243	0	-35.3384	0.252641	0.00884169	0.00884169	-0	0.261483
0	129.378	0	-564.553	0	0	-0	-0	0	12.5664	12.103	0	63.7815	0.252641	0.00926737	0.00926737	-0	0.261909
0	121.115	0	-1072.12	0	0	-0	-0	0	12.5664	12.0961	0	68.0911	0.252641	0.00940573	0.00940573	-0	0.262047
0	131.257	0	-1395.34	0	0	-0	-0	0	12.5664	12.0567	0	-84.8984	0.252641	0.0101932	0.0101932	-0	0.262834
0	140.794	0	-1246.9	0	0	-0	-0	0	12.5664	11.9827	0	79.8227	0.252641	0.0116725	0.0116725	-0	0.264314
0	136.214	0	-1448.01	0	0	-0	-0	0	12.5664	11.9157	0	-97.3482	0.252641	0.0130134	0.0130134	-0	0.265655
0	134.743	0	-181.48	0	0	-0	-0	0	12.5664	11.9934	0	59.472	0.252641	0.0114597	0.0114597	-0	0.264101
0	129.556	0	-1491.11	0	0	-0	-0	0	12.5664	11.9258	0	-10.1993	0.252641	0.0128112	0.0128112	-0	0.265452
0	132.195	0	-607.648	0	0	-0	-0	0	12.5664	11.9354	0	-9.95988	0.252641	0.0126197	0.0126197	-0	0.265261
0	132.896	0	-1661.1	0	0	-0	-0	0	12.5664	11.9955	0	-8.52336	0.252641	0.0114171	0.0114171	-0	0.264058
0	139.287	0	-1266.05	0	0	-0	-0	0	12.5664	11.9652	0	30.981	0.252641	0.0120237	0.0120237	-0	0.264665
0	131.601	0	-1239.72	0	0	-0	-0	0	12.5664	12.0785	0	25.4743	0.252641	0.00975691	0.00975691	-0	0.262398
0	128.303	0	-1737.71	0	0	-0	-0	0	12.5664	11.9694	0	-43.9575	0.252641	0.0119386	0.0119386	-0	0.26458
0	140.89	0	-633.985	0	0	-0	-0	0	12.5664	12.0243	0	93.2302	0.252641	0.0108424	0.0108424	-0	0.263484
0	139.845	0	-2025.02	0	0	-0	-0	0	12.5664	12.1174	0	-13.7906	0.252641	0.00898005	0.00898005	-0	0.261621
0	138.046	0	-250.912	0	0	-0	-0	0	12.5664	11.9556	0	-105.01	0.252641	0.0122153	0.0122153	-0	0.264856
0	140.421	0	-183.875	0	0	-0	-0	0	12.5664	12.0721	0	139.199	0.252641	0.00988462	0.00988462	-0	0.262526
0	140.554	0	-1603.64	0	0	-0	-0	0	12.5664	12.0636	0	-2.77727	0.252641	0.0100549	0.0100549	-0	0.262696
0	136.084	0	-243.73	0	0	-0	-0	0	12.5664	11.9657	0	79.1044	0.252641	0.0120131	0.0120131	-0	0.264654
0	134.953	0	-516.669	0	0	-0	-0	0	12.5664	11.9838	0	51.8105	0.252641	0.0116512	0.0116512	-0	0.264292
0	139.834	0	-803.973	0	0	-0	-0	0	12.5664	11.9508	0	17.8129	0.252641	0.0123111	0.0123111	-0	0.264952
0	133.725	0	-516.669	0	0	-0	-0	0	12.5664	12.07	0	17.334	0.252641	0.0099272	0.0099272	-0	0.262568
0	138.574	0	-2106.42	0	0	-0	-0	0	12.5664	11.9513	0	-41.5633	0.252641	0.0123004	0.0123004	-0	0.264942
0	150.846	0	77.0933	0	-0	-0	-0	0	12.5664	11.9673	0	-4.21379	0.252641	0.0119811	0.0119811	-0	0.264622
0	151.196	0	-2036.99	0	0	-0	-0	0	12.5664	11.9796	0	-9.24162	0.252641	0.0117364	0.0117364	-0	0.264378
0	147.769	0	-586.101	0	0	-0	-0	0	12.5664	11.9141	0	30.5021	0.252641	0.0130454	0.0130454	-0	0.265687
0	142.578	0	-765.666	0	0	-0	-0	0	12.5664	11.9827	0	35.0511	0.252641	0.0116725	0.0116725	-0	0.264314
0	140.802	0	-1086.49	0	0	-0	-0	0	12.5664	11.9428	0	1.05345	0.252641	0.0124707	0.0124707	-0	0.265112
0	136.869	0	-121.625	0	0	-0	-0	0	12.5664	11.9721	0	108.074	0.252641	0.0118854	0.0118854	-0	0.264526
0	140.549	0	-1534.2	0	0	-0	-0	0	12.5664	12.0572	0	3.20823	0.252641	0.0101826	0.0101826	-0	0.262824
0	141.883	0	-679.474	0	0	-0	-0	0	12.5664	12.054	0	37.9242	0.252641	0.0102464	0.0102464	-0	0.262888
0	132.753	0	-885.376	0	0	-0	-0	0	12.5664	12.144	0	-0.383072	0.252641	0.00844793	0.00844793	-0	0.261089
0	131.562	0	-1093.67	0	0	-0	-0	0	12.5664	12.1243	0	-7.8051	0.252641	0.00884169	0.00884169	-0	0.261483
0	140.578	0	-720.176	0	0	-0	-0	0	12.5664	12.1615	0	-7.32626	0.252641	0.00809671	0.00809671	-0	0.260738
0	137.669	0	-2539.77	0	0	-0	-0	0	12.5664	12.1371	0	43.4308	0.252641	0.00858627	0.00858627	-0	0.261227
0	139.901	0	79.4875	0	-0	-0	-0	0	12.5664	12.1908	0	38.1636	0.252641	0.00751139	0.00751139	-0	0.260153
0	141.258	0	-1993.89	0	0	-0	-0	0	12.5664	12.2376	0	-60.9564	0.252641	0.00657488	0.00657488	-0	0.259216
0	145.806	0	567.905	0	-0	-0	-0	0	12.5664	12.1589	0	108.553	0.252641	0.00814993	0.00814993	-0	0.260791
0	145.421	0	-1917.28	0	0	-0	-0	0	12.5664	12.3079	0	-51.8584	0.252641	0.00517012	0.00517012	-0	0.257811
0	141.328	0	-454.419	0	0	-0	-0	0	12.5664	12.2355	0	75.2737	0.252641	0.00661745	0.00661745	-0	0.259259
0	136.553	0	-712.993	0	0	-0	-0	0	12.5664	12.2637	0	-66.463	0.252641	0.00605341	0.00605341	-0	0.258695
0	133.435	0	-2453.58	0	0	-0	-0	0	12.5664	12.2312	0	-54.2526	0.252641	0.00670259	0.00670259	-0	0.259344
0	143.358	0	292.571	0	-0	-0	-0	0	12.5664	12.1796	0	66.6546	0.252641	0.00773489	0.00773489	-0	0.260376
0	146.876	0	-2111.21	0	0	-0	-0	0	12.5664	12.3547	0	56.1201	0.252641	0.00423357	0.00423357	-0	0.256875
0	139.554	0	-1977.13	0	0	-0	-0	0	12.5664	12.3605	0	-43.9575	0.252641	0.00411652	0.00411652	-0	0.256758
0	139.056	0	14.844	0	-0	-0	-0	0	12.5664	12.2903	0	18.7705	0.252641	0.0055213	0.0055213	-0	0.258162
0	134.426	0	-2015.44	0	0	-0	-0	0	12.5664	12.352	0	62.8239	0.252641	0.00428682	0.00428682	-0	0.256928
0	141.532	0	-387.382	0	0	-0	-0	0	12.5664	12.343	0	24.9955	0.252641	0.00446772	0.00446772	-0	0.257109
0	136.952	0	-1294.78	0	0	-0	-0	0	12.5664	12.2829	0	-59.5199	0.252641	0.00567028	0.00567028	-0	0.258311
0	129.734	0	-394.564	0	0	-0	-0	0	12.5664	12.1988	0	52.0499	0.252641	0.00735176	0.00735176	-0	0.259993
0	124.168	0	-1402.52	0	0	-0	-0	0	12.5664	12.4185	0	-19.5367	0.252641	0.00295652	0.00295652	-0	0.255598
0	125.872	0	-1558.15	0	0	-0	-0	0	12.5664	12.3451	0	20.4465	0.252641	0.00442514	0.00442514	-0	0.257066
0	124.672	0	-1328.3	0	0	-0	-0	0	12.5664	12.2472	0	-41.8028	0.252641	0.00638332	0.00638332	-0	0.259024
0	132.307	0	-2202.19	0	0	-0	-0	0	12.5664	12.2323	0	-34.8596	0.252641	0.00668131	0.00668131	-0	0.259322
0	137.84	0	429.041	0	-0	-0	-0	0	12.5664	12.2094	0	22.3618	0.252641	0.00713892	0.00713892	-0	0.25978
0	133.641	0	-1208.59	0	0	-0	-0	0	12.5664	12.2451	0	67.3728	0.252641	0.00642588	0.00642588	-0	0.259067
0	138.192	0	-396.959	0	0	-0	-0	0	12.5664	12.1339	0	24.5166	0.252641	0.00865011	0.00865011	-0	0.261291
0	136.714	0	637.336	0	-0	-0	-0	0	12.5664	12.3345	0	116.454	0.252641	0.004638	0.004638	-0	0.257279
0	130.927	0	-3818.27	0	0	-0	-0	0	12.5664	12.3334	0	-94.954	0.252641	0.00465929	0.00465929	-0	0.2573
0	132.936	0	828.873	0	-0	-0	-0	0	12.5664	12.1679	0	8.7149	0.252641	0.00796902	0.00796902	-0	0.26061
0	130.475	0	-2491.89	0	0	-0	-0	0	12.5664	12.2504	0	-46.1123	0.252641	0.00631948	0.00631948	-0	0.258961
0	128.228	0	-1953.19	0	0	-0	-0	0	12.5664	12.2701	0	-17.6213	0.252641	0.00592571	0.00592571	-0	0.258567
0	127.911	0	-598.072	0	0	-0	-0	0	12.5664	12.2648	0	-2.77727	0.252641	0.00603212	0.00603212	-0	0.258673
0	138.269	0	-1098.46	0	0	-0	-0	0	12.5664	12.1254	0	-27.4376	0.252641	0.0088204	0.0088204	-0	0.261462
0	134.103	0	-638.773	0	0	-0	-0	0	12.5664	12.2344	0	96.5821	0.252641	0.00663872	0.00663872	-0	0.25928
0	127.92	0	-1462.38	0	0	-0	-0	0	12.5664	12.2903	0	-13.5512	0.252641	0.0055213	0.0055213	-0	0.258162
0	130.127	0	-188.663	0	0	-0	-0	0	12.5664	12.2429	0	45.825	0.252641	0.00646847	0.00646847	-0	0.25911
0	130.52	0	-1811.93	0	0	-0	-0	0	12.5664	12.319	0	-12.5935	0.252641	0.00494661	0.00494661	-0	0.257588
0	130.374	0	115.401	0	-0	-0	-0	0	12.5664	12.2105	0	22.6013	0.252641	0.00711763	0.00711763	-0	0.259759
0	120.75	0	-1007.48	0	0	-0	-0	0	12.5664	12.2919	0	-27.9164	0.252641	0.00548937	0.00548937	-0	0.258131
0	116.061	0	-2125.57	0	0	-0	-0	0	12.5664	12.3153	0	38.8818	0.252641	0.00502111	0.00502111	-0	0.257662
0	114.477	0	-250.912	0	0	-0	-0	0	12.5664	12.2014	0	-35.5778	0.252641	0.00729855	0.00729855	-0	0.25994
0	133.676	0	-1601.24	0	0	-0	-0	0	12.5664	12.2791	0	-43.2393	0.252641	0.0057448	0.0057448	-0	0.258386
0	129.798	0	-1531.81	0	0	-0	-0	0	12.5664	12.3201	0	28.8262	0.252641	0.00492533	0.00492533	-0	0.257566
0	130.072	0	-880.587	0	0	-0	-0	0	12.5664	12.2978	0	-14.2694	0.252641	0.0053723	0.0053723	-0	0.258013
0	126.465	0	-2166.27	0	0	-0	-0	0	12.5664	12.3675	0	24.2772	0.252641	0.00397818	0.00397818	-0	0.256619
0	127.171	0	-150.356	0	0	-0	-0	0	12.5664	12.3824	0	102.328	0.252641	0.00368019	0.00368019	-0	0.256321
0	126.946	0	-1029.03	0	0	-0	-0	0	12.5664	12.4457	0	-22.8886	0.252641	0.00241377	0.00241377	-0	0.255055
0	125.188	0	-1278.02	0	0	-0	-0	0	12.5664	12.2956	0	-67.4207	0.252641	0.00541487	0.00541487	-0	0.258056
0	123.901	0	-157.538	0	0	-0	-0	0	12.5664	12.4936	0	119.327	0.252641	0.00145597	0.00145597	-0	0.254097
0	121.205	0	-1033.82	0	0	-0	-0	0	12.5664	12.5159	0	31.6992	0.252641	0.00100899	0.00100899	-0	0.25365
0	118.533	0	-1031.42	0	0	-0	-0	0	12.5664	12.3919	0	41.9943	0.252641	0.00348864	0.00348864	-0	0.25613
0	131.315	0	-1172.68	0	0	-0	-0	0	12.5664	12.3983	0	-11.3964	0.252641	0.00336092	0.00336092	-0	0.256002
0	131.449	0	-765.666	0	0	-0	-0	0	12.5664	12.3286	0	-19.0578	0.252641	0.00475506	0.00475506	-0	0.257396
0	126.755	0	-971.567	0	0	-0	-0	0	12.5664	12.409	0	23.5589	0.252641	0.00314808	0.00314808	-0	0.255789
0	119.505	0	-1498.29	0	0	-0	-0	0	12.5664	12.4052	0	28.3473	0.252641	0.00322258	0.00322258	-0	0.255864
0	124.716	0	-648.35	0	0	-0	-0	0	12.5664	12.4494	0	19.4888	0.252641	0.00233927	0.00233927	-0	0.25498
0	126.205	0	-1419.28	0	0	-0	-0	0	12.5664	12.5095	0	-22.1703	0.252641	0.00113668	0.00113668	-0	0.253778
0	123.595	0	-914.106	0	0	-0	-0	0	12.5664	12.4489	0	-2.29843	0.252641	0.00234991	0.00234991	-0	0.254991
0	128.456	0	-914.106	0	0	-0	-0	0	12.5664	12.4324	0	-2.29843	0.252641	0.00267981	0.00267981	-0	0.255321
0	118.06	0	-2063.32	0	0	-0	-0	0	12.5664	12.4436	0	11.5879	0.252641	0.00245634	0.00245634	-0	0.255097
0	121.713	0	-2063.32	0	0	-0	-0	0	12.5664	12.4191	0	11.5879	0.252641	0.00294588	0.00294588	-0	0.255587
0	131.271	0	-985.932	0	0	-0	-0	0	12.5664	12.3595	0	-45.3941	0.252641	0.00413782	0.00413782	-0	0.256779
0	135.089	0	-2831.86	0	0	-0	-0	0	12.5664	12.3536	0	-53.2949	0.252641	0.00425486	0.00425486	-0	0.256896
0	133.053	0	407.493	0	-0	-0	-0	0	12.5664	12.401	0	87.2447	0.252641	0.0033077	0.0033077	-0	0.255949
0	127.701	0	-1263.66	0	0	-0	-0	0	12.5664	12.4005	0	-74.1245	0.252641	0.00331835	0.00331835	-0	0.255959
0	135.498	0	-210.211	0	0	-0	-0	0	12.5664	12.3052	0	12.0668	0.252641	0.00522331	0.00522331	-0	0.257864
0	132.093	0	-33.04	0	0	-0	-0	0	12.5664	12.3696	0	52.2894	0.252641	0.00393562	0.00393562	-0	0.256577
0	126.869	0	-1620.4	0	0	-0	-0	0	12.5664	12.2685	0	-76.2793	0.252641	0.00595762	0.00595762	-0	0.258599
0	122.62	0	-373.017	0	0	-0	-0	0	12.5664	12.4116	0	45.1068	0.252641	0.00309486	0.00309486	-0	0.255736
0	114.539	0	-712.993	0	0	-0	-0	0	12.5664	12.4228	0	73.3583	0.252641	0.00287138	0.00287138	-0	0.255513
0	123.978	0	-315.556	0	0	-0	-0	0	12.5664	12.2653	0	-59.7593	0.252641	0.00602148	0.00602148	-0	0.258663
0	131.708	0	-873.405	0	0	-0	-0	0	12.5664	12.393	0	111.905	0.252641	0.00346735	0.00346735	-0	0.256108
0	131.452	0	-1352.25	0	0	-0	-0	0	12.5664	12.3409	0	-21.2126	0.252641	0.00451029	0.00451029	-0	0.257151
0	127.871	0	-112.049	0	0	-0	-0	0	12.5664	12.2935	0	-61.9141	0.252641	0.00545744	0.00545744	-0	0.258099
0	125.752	0	-1009.87	0	0	-0	-0	0	12.5664	12.3393	0	47.0221	0.252641	0.00454222	0.00454222	-0	0.257183
0	123.603	0	-1481.53	0	0	-0	-0	0	12.5664	12.3143	0	-9.24162	0.252641	0.0050424	0.0050424	-0	0.257684
0	125.924	0	148.919	0	-0	-0	-0	0	12.5664	12.3036	0	-9.95988	0.252641	0.00525522	0.00525522	-0	0.257896
0	131.817	0	-1685.04	0	0	-0	-0	0	12.5664	12.2201	0	6.32069	0.252641	0.00692606	0.00692606	-0	0.259567
0	126.886	0	409.887	0	-0	-0	-0	0	12.5664	12.194	0	-30.7894	0.252641	0.00744757	0.00744757	-0	0.260089
0	119.737	0	-1601.24	0	0	-0	-0	0	12.5664	12.2477	0	-91.1233	0.252641	0.00637268	0.00637268	-0	0.259014
0	122.824	0	-428.083	0	0	-0	-0	0	12.5664	12.1509	0	95.1456	0.252641	0.00830957	0.00830957	-0	0.260951
0	135.457	0	-1055.36	0	0	-0	-0	0	12.5664	12.2414	0	-16.4242	0.252641	0.00650038	0.00650038	-0	0.259142
0	141.015	0	-1033.82	0	0	-0	-0	0	12.5664	12.103	0	-87.0532	0.252641	0.00926737	0.00926737	-0	0.261909
0	132.861	0	249.476	0	-0	-0	-0	0	12.5664	12.2456	0	117.89	0.252641	0.00641523	0.00641523	-0	0.259056
0	129.656	0	-1541.39	0	0	-0	-0	0	12.5664	12.2254	0	-20.0155	0.252641	0.00681965	0.00681965	-0	0.259461
0	133.687	0	-818.338	0	0	-0	-0	0	12.5664	12.1152	0	-36.7749	0.252641	0.00902258	0.00902258	-0	0.261664
0	138.609	0	57.9397	0	-0	-0	-0	0	12.5664	12.3797	0	93.4696	0.252641	0.00373341	0.00373341	-0	0.256375
0	132.811	0	-1677.86	0	0	-0	-0	0	12.5664	12.3334	0	-13.5512	0.252641	0.00465929	0.00465929	-0	0.2573
0	127.008	0	242.293	0	-0	-0	-0	0	12.5664	12.2541	0	-5.41089	0.252641	0.00624498	0.00624498	-0	0.258886
0	126.587	0	-1323.51	0	0	-0	-0	0	12.5664	12.418	0	112.384	0.252641	0.00296717	0.00296717	-0	0.255608
0	127.762	0	-1000.3	0	0	-0	-0	0	12.5664	12.2594	0	-94.2358	0.252641	0.00613855	0.00613855	-0	0.25878
0	139.766	0	-1029.03	0	0	-0	-0	0	12.5664	12.1865	0	-42.521	0.252641	0.00759653	0.00759653	-0	0.260238
0	138.343	0	-1553.36	0	0	-0	-0	0	12.5664	12.21	0	44.3885	0.252641	0.00712828	0.00712828	-0	0.259769
0	131.431	0	582.27	0	-0	-0	-0	0	12.5664	12.3121	0	-7.32626	0.252641	0.00508497	0.00508497	-0	0.257726
0	126.887	0	-2379.36	0	0	-0	-0	0	12.5664	12.3233	0	52.2894	0.252641	0.00486147	0.00486147	-0	0.257503
0	129.882	0	-279.643	0	0	-0	-0	0	12.5664	12.2547	0	-68.139	0.252641	0.00623434	0.00623434	-0	0.258875
0	125.287	0	531.992	0	-0	-0	-0	0	12.5664	12.4132	0	80.0621	0.252641	0.00306295	0.00306295	-0	0.255704
0	131.959	0	-1838.27	0	0	-0	-0	0	12.5664	12.3696	0	68.5699	0.252641	0.0039356	0.0039356	-0	0.256577
0	122.344	0	-226.97	0	0	-0	-0	0	12.5664	12.4334	0	17.0946	0.252641	0.00265854	0.00265854	-0	0.2553
0	119.78	0	-2405.69	0	0	-0	-0	0	12.5664	12.3712	0	-76.7581	0.252641	0.00390367	0.00390367	-0	0.256545
0	120.858	0	-578.918	0	0	-0	-0	0	12.5664	12.3143	0	-60.2381	0.252641	0.0050424	0.0050424	-0	0.257684
0	134.302	0	-1421.68	0	0	-0	-0	0	12.5664	12.5058	0	28.8262	0.252641	0.00121119	0.00121119	-0	0.253852
0	125.848	0	-1919.67	0	0	-0	-0	0	12.5664	12.5415	0	-51.1401	0.252641	0.000498161	0.000498161	-0	0.253139
0	126.267	0	-90.5008	0	0	-0	-0	0	12.5664	12.4499	0	-1.34075	0.252641	0.00232862	0.00232862	-0	0.25497
0	134.851	0	-2271.62	0	0	-0	-0	0	12.5664	12.5617	0	-23.6068	0.252641	9.37462e-05	9.37462e-05	-0	0.252735
0	132.42	0	-1127.19	0	0	-0	-0	0	12.5664	12.5766	0	-56.6468	0.252641	-0.00020422	-0.00020422	-0	0.252437
0	131.772	0	-1131.98	0	0	-0	-0	0	12.5664	12.6484	0	38.1636	0.252641	-0.00164093	-0.00164093	-0	0.251
0	135.84	0	-1584.48	0	0	-0	-0	0	12.5664	12.6282	0	-9.0022	0.252641	-0.00123653	-0.00123653	-0	0.251405
0	127.394	0	493.684	0	-0	-0	-0	0	12.5664	12.6202	0	14.9398	0.252641	-0.00107691	-0.00107691	-0	0.251564
0	131.983	0	-935.654	0	0	-0	-0	0	12.5664	12.5686	0	-47.5488	0.252641	-4.46129e-05	-4.46129e-05	-0	0.252597
0	140.762	0	-1395.34	0	0	-0	-0	0	12.5664	12.5069	0	-19.7761	0.252641	0.0011899	0.0011899	-0	0.253831
0	135.688	0	-1527.02	0	0	-0	-0	0	12.5664	12.4483	0	-61.1958	0.252641	0.00236055	0.00236055	-0	0.255002
0	135.751	0	-952.413	0	0	-0	-0	0	12.5664	12.434	0	53.7259	0.252641	0.00264788	0.00264788	-0	0.255289
0	129.396	0	-2149.51	0	0	-0	-0	0	12.5664	12.5228	0	-43.4787	0.252641	0.000870628	0.000870628	-0	0.253512
0	123.972	0	-794.396	0	0	-0	-0	0	12.5664	12.4499	0	-38.6903	0.252641	0.00232862	0.00232862	-0	0.25497
0	136.558	0	-389.776	0	0	-0	-0	0	12.5664	12.5558	0	45.3462	0.252641	0.000210819	0.000210819	-0	0.252852
0	137.858	0	-1665.89	0	0	-0	-0	0	12.5664	12.6181	0	14.9398	0.252641	-0.00103434	-0.00103434	-0	0.251607
0	135.31	0	-540.611	0	0	-0	-0	0	12.5664	12.542	0	25.4743	0.252641	0.000487499	0.000487499	-0	0.253129
0	124.312	0	-988.326	0	0	-0	-0	0	12.5664	12.6505	0	-3.97437	0.252641	-0.0016835	-0.0016835	-0	0.250958
0	119.375	0	-2099.24	0	0	-0	-0	0	12.5664	12.6074	0	-55.6891	0.252641	-0.000821476	-0.000821476	-0	0.25182
0	122.614	0	-461.602	0	0	-0	-0	0	12.5664	12.5415	0	-3.49553	0.252641	0.000498161	0.000498161	-0	0.253139
0	126.991	0	-1905.31	0	0	-0	-0	0	12.5664	12.5345	0	54.2047	0.252641	0.000636501	0.000636501	-0	0.253278
0	137.878	0	-157.538	0	0	-0	-0	0	12.5664	12.5074	0	15.8975	0.252641	0.00117926	0.00117926	-0	0.25382
0	137.496	0	565.51	0	-0	-0	-0	0	12.5664	12.6069	0	85.8082	0.252641	-0.000810833	-0.000810833	-0	0.25183
0	137.932	0	-801.579	0	0	-0	-0	0	12.5664	12.6101	0	60.6691	0.252641	-0.000874691	-0.000874691	-0	0.251766
0	136.086	0	-1242.11	0	0	-0	-0	0	12.5664	12.6798	0	6.56011	0.252641	-0.00226881	-0.00226881	-0	0.250372
0	130.004	0	-1261.27	0	0	-0	-0	0	12.5664	12.6192	0	2.72939	0.252641	-0.00105562	-0.00105562	-0	0.251586
0	126.645	0	-859.04	0	0	-0	-0	0	12.5664	12.7176	0	-48.0277	0.252641	-0.00302443	-0.00302443	-0	0.249617
0	126.175	0	-1967.56	0	0	-0	-0	0	12.5664	12.6415	0	-66.9419	0.252641	-0.00150259	-0.00150259	-0	0.251139
0	126.775	0	-873.405	0	0	-0	-0	0	12.5664	12.6394	0	53.9653	0.252641	-0.00146002	-0.00146002	-0	0.251181
0	135.743	0	-758.483	0	0	-0	-0	0	12.5664	12.6798	0	16.6158	0.252641	-0.00226881	-0.00226881	-0	0.250372
0	137.853	0	-1448.01	0	0	-0	-0	0	12.5664	12.5473	0	-23.6068	0.252641	0.000381107	0.000381107	-0	0.253022
0	131.268	0	93.8527	0	-0	-0	-0	0	12.5664	12.4989	0	7.51779	0.252641	0.00134954	0.00134954	-0	0.253991
0	132.307	0	-2657.09	0	0	-0	-0	0	12.5664	12.6761	0	-4.21379	0.252641	-0.00219433	-0.00219433	-0	0.250447
0	136.76	0	371.58	0	-0	-0	-0	0	12.5664	12.6644	0	61.1479	0.252641	-0.0019602	-0.0019602	-0	0.250681
0	134.442	0	-1392.95	0	0	-0	-0	0	12.5664	12.7176	0	6.79953	0.252641	-0.00302443	-0.00302443	-0	0.249617
0	133.883	0	-1249.29	0	0	-0	-0	0	12.5664	12.6894	0	17.334	0.252641	-0.00246038	-0.00246038	-0	0.250181
0	126.233	0	-92.895	0	0	-0	-0	0	12.5664	12.7932	0	-5.4109	0.252641	-0.00453562	-0.00453562	-0	0.248106
0	119.873	0	-2331.47	0	0	-0	-0	0	12.5664	12.7277	0	-5.17147	0.252641	-0.00322664	-0.00322664	-0	0.249415
0	126.661	0	-909.318	0	0	-0	-0	0	12.5664	12.5665	0	-66.463	0.252641	-2.04086e-06	-2.04086e-06	-0	0.252639
0	144.34	0	-1881.36	0	0	-0	-0	0	12.5664	12.5292	0	17.8129	0.252641	0.000742931	0.000742931	-0	0.253384
0	139.177	0	-452.025	0	0	-0	-0	0	12.5664	12.5447	0	0.814029	0.252641	0.000434303	0.000434303	-0	0.253075
0	134.205	0	-1414.49	0	0	-0	-0	0	12.5664	12.5851	0	-32.226	0.252641	-0.000374508	-0.000374508	-0	0.252267
0	134.64	0	-1093.67	0	0	-0	-0	0	12.5664	12.5612	0	23.3195	0.252641	0.000104389	0.000104389	-0	0.252746
0	132.863	0	-56.982	0	0	-0	-0	0	12.5664	12.6947	0	88.6812	0.252641	-0.00256681	-0.00256681	-0	0.250074
0	128.956	0	-3279.58	0	0	-0	-0	0	12.5664	12.7245	0	-38.6903	0.252641	-0.00316277	-0.00316277	-0	0.249478
0	132.539	0	-179.086	0	0	-0	-0	0	12.5664	12.6138	0	2.72939	0.252641	-0.000949192	-0.000949192	-0	0.251692
0	125.547	0	-815.944	0	0	-0	-0	0	12.5664	12.7059	0	78.3862	0.252641	-0.00279032	-0.00279032	-0	0.249851
0	124.246	0	-2396.12	0	0	-0	-0	0	12.5664	12.7272	0	-38.4509	0.252641	-0.003216	-0.003216	-0	0.249425
0	140.314	0	-911.712	0	0	-0	-0	0	12.5664	12.6772	0	29.0656	0.252641	-0.00221563	-0.00221563	-0	0.250426
0	137.583	0	-703.417	0	0	-0	-0	0	12.5664	12.5862	0	-81.3071	0.252641	-0.000395794	-0.000395794	-0	0.252245
0	131.148	0	-1086.49	0	0	-0	-0	0	12.5664	12.7245	0	53.247	0.252641	-0.00316278	-0.00316278	-0	0.249478
0	128.184	0	-1519.84	0	0	-0	-0	0	12.5664	12.6575	0	-41.3239	0.252641	-0.00182184	-0.00182184	-0	0.250819
0	133.822	0	-1483.93	0	0	-0	-0	0	12.5664	12.6218	0	34.5723	0.252641	-0.0011088	-0.0011088	-0	0.251532
0	131.515	0	-559.764	0	0	-0	-0	0	12.5664	12.749	0	94.4273	0.252641	-0.00365232	-0.00365232	-0	0.248989
0	129.458	0	-1395.34	0	0	-0	-0	0	12.5664	12.7181	0	-83.9407	0.252641	-0.00303507	-0.00303507	-0	0.249606
0	118.049	0	-1031.42	0	0	-0	-0	0	12.5664	12.6793	0	25.2349	0.252641	-0.00225817	-0.00225817	-0	0.250383
0	115.459	0	-803.973	0	0	-0	-0	0	12.5664	12.7341	0	39.8395	0.252641	-0.00335436	-0.00335436	-0	0.249287
0	133.894	0	-1498.29	0	0	-0	-0	0	12.5664	12.7149	0	-11.3964	0.252641	-0.00297121	-0.00297121	-0	0.24967
0	134.656	0	-643.561	0	0	-0	-0	0	12.5664	12.7218	0	10.3908	0.252641	-0.00310955	-0.00310955	-0	0.249532
0	132.466	0	-1115.22	0	0	-0	-0	0	12.5664	12.5675	0	30.2627	0.252641	-2.33269e-05	-2.33269e-05	-0	0.252618
0	135.465	0	304.542	0	-0	-0	-0	0	12.5664	12.6213	0	-3.01669	0.252641	-0.00109818	-0.00109818	-0	0.251543
0	125.094	0	-2946.78	0	0	-0	-0	0	12.5664	12.6575	0	37.2059	0.252641	-0.00182184	-0.00182184	-0	0.250819
0	130.304	0	634.942	0	-0	-0	-0	0	12.5664	12.6596	0	90.836	0.252641	-0.00186441	-0.00186441	-0	0.250777
0	135.898	0	-2221.34	0	0	-0	-0	0	12.5664	12.6665	0	-159.837	0.252641	-0.00200277	-0.00200277	-0	0.250638
0	136.504	0	-1845.45	0	0	-0	-0	0	12.5664	12.5931	0	-25.5222	0.252641	-0.000534115	-0.000534115	-0	0.252107
0	130.814	0	503.261	0	-0	-0	-0	0	12.5664	12.7761	0	143.269	0.252641	-0.00419508	-0.00419508	-0	0.248446
0	138.801	0	-1835.87	0	0	-0	-0	0	12.5664	12.7272	0	25.7137	0.252641	-0.003216	-0.003216	-0	0.249425
0	134.166	0	192.015	0	-0	-0	-0	0	12.5664	12.758	0	42.7126	0.252641	-0.00383326	-0.00383326	-0	0.248808
0	142.38	0	-1895.73	0	0	-0	-0	0	12.5664	12.7602	0	9.67258	0.252641	-0.00387579	-0.00387579	-0	0.248765
0	136.198	0	-724.964	0	0	-0	-0	0	12.5664	12.7937	0	10.8697	0.252641	-0.00454626	-0.00454626	-0	0.248095
0	130.577	0	-2096.84	0	0	-0	-0	0	12.5664	12.774	0	-9.48104	0.252641	-0.00415251	-0.00415251	-0	0.248489
0	134.425	0	-554.976	0	0	-0	-0	0	12.5664	12.6128	0	18.2917	0.252641	-0.000927906	-0.000927906	-0	0.251713
0	135.137	0	-478.362	0	0	-0	-0	0	12.5664	12.7665	0	-19.5367	0.252641	-0.00400352	-0.00400352	-0	0.248638
0	129.631	0	-1218.17	0	0	-0	-0	0	12.5664	12.783	0	0.335187	0.252641	-0.00433344	-0.00433344	-0	0.248308
0	135.111	0	-885.376	0	0	-0	-0	0	12.5664	12.7511	0	33.6146	0.252641	-0.0036949	-0.0036949	-0	0.248946
0	128.82	0	-2027.41	0	0	-0	-0	0	12.5664	12.7974	0	12.785	0.252641	-0.00462076	-0.00462076	-0	0.24802
0	134.874	0	-1924.46	0	0	-0	-0	0	12.5664	12.7501	0	23.0801	0.252641	-0.00367361	-0.00367361	-0	0.248968
0	143.096	0	-1934.04	0	0	-0	-0	0	12.5664	12.5707	0	-108.122	0.252641	-8.71658e-05	-8.71658e-05	-0	0.252554
0	138.139	0	-408.93	0	0	-0	-0	0	12.5664	12.5202	0	-13.0723	0.252641	0.000923824	0.000923824	-0	0.253565
0	140.582	0	-1438.44	0	0	-0	-0	0	12.5664	12.7719	0	98.9763	0.252641	-0.00410994	-0.00410994	-0	0.248531
0	144.419	0	-2879.75	0	0	-0	-0	0	12.5664	12.7825	0	-45.1546	0.252641	-0.0043228	-0.0043228	-0	0.248318
0	139.586	0	-483.15	0	0	-0	-0	0	12.5664	12.7027	0	3.44765	0.252641	-0.00272644	-0.00272644	-0	0.249915
0	138.555	0	-2819.89	0	0	-0	-0	0	12.5664	12.741	0	22.1224	0.252641	-0.0034927	-0.0034927	-0	0.249148
0	140.336	0	-2072.9	0	0	-0	-0	0	12.5664	12.7048	0	96.8215	0.252641	-0.00276901	-0.00276901	-0	0.249872
0	122.537	0	-1960.37	0	0	-0	-0	0	12.5664	12.8118	0	1.77171	0.252641	-0.00490808	-0.00490808	-0	0.247733
0	119.513	0	-2185.43	0	0	-0	-0	0	12.5664	12.7708	0	-20.7338	0.252641	-0.00408865	-0.00408865	-0	0.248552
0	135.42	0	-214.999	0	0	-0	-0	0	12.5664	12.7522	0	-13.3118	0.252641	-0.00371618	-0.00371618	-0	0.248925
0	137.291	0	-2053.75	0	0	-0	-0	0	12.5664	12.667	0	-32.9442	0.252641	-0.00201342	-0.00201342	-0	0.250628
0	137.552	0	103.43	0	-0	-0	-0	0	12.5664	12.5574	0	-25.0434	0.252641	0.00017889	0.00017889	-0	0.25282
0	131.71	0	-1993.89	0	0	-0	-0	0	12.5664	12.6207	0	-41.3239	0.252641	-0.00108755	-0.00108755	-0	0.251554
0	133.969	0	-622.014	0	0	-0	-0	0	12.5664	12.5521	0	81.4986	0.252641	0.00028532	0.00028532	-0	0.252926
0	138.316	0	-736.935	0	0	-0	-0	0	12.5664	12.476	0	-78.434	0.252641	0.00180716	0.00180716	-0	0.254448
0	142.838	0	-1182.26	0	0	-0	-0	0	12.5664	12.4483	0	-122.966	0.252641	0.00236053	0.00236053	-0	0.255002
0	136.349	0	431.435	0	-0	-0	-0	0	12.5664	12.4441	0	78.1467	0.252641	0.00244568	0.00244568	-0	0.255087
0	136.175	0	-430.477	0	0	-0	-0	0	12.5664	12.4441	0	-8.04452	0.252641	0.00244568	0.00244568	-0	0.255087
0	138.977	0	-904.529	0	0	-0	-0	0	12.5664	12.393	0	24.9955	0.252641	0.00346735	0.00346735	-0	0.256108
0	142.345	0	-2053.75	0	0	-0	-0	0	12.5664	12.3579	0	-4.2138	0.252641	0.00416975	0.00416975	-0	0.256811
0	147.112	0	488.896	0	-0	-0	-0	0	12.5664	12.3504	0	28.3474	0.252641	0.00431871	0.00431871	-0	0.25696
0	144.246	0	-1656.31	0	0	-0	-0	0	12.5664	12.4239	0	-58.3228	0.252641	0.00285009	0.00285009	-0	0.255491
0	145.417	0	-1452.8	0	0	-0	-0	0	12.5664	12.2525	0	62.5844	0.252641	0.00627689	0.00627689	-0	0.258918
0	153.025	0	156.102	0	-0	-0	-0	0	12.5664	12.4015	0	-18.3396	0.252641	0.00329706	0.00329706	-0	0.255938
0	158.4	0	-1153.53	0	0	-0	-0	0	12.5664	12.4111	0	-149.302	0.252641	0.00310553	0.00310553	-0	0.255747
0	143.492	0	311.725	0	-0	-0	-0	0	12.5664	12.2685	0	36.0088	0.252641	0.00595762	0.00595762	-0	0.258599
0	141.559	0	-777.637	0	0	-0	-0	0	12.5664	12.2951	0	-72.9274	0.252641	0.00542553	0.00542553	-0	0.258067
0	140.058	0	-490.333	0	0	-0	-0	0	12.5664	12.2563	0	34.8117	0.252641	0.00620241	0.00620241	-0	0.258844
0	149.712	0	-1467.17	0	0	-0	-0	0	12.5664	12.2169	0	-37.0144	0.252641	0.00698996	0.00698996	-0	0.259631
0	151.595	0	-1524.63	0	0	-0	-0	0	12.5664	12.1924	0	-23.6068	0.252641	0.00747948	0.00747948	-0	0.260121
0	144.904	0	285.389	0	-0	-0	-0	0	12.5664	12.3164	0	64.9786	0.252641	0.00499983	0.00499983	-0	0.257641
0	138.226	0	-2587.65	0	0	-0	-0	0	12.5664	12.2547	0	31.9386	0.252641	0.00623434	0.00623434	-0	0.258875
0	151.647	0	517.626	0	-0	-0	-0	0	12.5664	12.2866	0	-13.3118	0.252641	0.0055958	0.0055958	-0	0.258237
0	156.56	0	199.198	0	-0	-0	-0	0	12.5664	12.3025	0	-45.1546	0.252641	0.00527655	0.00527655	-0	0.257918
0	153.108	0	-978.75	0	0	-0	-0	0	12.5664	12.0583	0	111.426	0.252641	0.0101613	0.0101613	-0	0.262802
0	146.114	0	-231.759	0	0	-0	-0	0	12.5664	12.0791	0	-80.5888	0.252641	0.00974627	0.00974627	-0	0.262387
0	144.335	0	-624.408	0	0	-0	-0	0	12.5664	12.144	0	46.7827	0.252641	0.00844793	0.00844793	-0	0.261089
0	158.363	0	-1249.29	0	0	-0	-0	0	12.5664	12.1264	0	22.1224	0.252641	0.00879911	0.00879911	-0	0.26144
0	159.364	0	-1115.22	0	0	-0	-0	0	12.5664	12.0759	0	-84.659	0.252641	0.00981012	0.00981012	-0	0.262451
0	158.256	0	-926.077	0	0	-0	-0	0	12.5664	12.0817	0	66.4152	0.252641	0.00969305	0.00969305	-0	0.262334
0	157.38	0	-918.895	0	0	-0	-0	0	12.5664	12.12	0	-46.3517	0.252641	0.00892683	0.00892683	-0	0.261568
0	153.369	0	-1481.53	0	0	-0	-0	0	12.5664	12.0823	0	-39.4086	0.252641	0.00968241	0.00968241	-0	0.262324
0	152.515	0	-531.034	0	0	-0	-0	0	12.5664	12.0971	0	4.40533	0.252641	0.00938444	0.00938444	-0	0.262026
0	149.886	0	-1328.3	0	0	-0	-0	0	12.5664	12.0365	0	25.7137	0.252641	0.0105977	0.0105977	-0	0.263239
0	147.426	0	-626.802	0	0	-0	-0	0	12.5664	12.0971	0	28.3474	0.252641	0.00938444	0.00938444	-0	0.262026
0	147.798	0	-1251.69	0	0	-0	-0	0	12.5664	12.1722	0	-26.4799	0.252641	0.00788389	0.00788389	-0	0.260525
0	156.438	0	-921.289	0	0	-0	-0	0	12.5664	12.0642	0	47.2615	0.252641	0.0100443	0.0100443	-0	0.262685
0	162.476	0	-593.283	0	0	-0	-0	0	12.5664	12.0971	0	-59.2804	0.252641	0.00938444	0.00938444	-0	0.262026
0	156.026	0	-1718.56	0	0	-0	-0	0	12.5664	12.0689	0	89.1601	0.252641	0.00994848	0.00994848	-0	0.26259
0	147.434	0	-825.521	0	0	-0	-0	0	12.5664	12.1105	0	-51.3796	0.252641	0.00911838	0.00911838	-0	0.26176
0	145.221	0	-2137.54	0	0	-0	-0	0	12.5664	12.0344	0	-58.5622	0.252641	0.0106402	0.0106402	-0	0.263281
0	151.946	0	-42.6168	0	0	-0	-0	0	12.5664	12.0354	0	86.287	0.252641	0.0106189	0.0106189	-0	0.26326
0	156.079	0	-1167.89	0	0	-0	-0	0	12.5664	12.1009	0	-29.5923	0.252641	0.00930994	0.00930994	-0	0.261951
0	147.399	0	-1364.22	0	0	-0	-0	0	12.5664	11.978	0	-0.383069	0.252641	0.0117683	0.0117683	-0	0.264409
0	143.265	0	354.821	0	-0	-0	-0	0	12.5664	12.0466	0	-2.29843	0.252641	0.0103955	0.0103955	-0	0.263037
0	135.964	0	-2767.22	0	0	-0	-0	0	12.5664	12.0759	0	-9.00221	0.252641	0.00981012	0.00981012	-0	0.262451
0	153.056	0	-758.483	0	0	-0	-0	0	12.5664	12.0769	0	37.2059	0.252641	0.00978884	0.00978884	-0	0.26243
0	155.76	0	-981.144	0	0	-0	-0	0	12.5664	12.0274	0	12.0668	0.252641	0.0107786	0.0107786	-0	0.26342
0	157.1	0	-1483.93	0	0	-0	-0	0	12.5664	12.0966	0	15.8975	0.252641	0.00939508	0.00939508	-0	0.262036
0	153.846	0	79.4875	0	-0	-0	-0	0	12.5664	12.0924	0	7.03895	0.252641	0.00948021	0.00948021	-0	0.262121
0	153.067	0	-1579.69	0	0	-0	-0	0	12.5664	11.9827	0	8.23605	0.252641	0.0116725	0.0116725	-0	0.264314
0	156.126	0	-1103.25	0	0	-0	-0	0	12.559	12.0365	-14.9401	-21.2126	0.228463	0.0104496	0.0104496	-0	0.238913
0	150.033	0	-1476.74	0	0	-0	-0	0	12.4989	12.0248	-45.1008	-9.72046	0.203757	0.0102341	0.0102341	-0	0.213991
0	146.508	0	-787.214	0	0	-0	-0	0	12.3786	11.9673	-75.2615	-73.8851	0.127817	0.00822489	0.00822489	-0	0.136042
0	152.398	0	-1833.48	0	0	-0	-0	0	12.1979	11.6028	-105.422	-120.093	0.0756753	0.011901	0.011901	-0	0.0875763
0	163.233	0	-49.7994	0	0	-0	-0	0	11.9569	11.2298	-135.583	-130.388	0.0223204	0.0145409	0.0145409	-0	0.0368613
0	165.479	0	-1167.89	0	0	-0	-0	0	11.6629	10.9175	-150.796	-136.374	-0.00805789	0.0149092	0.0149092	-0	0.00685132
0	155.485	0	-1009.87	0	0	-0	-0	0	11.3613	10.5695	-150.796	-152.654	-0.0141215	0.0158371	0.0158371	-0	0.00171559
0	146.36	0	-2020.23	0	0	-0	-0	0	11.0597	10.1188	-150.796	-235.015	-0.0201852	0.018819	0.018819	-0	-0.00136625
0	142.113	0	-1067.34	0	0	-0	-0	0	10.7581	9.77182	-150.796	-124.882	-0.0232171	0.0227416	0.0227416	-0	-0.000475431
0	143.905	0	-1828.69	0	0	-0	-0	0	10.4565	9.38444	-150.796	-211.552	-0.0323126	0.021441	0.021441	-0	-0.0108716
0	140.546	0	-1517.45	0	0	-0	-0	0	10.1549	9.1253	-150.796	-155.049	-0.0353444	0.0236077	0.0236077	-0	-0.0117367
0	143.201	0	-2554.13	0	0	-0	-0	0	9.85327	8.77517	-150.796	-233.818	-0.0444399	0.0215621	0.0215621	-0	-0.0228778
0	135.075	0	-1543.78	0	0	-0	-0	0	9.55167	8.50858	-150.796	-88.2503	-0.0505036	0.0208617	0.0208617	-0	-0.0296419
0	125.638	0	-1182.26	0	0	-0	-0	0	9.25006	8.22018	-150.796	-91.8416	-0.0565672	0.0205977	0.0205977	-0	-0.0359695
0	122.255	0	-1764.05	0	0	-0	-0	0	8.94845	8.04671	-150.796	-96.3906	-0.0626309	0.0180349	0.0180349	-0	-0.044596
0	130.324	0	-3135.93	0	0	-0	-0	0	8.64685	7.67689	-150.796	-151.218	-0.0686946	0.0193991	0.0193991	-0	-0.0492954
0	133.5	0	-1685.04	0	0	-0	-0	0	8.34524	7.45021	-150.796	-171.808	-0.0747583	0.0179006	0.0179006	-0	-0.0568577
0	135.368	0	-2104.02	0	0	-0	-0	0	8.04363	7.34645	-150.796	-41.3239	-0.0777901	0.0169598	0.0169598	-0	-0.0608303
0	131.619	0	-303.585	0	0	-0	-0	0	7.74203	7.08997	-150.796	-19.2973	-0.0868856	0.0130411	0.0130411	-0	-0.0738445
0	125.397	0	-607.648	0	0	-0	-0	0	7.44042	6.9612	-150.796	-51.1401	-0.0899174	0.0126005	0.0126005	-0	-0.0773169
0	123.024	0	-2060.93	0	0	-0	-0	0	7.13881	6.55573	-150.796	-115.544	-0.0990129	0.0116617	0.0116617	-0	-0.0873513
0	120.578	0	-598.072	0	0	-0	-0	0	6.8372	6.32373	-150.796	-95.6723	-0.105077	0.0102695	0.0102695	-0	-0.0948071
0	117.107	0	-2108.81	0	0	-0	-0	0	6.5356	6.09598	-150.796	-113.15	-0.11114	0.00879228	0.00879228	-0	-0.102348
0	114.53	0	-2254.86	0	0	-0	-0	0	6.23399	5.914	-150.796	-140.204	-0.114172	0.00941586	0.00941586	-0	-0.104756
0	115.225	0	-1129.58	0	0	-0	-0	0	5.93238	5.50374	-150.796	-123.924	-0.123268	0.00857283	0.00857283	-0	-0.114695
0	109.149	0	-1148.74	0	0	-0	-0	0	5.63078	5.30207	-150.796	-106.686	-0.129331	0.00657412	0.00657412	-0	-0.122757
0	105.524	0	-2139.94	0	0	-0	-0	0	5.32917	4.91256	-150.796	-169.893	-0.132363	0.0113482	0.0113482	-0	-0.121015
0	107.423	0	-1043.39	0	0	-0	-0	0	5.02756	4.52306	-150.796	-129.191	-0.141459	0.0100901	0.0100901	-0	-0.131369
0	101.453	0	-1306.76	0	0	-0	-0	0	4.72596	4.33363	-150.796	-117.699	-0.14449	0.0108626	0.0108626	-0	-0.133628
0	97.8676	0	-2171.06	0	0	-0	-0	0	4.42435	3.87016	-150.796	-197.905	-0.153586	0.0110839	0.0110839	-0	-0.142502
0	96.163	0	-1079.31	0	0	-0	-0	0	4.12274	3.39551	-150.796	-166.78	-0.15965	0.0145446	0.0145446	-0	-0.145105
0	98.3885	0	-1244.51	0	0	-0	-0	0	3.82113	3.22258	-150.796	-109.559	-0.165713	0.0119712	0.0119712	-0	-0.153742
0	97.2097	0	-2087.27	0	0	-0	-0	0	3.51953	2.85967	-150.796	-145.472	-0.171777	0.0131971	0.0131971	-0	-0.15858
0	93.7311	0	-30.6458	0	0	-0	-0	0	3.21792	2.48294	-150.796	-129.431	-0.177841	0.0146996	0.0146996	-0	-0.163141
0	88.6569	0	-3286.76	0	0	-0	-0	0	2.91631	2.07321	-150.796	-203.172	-0.183904	0.016862	0.016862	-0	-0.167042
0	88.2032	0	-2508.64	0	0	-0	-0	0	2.61471	1.97211	-150.796	-125.36	-0.186936	0.015868	0.015868	-0	-0.171068
0	79.8094	0	-1067.34	0	0	-0	-0	0	2.3131	1.36657	-150.796	-134.937	-0.196032	0.0189307	0.0189307	-0	-0.177101
0	79.5509	0	-1618	0	0	-0	-0	0	2.01149	1.30484	-150.796	-190.004	-0.199064	0.0171491	0.0171491	-0	-0.181914
0	71.7903	0	-1555.75	0	0	-0	-0	0	1.70989	0.733352	-150.796	-147.387	-0.208159	0.0195307	0.0195307	-0	-0.188628
0	67.838	0	-1699.4	0	0	-0	-0	0	1.40828	0.336928	-150.796	-184.258	-0.214223	0.021427	0.021427	-0	-0.192796
0	64.2556	0	-1108.04	0	0	-0	-0	0	1.10667	0.061294	-150.796	-132.782	-0.220286	0.0209076	0.0209076	-0	-0.199379
0	63.9795	0	-1457.59	0	0	-0	-0	0	0.805065	-0.0174586	-150.796	-167.738	-0.223318	0.0194665	0.0194665	-0	-0.203852
0	55.8305	0	-947.625	0	0	-0	-0	0	0.524268	-0.565003	-125.744	-105.728	-0.191702	0.0217854	0.0217854	-0	-0.169917
0	53.9733	0	-2060.93	0	0	-0	-0	0	0.302931	-0.751774	-95.5833	-114.108	-0.147642	0.0210941	0.0210941	-0	-0.126548
0	54.2562	0	-1574.91	0	0	-0	-0	0	0.141917	-0.784765	-65.4226	-65.5054	-0.125158	0.019993	0.019993	0	-0.105165
0	50.3027	0	-973.961	0	0	-0	-0	0	0.0412279	-0.867242	-35.2619	-28.3952	-0.0558851	0.0181694	0.0181694	0	-0.0377157
0	50.7484	0	-1440.83	0	0	-0	-0	0	0.000862839	-0.860857	-5.10124	-75.0822	-0.0321878	0.0174872	0.0174872	0	-0.0147006
0	46.6424	0	-1448.01	0	0	-0	-0	0	0	-0.711866	0	94.1879	0	0.0142373	0.0142373	0	0.0142373
0	45.0657	0	-942.837	0	0	-0	-0	0	0	-0.786893	0	-81.3071	0	0.0157379	0.0157379	0	0.0157379
0	42.6356	0	-1273.24	0	0	-0	-0	0	0	-0.71293	0	12.0668	0	0.0142586	0.0142586	0	0.0142586
0	40.3512	0	-1134.37	0	0	-0	-0	0	0	-0.614489	0	57.5566	0	0.0122898	0.0122898	0	0.0122898
0	38.4085	0	-722.57	0	0	-0	-0	0	0	-0.561278	0	21.1647	0	0.0112256	0.0112256	0	0.0112256
0	34.4039	0	-1601.24	0	0	-0	-0	0	0	-0.510195	0	34.8117	0	0.0102039	0.0102039	0	0.0102039
0	33.7698	0	-1400.13	0	0	-0	-0	0	0	-0.501681	0	54.923	0	0.0100336	0.0100336	0	0.0100336
0	32.8328	0	-1151.13	0	0	-0	-0	0	0	-0.494764	0	-30.3106	0	0.00989527	0.00989527	0	0.00989527
0	32.9454	0	-1687.43	0	0	-0	-0	0	0	-0.48625	0	-83.9407	0	0.009725	0.009725	0	0.009725
0	28.9166	0	-657.927	0	0	-0	-0	0	0	-0.379827	0	79.8227	0	0.00759655	0.00759655	0	0.00759655
0	25.8735	0	-1601.24	0	0	-0	-0	0	0	-0.301607	0	-34.1413	0	0.00603213	0.00603213	0	0.00603213
0	24.0601	0	-1155.92	0	0	-0	-0	0	0	-0.269148	0	6.56011	0	0.00538296	0.00538296	0	0.00538296
0	23.3056	0	-914.106	0	0	-0	-0	0	0	-0.256909	0	30.7416	0	0.00513819	0.00513819	0	0.00513819
0	18.7877	0	-1165.5	0	0	-0	-0	0	0	-0.21168	0	-16.9031	0	0.00423359	0.00423359	0	0.00423359
0	16.5908	0	-1400.13	0	0	-0	-0	0	0	-0.180285	0	51.0923	0	0.0036057	0.0036057	0	0.0036057
0	16.3633	0	-1170.29	0	0	-0	-0	0	0	-0.178689	0	74.0766	0	0.00357377	0.00357377	0	0.00357377
0	12.4594	0	-1026.63	0	0	-0	-0	0	0	-0.162725	0	-38.4509	0	0.00325451	0.00325451	0	0.00325451
0	11.8819	0	-964.385	0	0	-0	-0	0	0	-0.151551	0	-32.226	0	0.00303102	0.00303102	0	0.00303102
0	8.18848	0	-772.848	0	0	-0	-0	0	0	-0.111643	0	29.0656	0	0.00223285	0.00223285	0	0.00223285
0	5.59202	0	-1388.16	0	0	-0	-0	0	0	-0.0845048	0	-41.5633	0	0.0016901	0.0016901	0	0.0016901
0	4.29869	0	-703.416	0	0	-0	-0	0	0	-0.0658809	0	33.6146	0	0.00131762	0.00131762	0	0.00131762
0	2.66769	0	-859.04	0	0	-0	-0	0	0	-0.0403395	0	10.3908	0	0.000806789	0.000806789	0	0.000806789
0	0.861534	0	-973.961	0	0	-0	-0	0	0	-0.0179907	0	-30.7894	0	0.000359815	0.000359815	0	0.000359815
0	-0.152092	0	-626.802	0	0	0	-0	0	0	-0.00788059	0	91.0754	0	0.000157612	0.000157612	0	0.000157612
0	-1.48708	0	-938.048	0	0	0	-0	0	0	-0.0142659	0	59.9508	0	0.000285319	0.000285319	0	0.000285319
0	-1.14246	0	-28.2516	0	0	0	-0	0	0	-0.00894481	0	-29.5923	0	0.000178896	0.000178896	0	0.000178896
0	-1.05629	0	378.763	0	0	0	-0	0	0	-0.00202735	0	11.1091	0	4.0547e-05	4.0547e-05	0	4.0547e-05
0	-1.12709	0	-1.91536	0	0	0	-0	0	0	0.00489012	0	0.814029	0	-9.78023e-05	-9.78023e-05	0	-9.78023e-05
0	-0.727308	0	-121.625	0	0	0	-0	0	0	0.0128718	0	3.20823	0	-0.000257436	-0.000257436	0	-0.000257436
0	-0.102219	0	287.783	0	0	0	-0	0	0	0.00329378	0	16.3763	0	-6.58756e-05	-6.58756e-05	0	-6.58756e-05
0	0.185637	0	354.821	0	-0	-0	-0	0	0	0.004358	0	23.0801	0	-8.716e-05	-8.716e-05	0	-8.716e-05
0	-0.107393	0	103.43	0	0	0	-0	0	0	-0.00522002	0	2.72939	0	0.0001044	0.0001044	0	0.0001044
0	0.00420374	0	17.2383	0	-0	-0	-0	0	0	-0.00309157	0	61.6268	0	6.18315e-05	6.18315e-05	0	6.18315e-05
0	-0.205514	0	-282.037	0	0	0	-0	0	0	-0.010009	0	31.6992	0	0.000200181	0.000200181	0	0.000200181
0	0.479391	0	400.311	0	-0	-0	-0	0	0	-0.00681636	0	6.08127	0	0.000136327	0.000136327	0	0.000136327
0	0.497523	0	55.5455	0	-0	-0	-0	0	0	-0.000431011	0	65.4575	0	8.62023e-06	8.62023e-06	0	8.62023e-06
0	-0.313782	0	-9.09797	0	0	0	-0	0	0	-0.000963124	0	-25.7616	0	1.92625e-05	1.92625e-05	0	1.92625e-05
0	0.337323	0	10.0556	0	-0	-0	-0	0	0	0.0123397	0	62.8239	0	-0.000246794	-0.000246794	0	-0.000246794
0	-0.382155	0	-349.075	0	0	0	-0	0	0	0.00169744	0	-22.4097	0	-3.39488e-05	-3.39488e-05	0	-3.39488e-05
0	-0.194777	0	115.401	0	0	0	-0	0	0	-0.00309157	0	-37.7326	0	6.18315e-05	6.18315e-05	0	6.18315e-05
0	-0.0094361	0	144.131	0	0	0	-0	0	0	-0.0116054	0	24.5166	0	0.000232108	0.000232108	0	0.000232108
0	0.40475	0	-200.634	0	0	-0	-0	0	0	0.00222955	0	18.2917	0	-4.4591e-05	-4.4591e-05	0	-4.4591e-05
0	-0.407279	0	77.0933	0	0	0	-0	0	0	-0.0041558	0	-23.3674	0	8.3116e-05	8.3116e-05	0	8.3116e-05
0	0.117287	0	481.713	0	-0	-0	-0	0	0	-0.00681636	0	11.3485	0	0.000136327	0.000136327	0	0.000136327
0	0.176596	0	-133.596	0	0	-0	-0	0	0	-0.00149524	0	50.8528	0	2.99047e-05	2.99047e-05	0	2.99047e-05
0	-0.441899	0	14.844	0	0	0	-0	0	0	0.00489012	0	-10.4387	0	-9.78023e-05	-9.78023e-05	0	-9.78023e-05
0	-0.059897	0	5.26724	0	0	0	-0	0	0	0.00595434	0	72.4007	0	-0.000119087	-0.000119087	0	-0.000119087
0	-0.714909	0	-564.553	0	0	0	-0	0	0	0.00808279	0	-57.3651	0	-0.000161656	-0.000161656	0	-0.000161656
0	-0.342364	0	-119.231	0	0	0	-0	0	0	0.004358	0	-27.677	0	-8.71601e-05	-8.71601e-05	0	-8.71601e-05
0	0.172037	0	0.478836	0	-0	-0	-0	0	0	-0.00947693	0	15.4187	0	0.000189539	0.000189539	0	0.000189539
