0	0	0	0	0	0	0	0	0	0	0	0	0	0	0	0	0	0
1	-0.600497	1000	197.977	0.0436518	0	0	-0	0.0436518	0	-0.00298515	0	-0.0933739	0	0.000143702	0.000119406	2.42963e-05	0.000143702
4	-2.54398	2000	-1375.01	0.087649	0	0	0	0.087649	0	0.120997	0	43.7205	0	-0.00483404	-0.00483988	5.8426e-06	-0.00483404
9	-1.80079	3000	360.782	0.131992	0	0	0	0.131992	0	0.118869	0	3.73735	0	-0.00632219	-0.00475475	-0.00156744	-0.00632219
16	0.15476	4000	643.298	0.17668	0	0	0	0.17668	0	0.0390517	0	-42.2313	0	-0.00449528	-0.00156207	-0.00293321	-0.00449528
25	17.193	5000	3075.81	0.221714	0	0	0	0.221714	0	0.30298	0	109.082	0	-0.015703	-0.0121192	-0.00358381	-0.015703
36	45.5985	6000	3717.45	0.267093	0	0	0	0.267093	0	0.356191	0	89.4498	0	-0.0220738	-0.0146946	-0.0073792	-0.0220738
48	56.3334	6000	4962.44	0.269166	0	-0	0	0.269166	0	0.312558	0	44.4388	0	-0.0242228	-0.0125023	-0.0117205	-0.0242228
60	84.2769	6000	6576.13	0.271239	0	-0	0	0.271239	0	0.263071	0	12.8353	0	-0.0256748	-0.0105228	-0.015152	-0.0256748
72	108.23	6000	5838.72	0.273311	0	-0	-0	0.273311	0	0.253493	0	-43.189	0	-0.028407	-0.0101397	-0.0182673	-0.028407
84	129.657	6000	5635.21	0.275384	0	-0	-0	0.275384	0	0.242319	0	-18.0499	0	-0.0308392	-0.00969275	-0.0211464	-0.0308392
96	152.728	6000	4205.87	0.277457	0	-0	-0	0.277457	0	0.335971	0	39.1715	0	-0.0379943	-0.0134388	-0.0245555	-0.0379943
108	180.256	6000	3626.47	0.27953	0	-0	-0	0.27953	0	0.451971	0	82.2672	0	-0.0471289	-0.0180788	-0.0290501	-0.0471289
120	219.17	6000	3626.47	0.281603	0	-0	-0	0.281603	0	0.588192	0	1.34315	0	-0.0585665	-0.0235277	-0.0350388	-0.0585665
132	257.478	6000	5084.54	0.283676	0	-0	-0	0.283676	0	0.497201	0	18.8208	0	-0.0619532	-0.019888	-0.0420652	-0.0619532
144	268.912	6000	8448.4	0.285749	-0	-0	-0	0.285749	0	0.257218	0	-25.4719	0	-0.0573561	-0.0102887	-0.0470674	-0.0573561
156	268.904	6000	8541.77	0.287822	-0	-0	-0	0.287822	0	0.0417123	0	-91.3125	0	-0.0506604	-0.00166849	-0.0489919	-0.0506604
168	276.836	6000	6406.14	0.289895	-0	-0	-0	0.289895	0	0.0363912	0	-131.535	0	-0.0508236	-0.00145565	-0.0493679	-0.0508236
174	274.601	6000	4907.37	0.289895	0	-0	-0	0.289895	0	0.0337306	0	-18.0499	0	-0.0509355	-0.00134922	-0.0495863	-0.0509355
186	287.316	6000	3583.38	0.293004	0	-0	-0	0.293004	0	0.0475655	0	33.4255	0	-0.0518139	-0.00190262	-0.0499112	-0.0518139
198	321.772	6000	5843.5	0.295077	0	-0	-0	0.295077	0	0.191236	0	68.8596	0	-0.0583709	-0.00764944	-0.0507215	-0.0583709
210	353.905	6000	5659.15	0.29715	0	-0	-0	0.29715	0	0.172612	0	-51.5687	0	-0.0600357	-0.00690448	-0.0531312	-0.0600357
222	368.618	6000	3552.25	0.299223	0	-0	-0	0.299223	0	0.06885	0	78.197	0	-0.0576724	-0.002754	-0.0549184	-0.0576724
234	402.583	6000	2245.02	0.301296	0	-0	-0	0.301296	0	0.128979	0	-65.9339	0	-0.0609996	-0.00515915	-0.0558404	-0.0609996
246	435.473	6000	3803.64	0.303368	0	-0	-0	0.303368	0	0.128979	0	-25.4719	0	-0.0626112	-0.00515915	-0.057452	-0.0626112
258	470.48	6000	6111.65	0.305441	-0	-0	-0	0.305441	0	0.0480977	0	-25.4719	0	-0.0608087	-0.00192391	-0.0588848	-0.0608087
270	504.271	6000	7684.65	0.307514	-0	-0	-0	0.307514	0	0.266264	0	115.547	0	-0.0702786	-0.0106506	-0.059628	-0.0702786
282	497.997	6000	7227.35	0.309587	-0	-0	-0	0.309587	0	0.248172	0	30.5524	0	-0.073047	-0.00992688	-0.0631201	-0.073047
294	501.194	6000	4531.48	0.31166	0	-0	-0	0.31166	0	0.0720427	0	-108.79	0	-0.0687372	-0.00288171	-0.0658555	-0.0687372
306	534.435	6000	2608.94	0.313733	0	-0	-0	0.313733	0	0.347677	0	138.052	0	-0.0809272	-0.0139071	-0.0670201	-0.0809272
318	556.839	6000	3468.46	0.315806	0	-0	-0	0.315806	0	0.318411	0	-99.2133	0	-0.0840564	-0.0127364	-0.07132	-0.0840564
330	579.801	6000	6870.62	0.317879	-0	-0	-0	0.317879	0	-0.00617783	0	-41.9919	0	-0.0741563	0.000247113	-0.0744034	-0.0741563
342	587.352	6000	6545.01	0.319952	-0	-0	-0	0.319952	0	0.555201	0	165.346	0	-0.0973035	-0.022208	-0.0750955	-0.0973035
354	596.465	6000	5455.64	0.322024	0	-0	-0	0.322024	0	0.326925	0	-67.6099	0	-0.0948668	-0.013077	-0.0817898	-0.0948668
366	601.013	6000	5163.55	0.324097	0	-0	-0	0.324097	0	0.113015	0	-51.3293	0	-0.0895822	-0.00452062	-0.0850616	-0.0895822
378	627.97	6000	2613.73	0.32617	0	-0	-0	0.32617	0	0.305108	0	80.5912	0	-0.0988009	-0.0122043	-0.0865966	-0.0988009
390	670.892	6000	4780.48	0.328243	0	-0	-0	0.328243	0	0.157181	0	-114.536	0	-0.0967048	-0.00628723	-0.0904175	-0.0967048
402	677.835	6000	6861.04	0.330316	-0	-0	-0	0.330316	0	0.0975841	0	9.72285	0	-0.0958016	-0.00390336	-0.0918982	-0.0958016
414	675.088	6000	7311.15	0.332389	-0	-0	-0	0.332389	0	0.634486	0	176.359	0	-0.119528	-0.0253794	-0.0941484	-0.119528
426	684.213	6000	8958.36	0.334462	-0	-0	-0	0.334462	0	0.370026	0	-57.3148	0	-0.115992	-0.014801	-0.101191	-0.115992
438	677.724	6000	3552.25	0.336535	0	-0	-0	0.336535	0	0.598302	0	106.927	0	-0.12987	-0.0239321	-0.105938	-0.12987
450	713.068	6000	3085.38	0.338608	0	-0	-0	0.338608	0	0.479641	0	1.82198	0	-0.132274	-0.0191856	-0.113088	-0.132274
462	746.538	6000	4572.18	0.340681	0	-0	-0	0.340681	0	0.401953	0	-47.2591	0	-0.134753	-0.0160781	-0.118675	-0.134753
474	749.521	6000	6197.85	0.342753	-0	-0	-0	0.342753	0	0.527531	0	0.864307	0	-0.144874	-0.0211012	-0.123773	-0.144874
492	780.803	6000	7028.63	0.345863	-0	-0	-0	0.345863	0	0.299255	0	-200.967	0	-0.143907	-0.0119702	-0.131937	-0.143907
504	798.642	6000	2901.03	0.347936	0	-0	-0	0.347936	0	0.468467	0	122.25	0	-0.15466	-0.0187387	-0.135921	-0.15466
516	794.147	6000	4859.49	0.350009	0	-0	-0	0.350009	0	0.314686	0	27.4399	0	-0.153798	-0.0125874	-0.14121	-0.153798
528	829.517	6000	8199.4	0.352082	-0	-0	-0	0.352082	0	0.24764	0	-47.9774	0	-0.154017	-0.00990559	-0.144112	-0.154017
540	840.134	6000	7303.97	0.354154	-0	-0	-0	0.354154	0	0.418448	0	-57.5542	0	-0.164709	-0.0167379	-0.147971	-0.164709
552	841.475	6000	3985.6	0.356227	0	-0	-0	0.356227	0	0.511568	0	195.752	0	-0.174573	-0.0204627	-0.15411	-0.174573
564	879.785	6000	4768.51	0.3583	0	-0	-0	0.3583	0	0.210924	0	-134.887	0	-0.167792	-0.00843696	-0.159355	-0.167792
576	882.937	6000	6489.94	0.360373	-0	-0	-0	0.360373	0	0.130575	0	-58.5119	0	-0.166413	-0.005223	-0.16119	-0.166413
588	922.984	6000	6286.43	0.362446	-0	-0	-0	0.362446	0	0.380136	0	82.0277	0	-0.179287	-0.0152054	-0.164082	-0.179287
600	918.463	6000	4471.63	0.364519	0	-0	-0	0.364519	0	0.319475	0	66.7049	0	-0.181173	-0.012779	-0.168394	-0.181173
612	928.249	6000	4653.59	0.366592	0	-0	-0	0.366592	0	-0.142399	0	-391.066	0	-0.164265	0.00569595	-0.169961	-0.164265
624	957.357	6000	1888.28	0.368665	0	-0	-0	0.368665	0	-0.600015	0	-72.3983	0	-0.143881	0.0240006	-0.167882	-0.143881
636	991.565	6000	3281.71	0.370738	0	-0	-0	0.370738	0	-0.725594	0	329.349	0	-0.126847	0.0290238	-0.155871	-0.126847
648	1011.6	6000	9461.14	0.372811	-0	-0	-0	0.372811	0	0.207731	0	-76.9472	0	-0.159518	-0.00830926	-0.151209	-0.159518
660	968.123	6000	8594.44	0.374883	-0	-0	-0	0.374883	0	-0.465391	0	-12.3038	0	-0.132787	0.0186156	-0.151403	-0.132787
672	953.477	6000	6497.12	0.376956	-0	-0	-0	0.376956	0	-0.502107	0	-274.229	0	-0.125098	0.0200843	-0.145183	-0.125098
684	974.258	6000	1328.04	0.379029	0	-0	-0	0.379029	0	-0.59097	0	69.3385	0	-0.115675	0.0236388	-0.139314	-0.115675
696	1018.42	6000	2903.42	0.381102	0	-0	-0	0.381102	0	-0.645777	0	-67.6099	0	-0.106005	0.0258311	-0.131836	-0.106005
708	1063.81	6000	506.829	0.383175	0	-0	-0	0.383175	0	-0.497318	0	-66.8916	0	-0.104864	0.0198927	-0.124757	-0.104864
720	1092.3	6000	7004.69	0.385248	-0	-0	-0	0.385248	0	-0.781998	0	234.299	0	-0.0865961	0.0312799	-0.117876	-0.0865961
732	1075.31	6000	14797.8	0.387321	-0	-0	-0	0.387321	0	-0.778805	0	94.717	0	-0.0765928	0.0311522	-0.107745	-0.0765928
744	1081.51	6000	10361.4	0.388357	-0	-0	-0	0.388357	0	-0.31161	0	-218.205	0	-0.0895203	0.0124644	-0.101985	-0.0895203
756.001	1067.49	6000	3442.12	0.391467	0	-0	-0	0.391467	0	-0.807007	0	-184.686	0	-0.063379	0.0322803	-0.0956593	-0.063379
768.001	1128.25	6000	2472.47	0.39354	0	-0	-0	0.39354	0	-0.595759	0	92.8017	0	-0.0627514	0.0238303	-0.0865818	-0.0627514
780.001	1114.84	6000	2927.37	0.395612	0	-0	-0	0.395612	0	-0.187096	0	53.0579	0	-0.0745924	0.00748384	-0.0820762	-0.0745924
792.001	1129.85	6000	7392.55	0.397685	-0	-0	-0	0.397685	0	-0.781998	0	87.295	0	-0.0461471	0.0312799	-0.077427	-0.0461471
804.001	1145.3	6000	7454.8	0.399758	-0	-0	-0	0.399758	0	-0.797429	0	-82.6933	0	-0.0351593	0.0318972	-0.0670565	-0.0351593
816.001	1149.74	6000	6140.39	0.401831	-0	-0	-0	0.401831	0	-0.75486	0	-89.6365	0	-0.0280144	0.0301944	-0.0582089	-0.0280144
828.001	1163.1	6000	5005.53	0.403904	0	-0	-0	0.403904	0	-0.81765	0	-7.75483	0	-0.0158699	0.032706	-0.0485759	-0.0158699
840.001	1142.06	6000	9130.74	0.405977	-0	-0	-0	0.405977	0	-0.94376	0	107.885	0	-0.000624143	0.0377504	-0.0383746	-0.000624143
852.001	1138.1	6000	7332.7	0.40805	-0	-0	-0	0.40805	0	-0.61119	0	-0.0933594	0	-0.00376078	0.0244476	-0.0282084	-0.00376078
864.001	1143.72	6000	6219.39	0.410123	-0	-0	-0	0.410123	0	-0.531373	0	33.6649	0	-0.000410957	0.0212549	-0.0216659	-0.000410957
876.001	1168.46	6000	1799.7	0.412196	0	-0	-0	0.412196	0	-0.814457	0	-210.544	0	0.0186234	0.0325783	-0.0139549	0.0186234
888.001	1234.79	6000	2738.22	0.414269	0	-0	-0	0.414269	0	-0.684089	0	52.8185	0	0.0221733	0.0273636	-0.00519026	0.0221733
900.001	1259.93	6000	8187.43	0.416341	-0	-0	-0	0.416341	0	-0.436125	0	457.917	0	0.0195315	0.017445	0.00208655	0.0195315
912.001	1232.72	6000	13466.6	0.418414	-0	-0	-0	0.418414	0	-0.232858	0	22.4121	0	0.015485	0.00931431	0.00617068	0.015485
924.001	1207	6000	9985.47	0.420487	-0	-0	-0	0.420487	0	-0.0466184	0	-92.0307	0	0.00991341	0.00186474	0.00804868	0.00991341
936.001	1235.54	6000	3106.93	0.42256	0	-0	-0	0.42256	0	0.0949236	0	-32.8939	0	0.00406407	-0.00379694	0.00786101	0.00406407
948.001	1253.83	6000	5877.02	0.424633	0	-0	-0	0.424633	0	-0.322253	0	-169.603	0	0.0210296	0.0128901	0.00813948	0.0210296
960.001	1279.03	6000	3698.3	0.426706	0	-0	-0	0.426706	0	-0.162619	0	235.496	0	0.0185464	0.00650476	0.0120416	0.0185464
972.001	1274.7	6000	5240.17	0.428779	0	-0	-0	0.428779	0	0.419512	0	177.078	0	-0.00553633	-0.0167805	0.0112442	-0.00553633
984.001	1294.64	6000	6904.14	0.430852	-0	-0	-0	0.430852	0	0.207731	0	-19.0076	0	-0.00209924	-0.00830926	0.00621002	-0.00209924
996.001	1301.95	6000	5398.18	0.432925	0	-0	-0	0.432925	0	-0.205188	0	-220.36	0	0.0143033	0.00820752	0.00609578	0.0143033
1008	1323.3	6000	6298.4	0.434998	-0	-0	-0	0.434998	0	0.31309	0	211.554	0	-0.0066921	-0.0125236	0.00583149	-0.0066921
1020	1356.23	6000	6087.71	0.437071	-0	-0	-0	0.437071	0	0.297126	0	50.1849	0	-0.0105992	-0.0118851	0.00128582	-0.0105992
1032	1344.71	6000	8536.98	0.439143	-0	-0	-0	0.439143	0	-0.00351726	0	-222.994	0	-0.000667178	0.000140691	-0.000807868	-0.000667178
1044	1361.21	6000	4703.86	0.441216	0	-0	-0	0.441216	0	0.0278774	0	24.8063	0	-0.00196057	-0.0011151	-0.000845478	-0.00196057
1056	1381.84	6000	4076.58	0.443289	0	-0	-0	0.443289	0	0.548284	0	179.951	0	-0.026122	-0.0219313	-0.0041907	-0.026122
1068	1408.97	6000	7160.32	0.445362	-0	-0	-0	0.445362	0	0.339163	0	-113.579	0	-0.0228041	-0.0135665	-0.00923762	-0.0228041
1080	1430.7	6000	9623.95	0.447435	-0	-0	-0	0.447435	0	-1.09169	0	19.7785	0	0.0410777	0.0436675	-0.00258977	0.0410777
1092	1417.01	6000	6348.68	0.449508	-0	-0	-0	0.449508	0	1.48799	0	310.435	0	-0.0606147	-0.0595198	-0.00109489	-0.0606147
1104	1450.12	6000	4744.57	0.451581	0	-0	-0	0.451581	0	0.686633	0	-106.635	0	-0.0453179	-0.0274653	-0.0178525	-0.0453179
1116	1460.58	6000	6063.77	0.453654	-0	-0	-0	0.453654	0	0.280099	0	-284.525	0	-0.0341002	-0.0112039	-0.0228963	-0.0341002
1128	1518.13	6000	4428.53	0.455727	0	-0	-0	0.455727	0	0.802101	0	361.192	0	-0.0606275	-0.032084	-0.0285434	-0.0606275
1140	1554.62	6000	5656.76	0.4578	0	-0	-0	0.4578	0	2.60756	0	395.429	0	-0.144572	-0.104302	-0.0402694	-0.144572
1152	1542.56	6000	11180.2	0.459872	-0	-0	-0	0.459872	0	0.855312	0	7.80747	0	-0.100559	-0.0342125	-0.0663465	-0.100559
1164	1538.83	5999.89	11723.7	0.46194	-0	-0	-0	0.46194	0	1.21289	0	-73.8348	0	-0.125627	-0.0485157	-0.0771115	-0.125627
1175	1517.79	4999.88	6118.84	0.420361	-0	-0	-0	0.420361	0	2.94758	0	-128.662	0	-0.213816	-0.117903	-0.0959124	-0.213816
1184	1526.53	3999.88	3980.82	0.378437	0	-0	-0	0.378437	0	-0.734108	0	-10.149	0	-0.0871945	0.0293643	-0.116559	-0.0871945
1191	1543.07	2999.88	2798.08	0.336167	0	-0	-0	0.336167	0	-2.41878	0	-377.42	0	-0.00034447	0.096751	-0.0970955	-0.00034447
1196	1545.91	1999.88	2632.88	0.293552	-0	-0	-0	0.293552	0	1.5428	0	282.183	0	-0.145497	-0.0617121	-0.0837846	-0.145497
1199	1553.57	999.875	6930.47	0.250591	-0	-0	-0	0.250591	0	1.39062	0	155.051	0	-0.159213	-0.0556247	-0.103588	-0.159213
1200	1495.34	0	2630.49	0.20729	-0	-0	-0	0.20729	0	1.25333	0	-154.28	0	-0.169607	-0.0501333	-0.119474	-0.169607
1200	1431.59	0	4969.62	0.20729	-0	-0	-0	0.20729	0	0.779752	0	-177.504	0	-0.164044	-0.0311901	-0.132854	-0.164044
1200	1391.02	0	1469.3	0.20729	-0	-0	-0	0.20729	0	0.788266	0	-95.622	0	-0.173154	-0.0315307	-0.141623	-0.173154
1200	1340.44	0	442.185	0.20729	-0	-0	-0	0.20729	0	1.03251	0	-19.247	0	-0.194417	-0.0413002	-0.153116	-0.194417
1200	1306.34	0	968.91	0.20729	-0	-0	-0	0.20729	0	0.197089	0	-184.447	0	-0.169929	-0.00788357	-0.162046	-0.169929
1200	1292	0	4576.97	0.20729	-0	-0	-0	0.20729	0	-0.730915	0	-235.922	0	-0.130363	0.0292366	-0.159599	-0.130363
1200	1252.68	0	7325.52	0.20729	-0	-0	-0	0.20729	0	-0.742622	0	-121.958	0	-0.120772	0.0297049	-0.150477	-0.120772
1200	1244.34	0	1821.25	0.20729	-0	-0	-0	0.20729	0	-0.575006	0	-141.83	0	-0.119258	0.0230002	-0.142258	-0.119258
1200	1214.45	0	1397.47	0.20729	-0	-0	-0	0.20729	0	-1.0571	0	-122.916	0	-0.0905458	0.042284	-0.13283	-0.0905458
1200	1212.93	0	-1078.13	0.20729	0	-0	-0	0.20729	0	-0.886292	0	-53.9629	0	-0.085689	0.0354517	-0.121141	-0.085689
1200	1213.87	0	2426.98	0.20729	-0	-0	-0	0.20729	0	-1.15927	0	34.1437	0	-0.0629597	0.0463706	-0.10933	-0.0629597
1200	1221.99	0	1373.53	0.20729	-0	-0	-0	0.20729	0	-1.44182	0	-163.139	0	-0.0361054	0.0576727	-0.0937781	-0.0361054
1200	1200.99	0	-584.927	0.20729	0	-0	-0	0.20729	0	-1.23642	0	-63.0609	0	-0.0280985	0.0494569	-0.0775554	-0.0280985
1200	1182.08	0	-2045.39	0.20729	0	0	-0	0.20729	0	-1.12734	0	175.402	0	-0.0185315	0.0450936	-0.0636251	-0.0185315
1200	1194.58	0	-388.603	0.20729	0	0	-0	0.20729	0	-1.12734	0	-108.072	0	-0.00484698	0.0450936	-0.0499405	-0.00484698
1200	1197.28	0	-1205.03	0.20729	0	0	-0	0.20729	0	-0.861283	0	94.2382	0	-0.00341703	0.0344513	-0.0378683	-0.00341703
1200	1192.3	0	-1712.6	0.20729	0	0	-0	0.20729	0	-0.816053	0	80.3518	0	0.00457921	0.0326421	-0.0280629	0.00457921
1200	1206.34	0	-405.362	0.20729	0	-0	-0	0.20729	0	-0.878842	0	59.7617	0	0.0170047	0.0351537	-0.018149	0.0170047
1200	1196.9	0	4268.12	0.20729	0	0	-0	0.20729	0	-0.938971	0	156.487	0	0.0309777	0.0375588	-0.0065812	0.0309777
1200	1194.05	0	2180.38	0.20729	0	0	-0	0.20729	0	-0.368547	0	-28.345	0	0.017037	0.0147419	0.00229515	0.017037
1200	1188.65	0	885.112	0.20729	0	0	-0	0.20729	0	-0.194546	0	51.8608	0	0.0132895	0.00778183	0.00550768	0.0132895
1200	1174.29	0	-1116.44	0.20729	0	0	-0	0.20729	0	0.0406481	0	156.248	0	0.00519146	-0.00162592	0.00681738	0.00519146
1200	1212.55	0	257.832	0.20729	-0	-0	-0	0.20729	0	-0.021077	0	-23.3171	0	0.00718545	0.000843079	0.00634237	0.00718545
1200	1212.98	0	2824.42	0.20729	-0	-0	-0	0.20729	0	0.0587399	0	106.449	0	0.00406372	-0.0023496	0.00641332	0.00406372
1200	1213.05	0	3636.05	0.20729	-0	-0	-0	0.20729	0	0.108226	0	197.668	0	0.00166991	-0.00432906	0.00599897	0.00166991
1200	1213.48	0	679.211	0.20729	-0	-0	-0	0.20729	0	0.339163	0	-4.16352	0	-0.0104083	-0.0135665	0.00315819	-0.0104083
1200	1199.93	0	-1535.43	0.20729	0	0	-0	0.20729	0	0.379604	0	-43.189	0	-0.0157064	-0.0151842	-0.000522262	-0.0157064
1200	1244.94	0	243.466	0.20729	-0	-0	-0	0.20729	0	0.414723	0	55.6915	0	-0.0224135	-0.0165889	-0.00582459	-0.0224135
1200	1240.53	0	-1535.43	0.20729	0	-0	-0	0.20729	0	0.50465	0	93.2805	0	-0.0317248	-0.020186	-0.0115388	-0.0317248
1200	1199.56	0	-2617.6	0.20729	0	0	-0	0.20729	0	0.336503	0	2.77966	0	-0.0299883	-0.0134601	-0.0165282	-0.0299883
1200	1197.06	0	466.127	0.20729	0	0	-0	0.20729	0	0.664284	0	0.385468	0	-0.0483923	-0.0265714	-0.021821	-0.0483923
1200	1185.96	0	-43.8378	0.20729	0	0	-0	0.20729	0	0.64566	0	20.7362	0	-0.0562925	-0.0258264	-0.030466	-0.0562925
1200	1195.61	0	-1952.02	0.20729	0	0	-0	0.20729	0	0.623843	0	77.4788	0	-0.0629283	-0.0249537	-0.0379745	-0.0629283
1200	1157.16	0	-132.423	0.20729	0	0	-0	0.20729	0	0.392375	0	-239.992	0	-0.0574126	-0.015695	-0.0417176	-0.0574126
1200	1172.82	0	372.753	0.20729	0	0	-0	0.20729	0	0.284888	0	79.1547	0	-0.0571064	-0.0113955	-0.0457109	-0.0571064
1200	1147.81	0	3358.32	0.20729	0	0	-0	0.20729	0	0.320007	0	31.9889	0	-0.0620288	-0.0128003	-0.0492285	-0.0620288
1200	1168.96	0	1347.19	0.20729	0	0	-0	0.20729	0	0.494008	0	-4.40294	0	-0.0733078	-0.0197603	-0.0535475	-0.0733078
1200	1179.55	0	1112.56	0.20729	0	0	-0	0.20729	0	0.505715	0	48.7483	0	-0.079867	-0.0202286	-0.0596385	-0.079867
1200	1188.21	0	-352.69	0.20729	0	0	-0	0.20729	0	0.392907	0	-64.7368	0	-0.0812924	-0.0157163	-0.0655761	-0.0812924
1200	1187.77	0	-778.858	0.20729	0	0	-0	0.20729	0	0.456228	0	-56.5965	0	-0.0881538	-0.0182491	-0.0699047	-0.0881538
1200	1160.72	0	1778.15	0.20729	0	0	-0	0.20729	0	0.435476	0	-88.6788	0	-0.0934434	-0.017419	-0.0760243	-0.0934434
1200	1192.51	0	3468.46	0.20729	0	0	-0	0.20729	0	0.561054	0	158.882	0	-0.10396	-0.0224422	-0.0815182	-0.10396
1200	1211.88	0	1581.83	0.20729	-0	-0	-0	0.20729	0	0.442393	0	-60.4273	0	-0.105953	-0.0176957	-0.0882573	-0.105953
1200	1223.13	0	-290.441	0.20729	0	-0	-0	0.20729	0	0.205603	0	-103.523	0	-0.101286	-0.00822412	-0.0930615	-0.101286
1200	1214.53	0	-201.855	0.20729	0	-0	-0	0.20729	0	-0.117921	0	-125.789	0	-0.0903554	0.00471686	-0.0950722	-0.0903554
1200	1188.77	0	-3065.32	0.20729	0	0	-0	0.20729	0	-0.210509	0	-76.9473	0	-0.0847228	0.00842036	-0.0931431	-0.0847228
1200	1197.91	0	-1784.42	0.20729	0	0	-0	0.20729	0	-0.338748	0	-51.3293	0	-0.0764413	0.0135499	-0.0899913	-0.0764413
1200	1180.41	0	-108.481	0.20729	0	0	-0	0.20729	0	-0.107279	0	108.603	0	-0.0823854	0.00429117	-0.0866766	-0.0823854
1200	1171.8	0	-22.29	0.20729	0	0	-0	0.20729	0	-0.0577927	0	-37.4429	0	-0.0832595	0.00231171	-0.0855712	-0.0832595
1200	1204.7	0	-948.846	0.20729	0	-0	-0	0.20729	0	-0.289262	0	-157.871	0	-0.0735084	0.0115705	-0.0850788	-0.0735084
1200	1188.79	0	-2620	0.20729	0	0	-0	0.20729	0	-0.385042	0	117.941	0	-0.0656888	0.0154017	-0.0810905	-0.0656888
1200	1188.37	0	-2354.24	0.20729	0	0	-0	0.20729	0	-0.305757	0	-22.5989	0	-0.0644153	0.0122303	-0.0766456	-0.0644153
1200	1169.43	0	401.484	0.20729	0	0	-0	0.20729	0	-0.427611	0	-114.297	0	-0.0555847	0.0171044	-0.0726892	-0.0555847
1200	1150.81	0	3645.63	0.20729	0	0	-0	0.20729	0	-0.667594	0	-125.071	0	-0.0413202	0.0267038	-0.0680239	-0.0413202
1200	1187.08	0	2944.13	0.20729	0	0	-0	0.20729	0	-0.29884	0	359.755	0	-0.0474047	0.0119536	-0.0593583	-0.0474047
1200	1190.53	0	-1173.9	0.20729	0	0	-0	0.20729	0	-0.132821	0	-55.8783	0	-0.0513885	0.00531282	-0.0567013	-0.0513885
1200	1189	0	351.205	0.20729	0	0	-0	0.20729	0	-0.266381	0	-52.287	0	-0.0440563	0.0106552	-0.0547116	-0.0440563
1200	1200.02	0	-419.728	0.20729	0	-0	-0	0.20729	0	-0.149848	0	32.9466	0	-0.046	0.00599393	-0.0519939	-0.046
1200	1185.7	0	1162.84	0.20729	0	0	-0	0.20729	0	-0.204124	0	-9.9096	0	-0.0424522	0.00816495	-0.0506172	-0.0424522
1200	1208.02	0	9437.2	0.20729	-0	-0	-0	0.20729	0	0.497733	0	-31.9362	0	-0.0760395	-0.0199093	-0.0561302	-0.0760395
1200	1230.02	0	5206.65	0.20729	-0	-0	-0	0.20729	0	-0.482419	0	30.0736	0	-0.0378001	0.0192967	-0.0570969	-0.0378001
1200	1196.92	0	-1916.1	0.20729	0	0	-0	0.20729	0	-0.425483	0	-121.958	0	-0.0350165	0.0170193	-0.0520358	-0.0350165
1200	1194.11	0	-2414.1	0.20729	0	0	-0	0.20729	0	-0.391959	0	53.7762	0	-0.0310856	0.0156784	-0.046764	-0.0310856
1200	1172.66	0	-2291.99	0.20729	0	0	-0	0.20729	0	-0.280216	0	77.9576	0	-0.0313691	0.0112086	-0.0425777	-0.0313691
1200	1189.02	0	-4281.58	0.20729	0	0	-0	0.20729	0	-0.194014	0	68.6202	0	-0.0314386	0.00776054	-0.0391991	-0.0314386
1200	1190.59	0	-1262.49	0.20729	0	0	-0	0.20729	0	-0.159426	0	-50.3716	0	-0.0305482	0.00637705	-0.0369252	-0.0305482
1200	1183.34	0	-730.974	0.20729	0	0	-0	0.20729	0	-0.25361	0	-44.6255	0	-0.0246634	0.0101444	-0.0348078	-0.0246634
1200	1178.32	0	-1509.09	0.20729	0	0	-0	0.20729	0	-0.297776	0	14.0324	0	-0.0196236	0.011911	-0.0315346	-0.0196236
1200	1155.68	0	-508.313	0.20729	0	0	-0	0.20729	0	-0.144527	0	89.2104	0	-0.0225665	0.00578108	-0.0283476	-0.0225665
1200	1169.54	0	1512.39	0.20729	0	0	-0	0.20729	0	-0.222748	0	-141.591	0	-0.017863	0.00890991	-0.0267729	-0.017863
1200	1192.69	0	3865.89	0.20729	0	0	-0	0.20729	0	0.381732	0	264.705	0	-0.0399886	-0.0152693	-0.0247193	-0.0399886
1200	1179.9	0	5185.1	0.20729	0	0	-0	0.20729	0	0.508375	0	117.941	0	-0.0497533	-0.020335	-0.0294183	-0.0497533
1200	1199.72	0	-601.687	0.20729	0	0	-0	0.20729	0	0.325328	0	-110.227	0	-0.0481041	-0.0130131	-0.0350909	-0.0481041
1200	1174.79	0	-1307.98	0.20729	0	0	-0	0.20729	0	0.299255	0	24.5669	0	-0.0504734	-0.0119702	-0.0385032	-0.0504734
1200	1191.01	0	-302.412	0.20729	0	0	-0	0.20729	0	0.4541	0	-30.9786	0	-0.0609479	-0.018164	-0.0427839	-0.0609479
1200	1196.4	0	-314.383	0.20729	0	0	-0	0.20729	0	0.228484	0	3.73735	0	-0.0572351	-0.00913935	-0.0480958	-0.0572351
1200	1188.34	0	6710.21	0.20729	0	0	-0	0.20729	0	0.146538	0	-24.0354	0	-0.0569258	-0.00586154	-0.0510643	-0.0569258
1200	1188.26	0	-3287.98	0.20729	0	0	-0	0.20729	0	0.0560794	0	-114.057	0	-0.0542646	-0.00224317	-0.0520214	-0.0542646
1200	1193.32	0	130.939	0.20729	0	0	-0	0.20729	0	0.334374	0	184.26	0	-0.0662609	-0.013375	-0.0528859	-0.0662609
1200	1184.5	0	-1719.78	0.20729	0	0	-0	0.20729	0	0.113548	0	-187.559	0	-0.0612838	-0.0045419	-0.0567419	-0.0612838
1200	1227.1	0	-1114.05	0.20729	0	-0	-0	0.20729	0	0.0560793	0	35.8197	0	-0.0601817	-0.00224317	-0.0579385	-0.0601817
1200	1198.46	0	-137.212	0.20729	0	0	-0	0.20729	0	-0.0381046	0	13.793	0	-0.0565637	0.00152418	-0.0580879	-0.0565637
1200	1192.78	0	-1324.74	0.20729	0	0	-0	0.20729	0	0.266264	0	-4.88178	0	-0.068875	-0.0106506	-0.0582244	-0.068875
1200	1189.3	0	-1315.16	0.20729	0	0	-0	0.20729	0	-0.063646	0	-118.846	0	-0.0586375	0.00254584	-0.0611833	-0.0586375
1200	1173.86	0	1033.55	0.20729	0	0	-0	0.20729	0	0.0832171	0	65.7472	0	-0.0642719	-0.00332868	-0.0609432	-0.0642719
1200	1192.39	0	-352.69	0.20729	0	0	-0	0.20729	0	-0.265849	0	-104.481	0	-0.0504235	0.010634	-0.0610574	-0.0504235
1200	1184.61	0	794.133	0.20729	0	0	-0	0.20729	0	-0.113665	0	113.631	0	-0.0533526	0.00454658	-0.0578992	-0.0533526
1200	1192.95	0	660.057	0.20729	0	0	-0	0.20729	0	0.0230884	0	-14.2192	0	-0.0578834	-0.000923535	-0.0569598	-0.0578834
1200	1197.88	0	681.605	0.20729	0	0	-0	0.20729	0	0.0443729	0	27.2005	0	-0.0596663	-0.00177491	-0.0578914	-0.0596663
1200	1168.3	0	729.489	0.20729	0	0	-0	0.20729	0	0.0289416	0	49.2272	0	-0.059805	-0.00115766	-0.0586473	-0.059805
1200	1202.03	0	1897.86	0.20729	-0	-0	-0	0.20729	0	0.262007	0	239.327	0	-0.069724	-0.0104803	-0.0592437	-0.069724
1200	1220.4	0	6545.01	0.20729	-0	-0	-0	0.20729	0	0.392375	0	-142.07	0	-0.0777667	-0.015695	-0.0620717	-0.0777667
1200	1219.59	0	1598.58	0.20729	-0	-0	-0	0.20729	0	1.04634	0	-127.704	0	-0.115386	-0.0418536	-0.0735327	-0.115386
1200	1228.87	0	-960.817	0.20729	0	-0	-0	0.20729	0	-0.327574	0	-4.40294	0	-0.06767	0.013103	-0.080773	-0.06767
1200	1191.52	0	-2993.49	0.20729	0	0	-0	0.20729	0	-0.0434257	0	-161.702	0	-0.0758873	0.00173703	-0.0776243	-0.0758873
1200	1215.26	0	-3618.38	0.20729	0	-0	-0	0.20729	0	-0.0694992	0	132.067	0	-0.0743551	0.00277997	-0.0771351	-0.0743551
1200	1199.84	0	-1703.02	0.20729	0	0	-0	0.20729	0	-0.262124	0	-88.2	0	-0.0652319	0.010485	-0.0757169	-0.0652319
1200	1208.86	0	-1238.54	0.20729	0	-0	-0	0.20729	0	0.0762996	0	127.278	0	-0.0765045	-0.00305198	-0.0734526	-0.0765045
1200	1187.48	0	-1219.39	0.20729	0	0	-0	0.20729	0	0.0491619	0	-20.6835	0	-0.0765773	-0.00196648	-0.0746108	-0.0765773
1200	1181.28	0	777.373	0.20729	0	0	-0	0.20729	0	0.119933	0	36.2985	0	-0.0799821	-0.00479731	-0.0751848	-0.0799821
1200	1191.84	0	2673.58	0.20729	0	0	-0	0.20729	0	-0.418565	0	-218.923	0	-0.0589299	0.0167426	-0.0756726	-0.0589299
1200	1198.08	0	1265.79	0.20729	0	0	-0	0.20729	0	-0.248289	0	-35.0487	0	-0.0604404	0.00993156	-0.070372	-0.0604404
1200	1194.21	0	2951.31	0.20729	0	0	-0	0.20729	0	-0.19827	0	37.2562	0	-0.0601513	0.00793082	-0.0680822	-0.0601513
1200	1180.57	0	-1243.33	0.20729	0	0	-0	0.20729	0	-0.204124	0	-18.7681	0	-0.0574294	0.00816495	-0.0655944	-0.0574294
1200	1169.07	0	-1612.04	0.20729	0	0	-0	0.20729	0	-0.236583	0	46.833	0	-0.0532889	0.0094633	-0.0627522	-0.0532889
1200	1186.69	0	11.2288	0.20729	0	0	-0	0.20729	0	-0.0753525	0	32.4678	0	-0.0569406	0.0030141	-0.0599547	-0.0569406
1200	1217.92	0	3815.62	0.20729	-0	-0	-0	0.20729	0	-0.278087	0	-211.501	0	-0.0479812	0.0111235	-0.0591047	-0.0479812
1200	1211.04	0	6056.59	0.20729	-0	-0	-0	0.20729	0	-0.320656	0	65.7472	0	-0.0422103	0.0128263	-0.0550366	-0.0422103
1200	1210.82	0	-702.243	0.20729	0	-0	-0	0.20729	0	-0.263188	0	156.487	0	-0.04099	0.0105275	-0.0515175	-0.04099
1200	1202.49	0	-2888.15	0.20729	0	-0	-0	0.20729	0	-0.147188	0	54.7338	0	-0.042392	0.00588751	-0.0482795	-0.042392
1200	1199.53	0	-1504.3	0.20729	0	0	-0	0.20729	0	0.0289416	0	-42.4707	0	-0.0484307	-0.00115766	-0.0472731	-0.0484307
1200	1231.06	0	-910.539	0.20729	0	-0	-0	0.20729	0	-0.163151	0	-30.9786	0	-0.0410752	0.00652604	-0.0476012	-0.0410752
1200	1216.78	0	-1638.38	0.20729	0	-0	-0	0.20729	0	-0.228601	0	-59.2302	0	-0.0360237	0.00914404	-0.0451677	-0.0360237
1200	1212.7	0	-316.777	0.20729	0	-0	-0	0.20729	0	0.0645932	0	151.938	0	-0.045535	-0.00258373	-0.0429513	-0.045535
1200	1180.88	0	-838.713	0.20729	0	0	-0	0.20729	0	0.238594	0	129.433	0	-0.0536054	-0.00954376	-0.0440616	-0.0536054
1200	1188.54	0	-1485.15	0.20729	0	0	-0	0.20729	0	-0.0679029	0	-71.2012	0	-0.043966	0.00271612	-0.0466821	-0.043966
1200	1202.73	0	-642.388	0.20729	0	-0	-0	0.20729	0	-0.0301229	0	-175.588	0	-0.045071	0.00120492	-0.0462759	-0.045071
1200	1196.13	0	-5.53061	0.20729	0	0	-0	0.20729	0	-0.0726919	0	4.45561	0	-0.0429461	0.00290768	-0.0458538	-0.0429461
1200	1192.7	0	2053.48	0.20729	0	0	-0	0.20729	0	0.0645932	0	35.5802	0	-0.0476163	-0.00258373	-0.0450326	-0.0476163
1200	1194.74	0	1380.71	0.20729	0	0	-0	0.20729	0	0.112483	0	28.1582	0	-0.0506965	-0.00449933	-0.0461972	-0.0506965
1200	1205.11	0	717.518	0.20729	-0	-0	-0	0.20729	0	0.0518224	0	32.7072	0	-0.0494858	-0.0020729	-0.0474129	-0.0494858
1200	1225.26	0	312.898	0.20729	-0	-0	-0	0.20729	0	0.0598041	0	-1.05105	0	-0.0500981	-0.00239217	-0.0477059	-0.0500981
1200	1213.27	0	-278.47	0.20729	0	-0	-0	0.20729	0	0.0241526	0	-64.9762	0	-0.0488469	-0.000966104	-0.0478808	-0.0488469
1200	1239.91	0	1998.42	0.20729	-0	-0	-0	0.20729	0	0.223695	0	116.265	0	-0.0573356	-0.00894779	-0.0483878	-0.0573356
1200	1230.04	0	6272.07	0.20729	-0	-0	-0	0.20729	0	0.284356	0	-51.0899	0	-0.0626219	-0.0113742	-0.0512477	-0.0626219
1200	1215.42	0	3959.27	0.20729	-0	-0	-0	0.20729	0	0.312025	0	55.2127	0	-0.0667834	-0.012481	-0.0543024	-0.0667834
1200	1238.2	0	-958.423	0.20729	0	-0	-0	0.20729	0	0.223163	0	37.9744	0	-0.066721	-0.00892651	-0.0577945	-0.066721
1200	1245.37	0	-4319.88	0.20729	0	-0	-0	0.20729	0	0.035327	0	25.0458	0	-0.0609724	-0.00141308	-0.0595593	-0.0609724
1200	1246.7	0	-3510.64	0.20729	0	-0	-0	0.20729	0	0.0864098	0	46.1147	0	-0.0672134	-0.00671292	-0.0605005	-0.0672134
1200	1220.7	0	-0.742188	0.20729	0	-0	-0	0.20729	0	0.184318	0	-73.1165	0	-0.0693986	-0.00737274	-0.0620259	-0.0693986
1200	1207.69	0	90.2375	0.20729	-0	-0	-0	0.20729	0	0.256154	0	-75.9896	0	-0.074835	-0.0102461	-0.0645889	-0.074835
1200	1217.41	0	-2133.98	0.20729	0	-0	-0	0.20729	0	0.0757675	0	15.7084	0	-0.0697037	-0.0030307	-0.066673	-0.0697037
1200	1206.32	0	42.3534	0.20729	-0	-0	-0	0.20729	0	0.266264	0	13.0747	0	-0.0787308	-0.0106506	-0.0680803	-0.0787308
1200	1213.02	0	-448.458	0.20729	0	-0	-0	0.20729	0	-0.0487468	0	-32.1757	0	-0.0688499	0.00194987	-0.0707997	-0.0688499
1200	1196.8	0	-3153.91	0.20729	0	0	-0	0.20729	0	0.0151067	0	-4.88177	0	-0.0707201	-0.000604267	-0.0701158	-0.0707201
1200	1181.49	0	221.919	0.20729	0	0	-0	0.20729	0	0.516889	0	126.799	0	-0.0910141	-0.0206756	-0.0703386	-0.0910141
1200	1203.32	0	2750.2	0.20729	-0	-0	-0	0.20729	0	0.854248	0	-65.6945	0	-0.118153	-0.0341699	-0.0839834	-0.118153
1200	1223.14	0	786.95	0.20729	-0	-0	-0	0.20729	0	-0.125371	0	-21.6412	0	-0.0854458	0.00501484	-0.0904606	-0.0854458
1200	1227.15	0	-321.565	0.20729	0	-0	-0	0.20729	0	0.248172	0	4.93445	0	-0.100026	-0.00992688	-0.0900991	-0.100026
1200	1215.99	0	1162.84	0.20729	-0	-0	-0	0.20729	0	0.0645932	0	-118.606	0	-0.0954087	-0.00258373	-0.092825	-0.0954087
1200	1203.71	0	6133.2	0.20729	-0	-0	-0	0.20729	0	-0.0248018	0	-67.3705	0	-0.0929241	0.000992071	-0.0939162	-0.0929241
1200	1238.4	0	6015.89	0.20729	-0	-0	-0	0.20729	0	-0.296711	0	1.34314	0	-0.0809775	0.0118685	-0.0928459	-0.0809775
1200	1227.67	0	-1679.08	0.20729	0	-0	-0	0.20729	0	-0.157298	0	9.96227	0	-0.0834245	0.00629191	-0.0897164	-0.0834245
1200	1227.77	0	-194.673	0.20729	0	-0	-0	0.20729	0	-0.379189	0	-49.8928	0	-0.0722015	0.0151676	-0.0873691	-0.0722015
1200	1226.54	0	-185.096	0.20729	0	-0	-0	0.20729	0	-0.310546	0	-9.19134	0	-0.0705981	0.0124218	-0.08302	-0.0705981
1200	1210.21	0	-3316.71	0.20729	0	-0	-0	0.20729	0	-0.645245	0	-2.96642	0	-0.0527653	0.0258098	-0.0785751	-0.0527653
1200	1198.42	0	-3604.02	0.20729	0	0	-0	0.20729	0	-0.730383	0	-20.6835	0	-0.0410804	0.0292153	-0.0702957	-0.0410804
1200	1198.2	0	-2129.19	0.20729	0	0	-0	0.20729	0	-0.446235	0	-62.3426	0	-0.044365	0.0178494	-0.0622144	-0.044365
1200	1203.12	0	-675.907	0.20729	0	-0	-0	0.20729	0	-0.505299	0	-0.332794	0	-0.0367434	0.020212	-0.0569553	-0.0367434
1200	1215.48	0	-496.342	0.20729	0	-0	-0	0.20729	0	-0.688346	0	1.34315	0	-0.022895	0.0275338	-0.0504288	-0.022895
1200	1251.02	0	1936.17	0.20729	-0	-0	-0	0.20729	0	-0.612786	0	16.1872	0	-0.0145975	0.0272997	-0.0418973	-0.0145975
1200	1220.7	0	4117.29	0.20729	-0	-0	-0	0.20729	0	-0.49785	0	46.1147	0	-0.0142116	0.019914	-0.0341256	-0.0142116
1200	1226.6	0	5216.22	0.20729	-0	-0	-0	0.20729	0	-0.278619	0	128.715	0	-0.0179293	0.0111448	-0.0290741	-0.0179293
1200	1216.55	0	-1746.12	0.20729	0	-0	-0	0.20729	0	0.0805565	0	21.4544	0	-0.028822	-0.00322226	-0.0255997	-0.028822
1200	1216.19	0	8.83459	0.20729	-0	-0	-0	0.20729	0	-0.214766	0	38.4533	0	-0.0177555	0.00859064	-0.0263461	-0.0177555
1200	1207.22	0	-484.371	0.20729	0	-0	-0	0.20729	0	0.0603362	0	22.1727	0	-0.0266804	-0.00241345	-0.024267	-0.0266804
1200	1236.49	0	1047.92	0.20729	-0	-0	-0	0.20729	0	0.0475655	0	-74.553	0	-0.026817	-0.00190262	-0.0249144	-0.026817
1200	1242.76	0	1272.97	0.20729	-0	-0	-0	0.20729	0	0.294998	0	103.576	0	-0.0380609	-0.0117999	-0.026261	-0.0380609
1200	1220.91	0	-1092.5	0.20729	0	-0	-0	0.20729	0	0.379604	0	104.533	0	-0.0443019	-0.0151842	-0.0291178	-0.0443019
1200	1218.1	0	-1959.2	0.20729	0	-0	-0	0.20729	0	0.227952	0	-22.3594	0	-0.0429411	-0.00911807	-0.0338231	-0.0429411
1200	1213.12	0	150.092	0.20729	-0	-0	-0	0.20729	0	0.287548	0	-43.6678	0	-0.0479199	-0.0115019	-0.036418	-0.0479199
1200	1225.92	0	-1868.22	0.20729	0	-0	-0	0.20729	0	0.1923	0	-1.76932	0	-0.0473594	-0.00769201	-0.0396674	-0.0473594
1200	1249.28	0	-232.98	0.20729	0	-0	-0	0.20729	0	0.244447	0	45.8753	0	-0.0513985	-0.00977789	-0.0416206	-0.0513985
1200	1225.77	0	-549.014	0.20729	0	-0	-0	0.20729	0	0.184318	0	-76.7078	0	-0.0519523	-0.00737274	-0.0445796	-0.0519523
1200	1216.25	0	-1896.95	0.20729	0	-0	-0	0.20729	0	0.0954557	0	82.0278	0	-0.0504244	-0.00381823	-0.0466062	-0.0504244
1200	1192.9	0	-398.18	0.20729	0	0	-0	0.20729	0	0.506779	0	60.4799	0	-0.0685368	-0.0202711	-0.0482657	-0.0685368
1200	1193.46	0	-939.269	0.20729	0	0	-0	0.20729	0	0.293402	0	-95.622	0	-0.0658468	-0.0117361	-0.0541108	-0.0658468
1200	1193.85	0	2757.38	0.20729	0	0	-0	0.20729	0	0.390246	0	26.0034	0	-0.0737874	-0.0156098	-0.0581775	-0.0737874
1200	1197.02	0	4361.49	0.20729	0	0	-0	0.20729	0	0.371622	0	60.0011	0	-0.0772593	-0.0148649	-0.0623944	-0.0772593
1200	1216.45	0	-36.6552	0.20729	0	-0	-0	0.20729	0	0.377475	0	-11.5855	0	-0.0818379	-0.015099	-0.0667389	-0.0818379
1200	1215.38	0	-268.893	0.20729	0	-0	-0	0.20729	0	0.42643	0	43.2417	0	-0.0896061	-0.0170572	-0.0725489	-0.0896061
1200	1214.94	0	2233.05	0.20729	-0	-0	-0	0.20729	0	0.389182	0	-34.091	0	-0.0922436	-0.0155673	-0.0766763	-0.0922436
1200	1222.29	0	1457.33	0.20729	-0	-0	-0	0.20729	0	0.255089	0	-49.4139	0	-0.0916969	-0.0102036	-0.0814933	-0.0916969
1200	1249.68	0	5702.25	0.20729	-0	-0	-0	0.20729	0	0.225823	0	13.0747	0	-0.0934501	-0.00903293	-0.0844171	-0.0934501
1200	1232.79	0	1672.8	0.20729	-0	-0	-0	0.20729	0	0.262007	0	-50.8505	0	-0.0983512	-0.0104803	-0.0878709	-0.0983512
1200	1203.75	0	-2007.08	0.20729	0	-0	-0	0.20729	0	0.0518224	0	8.28633	0	-0.0927718	-0.0020729	-0.0906989	-0.0927718
1200	1204.33	0	-3426.84	0.20729	0	-0	-0	0.20729	0	0.0693822	0	-73.8348	0	-0.093531	-0.00277529	-0.0907557	-0.093531
1200	1228.37	0	-4506.63	0.20729	0	-0	-0	0.20729	0	-0.619172	0	-224.909	0	-0.066566	0.0247669	-0.0913329	-0.066566
1200	1229.64	0	-1264.88	0.20729	0	-0	-0	0.20729	0	-0.32917	0	71.9721	0	-0.0711031	0.0131668	-0.0842699	-0.0711031
1200	1226.22	0	-1882.58	0.20729	0	-0	-0	0.20729	0	-0.445171	0	-51.0899	0	-0.0620948	0.0178068	-0.0799017	-0.0620948
1200	1211.71	0	-1748.51	0.20729	0	-0	-0	0.20729	0	-0.355244	0	82.9854	0	-0.0602445	0.0142097	-0.0744543	-0.0602445
1200	1193.21	0	1897.86	0.20729	0	0	-0	0.20729	0	-0.42495	0	-68.5675	0	-0.0529539	0.016998	-0.0699519	-0.0529539
1200	1208.9	0	387.118	0.20729	-0	-0	-0	0.20729	0	-0.783062	0	-70.2435	0	-0.0334502	0.0313225	-0.0647727	-0.0334502
1200	1211.86	0	3841.95	0.20729	-0	-0	-0	0.20729	0	-0.386638	0	124.884	0	-0.0400764	0.0154655	-0.0555419	-0.0400764
1200	1232.37	0	-237.768	0.20729	0	-0	-0	0.20729	0	-0.049279	0	74.1269	0	-0.0498219	0.00197116	-0.051793	-0.0498219
1200	1226.13	0	-1403.74	0.20729	0	-0	-0	0.20729	0	-0.298308	0	-74.0742	0	-0.0390555	0.0119323	-0.0509878	-0.0390555
1200	1219.69	0	1253.82	0.20729	-0	-0	-0	0.20729	0	-0.259996	0	47.0724	0	-0.0368454	0.0103998	-0.0472453	-0.0368454
1200	1237.46	0	1124.53	0.20729	-0	-0	-0	0.20729	0	-0.152509	0	-25.2325	0	-0.0383794	0.00610035	-0.0444797	-0.0383794
1200	1224.44	0	5151.58	0.20729	-0	-0	-0	0.20729	0	-0.156766	0	95.4353	0	-0.0367206	0.00627063	-0.0429912	-0.0367206
1200	1244.57	0	3920.96	0.20729	-0	-0	-0	0.20729	0	-0.36695	0	-130.577	0	-0.0260425	0.014678	-0.0407205	-0.0260425
1200	1235.92	0	-2622.39	0.20729	0	-0	-0	0.20729	0	-0.221151	0	60.7194	0	-0.0276371	0.00884605	-0.0364831	-0.0276371
1200	1229.53	0	-2062.15	0.20729	0	-0	-0	0.20729	0	-0.0375725	0	-55.6389	0	-0.0329745	0.0015029	-0.0344774	-0.0329745
1200	1237.56	0	-3074.9	0.20729	0	-0	-0	0.20729	0	-0.0748204	0	144.756	0	-0.0307815	0.00299281	-0.0337743	-0.0307815
1200	1237.48	0	-1099.68	0.20729	0	-0	-0	0.20729	0	0.156649	0	100.942	0	-0.0389637	-0.00626595	-0.0326977	-0.0389637
1200	1268.02	0	-716.609	0.20729	0	-0	-0	0.20729	0	0.274778	0	10.92	0	-0.0459677	-0.0109911	-0.0349766	-0.0459677
1199.75	1224.83	-497.937	-900.962	0.185597	0	-0	-0	0.185597	0	0.15452	0	-64.4974	0	-0.0442887	-0.00618081	-0.0381079	-0.0442887
1197.76	1206.9	-1497.92	-1370.23	0.141774	-0	-0	-0	0.141774	0	0.144942	0	-23.796	0	-0.0462706	-0.00579769	-0.040473	-0.0462706
1193.76	1219.76	-2497.91	-1025.46	0.0976051	-0	-0	-0	0.0976051	0	0.0896024	0	83.9431	0	-0.045426	-0.0035841	-0.0418419	-0.045426
1187.76	1230.57	-3497.9	-3759.64	0.0530909	0	-0	-0	0.0530909	0	0.0997126	0	-309.185	0	-0.0474165	-0.0039885	-0.043428	-0.0474165
1179.77	1243.89	-4497.89	-1061.37	0.00823133	-0	-0	-0	0.00823133	0	0.0268132	0	-94.4249	0	-0.0454289	-0.00107253	-0.0443563	-0.0454289
1169.77	1225.01	-5497.87	-101.299	-0.0369738	-0	-0	-0	-0.0369738	0	0.254557	0	159.121	0	-0.0561534	-0.0101823	-0.0459711	-0.0561534
1158.03	1171.07	-6000	-1832.31	-0.0608351	-0	-0	-0	-0.0608351	0	0.000207525	0	-142.788	0	-0.0482647	-8.30099e-06	-0.0482564	-0.0482647
1146.03	1156.63	-6000	-522.678	-0.062908	-0	-0	-0	-0.062908	0	-0.133353	0	-23.3171	0	-0.0422766	0.00533411	-0.0476108	-0.0422766
1134.03	1121.73	-6000	-2574.51	-0.0649808	0	0	-0	-0.0649808	0	0.108226	0	-54.6812	0	-0.0515688	-0.00432906	-0.0472397	-0.0515688
1122.03	1085.92	-6000	-5924	-0.0670537	0	0	-0	-0.0670537	0	0.117272	0	73.8875	0	-0.0531942	-0.00469089	-0.0485033	-0.0531942
1110.03	1070.97	-6000	-3156.3	-0.0691266	0	0	-0	-0.0691266	0	0.0140425	0	5.41329	0	-0.0497699	-0.000561698	-0.0492082	-0.0497699
1098.03	1048.44	-6000	-2102.85	-0.0711994	0	0	-0	-0.0711994	0	0.171016	0	51.8608	0	-0.0572932	-0.00684063	-0.0504526	-0.0572932
1086.03	992.217	-6000	-1027.85	-0.0732723	0	0	-0	-0.0732723	0	0.130575	0	4.69503	0	-0.057565	-0.005223	-0.052342	-0.057565
1074.03	962.226	-6000	-1049.4	-0.0753452	0	0	-0	-0.0753452	0	0.129511	0	-75.9896	0	-0.0590606	-0.00518044	-0.0538801	-0.0590606
1062.03	921.251	-6000	-3881.74	-0.0774181	0	0	-0	-0.0774181	0	-0.0631139	0	-85.8058	0	-0.051754	0.00252455	-0.0542785	-0.051754
1050.03	894.642	-6000	-7925.55	-0.0794909	0	0	-0	-0.0794909	0	0.579146	0	318.575	0	-0.0791198	-0.0231658	-0.055954	-0.0791198
1038.03	914.418	-6000	-5256.01	-0.0815638	0	0	-0	-0.0815638	0	0.896817	0	96.1535	0	-0.100612	-0.0358727	-0.0647395	-0.100612
1026.03	883.967	-6000	-3728.51	-0.0836367	0	0	-0	-0.0836367	0	1.08519	0	80.3518	0	-0.119624	-0.0434074	-0.0762165	-0.119624
1014.03	862.156	-6000	-2529.02	-0.0857095	0	0	-0	-0.0857095	0	1.07774	0	20.7362	0	-0.132734	-0.0431094	-0.089625	-0.132734
1002.03	827.593	-6000	-3010.25	-0.0877824	0	0	-0	-0.0877824	0	0.881386	0	-106.875	0	-0.137188	-0.0352554	-0.101932	-0.137188
990.028	791.258	-6000	-9125.04	-0.0898553	0	0	-0	-0.0898553	0	0.592981	0	-83.4116	0	-0.134609	-0.0237192	-0.11089	-0.134609
978.028	773.127	-6000	-9910.34	-0.0919281	0	0	-0	-0.0919281	0	0.534449	0	85.1402	0	-0.138844	-0.0213779	-0.117466	-0.138844
966.028	772.625	-6000	-8035.68	-0.094001	0	0	-0	-0.094001	0	-0.0232054	0	-392.982	0	-0.122013	0.000928217	-0.122941	-0.122013
954.028	764.762	-6000	-3084.47	-0.0960739	0	0	-0	-0.0960739	0	-0.0679029	0	-29.0632	0	-0.119969	0.00271612	-0.122685	-0.119969
942.029	709.057	-6000	-6280.73	-0.0981468	0	0	-0	-0.0981468	0	0.152392	0	141.643	0	-0.128298	-0.00609567	-0.122202	-0.128298
930.029	702.976	-6000	-5516.98	-0.10022	0	0	-0	-0.10022	0	0.354595	0	38.9321	0	-0.137994	-0.0141838	-0.12381	-0.137994
918.029	696.075	-6000	-8828.16	-0.102293	0	0	-0	-0.102293	0	-0.359501	0	-302.72	0	-0.11343	0.01438	-0.12781	-0.11343
906.029	676.896	-6000	-6125.11	-0.104365	0	0	-0	-0.104365	0	-0.333427	0	28.3976	0	-0.109546	0.0133371	-0.122883	-0.109546
894.029	689.336	-6000	-5327.84	-0.106438	0	0	-0	-0.106438	0	-0.111536	0	41.5657	0	-0.115219	0.00446144	-0.11968	-0.115219
882.029	655.134	-6000	-3613.59	-0.108511	0	0	-0	-0.108511	0	-0.297776	0	-90.5942	0	-0.106044	0.011911	-0.117955	-0.106044
870.029	627.487	-6000	-2062.15	-0.110584	0	0	-0	-0.110584	0	-0.585648	0	2.30083	0	-0.0903305	0.0234259	-0.113756	-0.0903305
858.03	604.452	-6000	-3666.27	-0.112657	0	0	-0	-0.112657	0	-0.699521	0	-77.1867	0	-0.0783775	0.0279808	-0.106358	-0.0783775
846.03	565.963	-6000	-4693.38	-0.11473	0	0	-0	-0.11473	0	-0.227005	0	133.743	0	-0.0894362	0.00908018	-0.0985164	-0.0894362
834.03	553.161	-6000	-4322.28	-0.116803	0	0	-0	-0.116803	0	-0.44251	0	-10.149	0	-0.078159	0.0177004	-0.0958594	-0.078159
822.03	530.742	-6000	-7992.59	-0.118875	0	0	-0	-0.118875	0	-0.470712	0	-19.9653	0	-0.0716729	0.0188285	-0.0905013	-0.0716729
810.03	535.128	-6000	-4154.68	-0.120948	0	0	-0	-0.120948	0	-0.362161	0	23.3698	0	-0.0706697	0.0144864	-0.0851561	-0.0706697
798.03	502.082	-6000	-1556.97	-0.123021	0	0	-0	-0.123021	0	-0.441978	0	-75.5107	0	-0.0626138	0.0176791	-0.0802929	-0.0626138
786.03	445.067	-6000	-1372.62	-0.125094	0	0	-0	-0.125094	0	-0.338216	0	10.92	0	-0.061783	0.0135286	-0.0753117	-0.061783
774.031	416.284	-6000	-4470.72	-0.127167	0	0	-0	-0.127167	0	-0.367482	0	20.4968	0	-0.0564867	0.0146993	-0.071186	-0.0564867
762.031	406.281	-6000	-11387.6	-0.12924	0	0	-0	-0.12924	0	-0.452088	0	90.168	0	-0.0482138	0.0180835	-0.0662973	-0.0482138
750.031	430.479	-6000	-14516.8	-0.131313	0	0	-0	-0.131313	0	-0.537758	0	3.2585	0	-0.0398696	0.0215103	-0.0613799	-0.0398696
738.031	432.177	-6000	-7731.62	-0.133386	0	0	-0	-0.133386	0	-0.899063	0	-184.926	0	-0.0178628	0.0359625	-0.0538253	-0.0178628
726.031	414.564	-6000	-2287.2	-0.135458	0	0	-0	-0.135458	0	-0.914494	0	30.5524	0	-0.000724033	0.0365798	-0.0373038	-0.000724033
714.031	377.76	-6000	-3208.97	-0.137531	0	0	-0	-0.137531	0	-0.967705	0	-54.4418	0	0.00689138	0.0387082	-0.0318168	0.00689138
702.032	342.446	-6000	-7010.96	-0.139604	0	0	-0	-0.139604	0	-1.4365	0	-84.1299	0	0.0379898	0.0574599	-0.0194701	0.0379898
690.032	346.44	-6000	-9297.43	-0.141677	0	0	-0	-0.141677	0	-1.32475	0	50.1849	0	0.051221	0.0529901	-0.00176915	0.051221
678.032	349.385	-6000	-8167.36	-0.14375	0	0	-0	-0.14375	0	-0.808604	0	166.064	0	0.0454919	0.0323441	0.0131477	0.0454919
666.032	339.854	-6000	-3824.28	-0.145823	0	0	-0	-0.145823	0	-0.84798	0	-86.7635	0	0.056684	0.0339192	0.0227648	0.056684
654.032	306.896	-6000	-1166.72	-0.147896	0	0	-0	-0.147896	0	-1.14862	0	-83.8904	0	0.0791377	0.0459449	0.0331928	0.0791377
642.032	250.973	-6000	-2651.12	-0.149969	0	0	-0	-0.149969	0	-1.49556	0	-175.828	0	0.107316	0.0598224	0.0474935	0.107316
630.032	206.288	-6000	-4729.29	-0.152041	0	0	-0	-0.152041	0	-1.44182	0	50.6637	0	0.123231	0.0576727	0.0655583	0.123231
618.033	217.09	-6000	-12024.4	-0.154114	0	0	-0	-0.154114	0	-0.882567	0	300.379	0	0.117317	0.0353027	0.0820141	0.117317
606.033	239.247	-6000	-8552.83	-0.156187	0	0	-0	-0.156187	0	-1.20875	0	-263.216	0	0.141156	0.0483501	0.092806	0.141156
594.033	229.209	-6000	-2995.89	-0.15826	0	0	-0	-0.15826	0	-1.52004	0	-92.9884	0	0.168674	0.0608015	0.107873	0.168674
582.033	194.86	-6000	-2687.04	-0.160333	0	0	-0	-0.160333	0	-1.48971	0	16.4266	0	0.185631	0.0595883	0.126043	0.185631
570.033	151.31	-6000	-4087.64	-0.162406	0	0	-0	-0.162406	0	-1.41787	0	16.6661	0	0.200504	0.0567149	0.143789	0.200504
558.033	148.206	-6000	-8935.9	-0.164479	0	0	-0	-0.164479	0	-1.43277	0	86.8161	0	0.218219	0.0573109	0.160909	0.218219
546.034	149.727	-6000	-9613.46	-0.166551	0	0	-0	-0.166551	0	-1.26888	0	41.0869	0	0.228691	0.0507552	0.177936	0.228691
534.034	153.172	-6000	-4051.73	-0.168624	0	0	-0	-0.168624	0	-1.09541	0	-3.20583	0	0.236676	0.0438165	0.192859	0.236676
522.034	89.7713	-6000	-2778.02	-0.170697	0	0	-0	-0.170697	0	-1.09701	0	20.2573	0	0.250004	0.0440506	0.205953	0.250004
510.034	70.9615	-6000	-3070.11	-0.17277	0	0	-0	-0.17277	0	-1.00282	0	118.42	0	0.259256	0.040113	0.219143	0.259256
498.034	53.5649	-6000	-7061.24	-0.174843	0	0	-0	-0.174843	0	-0.912898	0	-26.4296	0	0.267255	0.0365159	0.230739	0.267255
486.034	85.6141	-6000	-11612.6	-0.176916	0	0	-0	-0.176916	0	-0.721337	0	204.132	0	0.270793	0.0288535	0.24194	0.270793
474.034	121.562	-6000	-8114.69	-0.178989	0	0	-0	-0.178989	0	-0.0152237	0	213.469	0	0.249848	0.00060895	0.249239	0.249848
462.035	133.612	-6000	-3048.56	-0.181062	0	0	-0	-0.181062	0	0.0853455	0	57.3675	0	0.245832	-0.00341382	0.249246	0.245832
450.035	126.696	-6000	-3314.32	-0.183134	0	0	-0	-0.183134	0	0.167823	0	-29.5421	0	0.241413	-0.00671292	0.248126	0.241413
438.035	98.6726	-6000	-2435.65	-0.185207	0	0	-0	-0.185207	0	0.162502	0	75.5634	0	0.23958	-0.00650007	0.24608	0.23958
426.035	82.2064	-6000	-3752.46	-0.18728	0	0	-0	-0.18728	0	0.23008	0	23.8486	0	0.234981	-0.00920321	0.244185	0.234981
414.035	90.4437	-6000	-4791.54	-0.189353	0	0	-0	-0.189353	0	0.509439	0	47.7907	0	0.220554	-0.0203776	0.240932	0.220554
402.035	79.8141	-6000	-3137.15	-0.191426	0	0	-0	-0.191426	0	0.50199	0	57.6069	0	0.21471	-0.0200796	0.23479	0.21471
390.036	61.7434	-6000	-5641.48	-0.193499	0	0	-0	-0.193499	0	0.860101	0	145.235	0	0.194103	-0.0344041	0.228507	0.194103
378.036	75.5593	-6000	-9249.54	-0.195572	0	0	-0	-0.195572	0	1.43372	0	248.904	0	0.160026	-0.0573488	0.217375	0.160026
366.036	70.9491	-6000	-3881.74	-0.197645	0	0	-0	-0.197645	0	1.47948	0	-8.23365	0	0.14065	-0.0591792	0.199829	0.14065
354.036	53.7592	-6000	-4633.52	-0.199717	0	0	-0	-0.199717	0	1.59122	0	31.0312	0	0.118276	-0.063649	0.181925	0.118276
342.036	29.1771	-6000	-4386.92	-0.20179	0	0	-0	-0.20179	0	1.62794	0	57.6069	0	0.0978214	-0.0651176	0.162939	0.0978214
330.036	6.22174	-6000	-6477.06	-0.203863	0	0	-0	-0.203863	0	1.65029	0	7.08923	0	0.0771686	-0.0660115	0.14318	0.0771686
318.036	-7.11062	-6000	-6237.64	-0.205936	0	0	-0	-0.205936	0	1.61038	0	23.8486	0	0.059201	-0.0644152	0.123616	0.059201
306.037	-21.4861	-6000	-7516.14	-0.208009	0	0	-0	-0.208009	0	1.79609	0	34.3831	0	0.0321672	-0.0718435	0.104011	0.0321672
294.037	-42.7008	-6000	-3671.05	-0.210082	0	0	-0	-0.210082	0	1.894	0	26.7217	0	0.00639766	-0.0757599	0.0821575	0.00639766
282.037	-77.9388	-6000	-3970.33	-0.212155	0	0	-0	-0.212155	0	1.77055	0	-51.0899	0	-0.0111113	-0.0708218	0.0597105	-0.0111113
270.037	-103.229	-6000	-3062.93	-0.214227	0	0	-0	-0.214227	0	1.8344	0	-0.0933716	0	-0.0349695	-0.073376	0.0384065	-0.0349695
258.037	-128.102	-6000	-3721.33	-0.2163	0	0	-0	-0.2163	0	1.94082	0	29.3553	0	-0.0616479	-0.0776329	0.015985	-0.0616479
246.037	-141.25	-6000	-4777.17	-0.218373	0	0	-0	-0.218373	0	1.95412	0	43.9599	0	-0.0854347	-0.078165	-0.00726973	-0.0854347
234.038	-155.49	-6000	-4238.48	-0.220446	0	0	-0	-0.220446	0	1.97967	0	-3.68469	0	-0.109903	-0.0791867	-0.030716	-0.109903
222.038	-165.908	-6000	-4458.75	-0.222519	0	0	-0	-0.222519	0	2.01479	0	54.255	0	-0.13507	-0.0805914	-0.0544784	-0.13507
210.038	-173.622	-6000	-5258.41	-0.224592	0	0	-0	-0.224592	0	2.05257	0	-5.12119	0	-0.160905	-0.0821026	-0.0788027	-0.160905
198.038	-170.26	-6000	-6917.59	-0.226665	0	0	-0	-0.226665	0	2.09407	0	27.6794	0	-0.187353	-0.0837628	-0.10359	-0.187353
186.038	-167.418	-6000	-7140.25	-0.228738	0	0	-0	-0.228738	0	1.8908	0	-60.1878	0	-0.204022	-0.0756321	-0.12839	-0.204022
174.038	-163.489	-6000	-5895.27	-0.23081	0	0	-0	-0.23081	0	1.96211	0	37.4956	0	-0.229436	-0.0784843	-0.150952	-0.229436
162.038	-168.512	-6000	-7513.75	-0.232883	0	0	-0	-0.232883	0	1.94242	0	-26.1902	0	-0.252424	-0.0776967	-0.174727	-0.252424
150.039	-179.234	-6000	-3192.21	-0.234956	0	0	-0	-0.234956	0	2.05469	0	-22.12	0	-0.280419	-0.0821878	-0.198231	-0.280419
138.039	-205.456	-6000	-5945.54	-0.237029	0	0	-0	-0.237029	0	1.78385	0	-75.7502	0	-0.293756	-0.071354	-0.222402	-0.293756
126.039	-218.715	-6000	-3996.67	-0.239102	0	0	-0	-0.239102	0	2.00521	0	89.4498	0	-0.32416	-0.0802083	-0.243952	-0.32416
114.039	-234.069	-6000	-3730.91	-0.241175	0	0	-0	-0.241175	0	2.12014	0	24.5669	0	-0.353366	-0.0848058	-0.26856	-0.353366
102.039	-248.577	-6000	-2373.4	-0.243248	0	0	-0	-0.243248	0	1.94614	0	62.1559	0	-0.371554	-0.0778457	-0.293708	-0.371554
90.0394	-272.421	-6000	-3924.84	-0.245321	0	0	-0	-0.245321	0	1.99191	0	-89.1577	0	-0.397108	-0.0796762	-0.317432	-0.397108
78.0396	-306.663	-6000	-4090.04	-0.247393	0	0	-0	-0.247393	0	1.94242	0	-21.8806	0	-0.418856	-0.0776967	-0.34116	-0.418856
66.0397	-342.692	-6000	-3989.48	-0.249466	0	0	-0	-0.249466	0	2.01213	0	108.843	0	-0.444954	-0.080485	-0.364469	-0.444954
54.0399	-371.43	-6000	-8311.02	-0.251539	0	0	-0	-0.251539	0	1.59548	0	-258.188	0	-0.452618	-0.0638192	-0.388799	-0.452618
42.04	-390.401	-6000	-4803.51	-0.253612	0	0	-0	-0.253612	0	1.43585	0	-64.4974	0	-0.464641	-0.0574339	-0.407207	-0.464641
30.2868	-396.139	-5503.35	-5794.71	-0.234048	0	0	-0	-0.234048	0	1.11392	0	-183.25	0	-0.469275	-0.0445568	-0.424719	-0.469275
20.2803	-433.032	-4503.36	-3879.35	-0.192298	0	0	-0	-0.192298	0	0.894689	0	-0.3328	0	-0.473321	-0.0357876	-0.437533	-0.473321
12.2736	-471.026	-3503.37	-1894.56	-0.150203	0	0	-0	-0.150203	0	0.908524	0	-29.7815	0	-0.48485	-0.036341	-0.448509	-0.48485
6.26695	-518.693	-2503.39	-5464.31	-0.107762	0	0	-0	-0.107762	0	-1.21354	0	-196.657	0	-0.410924	0.0485417	-0.459466	-0.410924
2.26021	-520.436	-1503.4	-2162.71	-0.0649759	0	0	-0	-0.0649759	0	-0.0929122	0	-163.857	0	-0.443495	0.00371649	-0.447211	-0.443495
0.253425	-506.09	-503.413	-3139.54	-0.0218441	0	0	-0	-0.0218441	0	-0.0460863	0	-106.875	0	-0.446156	0.00184345	-0.447999	-0.446156
0	-480.88	0	-1968.78	0	0	0	0	0	0	-0.411648	0	-120.522	0	-0.429451	0.0164659	-0.445917	-0.429451
0	-458.109	0	186.006	0	0	0	0	0	0	-0.524988	0	-66.4128	0	-0.419901	0.0209995	-0.440901	-0.419901
0	-408.523	0	-1375.01	0	0	0	0	0	0	-0.884696	0	-151.646	0	-0.398073	0.0353878	-0.433461	-0.398073
0	-395.09	0	1826.03	0	0	0	0	0	0	-1.81802	0	-239.514	0	-0.347282	0.0727208	-0.420003	-0.347282
0	-360.986	0	2886.67	0	0	0	0	0	0	-2.70292	0	-482.525	0	-0.285313	0.108117	-0.39343	-0.285313
0	-336.825	0	-2821.11	0	0	0	0	0	0	-3.37818	0	-364.251	0	-0.223269	0.135127	-0.358396	-0.223269
0	-290.166	0	-4154.68	0	0	0	0	0	0	-3.75491	0	-225.627	0	-0.165343	0.150196	-0.31554	-0.165343
0	-249.229	0	-6539.31	0	0	0	0	0	0	-4.3546	0	-393.7	0	-0.0934266	0.174184	-0.267611	-0.0934266
0	-214.708	0	-3572.89	0	0	0	0	0	0	-4.7207	0	48.5089	0	-0.0242832	0.188828	-0.213111	-0.0242832
0	-169.055	0	-2493.11	0	0	0	0	0	0	-4.71963	0	-40.7948	0	0.0320193	0.188785	-0.156766	0.0320193
0	-138.347	0	-2749.29	0	0	0	0	0	0	-4.90055	0	-109.03	0	0.0964567	0.196022	-0.0995653	0.0964567
0	-70.5835	0	-2852.24	0	0	0	0	0	0	-5.33795	0	-171.518	0	0.174688	0.213518	-0.0388303	0.174688
0	-26.3282	0	-1176.3	0	0	0	0	0	0	-5.63486	0	-0.572217	0	0.252309	0.225395	0.026914	0.252309
0	-7.37092	0	-1410.93	0	0	0	0	0	0	-5.54387	0	-116.452	0	0.316089	0.221755	0.0943344	0.316089
0	16.2094	0	-1449.23	0	0	-0	0	0	0	-5.57314	0	62.6347	0	0.383656	0.222926	0.16073	0.383656
0	38.4723	0	87.8433	0	0	-0	0	0	0	-5.46246	0	151.22	0	0.44594	0.218498	0.227442	0.44594
0	53.2189	0	1397.47	0	0	-0	0	0	0	-4.54882	0	338.207	0	0.471375	0.181953	0.289422	0.471375
0	60.0734	0	-1315.16	0	0	-0	0	0	0	-3.49098	0	323.603	0	0.478456	0.139639	0.338816	0.478456
0	54.3861	0	-510.707	0	0	-0	0	0	0	-2.92535	0	327.433	0	0.4952	0.117014	0.378186	0.4952
0	43.5492	0	-1516.27	0	0	-0	0	0	0	-2.35545	0	233.581	0	0.505031	0.0942182	0.410813	0.505031
0	49.0457	0	-1942.44	0	0	-0	0	0	0	-1.57059	0	342.756	0	0.498827	0.0628235	0.436004	0.498827
0	64.2403	0	-211.432	0	0	-0	0	0	0	-0.438253	0	554.643	0	0.467783	0.0175301	0.450253	0.467783
0	76.8796	0	-1355.86	0	0	-0	0	0	0	0.73878	0	412.428	0	0.420706	-0.0295512	0.450257	0.420706
0	85.7974	0	-2517.05	0	0	-0	0	0	0	1.5311	0	363.825	0	0.37624	-0.0612438	0.437484	0.37624
0	85.312	0	308.11	0	0	-0	0	0	0	2.08343	0	366.219	0	0.333318	-0.0833371	0.416656	0.333318
0	90.4883	0	638.51	0	0	-0	0	0	0	2.60437	0	151.22	0	0.285322	-0.104175	0.389496	0.285322
0	107.81	0	858.776	0	0	-0	0	0	0	3.20619	0	209.639	0	0.227631	-0.128247	0.355878	0.227631
0	128.775	0	842.017	0	0	-0	0	0	0	3.95487	0	153.854	0	0.163776	-0.150937	0.314712	0.163776
0	125.604	0	-680.695	0	0	-0	0	0	0	4.17995	0	116.025	0	0.101145	-0.167198	0.268343	0.101145
0	124.187	0	-1980.75	0	0	-0	0	0	0	4.43005	0	109.561	0	0.0406239	-0.177202	0.217826	0.0406239
0	125.094	0	-2007.08	0	0	-0	0	0	0	4.41249	0	51.8608	0	-0.0119587	-0.176499	0.164541	-0.0119587
0	126.884	0	-1286.43	0	0	-0	0	0	0	4.06874	0	-229.937	0	-0.0507756	-0.16275	0.111974	-0.0507756
0	131.73	0	-1281.64	0	0	-0	0	0	0	3.69147	0	-149.013	0	-0.0840086	-0.147659	0.0636503	-0.0840086
0	127.309	0	-1899.34	0	0	-0	0	0	0	3.40147	0	-89.1577	0	-0.116317	-0.136059	0.0197421	-0.116317
0	127.077	0	-1604.86	0	0	-0	0	0	0	3.09657	0	-164.096	0	-0.144552	-0.123863	-0.0206892	-0.144552
0	124.47	0	-1166.72	0	0	-0	0	0	0	2.66237	0	-165.772	0	-0.163749	-0.106495	-0.0572542	-0.163749
0	122.054	0	-137.212	0	0	-0	0	0	0	2.17016	0	-203.122	0	-0.175409	-0.0868065	-0.0886024	-0.175409
0	121.289	0	-486.765	0	0	-0	0	0	0	1.67583	0	-230.894	0	-0.181061	-0.0670332	-0.114028	-0.181061
0	119.79	0	-1600.07	0	0	-0	0	0	0	1.29697	0	-155.477	0	-0.185471	-0.0518786	-0.133592	-0.185471
0	114.904	0	-1300.79	0	0	-0	0	0	0	0.981955	0	-113.579	0	-0.187968	-0.0392782	-0.14869	-0.187968
0	116.836	0	-1449.23	0	0	-0	0	0	0	0.522742	0	-241.908	0	-0.18076	-0.0209097	-0.159851	-0.18076
0	118.617	0	-790.829	0	0	-0	0	0	0	0.0113819	0	-238.316	0	-0.165873	-0.000455276	-0.165418	-0.165873
0	117.791	0	116.574	0	0	-0	0	0	0	-0.488272	0	-160.505	0	-0.145225	0.0195309	-0.164756	-0.145225
0	112.274	0	-1473.18	0	0	-0	0	0	0	-0.681961	0	-88.6788	0	-0.131181	0.0272784	-0.15846	-0.131181
0	102.648	0	-2191.44	0	0	-0	0	0	0	-0.794769	0	-117.409	0	-0.118262	0.0317907	-0.150053	-0.118262
0	99.2207	0	-1631.19	0	0	-0	0	0	0	-0.892145	0	1.34315	0	-0.104695	0.0356858	-0.140381	-0.104695
0	98.0018	0	-266.499	0	0	-0	0	0	0	-0.729319	0	91.844	0	-0.100726	0.0291728	-0.129899	-0.100726
0	95.8205	0	-910.539	0	0	-0	0	0	0	-0.606401	0	19.2997	0	-0.0970891	0.024256	-0.121345	-0.0970891
0	95.7045	0	-900.962	0	0	-0	0	0	0	-0.538823	0	70.0567	0	-0.0925314	0.0215529	-0.114084	-0.0925314
0	95.4226	0	-1008.7	0	0	-0	0	0	0	-0.416969	0	27.2005	0	-0.0911184	0.0166788	-0.107797	-0.0911184
