17.3508	5.35193	0.00477837	-90.836	-11.3437	3.719
17.347	5.35347	-0.00852444	-131.537	-10.1466	3.67516
17.3516	5.3573	-0.00639599	-136.326	-8.7101	3.63322
17.4199	5.44706	-0.0149098	-4.64475	4.93684	3.62941
17.6247	5.47622	0.282009	519.685	49.7084	3.62941
17.7812	5.49847	0.588506	1276.25	102.381	3.64084
17.9408	5.54603	0.669387	2315.34	101.423	3.63894
18.1004	5.6028	0.436854	2923.46	65.0313	3.64084
18.2461	5.66111	0.221348	3397.52	27.2029	3.62941
18.3789	5.71712	0.08832	3897.9	10.2041	3.65228
18.4955	5.78233	-0.0276805	4206.76	0.866699	3.64084
18.5845	5.86442	-0.290012	4728.69	-39.8347	3.66563
18.6896	5.9396	-0.539041	5071.06	-62.5796	3.67325
18.797	6.02476	-0.580545	5214.71	-70.7199	3.63131
18.8913	6.11376	-0.561389	5332.03	-70.4805	3.65038
19.0026	6.20428	-0.545958	5308.09	-58.0307	3.65609
19.1146	6.31399	-0.608747	5379.92	-49.4115	3.63894
19.2504	6.43598	-0.633225	5516.38	-39.5953	3.62941
19.3639	6.56563	-0.636417	5396.67	-22.8359	3.62369
19.4859	6.67457	-0.561922	5576.24	-22.1177	3.63894
19.6447	6.80039	-0.445921	5648.07	-15.4139	3.65609
19.7675	6.92238	-0.334177	5683.98	-7.51301	3.63894
19.9002	7.05663	-0.284159	5762.99	-0.569824	3.65609
20.0483	7.21237	-0.278838	5638.49	-1.52749	3.64847
20.1933	7.38039	-0.301186	5552.3	1.34553	3.66372
20.3643	7.54687	-0.295865	5554.69	3.97917	3.658
20.5623	7.72026	-0.219773	5571.45	2.78208	3.64847
20.7533	7.90515	-0.149002	5636.09	11.6406	3.658
20.9505	8.07853	-0.0984515	5676.8	23.3722	3.67134
21.1814	8.24808	-0.102708	5770.17	31.273	3.68469
21.4077	8.4606	-0.107497	6071.84	19.3021	3.68659
21.6417	8.67848	-0.158048	6028.74	19.3021	3.66563
21.911	8.89636	-0.198489	6220.28	10.6829	3.67897
22.1511	9.08586	-0.179333	6277.74	15.4713	3.67897
22.3736	9.31985	-0.175076	6260.98	12.3589	3.69231
22.6222	9.57226	-0.183589	6392.66	-3.20344	3.66944
22.8869	9.82927	-0.153259	6263.38	-18.5263	3.69231
23.104	10.097	-0.0941946	6035.93	-2.48518	3.68469
23.3288	10.3517	-0.0776991	5964.1	5.17627	3.68659
23.5881	10.5995	-0.0420475	5988.04	2.78206	3.658
23.8528	10.842	-0.0420475	5988.04	2.78206	3.67325
24.0975	11.0591	0.0654392	5803.69	10.2041	3.66753
24.3683	11.3353	0.0654392	5803.69	10.2041	3.66563
24.6407	11.6099	-0.0431118	5648.07	-4.87937	3.66372
24.9322	11.9145	-0.0431118	5648.07	-4.87937	3.68659
25.256	12.2359	-0.259149	5434.98	-7.51301	3.68087
25.5721	12.5658	-0.294801	5303.3	-15.4139	3.68469
25.9058	12.9164	-0.276709	5284.15	-11.5832	3.69612
26.2602	13.2471	-0.19636	5490.05	-2.96401	3.68278
26.5226	13.5448	-0.194764	5798.9	9.72524	3.69041
26.8172	13.8885	-0.249039	6189.16	3.26089	3.69041
27.1908	14.213	-0.27192	6313.65	-26.4272	3.68659
27.5468	14.5682	-0.27192	6313.65	-26.4272	3.69994
27.9105	14.9418	-0.0814239	5825.24	4.21858	3.67325
28.3002	15.3247	-0.0968551	5760.59	4.45801	3.68278
28.6569	15.6952	-0.211791	5839.6	1.82439	3.67897
29.019	16.0497	-0.145809	5911.43	-10.1466	3.6885
29.4057	16.4302	0.0388336	5645.67	11.6406	3.66181
29.7586	16.8107	0.137274	5502.02	19.3021	3.67134
30.0762	17.1667	0.0798063	5315.27	16.429	3.69041
30.4675	17.538	0.00371415	5231.47	0.387866	3.67325
30.8112	17.9385	-0.122929	5174.01	8.52812	3.66181
31.1787	18.3566	-0.195828	5399.07	8.04929	3.67706
31.6137	18.8039	-0.151663	5660.04	-8.4707	3.66563
32.0564	19.2496	-0.0399191	5762.99	-5.83706	3.66181
32.4637	19.6624	0.138871	5777.35	6.61279	3.65419
32.8757	20.105	0.205917	5626.52	11.1618	3.68278
33.3046	20.5239	0.172394	5537.93	18.5838	3.6885
33.7173	20.9098	0.0803384	5588.21	12.5983	3.68659
34.1615	21.3264	0.0446868	5554.69	-3.68228	3.6885
34.6732	21.799	0.0633108	5308.09	-6.31592	3.6885
35.1198	22.2624	-0.0069281	5061.49	-17.0898	3.6885
35.5479	22.735	-0.114415	4793.34	-6.55532	3.69422
36.0166	23.2137	-0.109094	4891.5	-13.9774	3.67897
36.4163	23.6142	-0.0979194	4774.18	3.02148	3.68087
36.872	24.1021	-0.00586388	4836.43	-11.3437	3.69422
37.3584	24.6108	-0.096323	4592.22	-43.9049	3.69041
37.8425	25.1271	-0.0399191	4139.72	-4.40055	3.68659
38.3305	25.6288	-0.0212951	4278.58	18.105	3.70756
38.7923	26.1045	0.0404299	4589.83	20.0203	3.67325
39.2657	26.6208	-0.0415154	4738.27	15.7107	3.69041
39.7383	27.0788	-0.15858	4884.32	-8.47068	3.6885
40.2147	27.5246	-0.276709	5097.4	-14.4562	3.68278
40.8123	28.014	-0.202746	5226.69	-22.5965	3.6885
41.3969	28.5718	-0.117075	5138.1	-15.6533	3.67325
41.9577	29.118	-0.126121	4917.83	-19.0052	3.69041
42.4464	29.6497	-0.194764	4951.35	-9.9072	3.6885
42.9328	30.1445	-0.23148	5054.3	2.30322	3.70375
43.4223	30.6777	-0.267131	5171.62	-14.2168	3.70184
43.9747	31.2393	-0.276177	5176.41	0.148438	3.70756
44.5209	31.807	-0.225094	5284.15	-7.27358	3.69803
45.0511	32.377	-0.213388	5245.84	0.866699	3.69422
45.6403	32.8972	-0.188911	5236.26	-3.9217	3.68278
46.1343	33.4212	-0.22403	5126.13	-3.9217	3.72091
46.7258	33.9905	-0.271388	5126.13	-15.8927	3.71709
47.3243	34.5643	-0.234672	5054.3	-32.6521	3.70756
48.0009	35.1742	-0.270856	4676.02	-10.6255	3.71519
48.5065	35.7443	-0.270856	4676.02	-10.6255	3.719
49.0942	36.2368	-0.208067	4532.37	-4.40054	3.71519
49.6481	36.8076	-0.212856	4443.78	-4.63997	3.68659
50.2626	37.4236	-0.197957	4381.53	-7.99185	3.70184
50.9032	38.0581	-0.172947	4257.03	-2.72459	3.69231
51.4771	38.6665	-0.172947	4257.03	-2.72459	3.6885
52.0632	39.2557	-0.226159	4230.7	8.04932	3.69041
52.6846	39.8403	-0.0601394	4434.21	2.54265	3.71137
53.4089	40.431	-0.0404512	4467.72	33.1884	3.71137
54.0587	41.0693	-0.0830202	4589.83	18.5838	3.69803
54.7261	41.6977	-0.177204	4419.84	2.54265	3.69041
55.3867	42.3306	-0.301186	4467.72	7.33105	3.71328
55.9329	42.9559	-0.301186	4467.72	7.33105	3.67706
56.5873	43.6133	-0.318746	4637.71	-23.5541	3.69803
57.3177	44.3414	-0.188911	4515.61	-17.5687	3.67134
57.9176	44.9628	-0.0377906	4429.42	15.9502	3.68087
58.569	45.6011	-0.0239557	4450.96	23.851	3.70947
59.3185	46.1505	-0.0952588	4491.67	10.2041	3.68469
60.0366	46.8164	-0.246911	4551.52	-1.52751	3.71137
60.7033	47.4984	-0.246911	4551.52	-1.52751	3.68278
61.3086	48.2035	-0.607683	4491.67	-37.2011	3.6885
61.9968	48.8817	-0.730601	4352.8	-72.1565	3.69041
62.7011	49.5668	-0.626307	4168.45	-59.946	3.71519
63.4422	50.314	-0.626307	4168.45	-59.946	3.6885
64.1388	51.0674	-0.213388	3797.35	-9.9072	3.69041
64.7763	51.7732	-0.335774	3723.13	-0.090979	3.71709
65.4177	52.4169	-0.512967	4022.4	2.06379	3.6885
66.2609	53.0774	-0.512967	4022.4	2.06379	3.70756
67.0181	53.8239	-0.234672	4249.85	1.82439	3.69994
67.7116	54.5336	-0.234672	4249.85	1.82439	3.70566
68.3545	55.2279	-0.305443	3955.36	19.7809	3.71137
69.0511	55.9605	-0.573628	4221.12	-19.2446	3.70184
69.8306	56.7469	-0.730601	4137.32	-22.3571	3.69041
70.5633	57.4036	-0.608747	4039.16	-3.9217	3.68659
71.2622	58.1202	-0.368233	4015.22	20.978	3.68087
72.0171	58.826	-0.291076	4151.69	16.429	3.68659
72.8871	59.5717	-0.341627	4465.33	1.82439	3.72091
73.606	60.3389	-0.489554	4647.29	-13.4985	3.719
74.3179	61.0493	-0.509242	4642.5	-12.062	3.69612
75.0644	61.7682	-0.617261	4527.58	-27.8637	3.72281
75.7902	62.5967	-0.501793	4271.4	-47.7356	3.71709
76.5704	63.4069	-0.378343	3885.93	-22.1176	3.72472
77.257	64.2017	-0.337902	3636.94	6.61278	3.71137
78.1048	64.9497	-0.348012	3565.11	9.48583	3.72662
78.9686	65.7238	-0.425701	3557.93	-2.72461	3.719
79.7596	66.5555	0.0132922	3699.19	0.866699	3.719
80.5076	67.3081	1.13126	3852.41	19.5415	3.72662
81.2157	68.0054	0.246358	4029.59	14.2742	3.719
81.9776	68.8026	-0.466673	4008.04	3.02148	3.71709
82.8383	69.6434	-0.581078	3881.14	-2.48518	3.70375
83.6546	70.3592	-0.417187	3828.47	-12.5408	3.69041
84.4019	71.1149	-0.46082	3612.99	-4.87938	3.70375
85.2995	71.9243	-0.57416	3727.92	-18.2869	3.69041
86.1511	72.7666	-0.504986	3768.62	-9.9072	3.70756
86.9444	73.5814	-0.385792	3579.48	26.2452	3.71328
87.7545	74.3409	-0.341627	3905.09	16.6684	3.69041
88.6214	75.1979	-0.20381	4398.29	1.34553	3.70756
89.3733	76.0648	-0.1937	4094.23	14.9925	3.69041
90.1781	76.8888	-0.395902	4027.19	-21.3994	3.70184
91.0811	77.7258	-0.566711	3854.81	-33.8492	3.70947
91.9465	78.5896	-0.395902	3474.13	-10.6255	3.70947
92.8502	79.4504	-0.249039	3287.38	21.4568	3.70375
93.5813	80.2521	-0.142617	3330.48	27.6818	3.6885
94.3478	81.0285	-0.245315	3634.54	12.5983	3.72091
95.1771	81.9377	-0.183057	3581.87	-10.386	3.69041
96.021	82.8069	-0.127186	3335.27	-5.35822	3.69994
96.9002	83.5357	-0.135167	3261.05	9.72524	3.69422
97.8377	84.3758	-0.283627	3364	4.69742	3.69612
98.8059	85.2573	-1.23238	3265.83	7.80988	3.70756
99.5371	86.1449	-1.41064	3347.24	-0.330408	3.71519
100.422	86.9766	-0.500729	3529.2	2.54265	3.71709
101.36	87.8849	-0.0654605	3457.37	4.93685	3.719
102.258	88.7948	0.0537327	3265.83	13.0771	3.71137
103.096	89.6817	-0.274049	3035.99	18.8232	3.69422
104.077	90.5862	-0.742308	3316.11	-2.96403	3.69994
105.019	91.5452	-0.585334	3636.94	-31.2156	3.69041
105.836	92.452	-0.0659926	3548.35	-7.99185	3.70375
106.808	93.2967	0.101623	3433.43	31.2731	3.69231
107.738	94.2557	-0.200617	3419.06	44.2018	3.71328
108.482	95.1871	-0.398563	3373.57	39.6528	3.73615
109.492	96.074	-0.569903	3531.59	-4.40054	3.72091
110.433	96.9754	-0.317682	3651.3	-47.0173	3.73806
111.385	97.8469	0.25966	3284.99	-18.5263	3.72662
112.299	98.7545	0.342138	2990.5	11.4012	3.69994
113.163	99.6491	-0.414526	2739.11	22.6539	3.72091
114.02	100.612	-0.937061	3177.25	-6.31591	3.72091
114.886	101.508	-0.714638	3373.57	-22.5965	3.73044
115.881	102.47	-0.286287	3191.61	-18.7658	3.72281
116.916	103.36	-0.104837	2997.68	-3.20344	3.71519
117.861	104.356	-0.228819	2983.32	-3.68228	3.70947
118.731	105.301	-0.416655	3124.58	-18.7657	3.73044
119.686	106.267	-0.0181025	3019.23	-24.033	3.69994
120.683	107.288	-0.592252	2810.94	-12.7802	3.6885
121.629	108.205	-0.453903	2822.91	16.1896	3.71709
122.53	109.118	-0.337902	3390.33	30.3154	3.719
123.511	110.058	-0.287884	4005.64	8.52814	3.72091
124.46	111.06	-0.233076	4094.23	-14.2168	3.71137
125.386	111.998	-0.3097	3854.81	-12.3014	3.69994
126.416	112.953	-0.237865	3749.46	-26.6666	3.69041
127.408	113.943	0.956728	3284.99	-18.0475	3.72281
128.309	114.916	0.466652	3009.66	2.30322	3.72281
129.338	115.894	-0.086745	3184.43	2.54264	3.69422
130.3	116.882	-0.0377906	3167.67	15.7108	3.719
131.301	117.851	-0.063332	3064.72	16.9079	3.69231
132.211	118.814	-0.325131	2976.14	-1.5275	3.69612
133.219	119.85	-0.371425	2954.59	-18.0475	3.719
134.184	120.805	-0.214452	2801.36	-15.1745	3.69041
135.221	121.763	-0.278838	2590.67	3.50032	3.70947
136.244	122.796	-0.278838	2590.67	3.50032	3.719
137.153	123.801	-0.238397	2707.99	43.0047	3.71709
138.099	124.757	-0.355462	2930.65	18.8232	3.719
139.097	125.811	-0.212856	3079.09	-25.7089	3.72662
140.205	126.881	0.00477837	2669.68	-4.87938	3.72472
141.238	127.812	0.155366	2310.55	49.2296	3.71709
142.32	128.862	0.102687	2466.17	49.9478	3.71519
143.356	129.846	-0.197424	2849.24	18.8232	3.719
144.305	130.836	-0.396967	3244.29	0.387854	3.72281
145.389	131.944	-0.565114	3330.48	8.52815	3.71519
146.415	133.004	-1.96936	3519.62	-13.7379	3.6885
147.371	134.009	1.07645	3313.72	-17.0898	3.69994
148.517	135.047	1.37656	3354.42	-43.1866	3.71137
149.642	136.151	-0.888639	3347.24	-37.6799	3.72281
150.6	137.168	-0.701335	2765.45	-4.40055	3.719
151.609	138.249	-0.789134	2552.36	-22.3571	3.72472
152.666	139.301	-0.627904	2662.5	-40.0741	3.71519
153.688	140.292	-0.390581	2430.26	-6.31591	3.73234
154.799	141.325	-1.69692	2454.2	-3.9217	3.72853
155.788	142.415	-1.91136	2528.42	-13.2591	3.71328
156.721	143.424	-1.0206	2514.06	-1.76692	3.74569
157.8	144.553	-0.419847	2662.5	-20.9205	3.73425
158.95	145.65	-0.0601394	2698.41	-40.3136	3.73806
160.019	146.726	-0.129314	2099.86	-3.9217	3.72281
161.136	147.734	1.45	1970.57	25.7664	3.72662
162.136	148.828	1.19299	2561.94	34.6249	3.719
163.259	149.83	-2.65259	3012.05	65.7496	3.73425
164.323	150.996	-2.04066	3481.31	47.5536	3.71709
165.308	152.092	-0.4986	3773.41	11.6406	3.71137
166.497	153.157	0.0893843	3670.45	-12.062	3.72281
167.656	154.295	0.0414941	3514.83	-30.9762	3.70184
168.678	155.383	-0.0803597	3454.98	-0.569824	3.69612
169.769	156.454	0.0345767	3100.64	24.8087	3.69231
170.822	157.63	-0.00958867	2937.83	-7.75243	3.71137
171.859	158.717	-0.0250199	2810.94	-46.2991	3.73044
173.034	159.805	-0.0250199	2810.94	-46.2991	3.70947
174.245	160.93	0.0239344	1774.25	-19.7234	3.73425
175.188	162.012	-0.229883	1640.17	-2.00634	3.70375
176.298	163.103	-0.246911	1604.26	12.5983	3.719
177.382	164.245	0.0904485	1700.03	6.8522	3.72091
178.503	165.315	0.333092	1810.16	18.8232	3.73044
179.75	166.429	0.333092	1810.16	18.8232	3.70756
180.778	167.49	0.0766136	1599.47	71.9745	3.73234
181.834	168.557	0.239972	2257.88	26.2452	3.73044
182.962	169.77	1.17543	2413.5	7.80989	3.73044
184.121	170.966	0.350652	2454.2	-25.4695	3.71709
185.221	172.114	1.35847	2444.62	-43.6654	3.72662
186.399	173.308	1.90442	2698.41	-35.0463	3.719
187.605	174.434	0.200064	2887.55	-17.0898	3.74569
188.713	175.603	0.844452	2763.05	38.4557	3.72091
189.767	176.805	-0.0425797	2921.07	80.1148	3.71709
190.938	177.899	0.732176	3392.73	22.8934	3.719
192.179	179.084	1.37869	3356.81	-4.63997	3.719
193.27	180.223	-1.32231	3057.54	-2.96401	3.73044
194.354	181.383	-1.69426	2940.22	-11.3437	3.70756
195.497	182.561	-0.503921	3225.13	-24.033	3.72472
196.635	183.611	0.17399	3294.57	-34.8069	3.69231
197.965	184.755	0.0867237	2597.85	-23.0753	3.72281
199.034	185.999	-0.43315	2190.84	-28.3426	3.73234
200.154	187.179	-0.181993	2090.28	-49.4115	3.7495
201.277	188.376	-0.181993	2090.28	-49.4115	3.74187
202.5	189.562	-0.0713137	1484.55	-18.5263	3.719
203.479	190.739	0.0638429	1331.32	7.33104	3.71519
204.797	191.922	-0.175076	1415.12	4.69742	3.73044
205.924	193.062	-0.0681211	1810.16	-3.68228	3.74187
207.038	194.176	0.424615	1800.58	18.8232	3.72281
208.236	195.448	0.467716	1621.02	42.047	3.73044
209.386	196.596	-0.0468365	1879.59	37.2586	3.72281
210.596	197.804	-0.164966	2286.61	16.1896	3.7514
211.874	199.033	-0.243186	2303.37	-23.3147	3.70375
213.05	200.249	-0.0117171	2224.36	-46.0597	3.73425
214.11	201.592	0.738029	1846.07	-9.18895	3.73234
215.255	202.811	0.502836	1872.41	-13.7379	3.70947
216.568	203.89	-1.70543	2329.7	-13.4985	3.72472
217.801	205.217	-2.92663	2729.53	48.5113	3.71519
218.948	206.264	-0.830106	3158.1	76.0446	3.73234
220.203	207.526	0.684818	3258.65	52.5815	3.69612
221.374	208.751	1.48937	3014.44	10.4435	3.70756
222.5	209.974	1.07805	2866	-37.4405	3.70184
223.881	211.282	-0.122929	2978.53	-57.3124	3.73997
225.051	212.506	-0.122929	2978.53	-57.3124	3.69994
226.25	213.785	-0.135699	2006.48	-7.99184	3.71709
227.46	215.044	-0.0260842	1867.62	-21.8782	3.70184
228.59	216.255	-0.0542861	1599.47	-15.6533	3.72091
229.835	217.477	-0.0436439	1534.83	-10.1466	3.73234
231.123	218.634	-0.20381	1333.71	-15.4139	3.72662
232.181	219.86	-0.159644	1357.66	-11.5831	3.72662
233.38	221.019	-0.0542861	1352.87	25.7664	3.73425
234.635	222.205	0.128761	1599.47	50.4267	3.70947
235.862	223.444	0.0260629	2037.61	45.8777	3.73425
236.993	224.584	-0.251168	2439.84	-17.3292	3.71137
238.133	225.845	-0.279902	2262.66	-35.0463	3.71519
239.497	227.144	-0.204342	2248.3	-57.5518	3.73044
240.69	228.39	-0.00852444	1676.08	-22.3571	3.70756
241.917	229.714	-0.0516256	1573.13	-8.7101	3.73425
243.277	230.928	-0.0351301	1731.15	37.2586	3.72662
244.431	232.168	0.72047	2451.81	44.6806	3.72091
245.604	233.463	0.387367	3344.84	38.6951	3.74378
246.884	234.653	0.0734209	4060.71	15.4713	3.73044
248.149	235.923	0.142063	4103.81	-3.20344	3.73044
249.492	237.182	0.0308519	3531.59	-5.83706	3.72281
250.748	238.488	-0.483701	2880.37	-14.935	3.74569
252.017	239.823	-0.822657	2267.45	-25.4695	3.7514
253.135	241.069	0.142596	1791.01	-27.1455	3.73806
254.421	242.35	0.0446868	1680.87	-2.24576	3.74187
255.676	243.569	-1.10893	1556.37	-2.7246	3.73425
256.797	244.801	-0.438471	1077.53	9.72524	3.74378
258.131	245.956	0.340009	601.088	21.4568	3.73425
259.344	247.268	0.519863	141.402	18.105	3.7495
260.604	248.485	0.319789	62.3929	25.527	3.75522
262.018	249.739	-0.749225	366.457	9.96467	3.74759
263.245	251.005	-0.749225	366.457	9.96467	3.73234
264.414	252.295	0.078742	1656.93	46.596	3.73425
265.585	253.538	0.447496	2198.02	14.9925	3.73997
267.01	254.856	0.454414	2243.51	19.5415	3.74569
268.356	256.137	0.520928	2286.61	15.2319	3.73425
269.491	257.481	0.706103	1972.97	-29.5397	3.72472
270.928	258.842	1.66231	1858.04	-18.0475	3.73425
272.185	260.064	0.875847	1798.19	11.4012	3.73044
273.487	261.385	0.102687	2293.79	20.2597	3.70947
274.85	262.661	-1.53994	3229.92	7.57047	3.71519
275.94	264.03	-0.814143	3668.06	-22.8359	3.72853
277.216	265.368	-0.123993	3761.43	-32.1733	3.70756
278.577	266.696	-0.123993	3761.43	-32.1733	3.73425
279.887	267.96	0.279348	2219.57	-14.4562	3.73425
281.148	269.219	0.131421	1781.43	0.148444	3.74187
282.42	270.635	0.0675677	1654.54	2.78206	3.73997
283.662	271.901	-0.123461	1654.54	-10.1466	3.72472
284.911	273.216	-1.67936	1463	-13.4985	3.73425
286.361	274.504	-0.60928	955.43	9.00699	3.74187
287.645	275.783	0.368743	665.732	10.6829	3.71519
288.772	277.145	0.636396	610.665	9.00699	3.719
290.062	278.401	0.48368	902.758	16.6684	3.73615
291.454	279.68	0.25966	1187.67	10.6829	3.74187
292.784	280.994	-0.320875	1185.27	14.2742	3.72662
294.038	282.296	-1.20631	1194.85	17.1473	3.7495
295.399	283.681	0.555515	1333.71	19.5415	3.719
296.701	284.987	1.13073	1762.28	5.89453	3.73997
297.991	286.379	0.236779	2042.4	3.26091	3.74759
299.478	287.657	0.0276592	2138.17	4.69742	3.7514
300.742	288.998	0.152174	2425.47	6.61278	3.72853
302.077	290.299	0.344798	2382.37	13.7954	3.73806
303.446	291.571	-0.00107487	2133.38	23.3722	3.74187
304.822	292.977	0.23944	2269.85	18.8232	3.7514
306.282	294.298	0.383643	2523.63	-12.3014	3.73806
307.499	295.716	0.301165	2703.2	-10.6255	3.75712
308.835	297.027	0.159091	2784.6	-5.83706	3.76665
310.123	298.406	-0.0479008	2612.22	-27.3849	3.7514
311.63	299.738	-0.219241	1980.15	-44.1443	3.75712
312.884	301.049	-0.147406	1661.72	-39.1165	3.75712
314.128	302.399	0.18144	1589.89	-22.8359	3.76856
315.548	303.769	0.220816	1060.78	7.09163	3.73425
316.811	305.125	2.79039	1087.11	-16.1321	3.75522
318.103	306.502	5.14605	1415.12	-53.7211	3.76475
319.382	307.831	1.72723	1381.6	-38.877	3.7514
320.738	309.2	0.366083	998.526	-14.4562	3.74759
322.067	310.503	-0.0361943	830.932	-0.090979	3.73997
323.432	311.89	0.0132922	1273.86	16.429	3.74187
324.988	313.175	0.172926	2099.86	10.9223	3.71519
326.212	314.5	0.274027	2475.75	15.4713	3.73997
327.512	315.957	0.131421	2949.8	2.06381	3.74187
328.829	317.174	-0.0276805	3222.74	-19.484	3.73044
330.256	318.616	0.0329803	2533.21	0.14845	3.73425
331.535	319.994	0.159623	1874.8	-9.18895	3.72472
332.973	321.493	0.235715	1225.97	-19.484	3.73425
334.335	322.848	0.235715	1225.97	-19.484	3.719
335.613	324.242	-1.81824	1048.8	14.5137	3.73044
337.095	325.556	-2.07578	1862.83	25.0481	3.73044
338.499	326.949	-0.260214	1946.63	18.5838	3.72853
339.841	328.361	1.32176	1156.54	11.88	3.7495
341.112	329.715	0.290523	838.114	-19.484	3.7514
342.547	331.191	-0.590656	878.816	-28.8214	3.73044
343.961	332.565	-1.01741	443.071	-14.4562	3.73044
345.224	334.019	-0.874804	241.958	0.387861	3.7495
346.699	335.351	-1.8656	751.923	9.72525	3.73806
348.127	336.649	-2.40676	1111.05	14.5137	3.73806
349.561	337.974	-0.743904	1446.24	28.8789	3.72853
350.866	339.408	0.294248	2233.93	-0.569824	3.74569
352.236	340.77	0.457606	2597.85	-23.0753	3.72853
353.594	342.178	0.148449	2262.66	-12.062	3.73997
355.009	343.633	0.0116958	2133.38	-18.2869	3.7514
356.438	345.003	-0.0521577	2296.18	-9.66779	3.71709
357.742	346.495	0.115458	2006.48	-5.59764	3.72281
359.29	347.82	0.229862	1599.47	-3.20344	3.7495
360.62	349.321	0.169201	1374.42	-0.809235	3.7495
362.073	350.7	-0.0335337	1170.91	-14.935	3.73806
363.595	352.187	-0.0457723	1252.31	-26.906	3.75331
364.788	353.574	0.155898	1537.22	-19.484	3.7495
366.048	354.907	0.137807	1630.59	-6.79474	3.75331
367.634	356.355	0.309147	1257.1	12.3589	3.75331
369.056	357.71	0.444835	1039.23	25.527	3.73425
370.307	359.198	0.334688	943.459	15.9502	3.7514
371.847	360.534	0.144192	735.164	1.82438	3.75331
373.192	361.971	0.249018	802.201	0.866702	3.75712
374.648	363.22	0.326174	720.798	29.1183	3.77047
376.055	364.693	-0.41293	943.459	29.8365	3.7495
377.532	366.101	-1.08446	1563.56	4.69742	3.7495
378.714	367.474	-0.486362	1932.26	-11.5831	3.7514
380.169	368.958	0.0425584	2140.56	-11.8226	3.75712
381.792	370.373	0.125036	1836.5	12.8377	3.73044
383.067	371.891	-0.229883	1688.06	5.17626	3.75331
384.541	373.301	-0.149534	1640.17	-8.71011	3.71328
386.061	374.78	-0.946107	1264.28	4.458	3.72472
387.439	376.169	0.0654392	1115.84	12.5983	3.72662
388.791	377.676	2.29127	1589.89	-10.8649	3.73234
390.373	379.067	1.17543	1628.2	-7.03416	3.72281
391.683	380.485	-0.498068	1082.32	51.3844	3.75522
393.016	381.883	-1.13394	1398.36	35.5826	3.719
394.496	383.182	-1.72938	2099.86	-28.8214	3.72472
395.876	384.661	-0.613536	1726.36	-17.3292	3.719
397.194	386.068	0.941829	1161.33	-25.4695	3.73044
398.727	387.57	2.79784	1017.68	-54.6788	3.73997
400.231	389.016	-0.777427	591.511	-43.1866	3.72853
401.586	390.542	-3.12883	409.552	-2.48518	3.72662
403.057	391.896	-0.939189	830.932	52.5815	3.73997
404.435	393.365	0.889682	1661.72	39.8922	3.73806
405.91	394.761	1.1717	1922.69	13.3166	3.719
407.258	396.296	0.452285	1929.87	11.6406	3.73044
408.689	397.712	-0.182525	2154.93	-20.9205	3.72281
410.158	399.175	0.0207417	1850.86	-25.9484	3.73425
411.616	400.66	0.347459	1393.57	-4.16112	3.72662
413.135	402.111	-0.077167	1163.73	-3.20344	3.74378
414.586	403.635	-1.27389	1060.78	-7.27358	3.69612
415.887	405.084	-1.82995	1039.23	3.97916	3.69612
417.291	406.478	-0.0968551	1395.96	2.78206	3.69041
418.873	407.756	1.01366	1276.25	21.4568	3.719
420.211	409.278	0.966838	567.569	48.2719	3.73806
421.751	410.729	0.371404	455.042	35.1038	3.71328
423.22	412.194	-1.48141	512.503	19.3021	3.73806
424.69	413.645	-1.54367	806.99	-19.7234	3.73997
426.039	415.206	-1.54367	806.99	-19.7234	3.73615
427.589	416.643	1.74372	900.364	-30.9762	3.74759
429.018	418.106	0.971627	778.259	-2.96402	3.72662
430.548	419.552	-0.0947267	1067.96	18.3444	3.7514
431.965	421.014	-0.127186	2013.67	0.38786	3.74569
433.331	422.519	1.21906	2279.42	13.556	3.73997
434.801	424.001	-2.62013	2078.31	33.6673	3.7495
436.19	425.535	-1.93424	2353.64	-27.8637	3.7495
437.751	426.982	0.844984	2121.41	-57.3124	3.73044
439.306	428.554	4.75867	1412.72	-30.4973	3.71137
440.744	429.972	3.21821	1132.6	6.61278	3.72853
442.074	431.496	0.288926	1288.22	13.556	3.70756
443.62	432.791	-0.910455	1436.66	-4.16112	3.72662
445.172	434.331	-1.89806	1616.23	20.0203	3.72853
446.512	435.744	-0.833831	1898.75	39.6528	3.72662
448.072	437.288	-0.833831	1898.75	39.6528	3.73425
449.512	438.759	1.52236	1293.01	32.7096	3.72853
451.037	440.316	1.53088	701.645	14.7531	3.73044
452.482	441.822	1.95923	270.688	22.8934	3.72281
453.926	443.36	0.468781	-188.998	43.0047	3.69612
455.329	444.785	-1.42182	117.46	21.4568	3.70947
456.937	446.29	-0.448049	737.558	27.4423	3.70184
458.377	447.736	1.20363	797.413	45.3989	3.71519
459.726	449.191	1.76288	1135	4.93685	3.71519
461.287	450.735	2.30883	1276.25	-39.3559	3.73044
462.876	452.246	1.13552	859.662	-48.9327	3.73806
464.184	453.793	0.310211	637.001	-24.2724	3.73044
465.68	455.267	0.208577	553.204	-14.935	3.73425
467.239	456.804	-1.30049	445.465	-19.484	3.73997
468.753	458.278	-0.0526897	119.854	22.1751	3.71519
470.184	459.679	1.03016	241.958	45.8777	3.74187
471.73	461.112	0.779534	1115.84	39.8922	3.719
473.121	462.655	-1.43352	2209.99	4.69742	3.70375
474.631	464.142	1.02271	2621.79	-35.5252	3.72472
476.149	465.785	0.375129	2042.4	-32.1733	3.719
477.722	467.218	-1.48194	1518.07	-30.9762	3.74569
479.159	468.816	-2.83245	955.43	-23.0753	3.72472
480.646	470.326	-0.751886	411.946	-10.386	3.73997
482.232	471.948	0.791241	301.813	-12.3014	3.72662
483.56	473.408	-0.636417	450.254	-9.90721	3.74569
485.026	474.914	-3.58432	996.132	18.8232	3.7514
486.557	476.345	-3.58432	996.132	18.8232	3.75712
488.102	477.932	-0.551811	1376.81	23.851	3.73997
489.479	479.369	-0.17614	823.749	-3.68228	3.75331
491.127	480.947	0.829553	280.265	-2.48518	3.7514
492.439	482.511	0.885957	-165.056	7.09163	3.7514
493.981	484.091	0.809333	-454.755	23.1328	3.75903
495.52	485.462	0.963645	69.5755	51.1449	3.7514
496.91	486.909	0.827424	1036.83	74.6081	3.76475
498.386	488.454	0.890214	1781.43	51.8632	3.75331
500.109	489.976	0.890214	1781.43	51.8632	3.7495
501.561	491.561	0.819975	1637.78	32.7096	3.7495
503.007	493.088	0.489533	1434.27	-3.9217	3.7514
504.603	494.673	0.702378	1096.69	-3.20344	3.74569
506.11	496.174	0.850837	1003.31	10.4435	3.73044
507.627	497.754	1.1717	933.882	8.28873	3.719
508.998	499.169	3.11019	883.604	19.0626	3.719
510.519	500.746	0.466652	1405.54	-0.090979	3.7495
512.031	502.271	-2.15187	1843.68	-45.3414	3.71519
513.601	503.865	-2.03694	1360.05	-28.1031	3.719
515.14	505.392	0.498047	1123.02	-15.4139	3.74187
516.513	506.997	0.862544	1017.68	-30.2579	3.7495
517.974	508.383	0.862544	1017.68	-30.2579	3.74187
519.661	509.99	1.10199	-153.085	-23.3147	3.7495
521.067	511.496	1.93315	-284.766	-0.56982	3.7514
522.599	513.064	2.09811	98.3059	47.3142	3.71709
524.123	514.682	2.09811	98.3059	47.3142	3.73234
525.645	516.148	0.91203	2085.49	52.5815	3.74187
527.188	517.64	-1.2973	2401.53	11.88	3.73234
528.662	519.181	-1.2973	2401.53	11.88	3.74378
530.221	520.734	-3.99458	1029.65	-12.3014	3.73234
531.803	522.381	-4.67781	718.404	-22.3571	3.73425
533.359	523.887	-2.67122	246.746	-21.6388	3.7495
534.786	525.508	0.758782	45.6335	-0.0909794	3.74569
536.251	526.968	2.8287	98.3059	7.09163	3.74569
537.874	528.618	1.09082	19.2973	19.7809	3.74569
539.423	530.112	-0.708253	33.6625	42.2864	3.75331
540.919	531.643	0.168669	383.216	1.10612	3.719
542.353	533.166	1.14084	651.367	-27.6243	3.74378
543.98	534.769	1.26908	450.254	-32.4127	3.74187
545.494	536.261	-0.312893	162.949	-55.397	3.7514
546.937	537.723	-1.77461	-229.7	-47.2568	3.74759
548.527	539.201	0.321385	-473.908	-25.7089	3.73234
550.129	540.838	0.81625	-126.749	-1.5275	3.73806
551.636	542.324	-1.18556	641.79	64.313	3.719
553.016	543.925	-2.40782	1795.79	53.2997	3.73234
554.421	545.441	0.573075	2794.18	-65.2133	3.75903
555.866	547.077	2.61692	2425.47	-84.8457	3.7514
557.468	548.644	2.61692	2425.47	-84.8457	3.73234
558.92	550.288	1.15893	581.935	-40.3136	3.75331
560.48	551.884	-1.22706	88.7291	-22.1176	3.7514
562.113	553.571	-2.29182	95.9117	2.0638	3.75331
563.731	555.077	-2.5914	505.32	36.3009	3.7495
565.333	556.676	-2.5914	505.32	36.3009	3.75331
566.795	558.151	0.547001	1932.26	66.4678	3.7495
568.218	559.774	-4.59321	2353.64	39.6528	3.7514
569.867	561.315	-2.50094	2169.29	-3.20344	3.74187
571.383	562.946	-0.699207	1513.28	-12.3014	3.74759
572.869	564.379	-0.0878093	689.674	20.2597	3.74187
574.408	566.173	0.790177	548.416	23.851	3.71709
575.918	567.509	-0.73539	778.259	-22.1176	3.73425
577.442	569.125	-0.574692	656.155	-59.7066	3.71519
578.989	570.673	0.818911	404.764	-47.975	3.72472
580.5	572.285	1.82673	167.738	-37.2011	3.73234
582.134	573.823	-2.10558	-253.642	-12.7802	3.74187
583.621	575.432	-2.82766	-615.166	19.0626	3.72662
585.105	576.965	-2.13857	-634.32	9.96467	3.73234
586.677	578.563	-1.80973	-404.476	-7.27358	3.73997
588.294	580.103	1.46649	107.883	-10.6255	3.73425
589.891	581.63	1.46649	107.883	-10.6255	3.72662
591.297	583.19	-1.72831	658.549	16.6684	3.72281
592.78	584.851	-1.66872	976.978	-35.7646	3.72662
594.299	586.397	-0.174544	620.242	-72.8747	3.72472
595.851	588.02	-0.174544	620.242	-72.8747	3.7495
597.311	589.559	-0.309168	735.164	10.4435	3.73425
598.874	591.069	-1.30528	1168.51	16.429	3.73615
600.628	592.617	0.119183	1369.63	11.1618	3.73234
602.181	594.216	1.26376	1285.83	21.4568	3.74187
603.682	595.739	1.25897	1350.47	39.8922	3.69422
605.235	597.401	0.81625	1700.03	29.3577	3.7495
606.829	598.929	0.849773	1889.17	19.5415	3.74569
608.355	600.498	0.72313	1793.4	18.105	3.719
609.896	602.067	0.404927	1300.2	-7.75243	3.73234
611.412	603.77	0.678965	541.233	-10.386	3.74569
612.977	605.301	-0.865226	550.81	3.50032	3.719
614.576	606.937	-0.819996	931.488	-6.3159	3.74187
616.09	608.456	-0.539573	850.085	-9.18895	3.73425
617.587	610.096	-0.842877	598.694	0.148441	3.74759
619.162	611.515	-0.842877	598.694	0.148441	3.73234
620.873	613.333	0.980141	-327.862	-43.6655	3.7514
622.342	614.917	-0.237865	-931.201	-31.6944	3.7495
623.861	616.651	-0.974841	-1098.79	-15.4139	3.7514
625.612	618.032	-0.222434	-835.433	9.00699	3.75522
627.18	619.597	0.363422	52.8161	41.3287	3.7514
628.541	621.113	0.691204	1403.15	15.9502	3.75903
630.074	622.751	-0.713042	1915.51	-51.5663	3.74569
631.641	624.318	1.20629	1283.44	-53.0028	3.73425
633.182	625.958	1.5197	842.903	-26.1878	3.7514
634.794	627.55	1.87515	701.645	-29.3002	3.72662
636.342	629.238	1.34783	462.225	8.52815	3.72472
637.989	630.807	0.411312	404.764	34.8644	3.72091
639.67	632.43	0.0994945	550.81	42.2864	3.74759
641.235	634.001	-0.0638641	1084.72	28.1606	3.71709
642.667	635.653	0.915755	1395.96	27.6818	3.73044
644.356	637.19	-0.223498	1678.48	31.5125	3.74569
645.987	638.809	0.292119	1791.01	13.0771	3.71709
647.429	640.401	0.898728	1214	-13.4985	3.719
648.969	641.939	0.898728	1214	-13.4985	3.73806
650.736	643.647	0.351184	-229.7	-17.5687	3.7495
652.258	645.114	-1.35158	-399.688	-6.79474	3.73044
653.812	646.635	-1.84006	-196.181	-22.3571	3.71519
655.35	648.269	2.63288	-457.149	-29.7791	3.71519
656.852	649.82	2.15132	-739.665	-32.1733	3.73425
658.445	651.436	0.840195	-718.117	-12.7802	3.72472
660.028	653.014	2.58712	-557.705	1.82438	3.73806
661.547	654.682	2.58712	-557.705	1.82438	3.73425
663.162	656.218	2.67439	115.065	49.9478	3.74569
664.973	657.848	1.11902	431.1	15.9502	3.72853
666.372	659.432	0.850305	1055.99	-26.906	3.72662
667.781	661.098	0.334156	1415.12	-74.3112	3.72662
669.571	662.677	1.23555	1319.35	-60.4249	3.7495
671.105	664.339	1.18394	1156.54	3.2609	3.72472
672.564	665.946	-2.07046	1029.65	26.9635	3.73997
674.258	667.667	-3.63061	854.874	43.4835	3.73234
675.785	669.241	-0.236269	1400.75	26.2452	3.73044
677.333	670.857	2.30617	2042.4	-10.1466	3.75522
679.058	672.33	1.70754	1860.44	-20.6811	3.75331
680.477	673.961	0.230394	1659.33	-11.5831	3.76856
682.143	675.57	-1.06158	1276.25	8.52815	3.75712
683.828	677.24	-1.53728	768.682	9.48583	3.76856
685.329	678.899	0.9977	364.062	-5.1188	3.77047
686.889	680.505	1.98211	141.402	-18.7658	3.75522
688.707	682.08	1.03442	-81.2592	-7.99185	3.75712
690.147	683.674	0.36023	-437.995	2.78206	3.7495
691.668	685.285	0.287862	-686.992	-18.2869	3.7514
693.143	686.857	0.339477	-883.317	-42.2289	3.7495
694.836	688.474	0.40067	-837.827	-37.68	3.72853
696.347	690.01	0.310211	-584.042	-3.68228	3.74569
697.914	691.679	-0.0367264	-533.763	25.7664	3.74569
699.548	693.271	1.75011	-289.555	40.1316	3.74569
701.254	694.886	0.270835	76.7581	39.4133	3.73044
702.959	696.479	-0.586399	174.92	13.3165	3.72662
704.321	698.16	-0.218177	546.022	-42.9472	3.71137
705.831	699.711	0.0978981	1044.02	-70.2411	3.72472
707.536	701.214	0.460799	1044.02	-46.2991	3.74187
709.162	702.809	-1.28826	881.21	5.89453	3.75712
710.695	704.541	-1.69905	1036.83	23.851	3.7514
712.215	706.115	0.126632	1151.75	28.6394	3.73234
713.931	707.802	-0.98708	1451.03	18.8232	3.74378
715.48	709.392	-0.0372585	2049.58	-3.68228	3.74759
717.068	711.09	-2.29395	1831.71	-8.71011	3.72472
718.736	712.67	-0.398031	1513.28	14.5136	3.71709
720.432	714.36	1.28983	1293.01	12.5983	3.73997
721.928	716.003	1.44361	864.451	-16.3716	3.71519
723.452	717.69	0.0920449	850.085	-26.4272	3.73044
725.139	719.332	-1.29624	706.433	-35.0463	3.74759
726.831	720.953	0.0345767	100.7	-31.9339	3.73234
728.256	722.514	0.905645	-282.372	-23.7936	3.73044
729.956	724.149	1.09242	-557.705	-31.2156	3.74378
731.397	725.683	-1.23611	-1225.69	-18.5263	3.73234
733.006	727.173	-2.71112	-1663.83	-10.6255	3.73044
734.671	728.827	0.111201	-1503.42	-8.47069	3.719
736.267	730.485	1.6224	-1237.66	19.0626	3.73234
737.787	732.054	1.03974	-988.662	37.7374	3.74759
739.698	733.702	-1.00145	-399.688	40.6105	3.7495
741.099	735.352	-1.47556	2.53786	46.8354	3.76094
742.581	736.959	-1.66872	115.065	38.4557	3.7514
744.272	738.582	-0.778491	680.097	-13.2591	3.7495
746.002	740.2	0.688543	759.106	-2.96402	3.75522
747.437	741.899	-0.16869	632.213	49.9478	3.74759
749.192	743.549	-0.103773	692.068	59.2852	3.7514
750.79	745.233	0.40812	780.653	64.313	3.75331
752.376	746.79	0.814654	1065.56	29.5971	3.73806
754.104	748.547	0.622561	1297.8	7.33104	3.74569
755.477	750.134	0.251146	2032.82	0.38786	3.72662
757.029	751.805	2.57382	2430.26	5.65511	3.74759
758.773	753.426	0.874783	1989.73	9.96467	3.72281
760.163	755.18	0.886489	1355.26	-19.9629	3.7514
761.789	756.648	0.982801	440.677	-37.2011	3.73997
763.375	758.358	1.87515	-246.459	-5.35822	3.719
765.149	759.906	2.55041	-708.54	28.4	3.73806
766.558	761.57	1.42818	-782.76	10.4435	3.73997
768.16	763.102	1.05943	-849.798	3.2609	3.71519
769.754	764.796	0.886489	-1481.87	1.82438	3.71709
771.388	766.359	0.886489	-1481.87	1.82438	3.71709
772.896	768.072	-0.550215	-1589.61	22.1751	3.72662
774.55	769.65	-0.648656	-1237.66	40.1316	3.73234
776.224	771.345	-0.651849	-797.125	30.076	3.73425
777.904	773.004	-2.4323	-856.981	29.8365	3.74569
779.627	774.674	-3.5492	-938.383	30.3154	3.71709
781.141	776.294	-1.04614	-567.282	18.105	3.7495
782.874	777.93	3.10327	-124.355	22.1751	3.72281
784.586	779.629	2.80529	256.323	52.5815	3.7514
786.137	781.253	0.017017	723.193	73.8899	3.73425
787.685	782.778	0.999297	1168.51	62.3977	3.74378
789.469	784.382	1.72563	1520.46	-25.4695	3.73997
790.973	786.09	2.96652	1388.78	-43.426	3.7495
792.52	787.734	2.14227	1367.23	-17.3292	3.74759
793.952	789.428	0.517735	1372.02	-3.44286	3.7514
795.725	791.056	-0.7455	1307.38	3.50032	3.75331
797.305	792.826	0.559772	1419.91	-11.5831	3.7495
798.94	794.41	1.40104	1099.08	-8.23127	3.7514
800.563	796.092	1.40104	1099.08	-8.23127	3.76094
802.157	797.697	1.83046	534.051	-38.3982	3.7514
803.804	799.409	1.23981	186.891	-42.9472	3.75712
805.378	801.018	1.21214	-296.737	-50.1298	3.75331
806.904	802.739	3.66199	-1094.01	-46.0597	3.7514
808.539	804.378	2.75261	-1785.93	-34.8069	3.7514
810.2	805.999	2.23486	-1920.01	-25.7089	3.75712
811.682	807.601	0.38311	-1819.45	-6.55532	3.75331
813.225	809.254	-0.272452	-1534.54	30.076	3.7495
815.027	810.896	-4.02757	-1429.19	19.5415	3.74759
816.52	812.371	0.43845	-433.207	43.0047	3.74569
818.045	814.161	3.59867	493.349	7.80988	3.72662
819.642	815.626	-1.54686	1125.42	-45.3414	3.72662
821.239	817.298	-3.84452	1158.94	-48.6933	3.72472
822.688	818.965	-0.842877	754.317	-3.9217	3.73234
824.515	820.633	1.86238	550.81	11.1618	3.73044
826.111	822.274	1.95231	428.706	15.7108	3.74187
827.639	824.039	0.436854	332.938	0.866701	3.72662
829.418	825.619	-0.256489	895.575	26.0058	3.73806
830.896	827.288	-1.88209	890.787	26.4847	3.70184
832.391	828.916	-2.63876	1534.83	60.2429	3.73044
834.078	830.647	-3.03518	2473.35	30.5548	3.73997
835.655	832.283	-0.22403	2444.62	8.0493	3.70947
837.216	834.003	2.8436	1879.59	14.7531	3.73044
838.863	835.499	2.8436	1879.59	14.7531	3.72472
840.618	837.304	0.905113	1096.69	-6.55533	3.719
842.149	839.013	0.60713	799.807	-2.7246	3.72662
843.667	840.659	1.07379	502.926	-2.7246	3.719
845.229	842.232	1.07379	502.926	-2.7246	3.74569
846.972	843.857	0.940232	-488.273	-46.2991	3.74187
848.518	845.417	-2.24925	-1050.91	-6.79474	3.71709
850.108	847.047	-0.797115	-1220.9	3.02148	3.75331
851.692	848.749	2.08853	-1343	-5.35823	3.71328
853.355	850.354	-0.370893	-1510.6	-14.4562	3.74187
854.994	852.077	-1.69692	-1730.86	-34.0886	3.71519
856.468	853.66	-0.556068	-1271.18	-32.1733	3.7514
858.087	855.416	1.02643	-268.007	-0.3304	3.74378
859.67	856.986	1.02643	-268.007	-0.3304	3.75331
861.353	858.617	0.217623	488.561	73.8899	3.7514
862.98	860.23	-0.980162	579.541	84.4243	3.7514
864.652	862.007	0.393753	443.071	47.3142	3.7514
866.389	863.647	1.13871	325.755	10.2041	3.74569
868.024	865.353	1.18341	627.425	-5.1188	3.75903
869.496	867.022	-4.59906	701.645	11.88	3.73425
871.34	868.749	-4.08664	780.653	32.7096	3.7514
872.862	870.217	-1.49791	1063.17	48.9902	3.7495
874.353	871.9	-0.669408	1874.8	40.1316	3.73044
876.028	873.572	2.39875	2475.75	28.4	3.719
877.713	875.277	3.05698	2526.03	8.0493	3.74378
879.222	876.945	0.418762	1762.28	1.58496	3.73044
881.047	878.668	0.747075	701.645	8.52815	3.72472
882.494	880.44	2.0715	26.4799	-1.04866	3.73044
884.144	882.044	2.10875	-74.0766	-38.3982	3.72853
885.723	883.743	0.556047	-138.72	-56.8336	3.72091
887.236	885.314	-0.813611	-713.328	-41.5107	3.74187
888.758	886.98	-0.348012	-1532.15	-29.0608	3.73044
890.576	888.588	-0.117607	-2010.99	-28.1031	3.70756
891.99	890.32	-1.8044	-2152.24	-22.1176	3.73425
893.539	891.974	-0.255957	-2058.87	-11.3437	3.72281
895.217	893.703	-4.17763	-1522.57	-26.1878	3.72662
896.849	895.333	-2.9229	-854.586	-30.2579	3.74187
898.325	897.016	-0.435811	-600.801	-2.00634	3.7514
900.064	898.489	-0.471995	-52.5288	25.0481	3.73234
901.656	900.19	-0.981758	421.523	27.9212	3.73806
903.297	901.877	3.803	684.885	9.72525	3.73234
905.058	903.616	0.717277	696.856	-7.75243	3.73997
906.62	905.401	-2.19657	342.515	-35.0463	3.7514
908.324	907.115	-2.28597	-275.19	-21.16	3.73044
909.898	908.857	1.3888	-476.302	14.7531	3.74187
911.534	910.484	2.16888	-30.981	48.2719	3.74378
913.167	912.251	1.63464	874.027	70.2986	3.73997
914.879	913.845	1.31803	1925.08	82.0301	3.74759
916.559	915.569	-0.404948	2875.58	66.4678	3.73997
918.163	917.189	-1.39627	3143.73	5.6551	3.7514
919.7	918.979	1.39519	2614.61	-16.611	3.75331
921.566	920.689	1.93422	1999.3	-35.5252	3.75331
923.111	922.42	-1.13128	1223.58	-49.8904	3.74569
924.701	924.233	0.915755	388.004	-14.6956	3.75331
926.342	925.878	0.724727	-208.152	-30.7368	3.7514
928	927.418	-2.05024	-746.847	-64.9739	3.75331
929.44	929.064	-1.79855	-1065.28	-51.3269	3.75331
930.963	930.708	0.520396	-1706.92	-13.4985	3.73234
932.48	932.304	1.11051	-2178.58	-60.1854	3.74378
934.128	934.011	-0.301718	-2736.43	-107.83	3.73044
935.721	935.64	-0.301718	-2736.43	-107.83	3.72281
937.334	937.369	1.09508	-3428.35	-62.1008	3.7514
938.879	939.049	1.09508	-3428.35	-62.1008	3.71709
940.523	940.827	-2.20562	-2643.06	-18.5263	3.72662
942.208	942.568	-2.61322	-2142.67	-21.6388	3.72281
943.719	944.315	0.945553	-1991.83	-14.6956	3.70375
945.225	946.035	-1.99703	-1529.75	2.30322	3.70756
947.054	947.619	-1.24728	-131.537	46.8354	3.719
948.577	949.291	-1.66712	1352.87	59.2852	3.70947
950.221	950.898	-1.03391	1661.72	59.5246	3.73044
952.132	952.579	1.68253	1118.24	26.7241	3.74187
953.803	954.246	3.13892	308.996	4.21858	3.72662
955.422	956.035	0.248486	-239.277	8.76757	3.74569
957.235	957.49	-2.14655	-514.61	21.9357	3.73806
958.894	959.292	-1.12011	-651.079	40.8499	3.74187
960.457	960.996	1.4186	-538.552	43.9623	3.719
962.123	962.786	-1.36914	-71.6824	16.9079	3.71709
963.598	964.374	-1.84165	780.653	5.89453	3.72662
965.33	966.058	-0.0111851	1731.15	15.7108	3.719
967.053	967.703	0.60713	2585.88	31.2731	3.71519
968.631	969.42	2.08108	2559.55	65.989	3.74187
970.102	971.073	2.23646	2339.28	26.7241	3.7514
971.922	972.752	1.17968	1881.99	-27.1455	3.74759
973.431	974.506	1.4053	921.911	-12.062	3.7514
974.969	976.112	1.59952	129.431	-15.1745	3.7495
976.666	977.782	1.41328	-318.285	-23.5542	3.77619
978.297	979.421	1.26056	-766.001	-55.8759	3.75331
979.874	981.145	0.954599	-1357.37	-98.2533	3.74569
981.362	982.75	1.41115	-1946.34	-73.3536	3.7514
982.911	984.418	1.23449	-2082.81	-39.1165	3.74569
984.684	985.935	-0.411866	-1967.89	-32.8915	3.73806
986.226	987.774	-0.411866	-1967.89	-32.8915	3.719
987.808	989.212	-0.418251	-1453.14	-9.66779	3.73234
989.419	990.841	-2.49615	-758.818	42.5258	3.70375
990.944	992.438	-1.7927	560.387	95.4377	3.72853
992.494	994.145	-0.575757	1980.15	61.2006	3.74187
994.069	995.741	0.795498	2475.75	-7.51301	3.719
995.549	997.417	3.16766	2138.17	-11.5831	3.73806
997.307	999.046	3.79555	1405.54	-14.4562	3.74569
998.795	1000.75	-1.47662	692.068	-26.906	3.72853
1000.36	1002.43	-2.16305	52.8161	-15.1745	3.719
1002.03	1004.12	-3.50557	-270.401	-21.6388	3.74187
1003.78	1005.84	-3.60188	-392.505	-7.513	3.72091
1005.34	1007.47	0.268174	-301.526	40.8499	3.72662
1007	1009.18	2.34554	-42.952	73.411	3.73044
1008.67	1010.81	1.84695	754.317	106.212	3.719
1010.18	1012.59	2.4062	1242.73	136.857	3.74187
1011.7	1014.06	-0.0846165	1606.65	97.1136	3.72853
1013.44	1015.83	-0.655573	1843.68	14.0348	3.71519
1015.14	1017.44	-0.85618	1276.25	-28.3426	3.74569
1016.78	1019.27	-2.69197	474.196	17.3867	3.72662
1018.43	1020.92	-1.05519	129.431	19.3021	3.73997
1019.9	1022.74	-0.153259	52.8161	-7.51301	3.74187
1021.58	1024.47	0.0883201	-11.8274	-5.83706	3.73806
1023.34	1026.16	-1.21908	-191.392	-14.2168	3.73425
1024.84	1027.85	-0.907263	-505.033	-20.6811	3.73997
1026.5	1029.47	-0.318214	-880.923	-15.1745	3.70947
1028.29	1031.2	1.60324	-1043.73	7.80988	3.7514
1029.8	1032.81	0.902984	-512.216	35.5826	3.74378
1031.28	1034.5	0.657681	215.622	39.4133	3.72853
1032.93	1036.1	-0.189443	830.932	10.4435	3.7495
1034.55	1037.84	0.799222	749.529	-18.7658	3.72853
1036.05	1039.48	1.54684	376.033	-32.1733	3.73997
1037.75	1041.23	1.8826	48.0277	-31.455	3.7495
1039.38	1042.94	1.80598	-131.537	-23.0753	3.75712
1041.06	1044.67	1.5793	-90.836	-15.1745	3.74759
1042.76	1046.18	2.86435	-155.479	17.6261	3.73044
1044.27	1047.89	4.47559	115.065	65.7496	3.74569
1045.89	1049.59	2.52646	981.766	74.8475	3.74569
1047.56	1051.27	-0.0627999	1613.84	72.4533	3.73997
1049.21	1052.98	-1.77886	1491.73	89.931	3.74569
1050.8	1054.67	-0.0984515	1225.97	71.0168	3.72853
1052.4	1056.42	2.58978	1146.97	33.9067	3.71137
1054.16	1058.13	-0.193168	993.737	15.2319	3.72281
1055.71	1059.9	-1.98107	902.758	-11.5831	3.74759
1057.28	1061.53	0.739094	907.546	-28.3426	3.73234
1059.03	1063.31	4.69748	529.262	29.5971	3.72662
1060.67	1064.89	1.47554	50.4219	42.5258	3.719
1062.06	1066.59	1.17543	-315.891	-6.55532	3.71137
1063.81	1068.28	0.16388	-402.082	-36.7223	3.72662
1065.54	1070.01	-1.74321	-131.537	-30.2579	3.72853
1067.02	1071.46	-1.42128	256.323	22.4145	3.73997
1068.77	1073.31	-0.674197	596.3	65.989	3.72853
1070.29	1074.9	-0.821592	874.027	30.5548	3.72662
1071.92	1076.54	-0.298526	1096.69	-8.94953	3.72662
1073.63	1078.29	-0.59172	1063.17	-13.2591	3.74569
1075.28	1079.99	-0.59172	1063.17	-13.2591	3.73044
1076.94	1081.81	0.508689	124.642	-1.76692	3.73044
1078.89	1083.47	-0.650784	131.825	-1.5275	3.7514
1080.56	1085.17	-0.29959	-133.932	22.1751	3.74378
1082.09	1086.9	2.33437	-318.285	32.4702	3.74569
1083.68	1088.65	-2.42591	-117.172	27.2029	3.74759
1085.43	1090.33	-1.76184	330.543	14.9925	3.7514
1086.93	1092.07	0.271367	567.569	1.82438	3.77619
1088.57	1093.82	1.74958	423.917	-28.3426	3.73234
1090.32	1095.48	2.64725	153.373	-19.0052	3.72472
1091.94	1097.18	2.88191	-102.807	22.8934	3.74759
1093.75	1098.83	1.80013	179.709	45.8777	3.72662
1095.11	1100.65	0.156963	589.117	57.6093	3.7514
1096.71	1102.16	1.93741	701.645	10.4435	3.76094
1098.32	1103.91	3.15169	811.778	-45.102	3.73425
1099.88	1105.6	1.1999	438.283	-24.033	3.75331
1101.56	1107.4	2.94736	263.506	45.6383	3.75903
1103.2	1109.03	4.26913	294.63	93.2829	3.74569
1104.93	1110.77	1.98477	790.23	112.197	3.7495
1106.51	1112.5	3.07188	1568.35	86.5791	3.75331
1108.1	1114.19	3.12668	1807.77	61.6794	3.75331
1109.88	1115.95	3.24109	1625.81	56.4122	3.7495
1111.34	1117.64	4.1345	1443.85	25.7664	3.74569
1112.94	1119.49	4.1345	1443.85	25.7664	3.73425
1114.67	1121.19	1.70594	687.28	-0.090979	3.74759
1116.36	1122.97	0.989187	366.457	15.7108	3.70756
1117.86	1124.58	3.38316	127.036	21.4568	3.72472
1119.57	1126.35	4.44153	19.2973	1.58496	3.73425
1121.05	1128.01	2.50145	-83.6534	-54.6788	3.73234
1122.75	1129.77	1.63836	-188.998	-88.1976	3.74187
1124.24	1131.39	-0.0957909	-646.291	-69.2834	3.7514
1126.01	1133.08	0.064375	-1311.88	-44.8626	3.70184
1127.58	1134.88	0.96471	-1668.61	-44.1443	3.74187
1129.23	1136.53	1.64315	-1354.97	-30.0185	3.72662
1130.69	1138.32	1.64315	-1354.97	-30.0185	3.719
1132.4	1139.96	2.63395	495.743	53.0603	3.72091
1133.94	1141.75	3.01547	1565.95	63.3554	3.7514
1135.79	1143.43	3.33846	1783.82	62.1583	3.73234
1137.36	1145.24	3.45819	1300.2	29.5971	3.73806
1139.02	1146.99	2.08747	526.868	3.02148	3.70947
1140.96	1148.74	1.6538	-198.575	-5.83706	3.73044
1142.59	1150.59	3.34857	-651.079	26.9635	3.72281
1144.17	1152.24	3.76149	-272.795	68.6226	3.73044
1145.9	1154.04	1.12594	962.613	89.2127	3.74569
1147.62	1155.65	-0.471995	1834.1	118.422	3.74569
1149.16	1157.45	2.11301	1982.54	144.758	3.73806
1150.84	1159.15	2.04543	1779.04	108.606	3.73044
1152.29	1160.81	0.591699	1436.66	39.8922	3.72091
1153.99	1162.57	0.855094	828.537	-1.76692	3.74569
1155.54	1164.32	3.03888	285.054	6.13395	3.74759
1157.2	1166.06	3.99137	-133.932	46.1171	3.74569
1158.7	1167.87	3.99137	-133.932	46.1171	3.7514
1160.36	1169.71	-0.411866	-416.447	-29.0608	3.7514
1161.98	1171.44	0.710359	-665.444	-43.426	3.7495
1163.66	1173.27	3.32569	-1177.8	-1.76692	3.7514
1165.24	1175.01	4.46122	-1424.41	19.0626	3.7495
1167.04	1176.73	2.21624	-955.143	45.3989	3.75903
1168.52	1178.4	1.80172	-160.268	89.931	3.7495
1170.09	1180.13	2.64672	69.5755	111.958	3.74187
1171.83	1181.92	0.664598	21.6915	118.661	3.73044
1173.5	1183.65	2.41951	50.4219	86.1003	3.74569
1174.97	1185.46	4.15047	-9.43315	35.1038	3.73806
1176.76	1187.16	4.90341	-268.007	26.4847	3.72662
1178.46	1189	4.47931	-548.129	46.8354	3.72091
1180.13	1190.68	2.43919	-433.207	87.058	3.719
1181.75	1192.3	1.70541	376.033	154.096	3.73806
1183.22	1194.03	4.31223	1424.69	174.686	3.72472
1184.87	1195.78	3.78012	2193.23	103.099	3.719
1186.62	1197.54	1.93262	2145.35	54.2574	3.71328
1188.13	1199.28	-1.92839	1312.17	54.2574	3.72662
1189.7	1201.12	-0.402288	457.436	65.0313	3.71137
1191.33	1202.84	2.16835	251.535	83.2272	3.73997
1193.01	1204.68	3.14265	768.682	57.3699	3.71519
1194.51	1206.42	2.99153	1388.78	15.9502	3.74569
1196.02	1208.21	2.95641	1269.07	3.97916	3.719
1197.68	1210.04	2.95641	1269.07	3.97916	3.73044
1199.26	1211.77	1.75756	81.5465	19.7809	3.73044
1200.69	1213.62	4.47506	-112.384	0.387861	3.70947
1202.48	1215.33	3.11178	-612.772	21.6963	3.74187
1204.08	1217.17	2.79571	-605.589	26.7241	3.73234
1205.68	1218.88	0.751864	-296.737	36.0615	3.73425
1207.39	1220.69	0.821571	31.2683	68.862	3.7495
1208.83	1222.22	-1.82835	447.859	62.6371	3.73234
1210.51	1224	-2.32907	416.735	55.2151	3.74187
1212.19	1225.81	2.51582	-126.749	63.5948	3.72281
1213.72	1227.53	0.0420263	-473.908	63.3554	3.72281
1215.34	1229.36	-3.37307	-545.734	46.1171	3.7495
1217.15	1231.07	-3.95627	-454.755	43.7229	3.73425
1218.65	1232.92	0.622561	-11.8274	88.0156	3.7514
1220.29	1234.64	3.02771	974.584	111.479	3.75903
1221.95	1236.41	1.65433	1599.47	132.308	3.7514
1223.52	1238.24	-1.19567	1984.94	109.563	3.75522
1224.99	1240.02	2.27956	1838.89	71.9745	3.73425
1226.67	1241.86	2.71696	1089.51	68.3832	3.7495
1228.23	1243.6	1.93528	560.387	51.3844	3.7495
1229.97	1245.49	2.70472	95.9117	29.8365	3.7514
1231.59	1247.27	3.09369	83.9407	35.822	3.74759
1233.1	1249.09	0.524652	103.094	64.5525	3.72662
1234.69	1250.95	0.48368	256.323	67.9044	3.72853
1236.29	1252.58	3.38635	-35.7694	33.4278	3.74187
1237.89	1254.42	2.29712	-612.772	4.458	3.719
1239.52	1256.11	1.65539	-730.088	5.65511	3.73425
1241.1	1257.96	0.257	-581.647	44.92	3.72281
1242.79	1259.69	0.775277	-165.056	77.0023	3.70756
1244.35	1261.47	1.76341	177.315	57.6093	3.72662
1245.86	1263.25	-1.40266	-126.749	39.6528	3.719
1247.65	1265.04	-0.029809	-701.357	49.7084	3.73044
1249.25	1266.86	1.55801	-876.134	60.9612	3.73997
1250.69	1268.58	1.27706	-177.027	106.451	3.72281
1252.4	1270.43	1.55323	383.216	180.671	3.73997
1254.06	1272.11	4.31808	574.752	229.513	3.74187
1255.61	1273.88	5.78405	969.795	223.049	3.72472
1257.22	1275.61	2.11567	1609.05	127.041	3.73997
1258.71	1277.43	2.11567	1609.05	127.041	3.7514
1260.34	1279.21	5.09869	672.914	97.1136	3.73806
1262.12	1280.97	4.61819	589.117	130.872	3.73997
1263.65	1282.85	5.52066	421.523	125.126	3.70756
1265.16	1284.45	4.0217	177.315	95.9165	3.72281
1266.81	1286.32	3.49437	502.926	95.9165	3.69994
1268.39	1288.13	1.52343	979.372	113.394	3.71519
1269.69	1290	2.18804	1479.76	53.2997	3.72472
1271.06	1291.81	3.93975	1290.62	-32.1733	3.73044
1272.71	1293.58	5.65847	237.17	-36.004	3.73997
1274.14	1295.41	5.08592	-397.294	-28.582	3.75331
1275.67	1297.14	3.69338	-476.302	-20.2023	3.72281
1277.17	1298.96	2.99951	-397.294	-6.07648	3.7514
1278.68	1300.72	1.05623	-277.584	-1.76692	3.74569
1280.23	1302.5	-0.442728	-244.065	28.8789	3.7495
1281.77	1304.35	2.92554	-382.929	64.313	3.72662
1283.27	1306.09	4.92895	-129.143	114.112	3.73425
1284.76	1307.94	5.24023	823.749	181.15	3.73234
1286.51	1309.61	6.13738	1644.96	237.893	3.74569
1287.88	1311.45	5.75798	2066.34	258.962	3.74569
1289.33	1313.17	3.31133	2037.61	252.737	3.72091
1291.01	1314.97	3.60931	1434.27	218.739	3.74569
1292.58	1316.57	6.77591	478.984	213.232	3.719
1294.08	1318.41	9.7749	105.489	203.177	3.73044
1295.73	1320.34	10.5779	36.0567	182.826	3.70375
1297.24	1322.1	6.85094	-54.923	190.487	3.71519
1298.76	1323.93	6.85094	-54.923	190.487	3.71137
1300.27	1325.76	3.8743	48.0276	173.967	3.69994
1301.67	1327.61	0.624158	179.709	130.632	3.73806
1303.01	1329.37	4.17441	627.425	37.498	3.73044
1304.73	1331.16	3.83439	280.265	-1.5275	3.72281
1306.18	1333.05	3.68434	-651.079	32.7096	3.72662
1307.61	1334.83	7.39955	-777.972	20.0203	3.72662
1309.06	1336.72	5.09869	-1103.58	22.4145	3.72662
1310.89	1338.56	4.21858	-1467.5	-10.6255	3.74569
1312.36	1340.4	6.10013	-1429.19	32.4702	3.73806
1313.73	1342.21	10.1713	-234.488	169.179	3.72281
1315.33	1343.91	9.09699	1621.02	280.031	3.72281
1316.83	1345.76	8.07906	3043.17	330.309	3.72281
1318.26	1347.35	8.40152	3191.61	283.383	3.71137
1319.92	1349.2	5.1684	2174.08	246.272	3.71519
1321.21	1351.01	0.349055	1565.95	238.611	3.72091
1322.63	1352.86	4.07171	1570.74	195.994	3.72281
1324.25	1354.67	13.7881	893.181	128.717	3.74187
1325.61	1356.41	17.0324	141.402	47.7931	3.74569
1326.99	1358.23	15.4435	79.1523	19.5415	3.7495
1328.42	1359.95	14.1856	-121.961	31.0336	3.74569
1329.9	1361.75	11.4218	-232.094	40.6105	3.7514
1331.18	1363.46	8.02957	16.9031	41.0893	3.7495
1332.7	1365.28	7.77415	-100.413	39.8922	3.7495
1334.08	1367.03	6.40716	-212.94	86.5791	3.75522
1335.54	1368.77	4.57935	24.0856	169.179	3.74569
1337.09	1370.64	10.0723	435.888	206.529	3.7514
1338.34	1372.37	11.0004	1005.71	204.134	3.73425
1339.66	1374.18	8.86658	1613.84	205.092	3.73425
1340.97	1375.9	10.4996	1740.73	197.191	3.73234
1342.58	1377.55	10.4996	1740.73	197.191	3.70947
1343.93	1379.24	5.47968	1975.36	255.61	3.73425
1345.18	1381.01	6.56253	2377.59	281.946	3.73425
1346.59	1382.75	6.7493	2633.77	262.553	3.719
1347.89	1384.48	5.56961	2341.67	243.878	3.69422
1349.18	1386.35	9.43913	1975.36	184.741	3.72853
1350.43	1388.06	11.3249	1599.47	143.322	3.70947
1351.69	1389.85	10.3538	1321.74	193.121	3.71709
1353.14	1391.41	8.63937	1520.46	165.588	3.71519
1354.39	1393.09	7.75127	1874.8	144.998	3.69612
1355.65	1394.62	7.7252	2073.52	161.996	3.69612
1356.85	1396.35	7.96146	1999.3	93.7617	3.70375
1358.27	1397.98	7.11966	1484.55	50.9055	3.71328
1359.39	1399.75	7.11966	1484.55	50.9055	3.71519
1360.73	1401.48	7.12977	81.5465	75.8052	3.71709
1362.23	1403.19	5.71062	-210.546	42.2864	3.74569
1363.39	1404.95	3.58909	-718.117	39.4133	3.72662
1364.73	1406.68	-1.93584	-1058.09	58.0881	3.74187
1366.13	1408.53	-0.361315	-1094.01	81.3119	3.73425
1367.29	1410.02	5.78139	117.46	164.151	3.73806
1368.4	1411.63	8.55157	3067.12	235.02	3.73044
1369.47	1413.12	7.56184	4620.95	265.905	3.71709
1370.58	1414.73	6.01073	3809.32	248.906	3.73425
1371.64	1416.27	7.86195	3208.37	182.108	3.71519
1372.72	1417.92	7.86195	3208.37	182.108	3.73997
1374.11	1419.53	1.69849	1819.74	112.197	3.71137
1375.2	1421.27	-3.71629	1247.52	98.0713	3.72662
1376.41	1422.88	1.49416	653.761	92.3252	3.74187
1377.7	1424.59	14.8954	241.958	94.7194	3.70184
1378.82	1426.27	17.2559	546.022	145.237	3.70184
1379.95	1428.08	11.0094	1489.34	170.616	3.73425
1381.08	1429.81	9.13157	2011.27	131.351	3.72091
1382.04	1431.52	11.4585	1987.33	58.567	3.69612
1383.04	1433.01	9.20341	2458.99	158.405	3.70375
1384.12	1434.17	7.94496	4922.62	324.323	3.68469
1385.12	1435.47	10.1601	5695.95	403.571	3.69041
1386.04	1436.84	9.04271	5008.81	413.388	3.67897
1387.05	1438.33	7.34421	5657.64	349.462	3.69231
1387.83	1439.73	3.571	5990.44	252.018	3.68469
1388.71	1441.15	3.9621	4685.6	199.107	3.69994
1389.71	1442.65	14.7826	3658.48	301.818	3.69803
1390.74	1444.09	16.0118	2415.89	177.559	3.70184
1391.74	1445.64	16.0118	2415.89	177.559	3.69231
1392.99	1447.21	13.4172	917.123	120.577	3.69422
1394.04	1448.71	14.623	632.213	69.1015	3.70947
1395.2	1450.33	14.6996	55.2103	61.6794	3.72091
1396.33	1451.95	14.6996	55.2103	61.6794	3.69231
1397.24	1453.53	9.50671	-667.839	97.1136	3.71137
1398.23	1455.17	13.7317	-212.94	15.2319	3.70184
1399.3	1456.74	19.6972	81.5465	-66.4104	3.69803
1400.28	1457.81	14.6581	-256.036	-88.1976	3.6885
1400.99	1458.86	9.0177	1214	-87.7188	3.69041
1401.67	1459.79	9.19064	4087.05	-91.0706	3.67897
1402.38	1460.61	5.19554	4723.9	-144.222	3.67325
1402.94	1461.68	0.39535	4630.53	-178.459	3.68087
1403.47	1462.76	1.8826	5423.01	-125.547	3.69231
1404.12	1463.86	10.2857	5118.95	-97.535	3.69041
1404.77	1465.11	18.7394	4075.08	-64.9738	3.69994
1405.55	1466.18	24.1441	2940.22	-5.1188	3.69231
1406.34	1467.21	17.5826	2600.25	69.1014	3.69422
1407.16	1468.23	7.32399	4127.75	229.992	3.69612
1407.99	1469.22	6.19484	4982.48	415.542	3.71709
1408.92	1470.34	17.9231	4331.25	460.553	3.70947
1409.66	1471.49	26.8743	3483.71	373.883	3.71328
1410.62	1472.59	26.4577	2803.75	317.859	3.70947
1411.71	1473.75	26.4577	2803.75	317.859	3.69994
1412.75	1474.91	22.4525	1281.04	275.242	3.71137
1413.79	1476.09	21.0296	795.019	275.482	3.71709
1415.01	1477.44	22.3477	256.323	237.893	3.70375
1416.07	1478.72	15.6398	-143.508	182.587	3.70947
1417.26	1479.95	15.8426	-732.482	149.068	3.68469
1418.55	1481.24	16.5141	-890.499	136.139	3.68659
1419.68	1482.09	17.8614	208.439	243.16	3.658
1420.99	1482.96	24.4463	3172.46	500.776	3.70184
1422.27	1483.86	31.0238	5533.14	683.214	3.6885
1423.76	1484.78	27.5874	5930.58	720.085	3.69041
1424.67	1485.69	22.8697	5375.13	631.021	3.66944
1425.01	1486.69	22.8697	5375.13	631.021	3.66944
1425.14	1487.7	9.0177	11245.7	279.073	3.68469
1425.31	1488.73	7.51448	14066.1	28.1606	3.63894
1425.53	1489.7	16.8536	12538.6	-29.3002	3.66372
1425.75	1490.43	21.8209	9452.45	-70.7199	3.66181
1425.99	1491.06	18.202	7991.99	-218.203	3.66563
1426.21	1491.65	12.9963	7654.41	-265.847	3.62369
1426.36	1492.4	8.83306	6900.23	-320.196	3.66181
1426.47	1493.19	9.58919	6984.03	-466.481	3.65419
1426.69	1493.99	12.6068	6421.39	-462.89	3.658
1426.96	1494.81	12.5147	5348.79	-407.345	3.67706
1427.27	1495.67	12.1987	4841.22	-390.585	3.67706
1427.68	1496.64	15.6132	4048.74	-358.264	3.68659
1428.14	1497.59	21.0243	3103.03	-305.352	3.68469
1428.61	1498.61	23.6492	2272.24	-258.665	3.69612
1429.15	1499.69	21.0897	1747.91	-220.118	3.69612
1429.84	1500.73	21.6719	1422.3	-192.824	3.69041
1430.5	1501.85	20.3943	1084.72	-166.249	3.69041
1431.02	1503.07	16.2385	902.758	-119.322	3.69231
1431.29	1504.19	10.7215	1721.57	-95.3802	3.68469
1431.46	1505.47	8.44781	3694.4	-175.347	3.70375
1431.63	1506.76	13.1182	5197.96	-293.141	3.67706
1431.88	1508.07	13.8631	4905.86	-308.464	3.70184
1432.2	1509.46	20.1772	3952.97	-259.622	3.67325
1432.6	1510.73	21.6171	2995.29	-219.4	3.66563
1433.03	1511.85	21.1041	2063.95	-206.232	3.67134
1433.6	1512.26	13.2836	4168.45	8.0493	3.63322
1434.11	1512.32	1.77991	12246.5	482.58	3.65991
1434.56	1512.5	3.36667	17542.5	792.39	3.63703
1434.86	1512.67	11.3452	17233.6	730.38	3.63513
1434.82	1512.93	15.1413	16855.3	468.454	3.63131
1434.68	1513.23	10.8471	17439.5	162.475	3.63703
1434.54	1513.6	12.2875	17389.2	-129.378	3.63894
1434.47	1514.03	13.5822	14882.5	-267.045	3.62941
1434.5	1514.44	16.529	11319.9	-324.505	3.63513
1434.64	1514.89	16.529	11319.9	-324.505	3.65228
1434.83	1515.3	12.6116	8710.25	-403.993	3.66372
1435.08	1515.75	14.1132	6921.78	-371.192	3.658
1435.46	1516.29	18.8134	5964.1	-352.039	3.658
1435.86	1516.84	21.6948	5475.68	-324.745	3.65038
1436.2	1517.51	21.5149	5090.22	-266.566	3.67134
1436.35	1518.28	19.6163	5176.41	-286.677	3.63703
1436.34	1519.04	17.5687	6146.06	-402.796	3.658
1436.36	1519.81	16.2848	6816.44	-500	3.64847
1436.47	1520.67	16.0964	6469.28	-508.38	3.67134
1436.65	1521.56	16.33	5753.41	-464.087	3.67897
1436.85	1522.43	16.3678	5073.46	-414.767	3.67706
1437.13	1523.34	16.2433	4357.59	-381.008	3.65419
1437.49	1524.36	16.2007	3529.2	-318.28	3.70375
1437.85	1525.39	11.0663	2775.02	-264.89	3.66372
1438.29	1526.41	12.7308	2420.68	-244.778	3.67134
1438.81	1527.56	15.3796	2068.73	-211.02	3.69041
1439.36	1528.67	15.4754	1683.27	-182.05	3.6885
1439.85	1529.85	12.0507	1484.55	-166.488	3.68659
1440.13	1531.09	7.21916	1824.53	-188.036	3.66944
1440.19	1532.29	5.40253	3217.95	-325.942	3.66944
1440.28	1533.6	7.2761	4324.07	-452.356	3.67897
1440.49	1534.88	11.3595	4388.72	-458.341	3.66944
1440.7	1536.18	12.5797	4008.04	-419.795	3.69041
1441	1537.56	9.88185	3172.46	-353.475	3.69612
1441.38	1538.86	6.02989	2566.73	-321.632	3.67325
1441.83	1540.32	4.51177	2178.87	-291.465	3.6885
1442.34	1541.7	4.86988	1364.84	-256.51	3.71137
1442.91	1543.09	5.07315	763.894	-257.228	3.69612
1443.55	1544.21	8.39034	522.08	-218.682	3.6885
1444.04	1544.36	10.5449	3043.17	75.5658	3.64275
1444.04	1544.12	10.381	9093.32	445.47	3.63703
1443.63	1543.95	6.73015	13845.8	291.523	3.57794
1443.17	1543.82	1.5362	15710.9	-219.16	3.64084
1442.72	1543.82	-0.415591	15732.4	-497.127	3.61988
1442.47	1543.9	0.523588	14099.6	-530.646	3.60272
1442.34	1544.04	-0.980694	12478.7	-507.422	3.62369
1442.29	1544.23	2.60362	10879.4	-470.073	3.65228
1442.35	1544.48	4.66502	9031.07	-440.385	3.66753
1442.49	1544.75	1.0839	8451.68	-381.966	3.658
1442.71	1545.09	0.338413	10127.6	-416.921	3.66944
1443.02	1545.5	2.14227	11628.8	-534.956	3.67134
1443.39	1545.98	2.21943	11042.2	-559.616	3.66563
1443.72	1546.51	2.10556	9363.87	-542.617	3.66372
1444.17	1547.07	3.38529	7623.28	-481.086	3.66181
1444.64	1547.66	4.08715	6196.34	-407.824	3.69041
1445.16	1548.29	4.15739	5231.47	-371.192	3.69231
1445.9	1549	4.00414	4290.55	-304.394	3.66944
1446.58	1549.71	3.70243	3510.04	-258.425	3.69231
1447.03	1550.5	3.51779	2796.57	-224.428	3.69041
1447.42	1551.29	2.85797	2674.47	-224.667	3.68087
1447.59	1552.11	1.78842	4130.14	-245.736	3.64466
1447.77	1552.56	2.68077	7573	-262.496	3.66372
1448.04	1552.67	3.19533	12260.9	-130.814	3.64084
1448.32	1552.86	3.19533	12260.9	-130.814	3.63894
1448.53	1553.16	4.29786	12981.5	-41.9895	3.64656
1448.68	1553.51	2.73398	10874.6	-189.951	3.64847
1448.86	1553.84	1.00621	8897	-310.14	3.64847
1449.11	1554.09	0.862012	7474.84	-284.762	3.63322
1449.45	1554.37	1.71446	6921.78	-187.796	3.65609
1449.89	1554.63	2.4344	6205.92	-130.575	3.64275
1450.31	1555	2.36895	5214.71	-103.76	3.64847
1450.75	1555.42	4.72142	4498.85	-106.394	3.65991
1451.29	1555.93	2.97503	3488.5	-118.365	3.68278
1451.91	1556.43	-0.944511	2722.35	-120.759	3.66563
1452.6	1557.01	-0.944511	2722.35	-120.759	3.66563
1453.24	1557.57	2.01776	1714.39	-75.0295	3.65609
1453.77	1558.27	2.18272	1388.78	-63.5373	3.68087
1454.08	1559.04	0.777406	1786.22	-109.506	3.65991
1454.25	1559.77	-1.04242	3038.39	-219.4	3.64084
1454.38	1560.21	-1.29411	4853.19	-287.395	3.63703
1454.63	1560.32	0.224541	6603.35	-225.385	3.64656
1454.9	1560.45	0.224541	6603.35	-225.385	3.65419
1455.16	1560.61	1.51012	7683.14	27.6818	3.63322
1455.4	1560.81	1.43829	7266.55	17.1473	3.65038
1455.74	1561.09	1.00568	6239.43	-19.9629	3.658
1456.03	1561.41	0.608194	5248.23	-71.6776	3.63513
1456.32	1561.78	0.227201	4644.9	-76.466	3.63894
1456.63	1562.11	0.0372372	5109.37	-55.397	3.64084
1456.91	1562.42	0.218688	6569.83	-40.0741	3.63513
1457.18	1562.77	0.319257	7537.09	-48.2145	3.62941
1457.57	1563.12	0.298505	7544.27	-82.4515	3.65038
1457.98	1563.53	0.224541	6964.88	-106.872	3.67516
1458.42	1564.01	0.145256	5762.99	-94.9014	3.67134
1458.9	1564.57	0.0760815	4726.3	-87.0005	3.67897
1459.39	1565.14	0.0159527	4436.6	-66.6498	3.69041
1459.72	1565.66	-0.11814	4704.75	-32.1733	3.69041
1460.08	1566.11	-0.223498	5954.52	-2.96401	3.68469
1460.46	1566.5	-0.116543	7546.67	2.54265	3.67325
1460.86	1566.88	0.111201	8343.94	-4.87939	3.66181
1461.33	1567.3	0.38045	8308.02	-22.3571	3.658
1461.84	1567.74	0.591166	7632.86	-29.5396	3.66563
1462.31	1568.22	0.499111	6826.01	-7.75242	3.68087
1462.65	1568.69	0.170797	6428.58	-5.35823	3.65038
1463.04	1569.1	0.170797	6428.58	-5.35823	3.67325
1463.44	1569.54	0.0696961	6146.06	-57.5518	3.67134
1463.82	1569.93	0.261789	5291.33	-31.9339	3.68087
1464.35	1570.43	0.319789	4656.87	-26.4272	3.66753
1464.85	1570.99	0.254871	3921.85	-39.1165	3.67706
1465.37	1571.56	0.137807	3107.82	-42.4683	3.65991
1465.9	1572.17	-0.0750385	2535.6	-43.1866	3.68087
1466.37	1572.79	-0.0750385	2535.6	-43.1866	3.66944
1466.78	1573.35	-0.63216	2530.81	-31.6944	3.64275
1467.21	1573.82	-0.715702	3866.78	1.34554	3.64275
1467.67	1574.2	-0.191571	5530.75	24.5693	3.64466
1468.14	1574.63	0.383643	6260.98	40.1316	3.68087
1468.59	1575.12	0.383643	6260.98	40.1316	3.65991
1469.07	1575.63	0.261257	5394.28	-13.4985	3.65228
1469.52	1576.14	-0.0995157	4946.56	-30.0185	3.66372
1470.09	1576.66	-0.226691	4503.64	-47.0173	3.66944
1470.65	1577.21	-0.226691	4503.64	-47.0173	3.66372
1471.22	1577.79	0.496983	3670.46	22.8933	3.64275
1471.74	1578.3	0.481551	3888.33	62.3977	3.66372
1472.16	1578.8	0.171862	4728.69	70.2986	3.67134
1472.6	1579.27	0.171862	4728.69	70.2986	3.63322
1473.11	1579.78	-0.0298089	6452.52	-25.9484	3.65038
1473.72	1580.32	0.059586	5947.34	-36.2434	3.66563
1474.36	1580.87	0.114394	5250.63	-31.2156	3.67325
1474.92	1581.46	0.116522	4640.11	-14.6956	3.69041
1475.48	1582.07	0.0585217	4541.94	-1.04866	3.66563
1475.98	1582.56	-0.0165061	4750.24	3.50032	3.69231
1476.46	1583.1	-0.0627999	5027.97	-4.63997	3.69041
1477.04	1583.73	-0.086745	5348.79	-7.99185	3.68469
1477.6	1584.27	0.114926	5305.69	-12.3014	3.69041
1478.14	1584.85	0.110669	4857.98	-18.7658	3.68087
1478.75	1585.39	0.134614	4599.41	-18.2869	3.69041
1479.25	1585.95	-0.237865	4537.16	-18.2869	3.69994
1479.88	1586.52	-0.315553	4568.28	-47.2568	3.69041
1480.55	1587.13	-0.10803	4283.37	-25.4695	3.6885
1481.16	1587.74	-0.00373543	4175.63	7.80989	3.68659
1481.67	1588.3	-0.108562	4417.45	20.0203	3.69231
1482.29	1588.84	-0.147406	4774.18	2.54265	3.69041
1482.87	1589.45	-0.147406	4774.18	2.54265	3.658
1483.51	1590.11	-0.0463044	4671.23	-2.00635	3.66753
1484.18	1590.75	-0.141553	4541.94	-9.66777	3.658
1484.72	1591.31	-0.255425	4587.43	-13.7379	3.65991
1485.28	1591.91	-0.281498	4776.58	-25.9483	3.68087
1485.97	1592.52	-0.125589	4676.02	-16.8504	3.67325
1486.68	1593.16	-0.048965	4467.72	11.6406	3.67134
1487.32	1593.79	0.0175491	4450.96	9.96467	3.67325
1487.94	1594.46	-0.0925982	4506.03	-7.99185	3.67706
1488.54	1595.06	-0.315021	4522.79	-25.4695	3.67134
1489.08	1595.72	-0.315021	4522.79	-25.4695	3.66181
1489.76	1596.42	-0.395902	4443.78	-44.3837	3.68087
1490.52	1597.11	-0.17614	3969.73	-21.8782	3.66372
1491.17	1597.78	-0.0553504	3663.27	25.527	3.66753
1491.84	1598.4	-0.0702495	3964.94	45.1594	3.67516
1492.62	1599.05	-0.125057	4326.47	31.5125	3.65609
1493.34	1599.76	-0.342159	4556.31	1.34556	3.66563
1493.96	1600.42	-0.439536	4764.61	-36.2434	3.67325
1494.67	1601.06	-0.551279	4546.73	-48.4539	3.67134
1495.34	1601.76	-0.552876	4316.89	-60.9037	3.66372
1496.03	1602.41	-0.413462	4084.65	-38.6376	3.67134
1496.82	1603.19	-0.48104	3756.65	-19.7234	3.66563
1497.47	1603.89	-0.626307	3536.38	-12.5408	3.69994
1498.14	1604.54	-0.582674	3713.55	18.5838	3.69041
1498.94	1605.2	-0.318746	4474.91	10.9224	3.69612
1499.72	1605.92	-0.163369	4661.65	-2.00632	3.69612
1500.4	1606.67	-0.127718	4158.87	-7.27358	3.69041
1501.1	1607.38	-0.361847	3785.38	-14.4562	3.6885
1501.86	1608.13	-0.577885	3732.7	-25.9484	3.69803
1502.66	1608.91	-0.701335	3833.26	-30.2579	3.69612
1503.34	1609.69	-0.728473	3706.37	-3.20344	3.69041
1504.1	1610.4	-0.5715	3670.46	-9.18895	3.6885
1504.85	1611.1	-0.280966	3677.64	-13.2591	3.6885
1505.6	1611.85	-0.212324	3656.09	31.5125	3.67706
1506.4	1612.58	-0.335242	3981.7	40.1316	3.66372
1507.13	1613.31	-0.323003	4357.59	16.9079	3.67706
1507.82	1614.04	-0.305975	4312.1	-11.5832	3.67706
1508.63	1614.87	-0.442728	3833.26	-36.4829	3.6885
1509.39	1615.66	-0.574692	3375.97	-42.9472	3.6885
1510.15	1616.55	-0.594913	2935.44	-43.9049	3.69041
1511.02	1617.5	-0.594913	2935.44	-43.9049	3.6885
1511.94	1618.27	-0.917905	2593.06	-10.1466	3.68278
1512.69	1619.13	-0.83862	3373.57	39.6528	3.67897
1513.45	1619.83	-0.464545	4427.02	72.6927	3.66944
1514.14	1620.59	-0.303847	5145.28	31.0336	3.65991
1514.93	1621.46	-0.366636	5073.46	-24.9907	3.66944
1515.8	1622.29	-0.504986	4391.11	-50.1298	3.66563
1516.61	1623.14	-0.485297	3821.29	-43.9049	3.67134
1517.49	1623.93	-0.578949	3632.15	-31.2156	3.69231
1518.34	1624.77	-0.575224	3533.99	-13.2591	3.69803
1519.17	1625.62	-0.360251	3407.09	4.21858	3.67325
1519.92	1626.38	-0.0941946	3344.84	25.7664	3.69231
1520.76	1627.15	-0.255425	3522.01	31.0336	3.65609
1521.61	1628.01	-0.449114	3641.72	9.00699	3.69041
1522.36	1628.81	-0.352269	3481.31	5.41569	3.69041
1523.03	1629.59	-0.269792	2968.95	7.33105	3.71709
1524	1630.43	-0.252232	2511.66	-17.8081	3.70184
1524.91	1631.25	-0.531059	2269.85	-24.2724	3.69612
1525.78	1632.13	-2.03587	2104.65	11.4012	3.69994
1526.62	1632.95	-0.960474	2159.71	85.8609	3.69041
1527.43	1633.8	0.0324482	2980.92	93.7617	3.69231
1528.22	1634.67	0.251146	4096.62	49.2296	3.70947
1529.07	1635.52	0.251146	4096.62	49.2296	3.71328
1529.93	1636.35	-0.363976	4723.9	-34.5675	3.70947
1530.94	1637.27	-0.344288	4295.34	-46.7779	3.70375
1531.94	1638.16	0.322982	4118.17	-25.7089	3.69994
1532.7	1638.98	2.01031	3986.49	18.5838	3.69041
1533.54	1639.83	2.15345	3996.07	19.5415	3.71519
1534.51	1640.73	2.15345	3996.07	19.5415	3.69041
1535.32	1641.64	-0.545426	3265.83	-9.42836	3.68087
1536.18	1642.49	-0.9344	3055.15	-25.7089	3.68087
1537.06	1643.36	-0.766785	2997.68	-37.2011	3.6885
1538.04	1644.3	-0.348544	2933.04	-36.9617	3.69041
1538.86	1645.15	-0.239461	2782.21	-26.1878	3.70566
1539.73	1645.98	-0.225626	2624.19	-7.03417	3.68659
1540.72	1647.03	-0.40548	2820.51	-6.55533	3.69231
1541.49	1647.83	-0.522013	3138.94	-10.1466	3.69612
1542.45	1648.68	-0.566711	3541.17	-15.4139	3.69041
1543.35	1649.56	-0.566711	3541.17	-15.4139	3.67134
1544.37	1650.47	-0.126653	3337.66	12.5983	3.67897
1545.2	1651.39	-0.126653	3337.66	12.5983	3.6885
1546.12	1652.3	-0.10058	3438.22	0.627283	3.67897
1546.97	1653.21	0.592763	3780.59	-56.1153	3.66181
1547.8	1654.15	-0.0330016	3397.52	-55.6365	3.70184
1548.79	1655.01	-0.352269	3062.33	-23.0753	3.66372
1549.83	1655.95	-0.317682	2846.85	14.2742	3.68659
1550.73	1656.99	-0.361847	2854.03	6.85221	3.67897
1551.58	1657.92	-0.640142	2882.76	-19.0052	3.6885
1552.5	1658.85	-0.672069	2992.9	-28.582	3.69422
1553.43	1659.85	-0.639078	2777.42	1.10613	3.69994
1554.42	1660.74	-0.35759	2691.23	30.7942	3.70375
1555.33	1661.64	0.282541	3131.76	18.3444	3.70947
1556.31	1662.51	0.786452	3579.48	4.69742	3.71137
1557.27	1663.49	-0.127186	3718.34	-0.090979	3.72472
1558.18	1664.39	-0.580013	3526.8	8.52814	3.72281
1559.19	1665.4	-0.752418	3457.37	-5.11881	3.70375
1560.23	1666.39	-0.606619	3380.76	-12.3014	3.72662
1561.05	1667.32	-0.322471	3502.86	-6.79475	3.71709
1562.14	1668.28	-0.337902	3548.35	-1.76692	3.71709
1563.1	1669.3	1.08337	3189.22	-10.8649	3.719
1564.1	1670.25	0.474634	2784.6	-30.2579	3.69041
1565.02	1671.23	-0.553408	2851.64	-24.9907	3.6885
1565.97	1672.25	-0.643335	2911.49	-24.7513	3.70184
1566.92	1673.2	-0.313425	2322.52	-2.24576	3.70375
1567.94	1674.12	-0.165498	2080.71	7.09163	3.69612
1569.05	1675.16	-0.23414	2200.42	13.3166	3.70184
1570.06	1676.14	-0.32992	2255.48	41.8075	3.6885
1570.88	1677.06	-0.514564	2554.76	64.0736	3.69994
1571.81	1678.07	-0.431022	3146.12	16.429	3.69041
1572.96	1679.09	0.0234023	3057.54	-18.2869	3.70375
1574.03	1679.97	0.213367	2391.95	10.4435	3.68469
1575.14	1680.98	0.111733	2018.46	25.7664	3.69422
1576.22	1682.08	2.67439	2073.52	4.93685	3.70375
1577.15	1683.05	1.4053	2279.42	-3.20344	3.69612
1578.18	1684.1	-0.578417	2870.79	2.30322	3.69994
1579.17	1685.15	-0.918437	3419.06	37.9768	3.68469
1580.18	1686.1	-0.531059	3608.21	49.7084	3.69994
1581.25	1687.12	-0.334709	3629.75	-19.484	3.6885
1582.43	1688.2	1.0706	3306.54	-37.4405	3.68087
1583.51	1689.23	0.482083	2667.28	-19.9629	3.69803
1584.55	1690.29	-0.421976	2310.55	-18.2869	3.70947
1585.45	1691.38	-0.64706	2289	18.8232	3.69422
1586.57	1692.36	-0.37515	2691.23	33.6673	3.71519
1587.66	1693.34	-0.25436	3086.27	13.3166	3.69041
1588.66	1694.43	-1.97362	3273.02	-58.0307	3.70184
1589.63	1695.48	-4.08876	2928.25	-71.4382	3.72472
1590.7	1696.57	-1.56868	2356.04	-51.0875	3.73425
1591.73	1697.67	0.0702282	2013.67	-80.5361	3.71137
1592.93	1698.79	-0.207002	1448.64	-61.3825	3.71137
1594	1699.98	-1.29624	1190.06	-50.8481	3.73234
1595.13	1701.26	-3.78067	1254.71	-52.0452	3.72472
1596.12	1702.22	-4.3511	1460.61	3.02148	3.719
1597.23	1703.25	-3.19428	2257.88	58.8064	3.719
1598.15	1704.33	-1.82409	2916.28	64.313	3.71709
1599.27	1705.28	-0.458692	2755.87	62.6371	3.70375
1600.37	1706.35	0.0164848	2628.98	-2.24576	3.70375
1601.48	1707.43	0.399074	2458.99	-42.2289	3.70184
1602.61	1708.5	2.3498	2059.16	-11.3437	3.71709
1603.71	1709.67	2.3498	2059.16	-11.3437	3.69612
1604.72	1710.81	-0.566179	1767.06	6.37336	3.69422
1605.98	1711.87	-0.96952	1606.65	15.7107	3.69041
1607.15	1713.03	-0.844473	1798.19	8.52815	3.70184
1608.01	1714.09	-0.379939	2379.98	30.3154	3.70184
1609.08	1715.11	-0.794987	3450.19	20.0203	3.69041
1610.19	1716.24	-0.471462	3979.31	-44.3837	3.69422
1611.33	1717.22	-0.00533177	3306.54	-31.6944	3.69422
1612.61	1718.4	-0.937061	2521.24	21.4568	3.719
1613.68	1719.48	-0.107497	2449.41	28.6394	3.69994
1614.7	1720.56	0.15377	2478.14	31.5125	3.71709
1615.84	1721.66	0.877443	2837.27	-5.83706	3.70184
1616.93	1722.85	0.121311	2992.9	-12.7802	3.70375
1617.98	1723.88	0.121311	2992.9	-12.7802	3.69612
1619.21	1725.01	-0.888639	2703.2	-49.4115	3.719
1620.43	1726.12	-0.233076	2310.55	-39.8347	3.70375
1621.47	1727.18	0.00371414	1743.12	26.9635	3.70947
1622.49	1728.36	-0.367168	1949.02	11.6406	3.68087
1623.69	1729.46	-2.18486	2107.04	-29.5397	3.69612
1624.86	1730.54	-1.65382	1802.98	-8.23127	3.719
1626.04	1731.68	-0.0995157	2092.68	22.1751	3.70756
1626.99	1732.76	2.91011	2521.24	39.6528	3.719
1628.07	1733.85	1.2148	2846.85	-2.00634	3.73234
1629.17	1735.07	-0.731133	3141.34	-73.1141	3.73806
1630.43	1736.18	-0.831703	2686.44	-48.6933	3.719
1631.54	1737.38	-0.943978	1870.02	-14.935	3.72662
1632.67	1738.58	-0.800308	1688.06	-24.5118	3.73806
1633.85	1739.71	-0.729005	1934.66	-25.2301	3.73044
1634.99	1740.78	-0.882253	2114.22	11.88	3.73234
1636.06	1741.92	-3.25548	2140.56	9.24641	3.73425
1637.21	1743	-1.54633	2669.68	47.7931	3.73044
1638.5	1744.19	-0.578949	2605.04	54.2574	3.72662
1639.57	1745.3	0.0484116	2801.36	51.3844	3.69803
1640.73	1746.45	0.0484116	2801.36	51.3844	3.71519
1641.84	1747.73	-0.586399	3000.08	-6.79474	3.70947
1642.99	1748.85	-0.806693	2894.73	-36.004	3.70947
1644.29	1750.03	-0.0154419	2686.44	-34.3281	3.71709
1645.52	1751.29	0.757718	2396.74	-11.5831	3.69231
1646.46	1752.41	-0.505518	2080.71	-8.23126	3.71328
1647.58	1753.58	-0.959942	2396.74	-31.2156	3.70184
1648.83	1754.74	-0.325131	2626.58	-13.0197	3.70184
1650	1755.88	0.0963017	1963.39	24.5693	3.69612
1651.16	1757.11	-0.0718458	1312.17	35.5826	3.69422
1652.37	1758.17	-0.258617	1185.27	23.851	3.70375
1653.58	1759.43	-0.145809	1348.08	7.09163	3.69994
1654.72	1760.54	0.0260629	1309.77	26.2452	3.71519
1656.02	1761.81	0.0260629	1309.77	26.2452	3.71709
1657.24	1762.91	-1.94009	1702.42	9.48583	3.69231
1658.35	1764.11	-1.28666	2006.48	-27.6243	3.69994
1659.49	1765.26	-1.28666	2006.48	-27.6243	3.69994
1660.67	1766.46	-0.0824881	2329.7	-14.4562	3.6885
1661.9	1767.67	0.91948	2516.45	-25.9484	3.71137
1663.32	1768.83	1.31484	2181.26	-19.2446	3.71137
1664.39	1770.1	-1.63945	2133.38	14.2742	3.72281
1665.46	1771.27	-2.87555	2456.59	25.527	3.72472
1666.69	1772.48	-2.72815	2892.34	1.10613	3.74187
1667.88	1773.67	-1.69585	3229.92	-28.8214	3.719
1669.11	1774.89	1.47554	2887.55	-69.7623	3.72472
1670.32	1776.18	-0.970052	2044.79	-39.5953	3.72281
1671.48	1777.42	-3.39116	1999.3	-28.8214	3.719
1672.76	1778.78	-2.11995	2080.71	-64.7344	3.719
1673.91	1780.03	-0.605555	1352.87	-54.1999	3.719
1675.31	1781.11	-0.241058	1048.8	-14.6956	3.73997
1676.5	1782.37	-0.376746	1395.96	19.5415	3.69612
1677.59	1783.56	-0.492747	1745.52	20.4992	3.71519
1678.83	1784.77	-0.529995	1989.73	6.61279	3.719
1679.97	1786	-0.570967	2090.28	-4.40054	3.72281
1681.28	1787.14	-0.570967	2090.28	-4.40054	3.69231
1682.67	1788.41	-0.288948	1245.13	25.0481	3.70184
1683.78	1789.63	-0.478912	1087.11	20.2597	3.70756
1684.87	1790.9	-0.478912	1087.11	20.2597	3.71137
1686.16	1792.16	-0.636949	1264.28	-5.1188	3.71137
1687.45	1793.31	-0.011185	1515.67	5.17626	3.71137
1688.71	1794.54	0.379918	1553.98	66.9467	3.70756
1689.98	1795.77	1.58249	1829.31	79.6359	3.72472
1691.25	1796.98	1.10199	2262.66	80.833	3.70947
1692.48	1798.31	1.24141	3033.6	51.6238	3.68659
1693.72	1799.55	-0.182525	3414.28	-22.8359	3.69612
1694.98	1800.81	0.114394	3203.59	-49.1721	3.70756
1696.29	1802.06	0.701314	2928.25	-50.3692	3.72662
1697.59	1803.31	-0.551811	2394.35	-22.8359	3.69422
1698.76	1804.53	1.24247	2028.03	34.8644	3.719
1700.03	1805.69	3.32516	2119.01	23.3722	3.71137
1701.46	1806.96	-0.15592	2138.17	-13.9773	3.69612
1702.53	1808.26	-3.13256	1858.04	-14.6956	3.71519
1703.73	1809.53	-0.635885	1637.78	-22.3571	3.72472
1704.95	1810.86	1.55216	1458.21	-45.5808	3.73044
1706.41	1812.12	-0.171883	1192.46	-19.9629	3.72281
1707.58	1813.36	-0.171883	1192.46	-19.9629	3.73425
1708.73	1814.59	0.275092	1029.65	23.1328	3.73425
1710.06	1815.76	-0.27937	1221.19	42.7652	3.73425
1711.22	1817.11	-0.380471	1465.4	30.7942	3.719
1712.53	1818.3	-0.287884	1470.18	-8.94953	3.71709
1713.88	1819.63	-0.391646	1281.04	-10.6255	3.74759
1715.09	1820.88	-0.499664	1367.23	-10.6255	3.73806
1716.28	1822.15	-0.718895	1429.48	-7.27358	3.73997
1717.61	1823.51	-1.52717	1668.9	9.00699	3.72472
1718.92	1824.73	0.963645	2217.17	10.2041	3.74569
1720.3	1825.92	1.60484	2569.12	28.6394	3.69612
1721.49	1827.33	-2.18593	2971.35	23.851	3.719
1722.71	1828.49	-5.04071	3229.92	23.3722	3.72853
1723.95	1829.85	-5.05189	3287.38	-3.9217	3.71519
1725.44	1831.11	-5.05189	3287.38	-3.9217	3.72091
1726.67	1832.44	-2.33545	2114.22	-15.8927	3.71709
1727.88	1833.74	-3.20386	1779.04	22.8934	3.72472
1729.3	1835.08	-3.14001	1747.91	19.3021	3.71709
1730.5	1836.43	-0.421976	1927.48	-1.04866	3.74187
1731.82	1837.68	-1.95925	1848.47	-10.8649	3.72853
1733.15	1839.01	-3.28953	1781.43	-41.9895	3.72281
1734.4	1840.22	-1.10095	1230.76	-33.8492	3.70947
1735.69	1841.59	0.491661	313.784	3.2609	3.72281
1736.94	1842.91	0.491661	313.784	3.2609	3.71709
1738.45	1844.18	-0.545426	-66.894	16.429	3.72091
1739.74	1845.53	-1.02486	198.862	-5.83706	3.72853
1740.92	1846.8	-0.489022	483.772	1.58496	3.73044
1742.32	1848.19	-2.79839	912.335	31.9913	3.69612
1743.74	1849.44	-2.13697	1472.58	67.9044	3.73044
1745.06	1850.63	-0.538509	1728.76	76.7629	3.73425
1746.44	1851.96	1.99967	2147.74	25.2876	3.72853
1747.75	1853.26	2.52699	2502.08	-45.102	3.74187
1749.08	1854.69	-0.226158	2174.08	-61.1431	3.74378
1750.63	1856.06	-1.54154	1774.25	-46.5385	3.7514
1751.95	1857.44	-1.05306	1374.42	-50.1298	3.74187
1753.25	1858.85	-0.549683	924.306	-44.3837	3.73997
1754.73	1860.15	1.06102	823.749	-11.3437	3.7514
1755.98	1861.5	1.77937	1345.69	37.9768	3.75331
1757.39	1862.76	0.775277	1908.32	64.0736	3.73234
1758.79	1864.14	-0.576821	2569.12	-5.35823	3.75522
1759.96	1865.42	-1.14512	2743.9	-58.7489	3.7495
1761.2	1866.83	-1.14512	2743.9	-58.7489	3.7514
1762.65	1868.15	-0.29959	1814.95	-59.2278	3.73234
1763.99	1869.51	-0.0899377	1202.03	-31.9339	3.7495
1765.27	1870.92	-0.0175704	634.607	-9.66779	3.72662
1766.7	1872.22	-0.0175704	634.607	-9.66779	3.75331
1768	1873.52	-0.209131	1053.59	18.3444	3.73425
1769.25	1874.77	-0.210195	1395.96	52.5815	3.72662
1770.56	1876.13	-0.194764	1898.75	-1.04866	3.70947
1772.04	1877.58	0.664598	1999.3	-41.2713	3.719
1773.36	1878.81	0.772085	1379.2	15.9502	3.72472
1774.71	1880.2	-2.14336	969.795	38.2163	3.7495
1776.15	1881.48	-2.80265	1101.48	7.33104	3.72662
1777.45	1882.9	-1.79642	1269.07	8.76757	3.69994
1778.74	1884.22	-1.79642	1269.07	8.76757	3.7514
1780.2	1885.63	3.15116	1791.01	-8.47069	3.73997
1781.62	1886.98	1.31856	1905.93	3.02148	3.73997
1782.94	1888.34	-1.09936	2047.19	-7.27359	3.73806
1784.29	1889.74	-2.77764	2224.36	-35.5252	3.72662
1785.67	1891.07	-4.69856	2339.28	-28.8214	3.719
1786.95	1892.48	-2.37909	2248.3	5.17627	3.72281
1788.42	1893.77	-0.314489	2006.48	14.5137	3.73234
1789.76	1895.16	0.202192	2150.14	-26.6666	3.70947
1791.03	1896.53	0.000521511	1975.36	-44.1443	3.70375
1792.51	1897.96	-0.693886	1340.9	-21.3994	3.7514
1793.84	1899.28	-0.880125	1281.04	-27.3849	3.74187
1795.34	1900.66	-0.723684	1079.93	-34.5675	3.76094
1796.72	1902.25	-0.533188	694.462	-9.90721	3.75712
1798	1903.47	-0.383664	795.019	0.148441	3.7514
1799.36	1904.92	-0.340031	1173.3	-6.55532	3.75331
1800.87	1906.19	-1.83101	1304.98	2.78206	3.72472
1802.14	1907.56	-0.806161	1539.62	3.73975	3.77619
1803.42	1908.92	0.503368	1549.19	4.69742	3.7514
1804.82	1910.29	-0.453371	1369.63	2.06381	3.7514
1806.27	1911.76	0.494854	993.737	0.866702	3.7514
1807.73	1913.12	-0.0181025	603.483	6.85221	3.73044
1809.07	1914.59	-0.332581	395.187	6.61279	3.73806
1810.57	1915.98	-0.598105	354.486	-11.8226	3.7495
1811.87	1917.45	-2.86331	603.482	5.41569	3.7514
1813.31	1918.78	-3.23472	1139.78	40.8499	3.70756
1814.87	1920.19	-2.01033	1606.65	48.7507	3.72662
1816.05	1921.56	-0.822657	2147.74	31.9913	3.71519
1817.44	1922.98	-1.94541	3103.03	-13.2591	3.70756
1818.99	1924.46	-3.39808	2873.19	6.37336	3.73044
1820.47	1925.71	-3.39808	2873.19	6.37336	3.719
1821.88	1927.36	0.660341	1802.98	10.9223	3.73044
1823.34	1928.66	-0.509242	1759.88	-23.0753	3.72662
1824.72	1930.24	-3.04582	1173.3	-26.1878	3.74569
1826.19	1931.65	-3.03571	433.494	-3.9217	3.73044
1827.76	1933.09	-2.51052	392.793	-10.386	3.72853
1829.15	1934.42	-0.433682	141.402	28.6394	3.70184
1830.49	1935.86	0.059586	-177.027	52.342	3.73425
1832.04	1937.23	0.211238	622.636	33.1884	3.72472
1833.47	1938.59	0.111733	1757.49	-5.59764	3.7495
1834.78	1939.98	0.92693	2111.83	-58.7489	3.719
1836.16	1941.37	1.23077	1644.96	-44.1443	3.73806
1837.46	1942.88	1.23077	1644.96	-44.1443	3.719
1838.98	1944.25	0.263917	443.071	-61.3825	3.74187
1840.43	1945.76	-0.919501	129.431	-54.9182	3.7514
1841.78	1947.11	-1.03763	-62.1056	6.85221	3.73234
1843.18	1948.56	-0.0473687	665.732	78.1994	3.75712
1844.56	1949.82	-0.311297	1434.27	105.254	3.7495
1846.05	1951.18	-0.475187	2293.79	44.6806	3.7514
1847.45	1952.61	0.791773	2712.77	-6.31591	3.7495
1848.8	1954.04	-0.208599	2358.43	-31.2156	3.75522
1850.2	1955.54	0.040962	2140.56	-50.6086	3.7495
1851.65	1956.94	-0.722087	1982.54	-26.1878	3.75522
1853.12	1958.43	-0.722087	1982.54	-26.1878	3.75712
1854.56	1959.8	-0.662491	1185.27	25.2876	3.76284
1855.93	1961.36	-0.315021	941.065	42.5258	3.74187
1857.36	1962.77	-1.61072	1355.26	-8.47069	3.74187
1858.82	1964.19	-3.86581	2011.27	-65.4527	3.73044
1860.2	1965.61	-1.7629	1987.33	-49.651	3.73997
1861.63	1967.04	0.135146	1391.17	0.866705	3.73234
1863.11	1968.51	0.446964	953.036	14.5137	3.70947
1864.62	1969.95	-0.127186	1094.29	-13.9774	3.719
1865.97	1971.4	-0.574692	1005.71	1.10612	3.73425
1867.43	1972.81	-0.547022	993.737	1.34554	3.71709
1868.77	1974.3	-0.449114	1757.49	-34.3281	3.73425
1870.3	1975.53	-0.543298	2095.07	-34.5675	3.75331
1871.9	1977.11	-0.824785	1848.47	-17.0898	3.72662
1873.19	1978.47	-0.957281	1618.62	-28.1031	3.74759
1874.47	1979.98	-0.926951	1494.13	-57.7912	3.72662
1876.09	1981.42	-0.352269	1149.36	-42.4683	3.72662
1877.55	1982.87	1.04346	862.056	-4.16112	3.73044
1878.91	1984.32	-0.65983	713.616	30.7942	3.72662
1880.42	1985.78	0.832746	1386.39	43.0047	3.719
1881.9	1987.28	2.04862	2360.83	19.7809	3.72091
1883.39	1988.66	2.04862	2360.83	19.7809	3.72281
1884.79	1990.17	-1.86985	2449.41	-22.5965	3.74187
1886.4	1991.6	-0.947703	1439.06	-2.96402	3.73425
1887.73	1993.16	1.06155	830.932	-4.87938	3.7514
1889.26	1994.57	0.566157	452.648	16.1896	3.75522
1890.79	1996.14	-0.501261	83.9407	0.866701	3.75522
1892.17	1997.6	-0.501261	83.9407	0.866701	3.76475
1893.61	1999.06	-0.492747	71.9697	19.7809	3.74569
1895.25	2000.57	-0.398031	71.9697	6.37337	3.7514
1896.61	2002	-0.45816	268.294	-2.7246	3.7495
1897.99	2003.36	-0.284691	514.897	9.96467	3.75522
1899.56	2004.83	-0.204874	981.766	11.1618	3.7514
1900.99	2006.34	-3.3039	1261.89	-6.31591	3.75522
1902.53	2007.79	-2.79626	929.094	3.97916	3.74569
1904.1	2009.3	-3.01922	481.378	24.3299	3.7514
1905.59	2010.83	0.229862	186.891	7.80989	3.74187
1907.04	2012.39	-0.0718458	43.2393	-1.76692	3.73806
1908.66	2013.89	-3.90093	292.236	-4.16112	3.74569
1909.98	2015.45	-5.5095	1158.94	-28.582	3.72662
1911.37	2016.92	-4.65866	2150.14	-64.0162	3.74187
1912.88	2018.47	-1.32231	2660.1	-49.4115	3.73425
1914.46	2019.88	0.152174	2559.55	6.13395	3.73234
1915.83	2021.44	-1.45427	2396.74	13.3165	3.73806
1917.29	2022.91	-4.28565	2157.32	-8.23126	3.72281
1918.89	2024.54	-5.44139	1652.14	-7.03416	3.72662
1920.34	2025.98	-5.48556	1623.41	2.0638	3.73425
1921.86	2027.49	-1.35637	2004.09	-10.6255	3.73425
1923.37	2028.9	-1.35637	2004.09	-10.6255	3.71709
1924.76	2030.33	1.58302	874.027	3.73974	3.72091
1926.21	2031.78	-1.02592	490.955	-8.23126	3.73806
1927.84	2033.3	-1.42501	-76.4708	14.9925	3.719
1929.21	2034.82	-0.476784	-363.775	20.7386	3.7514
1930.73	2036.38	-0.143149	-564.888	26.4847	3.7495
1932.4	2037.9	0.471973	-806.702	38.2163	3.75903
1933.91	2039.36	0.804544	-528.975	40.6105	3.75331
1935.26	2040.89	0.456542	452.648	36.3009	3.74759
1936.79	2042.35	-0.205938	1793.4	18.105	3.75522
1938.23	2043.87	-0.101112	2482.93	-4.87938	3.75331
1939.81	2045.34	1.12434	2152.53	-0.090979	3.7514
1941.38	2046.9	-0.53372	1618.62	-5.1188	3.7514
1942.93	2048.44	-0.539573	744.74	16.1896	3.76475
1944.39	2050.06	0.590102	613.059	3.02148	3.76475
1946.1	2051.52	1.30899	727.981	4.458	3.7514
1947.46	2053.06	1.00302	1544.4	7.57047	3.73997
1948.77	2054.49	-2.64514	2557.15	-6.07649	3.73234
1950.29	2056.07	-4.75337	2743.9	-47.2568	3.73997
1951.9	2057.53	-2.97931	1867.62	-35.2857	3.74378
1953.37	2058.94	-2.97931	1867.62	-35.2857	3.73997
1954.87	2060.48	0.0633108	1017.68	-15.4139	3.74187
1956.36	2062.11	0.0633108	1017.68	-15.4139	3.73425
1957.94	2063.65	-1.33561	215.622	-19.0052	3.73806
1959.47	2065.24	-0.113351	-155.479	-8.71011	3.74759
1961.04	2066.7	0.101091	476.59	30.076	3.72853
1962.38	2068.25	-0.0202309	1673.69	49.2296	3.719
1963.9	2069.68	-0.00692812	2277.03	42.5258	3.74759
1965.59	2071.21	-0.034598	1958.6	28.8789	3.72662
1966.98	2072.73	-1.45427	1340.9	7.33105	3.75331
1968.5	2074.35	0.148449	696.856	-0.569821	3.7495
1970.22	2075.89	-0.157516	-64.4998	12.3589	3.73425
1971.82	2077.47	-0.47838	-459.543	18.3444	3.7514
1973.34	2078.97	-1.20737	-488.273	12.5983	3.74187
1974.9	2080.55	-0.814675	-57.3172	49.9478	3.73425
1976.36	2081.91	-0.118672	814.172	62.3977	3.7495
1978.09	2083.57	0.253275	1458.21	16.1896	3.73806
1979.47	2084.93	0.403863	1688.06	-16.3716	3.75712
1981.04	2086.53	0.297972	1496.52	-18.7658	3.75903
1982.57	2088.12	0.0484116	1132.6	-18.2869	3.77619
1984.43	2089.69	0.00424626	926.7	-6.79474	3.7514
1985.79	2091.29	0.392688	1012.89	-32.6521	3.76094
1987.14	2092.89	-1.91508	1436.66	-95.1408	3.77237
1988.84	2094.42	-2.53978	1702.42	-75.7478	3.77428
1990.34	2095.94	-1.50642	1723.97	-7.03416	3.77428
1991.71	2097.48	-1.77301	2162.11	6.61278	3.77047
1993.42	2099.02	-1.88369	2255.48	-26.1878	3.77237
1994.93	2100.64	-2.20987	1618.62	-19.9629	3.77237
1996.53	2102.2	0.227734	1146.97	-28.3426	3.76094
1998.02	2103.8	-0.0500292	816.566	-37.9194	3.7514
1999.7	2105.35	-2.8383	814.172	-14.6956	3.77619
2001.09	2106.91	-3.80568	1297.8	11.1618	3.76856
2002.78	2108.4	-1.38616	1671.3	36.5403	3.74759
2004.28	2109.96	1.96774	1537.22	30.3154	3.7514
2005.72	2111.51	1.22119	1465.4	-22.3571	3.74378
2007.13	2112.98	1.22119	1465.4	-22.3571	3.74187
2008.84	2114.52	0.234119	828.537	-49.1721	3.7495
2010.24	2116.16	-1.08978	356.88	-21.16	3.7495
2011.81	2117.71	-0.627371	261.112	-3.44286	3.7495
2013.41	2119.32	-1.47556	-16.6158	25.2876	3.7514
2015	2120.84	0.462927	-14.2216	50.4267	3.74759
2016.52	2122.42	3.1187	450.254	72.4533	3.73806
2018.12	2123.98	0.66247	998.526	61.6794	3.7514
2019.56	2125.6	-1.70862	1731.15	1.82438	3.7514
2021.21	2127.08	0.759314	1896.35	-32.8915	3.73425
2022.87	2128.74	1.45319	1362.44	-31.2156	3.7514
2024.42	2130.3	1.72776	874.027	-16.3716	3.7495
2025.83	2131.91	2.67439	723.193	-20.4417	3.73997
2027.55	2133.46	1.78523	835.72	14.7531	3.75522
2028.98	2135.05	-0.11069	1355.26	27.9212	3.77237
2030.49	2136.58	-0.587995	1855.65	-8.71011	3.76475
2032.17	2138.22	-0.144745	1360.05	-16.1321	3.77047
2033.74	2139.61	-0.0372585	859.662	-18.7658	3.76475
2035.26	2141.25	-0.522545	840.508	-50.8481	3.77047
2036.92	2142.99	-0.522545	840.508	-50.8481	3.7514
2038.32	2144.46	-0.13836	462.225	-5.83706	3.78
2039.94	2145.96	0.714084	953.036	19.3021	3.74759
2041.52	2147.54	0.714084	953.036	19.3021	3.77809
2043.08	2149.09	1.61389	1427.09	41.3287	3.77047
2044.58	2150.74	0.979077	1419.91	-17.8081	3.75331
2046.18	2152.29	0.856159	874.027	-32.6521	3.76094
2047.84	2153.9	-0.185718	390.399	-25.9484	3.7514
2049.45	2155.47	-2.68133	541.233	-18.0475	3.74759
2050.91	2157.11	-1.40053	598.694	45.1594	3.7495
2052.68	2158.66	1.6969	469.407	47.0748	3.7495
2054.25	2160.29	1.74	421.523	32.7096	3.7514
2055.81	2161.93	1.13233	648.972	8.04931	3.75331
2057.49	2163.57	-0.775831	1012.89	-10.6255	3.7514
2059.31	2165.06	-1.99437	1082.32	12.1194	3.7514
2060.84	2166.71	-0.535848	706.433	4.69742	3.75712
2062.56	2168.33	-2.02151	270.688	13.3165	3.75522
2064.11	2169.77	-1.4	419.129	-5.35822	3.73234
2065.66	2171.34	-1.60007	433.494	-3.9217	3.7514
2067.24	2172.94	-1.60007	433.494	-3.9217	3.7514
2068.82	2174.51	0.0931091	998.526	-19.2446	3.73806
2070.37	2176.12	0.00371411	759.106	-17.3292	3.72281
2071.92	2177.7	-1.67031	395.187	-15.4139	3.7495
2073.61	2179.32	-4.16645	268.294	-46.2991	3.76475
2075.16	2181	-4.70708	-45.3462	-65.2133	3.76475
2076.62	2182.61	-3.95361	-607.984	-22.3571	3.77237
2078.48	2184.24	-1.24569	-265.613	26.2452	3.75522
2079.85	2185.76	1.24726	756.711	74.8475	3.76284
2081.46	2187.37	0.357569	1661.72	96.8742	3.76856
2083.2	2188.91	-0.577885	2001.7	81.0725	3.77428
2084.81	2190.49	-0.0255521	2047.19	50.6661	3.76284
2086.63	2192.22	1.50321	1903.53	36.3009	3.75331
2088.1	2193.59	1.00621	1467.79	30.5548	3.7514
2089.7	2195.35	1.00621	1467.79	30.5548	3.76475
2091.34	2197	2.78826	828.537	22.6539	3.75331
2093.04	2198.52	0.040962	426.312	26.0058	3.75331
2094.54	2200.1	-0.547022	373.639	40.371	3.73425
2096.11	2201.69	1.24939	538.839	47.7931	3.75331
2097.93	2203.36	3.36028	838.114	-3.20344	3.72091
2099.39	2204.93	-0.24425	797.413	-29.3002	3.7514
2100.9	2206.64	-1.06956	718.404	-28.1031	3.74187
2102.72	2208.19	0.502836	213.228	-7.27359	3.72281
2104.22	2209.92	3.45234	-133.932	7.80989	3.75712
2105.75	2211.47	2.6382	-260.824	28.6394	3.73425
2107.47	2213.22	0.503368	-227.306	50.1873	3.73044
2108.99	2214.78	0.503368	-227.306	50.1873	3.74187
2110.59	2216.47	-2.03321	1197.24	30.3154	3.74187
2112.27	2217.98	-1.20631	821.355	17.6261	3.7514
2113.77	2219.69	-0.609812	553.204	14.7531	3.7514
2115.39	2221.29	0.756121	517.291	-2.7246	3.73997
2117.06	2222.99	-1.2691	696.856	-11.5831	3.76475
2118.52	2224.62	-2.45358	1077.53	31.7519	3.77047
2120.15	2226.11	-2.45358	1077.53	31.7519	3.76284
2121.85	2227.69	-1.59422	1623.41	43.2441	3.75903
2123.5	2229.33	-0.207002	1410.33	10.9224	3.76475
2124.98	2230.95	1.09721	1312.17	-40.553	3.7514
2126.48	2232.62	1.03442	914.729	-59.2278	3.76475
2128.27	2234.25	1.11796	-177.027	-14.6956	3.77428
2129.93	2236.07	0.882764	-313.497	-1.04866	3.74569
2131.24	2237.59	0.882764	-313.497	-1.04866	3.76094
2132.92	2239.23	0.0143564	-682.204	-32.6521	3.76284
2134.57	2240.85	0.345863	-624.743	-14.935	3.7514
2136.12	2242.48	0.83647	-646.291	11.1618	3.7514
2137.8	2244.2	0.0132922	-193.787	18.5838	3.75903
2139.33	2245.78	-0.926419	550.81	37.0191	3.7514
2141.06	2247.46	0.285734	802.201	54.018	3.7495
2142.66	2249.09	-0.102176	720.798	46.8354	3.75522
2144.26	2250.83	-0.102176	720.798	46.8354	3.73425
2145.77	2252.48	1.61602	924.306	22.1751	3.7514
2147.5	2254.21	0.741754	1242.73	-17.3292	3.73425
2149.09	2255.85	0.428872	1515.67	-35.5252	3.76856
2150.64	2257.43	-0.0319374	1556.37	-1.28808	3.7514
2152.26	2259.06	-1.93796	1563.56	41.5681	3.77047
2153.97	2260.75	-0.683243	1759.88	71.2562	3.76475
2155.45	2262.46	0.834342	2020.85	59.5246	3.7819
2157	2264.16	1.25365	2078.31	50.9055	3.76094
2158.85	2265.81	1.21959	2068.73	38.4557	3.76284
2160.41	2267.44	-0.586399	1738.33	4.458	3.77619
2161.92	2269.17	-0.751886	1003.31	-34.5675	3.76284
2163.68	2270.74	0.759314	153.373	-57.7912	3.77237
2165.19	2272.46	2.47165	-588.83	-66.8892	3.78
2166.79	2274.09	0.692268	-880.923	-37.6799	3.76284
2168.43	2275.92	-0.0260842	-1486.66	-32.1733	3.75712
2169.97	2277.49	-0.0260842	-1486.66	-32.1733	3.76284
2171.65	2279.22	-0.387389	-2054.08	25.527	3.75331
2173.43	2280.86	0.985462	-1903.25	34.8644	3.77047
2174.87	2282.6	0.985462	-1903.25	34.8644	3.75903
2176.44	2284.22	2.86382	-591.224	-24.033	3.75522
2178.29	2285.86	-0.988144	325.755	9.24641	3.76284
2179.78	2287.49	-0.988144	325.755	9.24641	3.77237
2181.34	2289.04	1.38401	1953.81	67.6649	3.75331
2183.05	2290.69	2.64938	2085.49	9.00699	3.74569
2184.67	2292.34	1.24247	1786.22	-14.6956	3.7514
2186.21	2294.05	0.127696	1707.21	-29.7791	3.75331
2187.95	2295.77	-0.345352	1374.42	-29.0608	3.78
2189.41	2297.42	0.703442	1067.96	-15.6533	3.76856
2191.13	2299.07	1.51012	1020.07	-6.55532	3.78
2192.79	2300.85	2.60308	912.334	1.34554	3.75712
2194.35	2302.51	-1.97521	806.99	25.2876	3.7819
2196.02	2304.19	-2.61002	778.259	64.5525	3.75712
2197.8	2305.83	3.20278	1077.53	44.6806	3.77237
2199.27	2307.56	7.63634	1393.57	1.58496	3.76094
2200.92	2309.19	7.63634	1393.57	1.58496	3.79143
2202.58	2310.88	-0.666216	823.749	-15.6533	3.77237
2204.22	2312.57	-0.666216	823.749	-15.6533	3.75331
2205.76	2314.33	-1.7331	-526.581	-19.484	3.77047
2207.25	2316.05	-4.79062	-509.821	-20.6811	3.77047
2209.03	2317.68	-4.79062	-509.821	-20.6811	3.76094
2210.7	2319.22	-1.41543	280.265	-9.18895	3.74569
2212.24	2320.87	5.70636	325.755	-0.809241	3.76284
2213.94	2322.6	4.5453	330.543	7.33105	3.75522
2215.62	2324.25	-2.13591	131.825	3.73974	3.73997
2217.2	2326.09	-1.39734	-21.4042	4.69742	3.7514
2218.95	2327.73	0.924269	67.1813	7.80989	3.7514
2220.59	2329.44	2.31202	301.813	14.5137	3.7514
2222.26	2331.04	2.38917	1113.45	9.48583	3.78
2223.9	2332.79	4.39524	1735.94	10.9224	3.76856
2225.52	2334.46	3.46351	1616.23	19.5415	3.76665
2227.01	2336.21	3.46351	1616.23	19.5415	3.77237
2228.83	2337.9	0.498579	1522.86	5.89453	3.77809
2230.4	2339.61	0.498579	1522.86	5.89453	3.76094
2231.99	2341.33	4.32819	512.503	-7.03416	3.7819
2233.84	2343	2.5653	318.572	1.34554	3.77237
2235.46	2344.77	1.9124	402.37	31.7519	3.7514
2236.97	2346.38	-0.423572	1065.56	44.4412	3.78
2238.73	2348.11	-1.59262	1798.19	40.6105	3.76094
2240.29	2349.56	-2.67334	1735.94	37.7374	3.77237
2241.95	2351.36	-2.30459	1115.84	34.6249	3.76475
2243.67	2353.05	-1.21057	562.781	25.2876	3.77237
2245.2	2354.83	-0.804033	392.793	-9.42837	3.75522
2246.88	2356.53	-0.21392	356.88	-13.9774	3.7514
2248.61	2358.22	0.98759	316.178	-3.68228	3.74759
2250.21	2359.86	1.69211	332.938	-11.1043	3.7495
2251.5	2361.15	-0.582142	-2240.83	-253.637	3.719
2252.4	2361.65	-1.20046	-12883.1	-44.1443	3.68469
2252.75	2361.54	-0.0846165	-31641.6	-473.903	3.65609
2253.11	2361.59	2.12418	-41556	-375.023	3.66753
2253.21	2361.4	3.48426	-40227.2	35.5826	3.69231
2253.51	2361.41	3.48426	-40227.2	35.5826	3.69231
2253.85	2361.56	1.42978	-43481	-511.492	3.71328
2254.24	2361.8	-1.07062	-41338.1	-347.969	3.69041
2254.73	2362.1	3.15169	-36674.2	-286.677	3.73234
2255.22	2362.48	0.200596	-29307.3	-133.687	3.73425
2255.75	2362.9	-5.1482	-19972.3	-94.1831	3.71519
2256.53	2363.35	-10.6385	-13723.4	-227.301	3.73425
2257.24	2363.95	-10.6385	-13723.4	-227.301	3.74569
2258.01	2364.51	-5.53717	-10871.9	-211.26	3.73234
2258.85	2365.11	-8.10143	-9856.79	-185.402	3.71137
2259.68	2365.78	-10.6838	-7927.06	-169.6	3.7495
2260.54	2366.52	-11.2686	-6694.04	-144.94	3.73234
2261.56	2367.33	-10.5039	-6212.81	-121.716	3.74569
2262.49	2368.14	-6.89087	-5743.55	-115.97	3.73806
2263.47	2369.02	-5.01145	-4706.86	-91.3101	3.73425
2264.42	2369.97	-4.02438	-3849.73	-64.495	3.75331
2265.55	2370.91	-8.22168	-3301.46	-64.7344	3.75903
2266.71	2371.89	-10.2357	-3093.17	-41.9895	3.75522
2267.74	2372.95	-8.14719	-2614.32	-22.3571	3.74759
2269.01	2374.05	-9.36626	-2152.24	-30.7368	3.75522
2270.21	2375.17	-9.36626	-2152.24	-30.7368	3.77619
2271.56	2376.39	-7.55016	-1594.39	-39.1165	3.76094
2272.87	2377.53	-5.62763	-1369.34	-32.8915	3.75522
2274.14	2378.74	-6.58863	-1065.28	-20.6811	3.78
2275.44	2379.93	-5.66754	-979.085	-5.35822	3.78
2276.94	2381.16	-5.15299	-926.412	9.48583	3.77237
2278.24	2382.54	-9.06082	-703.752	1.10612	3.77237
2279.72	2383.85	-9.06082	-703.752	1.10612	3.75712
2281.2	2385.25	-9.07147	-253.642	-4.16112	3.77619
2282.63	2386.64	-4.69324	-241.671	3.73974	3.77237
2284.04	2388.11	-3.51461	-184.21	22.8934	3.77809
2285.78	2389.59	-5.20993	-265.613	44.4412	3.76284
2287.16	2391.03	-5.20993	-265.613	44.4412	3.75522
2288.7	2392.57	-4.66877	-275.19	34.3855	3.77619
2290.31	2394.1	-6.92067	-373.352	31.2731	3.78381
2291.95	2395.71	-10.2363	-52.5288	19.3021	3.77237
2293.38	2397.23	-10.9631	40.8451	32.4702	3.79715
2295.14	2398.9	-10.3459	-52.5288	23.6116	3.78762
2296.78	2400.51	-9.72064	-38.1636	30.3154	3.79143
2298.56	2402.23	-9.6254	-57.3172	50.4267	3.78572
2300.35	2403.85	-7.08403	33.6625	56.6516	3.79525
2301.94	2405.54	-7.08403	33.6625	56.6516	3.79525
2303.65	2407.33	-6.37791	572.358	92.804	3.78762
2305.36	2408.89	-5.39084	1446.24	126.083	3.79143
2307.09	2410.62	-2.90322	2224.36	101.902	3.7819
2308.84	2412.41	-3.19854	2482.93	77.96	3.79906
2310.77	2414.28	-3.35658	2430.26	55.9333	3.79525
2312.59	2416.08	-2.69623	2231.54	36.0615	3.78
2314.37	2417.96	-3.73597	2171.68	23.3722	3.78
2316.19	2419.8	-4.18135	1917.9	17.1473	3.78762
2318.12	2421.62	-3.83814	1551.59	48.0325	3.77809
2319.83	2423.53	-3.45927	1350.47	65.2707	3.78572
2321.65	2425.44	-5.28176	1269.07	53.2997	3.76475
2323.71	2427.42	-6.62109	1496.52	56.891	3.78
2325.49	2429.32	-4.43677	1814.95	14.0348	3.78381
2327.25	2431.18	0.719938	1905.93	7.80989	3.80097
2329.34	2433.21	1.42446	1723.97	10.2041	3.81622
2331.09	2435.14	-2.1572	1376.81	3.73975	3.81622
2332.89	2437.13	-8.03172	1103.87	4.21859	3.8124
2334.94	2439.21	-5.39404	854.874	-11.1043	3.81431
2336.89	2441.17	-5.39404	854.874	-11.1043	3.81431
2336.89	2441.17	-3.65828	1000.92	6.8522	3.8105
2340.83	2445.03	-0.813079	1254.71	-18.5263	3.8105
2342.84	2447.03	-4.48253	1166.12	-34.5675	3.8124
2344.52	2449.11	-9.73022	1039.23	-46.2991	3.81812
2346.67	2451.16	-10.7168	948.248	-49.651	3.80287
2348.7	2453.21	-8.00884	622.636	-17.5687	3.8124
2350.62	2455.3	-1.95659	356.88	-8.71011	3.81812
2352.68	2457.35	-1.04455	828.537	-31.455	3.8124
2354.62	2459.41	-3.96638	1185.27	-40.3136	3.8124
2356.5	2461.57	-2.40942	1027.26	-36.4828	3.8124
2358.32	2463.72	0.152174	519.685	-51.3269	3.80859
2360.56	2465.82	-0.0393867	4.93206	-13.7379	3.78953
2362.56	2467.98	-2.65791	335.332	-7.51301	3.80287
2364.44	2470.07	-2.65791	335.332	-7.51301	3.81622
2366.6	2472.15	-4.59374	833.326	-70.7199	3.8105
2368.45	2474.37	0.150045	287.448	-49.1721	3.83337
2370.35	2476.59	7.51555	103.094	-18.7658	3.82193
2372.47	2478.73	0.996636	177.315	-25.2301	3.8105
2374.48	2480.72	-6.59767	318.572	-62.3402	3.82193
2376.47	2482.88	-10.9754	452.648	-66.1709	3.81431
2378.59	2484.96	-11.5644	620.242	-71.917	3.83146
2380.72	2487.17	-5.36158	601.088	-56.5941	3.82575
2382.56	2489.41	-3.17885	311.39	-43.9049	3.81812
2384.18	2491.56	-4.2053	301.813	14.0348	3.8124
2385.22	2493.78	-3.06019	1896.35	-30.0185	3.80478
2385.82	2495.99	-3.06019	1896.35	-30.0185	3.78572
2386.43	2498.36	-11.6474	10508.3	-633.118	3.79334
2386.89	2500.32	-11.6474	10508.3	-633.118	3.78572
2387.51	2502.62	-6.56947	12337.5	-802.149	3.79143
2388.3	2504.84	-7.72363	10984.7	-670.707	3.78381
2389.05	2506.96	-7.72363	10984.7	-670.707	3.78762
2389.47	2509.16	-10.7673	9234.58	-418.119	3.75712
2389.64	2511.41	-10.6747	9555.4	-319.477	3.76856
2389.74	2513.58	-13.6067	11049.4	-287.874	3.77809
2389.88	2515.84	-18.3829	11298.4	-238.553	3.76475
2390.11	2518.07	-22.1572	9991.15	-177.741	3.77237
2390.49	2520.01	-22.5717	8815.59	-133.448	3.77619
2390.85	2522.17	-21.6293	7833.97	-40.0741	3.7819
2391.3	2524.42	-21.1297	7259.36	56.6516	3.78
2391.92	2526.7	-19.536	6885.87	78.6782	3.76856
2392.51	2528.83	-19.9952	6304.08	103.817	3.77619
2393	2531.04	-11.1818	6703.91	240.047	3.7495
2393.63	2533.05	-4.14357	7127.68	560.631	3.73997
2394.26	2535.08	-4.88906	6617.72	671.961	3.77809
2394.95	2537.23	-7.01166	4664.05	512.986	3.78
2395.78	2539.37	-6.7323	2291.39	532.38	3.75712
2396.55	2541.34	-8.69473	2063.95	559.913	3.76856
2397.41	2543.46	-8.69473	2063.95	559.913	3.77237
2398.53	2545.49	-2.05024	1747.91	476.595	3.76856
2399.46	2547.55	-2.60896	1319.35	382.981	3.76475
2400.45	2549.69	-5.96074	670.52	388.488	3.75712
2401.5	2551.82	-10.4693	601.088	362.87	3.77428
2402.39	2553.71	-10.4693	601.088	362.87	3.78572
2403.4	2556.08	-8.02054	376.033	310.676	3.78381
2404.66	2558	-7.1532	55.2102	312.592	3.78
2405.77	2560.07	-8.41963	-119.566	291.762	3.76094
2406.88	2562.23	-8.41963	-119.566	291.762	3.76094
2408.25	2564.4	-12.2407	251.535	268.538	3.77619
2409.43	2566.49	-12.6238	50.4219	246.033	3.78
2410.47	2568.71	-9.15607	-4.64478	243.399	3.79143
2410.63	2570.85	-1.87092	763.894	283.861	3.75331
2410.46	2572.93	-1.87092	763.894	283.861	3.75522
2410.33	2575.09	-4.44368	8650.39	-349.644	3.7514
2410.39	2577.27	-10.6737	9268.1	-593.853	3.75712
2410.5	2579.38	-19.9643	8396.61	-597.684	3.7495
2410.71	2581.54	-24.1132	7628.07	-521.309	3.75331
2410.98	2583.72	-24.0276	6687.15	-434.878	3.75712
2411.35	2585.77	-17.1335	6107.75	-395.613	3.75522
2411.75	2587.97	-9.18534	5638.49	-318.999	3.76856
2412.14	2590.21	-8.43772	4972.9	-273.03	3.77809
2412.66	2592.27	-10.5076	4340.83	-262.017	3.78
2413.23	2594.44	-9.77013	3651.3	-256.749	3.77619
2413.79	2596.4	-10.6715	2849.24	-231.61	3.78572
2414.31	2598.48	-15.2285	2794.18	-185.402	3.78
2414.67	2600.71	-12.3477	3385.54	-139.194	3.77428
2415.06	2602.98	-10.125	4620.95	-150.686	3.77237
2415.57	2605.13	-10.0043	6105.36	-144.94	3.78
2416.15	2607.33	-10.0043	6105.36	-144.94	3.76475
2416.81	2609.52	-8.17379	6735.03	77.4812	3.78
2417.61	2611.7	-13.305	6636.87	74.8475	3.77619
2418.26	2613.89	-13.7344	5868.33	45.8777	3.78762
2418.9	2616.23	-13.7344	5868.33	45.8777	3.76475
2419.77	2618.4	-7.40968	4939.38	132.548	3.7819
2420.61	2620.62	-8.06258	5885.09	226.64	3.77237
2421.59	2622.81	-10.0043	7340.77	365.504	3.76665
2422.6	2624.71	-7.3437	7745.39	444.273	3.7514
