2305.51	3289.02	-0.00614696	-12.9574	11.3667	3.77237
2305.51	3289.02	-0.00082584	-125.485	7.77541	3.5665
2305.57	3289.04	0.012477	49.2918	3.70527	3.5665
2305.67	3289.12	0.11145	212.098	24.7742	3.57032
2305.75	3289.15	0.273744	1239.21	82.9534	3.54363
2305.81	3289.17	0.125285	3142.6	82.7139	3.55697
2305.88	3289.23	-0.112037	4684.47	24.2954	3.55697
2305.95	3289.31	-0.317965	5572.72	-22.8704	3.55697
2306.05	3289.38	-0.317965	5572.72	-22.8704	3.55697
2306.14	3289.45	-0.42492	5761.86	-31.7289	3.51694
2306.23	3289.52	-0.374901	6645.32	-26.2222	3.53029
2306.36	3289.61	-0.374901	6645.32	-26.2222	3.51122
2306.48	3289.72	-0.305726	6302.95	-26.4617	3.53219
2306.59	3289.85	-0.367984	6329.28	-27.6588	3.5341
2306.74	3289.98	-0.474406	6322.1	-27.8982	3.5055
2306.88	3290.14	-0.474406	6528	-18.3214	3.51504
2307.01	3290.3	-0.375965	7023.6	-10.8994	3.51504
2307.17	3290.45	-0.375965	7023.6	-10.8994	3.51504
2307.35	3290.63	-0.0641472	7763.41	15.6763	3.50741
2307.52	3290.8	0.0092843	7950.16	21.9012	3.53219
2307.69	3291	0.00449529	8105.78	36.5058	3.52075
2307.88	3291.22	-0.00455063	8452.94	29.0838	3.51313
2308.08	3291.4	-0.00455063	8452.94	29.0838	3.52075
2308.3	3291.62	0.107193	8551.1	23.0983	3.51885
2308.54	3291.85	0.107193	8551.1	23.0983	3.536
2308.77	3292.09	0.212551	8776.16	20.2253	3.50932
2309.01	3292.35	0.25246	8840.8	24.7742	3.52075
2309.3	3292.62	0.334937	8953.33	11.6062	3.536
2309.58	3292.91	0.364203	8457.73	10.8879	3.52838
2309.85	3293.22	0.267359	8124.93	3.46584	3.52457
2310.15	3293.54	0.205102	7916.64	-4.43501	3.51313
2310.44	3293.83	0.213083	7928.61	11.6061	3.52647
2310.73	3294.13	0.30301	8014.8	11.6061	3.50741
2311.01	3294.44	0.372717	7837.63	26.929	3.48263
2311.31	3294.75	0.28013	7866.36	29.8021	3.53219
2311.61	3295.06	0.174771	8256.62	9.45134	3.51694
2311.93	3295.34	0.33068	8177.61	6.81772	3.52647
2312.3	3295.69	0.33068	8177.61	6.81772	3.536
2312.6	3296.05	0.237028	8275.77	6.57827	3.53982
2312.99	3296.43	0.102936	8429	-2.04082	3.55888
2313.38	3296.83	0.122092	8517.58	-6.11099	3.56078
2313.77	3297.23	0.122092	8517.58	-6.11099	3.54363
2314.1	3297.62	0.159872	8414.63	-0.125488	3.55125
2314.49	3298	0.0986792	8558.29	-15.9272	3.54744
2314.89	3298.39	0.0954865	8479.28	-27.6588	3.54553
2315.29	3298.8	0.0954865	8479.28	-27.6588	3.53982
2315.75	3299.23	0.0353578	8211.12	-19.9973	3.536
2316.22	3299.67	-0.164184	8055.5	-24.5463	3.56841
2316.67	3300.12	-0.378094	7981.28	-54.4738	3.55125
2317.11	3300.54	-0.255708	7859.18	-49.9249	3.56841
2317.55	3300.98	-0.255708	7859.18	-49.9249	3.5646
2317.97	3301.41	-0.0120002	7825.66	-16.406	3.57413
2318.45	3301.88	0.00715585	7679.61	6.81772	3.60081
2318.94	3302.33	-0.0870281	8010.01	3.46584	3.59319
2319.47	3302.81	-0.0524408	8163.24	-6.11099	3.56269
2319.97	3303.32	-0.0524408	8163.24	-6.11099	3.56841
2320.49	3303.86	-0.146625	8091.42	-8.98398	3.57222
2320.97	3304.33	-0.146625	8091.42	-8.98398	3.57603
2321.54	3304.88	-0.363727	8306.89	-34.3626	3.57032
2322.1	3305.44	-0.279653	8239.86	-42.9817	3.55125
2322.63	3306.03	-0.267414	7909.46	-18.082	3.57222
2323.2	3306.58	-0.203561	7823.26	-14.2512	3.57985
2323.75	3307.15	-0.300405	7564.69	-26.7011	3.5665
2324.28	3307.67	-0.300405	7564.69	-26.7011	3.60272
2324.83	3308.23	-0.233359	7433.01	-16.406	3.58175
2325.51	3308.82	-0.0997988	7246.26	-2.04082	3.58175
2326.07	3309.45	-0.0997988	7246.26	-2.04082	3.56841
2326.61	3310.04	-0.198772	7018.81	2.50818	3.57413
2327.2	3310.59	-0.304662	7691.58	-13.0542	3.58175
2327.83	3311.19	-0.0790464	7784.96	-19.9973	3.57032
2328.49	3311.82	-0.0135965	7454.56	-4.19558	3.56841
2329.17	3312.42	-0.0135965	7454.56	-4.19558	3.56841
2329.82	3313.04	-0.298809	7722.71	4.90237	3.57985
2330.41	3313.66	-0.298809	7722.71	4.90237	3.5646
2331.04	3314.26	-0.447268	7859.18	-17.8426	3.57985
2331.68	3314.92	-0.382883	7832.84	-33.4049	3.60463
2332.35	3315.61	-0.308919	7559.9	-20.955	3.58938
2333.04	3316.31	-0.270607	7303.72	-18.3214	3.5665
2333.69	3316.95	-0.302534	7188.8	-2.99851	3.56841
2334.38	3317.62	-0.299341	7332.45	7.05715	3.5665
2335.23	3318.33	-0.151946	7308.51	-13.533	3.56841
2335.89	3319.09	-0.308387	6918.26	-9.94168	3.56078
2336.51	3319.78	-0.471213	6657.29	-23.5886	3.57032
2337.2	3320.42	-0.218992	6544.76	-38.1933	3.57222
2337.95	3321.13	-0.218992	6544.76	-38.1933	3.55888
2338.63	3321.89	0.0114128	6137.75	41.2942	3.56841
2339.35	3322.62	1.29487	6355.62	28.605	3.56269
2340.04	3323.24	1.29487	6355.62	28.605	3.56841
2340.79	3323.97	0.0529175	6932.62	9.69077	3.57413
2341.59	3324.76	-0.213139	7028.39	1.07166	3.58938
2342.4	3325.56	0.026844	6597.43	-5.63213	3.57032
2343.06	3326.31	0.026844	6597.43	-5.63213	3.5665
2343.74	3327.05	0.0683488	6523.21	36.7453	3.56078
2344.63	3327.86	-0.0114681	6901.5	-2.99851	3.57032
2345.39	3328.69	-0.0114681	6901.5	-2.99851	3.58747
2346.15	3329.47	0.0497249	6693.2	-13.2936	3.58175
2347	3330.29	0.0396147	6580.67	-3.47734	3.5665
2347.85	3331.15	0.0396147	6580.67	-3.47734	3.57032
2348.64	3331.97	-0.0141287	6638.13	-6.82922	3.58175
2349.42	3332.77	0.0284404	6295.76	5.86006	3.56841
2350.23	3333.57	-0.0268994	6185.63	-7.54749	3.57222
2351.02	3334.36	-0.0130644	6152.11	-27.6588	3.57985
2351.9	3335.3	0.151358	5804.95	-13.0541	3.57794
2352.69	3336.04	0.11411	5383.57	16.1551	3.57222
2353.53	3336.9	0.0114127	5536.8	19.9858	3.57222
2354.5	3337.79	0.0821837	5826.5	12.085	3.57222
2355.28	3338.64	0.0449358	5958.18	28.1261	3.5951
2356	3339.44	-0.0173213	6073.1	8.49368	3.57794
2356.9	3340.32	0.162001	6295.76	-3.71675	3.61988
2357.84	3341.23	0.523305	6180.84	24.056	3.57413
2358.76	3342.11	0.523305	6180.84	24.056	3.61035
2359.58	3343.01	0.692517	5998.88	54.2229	3.60463
2360.58	3343.98	-0.0604225	6659.68	2.98699	3.61797
2361.49	3344.92	0.109321	6645.32	-36.7568	3.597
2362.37	3345.83	0.252992	6087.47	-14.4907	3.60081
2363.37	3346.78	0.268423	5867.2	27.6473	3.60844
2364.3	3347.72	0.28013	6324.49	48.4769	3.59128
2365.03	3348.6	-0.00508273	6810.52	4.66294	3.60081
2366.13	3349.58	0.00768796	6844.04	-60.9382	3.597
2367.14	3350.49	1.34276	6470.54	-60.4593	3.60463
2368.08	3351.51	1.34276	6470.54	-60.4593	3.5951
2368.94	3352.37	-1.88876	5749.89	9.21191	3.58175
2369.95	3353.35	-0.678205	6211.97	-11.6176	3.59128
2370.87	3354.31	-1.78926	6547.16	-55.1921	3.58938
2371.83	3355.29	-1.15391	6027.61	-47.2912	3.57413
2373	3356.33	-0.276992	5670.88	-23.5886	3.5951
2373.98	3357.35	0.628663	5670.88	-18.8002	3.58747
2374.8	3358.31	-0.624462	5682.85	-34.3625	3.57985
2375.9	3359.33	-0.476002	5936.63	-65.4872	3.57413
2376.87	3360.32	-0.244533	5496.1	-40.1086	3.59891
2377.81	3361.33	0.0167339	5026.84	5.3812	3.60081
2378.92	3362.36	-0.0551013	4904.73	42.0125	3.597
2379.96	3363.39	-0.0614867	5414.7	17.8311	3.5951
2380.88	3364.37	0.0577066	5694.82	-0.604297	3.58747
2381.93	3365.31	0.0577066	5694.82	-0.604297	3.597
2382.95	3366.36	-0.191322	5393.15	7.53601	3.57413
2383.84	3367.36	-0.505801	5464.98	3.70527	3.60844
2385.02	3368.49	-0.520168	5678.06	-65.0083	3.61035
2386.12	3369.62	-0.520168	5678.06	-65.0083	3.60081
2387.14	3370.68	-0.109377	5151.34	-7.06863	3.61225
2388.18	3371.72	-0.109377	5151.34	-7.06863	3.61035
2389.32	3372.82	-0.072661	5299.78	31.7174	3.59128
2390.32	3373.87	0.0332294	5445.82	-7.78689	3.60463
2391.51	3375	-0.0210461	5498.5	8.49368	3.60081
2392.68	3376.09	-0.0210461	5498.5	8.49368	3.59319
2393.6	3377.13	-0.17323	5673.27	-16.6454	3.61225
2394.57	3378.28	-0.440351	5642.15	-62.8535	3.59128
2395.83	3379.36	-0.267414	5749.89	-101.879	3.58175
2396.91	3380.45	0.183285	5093.88	-19.5185	3.58747
2397.98	3381.65	0.183285	5093.88	-19.5185	3.60081
2399.18	3382.67	0.150826	4466.59	39.3789	3.59319
2400.24	3383.77	-0.454718	4634.19	-33.8837	3.58938
2401.4	3384.93	-0.415874	4574.33	5.62063	3.58175
2402.52	3386.04	-0.152478	4670.1	36.2664	3.58175
2403.59	3387.14	-0.0295599	5113.03	46.5615	3.60844
2404.8	3388.37	0.216808	5649.33	23.5771	3.61225
2406.11	3389.47	0.216808	5649.33	23.5771	3.62941
2407.24	3390.67	1.1049	5005.29	70.2641	3.64084
2408.4	3391.87	1.1049	5005.29	70.2641	3.62178
2409.63	3393.05	-0.289231	5129.79	32.4357	3.62941
2410.91	3394.3	0.597801	5795.38	-5.3927	3.6275
2412	3395.47	0.224258	5977.34	-17.3637	3.62941
2413.06	3396.64	0.224258	5977.34	-17.3637	3.63322
2414.4	3397.9	1.30391	5761.86	-57.1074	3.61035
2415.56	3399.03	1.7892	5345.27	-27.4193	3.6275
2416.75	3400.28	1.7892	5345.27	-27.4193	3.5951
2418.03	3401.5	-2.12874	4313.37	-10.8994	3.6275
2419.12	3402.58	-0.0976703	4152.95	-29.3347	3.60463
2420.35	3403.83	1.64926	4167.32	-22.1521	3.58175
2421.5	3405.05	1.22782	4251.12	-25.7434	3.597
2422.73	3406.3	0.95538	4346.88	-54.9527	3.5951
2423.97	3407.55	1.53432	4334.91	-67.642	3.60844
2425.24	3408.75	3.01466	4023.67	-5.87153	3.61035
2426.37	3410.01	1.45025	3920.72	45.125	3.60272
2427.52	3411.22	-0.452589	4497.72	-13.0542	3.597
2428.87	3412.47	-0.679269	4658.13	-53.0373	3.60653
2430.23	3413.76	-0.00721119	4399.56	-21.4339	3.61416
2431.32	3414.97	-0.00721119	4399.56	-21.4339	3.60844
2432.62	3416.27	0.0630277	4320.55	33.3934	3.597
2433.88	3417.49	-0.128533	4998.11	-6.5898	3.60081
2435.16	3418.8	-0.160992	5175.28	-19.9973	3.60272
2436.41	3420.06	-0.781967	5048.38	-27.4194	3.62369
2437.68	3421.34	-0.944261	5038.81	-60.4594	3.6275
2439.08	3422.52	-0.944261	5038.81	-60.4594	3.62178
2440.25	3423.79	0.110918	4624.61	49.4345	3.58938
2441.56	3425.12	-0.278589	4318.15	35.0693	3.62941
2442.88	3426.43	-0.466956	4729.96	-40.1086	3.59891
2444.11	3427.68	-0.466956	4729.96	-40.1086	3.60272
2445.5	3429.03	0.0263119	4253.51	13.7609	3.60272
2446.73	3430.33	0.113578	4078.73	31.7174	3.61225
2448.11	3431.7	0.069413	4492.93	39.1395	3.61988
2449.61	3433.02	0.232772	4761.08	56.3777	3.61797
2450.72	3434.3	-0.0763858	4919.1	47.7586	3.62369
2452.09	3435.69	-0.0763858	4919.1	47.7586	3.62369
2453.54	3436.99	0.0257798	5160.91	-23.3492	3.6275
2454.88	3438.41	0.0257798	5160.91	-23.3492	3.61988
2456.15	3439.7	-0.706939	4251.12	7.77541	3.61988
2457.53	3441.06	-0.706939	4251.12	7.77541	3.61225
2458.85	3442.44	-1.53437	4452.23	0.592798	3.61797
2460.1	3443.71	0.525966	4179.29	-5.6321	3.61606
2461.6	3445.15	0.446681	4073.94	-41.0663	3.59319
2462.98	3446.44	0.446681	4073.94	-41.0663	3.61988
2464.15	3447.82	0.109321	3587.92	31.9568	3.62369
2465.42	3449.15	-0.0939455	3468.21	-6.35039	3.6275
2466.94	3450.62	-0.0939455	3468.21	-6.35039	3.6256
2468.35	3451.99	-0.977785	3212.03	-18.5608	3.658
2469.61	3453.42	-0.977785	3212.03	-18.5608	3.62941
2471.04	3454.86	-1.00599	3034.86	-2.28024	3.62369
2472.44	3456.24	-1.00599	3034.86	-2.28024	3.63513
2473.78	3457.65	-2.2506	3848.89	4.42352	3.64084
2475.23	3458.98	-2.2506	3848.89	4.42352	3.64084
2476.58	3460.39	0.589287	4425.89	-1.56196	3.62369
2477.93	3461.74	0.896848	4217.6	-5.63213	3.63513
2479.39	3463.25	-1.2763	3990.15	-17.3637	3.62941
2480.86	3464.65	-2.2224	3846.5	-20.7156	3.62941
2482.19	3466.08	-0.919252	3563.98	-1.56198	3.63894
2483.76	3467.4	-0.919252	3563.98	-1.56198	3.61606
2485.18	3468.84	1.5407	3161.75	62.1238	3.61225
2486.73	3470.35	-1.43487	3781.85	82.9533	3.61606
2488.14	3471.71	-1.39869	4574.33	75.5313	3.61797
2489.59	3473.21	-0.647875	5134.58	19.9858	3.6275
2490.99	3474.63	1.52102	5254.29	-17.3637	3.63703
2492.6	3476.17	1.52102	5254.29	-17.3637	3.62941
2493.99	3477.58	-0.388204	5060.36	10.6485	3.60653
2495.39	3479.05	-0.282313	5074.72	2.98701	3.62941
2496.8	3480.53	-0.282313	5074.72	2.98701	3.61225
2498.36	3482.11	1.40768	4191.26	-45.1365	3.61225
2499.86	3483.58	1.40768	4191.26	-45.1365	3.60463
2501.25	3485.05	0.0534496	3578.35	-53.7556	3.6275
2502.71	3486.5	0.642498	2819.38	-4.19561	3.61606
2504.13	3488	0.303543	2625.45	-16.406	3.60463
2505.7	3489.53	-0.452589	2843.33	-20.955	3.61988
2507.12	3490.84	-0.834646	2833.75	-4.67444	3.62369
2508.58	3492.39	-0.926702	2812.2	-20.7156	3.63322
2510.04	3493.91	-0.889986	3082.75	-39.1509	3.63322
2511.65	3495.45	-2.18196	2989.37	-14.0118	3.61797
2513.02	3496.91	1.3816	3003.74	-1.08313	3.62941
2514.54	3498.41	2.24363	3537.64	-0.843726	3.60081
2516.07	3499.83	2.57513	3657.35	24.5348	3.61035
2517.53	3501.43	2.57513	3657.35	24.5348	3.62369
2519.01	3502.9	-1.29652	3458.64	12.3244	3.60463
2520.54	3504.48	-1.29652	3458.64	12.3244	3.63131
2522.1	3505.99	-1.39283	3760.3	-16.406	3.6275
2523.72	3507.64	4.14007	3235.97	64.7574	3.62369
2525.28	3509.12	3.13491	3453.85	68.8275	3.61797
2526.77	3510.71	3.13491	3453.85	68.8275	3.61797
2528.27	3512.22	-0.576572	4516.87	21.4223	3.62941
2529.89	3513.84	-1.11241	4916.7	-1.32256	3.66372
2531.48	3515.34	-0.295084	4588.7	39.1395	3.62941
2532.99	3516.82	2.68315	4346.88	78.6438	3.65228
2534.52	3518.33	-0.212607	4567.15	36.5058	3.65228
2536.16	3520.01	-0.394057	4483.35	-9.22344	3.63131
2537.71	3521.52	-0.394057	4483.35	-9.22344	3.63513
2539.35	3523.19	4.94729	4011.7	-111.456	3.64084
2540.83	3524.77	4.28215	3049.23	-29.0953	3.64084
2542.35	3526.38	0.0135412	2704.46	35.5482	3.65419
2543.87	3527.86	0.0135412	2704.46	35.5482	3.62941
2545.45	3529.48	-0.995344	2917.55	-50.4037	3.6275
2546.98	3531.04	0.976665	2656.58	-68.3602	3.6275
2548.56	3532.75	0.144973	2309.42	-69.5573	3.60653
2550.22	3534.32	0.144973	2309.42	-69.5573	3.6256
2551.7	3535.93	-0.556351	2400.4	-22.1521	3.62941
2553.23	3537.48	-1.16935	2816.99	17.5916	3.6275
2554.88	3539.11	-1.16935	2816.99	17.5916	3.62941
2556.48	3540.62	-0.988427	3054.02	40.8154	3.63131
2558.02	3542.26	-5.10591	3068.38	31.2386	3.6256
2559.56	3543.7	-2.81411	2994.16	37.7029	3.62941
2561.37	3545.44	0.0401468	2658.97	68.3487	3.63894
2562.99	3547.02	-0.0167892	3101.9	17.8311	3.63131
2564.4	3548.72	-1.01716	3753.12	11.6061	3.62941
2566.1	3550.33	-1.55406	3927.9	16.1551	3.65038
2567.8	3552.02	0.206698	4289.42	-8.50515	3.63322
2569.4	3553.63	-1.49819	4265.48	24.056	3.63131
2571.17	3555.28	-1.05707	3966.21	111.923	3.62369
2572.71	3556.94	-1.77063	4174.5	132.753	3.62369
2574.31	3558.64	-1.12039	4509.69	32.1963	3.62941
2576.01	3560.26	-2.3219	4914.31	-88.2321	3.62941
2577.67	3561.96	-2.33041	4437.86	-103.316	3.63322
2579.24	3563.7	0.180625	3604.68	-27.1799	3.63131
2581.03	3565.35	0.180625	3604.68	-27.1799	3.6275
2582.5	3567	-0.436094	3463.42	-31.2501	3.63131
2584.09	3568.54	-5.69816	3075.56	-70.0361	3.63513
2585.95	3570.31	-2.96735	3135.42	-89.908	3.61225
2587.64	3571.95	1.64819	2536.87	-54.4738	3.63703
2589.17	3573.69	1.64819	2536.87	-54.4738	3.64275
2590.94	3575.34	1.65138	1734.81	8.01483	3.64084
2592.47	3577.09	0.102936	1763.54	-3.47734	3.64084
2594.16	3578.69	-3.01365	1548.06	-15.9272	3.62369
2595.68	3580.36	-1.25555	1263.15	2.50817	3.61225
2597.42	3582	-0.684591	1442.72	45.3644	3.62941
2599.1	3583.75	-0.327011	2184.92	61.1661	3.63131
2600.79	3585.39	-2.53368	2814.59	47.0403	3.61797
2602.48	3587.13	-2.53368	2814.59	47.0403	3.62941
2604	3588.91	-2.96363	3484.97	-34.8414	3.63131
2605.79	3590.6	-1.06558	3384.41	-22.3915	3.65419
2607.58	3592.35	-3.02961	3025.28	44.6461	3.63131
2609.33	3594.01	-3.02961	3025.28	44.6461	3.63894
2610.99	3595.67	-3.84002	3226.4	73.3765	3.658
2612.89	3597.51	2.77521	4186.47	-15.4484	3.66181
2614.55	3599.09	2.77521	4186.47	-15.4484	3.64656
2616.11	3600.84	4.46679	3920.72	-4.67444	3.658
2617.99	3602.64	-1.34335	4021.27	2.50817	3.64847
2619.63	3604.35	-0.883069	4157.74	0.353394	3.65991
2621.25	3606.07	0.0630277	4184.08	17.3522	3.66563
2622.91	3607.91	-1.2034	4107.46	29.3232	3.64275
2624.81	3609.67	-2.25645	4267.88	-37.475	3.63894
2626.47	3611.49	1.58381	4129.01	-62.3747	3.63131
2628.12	3613.17	0.239689	3686.08	-37.2356	3.658
2629.93	3615.01	0.11411	2977.4	-34.3625	3.64847
2631.67	3616.76	-0.419598	2263.93	-23.3492	3.64656
2633.22	3618.53	-0.895839	1806.64	-4.91386	3.62941
2635.11	3620.3	-0.452589	1737.2	-28.1376	3.62941
2636.89	3622.02	-0.452589	1737.2	-28.1376	3.62941
2638.62	3623.78	-0.179616	1203.3	-0.604297	3.63894
2640.36	3625.39	1.48004	1042.89	-36.7567	3.62941
2641.98	3627.37	-1.17147	722.062	-47.7701	3.61797
2643.7	3628.94	-3.01631	640.66	-1.8014	3.62941
2645.47	3630.73	-1.47105	1495.39	44.4067	3.63894
2647.21	3632.44	0.316313	2386.03	70.2641	3.64847
2649.03	3634.23	0.788829	3137.81	82.2351	3.63513
2651	3635.99	-0.731417	3499.34	57.5748	3.63131
2652.69	3637.75	-1.93133	3415.54	31.9568	3.61988
2654.29	3639.64	1.68757	3552.01	-38.1933	3.63131
2656.33	3641.45	2.60546	3307.8	-87.5138	3.63894
2657.98	3643.39	4.62483	2759.53	-57.5863	3.62941
2659.85	3645.23	5.83432	2417.16	-23.3492	3.63894
2661.76	3647.02	5.83432	2417.16	-23.3492	3.62941
2663.62	3648.87	-0.275928	2491.38	22.8589	3.62941
2665.42	3650.58	-0.275928	2491.38	22.8589	3.65038
2667.06	3652.49	-2.02073	3683.69	35.3087	3.62941
2669.05	3654.28	-2.02073	3683.69	35.3087	3.62941
2670.7	3656.13	-2.70343	3774.67	-38.4327	3.6275
2672.43	3657.86	-2.70343	3774.67	-38.4327	3.63322
2674.43	3659.68	-0.952775	2455.46	-28.1376	3.64275
2676.25	3661.5	-0.952775	2455.46	-28.1376	3.62941
2677.9	3663.31	-2.1064	2194.5	-14.9695	3.64084
2679.65	3665.17	-2.1064	2194.5	-14.9695	3.63513
2681.48	3666.94	-0.143964	1124.29	2.02933	3.63894
2683.15	3668.82	-1.64346	662.208	21.4224	3.64084
2685.11	3670.71	-1.17573	482.642	21.6618	3.63513
2686.87	3672.48	-0.0215782	980.636	14.4792	3.658
2688.69	3674.34	-0.0215782	980.636	14.4792	3.65609
2690.5	3676.1	-1.1587	3408.36	25.0137	3.66372
2692.28	3677.99	-1.1587	3408.36	25.0137	3.66372
2694.18	3679.84	1.04478	4275.06	10.1696	3.65419
2696.09	3681.74	1.08947	3757.91	-28.1376	3.65038
2697.98	3683.73	1.08947	3757.91	-28.1376	3.658
2700.02	3685.36	-1.40348	1811.42	24.7742	3.66181
2701.71	3687.25	-0.584553	1832.97	38.4212	3.67516
2703.68	3689.1	0.177432	2532.08	29.3232	3.64847
2705.45	3690.98	0.177432	2532.08	29.3232	3.66181
2707.23	3692.88	0.533415	3178.51	5.38121	3.64084
2709.1	3694.72	0.533415	3178.51	5.38121	3.65419
2710.91	3696.66	2.32557	2816.99	-36.5173	3.66753
2712.86	3698.43	-1.83183	2639.82	-28.8559	3.63894
2714.71	3700.3	-3.47339	2668.55	-15.4483	3.6275
2716.4	3702.23	1.72748	2711.64	-62.8536	3.65419
2718.18	3704.08	1.72748	2711.64	-62.8536	3.63322
2720.19	3705.99	1.04956	2309.42	-79.1341	3.65419
2722	3707.88	-4.54666	1265.55	-4.43502	3.65038
2723.84	3709.79	0.557892	473.066	56.1383	3.64275
2725.85	3711.66	2.13348	1631.86	35.5481	3.63894
2727.71	3713.48	1.4279	2623.06	-6.11095	3.63322
2729.41	3715.42	-0.174827	3056.41	7.53599	3.65038
2731.35	3717.1	-1.48063	3475.39	19.2676	3.658
2733.32	3719.04	-1.49819	3537.64	23.5771	3.63894
2735.07	3721.06	-1.49819	3537.64	23.5771	3.64847
2737.24	3723	-1.2912	3255.13	-0.843713	3.64275
2739.13	3724.98	1.88711	2436.31	-35.3202	3.65609
2740.9	3726.86	-5.4587	2304.63	-15.9272	3.63894
2742.64	3728.76	-5.99827	2769.1	2.26875	3.62941
2744.7	3730.68	-0.491434	3319.77	-0.604297	3.64656
2746.47	3732.6	-0.491434	3319.77	-0.604297	3.65609
2748.3	3734.6	-3.5282	2347.73	-4.43502	3.64275
2750.44	3736.51	-4.73131	2362.09	-34.602	3.63131
2752.26	3738.43	-2.54805	2089.15	-44.1788	3.63131
2754.04	3740.36	1.9781	1789.88	-42.024	3.658
2756.03	3742.25	3.12693	1710.87	-36.5173	3.65228
2757.87	3744.17	2.37452	1461.87	0.832227	3.65991
2759.66	3746.15	0.626003	1349.34	17.8311	3.64656
2761.66	3747.93	2.27129	1054.86	3.70526	3.658
2763.57	3749.88	1.50825	1066.83	-19.5185	3.63322
2765.39	3751.76	1.50825	1066.83	-19.5185	3.63322
2767.41	3753.69	1.7908	1595.95	-45.1365	3.64275
2769.4	3755.61	1.7908	1595.95	-45.1365	3.63513
2771.19	3757.51	-1.06612	2656.58	95.882	3.66181
2773.12	3759.55	-1.06612	2656.58	95.882	3.64084
2775.32	3761.52	-0.789417	2486.59	30.0415	3.65419
2777.12	3763.5	-0.789417	2486.59	30.0415	3.66181
2779.09	3765.51	0.465305	2532.08	-17.1243	3.65419
2781.12	3767.42	1.84082	2405.19	19.0282	3.66181
2782.95	3769.39	1.54124	2970.22	17.5916	3.65419
2784.79	3771.43	-0.476534	3688.48	-11.6176	3.65038
2786.83	3773.35	2.40539	3396.39	28.1261	3.66563
2788.88	3775.38	3.17269	3061.2	-0.125452	3.658
2790.64	3777.38	-0.453122	2565.6	-35.3202	3.66944
2792.59	3779.34	-4.28061	2369.27	-23.8281	3.64275
2794.62	3781.13	-4.1114	2084.36	-48.0095	3.658
2796.39	3783.08	0.131138	1378.07	-30.5318	3.65609
2798.28	3785.15	2.04142	1097.95	-0.125458	3.64656
2800.37	3787.1	0.95272	877.686	-22.1521	3.63513
2802.2	3789.02	0.95272	877.686	-22.1521	3.65038
2804.23	3791.05	-0.302534	707.697	-35.7991	3.63322
2806.21	3792.98	-1.55353	906.416	11.3667	3.658
2808.18	3794.9	2.60333	1327.8	60.6873	3.66372
2810.23	3796.97	2.68315	1641.44	106.895	3.65038
2812.22	3798.88	2.68315	1641.44	106.895	3.65419
2814.06	3800.89	-0.270075	2757.13	-15.2089	3.63131
2816.14	3802.99	0.237028	2996.55	-74.5851	3.63513
2818.03	3804.93	0.237028	2996.55	-74.5851	3.66944
2819.98	3806.93	0.670168	2225.62	-40.5875	3.64084
2821.85	3809	1.31349	2036.48	-27.8982	3.64466
2823.88	3810.96	0.531819	1916.77	2.26874	3.658
2825.94	3812.85	-0.567526	2091.55	20.7041	3.65038
2827.77	3814.86	-1.58546	2338.15	3.70527	3.65609
2829.81	3816.88	-1.58546	2338.15	3.70527	3.66372
2831.83	3818.9	3.57337	1777.91	-18.3214	3.66372
2833.7	3820.91	2.65069	1229.63	-14.7301	3.66944
2835.8	3823	2.65069	1229.63	-14.7301	3.65038
2837.68	3825.03	-1.95102	781.918	-12.0965	3.658
2839.59	3827	-1.95102	781.918	-12.0965	3.66372
2841.68	3829.05	-1.08687	267.164	-8.984	3.65609
2843.52	3831.03	-4.52698	-15.3516	30.7597	3.65991
2845.59	3832.99	-5.56672	485.037	36.2664	3.658
2847.63	3835.04	-5.56672	485.037	36.2664	3.66753
2849.66	3836.99	3.19451	1780.3	63.3209	3.66372
2851.67	3838.96	2.31599	2726.01	76.9678	3.66372
2853.74	3841.09	-1.09485	3274.28	10.1696	3.658
2855.71	3843.16	-0.53826	2826.57	-22.631	3.64275
2857.79	3845.19	-3.12326	2165.77	-14.9695	3.65609
2859.72	3847.17	-7.33919	1651.01	13.0427	3.66753
2861.94	3849.16	-5.04898	1153.02	48.9557	3.66563
2864.04	3851.22	2.14891	1526.51	48.4768	3.67706
2865.89	3853.37	2.17711	2395.61	24.7742	3.66563
2867.89	3855.33	2.17711	2395.61	24.7742	3.66944
2870.01	3857.38	-0.439819	3523.28	-12.3359	3.67134
2871.87	3859.5	2.50383	3827.34	-42.2634	3.66944
2873.96	3861.55	0.386552	1868.89	29.5627	3.67706
2876.02	3863.65	1.11129	1662.98	0.353387	3.658
2877.98	3865.75	1.11129	1662.98	0.353387	3.65609
2880.04	3867.79	-3.28822	1512.15	-20.4762	3.65609
2882	3869.89	-3.28822	1512.15	-20.4762	3.67325
2883.95	3872.01	-1.1172	1062.04	4.42353	3.64847
2886.07	3873.99	-1.1172	1062.04	4.42353	3.65419
2888.18	3876.07	1.20973	293.5	84.1504	3.658
2890.06	3878.11	1.20973	293.5	84.1504	3.65609
2892.24	3880.14	-3.22915	1880.86	25.4925	3.65038
2894.2	3882.06	1.89509	2012.54	-38.9115	3.66181
2896.15	3884.17	5.28784	1327.8	-18.3214	3.62941
2898.16	3886.22	5.28784	1327.8	-18.3214	3.63894
2900.27	3888.32	1.34382	1308.64	-3.95618	3.64847
2902.27	3890.43	-5.1852	1172.17	15.9157	3.658
2904.2	3892.49	-5.56832	1220.06	-5.15328	3.65419
2906.31	3894.62	-5.56832	1220.06	-5.15328	3.658
2908.32	3896.7	-2.76196	1897.62	-0.125458	3.658
2910.27	3898.74	-1.67006	1684.53	28.3655	3.65419
2912.48	3900.87	0.37591	1737.2	34.5905	3.68469
2914.52	3902.97	1.45291	1636.65	31.7174	3.66944
2916.64	3905.04	1.45291	1636.65	31.7174	3.63894
2918.56	3907.2	-0.511122	1622.28	-6.5898	3.66944
2920.68	3909.32	-1.12518	1890.43	17.3522	3.63513
2922.58	3911.37	5.16599	1763.54	10.409	3.65228
2924.74	3913.49	-3.2664	1756.36	-4.67444	3.65228
2926.88	3915.4	-4.13587	2062.82	-30.5318	3.67706
2928.86	3917.48	-2.01115	1852.13	-31.4895	3.65991
2930.97	3919.69	-3.8927	1349.34	-44.4182	3.65991
2933.03	3921.85	-3.05089	1143.44	-59.7411	3.66753
2934.93	3923.9	-1.06399	1026.13	-70.515	3.66181
2936.97	3926.01	-1.06399	1026.13	-70.515	3.67706
2939.27	3928.1	0.674957	808.254	-39.6298	3.65419
2941.16	3930.18	0.674957	808.254	-39.6298	3.64275
2943.01	3932.35	0.185414	939.935	-20.2367	3.69041
2945.29	3934.48	1.04478	1500.18	-90.1474	3.67706
2947.21	3936.55	3.91872	944.723	-60.9382	3.69041
2949.23	3938.67	3.91872	944.723	-60.9382	3.68469
2951.5	3940.82	2.59376	453.912	-3.71676	3.69041
2953.52	3942.94	-1.34441	961.483	11.1273	3.67897
2955.5	3945.09	-0.753765	1215.27	7.29657	3.67897
2957.79	3947.29	0.411561	1229.63	20.2253	3.67706
2959.72	3949.34	1.52155	1674.95	21.1829	3.68087
2961.71	3951.51	0.626003	2050.84	40.0971	3.68469
2964.1	3953.49	0.480204	2307.02	67.1516	3.66944
2966.07	3955.61	-0.675545	2309.42	51.5893	3.66753
2968.15	3957.76	1.38001	2036.48	27.6473	3.658
2970.41	3960.02	-1.29013	1902.4	23.8166	3.65991
2972.3	3962.12	-0.326479	1801.85	11.8456	3.658
2974.37	3964.22	1.14641	1720.44	-14.0118	3.65038
2976.74	3966.39	3.85752	1404.41	-25.504	3.63894
2978.68	3968.49	2.16008	985.425	-9.94168	3.65228
2980.58	3970.65	-0.287635	710.091	20.9435	3.65609
2982.89	3972.9	-0.263689	635.871	-5.15328	3.63513
2984.82	3975.01	-0.263689	635.871	-5.15328	3.66944
2986.94	3977.1	-2.15695	197.732	-19.2791	3.65038
2989.06	3979.29	-2.15695	197.732	-19.2791	3.67325
2991.28	3981.39	-2.64436	238.434	8.25425	3.64084
2993.25	3983.57	-4.58125	765.158	21.1829	3.68087
2995.34	3985.76	-3.57609	995.001	36.5058	3.65609
2997.48	3987.73	0.665911	1306.25	15.4369	3.64847
2999.46	3989.86	-3.616	1263.15	-1.8014	3.65038
3001.66	3992.08	-3.87035	1394.83	-18.3214	3.64275
3003.88	3994.21	-1.41518	1971.84	6.33889	3.66563
3005.94	3996.33	-1.41518	1971.84	6.33889	3.658
3008.1	3998.59	1.60349	1737.2	48.4768	3.65038
3010.3	4000.79	1.28529	1658.2	45.3644	3.65038
3012.34	4002.96	1.28529	1658.2	45.3644	3.66372
3014.52	4005.14	-4.79516	2041.27	27.1684	3.64275
3016.71	4007.31	-1.62271	2029.3	-51.6008	3.65419
3018.58	4009.48	2.59429	1603.13	-27.1799	3.64656
3020.76	4011.69	1.60935	1433.14	-43.6999	3.64466
3022.9	4013.91	1.60935	1433.14	-43.6999	3.65419
3025.02	4016.1	0.332809	396.451	-11.857	3.67897
3027.16	4018.19	0.868646	516.161	-3.71676	3.67134
3029.23	4020.4	0.789361	1030.91	-12.5753	3.66944
3031.34	4022.42	0.789361	1030.91	-12.5753	3.68469
3033.48	4024.57	0.412094	750.793	-35.3202	3.68087
3035.65	4026.79	0.234368	674.178	-34.8414	3.67325
3037.71	4029.03	0.681875	549.68	-38.6721	3.67706
3039.87	4031.17	-2.28306	346.173	-40.8269	3.67706
3041.85	4033.31	-0.781967	769.947	-14.2512	3.67706
3043.94	4035.56	-0.781967	769.947	-14.2512	3.65991
3046.27	4037.64	-2.17025	1959.86	4.66295	3.68469
3048.27	4039.82	-7.16147	1758.75	14.7186	3.66372
3050.57	4042.07	-7.16147	1758.75	14.7186	3.67325
3052.82	4044.23	-5.34111	1473.84	-6.5898	3.65228
3054.82	4046.44	0.266295	1191.33	-15.2089	3.66563
3057.13	4048.72	-0.36213	1610.31	-18.8002	3.63513
3059.18	4050.91	-1.97656	2036.48	-2.51965	3.658
3061.19	4053.09	-2.95831	2062.82	10.6485	3.658
3063.47	4055.35	-2.95831	2062.82	10.6485	3.61225
3065.61	4057.55	-1.40454	1852.13	-19.5185	3.64847
3067.69	4059.53	-1.40454	1852.13	-19.5185	3.65991
3069.83	4061.81	1.15386	1545.67	-35.7991	3.66181
3072.04	4064.02	1.09373	1308.64	-45.1365	3.66753
3074.02	4066.21	1.40714	626.294	10.6485	3.67134
3076.12	4068.39	-0.020514	-22.5342	65.4757	3.67325
3078.39	4070.59	-0.020514	-22.5342	65.4757	3.65609
3080.53	4072.83	-1.07516	-460.673	135.626	3.66563
3082.59	4074.97	2.92579	-252.378	134.908	3.63513
3084.84	4077.15	0.635581	-194.917	132.034	3.68087
3086.93	4079.43	-1.29971	-41.6879	83.6716	3.66372
3089.13	4081.6	-2.79548	10.9846	43.449	3.68087
3091.46	4083.83	-1.90951	-29.7168	102.586	3.65991
3093.52	4086.11	-0.565397	614.323	70.7429	3.67897
3095.69	4088.27	2.02812	1459.48	14.958	3.658
3097.92	4090.5	2.22181	1531.3	-8.02632	3.67325
3100	4092.83	-0.157799	899.233	27.4079	3.65038
3102.15	4094.85	-2.28093	892.051	15.6763	3.66944
3104.36	4097.02	-3.20521	1236.82	-39.3904	3.63894
3106.41	4099.32	-1.14274	1114.71	-58.3046	3.66181
3108.6	4101.55	2.40166	927.964	-35.7991	3.67897
3110.82	4103.69	0.817563	662.208	4.66295	3.65038
3112.92	4105.95	-1.43913	544.892	-3.71676	3.67706
3115.15	4108.25	-0.650535	331.808	-19.7579	3.67325
3117.32	4110.54	-0.476002	334.202	-34.8414	3.66372
3119.42	4112.72	1.60243	769.947	-35.3202	3.68469
3121.57	4114.92	1.26294	851.349	-31.0107	3.68087
3123.84	4117.14	-1.29546	609.535	-22.631	3.68087
3125.94	4119.32	-1.29546	609.535	-22.631	3.69041
3128.22	4121.57	0.515855	549.68	53.2652	3.67897
3130.25	4123.89	0.515855	549.68	53.2652	3.67897
3132.56	4126.1	-0.124276	1682.14	5.14179	3.66181
3134.77	4128.33	-1.27364	1744.39	-37.9538	3.67897
3136.91	4130.67	2.60546	1088.38	-30.7712	3.65038
3139.32	4132.97	-1.17626	808.254	-3.23792	3.65609
3141.38	4135.04	-3.43721	1095.56	25.0137	3.65228
3143.51	4137.3	-0.655324	1794.66	22.6195	3.65419
3145.73	4139.55	-0.655324	1794.66	22.6195	3.65038
3147.89	4141.8	1.51091	2359.7	-9.94168	3.65609
3149.88	4144.02	1.51091	2359.7	-9.94168	3.65228
3152.37	4146.33	-1.06665	810.648	-24.0675	3.63894
3154.37	4148.71	-1.06665	810.648	-24.0675	3.65991
3156.54	4150.89	-0.435562	73.2339	-44.1788	3.65609
3158.85	4153.13	-1.07729	-56.0531	6.57831	3.66563
3160.94	4155.4	-1.07729	-56.0531	6.57831	3.65991
3163.04	4157.57	1.05542	552.074	61.6449	3.66944
3165.55	4159.78	1.05542	552.074	61.6449	3.64656
3167.64	4162.13	-2.89499	209.703	61.8844	3.66181
3169.68	4164.38	-4.44769	171.396	18.7887	3.64847
3171.94	4166.61	-3.46541	300.683	-16.1666	3.67325
3174.17	4168.86	-3.77191	396.451	4.42353	3.658
3176.37	4170.96	0.960702	511.373	47.0403	3.64275
3178.5	4173.24	0.0555781	1196.11	11.6061	3.63894
3180.73	4175.47	-0.702682	1782.69	-46.573	3.65609
3182.8	4177.73	-0.740462	1751.57	-49.2066	3.63894
3185.07	4180.03	2.91888	1540.88	-14.2512	3.66181
3187.33	4182.26	3.66703	1251.18	1.7899	3.65419
3189.52	4184.52	0.823949	1155.41	17.5916	3.63894
3191.67	4186.92	-1.18531	1232.03	41.5337	3.69041
3193.97	4189.18	-3.39836	1466.66	34.8299	3.66181
3196.16	4191.41	-0.0104039	1722.84	4.90237	3.67134
3198.25	4193.66	0.264166	1732.42	12.085	3.64275
3200.6	4195.92	0.264166	1732.42	12.085	3.65991
3202.88	4198.24	1.51091	1423.56	42.9702	3.68278
3204.99	4200.56	1.51091	1423.56	42.9702	3.66944
3207.27	4202.84	3.98151	1071.62	-25.2646	3.68087
3209.52	4205.14	1.75408	808.254	-40.1086	3.6885
3211.55	4207.13	-0.83305	786.706	-13.533	3.658
3214.02	4209.4	-0.652664	669.39	-1.8014	3.67325
3216.17	4211.79	2.09836	566.439	-58.544	3.69231
3218.25	4214.05	2.08293	590.381	-81.5283	3.67325
3220.39	4216.23	-0.37969	571.228	-67.1631	3.67134
3222.78	4218.56	-0.37969	571.228	-67.1631	3.6885
3224.87	4220.82	-4.30349	556.863	9.45135	3.66563
3227.12	4223.05	-5.55768	686.149	10.8879	3.65991
3229.36	4225.39	-1.93931	525.738	9.69077	3.67897
3231.55	4227.71	0.32802	511.373	-0.843716	3.65609
3233.8	4230.03	0.473286	774.735	-48.7278	3.66563
3236.1	4232.23	-1.67006	1105.13	-11.857	3.65038
3238.16	4234.51	-0.92617	1315.82	69.067	3.67897
3240.42	4236.84	0.704223	1540.88	93.4878	3.64656
3242.8	4239.1	-2.17557	1531.3	39.3789	3.658
3244.95	4241.37	-4.83507	1315.82	-10.8994	3.66563
3247.25	4243.73	-5.25916	992.607	-16.8849	3.65991
3249.61	4245.82	-5.25916	992.607	-16.8849	3.658
3251.89	4248.34	-3.45317	1002.18	-15.4483	3.65991
3254.02	4250.46	-0.725031	1112.32	-0.125452	3.66372
3256.37	4252.81	3.69576	1385.26	-59.0228	3.67325
3258.53	4255.11	3.17961	1318.22	-63.8112	3.64275
3260.74	4257.35	-0.353617	858.532	-30.2924	3.64275
3263.03	4259.62	-0.353617	858.532	-30.2924	3.65038
3265.29	4262.02	1.6152	985.425	-34.3625	3.66181
3267.38	4264.25	1.6152	985.425	-34.3625	3.65609
3269.71	4266.56	0.0773948	547.286	-80.5706	3.66944
3272.04	4268.93	-2.29263	92.3875	-93.4993	3.67325
3274.11	4271.27	-3.57556	-63.2357	-65.966	3.658
3276.24	4273.52	-3.57556	-63.2357	-65.966	3.65038
3278.78	4275.77	0.486589	1282.31	90.1359	3.65609
3280.91	4278.08	0.486589	1282.31	90.1359	3.66944
3283	4280.45	-3.86024	1572	6.09947	3.65419
3285.43	4282.72	-1.71582	1928.74	-77.937	3.64656
3287.57	4285.04	-0.238148	1418.78	-78.1764	3.65609
3289.85	4287.25	-0.673948	784.312	-40.5875	3.66372
3292.27	4289.53	-1.29492	628.689	-26.4617	3.65991
3294.41	4291.88	-3.05888	384.48	-22.1521	3.658
3296.65	4294.27	0.975601	652.631	-11.1388	3.6885
3299	4296.57	0.96283	927.964	9.21193	3.67325
3301.14	4298.88	0.506277	966.271	-14.7301	3.68087
3303.49	4301.23	0.506277	966.271	-14.7301	3.658
3305.79	4303.52	-0.655324	1406.8	35.0693	3.67706
3307.9	4305.83	0.0757985	1114.71	-3.71675	3.68469
3310.2	4308.12	-2.6848	839.378	-44.1788	3.69041
3312.57	4310.47	-4.86487	238.434	-19.9973	3.67134
3314.82	4312.87	-4.86487	238.434	-19.9973	3.68469
3317.13	4315.16	-1.32525	-142.244	24.2954	3.64847
3319.22	4317.45	1.47472	221.674	43.9279	3.67134
3321.62	4319.77	1.37256	1062.04	10.6485	3.67325
3323.82	4322.14	0.94261	1579.19	-50.1643	3.658
3326.03	4324.27	-0.130129	1030.91	-24.5463	3.66181
3328.45	4326.56	-1.30982	650.236	12.5638	3.65991
3330.66	4328.89	-0.552094	690.938	-2.9985	3.65419
3332.77	4331.3	-1.10549	949.512	-58.544	3.66181
3335.31	4333.64	-1.10549	949.512	-58.544	3.66372
3337.36	4335.9	2.24522	494.613	-57.5863	3.65991
3339.84	4338.28	2.24522	494.613	-57.5863	3.658
3342.06	4340.64	2.08186	171.396	-3.71676	3.65609
3344.15	4342.96	-0.189194	46.8976	46.0826	3.65991
3346.36	4345.23	-0.189194	46.8976	46.0826	3.66944
3348.78	4347.61	0.553635	659.813	-63.093	3.66181
3350.98	4350.04	0.553635	659.813	-63.093	3.658
3353.21	4352.34	0.0518533	458.7	13.5215	3.68087
3355.65	4354.64	-1.40028	386.874	7.77541	3.67897
3357.75	4357.06	-0.428644	647.842	18.0705	3.658
3360	4359.45	-1.88184	980.636	27.4079	3.67325
3362.4	4361.79	-2.9913	1445.11	22.6195	3.67706
3364.61	4363.88	0.986243	1047.67	61.4055	3.65038
3366.96	4366.27	3.57391	492.219	87.7417	3.65609
3369.39	4368.68	4.9292	674.178	77.2073	3.66944
3371.48	4371.03	2.95453	753.187	44.4067	3.68469
3373.78	4373.42	2.95453	753.187	44.4067	3.64847
3376.13	4375.81	-1.84513	676.573	10.8879	3.66753
3378.41	4378.15	-1.84513	676.573	10.8879	3.68659
3380.55	4380.5	1.1778	542.497	46.3221	3.6885
3382.77	4382.77	2.97528	561.651	7.53599	3.68469
3385.25	4385.18	2.97528	561.651	7.53599	3.66944
3387.38	4387.65	2.09783	-159.004	-45.8547	3.66944
3389.59	4390.02	2.09783	-159.004	-45.8547	3.67706
3392.18	4392.34	-0.356277	-561.23	-24.3069	3.68469
3394.29	4394.72	-1.20553	312.654	64.518	3.67325
3396.38	4397.01	-0.752701	829.802	159.807	3.6885
3398.87	4399.38	-2.0303	700.515	152.146	3.6885
3401	4401.53	-2.0303	700.515	152.146	3.67134
3403.32	4403.93	-3.06526	374.903	115.275	3.66181
3405.8	4406.31	2.59376	458.7	136.105	3.64847
3407.95	4408.66	6.25043	178.579	125.81	3.67134
3410.28	4411.05	0.274808	336.596	80.7986	3.65228
3412.63	4413.54	-5.25544	540.103	41.2942	3.6885
3414.93	4415.89	-1.55672	772.341	63.0815	3.65419
3417.22	4418.23	2.49425	1054.86	107.135	3.65419
3419.56	4420.59	-0.708004	1248.79	87.7417	3.67325
3421.7	4422.98	-0.708004	1248.79	87.7417	3.66753
3423.94	4425.47	-0.660113	1713.26	36.9847	3.658
3426.09	4427.82	-1.80841	1691.71	39.1394	3.658
3428.59	4430.2	-3.12752	1097.95	48.7163	3.68469
3430.89	4432.61	-1.49447	707.697	42.2519	3.67325
3432.95	4434.95	-0.652132	899.233	91.5725	3.68659
3435.43	4437.4	4.17041	1885.64	69.5458	3.65991
3437.49	4439.76	5.90669	1677.35	13.2821	3.67134
3439.75	4441.93	5.54485	664.602	39.8577	3.66944
3442.32	4444.33	4.52213	226.463	48.2374	3.67897
3444.52	4446.68	4.52213	226.463	48.2374	3.65228
3446.59	4449.06	0.404644	-367.299	93.2484	3.66944
3449.16	4451.48	2.24309	269.558	42.4913	3.658
3451.25	4453.87	0.192863	619.112	40.0971	3.658
3453.62	4456.26	-5.13678	1040.49	67.391	3.65609
3456.04	4458.63	-3.43827	1109.92	23.0983	3.64656
3458.2	4461.04	-1.91005	1129.08	16.8734	3.67897
3460.46	4463.52	-2.33627	1402.02	19.7464	3.65228
3462.8	4465.95	-5.01705	1234.42	3.46585	3.658
3465.12	4468.32	-2.25645	757.976	24.7742	3.67897
3467.46	4470.73	1.59285	370.115	27.6473	3.69231
3469.69	4473.15	2.81245	446.729	69.3064	3.68659
3472.11	4475.57	4.20818	1050.07	104.741	3.66753
3474.3	4477.93	1.90148	1572	123.894	3.6885
3476.49	4480.31	-1.73445	1998.17	138.738	3.67325
3478.97	4482.76	-1.73445	1998.17	138.738	3.68278
3481.14	4485	2.63845	1751.57	85.3475	3.66181
3483.31	4487.48	-0.327543	1428.35	54.9412	3.6885
3485.84	4489.87	-1.31461	1241.6	29.0838	3.66372
3488.01	4492.33	-1.31461	1241.6	29.0838	3.68659
3490.28	4494.77	-1.63973	51.686	16.3945	3.65609
3492.78	4497.17	-2.65713	-168.581	1.07164	3.66181
3495.01	4499.56	-0.921381	-154.215	-19.0396	3.66181
3497.17	4501.99	1.76366	22.9556	-29.5741	3.68087
3499.55	4504.41	3.89903	336.596	-36.9962	3.658
3501.77	4506.85	2.07335	346.173	-34.1231	3.66563
3504.03	4509.21	2.15104	552.074	-28.377	3.64656
3506.49	4511.64	3.4015	578.41	2.02933	3.65038
3508.67	4514.07	-0.577104	839.378	17.5916	3.68659
3510.92	4516.53	-0.577104	839.378	17.5916	3.65038
3513.3	4518.98	5.62999	1428.35	40.0971	3.67134
3515.53	4521.38	5.62999	1428.35	40.0971	3.67897
3517.83	4523.81	3.48664	1224.84	65.7151	3.67325
3520.28	4526.13	-1.26619	1133.87	133.232	3.66563
3522.39	4528.56	1.76047	1481.02	154.061	3.67706
3524.71	4531.01	3.45099	1832.97	114.078	3.65609
3527.11	4533.48	2.04994	1528.91	75.5313	3.64656
3529.38	4535.96	1.79186	714.88	95.6426	3.66181
3531.59	4538.5	2.225	391.663	91.0936	3.67134
3533.77	4540.92	2.225	391.663	91.0936	3.66563
3536.27	4543.34	-0.121083	801.071	44.8855	3.66372
3538.38	4545.77	-0.121083	801.071	44.8855	3.658
3540.59	4548.25	-3.08069	726.851	36.5058	3.66753
3543.11	4550.76	-0.216864	693.332	26.4502	3.65991
3545.29	4553.14	3.28869	609.535	12.3244	3.68087
3547.53	4555.51	4.71635	561.651	43.9279	3.67706
3549.98	4558.02	3.11842	561.651	59.7296	3.66944
3552.12	4560.47	3.44035	724.457	61.1661	3.64275
3554.45	4562.95	0.843105	568.834	60.9267	3.6885
3556.86	4565.15	1.35819	619.112	53.0258	3.67134
3558.98	4567.84	2.19361	930.358	74.0948	3.69422
3561.25	4570.14	-0.348295	1277.52	71.4612	3.67897
3563.59	4572.6	0.475947	1734.81	21.4224	3.69041
3565.88	4575.01	2.26172	1502.57	34.1116	3.69041
3568.2	4577.53	3.69576	971.06	85.8264	3.69231
3570.6	4580.04	0.958573	789.1	84.8687	3.67325
3572.91	4582.54	0.958573	789.1	84.8687	3.67325
3575.16	4585	3.75642	779.523	35.5481	3.69041
3577.34	4587.48	1.27891	731.639	81.038	3.67897
3579.85	4589.94	2.26119	1196.11	127.485	3.67134
3582.14	4592.44	4.22308	2091.55	157.174	3.66944
3584.21	4594.92	4.31727	2347.73	162.201	3.66181
3586.7	4597.42	1.37149	2376.46	79.8409	3.69041
3588.83	4599.91	1.58327	2120.28	25.4925	3.68278
3590.99	4602.56	2.32717	997.396	22.38	3.658
3593.5	4605.06	3.29135	-170.975	25.2531	3.66944
3595.78	4607.38	3.29135	-170.975	25.2531	3.66944
3597.84	4609.83	-4.34127	-489.404	-19.0396	3.67134
3600.35	4612.37	-2.05106	-494.192	6.81773	3.67134
3602.46	4614.92	-0.473342	-273.925	8.25425	3.69231
3604.75	4617.4	-0.886261	-645.027	-2.04082	3.67325
3607.15	4619.84	-0.886261	-645.027	-2.04082	3.66181
3609.35	4622.19	-1.85151	-56.053	21.4224	3.66563
3611.64	4624.68	4.40879	585.593	84.1505	3.68659
3613.93	4627.22	4.40879	585.593	84.1505	3.66944
3616.12	4629.72	4.37474	690.938	-4.91386	3.658
3618.52	4632.24	7.27741	279.135	-0.125455	3.658
3621.03	4634.62	3.27113	-15.3516	46.0826	3.66753
3623.33	4637.13	3.27113	-15.3516	46.0826	3.658
3625.53	4639.75	-0.907546	-348.146	62.6026	3.68659
3627.78	4642.21	2.14944	-115.908	120.303	3.66181
3630.31	4644.68	4.33855	192.944	153.103	3.65228
3632.44	4647.11	4.33855	192.944	153.103	3.65228
3634.56	4649.67	5.07766	346.173	321.655	3.66181
3637	4652.04	2.77467	1258.36	330.993	3.66944
3639.1	4654.58	3.17855	1876.07	314.233	3.67897
3641.27	4657.09	3.17855	1876.07	314.233	3.65419
3643.8	4659.62	4.15284	1801.85	350.865	3.68659
3646.05	4662.18	7.19547	1674.95	319.022	3.68469
3648.29	4664.84	7.19547	1674.95	319.022	3.66372
3650.67	4667.36	8.31237	1421.17	253.899	3.67897
3652.87	4670.01	5.51026	367.721	232.83	3.68087
3655.07	4672.55	3.6649	566.439	238.816	3.67325
3657.46	4675.28	-2.1181	1536.09	242.407	3.67897
3659.23	4677.67	-3.5447	2448.28	135.386	3.72472
3661.42	4680.14	-2.64223	2120.28	102.586	3.73615
3663.54	4682.65	-2.71566	1689.32	88.6994	3.73234
3665.66	4685.1	1.14322	666.996	59.7296	3.7495
3667.86	4687.61	1.14322	666.996	59.7296	3.73044
3670.05	4690.2	6.25043	-32.111	-7.30806	3.70375
3672.33	4692.78	7.94255	-422.366	-24.3069	3.72662
3674.63	4695.17	3.71758	-965.85	-36.0385	3.74187
3676.81	4697.75	7.04647	-1755.94	-35.5596	3.72472
3678.94	4700.38	7.04647	-1755.94	-35.5596	3.7514
3681.09	4703.03	2.6028	-666.575	58.0536	3.73044
3683.17	4705.59	-2.11172	46.8976	144.724	3.70756
3685.46	4708.05	-3.23501	789.1	191.171	3.73425
3687.7	4710.42	-3.23501	789.1	191.171	3.76284
3689.83	4712.83	0.268955	2187.31	230.436	3.75331
3692.17	4715.3	-5.51298	2584.75	247.196	3.77619
3694.36	4717.84	1.04424	1976.62	260.124	3.75331
3696.2	4720.34	10.2024	2206.47	241.928	3.77237
3698.32	4722.79	10.2407	2548.84	195.72	3.7514
3700.37	4725.32	10.2407	2548.84	195.72	3.77047
3702.32	4727.94	6.36218	1739.6	116.233	3.77047
3704.65	4730.57	5.72364	1081.19	65.2363	3.7495
3706.78	4733.18	7.54826	130.695	47.2797	3.75331
3708.85	4735.77	3.98736	-563.624	107.614	3.77809
3710.96	4738.45	4.17466	-563.624	141.611	3.77619
3713.07	4740.9	12.1441	-190.128	144.484	3.78762
3714.86	4743.52	15.2697	384.48	155.976	3.76475
3716.86	4746.17	10.187	1713.26	284.545	3.78
3719.14	4748.57	10.187	1713.26	284.545	3.78762
3721.25	4750.93	5.12023	6528	632.901	3.79525
3723.3	4753.41	7.42853	6156.9	691.559	3.78381
3725.53	4755.93	16.4494	5287.81	469.617	3.80287
3727.65	4758.47	18.1309	4265.48	374.567	3.79143
3729.69	4760.94	10.4414	2716.43	360.441	3.79525
3731.98	4763.47	-2.01647	1531.3	314.233	3.78
3733.74	4766.05	-7.41635	1567.22	112.402	3.78572
3735.5	4768.64	-6.21005	2206.47	-113.85	3.77619
3737.67	4771.27	-1.54129	1615.1	-154.791	3.77809
3739.51	4773.79	4.99784	939.935	-158.143	3.77809
3741.45	4776.07	4.99784	939.935	-158.143	3.78381
3743.76	4778.24	9.34307	-1150.2	-311.611	3.78381
3745.68	4780.21	9.61019	34.9266	-272.107	3.78762
3747.68	4782.38	5.87795	556.863	-309.935	3.79334
3750.08	4784.68	-1.41678	-99.1487	-295.091	3.78381
3752.07	4787.01	-5.06388	-884.447	-271.149	3.79525
3754.15	4789.35	-5.06388	-884.447	-271.149	3.77619
3756.57	4791.69	-0.776114	-575.595	-215.843	3.80287
3758.71	4794.08	-0.776114	-575.595	-215.843	3.78762
3760.87	4796.49	4.09378	-295.473	-148.087	3.80097
3763.16	4798.93	6.11421	-209.282	-112.653	3.80478
3765.62	4801.32	-0.400975	-187.734	-58.3046	3.8105
3767.82	4803.87	-2.89339	-398.424	-33.4049	3.80287
3770.24	4806.41	-0.881472	-592.354	-51.8402	3.80287
3772.72	4809.03	-0.758022	-860.505	-54.2344	3.80668
3775.23	4811.62	0.931435	-858.111	-27.1799	3.81622
3777.51	4814.21	2.58897	-779.102	-20.2367	3.80478
3779.73	4816.81	2.73157	-159.004	31.2386	3.79334
3781.42	4819.47	3.02902	1677.35	195.72	3.78762
3783.04	4821.95	3.02902	1677.35	195.72	3.78
3784.73	4824.67	2.81458	7564.69	11.1273	3.78762
3786.34	4827.38	4.92281	5862.41	-123.666	3.79525
3788.08	4830.11	4.82756	3683.69	-70.0362	3.78381
3789.94	4832.48	3.17801	4162.53	97.0791	3.77619
3791.77	4834.65	3.17323	7909.46	506.727	3.7514
3793.74	4836.79	0.129009	11982	918.29	3.78572
3795.7	4838.87	0.129009	11982	918.29	3.77619
3797.57	4841.11	3.45471	9978.05	1113.42	3.77237
3799.51	4843.28	11.6354	7844.81	928.825	3.76094
3801.63	4845.42	13.41	6044.37	845.507	3.76094
3803.58	4847.63	13.41	6044.37	845.507	3.76284
3805.77	4849.97	6.48669	2840.93	701.854	3.75903
3807.84	4852.05	11.3294	1861.7	547.907	3.76094
3810.1	4853.92	13.1589	937.541	345.358	3.73997
3812.31	4855.91	17.8962	1923.95	186.862	3.7514
3814.37	4857.85	12.2404	2833.75	110.247	3.78
3816.8	4859.9	12.2404	2833.75	110.247	3.7819
3819.22	4861.81	6.60642	1493	56.1383	3.77619
3821.46	4863.93	9.32179	1186.54	15.9157	3.78572
3823.85	4866.14	10.6702	985.425	42.2519	3.78
3826.14	4868.36	10.8101	956.694	35.5481	3.78
3828.39	4870.58	10.8101	956.694	35.5481	3.77237
3831.1	4872.77	12.2122	884.868	1.07164	3.78381
3833.42	4875.18	10.4999	523.344	31.478	3.80097
3835.78	4877.54	10.4999	523.344	31.478	3.77619
3838.37	4879.9	6.24618	774.735	-29.0953	3.79525
3840.72	4882.23	6.24618	774.735	-29.0953	3.78572
3843.15	4884.73	8.5034	315.048	3.46585	3.79334
3845.9	4887.24	5.35914	-364.905	27.4079	3.78
3848.25	4889.71	3.93468	-688.122	-0.125458	3.78381
3850.8	4892.2	3.93468	-688.122	-0.125458	3.78762
3853.45	4894.73	3.83358	-520.528	-14.4907	3.78762
3856.07	4897.38	7.89839	-503.769	-1.32256	3.77619
3858.58	4900.01	4.51468	-733.612	-16.1666	3.77047
3861.13	4902.37	6.23926	-843.745	-33.4049	3.80287
3864.02	4905.07	14.1183	-1119.08	-13.0541	3.79334
3866.51	4907.73	13.634	-1222.03	-1.32256	3.79143
3869.22	4910.42	7.98991	-1358.5	-11.1388	3.78762
3872.02	4913.14	3.76972	-1473.42	-0.125458	3.79525
3874.57	4915.93	11.8797	-1533.28	36.5058	3.78762
3877.16	4918.7	17.4386	-1269.91	52.7864	3.79525
3879.99	4921.49	17.4386	-1269.91	52.7864	3.8105
3882.72	4924.21	4.62802	-996.974	10.1696	3.80668
3885.22	4927.06	5.11118	-2866.85	-38.4327	3.79334
3888.19	4929.89	2.77893	-2957.83	1.7899	3.78381
3890.72	4932.62	1.52793	-2577.15	33.154	3.80097
3893.51	4935.41	-0.88094	-2601.09	96.3609	3.8124
3896.48	4938.23	-3.42337	-2943.46	96.6003	3.79525
3899.09	4941.09	-5.88759	-2488.56	46.8009	3.8124
3901.81	4943.98	-2.52836	-2275.48	83.911	3.78
3904.61	4946.91	-0.450993	-2162.95	89.8965	3.78762
3907.39	4949.78	-3.73679	-1870.86	-1.56198	3.78762
3910.08	4952.38	-2.4081	-2098.31	-19.5185	3.78762
3913.09	4955.32	0.371121	-2620.24	-7.06864	3.78762
3915.65	4958.25	3.11416	-2452.65	-42.024	3.80287
3918.31	4961.19	2.25427	-2103.1	-57.8257	3.78381
3921.06	4964.14	2.25427	-2103.1	-57.8257	3.79525
3923.99	4967.15	-1.12731	-2218.02	-95.6541	3.80097
3926.85	4970.09	-1.12731	-2218.02	-95.6541	3.80097
3929.75	4973.07	-0.25624	-2301.81	-104.034	3.80097
3932.65	4976.08	5.51186	-2239.56	-84.4014	3.8124
3935.44	4979.23	10.1035	-2249.14	-86.3167	3.78381
3938.31	4982.24	11.6019	-2763.9	-72.1909	3.80287
3941.3	4985.27	11.0857	-2112.67	-133.961	3.81622
3944.2	4988.25	11.0857	-2112.67	-133.961	3.79906
3946.92	4991.29	6.99965	-2586.72	-77.4582	3.82575
3950.03	4994.32	6.06206	-2546.02	-73.388	3.8124
3952.84	4997.43	7.48014	-2579.54	-48.0095	3.78572
3955.6	5000.48	8.43369	-2024.09	-46.0941	3.80668
3958.59	5003.31	7.65893	-1763.12	-19.9973	3.7819
3960.21	5005.43	9.87093	1703.69	59.4902	3.73044
3961.31	5005.36	7.46365	16746.5	324.528	3.6885
3962.06	5004.43	3.69257	34346.2	386.538	3.67897
3962.61	5003.45	3.69257	34346.2	386.538	3.69231
3963.27	5002.73	12.0691	38672.6	-348.721	3.67897
3964	5002.19	13.4749	34178.6	-265.642	3.66181
3964.8	5001.71	3.25038	30247.4	-172.269	3.69041
3965.65	5001.41	-2.51027	26591.4	-187.831	3.658
3966.55	5001.27	-2.51027	26591.4	-187.831	3.67897
3967	5001.25	-2.43524	23656.1	-178.733	3.658
3967.09	5001.36	3.67873	22262.7	-149.524	3.69612
3967.02	5001.55	5.21015	24934.6	-317.118	3.6885
3966.83	5001.88	6.67187	26311.3	-329.328	3.66372
3966.81	5002.32	8.46296	26605.8	-417.195	3.69231
3966.88	5002.84	7.29816	23926.7	-415.998	3.66563
3967.07	5003.44	5.64915	21154.2	-310.653	3.70184
3967.29	5003.89	4.7403	21005.7	-134.44	3.68087
3967.67	5003.72	14.9303	24805.3	296.756	3.62941
3968.21	5003.15	27.1284	30031.9	876.392	3.66563
3968.8	5002.67	32.2734	30546.6	1207.99	3.63894
3969.46	5002.31	30.0433	27158.8	1202.96	3.65419
3970.2	5002.11	26.4606	23639.4	1010.95	3.64656
3971.05	5002.04	24.6897	20361.7	874.716	3.64275
3971.86	5002.09	24.6897	20361.7	874.716	3.66372
3972.85	5002.24	23.6878	14531.8	678.152	3.65609
3973.77	5002.47	23.6878	14531.8	678.152	3.68469
3974.82	5002.58	12.0164	11299.6	619.255	3.66753
3976.07	5002.31	14.1896	11448.1	603.932	3.67134
3977.25	5001.92	16.3286	12592.5	522.05	3.64847
3978.42	5001.69	18.6103	12954	405.931	3.66563
3979.65	5001.65	15.6082	11251.8	324.289	3.68469
3981.14	5001.7	13.7367	9855.94	301.065	3.6885
3982.61	5001.82	18.1596	9053.88	271.616	3.66181
3983.97	5002.06	18.1596	9053.88	271.616	3.69612
3985.58	5002.41	20.2418	6025.22	26.6896	3.67516
3987.04	5002.84	11.9174	5304.56	-12.3359	3.69041
3988.58	5003.35	3.41959	4571.94	36.5058	3.67134
3990.27	5003.93	7.36574	3994.94	-4.91387	3.71519
3991.84	5004.55	13.8506	3192.88	-55.9104	3.68087
3993.51	5005.27	15.0713	1969.44	-15.4483	3.71137
3995.48	5006.1	15.0713	1969.44	-15.4483	3.6885
3997.2	5007	5.88008	1289.49	11.3667	3.69612
3998.89	5007.89	7.30774	101.964	31.9568	3.70947
4000.96	5008.94	4.1438	-209.282	24.2954	3.71137
4002.72	5010.04	0.978793	-475.038	18.7887	3.71709
4004.68	5011.13	2.47722	-927.542	42.9702	3.72853
4006.84	5012.34	10.2519	-1157.39	10.409	3.69803
4008.85	5013.61	15.7854	-1664.96	-19.2791	3.69803
4010.83	5014.93	14.5184	-2440.68	1.31106	3.70375
4012.98	5016.38	9.86188	-2804.6	20.9435	3.72662
4015	5017.76	5.47302	-2747.14	19.9858	3.70756
4017.01	5019.13	8.32408	-2720.8	-13.7724	3.74187
4019.26	5020.61	7.28326	-3087.11	-12.5753	3.70375
4021.49	5022.27	7.28326	-3087.11	-12.5753	3.72281
4023.68	5023.85	9.8406	-3247.52	44.1673	3.73234
4025.89	5025.58	9.8406	-3247.52	44.1673	3.73234
4028.24	5027.3	18.5476	-2847.69	118.627	3.7514
4030.37	5029.11	10.1806	-2998.53	65.7151	3.73044
4032.65	5030.87	1.42311	-3293.01	67.8699	3.73806
4035.03	5032.67	-1.70465	-3635.38	72.4189	3.73044
4037.27	5034.59	-1.20925	-3585.11	59.2507	3.72472
4039.61	5036.46	9.72619	-3518.07	55.42	3.7495
4042.09	5038.48	19.2255	-3441.45	45.3644	3.74759
4044.49	5040.51	21.1373	-3154.15	46.3221	3.75522
4046.78	5042.57	11.1395	-2991.34	42.4913	3.71709
4049.4	5044.66	6.40049	-2979.37	44.6461	3.74759
4051.83	5046.73	6.40049	-2979.37	44.6461	3.7514
4054.1	5048.84	15.547	-2929.1	23.3377	3.77237
4056.83	5050.81	22.3181	-3027.26	16.3945	3.77047
4059.34	5053.05	13.9639	-2988.95	29.3232	3.75331
4061.8	5055.25	13.9639	-2988.95	29.3232	3.75712
4064.37	5057.57	-5.23203	-2716.01	72.8977	3.76475
4066.99	5059.87	3.14502	-2457.44	42.7308	3.76284
4069.47	5062.14	10.751	-2524.48	28.3656	3.77047
4072.03	5064.48	4.45828	-2737.56	22.8589	3.75712
4074.69	5066.89	-7.00024	-2909.94	29.5626	3.76475
4076.74	5069.07	-5.47414	-1317.8	181.594	3.7495
4077.34	5070.43	-6.02913	7112.19	550.541	3.6885
4077.19	5071.04	-6.02913	7112.19	550.541	3.64466
4076.56	5071.34	0.780316	32160.3	75.0525	3.658
4075.8	5071.72	2.25267	35394.9	-153.115	3.6256
4075	5072.19	0.466901	33079.7	-235.236	3.64656
4074.59	5072.72	5.79814	29091	-156.227	3.63513
4074.26	5073.26	5.79814	29091	-156.227	3.64656
4074.05	5073.9	11.8334	25992.9	-207.942	3.64275
4074.03	5074.65	21.4385	18769.6	-74.1063	3.62941
4074.1	5075.45	22.9721	16298.7	-60.2199	3.65038
4074.29	5076.33	27.6616	13909.3	-70.2755	3.65419
4074.45	5077.26	28.7918	12654.8	-56.868	3.65991
4074.53	5078.38	19.4442	14759.3	-257.742	3.67134
4074.66	5079.52	13.659	18441.6	-804.577	3.65609
4074.94	5080.65	9.89966	18484.6	-1066.02	3.658
4075.28	5081.91	9.89966	18484.6	-1066.02	3.65991
4075.79	5083.15	9.16428	13210.2	-790.93	3.67897
4076.28	5084.54	8.68006	11108.1	-679.839	3.66372
4076.88	5085.9	11.9871	9520.75	-631.237	3.68278
4077.5	5087.37	15.4554	7784.96	-586.465	3.68278
4078.27	5088.88	15.4554	7784.96	-586.465	3.68659
4079.09	5090.44	13.542	5211.19	-416.717	3.69422
4079.98	5092	10.8239	4172.11	-371.227	3.69041
4080.97	5093.11	8.12453	5242.32	-153.594	3.69803
4082.05	5093.75	10.5371	8481.67	221.578	3.67325
4083.03	5094.4	12.6001	10002	358.287	3.66372
4083.01	5095.08	12.6001	10002	358.287	3.62941
4083.04	5095.94	13.6787	13162.3	-287.19	3.61225
4083.33	5096.97	7.19866	14515.1	-834.265	3.63322
4083.68	5097.95	4.52905	11807.2	-630.519	3.59128
4084.15	5098.85	4.40347	10152.8	-465.079	3.57985
4084.68	5099.77	6.38985	8776.16	-370.987	3.57222
4085.37	5100.81	6.38985	8776.16	-370.987	3.55507
4086.08	5101.81	10.4515	5812.14	-221.589	3.56078
4086.77	5102.96	10.4515	5812.14	-221.589	3.58938
4087.71	5104.23	6.08707	4478.56	-188.31	3.5665
4088.71	5105.41	7.13268	3520.88	-167.72	3.58938
4089.7	5106.71	6.19829	2757.13	-150.242	3.597
4090.72	5108.03	11.04	1969.44	-112.653	3.59128
4091.78	5109.44	9.02487	1325.4	-97.0906	3.58938
4092.68	5110.91	9.02487	1325.4	-97.0906	3.57794
4093.13	5112.3	6.3808	2429.13	-109.78	3.57032
4093.36	5113.81	6.3808	2429.13	-109.78	3.56841
4093.8	5114.72	3.79527	10219.9	-362.608	3.54363
4094.29	5115.36	9.79377	12183.1	-256.784	3.5665
4094.89	5116.15	10.6473	11091.3	-313.766	3.5665
4095.44	5117.02	10.6473	11091.3	-313.766	3.55316
4096.02	5117.94	3.65692	8467.31	-534.032	3.53982
4096.7	5118.9	4.72912	7519.2	-551.271	3.57032
4097.45	5119.93	5.00635	6458.57	-467.713	3.58938
4098.27	5120.94	6.56172	5704.4	-427.73	3.56841
4099.18	5122.13	6.56172	5704.4	-427.73	3.58175
4100.1	5123.35	10.3046	4397.16	-401.394	3.57222
4101.16	5124.56	10.2083	2670.94	-336.032	3.60463
4102.35	5125.8	10.2083	2670.94	-336.032	3.60272
4103.37	5126.77	4.9723	3745.94	-10.6599	3.56841
4104.19	5127.57	4.9723	3745.94	-10.6599	3.55507
4104.73	5128.4	5.0138	6645.32	241.449	3.55697
4105.17	5129.36	10.9437	13131.2	-104.992	3.56841
4105.64	5130.28	10.7473	13437.7	-312.808	3.57032
4106.29	5131.28	7.58816	12623.6	-231.405	3.58366
4107	5132.27	7.58816	12623.6	-231.405	3.57222
4107.84	5133.2	4.79777	9374.71	-146.89	3.57413
4108.63	5134.12	9.02221	8704.33	-109.541	3.55888
4109.21	5135.11	10.7463	8211.12	-107.146	3.57222
4109.77	5136.03	9.18929	7251.05	-225.18	3.60081
4110.46	5136.92	9.18929	7251.05	-225.18	3.58175
4111.28	5137.87	7.21143	6276.61	-346.088	3.56841
4112.12	5138.84	6.60695	4935.86	-329.807	3.5665
4112.98	5139.75	6.60695	4935.86	-329.807	3.57222
4114.04	5140.85	4.95314	3362.87	-266.84	3.59319
4115	5142	4.95314	3362.87	-266.84	3.56841
4116.03	5143.05	5.52942	1885.64	-207.703	3.56841
4117.18	5144.1	5.52942	1885.64	-207.703	3.56841
4117.92	5145.03	1.97225	2752.35	-46.3336	3.5646
4118.48	5145.88	1.97225	2752.35	-46.3336	3.54744
4119.22	5146.81	1.89882	10253.4	-194.056	3.55125
4120.06	5147.82	2.36069	11057.8	-193.577	3.55888
4120.85	5148.83	2.00205	9922.98	-148.087	3.55507
4121.78	5149.77	4.60887	8460.12	-102.837	3.5665
4122.71	5150.86	6.96932	7205.56	-80.3312	3.56841
4123.56	5151.92	7.30668	6381.96	-53.0373	3.55125
4124.39	5152.93	4.80734	6372.38	-30.5318	3.55507
4125.16	5153.97	4.30716	7387.52	-75.5428	3.56269
4126.03	5154.98	4.96432	7660.46	-145.453	3.54744
4127.03	5155.96	4.96432	7660.46	-145.453	3.55888
4127.84	5157.01	4.70199	5510.47	-191.901	3.54172
4128.59	5157.99	4.18158	5038.81	-208.421	3.58366
4129.53	5158.99	4.18158	5038.81	-208.421	3.57413
4130.58	5160.13	4.1156	4045.21	-176.578	3.55888
4131.38	5161.26	3.30679	3683.69	-153.833	3.57222
4132.3	5162.43	2.24469	4219.99	-200.281	3.58938
4133.27	5163.71	-0.968207	4600.67	-260.854	3.58938
4134.09	5165.01	0.49936	3999.72	-244.334	3.58366
4134.96	5166.29	2.97156	3559.19	-246.249	3.57794
4136.03	5167.28	2.86354	4425.89	-189.267	3.56269
4136.88	5168.11	2.86354	4425.89	-189.267	3.57032
4137.77	5169.15	1.39437	7907.06	3.70527	3.5951
4138.83	5170.26	0.911747	7435.4	-23.8281	3.58557
4139.81	5171.29	0.572259	6975.72	-100.921	3.55125
4140.77	5172.43	0.572259	6975.72	-100.921	3.57032
4141.78	5173.56	-0.580829	6118.59	-106.189	3.57413
4142.79	5174.64	-0.580829	6118.59	-106.189	3.55888
4143.72	5175.75	1.02456	5608.63	-86.3167	3.56841
4144.85	5176.86	2.9822	5675.67	-81.5283	3.55888
4145.9	5177.86	2.42348	5960.58	-109.062	3.56841
4146.78	5179	2.42348	5960.58	-109.062	3.57794
4147.79	5180.07	3.01466	5560.74	-168.198	3.56841
4148.79	5181.1	3.01466	5560.74	-168.198	3.56841
4149.85	5182.21	1.55986	4296.61	-97.3301	3.58175
4150.97	5183.25	1.55986	4296.61	-97.3301	3.56841
4152.09	5184.28	1.78654	4140.98	-65.0083	3.55888
4153.04	5185.42	1.93979	4425.89	-48.4883	3.56841
4154.11	5186.41	1.6881	4998.11	-53.0373	3.57413
4155.34	5187.49	1.7312	5218.37	-22.3915	3.56841
4156.4	5188.65	1.54443	5505.68	-23.3492	3.57222
4157.71	5189.77	1.181	6144.93	-113.132	3.58938
4159.06	5190.94	1.64181	5266.26	-50.6431	3.62178
4160.39	5192.2	-0.461635	4349.28	-21.1944	3.61035
4161.6	5193.42	-0.461635	4349.28	-21.1944	3.58175
4162.81	5194.6	1.64393	3458.64	-16.406	3.61988
4163.94	5195.71	0.848426	4531.24	13.2821	3.60653
4165	5196.78	-1.7866	6319.71	-49.6854	3.57222
4166.04	5197.95	-3.63356	6987.69	-150.002	3.57985
4167.13	5199.12	-1.4487	6547.16	-158.622	3.58175
4168.27	5200.29	0.528094	5644.54	-137.313	3.58747
4169.53	5201.56	0.954316	4844.88	-97.0906	3.57603
4170.72	5202.74	0.444552	4533.63	-66.9237	3.57985
4171.83	5203.96	-0.0662757	4574.33	-82.486	3.57794
4172.98	5205.05	-0.0662757	4574.33	-82.486	3.56841
4174.23	5206.31	0.405708	4385.19	-60.2199	3.5665
4175.23	5207.44	0.405708	4385.19	-60.2199	3.55888
4176.4	5208.59	0.188074	5012.47	-80.3312	3.56269
4177.73	5209.76	0.188074	5012.47	-80.3312	3.5646
4178.84	5210.94	0.254056	5084.3	-33.4049	3.56269
4179.98	5212.16	0.254056	5084.3	-33.4049	3.55888
4181.22	5213.42	-1.38325	5397.94	-81.5283	3.59128
4182.46	5214.66	-0.975656	5388.36	-96.8512	3.56841
4183.85	5215.82	-1.96432	5603.84	-82.9648	3.5665
4184.96	5217.16	-1.96432	5603.84	-82.9648	3.56841
4186.11	5218.33	-2.05212	5639.75	-65.0083	3.58938
4187.34	5219.59	-1.84566	5148.94	-73.8669	3.56841
4188.72	5220.85	-2.5853	4284.63	-4.19561	3.5646
4189.89	5222.02	-2.5853	4284.63	-4.19561	3.56841
4191.07	5223.3	0.0715415	4433.08	-2.75908	3.57222
4192.38	5224.48	0.445617	4559.97	9.9302	3.59128
4193.61	5225.71	0.621746	4468.99	16.6339	3.57413
4194.71	5227	1.6716	4785.02	3.70527	3.60653
4196.14	5228.23	0.455727	5515.25	-42.024	3.59319
4197.48	5229.47	1.64926	5189.64	-41.5451	3.597
4198.78	5230.7	1.60828	4217.6	29.8021	3.58557
4200.02	5231.98	1.38692	4095.49	29.0838	3.597
4201.39	5233.31	4.09591	4512.08	-0.125464	3.61606
4202.67	5234.56	1.89882	4840.09	2.98701	3.59128
4203.9	5235.9	-0.443544	5110.63	6.09946	3.58747
4205.19	5237.14	-0.443544	5110.63	6.09946	3.597
4206.43	5238.44	0.10134	5177.67	-37.475	3.60081
4207.73	5239.76	1.80144	4559.97	-31.2501	3.57413
4209.15	5241.11	-1.78606	4140.98	-28.6164	3.58175
4210.4	5242.53	0.156147	4124.22	-20.2368	3.58175
4211.71	5243.8	0.156147	4124.22	-20.2368	3.56841
4213.01	5245.19	1.64926	4231.96	-8.02632	3.60272
4214.3	5246.47	-1.13582	4306.18	-13.533	3.5665
4215.63	5247.82	-0.254111	4828.12	-1.08313	3.57222
4217.01	5249.16	0.0619634	4619.82	24.056	3.56841
4218.3	5250.45	-0.150882	4689.25	22.8589	3.5646
4219.58	5251.83	-0.354149	4976.56	-9.22344	3.57222
4221.2	5252.99	-0.369048	5141.76	-4.67444	3.5665
4222.46	5254.48	-0.543581	5084.3	-6.58982	3.58938
4223.64	5255.85	-0.68193	4957.41	-25.9828	3.57794
4225.11	5257.22	-0.576572	4899.94	-63.8112	3.60844
4226.54	5258.64	-0.0886244	4263.09	-24.0675	3.58557
4227.91	5259.98	0.177964	3537.64	34.1116	3.61035
4229.23	5261.44	0.0369541	3796.22	6.33889	3.59319
4230.65	5262.74	-0.237084	3987.75	3.94469	3.57794
4231.88	5264.18	-0.64415	4023.67	2.26875	3.58557
4233.3	5265.51	-0.646278	4023.67	-16.406	3.60844
4234.78	5266.97	0.801068	4148.17	-12.0965	3.60463
4236.19	5268.34	2.55491	4026.06	21.1829	3.61035
4237.43	5269.74	0.855343	3683.69	45.8432	3.58938
4238.96	5271.16	-0.381818	3638.2	8.25425	3.60463
4240.41	5272.55	-0.702682	3906.35	7.29657	3.59891
4241.64	5274.02	-1.88078	4483.35	-1.56196	3.60463
4243.12	5275.37	-1.09857	4885.58	-10.1811	3.61797
4244.59	5276.72	0.0805874	4864.03	-8.50515	3.58175
4246.25	5278.21	0.0805874	4864.03	-8.50515	3.60081
4247.64	5279.62	1.79239	4157.74	2.74758	3.59128
4249.06	5281.1	0.858536	4023.67	-2.04082	3.57794
4250.44	5282.58	-0.943729	4366.04	-21.4338	3.58557
4251.91	5284.07	-1.50404	4591.09	-32.4472	3.57032
4253.32	5285.52	-1.50404	4591.09	-32.4472	3.57794
4254.68	5286.96	1.28316	4720.38	-26.2223	3.56841
4256.18	5288.38	1.28316	4720.38	-26.2223	3.58938
4257.68	5289.88	0.538736	3990.15	18.5493	3.57413
4259.13	5291.31	-1.1619	3626.23	-40.348	3.58175
4260.6	5292.87	-0.895307	3566.37	-33.8837	3.58747
4262.05	5294.32	-0.676609	3719.6	-41.5452	3.58747
4263.43	5295.87	0.711141	3568.77	-23.5886	3.57794
4265.07	5297.28	-1.49872	3077.96	-15.2089	3.58747
4266.51	5298.9	-0.163652	2737.98	8.73309	3.60844
4268	5300.38	1.38639	2635.03	2.26875	3.59319
4269.41	5301.91	1.38639	2635.03	2.26875	3.61225
4270.99	5303.19	2.38517	2759.53	8.97251	3.5951
4272.5	5304.76	-1.9143	5034.02	-14.9695	3.597
4274.04	5306.23	-0.595728	4694.04	1.78992	3.60463
4275.46	5307.81	0.0800553	4148.17	27.6473	3.60272
4277.09	5309.36	1.18046	3915.93	-21.9127	3.62369
4278.63	5310.95	0.832462	3635.81	-31.2501	3.61416
4280.36	5312.48	-1.37102	3389.2	-0.843713	3.62369
4281.93	5314.07	0.231707	2881.63	36.027	3.60463
4283.46	5315.63	3.58189	2919.94	68.5881	3.61225
4285.07	5317.19	1.0336	3492.15	10.409	3.59319
4286.52	5318.71	-1.09911	3927.9	-40.8269	3.61225
4288.01	5320.2	-1.09911	3927.9	-40.8269	3.58938
4289.61	5321.75	-0.577104	4097.89	-41.5451	3.60844
4291.15	5323.31	0.51958	3786.64	-39.151	3.58938
4292.61	5324.89	2.2399	3195.27	-11.6176	3.57413
4294.23	5326.46	2.2399	3195.27	-11.6176	3.5951
4295.83	5328.04	-2.24794	3197.67	-23.8281	3.60081
4297.36	5329.48	-2.44163	3805.79	-21.9127	3.58938
4298.85	5330.99	-0.816554	3923.11	38.6606	3.61035
4300.5	5332.52	-0.816554	3923.11	38.6606	3.62178
4302.13	5334.16	-1.6823	3743.55	-1.32256	3.61416
4303.68	5335.82	1.01125	3480.18	-5.15328	3.62941
4305.25	5337.47	0.640902	3374.84	3.94469	3.61225
4306.89	5339.07	-0.266882	3693.27	25.7319	3.62369
4308.46	5340.63	-1.08261	4418.71	26.4502	3.6256
4310.22	5342.27	1.08043	4971.77	-10.1811	3.63131
4311.81	5343.85	2.25001	4502.51	0.353394	3.61797
4313.37	5345.56	-0.272203	3504.12	33.6328	3.62178
4315.26	5347.2	-0.272203	3504.12	33.6328	3.63322
4316.79	5349.04	-0.22591	2278.29	18.7887	3.60463
4318.35	5350.76	-1.45243	2450.68	-25.2646	3.60463
4320.13	5352.46	-1.97762	2824.17	-48.7278	3.597
4321.69	5354.01	-1.05122	3501.73	5.62063	3.57985
4323.19	5355.65	-1.46254	4299	18.7887	3.58938
4324.97	5357.18	-0.53826	4121.83	-9.94168	3.58938
4326.46	5358.69	0.205634	3003.74	-2.9985	3.597
4328.07	5360.31	2.36867	2194.5	-3.95618	3.58557
4329.77	5362.04	2.87471	2160.98	-31.2501	3.597
4331.35	5363.69	-0.595728	2000.57	-39.1509	3.61606
4332.9	5365.41	0.378038	1509.75	27.1684	3.58938
4334.64	5367.05	1.58859	2050.84	61.1661	3.59319
4336.25	5368.71	4.05866	3195.27	59.2508	3.61988
4337.78	5370.29	3.15513	3877.62	89.6571	3.60844
4339.58	5371.94	3.15513	3877.62	89.6571	3.60463
4341.25	5373.68	3.96873	3791.43	37.4635	3.6275
4342.8	5375.34	3.96873	3791.43	37.4635	3.62369
4344.46	5377.08	-0.799527	3602.29	30.0415	3.61225
4346.29	5378.71	-0.799527	3602.29	30.0415	3.61035
4347.97	5380.5	-1.12412	3808.19	72.1794	3.61797
4349.63	5382.12	-1.06878	3724.39	44.6461	3.61988
4351.21	5383.86	-1.18957	3547.22	59.0113	3.62941
4353.01	5385.48	-1.79458	3547.22	52.3076	3.62178
4354.58	5387.26	-1.90526	3473	59.2507	3.61988
4356.31	5388.78	-1.90526	3473	59.2507	3.61797
4357.98	5390.47	-1.07303	2455.46	5.3812	3.61988
4359.69	5392.2	-2.7577	2007.75	6.09947	3.60272
4361.37	5394	-2.32509	1878.46	33.8722	3.62941
4363.04	5395.69	-2.95458	2012.54	19.0282	3.60272
4364.66	5397.39	-0.962353	1883.25	0.353381	3.62178
4366.42	5399.13	0.426993	1713.26	-6.5898	3.60463
4368.06	5400.78	-2.10373	1691.71	-6.82922	3.59891
4369.68	5402.54	-2.82102	1725.23	3.22643	3.61225
4371.58	5404.23	-3.76339	2093.94	9.93019	3.6275
4373.24	5406.02	-1.72061	2814.59	19.7464	3.62369
4374.71	5407.7	0.242882	3475.39	29.8021	3.6256
4376.27	5409.43	0.201377	3985.36	-24.5463	3.62941
4378.19	5411.2	0.299818	4066.76	-72.4303	3.62369
4379.84	5412.95	0.494571	3360.47	-2.75908	3.62941
4381.53	5414.77	0.384424	2828.96	33.1539	3.6275
4383.46	5416.58	-0.0215782	2567.99	6.57831	3.63513
4385.26	5418.46	-0.864977	2342.94	1.31107	3.62369
4386.88	5420.05	-1.92654	2498.56	30.2809	3.597
4388.51	5421.81	-0.735673	3781.85	22.1406	3.6275
4390.49	5423.52	-1.41305	4112.25	55.1806	3.60463
4392.16	5425.32	-1.41305	4112.25	55.1806	3.60463
4393.93	5427.08	-0.472278	3611.86	39.6183	3.61035
4395.62	5428.85	0.669104	3616.65	-35.0808	3.60081
4397.43	5430.76	1.87434	2989.37	-36.5173	3.61035
4399.28	5432.51	1.87434	2989.37	-36.5173	3.61225
4401.02	5434.36	-2.06755	2285.48	25.7319	3.60653
4402.69	5436.12	0.52703	2081.97	19.7464	3.59891
4404.52	5437.98	-0.651067	2010.14	-16.6455	3.61988
4406.15	5439.7	-0.388204	1943.11	-7.54748	3.61988
4407.87	5441.45	-1.26619	1923.95	17.8311	3.6275
4409.79	5443.33	-1.26619	1923.95	17.8311	3.61035
4411.54	5445.08	-0.828261	2070	16.1551	3.6275
4413.13	5446.91	2.6028	2395.61	53.9835	3.6256
4414.9	5448.7	2.26863	3030.07	17.8311	3.61035
4416.8	5450.46	3.27486	3343.71	-23.1098	3.63513
4418.5	5452.07	4.89727	3410.75	-21.6733	3.62941
4420.52	5454.1	1.80463	3195.27	-14.9695	3.61988
4422.52	5455.92	-0.396186	2433.92	-25.504	3.63131
4424.38	5457.73	-1.1172	1749.18	-13.0541	3.6275
4426.2	5459.72	0.243414	1141.05	-9.70226	3.62941
4428.33	5461.73	-0.698958	420.393	-10.4205	3.6256
4430.09	5463.69	-0.713857	-154.215	7.29657	3.62941
4431.82	5465.61	-0.76494	793.889	93.009	3.60081
4433.76	5467.4	0.522241	3200.06	196.678	3.60844
4435.52	5469.19	1.58434	5486.52	179.679	3.61225
4437.28	5470.99	1.58434	5486.52	179.679	3.62369
4439.16	5472.85	-3.27332	5266.26	-8.98401	3.62941
4441.1	5474.84	-1.53597	4138.59	-14.0118	3.63131
4442.8	5476.67	1.03839	2740.37	-25.9828	3.6256
4444.72	5478.58	-3.10411	2350.12	-30.053	3.6275
4446.46	5480.43	-3.10411	2350.12	-30.053	3.61797
4448.35	5482.28	-2.02019	2412.37	-65.0083	3.61225
4450.2	5484	0.64037	1615.1	-58.0651	3.63894
4451.99	5485.81	3.37649	1200.9	-59.2622	3.61797
4453.93	5487.75	-0.866573	1059.65	-53.2767	3.64656
4455.52	5489.54	-4.21037	-1181.33	-216.082	3.597
4456.05	5490.42	-5.8115	-13451.6	-1419.17	3.5646
4454.86	5490.3	0.545654	-39687.3	-2159.46	3.56078
4453.76	5490.19	4.14646	-62935	-900.106	3.56841
4452.47	5490.02	-1.41837	-67500.7	290.531	3.50741
4451.47	5489.94	-5.96208	-61649.3	625.24	3.51313
4450.69	5490.07	-3.61493	-54912	638.648	3.55507
4450.02	5490.29	3.01998	-48031.1	404.495	3.57985
4449.57	5490.56	3.01998	-48031.1	404.495	3.61988
4449.19	5490.92	11.0022	-38842.1	81.2773	3.63513
4449	5491.29	14.0358	-36165.4	37.7029	3.65609
4448.94	5491.82	13.1924	-33124.8	181.834	3.66563
4448.98	5492.46	9.24091	-29516.7	165.314	3.67706
4449.13	5493.19	11.7509	-25956.5	142.09	3.60272
4449.36	5493.98	17.055	-22283.8	118.627	3.57032
4449.67	5494.71	17.064	-18891.2	140.414	3.60844
4450.09	5495.62	11.6838	-15695	173.694	3.57603
4450.6	5496.59	11.7546	-11902.6	46.8009	3.61225
4451.15	5497.64	18.8221	-10916.2	145.442	3.66181
4451.79	5498.67	17.619	-9189.93	121.739	3.68087
4452.59	5499.94	19.2547	-7832.42	110.487	3.658
4453.49	5501.09	19.2547	-7832.42	110.487	3.67134
4454.35	5502.43	25.7524	-5713.55	80.0803	3.67325
4455.24	5503.79	28.0867	-5174.86	83.6716	3.66372
4456.23	5505.2	21.9243	-4437.44	92.7696	3.67897
4457.37	5506.69	10.9293	-3470.18	116.712	3.69041
4458.7	5508.3	12.5943	-2689.68	107.614	3.69041
4459.88	5509.75	23.8974	-2361.67	92.0513	3.69041
4461.12	5511.18	23.8974	-2361.67	92.0513	3.71137
4462.56	5513.07	18.6268	-1413.57	89.6571	3.71709
4463.83	5514.75	18.6268	-1413.57	89.6571	3.72281
4465.25	5516.55	16.7096	-551.653	26.929	3.72472
4466.91	5518.4	17.8276	-360.117	49.4345	3.719
4468.32	5520.05	15.0149	-309.838	53.9835	3.73044
4469.88	5521.98	15.0149	-309.838	53.9835	3.719
4471.72	5523.91	12.1313	-120.697	53.2652	3.72472
4473.37	5525.93	9.28507	-352.934	45.8432	3.71137
4475.02	5527.94	11.7759	-91.9661	47.998	3.72091
4476.9	5529.92	16.7671	202.521	28.605	3.71519
4478.75	5532.11	16.7671	202.521	28.605	3.71709
4480.45	5534.27	16.1445	422.787	3.70527	3.71709
4482.42	5536.4	11.4635	674.178	11.6061	3.70184
4484.39	5538.66	11.4635	674.178	11.6061	3.73425
4486.44	5540.94	5.86146	767.552	20.4647	3.72281
4488.46	5543.2	5.86146	767.552	20.4647	3.73234
4490.44	5545.52	-2.8322	516.161	26.929	3.72662
4492.38	5547.87	-1.74882	609.535	32.9145	3.74378
4494.58	5550.28	0.101872	518.555	13.2821	3.71519
4496.73	5552.62	7.68288	501.796	-0.364876	3.73044
4498.91	5555.09	7.68288	501.796	-0.364876	3.74569
4501.02	5557.56	3.24559	427.576	-12.0965	3.74187
4503.32	5559.88	11.2486	207.309	-32.6866	3.73425
4505.42	5562.39	12.7177	-242.801	-13.533	3.74569
4507.52	5564.87	9.81718	-659.392	12.8032	3.73425
4510.1	5567.44	5.5672	-513.346	43.2096	3.71709
4512.31	5570.04	-6.91669	-108.725	-10.1811	3.72662
4514.48	5572.68	-1.04696	-194.917	-23.5886	3.72853
4516.99	5575.38	-1.04696	-194.917	-23.5886	3.73425
4519.17	5577.94	-1.88557	-731.218	32.4357	3.719
4521.49	5580.63	-1.88557	-731.218	32.4357	3.71709
4524.07	5583.34	3.95224	-1042.46	47.2797	3.70375
4526.44	5586.05	-6.42023	-549.259	8.01483	3.71709
4528.9	5588.78	-7.86917	-403.212	-54.4738	3.71519
4531.41	5591.51	-4.07521	-996.974	-5.63212	3.73806
4533.85	5594.34	7.42161	-1236.39	37.9423	3.719
4536.41	5597.08	7.28592	-1255.55	-1.8014	3.73044
4539.06	5599.85	7.28592	-1255.55	-1.8014	3.73234
4541.61	5602.62	1.95256	-1559.61	-17.8425	3.73234
4544.07	5605.47	6.02429	-1748.75	-10.4205	3.73425
4546.81	5608.02	8.80351	-1846.92	-39.3904	3.70184
4549.37	5610.92	8.80351	-1846.92	-39.3904	3.70184
4551.85	5613.84	6.85119	-1825.37	14.4792	3.66372
4554.41	5616.61	6.85119	-1825.37	14.4792	3.64275
4557.19	5619.49	12.7741	-2019.3	2.74759	3.60844
4559.66	5622.36	7.5887	-1870.86	-7.30806	3.6256
4562.51	5625.31	2.0228	-1885.22	-47.0518	3.61797
4564.99	5628.17	6.29194	-1765.51	-92.0628	3.61225
4567.61	5631.12	11.2688	-1885.22	-62.3747	3.61225
4570.16	5634.14	10.5057	-2036.06	-47.7701	3.65609
4573.05	5637.06	8.17721	-2177.32	-85.359	3.65228
4575.65	5639.93	13.8825	-2663.34	-49.2066	3.63703
4578.29	5642.85	16.3095	-2909.94	-18.3214	3.65038
4581.14	5645.85	13.3105	-2912.34	-33.8837	3.65038
4583.65	5648.77	13.3105	-2912.34	-33.8837	3.65419
4586.39	5651.77	8.23947	-2953.04	-50.8825	3.68469
4589.14	5654.79	13.9991	-2993.74	-77.4582	3.65038
4591.84	5657.57	13.9991	-2993.74	-77.4582	3.658
4594.38	5660.59	17.1859	-3400.75	-70.2756	3.62941
4597.33	5663.64	16.0738	-3441.45	-72.4303	3.62178
4600.11	5666.64	16.0738	-3441.45	-72.4303	3.63322
4602.68	5669.7	13.7011	-3503.7	-58.0651	3.59891
4605.7	5672.73	15.1181	-3747.91	-66.6843	3.61797
4608.33	5675.84	13.6016	-4116.62	-65.7266	3.62941
4611.07	5678.84	10.6159	-4119.01	-75.064	3.62941
4613.81	5681.95	10.6191	-3903.54	-112.892	3.62369
4616.73	5684.98	11.0879	-3544.41	-130.609	3.63322
4619.4	5688.05	8.13092	-3874.8	-71.7121	3.63322
4622.08	5691.09	10.6334	-4188.45	-82.0071	3.6256
4625.04	5694.23	12.8018	-3965.78	-132.525	3.62941
4627.7	5697.27	15.3927	-3937.05	-113.371	3.62941
4630.48	5700.47	14.4003	-3879.59	-113.85	3.62941
4633.35	5703.51	14.4003	-3879.59	-113.85	3.62941
4636.12	5706.64	3.0966	-3913.11	-84.1619	3.61988
4638.88	5709.74	-0.435562	-3745.52	-89.908	3.64275
4641.8	5712.86	-0.435562	-3745.52	-89.908	3.62178
4644.45	5715.68	8.97485	-3949.03	-168.198	3.6275
4647.2	5718.82	6.00566	-4212.39	-190.704	3.62369
4650.31	5721.97	6.00566	-4212.39	-190.704	3.58938
4653.03	5725.11	0.0199263	-4044.79	-179.212	3.60844
4655.89	5728.21	-0.485048	-4200.42	-146.89	3.61035
4658.74	5731.31	-0.485048	-4200.42	-146.89	3.61988
4661.66	5734.34	-3.15891	-4473.36	-170.832	3.56841
4664.34	5736.29	-1.64559	-4312.94	-132.285	3.67706
4667.26	5736.93	-5.81948	2196.89	386.059	3.72281
4669.81	5737.48	-3.55693	12786.4	860.351	3.73997
4672.45	5738.49	-3.55693	12786.4	860.351	3.73425
4675.51	5739.57	8.08196	13171.9	251.505	3.69422
4678.12	5740.75	6.49255	10804	124.373	3.61988
4680.86	5742.06	12.6422	9089.8	142.09	3.56269
4683.5	5743.35	17.2354	8493.64	212.719	3.56841
4686.52	5744.83	14.18	8349.99	254.378	3.56841
4689.29	5746.24	14.18	8349.99	254.378	3.59128
4692.3	5747.72	6.01311	7734.68	312.557	3.54363
4694.87	5749.09	6.01311	7734.68	312.557	3.5951
4697.62	5750.73	12.7443	7425.83	336.26	3.57222
4700.39	5752.37	9.42449	7547.93	313.994	3.57985
4703.33	5754.1	2.67517	7931	301.065	3.5665
4706.16	5755.8	7.70842	7990.86	333.387	3.59319
4708.8	5757.63	10.4238	8199.15	332.669	3.58175
4711.75	5759.43	9.8523	8232.67	325.007	3.58175
4714.44	5761.28	9.8523	8232.67	325.007	3.58938
4717.27	5763.24	12.7529	7643.7	306.811	3.60844
4720.19	5765.18	14.5067	7174.44	304.417	3.597
4722.94	5767.22	14.8483	7361.18	304.896	3.61988
4725.81	5769.24	16.7064	7772.99	260.843	3.60081
4728.8	5771.34	21.7594	7715.53	251.745	3.63131
4731.6	5773.51	19.7868	7538.35	262.279	3.597
4734.36	5775.59	26.9065	7612.58	235.225	3.6275
4737.56	5777.76	29.2792	7794.53	183.031	3.58747
4740.29	5780.01	21.6136	7768.2	128.204	3.6256
4743.24	5782.26	19.3585	7674.82	129.401	3.6256
4745.99	5784.3	19.3585	7674.82	129.401	3.60081
4749.1	5786.65	10.1343	7550.33	93.4878	3.597
4751.24	5789.04	13.029	7270.2	99.4733	3.55697
4751.48	5791.26	14.1949	7729.89	176.567	3.56841
4751.06	5793.63	7.19387	15207	-221.589	3.56841
4750.88	5796.1	-2.63532	25631.3	-1480.46	3.57603
4750.84	5798.53	-2.07021	28928.2	-2209.49	3.59319
4750.88	5800.94	-2.07021	28928.2	-2209.49	3.597
4750.99	5803.27	4.7967	22104.7	-1894.9	3.60463
4751.2	5805.71	4.7967	22104.7	-1894.9	3.57032
4751.54	5808.21	3.41108	15161.5	-1363.86	3.57032
4751.98	5810.62	3.41108	15161.5	-1363.86	3.5665
4752.47	5813.12	-1.59929	11649.2	-1018.86	3.60081
4753.06	5815.6	-1.59929	11649.2	-1018.86	3.60272
4753.68	5818.13	3.60903	7935.79	-843.363	3.60272
4754.45	5820.73	3.60903	7935.79	-843.363	3.61606
4755.36	5823.27	6.72827	6338.86	-749.271	3.597
4756.19	5825.56	1.17035	3724.39	-651.588	3.61797
4757.07	5828.09	1.07777	2496.17	-582.395	3.61225
4758.23	5830.72	4.59769	1639.04	-519.188	3.60272
4759.26	5833.15	5.66032	1160.2	-485.67	3.59319
4760.38	5834.28	4.9127	2836.14	-258.699	3.5951
4761.67	5834.68	4.9127	2836.14	-258.699	3.66372
4762.91	5835.19	4.39868	13018.7	286.461	3.66372
4764.19	5835.82	0.749984	12697.9	-57.3469	3.66372
4765.47	5836.49	0.749984	12697.9	-57.3469	3.66372
4766.97	5837.28	1.7445	9070.64	-7.78687	3.57413
4768.43	5838.14	3.9815	6554.34	22.1406	3.5665
4769.78	5839.1	3.9815	6554.34	22.1406	3.59319
4771.43	5840.08	1.72694	5160.91	112.163	3.63894
4773.02	5841.11	2.68475	5369.21	85.1081	3.60081
4774.85	5842.3	2.52298	5316.54	63.5603	3.63894
4776.53	5843.48	2.52298	5316.54	63.5603	3.60844
4778.1	5844.76	8.20754	5127.39	36.027	3.59128
4779.89	5846.08	10.7681	4763.48	47.0403	3.69041
4781.8	5847.26	10.7681	4763.48	47.0403	3.61797
4783.54	5848.85	11.6136	4538.42	48.9557	3.60272
4785.43	5850.15	9.549	4380.4	38.4212	3.60844
4787.56	5851.75	3.1711	2939.09	83.911	3.59319
4789.43	5853.26	1.91425	2541.66	84.8687	3.58747
4791.31	5854.94	-1.49447	2517.71	100.67	3.57603
4793.45	5856.58	-3.86982	2546.44	120.303	3.60272
4795.27	5858.39	-1.64026	2723.62	135.147	3.57222
4797.22	5860.09	-1.14753	3001.34	133.71	3.56841
4799.56	5861.92	1.10544	3204.85	121.5	3.57413
4801.61	5863.79	-1.88663	2654.18	118.148	3.57794
4803.7	5865.66	-4.07521	2096.33	139.457	3.60463
4806.1	5867.57	-3.27651	2228.02	137.302	3.57985
4808.09	5869.52	0.191267	2381.24	130.119	3.59319
4810.29	5871.56	0.191267	2381.24	130.119	3.55507
4812.72	5873.62	6.24085	2500.95	85.587	3.56841
4814.93	5875.62	9.83208	2323.78	98.5156	3.5665
4817.22	5877.8	6.21052	2055.63	126.288	3.55125
4819.52	5879.71	6.21052	2055.63	126.288	3.52457
4821.87	5881.83	5.99129	2347.73	99.4733	3.54744
4824.29	5884.12	6.59418	2431.52	98.2762	3.55125
4826.57	5886.33	6.85545	2656.58	92.5302	3.5646
4829.11	5888.53	3.09501	2388.43	95.4032	3.5665
4831.52	5890.76	-2.75025	1916.77	103.304	3.56841
4833.74	5893.2	4.54448	1900.01	113.599	3.55697
4836.36	5895.53	9.81665	2323.78	106.177	3.55888
4838.71	5897.82	9.75706	2453.07	104.741	3.5665
4841.11	5900.18	6.36271	2141.82	84.6293	3.56078
4843.84	5902.66	6.36271	2141.82	84.6293	3.56841
4846.18	5905.05	2.23139	2096.33	118.388	3.597
4848.79	5907.43	3.41747	2321.39	67.1516	3.597
4851.46	5909.88	2.53522	2347.73	34.8299	3.57413
4853.92	5912.39	0.790426	2067.6	45.125	3.58938
4856.53	5914.95	0.790426	2067.6	45.125	3.60272
4859.17	5917.44	5.18674	2407.58	19.7464	3.60653
4861.76	5919.99	6.41007	2321.39	22.6195	3.60844
4864.22	5922.6	5.70236	2208.86	71.2218	3.59128
4866.99	5924.94	0.893656	2433.92	51.1105	3.60081
4869.5	5927.55	-3.58035	1993.38	40.0971	3.61035
4872.01	5930.15	-0.562737	1617.49	38.4212	3.59128
4874.56	5932.81	-0.562737	1617.49	38.4212	3.58938
4877.25	5935.45	-0.629783	1871.28	-1.32255	3.60081
4879.81	5938.07	-0.298277	1935.92	-2.51966	3.58557
4882.4	5940.78	0.587158	1734.81	2.74759	3.57794
4885.23	5943.5	1.82911	1911.98	59.2508	3.57413
4888.08	5946.28	6.38825	3018.1	148.315	3.55125
4890.65	5949	6.0328	4303.79	172.975	3.5951
4893.56	5951.8	3.96235	4763.48	121.739	3.61988
4896.05	5954.49	5.95458	4581.52	71.94	3.57985
4898.72	5957.3	8.04259	4272.66	12.3244	3.55888
4901.66	5960.11	2.43997	4033.24	-11.1388	3.5665
4904.31	5962.89	1.87008	3640.59	-9.70227	3.57413
4907.02	5965.69	5.14098	2445.89	49.4345	3.61225
4909.84	5968.23	5.14098	2445.89	49.4345	3.61988
4912.58	5971.08	6.57662	1911.98	-3.95618	3.60463
4915.29	5973.92	7.08213	-147.033	81.2774	3.6275
4918.12	5976.79	7.41736	-733.612	95.4032	3.62369
4920.74	5979.6	5.14683	-987.398	95.4032	3.597
4923.44	5982.48	4.39709	-1241.18	135.147	3.5951
4926.44	5985.38	3.7644	-1145.41	129.88	3.61035
4929.02	5988.28	-1.73817	-951.484	98.0368	3.61225
4931.81	5991.14	-1.73817	-951.484	98.0368	3.5951
4934.67	5994.06	-7.63664	-968.244	70.5035	3.59319
4937.01	5996.72	-7.63664	-968.244	70.5035	3.56841
4937.99	5997.35	1.79399	-1758.33	34.1116	3.64084
4938.13	5996.86	4.03844	19665	-74.1062	3.65419
4938.16	5996.23	1.93447	30103.7	-703.302	3.658
4938.24	5995.81	0.361011	30211.4	-937.216	3.66181
4938.48	5995.53	0.361011	30211.4	-937.216	3.56269
4938.77	5995.44	1.49122	19277.1	-684.149	3.5055
4939.04	5995.42	2.94974	15393.7	-592.69	3.47882
4939.51	5995.54	3.83038	13258.1	-448.081	3.46738
4940.12	5995.75	4.09804	12714.6	-353.51	3.47882
4940.69	5996.06	2.9673	11888.6	-309.217	3.46738
4941.35	5996.45	3.0817	11146.4	-261.333	3.46357
4942.14	5996.92	4.43327	10207.9	-293.894	3.47691
4942.98	5997.43	2.99337	9515.97	-280.726	3.48263
4943.87	5998.03	2.7933	8397.87	-248.883	3.44641
4944.83	5998.71	3.57657	7090.64	-199.562	3.48835
4945.78	5999.5	3.57657	7090.64	-199.562	3.47882
4946.92	6000.31	4.29439	5034.02	-126.539	3.48454
4948.11	6001.16	4.19329	4210.41	-83.9225	3.50169
4949.34	6002.15	2.50117	3647.78	-54.9527	3.51122
4950.46	6003.16	2.50117	3647.78	-54.9527	3.5055
4951.73	6004.19	1.10544	2936.7	-9.22342	3.50932
4952.93	6005.34	1.10544	2936.7	-9.22342	3.51122
4954.23	6006.52	0.530755	2963.04	4.42354	3.54172
4955.79	6007.73	-2.36181	3188.09	25.9713	3.52838
4957.31	6009.09	-2.28891	3839.31	120.782	3.55697
4958.69	6010.34	1.59924	4818.54	186.622	3.5665
4960.39	6011.79	5.48259	4966.98	135.386	3.56269
4961.99	6013.23	6.78946	4763.48	84.3899	3.57032
4963.58	6014.74	6.14614	4418.71	54.7018	3.56078
4965.24	6016.3	3.30785	4378.01	-1.56199	3.57032
4967.11	6017.89	1.91425	4342.1	-25.2646	3.55697
4968.93	6019.53	1.9515	3654.96	13.2821	3.60272
4970.58	6021.31	3.52176	3099.5	30.0415	3.56841
4972.48	6022.97	7.12363	2630.24	17.1128	3.56841
4974.32	6024.78	3.13651	2077.18	27.8867	3.57413
4976.19	6026.5	-0.192919	1299.07	41.0548	3.58175
4978.27	6028.42	0.466901	1315.82	1.55048	3.59319
4980.1	6030.27	-1.30929	1409.2	-36.0385	3.57603
4982.12	6032.19	1.35287	1026.13	6.09947	3.56841
4984.12	6034.19	8.1522	657.419	39.6183	3.58366
4984.12	6034.19	8.1522	657.419	39.6183	3.58557
4988.19	6038.17	1.71204	1212.87	-1.08314	3.57032
4990.39	6040.26	1.17727	781.918	-22.1521	3.57032
4992.39	6042.08	0.913876	157.031	4.42353	3.5951
4994.55	6044.27	-2.40172	-156.61	32.9145	3.57794
4996.75	6046.43	-2.40172	-156.61	32.9145	3.60463
4998.81	6048.58	2.3543	-89.5719	6.57831	3.57985
5001.07	6050.75	2.3543	-89.5719	6.57831	3.597
5003.4	6053.02	2.22181	68.4454	1.78991	3.63131
5005.68	6055.18	2.54001	489.825	15.6763	3.61988
5007.91	6057.47	3.54943	63.657	19.507	3.63322
5010.06	6059.88	2.49744	-348.146	5.62063	3.63703
5012.68	6062.17	2.49744	-348.146	5.62063	3.61797
5014.91	6064.54	2.0957	1241.6	228.281	3.61035
5017.17	6066.87	-0.318497	2275.9	252.702	3.61225
5019.73	6069.33	-3.31748	1653.41	190.453	3.64084
5021.87	6071.85	0.167322	951.906	164.356	3.63131
5024.16	6074.33	2.60174	1160.2	132.513	3.61988
5026.72	6076.69	0.495635	805.86	135.865	3.62369
5028.91	6078.74	1.819	-151.821	136.823	3.55125
5030.65	6079.24	5.95139	7717.92	793.074	3.50741
5031.78	6079.72	5.64276	22811	1265.21	3.50932
5032.12	6081	5.64276	22811	1265.21	3.53982
5032.46	6082.1	2.09197	23385.6	-803.859	3.57413
5032.88	6083.08	2.09197	23385.6	-803.859	3.53791
5033.42	6084.06	0.985179	19535.7	-687.022	3.54172
5033.98	6085.05	-1.41465	16873.3	-588.86	3.53029
5034.74	6086.07	-2.28199	13883	-466.516	3.51885
5035.52	6087.23	-0.552627	11251.8	-420.308	3.54744
5036.38	6088.43	0.532351	9365.13	-326.455	3.53219
5037.42	6089.62	1.6716	8541.53	-275.698	3.536
5038.35	6090.91	1.6716	8541.53	-275.698	3.53791
5039.31	6092.21	2.09623	7061.91	-233.56	3.54744
5040.38	6093.62	-1.2481	5675.67	-253.911	3.52838
5041.57	6095.05	-1.2481	5675.67	-253.911	3.56078
5042.56	6096.59	-1.67272	4832.91	-223.265	3.56078
5043.97	6098.08	-1.08101	2912.76	-206.506	3.55697
5045.15	6099.67	0.133799	1955.08	-145.693	3.5646
5046.36	6101.11	0.818628	1469.05	-67.8814	3.5665
5047.71	6102.8	-0.763343	908.81	-50.1643	3.57413
5049.23	6104.45	-0.77771	425.181	-57.8257	3.57032
5050.81	6106.17	-0.77771	425.181	-57.8257	3.58938
5052.24	6107.95	1.88392	166.608	-43.9393	3.58747
5053.88	6109.82	-0.515911	89.9933	-63.5718	3.58938
5055.35	6111.62	-0.645214	-0.98642	-72.1909	3.57985
5057	6113.53	0.647287	18.1672	-61.6564	3.58938
5058.69	6115.45	3.13225	-51.2647	-47.0518	3.59891
5060.42	6117.34	0.614828	-410.395	-57.5863	3.57413
5062.16	6119.37	-1.07782	-985.003	-54.2344	3.58557
5064.18	6121.4	-1.65144	-834.169	-47.2912	3.61225
5065.95	6123.51	-1.65144	-834.169	-47.2912	3.62941
5067.66	6125.57	1.23314	-819.803	-37.7144	3.62369
5069.69	6127.63	1.28689	-810.227	-27.1799	3.62369
5071.48	6129.71	-0.483984	-566.018	-22.3915	3.62178
5073.31	6131.88	-0.483984	-566.018	-22.3915	3.61225
5075.55	6134.13	-2.0154	-731.218	-19.2791	3.62941
5077.43	6136.28	-1.31621	-815.015	-42.9817	3.63894
5079.48	6138.38	-0.829857	-795.861	-25.2646	3.64847
5081.77	6140.65	-0.829857	-795.861	-25.2646	3.63894
5083.71	6142.86	0.98784	-484.615	-32.4472	3.61988
5085.8	6145.2	-1.17413	-707.276	-35.0808	3.63513
5088.02	6147.61	0.00289899	-920.36	-30.053	3.6275
5090.35	6149.94	1.63755	-510.951	-25.504	3.62178
5092.38	6152.33	2.19733	-439.125	-26.9405	3.64275
5094.73	6154.73	2.19733	-439.125	-26.9405	3.66944
5096.9	6157.17	2.9939	-894.024	-25.9828	3.63513
5099.14	6159.66	-1.80682	-618.69	-29.5741	3.64847
5101.44	6162.12	-1.76531	-707.276	-38.9115	3.64275
5103.93	6164.59	-2.73535	-556.441	-48.7278	3.63894
5106.22	6166.88	-3.50106	-566.018	-16.1666	3.66372
5108.43	6169.67	-1.75573	-448.702	-4.43502	3.63131
5110.87	6172.32	0.674957	-340.963	-19.9973	3.62941
5113.24	6174.89	1.75727	-544.47	-9.22342	3.658
5115.53	6177.46	1.97491	-508.557	6.33889	3.64847
5118.14	6179.85	3.23974	-300.262	10.409	3.63513
5120.52	6182.48	-0.611691	-458.279	-12.5753	3.63703
5122.97	6185.18	-0.611691	-458.279	-12.5753	3.64656
5125.55	6187.79	-2.61882	-793.467	8.97251	3.658
5128.01	6190.48	0.904298	-326.598	26.929	3.66181
5130.31	6193.14	0.904298	-326.598	26.929	3.67706
5133.08	6195.89	0.814371	-838.957	-42.9817	3.658
5135.47	6198.67	0.814371	-838.957	-42.9817	3.66753
5138.03	6201.37	-4.8223	-1652.99	-124.863	3.66181
5140.84	6204.1	-4.28274	-3185.27	-120.075	3.63322
5143.22	6206.83	-1.56577	-3558.77	-8.02632	3.64656
5145.75	6209.65	-0.514314	-3070.35	-20.955	3.67325
5148.27	6212.45	-1.70731	-2888.39	-61.6564	3.66563
5150.89	6215.2	-1.00705	-2761.5	-17.8426	3.64656
5153.38	6217.98	-4.08905	-1990.57	-25.9828	3.67897
5156.1	6220.79	-7.52117	-1578.77	-65.2477	3.65419
5158.64	6223.7	-3.88738	-1212.45	-49.6854	3.66181
5161.12	6226.49	0.713269	-1181.33	-71.9515	3.66181
5163.76	6229.18	0.961766	-1784.67	-41.3057	3.65609
5166.55	6232.03	-1.26087	-2036.06	-19.0396	3.64084
5169.06	6234.95	-1.26087	-2036.06	-19.0396	3.63894
5171.62	6237.81	-3.84694	-1195.69	-37.9538	3.66181
5174.52	6240.69	-3.84694	-1195.69	-37.9538	3.63131
5177.07	6243.56	-1.68815	-1763.12	8.73309	3.63131
5179	6246.51	-1.68815	-1763.12	8.73309	3.6256
5180.32	6249.5	-1.57482	2067.6	-166.044	3.61225
5181.03	6252.44	-1.57482	2067.6	-166.044	3.59319
5181.61	6255.33	-6.64798	12841.5	-879.516	3.59319
5182.31	6258.28	-6.64798	12841.5	-879.516	3.597
5182.98	6261.29	-7.17264	13329.9	-1095.47	3.61225
5183.64	6264.22	-7.17264	13329.9	-1095.47	3.61225
5184.49	6267.16	-6.06159	10033.1	-833.308	3.58175
5185.37	6269.6	-8.4396	10550.3	-592.451	3.56841
5186.36	6270.49	-8.1911	17019.4	162.68	3.51694
5187.26	6270.75	-5.58907	25164.5	856.52	3.50169
5187.94	6271.33	-5.16498	27197.1	793.552	3.50741
5188.75	6272.05	-2.06063	24130.2	350.865	3.53791
5189.6	6272.9	-1.10283	20625.1	155.019	3.53791
5190.38	6273.82	-2.9168	18151.9	169.145	3.54744
5191.3	6274.79	-0.635636	16088	188.298	3.53791
5192.34	6275.87	1.42098	14582.1	208.17	3.53029
5193.44	6276.98	-4.27103	12764.9	169.623	3.55507
5194.58	6278.13	-5.05802	11045.9	113.599	3.55697
5195.68	6279.41	-5.25703	9393.86	60.9267	3.56269
5196.91	6280.67	-3.94006	8010.01	92.5302	3.57032
5198.1	6282.08	-3.05834	7502.44	110.726	3.57794
5199.4	6283.44	-1.10496	6884.74	108.332	3.58747
5200.96	6284.94	-0.405231	5591.87	133.232	3.60272
5202.43	6286.42	-2.40225	4701.23	111.205	3.56841
5203.86	6287.83	-2.40704	4734.74	115.993	3.58938
5205.41	6289.05	-3.98901	5934.24	243.125	3.57603
5206.68	6289.88	-1.3045	8747.43	312.318	3.56841
5207.84	6291.01	2.84278	9824.82	420.057	3.5646
5208.65	6291.99	1.27518	12171.1	232.352	3.57794
5208.65	6291.99	1.27518	12171.1	232.352	3.53982
5210.29	6293.68	-1.96645	14828.7	-79.8523	3.54744
5211.33	6294.57	-0.921381	13399.4	-83.9225	3.56841
5212.24	6295.5	-0.921381	13399.4	-83.9225	3.53219
5213.2	6296.39	-2.21495	10095.4	0.353418	3.52838
5214.25	6297.34	-1.65463	9085.01	49.1951	3.53219
5215.23	6298.31	-1.30823	7916.64	60.2084	3.54744
5216.14	6299.2	-3.03812	6681.23	77.9255	3.53219
5217.2	6300.18	-2.20005	6281.4	70.5035	3.55507
5218.15	6301.25	-1.7999	6027.61	44.1673	3.56078
5219.16	6302.27	-1.52799	5436.25	24.7742	3.55697
5220.32	6303.46	-1.60355	4588.7	28.1261	3.56269
5221.45	6304.68	-0.647875	3868.04	-8.984	3.56841
5222.58	6305.87	-0.647875	3868.04	-8.984	3.54744
5223.76	6307.2	0.045468	2843.33	-24.7857	3.57794
5225.14	6308.38	0.045468	2843.33	-24.7857	3.54935
5226.44	6309.34	-1.1619	3851.28	223.493	3.54744
5227.5	6310.3	-1.1619	3851.28	223.493	3.53791
5228.36	6311.18	-3.44519	6523.21	149.273	3.54363
5229.21	6312.01	-2.2772	7504.84	-3.95618	3.536
5230.09	6312.94	-1.6392	7052.33	-60.2199	3.53219
5230.99	6313.96	-2.31126	6295.76	-42.024	3.53982
5232.01	6314.92	-2.78324	5426.67	-25.0251	3.53982
5233.09	6315.97	-1.13955	4892.76	5.38123	3.5646
5234.21	6317.1	-0.772921	4447.44	47.998	3.57222
5235.13	6318.16	-0.564865	4138.59	30.0415	3.58175
5236.17	6319.31	1.0352	4004.51	19.507	3.55125
5237.18	6320.36	-2.9913	5194.43	69.5458	3.57032
5238.25	6321.27	-3.15466	7006.84	110.008	3.5665
5239.41	6322.3	-1.25289	7825.66	129.64	3.56841
5240.45	6323.38	0.246607	7842.42	96.8397	3.57032
5241.45	6324.46	0.736682	7849.6	42.9702	3.56841
5242.53	6325.58	0.736682	7849.6	42.9702	3.5665
5243.72	6326.78	-3.14934	7265.42	-18.3214	3.54935
5245.15	6327.94	-2.47142	6525.61	-3.23792	3.56841
5246.38	6329.27	1.54869	5675.67	-0.604297	3.5665
5247.51	6330.46	2.43944	5297.38	22.3801	3.57032
5248.96	6331.58	0.253524	5385.97	93.4878	3.54172
5250	6332.71	0.787233	5809.74	152.146	3.55697
5251.13	6333.77	0.787233	5809.74	152.146	3.56841
5252.38	6335.01	-0.432369	6494.48	119.106	3.54935
5253.43	6336.06	0.818095	7521.6	-15.6878	3.57794
5254.54	6337.1	0.407837	7315.69	-14.7301	3.5665
5255.74	6338.26	-0.355213	6975.72	-40.1086	3.56841
5256.89	6339.46	-0.690444	6470.54	-21.1944	3.56841
5258.13	6340.62	-0.803784	5994.09	-2.75908	3.54744
5259.24	6341.84	-0.890518	5824.11	-12.5753	3.56841
5260.38	6342.98	-0.890518	5824.11	-12.5753	3.55125
5261.54	6344.13	0.461048	5225.56	-30.2924	3.56841
5262.85	6345.28	0.461048	5225.56	-30.2924	3.55507
5263.99	6346.45	0.180625	4370.83	10.6485	3.55697
5265.14	6347.7	-0.5787	4093.1	2.98701	3.55888
5266.38	6348.92	-0.580829	3970.99	8.49366	3.55507
5267.57	6350.09	-0.211542	4028.46	23.8166	3.5665
5268.56	6351.29	-0.211542	4028.46	23.8166	3.58938
5269.74	6352.33	-0.284974	4433.08	43.6884	3.58557
5271.04	6353.47	-0.284974	4433.08	43.6884	3.56841
5272.27	6354.71	-0.524425	4789.81	-6.35037	3.56841
5273.41	6355.85	0.0710094	4624.61	48.9557	3.58747
5274.74	6357.12	-1.12092	4964.59	59.4902	3.56841
5275.99	6358.4	-1.76904	5486.52	28.8444	3.56841
5277.34	6359.66	1.73865	5876.78	-8.74458	3.56841
5278.58	6361.03	1.60296	5895.93	-45.1365	3.58175
5279.77	6362.29	0.455195	5800.16	-54.2344	3.57413
5281.05	6363.64	-0.98683	5687.64	-61.6564	3.57413
5282.51	6364.9	-1.46733	5414.7	-8.98401	3.59891
5283.85	6366.18	-3.90653	5170.49	84.8687	3.56841
5285	6367.51	-3.90653	5170.49	84.8687	3.57032
5286.36	6368.75	0.0896333	6401.11	63.7997	3.57794
5287.47	6370.06	1.06766	7212.74	-17.3637	3.5665
5288.71	6371.33	1.20441	7016.42	-12.5753	3.5646
5290.2	6372.62	1.20441	7016.42	-12.5753	3.57794
5291.57	6373.98	-0.780371	5464.98	-12.5753	3.56841
5292.82	6375.29	-0.35202	4842.48	13.2821	3.55697
5294.03	6376.56	-3.67027	4619.82	-9.46284	3.56841
5295.46	6377.85	-4.53123	4512.08	-26.4617	3.58175
5296.87	6379.22	-0.698958	4145.77	-24.3069	3.56841
5298.06	6380.55	-0.220056	3841.71	-0.125452	3.5646
5299.44	6381.85	-0.220056	3841.71	-0.125452	3.55125
5300.74	6383.19	0.0821837	3645.38	1.31106	3.57032
5302.02	6384.48	0.0396147	3748.33	10.1696	3.5646
5303.39	6385.85	-0.0955419	3923.11	-18.3214	3.56841
5304.7	6387.14	0.0247156	3748.33	11.6061	3.56841
5306.01	6388.45	0.683471	3319.77	44.8855	3.57032
5307.35	6389.8	0.683471	3319.77	44.8855	3.57413
5308.69	6391.12	1.8637	3461.03	13.5215	3.57603
5310.06	6392.49	1.8637	3461.03	13.5215	3.54935
5311.41	6393.82	-1.60727	4667.71	-5.15327	3.57413
5312.73	6395.24	-0.672352	5105.85	5.14177	3.60463
5314.24	6396.64	-4.15716	5182.46	-2.99849	3.5951
5315.85	6398.16	-2.54486	4682.07	8.73311	3.57985
5317.2	6399.65	1.1629	3942.26	-5.87153	3.60844
5318.56	6400.99	5.70608	3547.22	-13.7724	3.59319
5320.1	6402.47	1.87806	3693.27	7.05715	3.57985
5321.53	6403.88	-1.91217	4629.4	8.25425	3.60272
5322.93	6405.42	-1.73498	5407.52	27.6473	3.58175
5324.39	6406.65	1.58593	6056.34	26.929	3.58175
5325.68	6408.16	1.58593	6056.34	26.929	3.59319
5327.12	6409.56	1.67586	6044.37	-0.604297	3.58557
5328.68	6411.1	-1.26193	5606.23	-15.2089	3.57413
5330.12	6412.43	-3.88418	5148.94	38.1818	3.56841
5331.35	6413.95	-3.3228	4732.35	1.78992	3.58747
5333	6415.37	-4.80474	4160.14	-58.7834	3.597
5334.38	6416.87	-4.80474	4160.14	-58.7834	3.5665
5335.71	6418.33	0.140716	3870.44	-14.4907	3.58747
5337.09	6419.72	0.954848	3745.94	9.45135	3.57413
5338.68	6421.21	0.399323	3592.71	8.97251	3.58175
5340.11	6422.63	-0.216864	3523.28	-10.4205	3.54363
5341.41	6424.19	-0.402571	3403.57	-30.5318	3.60272
5343.02	6425.62	-0.236552	3386.81	-25.504	3.57032
5344.34	6427.03	-0.236552	3386.81	-25.504	3.55697
5345.73	6428.45	-0.901693	3461.03	-8.02632	3.55125
5347.27	6429.99	-1.14061	3664.54	-14.0118	3.57794
5348.71	6431.39	-1.14061	3664.54	-14.0118	3.58557
5350.08	6432.9	0.35835	4399.56	56.1383	3.5951
5351.8	6434.38	0.476479	4672.5	28.8444	3.5951
5353.29	6436.04	1.36511	4794.6	11.3667	3.597
5354.73	6437.59	-0.554223	4550.39	10.409	3.597
5356.36	6439.12	-3.13178	4581.52	-27.1799	3.61225
5357.91	6440.69	-1.20872	4205.63	-19.7579	3.60272
5359.33	6442.29	0.562149	3963.81	1.55049	3.5951
5360.8	6443.79	0.562149	3963.81	1.55049	3.60844
5362.33	6445.24	-2.88062	4023.67	-16.8849	3.5951
5363.73	6446.75	3.63137	4181.68	-31.2501	3.60463
5365.41	6448.3	3.63137	4181.68	-31.2501	3.60463
5366.9	6449.85	0.281726	3650.17	-17.3637	3.5951
5368.35	6451.36	0.281726	3650.17	-17.3637	3.597
5369.75	6452.91	-2.19792	3750.73	16.634	3.61225
5371.53	6454.45	-2.99928	3710.03	8.73309	3.54744
5372.96	6455.89	1.09958	3717.21	26.6896	3.57413
5374.44	6457.45	2.80447	3731.57	42.4913	3.57222
5376.11	6459.05	1.78069	4054.79	6.33888	3.60081
5377.73	6460.62	-0.716517	4504.9	-0.364868	3.60272
5379.14	6462.2	-1.06878	4876	12.8032	3.60653
5380.89	6463.76	-1.83661	4943.04	-2.51965	3.57413
5382.39	6465.39	0.134863	4648.55	-0.364868	3.59319
5383.97	6467.04	0.134863	4648.55	-0.364868	3.59319
5385.67	6468.72	-0.120019	3923.11	8.49366	3.58175
5387.1	6470.25	-6.01636	3868.04	24.056	3.60081
5388.65	6471.84	-3.42763	4258.3	42.0125	3.57985
5390.46	6473.46	-1.68656	4854.45	-10.8994	3.58747
5391.95	6475.09	-1.68656	4854.45	-10.8994	3.597
5393.41	6476.69	-3.44732	4133.8	-2.51965	3.60463
5395.2	6478.34	-3.54682	3822.55	-36.9962	3.60844
5396.75	6480.02	0.398259	3370.05	-31.0107	3.60081
5398.21	6481.64	1.67639	3018.1	-22.1521	3.61988
5400.05	6483.35	0.875032	2793.05	-22.6309	3.61606
5401.52	6484.81	0.51958	2577.57	-32.6866	3.6256
5403.13	6486.45	0.396662	2577.57	-45.1365	3.58938
5404.88	6488.03	-0.0519086	2706.86	-30.7712	3.59891
5406.32	6489.67	0.382295	2405.19	6.09947	3.57985
5407.9	6491.25	0.243414	2702.07	27.6473	3.597
5409.56	6492.91	0.427525	3003.74	40.576	3.58175
5411.25	6494.49	0.117835	2879.24	33.8722	3.60272
5412.86	6496.18	-1.64665	3006.13	3.94469	3.60081
5414.58	6497.78	-3.3393	3243.16	8.49368	3.62178
5416.35	6499.53	-3.21851	3722	18.5493	3.58747
5417.92	6501.11	1.38373	4119.44	33.3934	3.57985
5419.49	6502.84	3.57391	4241.54	15.4369	3.58938
5421.27	6504.51	0.164661	4119.43	-32.2078	3.60463
5422.87	6506.29	0.164661	4119.43	-32.2078	3.597
5424.45	6508.06	-3.67613	3882.41	-27.1799	3.58938
5426.25	6509.8	-2.33733	3358.08	-35.0808	3.58938
5428.03	6511.56	-2.33733	3358.08	-35.0808	3.58938
5429.56	6513.17	0.0763305	4375.61	58.5325	3.57413
5431.2	6514.76	-2.51772	5091.48	50.6316	3.57032
5432.81	6516.48	-1.62217	5527.23	-24.5463	3.57985
5434.59	6518.26	-1.62217	5527.23	-24.5463	3.57985
5436.27	6519.94	0.172643	4140.98	25.9713	3.5951
5437.98	6521.71	-0.306258	3647.78	14.958	3.57222
5439.6	6523.43	-0.9565	3523.28	-15.6878	3.59319
5441.53	6525.14	-0.9565	3523.28	-15.6878	3.5951
5443.06	6526.78	0.452534	2742.77	-20.4762	3.60653
5444.63	6528.49	-1.2034	2014.93	25.9713	3.63513
5446.37	6530.23	1.53592	1828.18	6.33889	3.6275
5448.13	6531.89	1.37681	2103.52	14.2398	3.597
5449.71	6533.66	-1.74562	1983.81	25.7319	3.60463
5451.38	6535.4	-4.03371	1943.11	-3.71675	3.5951
5453.33	6537.18	-4.03371	1943.11	-3.71675	3.597
5454.91	6538.82	-0.155671	2527.29	21.1829	3.6275
5456.6	6540.56	1.39384	2979.79	54.9412	3.6275
5458.45	6542.28	-0.564333	3300.62	36.7453	3.6275
5460.11	6544.06	-1.96485	3623.83	34.5905	3.61035
5461.81	6545.81	-0.628719	4117.04	23.0983	3.62369
5463.63	6547.6	-0.628719	4117.04	23.0983	3.62941
5465.47	6549.38	0.833527	3350.9	-37.7144	3.60844
5467.11	6551.12	-1.44445	2773.89	-42.7422	3.59128
5468.97	6552.92	-1.44445	2773.89	-42.7422	3.59319
5470.74	6554.65	-0.982574	2896	-17.1243	3.57603
5472.41	6556.47	-2.96735	3657.35	36.5058	3.58557
5474.24	6558.23	2.24735	3884.8	22.8589	3.597
5476.03	6560.03	1.703	4136.19	-34.8414	3.58747
5477.82	6561.91	0.319506	3654.96	-36.5173	3.597
5479.72	6563.64	0.43125	3221.61	-30.053	3.60463
5481.39	6565.48	-0.167377	3087.53	-50.1643	3.59128
5483.08	6567.19	-0.167377	3087.53	-50.1643	3.61797
5484.92	6568.97	1.55241	2369.27	-29.5741	3.60272
5486.61	6570.74	1.55241	2369.27	-29.5741	3.60272
5488.34	6572.55	-2.71566	2034.08	-20.4762	3.58175
5490.38	6574.38	1.2672	2002.96	-22.1521	3.5951
5492.01	6576.13	0.475947	2000.57	17.831	3.5951
5493.78	6577.95	-0.709068	2448.28	21.9012	3.61225
5495.5	6579.55	-1.08048	3034.86	-7.06864	3.58557
5497.44	6581.47	-2.10054	3269.49	-18.5608	3.60081
5499.2	6583.31	-3.21585	3185.7	-8.26573	3.61797
5500.96	6585.2	-1.7552	2797.84	-26.9405	3.63894
5503.03	6587.23	-1.7552	2797.84	-26.9405	3.60844
5504.85	6589.16	-0.0593582	2371.67	-45.1365	3.6256
5506.5	6591.1	-3.19084	2524.9	-65.2477	3.62369
5508.37	6592.97	-6.36542	2785.86	-31.0107	3.63894
5510.22	6594.73	-6.36542	2785.86	-31.0107	3.61606
5511.94	6596.58	0.634517	3836.92	78.8832	3.60463
5513.89	6598.41	0.302478	4148.17	58.7719	3.61225
5515.79	6600.35	0.302478	4148.17	58.7719	3.60272
5517.56	6602.19	0.960702	3810.58	-3.23792	3.61225
5519.46	6604.03	0.960702	3810.58	-3.23792	3.62941
5521.32	6605.92	-2.56508	3001.34	-41.0663	3.61988
5523.13	6607.71	-2.14258	2824.17	0.113965	3.60081
5524.91	6609.6	2.57726	2766.71	9.21193	3.60463
5526.75	6611.4	1.60296	2656.58	-24.7857	3.58747
5528.67	6613.32	0.055046	2132.25	-43.6999	3.58938
5530.52	6615.17	-0.735141	1598.34	-18.082	3.61797
5532.32	6616.99	-0.735141	1598.34	-18.082	3.59891
5534.19	6618.76	-1.18318	1655.8	46.5615	3.6275
5535.98	6620.55	2.05473	2017.33	82.2351	3.61035
5537.91	6622.45	2.64377	2658.97	64.0392	3.597
5539.68	6624.33	1.06819	3465.82	36.9847	3.58747
5541.59	6626.2	-2.49005	3920.72	1.55049	3.58747
5543.55	6628.19	-2.49005	3920.72	1.55049	3.5951
5545.32	6630.06	0.886738	3200.06	-14.9695	3.60844
5547.18	6631.99	-2.31764	3111.48	-14.2512	3.59319
5549.15	6633.88	-2.5672	3063.59	-18.082	3.60844
5551.03	6635.75	-2.5672	3063.59	-18.082	3.60272
5552.96	6637.72	-1.26885	2915.15	32.1963	3.62369
5554.92	6639.61	0.742535	3528.07	9.21193	3.60844
5556.79	6641.52	2.90557	3908.75	-42.7422	3.63513
5558.56	6643.48	-3.53831	3461.03	-56.3892	3.6275
5560.67	6645.36	-5.16391	2620.66	-20.2367	3.62941
5562.42	6647.31	-5.03035	2242.38	-23.1098	3.62369
5564.31	6649.03	-5.03035	2242.38	-23.1098	3.61606
5566.33	6651.16	-1.70678	2790.65	-27.6588	3.61035
5568.06	6652.86	0.323231	2709.25	-42.9817	3.61225
5569.92	6654.76	1.81315	2383.64	-66.4448	3.597
5571.95	6656.76	1.81315	2383.64	-66.4448	3.61606
5573.78	6658.67	1.69129	1823.4	-49.6854	3.6256
5575.62	6660.61	-0.721306	1588.76	18.7887	3.60463
5577.62	6662.61	-0.595728	1844.94	13.2821	3.6256
5579.6	6664.43	2.03823	2089.15	58.2931	3.5951
5581.4	6666.37	0.941546	2414.76	50.6316	3.61988
5583.39	6668.33	-1.70571	2843.33	2.02932	3.60081
5585.33	6670.27	-1.70571	2843.33	2.02932	3.5951
5587.16	6672.26	-1.28215	2500.95	-7.7869	3.6275
5589.21	6674.24	0.904298	2275.9	8.49368	3.60272
5591.15	6676.23	1.75355	2611.09	38.1818	3.6275
5593.1	6678.24	-2.25007	3003.74	19.0281	3.61416
5594.95	6680.18	-2.25007	3003.74	19.0281	3.63131
5597.05	6682.18	-3.02535	2663.76	-29.3347	3.60463
5598.93	6684.14	-0.708536	2809.81	-19.0396	3.63131
5600.84	6685.92	-3.12486	2570.39	-30.5318	3.61035
5602.97	6687.97	-1.51415	2141.82	-4.91386	3.6275
5604.87	6689.86	-5.06601	2247.17	26.6896	3.63322
5606.63	6691.81	-7.1455	2445.89	5.86005	3.61797
5608.69	6693.82	0.258845	2350.12	-41.0663	3.6256
5610.6	6695.77	3.87029	2108.31	-50.8825	3.60463
5612.46	6697.78	0.167854	1674.95	-37.2356	3.6256
5614.51	6699.8	-3.36484	1533.7	-16.8849	3.60463
5616.56	6701.75	-3.11156	1560.03	12.085	3.61035
5618.41	6703.78	-0.842628	1777.91	41.5336	3.61225
5620.37	6705.71	0.389213	2328.57	48.7163	3.62178
5622.4	6707.76	0.28279	2378.85	4.90237	3.61035
5624.23	6709.75	0.0965508	2510.53	-12.0965	3.61797
5626.3	6711.69	0.426993	2304.63	8.01482	3.58938
5628.28	6713.76	-0.502076	2117.88	16.1551	3.61035
5630.21	6715.77	-0.185469	2453.07	-8.26573	3.61225
5632.17	6717.75	-0.0684041	2623.06	-45.8547	3.60844
5634.21	6719.81	1.10331	2012.54	-56.1498	3.60463
5636.23	6721.83	-0.89105	1775.51	-37.2356	3.597
5638.02	6723.59	-1.95794	2180.13	-38.4327	3.63894
5640.25	6725.88	-1.95794	2180.13	-38.4327	3.63131
5642.25	6727.67	-1.21883	2081.97	40.3366	3.62941
5644.1	6729.68	-1.81533	2220.83	64.7574	3.63322
5646.21	6731.75	-1.75786	2639.82	56.8565	3.61225
