0	0.110668	0	275.429	0	0	-0	0	0	0	0.00193157	0	-25.8047	0	-0.000193157	-0.000193157	0	-0.000193157
0	0.328186	0	-62.1535	0	0	-0	0	0	0.0150796	0.0296014	15.0796	-2.10211	0.0245567	-0.00148717	-0.00145218	-3.4993e-05	0.0230695
0	-0.0993531	0	-306.362	0	0	0	-0	0	0.0603186	0.0120417	30.1593	23.7553	0.0497198	0.00483395	0.00482769	6.2602e-06	0.0545537
0	0.0918027	0	167.69	0	-0	-0	-0	0	0.135717	0.00778481	45.2389	3.64397	0.0754892	0.0133137	0.0127932	0.00052052	0.0888029
0	-0.512867	0	229.939	0	0	0	0	0	0.241274	0.00725269	60.3186	-29.396	0.101865	0.0249575	0.0234022	0.0015553	0.126822
0	-0.100428	0	-4.69263	0	0	0	0	0	0.376991	0.0109775	75.3982	12.7419	0.11528	0.0316959	0.0294385	0.00225736	0.146976
0	0.55263	0	-112.432	0	0	-0	0	0	0.542867	0.0237482	90.4779	37.4022	0.156435	0.0577382	0.0519119	0.00582625	0.214174
0	-2.07341	0	646.53	0	0	0	-0	0	0.738903	0.0966476	105.558	60.1471	0.170457	0.0614304	0.0540468	0.00738361	0.231887
0	-4.4024	0	-347.063	0	0	0	0	0	0.965097	0.72454	120.637	144.184	0.213431	0.0354825	0.0240557	0.0114268	0.248914
0	-5.63565	0	-42.9998	0	0	0	0	0	1.22145	0.798504	135.717	71.1605	0.228059	0.0412485	0.0291	0.0121484	0.269308
0	-1.87339	0	572.31	0	0	0	0	0	1.50796	1.11618	150.796	143.226	0.272852	0.0530031	0.0391789	0.0138241	0.325855
0	0.105671	0	232.333	0	0	-0	0	0	1.80956	1.47429	150.796	188.237	0.275884	0.0341226	0.0184474	0.0156752	0.310007
0	-2.07186	0	-608.031	0	0	0	0	0	2.11115	2.04471	150.796	218.643	0.281948	0.00806119	-0.00843576	0.016497	0.290009
0	-0.974382	0	-26.2404	0	0	0	0	0	2.41274	2.59545	150.796	143.705	0.291043	-0.00252387	-0.0182705	0.0157466	0.288519
0	1.06082	0	598.646	0	0	-0	0	0	2.71434	2.72688	150.796	134.367	0.294074	-0.0011355	-0.016334	0.0151985	0.292939
0	2.14112	0	50.374	0	0	-0	0	0	3.01593	3.33296	150.796	163.337	0.303169	-0.018488	-0.0317027	0.0132147	0.284681
0	2.76537	0	-883.365	0	0	-0	0	0	3.31752	3.55165	150.796	135.086	0.306201	-0.0262292	-0.0384929	0.0122636	0.279972
0	4.67523	0	466.965	0	0	-0	0	0	3.61911	4.09441	150.796	163.816	0.315296	-0.0385393	-0.0475295	0.00899014	0.276757
0	4.67523	0	466.965	0	0	-0	0	0	3.76991	4.09441	150.796	163.816	0.315296	-0.0385393	-0.0475295	0.00899014	0.276757
0	4.08851	0	-1113.21	0	0	-0	0	0	4.0715	4.38015	150.796	146.578	0.324391	-0.0246559	-0.0308651	0.00620923	0.299735
0	1.18267	0	-282.42	0	0	-0	-0	0	4.3731	4.85852	150.796	152.084	0.330455	-0.0454406	-0.0485428	0.00310218	0.285014
0	2.54638	0	-105.249	0	0	-0	-0	0	4.67469	5.07296	150.796	87.441	0.336518	-0.0390877	-0.0398277	0.000740008	0.29743
0	4.22184	0	689.626	0	-0	-0	-0	0	4.97628	5.28528	150.796	91.2718	0.342581	-0.0323795	-0.0308997	-0.00147982	0.310202
0	4.95624	0	-540.994	0	0	-0	-0	0	5.27787	5.66308	150.796	154	0.348645	-0.0420324	-0.0385205	-0.00351196	0.306612
0	5.87909	0	69.5276	0	-0	-0	-0	0	5.57946	5.83069	150.796	125.509	0.354708	-0.0297904	-0.0251228	-0.00466758	0.324918
0	0.42715	0	-770.837	0	0	-0	-0	0	5.88106	6.42719	150.796	198.532	0.360771	-0.0623293	-0.0546134	-0.00771597	0.298442
0	0.645527	0	-205.806	0	0	-0	-0	0	6.18265	6.62939	150.796	214.813	0.363803	-0.0691085	-0.0597541	-0.00935437	0.294695
0	0.276803	0	294.583	0	-0	-0	-0	0	6.48424	7.13064	150.796	124.072	0.372898	-0.0792151	-0.0646402	-0.0145749	0.293683
0	1.8572	0	229.939	0	-0	-0	-0	0	6.78583	7.3403	150.796	131.016	0.378962	-0.0732788	-0.0554461	-0.0178327	0.305683
0	1.12725	0	285.006	0	-0	-0	-0	0	7.08743	7.47599	150.796	112.101	0.381993	-0.0734315	-0.0539354	-0.0194961	0.308562
0	6.74476	0	-126.797	0	0	-0	-0	0	7.38902	7.7596	150.796	105.398	0.388057	-0.0749779	-0.0521378	-0.0228401	0.313079
0	9.53069	0	-447.62	0	0	-0	-0	0	7.69061	7.9203	150.796	99.1726	0.397152	-0.048598	-0.0229687	-0.0256293	0.348554
0	14.4473	0	689.626	0	-0	-0	-0	0	7.9922	8.38004	150.796	143.465	0.403215	-0.0669694	-0.0387841	-0.0281853	0.336246
0	14.4242	0	-1316.72	0	0	-0	-0	0	8.2938	8.81265	150.796	201.884	0.409279	-0.0820453	-0.0518854	-0.0301599	0.327233
0	12.7441	0	-117.22	0	0	-0	-0	0	8.59539	8.95207	150.796	136.043	0.41231	-0.0824636	-0.0507471	-0.0317165	0.329847
0	4.41949	0	452.6	0	-0	-0	-0	0	8.89699	9.36552	150.796	109.707	0.421405	-0.0830728	-0.0468532	-0.0362196	0.338333
0	5.04087	0	-550.571	0	0	-0	-0	0	9.19858	9.63796	150.796	140.592	0.427469	-0.0824312	-0.0439381	-0.0384932	0.345037
0	1.72064	0	-445.226	0	0	-0	-0	0	9.50017	9.83697	150.796	157.831	0.4305	-0.0885707	-0.0487594	-0.0398113	0.34193
0	1.39745	0	91.0754	0	-0	-0	-0	0	9.80177	10.4941	150.796	174.59	0.439595	-0.113751	-0.0692362	-0.0445148	0.325844
0	3.76215	0	-646.339	0	0	-0	-0	0	10.1034	10.8661	150.796	145.86	0.445659	-0.124622	-0.0762717	-0.0483501	0.321037
0	7.5946	0	-110.038	0	0	-0	-0	0	10.405	11.2449	150.796	151.606	0.451722	-0.136684	-0.0839986	-0.0526857	0.315038
0	11.8604	0	205.997	0	-0	-0	-0	0	10.7065	11.5429	150.796	156.873	0.457786	-0.140966	-0.0836375	-0.0573284	0.31682
0	16.7534	0	-263.266	0	0	-0	-0	0	11.0081	11.5738	150.796	109.947	0.460817	-0.131482	-0.0716441	-0.0598376	0.329336
0	11.6428	0	-624.791	0	0	-0	-0	0	11.3097	12.1022	150.796	137.48	0.469913	-0.145222	-0.0792439	-0.0659781	0.324691
0	13.1915	0	541.185	0	-0	-0	-0	0	11.7621	12.455	150.796	120.002	0.475976	-0.154884	-0.0843635	-0.0705208	0.321092
0	6.95359	0	-1350.23	0	0	-0	-0	0	12.0637	12.6758	150.796	124.791	0.482039	-0.151792	-0.0762869	-0.0755053	0.330247
0	3.10505	0	-483.533	0	0	-0	-0	0	12.3653	12.8711	150.796	140.592	0.491134	-0.130484	-0.0505764	-0.0799079	0.36065
0	18.1873	0	-1355.02	0	0	-0	-0	0	12.6669	13.5016	150.796	172.196	0.497198	-0.16881	-0.0834723	-0.0853381	0.328387
0	25.6769	0	-957.585	0	0	-0	-0	0	12.9685	13.5767	150.796	71.1605	0.500229	-0.163738	-0.0758956	-0.0878423	0.336492
0	29.0323	0	-555.359	0	0	-0	-0	0	13.2701	14.1253	150.796	133.889	0.509325	-0.180108	-0.0855174	-0.0945906	0.329217
0	31.8677	0	-95.6722	0	0	-0	-0	0	13.5717	14.2487	150.796	121.918	0.512356	-0.179939	-0.0827826	-0.0971561	0.332418
0	20.4681	0	-380.582	0	0	-0	-0	0	13.8733	14.7356	150.796	183.927	0.521451	-0.190336	-0.086232	-0.104104	0.331115
0	17.5966	0	-339.881	0	0	-0	-0	0	14.1749	15.0703	150.796	194.701	0.527515	-0.198317	-0.0895425	-0.108774	0.329198
0	17.2202	0	-1467.55	0	0	-0	-0	0	14.4765	15.5396	150.796	136.522	0.533578	-0.220266	-0.106315	-0.113951	0.313312
0	20.0938	0	-485.927	0	0	-0	-0	0	14.7781	15.6519	150.796	68.048	0.539642	-0.207553	-0.0873837	-0.120169	0.332089
0	28.7592	0	-897.73	0	0	-0	-0	0	15.0797	15.9265	150.796	127.424	0.545705	-0.209527	-0.0846813	-0.124846	0.336178
0	26.2416	0	-476.35	0	0	-0	-0	0	15.3812	16.3213	150.796	142.747	0.551768	-0.223699	-0.0940047	-0.129694	0.328069
0	24.873	0	-2334.25	0	0	-0	-0	0	15.6828	16.5794	150.796	188.716	0.557832	-0.224351	-0.0896529	-0.134698	0.333481
0	27.1061	0	-277.632	0	0	-0	-0	0	15.9844	16.7965	150.796	83.6103	0.563895	-0.220703	-0.0812038	-0.1395	0.343192
0	37.9804	0	-184.258	0	0	-0	-0	0	16.286	17.1865	150.796	123.115	0.569959	-0.233983	-0.0900482	-0.143935	0.335976
0	45.5728	0	-540.994	0	0	-0	-0	0	16.5876	17.651	150.796	225.826	0.576022	-0.255655	-0.106342	-0.149312	0.320367
0	37.7708	0	-964.768	0	0	-0	-0	0	16.8892	17.9597	150.796	161.901	0.582085	-0.262762	-0.107045	-0.155716	0.319324
0	42.8778	0	-2243.27	0	0	-0	-0	0	17.1908	18.1417	150.796	83.3709	0.588149	-0.256572	-0.0950844	-0.161488	0.331576
0	48.4812	0	62.345	0	-0	-0	-0	0	17.4886	18.3492	143.256	124.791	0.582009	-0.252538	-0.0860544	-0.166483	0.329471
0	46.9156	0	-679.858	0	0	-0	-0	0	17.7601	18.6833	128.176	109.947	0.563212	-0.263752	-0.0923279	-0.171424	0.29946
0	50.7737	0	-1273.62	0	0	-0	-0	0	18.0013	18.7286	113.097	69.2451	0.543809	-0.249176	-0.0727236	-0.176453	0.294633
0	49.1011	0	555.551	0	-0	-0	-0	0	18.2125	18.7749	98.017	147.775	0.5238	-0.236407	-0.0562416	-0.180165	0.287393
0	37.6327	0	-2049.34	0	0	-0	-0	0	18.3934	18.9451	82.9373	-42.8035	0.503184	-0.238707	-0.0551737	-0.183533	0.264478
0	37.861	0	-1855.41	0	0	-0	-0	0	18.5442	18.9835	67.8576	44.5848	0.481962	-0.229113	-0.0439251	-0.185188	0.252849
0	49.5609	0	-414.101	0	0	-0	-0	0	18.6648	19.0558	52.778	42.6695	0.460134	-0.228062	-0.0390985	-0.188963	0.232072
0	54.7396	0	-914.489	0	0	-0	-0	0	18.7553	19.0372	37.6983	1.72861	0.4377	-0.219231	-0.0281885	-0.191042	0.218469
0	55.9069	0	-2408.47	0	0	-0	-0	0	18.8156	19.0766	22.6186	79.3008	0.414659	-0.218626	-0.0260942	-0.192532	0.196032
0	60.9083	0	335.284	0	-0	-0	-0	0	18.8458	18.7594	7.53894	-158.204	0.391011	-0.185257	0.00863533	-0.193893	0.205754
0	59.4315	0	-799.568	0	0	-0	-0	0	18.8496	18.6397	0	-59.0841	0.378962	-0.171975	0.0209848	-0.192959	0.206987
0	60.1328	0	-1948.78	0	0	-0	-0	0	18.8496	18.6424	0	35.7263	0.378962	-0.17116	0.0207188	-0.191879	0.207801
0	68.1402	0	-371.005	0	0	-0	-0	0	18.8496	18.3854	0	-154.613	0.378962	-0.143873	0.0464199	-0.190293	0.235089
0	71.9995	0	-1824.29	0	0	-0	-0	0	18.8496	18.297	0	49.6126	0.378962	-0.131913	0.0552528	-0.187166	0.247049
0	73.8847	0	-1108.42	0	0	-0	-0	0	18.8496	18.2513	0	-49.2679	0.378962	-0.123928	0.0598289	-0.183757	0.255034
0	77.9645	0	-1003.07	0	0	-0	-0	0	18.8496	18.2992	0	-1.38385	0.378962	-0.126922	0.05504	-0.181962	0.25204
0	83.0806	0	-2923.22	0	0	-0	-0	0	18.8496	18.3226	0	52.7251	0.378962	-0.124584	0.0526985	-0.177283	0.254377
0	83.7643	0	902.71	0	-0	-0	-0	0	18.8496	18.3875	0	48.8944	0.378962	-0.127935	0.0462067	-0.174142	0.251027
0	77.2105	0	-380.582	0	0	-0	-0	0	18.8496	18.404	0	-89.4905	0.378962	-0.128198	0.0445574	-0.172755	0.250764
0	74.6481	0	-2305.52	0	0	-0	-0	0	18.8496	18.421	0	85.2863	0.378962	-0.127367	0.0428543	-0.170221	0.251595
0	82.1865	0	-1446	0	0	-0	-0	0	18.8496	18.4168	0	-9.76356	0.378962	-0.122921	0.0432804	-0.166201	0.256041
0	77.5619	0	-1785.98	0	0	-0	-0	0	18.8496	18.4599	0	-29.8749	0.378962	-0.125932	0.0389702	-0.164903	0.253029
0	73.2634	0	-2415.65	0	0	-0	-0	0	18.8496	18.4918	0	42.6695	0.378962	-0.125458	0.0357773	-0.161236	0.253503
0	74.0898	0	-2224.12	0	0	-0	-0	0	18.8496	18.4955	0	23.5159	0.378962	-0.124757	0.035405	-0.160162	0.254204
0	93.5367	0	-409.313	0	0	-0	-0	0	18.8496	18.4205	0	-38.2546	0.378962	-0.113912	0.0429077	-0.15682	0.26505
0	98.4039	0	-1695	0	0	-0	-0	0	18.8496	18.4221	0	82.6526	0.378962	-0.11151	0.0427481	-0.154258	0.267452
0	96.0967	0	-1474.73	0	0	-0	-0	0	18.8496	18.5104	0	-13.1154	0.378962	-0.11906	0.0339151	-0.152975	0.259901
0	99.5251	0	-892.942	0	0	-0	-0	0	18.8496	18.4907	0	78.1037	0.378962	-0.114178	0.0358839	-0.150062	0.264784
0	103.554	0	-1575.29	0	0	-0	-0	0	18.8496	18.628	0	-3.05979	0.378962	-0.125854	0.0221554	-0.148009	0.253108
0	106.983	0	-442.832	0	0	-0	-0	0	18.8496	18.67	0	13.4602	0.378962	-0.128853	0.0179518	-0.146805	0.250109
0	100.427	0	-1220.95	0	0	-0	-0	0	18.8496	18.7174	0	9.39006	0.378962	-0.132813	0.013216	-0.146029	0.246148
0	100.957	0	-725.347	0	0	-0	-0	0	18.8496	18.5067	0	-21.0163	0.378962	-0.110524	0.0342875	-0.144812	0.268437
0	104.843	0	-291.997	0	0	-0	-0	0	18.8496	18.5604	0	-6.41167	0.378962	-0.11487	0.0289131	-0.143783	0.264092
0	111.217	0	-696.617	0	0	-0	-0	0	18.8496	18.4364	0	-88.054	0.378962	-0.0998612	0.0413116	-0.141173	0.2791
0	111.857	0	-50.1824	0	0	-0	-0	0	18.8496	18.4428	0	-46.3948	0.378962	-0.0992607	0.0406729	-0.139934	0.279701
0	115.317	0	-761.26	0	0	-0	-0	0	18.8496	18.5274	0	70.2028	0.378962	-0.104365	0.0322124	-0.136578	0.274596
0	120.565	0	-1000.68	0	0	-0	-0	0	18.8496	18.7371	0	21.8399	0.378962	-0.123706	0.0112469	-0.134953	0.255255
0	109.353	0	-1975.12	0	0	-0	-0	0	18.8496	18.5673	0	50.8098	0.378962	-0.10594	0.0282215	-0.134162	0.273021
0	103.621	0	-1395.72	0	0	-0	-0	0	18.8496	18.4194	0	-91.8847	0.378962	-0.0889404	0.0430141	-0.131955	0.290021
0	104.387	0	-1501.07	0	0	-0	-0	0	18.8496	18.5338	0	-2.34153	0.378962	-0.0980473	0.0315739	-0.129621	0.280914
0	114.006	0	-375.794	0	0	-0	-0	0	18.8496	18.5072	0	35.9657	0.378962	-0.0935755	0.0342342	-0.12781	0.285386
0	119.709	0	-1826.68	0	0	-0	-0	0	18.8496	18.5641	0	19.2063	0.378962	-0.0972181	0.0285408	-0.125759	0.281744
0	119.536	0	431.052	0	-0	-0	-0	0	18.8496	18.7525	0	155.915	0.378962	-0.114541	0.00970383	-0.124244	0.264421
0	124.197	0	-3102.79	0	0	-0	-0	0	18.8496	18.8728	0	-7.84819	0.378962	-0.126133	-0.00232201	-0.123811	0.252829
0	131.416	0	-1529.8	0	0	-0	-0	0	18.8496	18.7435	0	-62.1966	0.378962	-0.113386	0.0106087	-0.123995	0.265576
0	130.238	0	-277.632	0	0	-0	-0	0	18.8496	18.6988	0	46.7396	0.378962	-0.108123	0.0150784	-0.123202	0.270838
0	124.582	0	-2102.01	0	0	-0	-0	0	18.8496	18.7823	0	-15.9885	0.378962	-0.115857	0.00672417	-0.122581	0.263105
0	139.759	0	-478.745	0	0	-0	-0	0	18.8496	18.7068	0	106.116	0.378962	-0.107677	0.0142803	-0.121957	0.271285
0	130.209	0	-2518.6	0	0	-0	-0	0	18.8496	18.6817	0	-136.656	0.378962	-0.104291	0.0167812	-0.121072	0.274671
0	128.749	0	-1472.34	0	0	-0	-0	0	18.8496	18.5971	0	-5.21457	0.378962	-0.0946828	0.0252417	-0.119924	0.284279
0	134.607	0	-1280.8	0	0	-0	-0	0	18.8496	18.7392	0	110.186	0.378962	-0.107586	0.0110342	-0.118621	0.271375
0	143.593	0	-1733.31	0	0	-0	-0	0	18.8496	18.9196	0	26.1495	0.378962	-0.125434	-0.00700455	-0.11843	0.253528
0	141.288	0	-457.197	0	0	-0	-0	0	18.8496	18.7919	0	92.9477	0.378962	-0.11264	0.0057663	-0.118406	0.266322
0	128.614	0	-2276.79	0	0	-0	-0	0	18.8496	18.8643	0	-59.3235	0.378962	-0.119711	-0.00147038	-0.11824	0.259251
0	135.471	0	-849.846	0	0	-0	-0	0	18.8496	18.844	0	-41.1276	0.378962	-0.117731	0.000551605	-0.118282	0.261231
0	137.442	0	-1316.72	0	0	-0	-0	0	18.8496	18.8499	0	94.1448	0.378962	-0.1183	-3.37601e-05	-0.118266	0.267845
0	147.898	0	-1211.37	0	0	-0	-0	0	18.8496	18.7621	0	12.7419	0.378962	-0.109055	0.00874615	-0.117801	0.269907
0	134.874	0	-1639.93	0	0	-0	-0	0	18.8496	18.835	0	72.8364	0.378962	-0.115873	0.00145607	-0.117329	0.263089
0	149.826	0	-1422.06	0	0	-0	-0	0	18.8496	18.8526	0	-3.05979	0.378962	-0.117446	-0.000299835	-0.117146	0.261516
0	148.622	0	-521.84	0	0	-0	-0	0	18.8496	18.9228	0	-30.8325	0.378962	-0.124684	-0.00732365	-0.11736	0.254278
0	141.783	0	-2394.11	0	0	-0	-0	0	18.8496	18.8765	0	41.4724	0.378962	-0.120526	-0.00269432	-0.117832	0.258436
0	140.733	0	-1527.41	0	0	-0	-0	0	18.8496	18.8818	0	18.9669	0.378962	-0.121226	-0.00322647	-0.118	0.257736
0	152.693	0	-1769.22	0	0	-0	-0	0	18.8496	18.8387	0	29.2619	0.378962	-0.117034	0.00108376	-0.118118	0.261927
0	147.851	0	-1323.9	0	0	-0	-0	0	18.8496	18.7573	0	-42.0853	0.378962	-0.108581	0.00922508	-0.117806	0.270381
0	144.782	0	-1319.11	0	0	-0	-0	0	18.8496	18.8988	0	-5.69341	0.378962	-0.122463	-0.00492935	-0.117533	0.256499
0	148.431	0	-1802.74	0	0	-0	-0	0	18.8496	18.9111	0	89.117	0.378962	-0.124115	-0.00615311	-0.117961	0.254847
0	155.553	0	-2434.81	0	0	-0	-0	0	18.8496	18.8611	0	-66.0273	0.378962	-0.119475	-0.00115108	-0.118324	0.259486
0	152.51	0	-706.194	0	0	-0	-0	0	18.8496	18.794	0	-39.2122	0.378962	-0.112589	0.00555344	-0.118143	0.266373
0	145.123	0	-1848.23	0	0	-0	-0	0	18.8496	18.7956	0	74.9912	0.378962	-0.112582	0.00539379	-0.117976	0.266379
0	172.394	0	-1594.44	0	0	-0	-0	0	18.8496	18.7924	0	-18.3827	0.378962	-0.112001	0.00571289	-0.117714	0.266961
0	164.94	0	-1338.26	0	0	-0	-0	0	18.8496	18.7472	0	2.44687	0.378962	-0.107167	0.010236	-0.117403	0.271794
0	165.878	0	-2018.22	0	0	-0	-0	0	18.8496	18.7142	0	-20.0586	0.378962	-0.103185	0.0135351	-0.11672	0.275776
0	171.473	0	-1881.75	0	0	-0	-0	0	18.8496	18.6605	0	-3.53863	0.378962	-0.0968265	0.0189095	-0.115736	0.282135
0	169.026	0	-861.817	0	0	-0	-0	0	18.8496	18.6525	0	-2.58095	0.378962	-0.0948392	0.0197079	-0.114547	0.284122
0	155.745	0	-754.078	0	0	-0	-0	0	18.8496	18.6706	0	-9.04529	0.378962	-0.0954788	0.0178986	-0.113377	0.283483
0	161.239	0	-1374.18	0	0	-0	-0	0	18.8496	18.6849	0	41.9512	0.378962	-0.095979	0.0164618	-0.112441	0.282983
0	161.239	0	-1374.18	0	0	-0	-0	0	18.8496	18.6849	0	41.9512	0.378962	-0.095979	0.0164618	-0.112441	0.282983
0	176.509	0	-1161.09	0	0	-0	-0	0	18.8496	18.6567	0	9.15064	0.378962	-0.0921661	0.0192822	-0.111448	0.293972
0	170.467	0	-1864.99	0	0	-0	-0	0	18.8496	18.528	0	11.066	0.378962	-0.0770428	0.0321592	-0.109202	0.301919
0	175.156	0	-2068.49	0	0	-0	-0	0	18.8496	18.4652	0	-59.0841	0.378962	-0.0688041	0.038438	-0.107242	0.310158
0	180.546	0	-406.919	0	0	-0	-0	0	18.8496	18.4806	0	-59.0841	0.378962	-0.069194	0.036895	-0.106089	0.294166
0	179.041	0	-1855.41	0	0	-0	-0	0	18.8496	18.6786	0	15.8544	0.378962	-0.0867503	0.0171005	-0.103851	0.292211
0	177.907	0	-390.159	0	0	-0	-0	0	18.8496	18.8121	0	42.6695	0.378962	-0.0992161	0.00374432	-0.10296	0.279746
0	189.743	0	-2671.83	0	0	-0	-0	0	18.8496	18.8962	0	72.1181	0.378962	-0.107637	-0.00466309	-0.102974	0.271325
0	181.92	0	-2049.34	0	0	-0	-0	0	18.8496	18.6706	0	-66.7456	0.378962	-0.0851873	0.0178986	-0.103086	0.293774
0	175.619	0	-2109.2	0	0	-0	-0	0	18.8496	18.6317	0	-16.2279	0.378962	-0.0798938	0.0217829	-0.101677	0.299068
0	180.925	0	-1058.14	0	0	-0	-0	0	18.8496	18.7376	0	43.8666	0.378962	-0.0892605	0.0111938	-0.100454	0.289701
0	184.404	0	-71.7303	0	0	-0	-0	0	18.8496	18.7956	0	5.55934	0.378962	-0.0945452	0.00539398	-0.0999391	0.284417
0	172.416	0	-1996.67	0	0	-0	-0	0	18.8496	18.8871	0	76.4277	0.378962	-0.103526	-0.00375862	-0.0997672	0.275436
0	179.828	0	-993.498	0	0	-0	-0	0	18.8496	18.9866	0	77.146	0.378962	-0.114046	-0.0137089	-0.100337	0.264915
0	191.801	0	-687.04	0	0	-0	-0	0	18.8496	18.9478	0	-37.2969	0.378962	-0.110573	-0.00982437	-0.100749	0.268389
0	182.089	0	-2339.04	0	0	-0	-0	0	18.8496	18.7376	0	-101.461	0.378962	-0.0901949	0.0111938	-0.101389	0.288767
0	189.57	0	-857.028	0	0	-0	-0	0	18.8496	18.7094	0	-21.2557	0.378962	-0.0865961	0.0140141	-0.10061	0.292366
0	193.308	0	-2408.47	0	0	-0	-0	0	18.8496	18.7626	0	8.91123	0.378962	-0.0914968	0.00869293	-0.10019	0.29193
0	191.998	0	-1577.68	0	0	-0	-0	0	18.8496	18.7483	0	-14.3125	0.378962	-0.0894125	0.0101295	-0.099542	0.289549
0	185.892	0	-2686.2	0	0	-0	-0	0	18.8496	18.8887	0	0.770935	0.378962	-0.103008	-0.00391808	-0.0990901	0.275954
0	197.627	0	-1606.41	0	0	-0	-0	0	18.8496	18.992	0	59.9077	0.378962	-0.113624	-0.014241	-0.0993827	0.265338
0	190.779	0	-1481.92	0	0	-0	-0	0	18.8496	18.8824	0	-50.7044	0.378962	-0.103429	-0.0032795	-0.100149	0.275533
0	186.333	0	-1034.2	0	0	-0	-0	0	18.8496	18.8004	0	-18.3827	0.378962	-0.0954183	0.00491505	-0.100333	0.283543
0	200.434	0	-1259.25	0	0	-0	-0	0	18.8496	18.8079	0	46.2608	0.378962	-0.0958382	0.00416985	-0.100008	0.283123
0	198.613	0	-2853.79	0	0	-0	-0	0	18.8496	18.9271	0	46.7396	0.378962	-0.107688	-0.00774956	-0.0999383	0.271274
0	196.517	0	-1208.98	0	0	-0	-0	0	18.8496	18.8818	0	-8.56645	0.378962	-0.103494	-0.00322647	-0.100268	0.275468
0	206.08	0	-1453.18	0	0	-0	-0	0	18.8496	18.7355	0	-76.0829	0.378962	-0.0887799	0.0114067	-0.100187	0.290182
0	200.899	0	-2061.31	0	0	-0	-0	0	18.8496	18.6903	0	-10.003	0.378962	-0.0835868	0.0159298	-0.0995165	0.295375
0	199.725	0	-1194.61	0	0	-0	-0	0	18.8496	18.7084	0	6.27759	0.378962	-0.0845313	0.0141205	-0.0986518	0.29443
0	200.304	0	-2949.56	0	0	-0	-0	0	18.8391	18.7318	-12.5607	73.0758	0.358549	-0.0870861	0.010733	-0.0978191	0.271463
0	199.73	0	-1139.54	0	0	-0	-0	0	18.7989	18.727	-27.6402	-21.7346	0.333488	-0.0899094	0.00719185	-0.0971012	0.243578
0	189.875	0	-1649.51	0	0	-0	-0	0	18.7285	18.6929	-42.7196	-16.2279	0.30782	-0.093225	0.00356159	-0.0967866	0.214595
0	197.094	0	-1718.94	0	0	-0	-0	0	18.628	18.4764	-57.7991	-90.6876	0.281546	-0.0816104	0.0151667	-0.0967771	0.199935
0	210.782	0	-1776.4	0	0	-0	-0	0	18.4973	18.0975	-72.8785	-145.275	0.254665	-0.0557786	0.0399857	-0.0957642	0.198887
0	202.134	0	-2195.39	0	0	-0	-0	0	18.3365	17.7713	-87.958	-36.818	0.227179	-0.036786	0.0565205	-0.0933065	0.190393
0	207.985	0	-2430.02	0	0	-0	-0	0	18.1455	17.3845	-103.037	-222.129	0.199086	-0.0137452	0.0761061	-0.0898513	0.18534
0	218.173	0	-665.492	0	0	-0	-0	0	17.9244	17.0673	-118.117	-135.699	0.170386	0.000348493	0.0857046	-0.0853561	0.170735
0	215.573	0	-1034.2	0	0	-0	-0	0	17.6731	16.7576	-133.196	-142.881	0.14108	0.0109276	0.0915426	-0.080615	0.152008
0	204.228	0	-1491.49	0	0	-0	-0	0	17.3916	16.4442	-148.276	-104.335	0.111168	0.0191547	0.0947369	-0.0755821	0.130323
0	209.65	0	-660.704	0	0	-0	-0	0	17.0904	16.1031	-150.796	-55.2534	0.101059	0.0286126	0.0987286	-0.070116	0.129672
0	212.465	0	-2652.68	0	0	-0	-0	0	16.7888	15.6093	-150.796	-304.25	0.0949962	0.0535554	0.11795	-0.0643946	0.148552
0	207.136	0	-679.858	0	0	-0	-0	0	16.4872	15.1778	-150.796	-145.754	0.0889329	0.0735929	0.130945	-0.0573524	0.162526
0	218.467	0	-1252.07	0	0	-0	-0	0	16.1856	14.9772	-150.796	-129.234	0.0828696	0.0707483	0.120847	-0.0500987	0.153618
0	216.215	0	-2106.8	0	0	-0	-0	0	15.8841	14.7058	-150.796	-94.5183	0.0768063	0.0744117	0.117826	-0.0434142	0.151218
0	215.57	0	-1467.55	0	0	-0	-0	0	15.5825	14.5228	-150.796	-37.2969	0.0707429	0.0689138	0.105972	-0.0370579	0.139657
0	197.61	0	-2315.1	0	0	-0	-0	0	15.2809	14.3099	-150.796	-129.234	0.0646796	0.0659209	0.0970974	-0.0311765	0.130601
0	199.328	0	-2681.41	0	0	-0	-0	0	14.9793	13.9646	-150.796	-114.151	0.0586163	0.0755477	0.101473	-0.025925	0.134164
0	216.008	0	-847.452	0	0	-0	-0	0	14.6777	13.6762	-150.796	-124.685	0.052553	0.0800897	0.100154	-0.0200646	0.132643
0	206.607	0	-2446.78	0	0	-0	-0	0	14.3761	13.681	-150.796	-28.9172	0.0464897	0.0544286	0.0695164	-0.0150878	0.100918
0	207.296	0	-2358.19	0	0	-0	-0	0	14.0745	13.3734	-150.796	-97.1519	0.0404264	0.0591291	0.0701136	-0.0109845	0.0995555
0	207.965	0	-2892.1	0	0	-0	-0	0	13.7729	13.1467	-150.796	-113.672	0.0343631	0.0553265	0.0626226	-0.00729611	0.0896896
0	203.824	0	-2384.53	0	0	-0	-0	0	13.4713	12.7801	-150.796	-127.079	0.0282998	0.0651889	0.0691264	-0.00393748	0.0934887
0	199.74	0	-426.072	0	0	-0	-0	0	13.1698	12.5449	-150.796	-139.529	0.0222365	0.0622807	0.0624868	-0.000206186	0.0845171
0	187.224	0	-1941.6	0	0	-0	-0	0	12.8682	12.3523	-150.796	-58.8447	0.0161732	0.0543484	0.0515904	0.00275798	0.0705216
0	199.343	0	-1101.24	0	0	-0	-0	0	12.5666	12.0889	-150.796	-138.572	0.0101099	0.0530853	0.0477711	0.0053142	0.0631951
0	207.323	0	-1697.39	0	0	-0	-0	0	12.265	11.8372	-150.796	-8.56645	0.00404655	0.0504208	0.0427812	0.00763966	0.0544674
0	198.675	0	-2037.37	0	0	-0	-0	0	11.9634	11.5025	-150.796	-189.568	-0.00201676	0.0561169	0.046092	0.0100249	0.0541002
0	194.362	0	-1730.91	0	0	-0	-0	0	11.6618	11.1417	-150.796	-201.539	-0.00808007	0.0644101	0.0520104	0.0123997	0.05633
0	200.153	0	-416.495	0	0	-0	-0	0	11.3602	10.8757	-150.796	-83.505	-0.0141434	0.0634558	0.0484571	0.0149987	0.0493124
0	199.77	0	-1853.02	0	0	-0	-0	0	11.0586	10.7559	-150.796	-78.2377	-0.0202067	0.0478282	0.0302708	0.0175575	0.0276215
0	194.233	0	-1759.64	0	0	-0	-0	0	10.757	10.525	-150.796	14.4179	-0.02627	0.0419938	0.0232056	0.0187882	0.0157238
0	175.341	0	-2439.6	0	0	-0	-0	0	10.4555	10.2701	-150.796	-214.468	-0.0323333	0.038272	0.0185349	0.0197371	0.00593865
0	170.675	0	-1163.49	0	0	-0	-0	0	10.1539	10.0317	-150.796	-122.291	-0.0383966	0.0326604	0.0122147	0.0204457	-0.00573627
0	176.509	0	-2872.95	0	0	-0	-0	0	9.85228	9.48152	-150.796	-219.974	-0.0444599	0.0580092	0.0370761	0.0209331	0.0135493
0	181.484	0	-2351.01	0	0	-0	-0	0	9.55069	9.16065	-150.796	-85.4203	-0.0505232	0.0617353	0.0390036	0.0227318	0.0112121
0	180.061	0	-1443.61	0	0	-0	-0	0	9.2491	8.92067	-150.796	-36.3392	-0.0565865	0.0574268	0.0328429	0.0245839	0.00084025
0	179.401	0	-2195.39	0	0	-0	-0	0	8.94751	8.63493	-150.796	-249.423	-0.0626499	0.05764	0.0312586	0.0263814	-0.00500985
0	177.019	0	-2446.78	0	0	-0	-0	0	8.64592	8.3428	-150.796	-75.8435	-0.0687132	0.0581916	0.0303126	0.027879	-0.0105216
0	175.722	0	-1017.44	0	0	-0	-0	0	8.34433	8.11026	-150.796	-110.081	-0.0747765	0.0526118	0.023407	0.0292048	-0.0221647
0	170.754	0	-1920.05	0	0	-0	-0	0	8.04274	7.93573	-150.796	-90.2087	-0.0808398	0.0404554	0.0107015	0.0297539	-0.0403844
0	162.217	0	-1972.73	0	0	-0	-0	0	7.74115	7.62391	-150.796	-100.264	-0.0869031	0.0417726	0.0117242	0.0300484	-0.0451305
0	156.187	0	-1692.6	0	0	-0	-0	0	7.43957	7.41426	-150.796	-140.248	-0.0929664	0.0331238	0.00253057	0.0305932	-0.0598427
0	155.825	0	-1972.73	0	0	-0	-0	0	7.13798	7.08329	-150.796	-109.362	-0.0990297	0.0365072	0.00546904	0.0310381	-0.0625226
0	154.51	0	-1570.5	0	0	-0	-0	0	6.83639	6.79488	-150.796	-208.482	-0.105093	0.0353391	0.00415068	0.0311885	-0.0697539
0	161.036	0	-1520.22	0	0	-0	-0	0	6.5348	6.42347	-150.796	-120.136	-0.111156	0.0422566	0.0111332	0.0311234	-0.0688998
0	155.682	0	-1084.48	0	0	-0	-0	0	6.23321	6.20583	-150.796	-157.007	-0.11722	0.0338622	0.00273771	0.0311244	-0.0833575
0	154.168	0	-2676.62	0	0	-0	-0	0	5.93162	6.05312	-150.796	-136.656	-0.120251	0.0341365	0.00292993	0.0312066	-0.0938151
0	146.355	0	-1410.09	0	0	-0	-0	0	5.63003	5.76418	-150.796	-141.205	-0.129346	0.017298	-0.0134147	0.0307127	-0.112048
0	138.589	0	-1362.2	0	0	-0	-0	0	5.32844	5.5955	-150.796	-162.274	-0.13541	0.00260553	-0.0267056	0.0293112	-0.132804
0	131.157	0	-1972.73	0	0	-0	-0	0	5.02685	5.16289	-150.796	-114.151	-0.141473	0.0142641	-0.0136038	0.0278678	-0.127209
0	131.495	0	-1544.16	0	0	-0	-0	0	4.72526	4.75636	-150.796	-263.31	-0.147536	0.0235627	-0.00310931	0.026672	-0.123973
0	131.104	0	-1446	0	0	-0	-0	0	4.42368	4.5648	-150.796	-138.093	-0.150568	0.027546	0.000967264	0.0265788	-0.123022
0	133.327	0	-615.214	0	0	-0	-0	0	4.12209	4.33014	-150.796	-63.1543	-0.156631	0.0207527	-0.00572543	0.0264781	-0.144636
0	126.011	0	-3119.55	0	0	-0	-0	0	3.8205	3.8358	-150.796	-70.8157	-0.165726	0.0238089	-0.0015305	0.0253394	-0.141917
0	123.548	0	-1041.38	0	0	-0	-0	0	3.51891	3.60965	-150.796	-111.038	-0.171789	0.0156018	-0.00907462	0.0246764	-0.156188
0	121.479	0	-1340.66	0	0	-0	-0	0	3.21732	3.5192	-150.796	-174.485	-0.174821	0.00929605	-0.0151082	0.0244042	-0.161634
0	113.489	0	-2006.25	0	0	-0	-0	0	2.91573	2.84075	-150.796	-155.81	-0.183916	0.030832	0.00749786	0.0233341	-0.153084
0	107.125	0	-2154.69	0	0	-0	-0	0	2.61414	2.55607	-150.796	-168.26	-0.189979	0.0292657	0.00580697	0.0234587	-0.160714
0	105.055	0	-1604.02	0	0	-0	-0	0	2.31255	2.16657	-150.796	-124.685	-0.196043	0.0380119	0.0145987	0.0234132	-0.158031
0	102.496	0	-1716.55	0	0	-0	-0	0	2.01096	1.61796	-150.796	-240.804	-0.202106	0.0634799	0.0393006	0.0241793	-0.138626
0	111.909	0	-1369.39	0	0	-0	-0	0	1.70937	1.34445	-150.796	-112.714	-0.208169	0.0625399	0.0364923	0.0260476	-0.145629
0	115.588	0	-1326.29	0	0	-0	-0	0	1.40945	1.21834	-145.788	-106.01	-0.206143	0.0466446	0.0191109	0.0275337	-0.159498
0	113.159	0	-1405.3	0	0	-0	-0	0	1.13296	1.11192	-130.708	-119.657	-0.196872	0.0436586	0.0155516	0.0281071	-0.147512
0	99.4638	0	-1086.87	0	0	-0	-0	0	0.886624	0.837348	-115.629	-117.503	-0.177874	0.0457818	0.0168673	0.0289145	-0.132092
0	106.369	0	-1309.53	0	0	-0	-0	0	0.670449	0.56065	-100.549	-170.893	-0.15827	0.0514063	0.0214117	0.0299946	-0.0914053
0	99.7981	0	-66.9419	0	0	-0	-0	0	0.484433	0.38186	-85.4697	43.8666	-0.127727	0.0419559	0.0102573	0.0316987	-0.0857712
0	99.1112	0	-2556.91	0	0	-0	-0	0	0.328575	0.366961	-70.3903	-46.6343	-0.117243	0.0355837	0.00357732	0.0320064	-0.0816593
0	87.7688	0	-718.165	0	0	-0	-0	0	0.202875	0.21052	-55.3108	102.285	-0.0848812	0.0315368	-0.000764437	0.0323013	-0.0533444
0	92.1367	0	-2731.69	0	0	-0	-0	0	0.107334	0.287676	-40.2314	-25.3259	-0.0625488	0.0140043	-0.0180342	0.0320385	-0.0485444
0	87.3269	0	-713.376	0	0	-0	-0	0	0.0419519	0.157841	-25.1519	-77.28	-0.03961	0.0193087	-0.0115889	0.0308976	-0.0203013
0	81.9464	0	-193.835	0	0	-0	-0	0	0.00672793	0.158905	-10.0725	43.1483	-0.0160649	0.014823	-0.0152177	0.0300407	-0.00124191
0	78.1716	0	-1881.75	0	0	-0	-0	0	0	0.168483	0	-49.0285	0	0.0122001	-0.0168483	0.0290484	0.0122001
0	74.4943	0	-1108.42	0	0	-0	-0	0	0	0.198813	0	80.019	0	0.00818174	-0.0198813	0.0280631	0.00818174
0	70.1134	0	-1793.16	0	0	-0	-0	0	0	0.179657	0	-74.6464	0	0.00900184	-0.0179657	0.0269676	0.00900184
0	67.0383	0	-1424.45	0	0	-0	-0	0	0	0.172208	0	4.84108	0	0.00861298	-0.0172208	0.0258337	0.00861298
0	69.0339	0	-1077.3	0	0	-0	-0	0	0	0.153052	0	17.0515	0	0.010012	-0.0153052	0.0253171	0.010012
0	63.4273	0	-773.231	0	0	-0	-0	0	0	0.152519	0	6.2776	0	0.00901336	-0.0152519	0.0242653	0.00901336
0	61.1751	0	-1505.86	0	0	-0	-0	0	0	0.264795	0	50.3309	0	-0.00330174	-0.0264795	0.0231778	-0.00330174
0	61.6831	0	-1541.77	0	0	-0	-0	0	0	0.242446	0	-44.7189	0	-0.00257741	-0.0242446	0.0216672	-0.00257741
0	58.1802	0	-1661.48	0	0	-0	-0	0	0	0.14507	0	35.2474	0	0.00593544	-0.014507	0.0204424	0.00593544
0	56.5341	0	-1469.94	0	0	-0	-0	0	0	0.186043	0	24.713	0	0.00140296	-0.0186043	0.0200072	0.00233475
0	52.1107	0	-689.434	0	0	-0	-0	0	0	0.119528	0	-33.7056	0	0.00643746	-0.0119528	0.0183903	0.00643746
0	48.8927	0	-1888.93	0	0	-0	-0	0	0	0.128042	0	-7.12993	0	0.00491041	-0.0128042	0.0177146	0.00491041
0	45.8136	0	-574.513	0	0	-0	-0	0	0	0.163162	0	50.0915	0	0.000658948	-0.0163162	0.0169751	0.000658948
0	40.4129	0	-2607.19	0	0	-0	-0	0	0	0.139749	0	6.27759	0	0.0020963	-0.0139749	0.0160712	0.0020963
0	36.8871	0	-1091.66	0	0	-0	-0	0	0	0.12751	0	-28.4383	0	0.00245612	-0.012751	0.0152071	0.00245612
0	34.553	0	-569.724	0	0	-0	-0	0	0	0.124317	0	-12.6366	0	0.00190817	-0.0124317	0.0143399	0.00190817
0	30.955	0	-1235.31	0	0	-0	-0	0	0	0.115272	0	-30.8325	0	0.00207005	-0.0115272	0.0135972	0.00207005
0	28.1518	0	-971.95	0	0	-0	-0	0	0	0.0801521	0	55.3587	0	0.00502445	-0.00801521	0.0130397	0.00502445
0	22.6828	0	-2190.6	0	0	-0	-0	0	0	0.0732347	0	-21.0163	0	0.00532947	-0.00732347	0.0126529	0.00532947
0	20.4631	0	-1019.83	0	0	-0	-0	0	0	0.0588676	0	-12.1578	0	0.00631559	-0.00588676	0.0122024	0.00631559
0	21.0265	0	-1651.9	0	0	-0	-0	0	0	0.0854733	0	50.0915	0	0.00319806	-0.00854733	0.0117454	0.00319806
0	19.1196	0	-663.098	0	0	-0	-0	0	0	0.115272	0	-11.9183	0	-0.000379215	-0.0115272	0.0111479	-0.000379215
0	18.2232	0	-1474.73	0	0	-0	-0	0	0	0.133896	0	32.8532	0	-0.00292047	-0.0133896	0.0104691	-0.00292047
0	16.1373	0	-1376.57	0	0	-0	-0	0	0	0.114207	0	-1.86269	0	-0.0016353	-0.0114207	0.00978543	-0.0016353
0	14.4937	0	-1457.97	0	0	-0	-0	0	0	0.0987761	0	-2.82037	0	-0.000727929	-0.00987761	0.00914968	-0.000727929
0	12.8612	0	-1565.71	0	0	-0	-0	0	0	0.120593	0	13.2208	0	-0.00320592	-0.0120593	0.00885335	0.000210302
0	10.2492	0	-708.588	0	0	-0	-0	0	0	0.100372	0	-11.2001	0	-0.00213513	-0.0100372	0.00790211	-0.00213513
0	9.18408	0	-2092.44	0	0	-0	-0	0	0	0.117932	0	6.03818	0	-0.00419222	-0.0117932	0.00760099	-0.00694053
0	5.28156	0	-476.35	0	0	-0	-0	0	0	0.142409	0	34.5292	0	-0.00777157	-0.0142409	0.00646936	-0.00777157
0	2.3425	0	-2315.1	0	0	-0	-0	0	0	0.0977118	0	-21.974	0	-0.00405411	-0.00977118	0.00571707	-0.00405411
0	0.294421	0	-907.307	0	0	-0	-0	0	0	0.0429042	0	-27.2412	0	0.000886671	-0.00429042	0.00517709	0.000886671
0	-0.0713017	0	167.69	0	0	0	-0	0	0	-0.0113712	0	-32.2691	0	0.00606637	0.00113712	0.00492925	0.00606637
0	-1.6378	0	-315.939	0	0	0	-0	0	0	-0.0214814	0	-20.7769	0	0.00713603	0.00214814	0.0049879	0.00713603
0	-0.387943	0	601.04	0	0	0	-0	0	0	-0.00977491	0	28.3043	0	0.00614855	0.000977491	0.00517106	0.00614855
0	-0.957915	0	-1204.19	0	0	0	-0	0	0	-0.0166924	0	13.4602	0	0.00698036	0.00166924	0.00531112	0.00698036
0	-0.747331	0	598.646	0	0	0	-0	0	0	-0.0236098	0	-3.53863	0	0.00778503	0.00236098	0.00542405	0.00778503
0	-0.0499235	0	167.69	0	0	0	-0	0	0	-0.000728994	0	10.8266	0	0.00556778	7.28994e-05	0.00549488	0.00780484
0	-0.35305	0	656.107	0	0	0	-0	0	0	-0.0092428	0	-3.53863	0	0.00646563	0.00092428	0.00554135	0.00646563
0	0.329217	0	-19.0578	0	0	-0	-0	0	0	0.00139946	0	-36.5786	0	0.00544728	-0.000139946	0.00558722	0.00544728
0	0.197271	0	-83.7013	0	0	-0	-0	0	0	0.013638	0	62.7808	0	0.00427568	-0.0013638	0.00563949	0.00427568
0	0.0545595	0	644.136	0	-0	-0	-0	0	0	-0.00977491	0	-3.29921	0	0.00657607	0.000977491	0.00559857	0.00657607
0	-0.490226	0	-241.719	0	0	0	-0	0	0	-0.03372	0	-4.25689	0	0.0090362	0.003372	0.0056642	0.0090362
0	0.341435	0	864.403	0	-0	-0	-0	0	0	-0.0241419	0	-13.8337	0	0.00817695	0.00241419	0.00576276	0.00817695
0	-0.893915	0	-505.081	0	0	0	-0	0	0	-0.00126111	0	2.44688	0	0.00598743	0.000126111	0.00586132	0.00598743
0	0.0132527	0	715.962	0	-0	-0	-0	0	0	0.0115096	0	54.6405	0	0.0047722	-0.00115096	0.00592316	0.0047722
0	0.408504	0	790.182	0	-0	-0	-0	0	0	-0.015096	0	-27.0018	0	0.00739823	0.0015096	0.00588863	0.00563434
0	-0.8585	0	268.246	0	0	0	-0	0	0	-0.015096	0	24.2341	0	0.00744151	0.0015096	0.00593191	0.00744151
0	-0.186754	0	608.223	0	0	0	-0	0	0	0.0104454	0	7.4747	0	0.00493266	-0.00104454	0.00597719	0.00782794
0	-0.388592	0	-9.48104	0	0	0	-0	0	0	-0.0113712	0	7.95354	0	0.00714004	0.00113712	0.00600291	0.00714004
0	0.199678	0	234.728	0	-0	-0	-0	0	0	0.00618847	0	-15.5096	0	0.00547145	-0.000618847	0.00609029	0.00547145
