0	1.13769	0	239.636	0	0	-0	0	0	0	-0.00495397	0	24.5717	0	0	0	0	0
0	-0.0151339	0	-665.373	0	0	0	-0	0	0.0150796	-0.00708242	15.0796	-22.8335	0.021525	0	0	0	0.021525
0	-0.0832709	0	-93.1584	0	0	0	-0	0	0.0603186	-0.00867876	30.1593	-22.5941	0.0436564	0	0	0	0.0436564
0	0.335836	0	787.908	0	-0	-0	-0	0	0.135717	-0.0139999	45.2389	35.8244	0.0549495	0	0	0	0.0549495
0	-0.360437	0	-392.434	0	0	0	-0	0	0.241274	-0.0187889	60.3186	-1.76453	0.0779903	0	0	0	0.0779903
0	0.403742	0	129.502	0	-0	-0	-0	0	0.376991	-0.00442186	75.3982	14.516	0.113689	0	0	0	0.113689
0	0.611176	0	282.731	0	-0	-0	-0	0	0.542867	0.00196349	90.4779	27.4447	0.125891	0	0	0	0.125891
0	1.42113	0	742.418	0	-0	-0	-0	0	0.738903	0.0759271	105.558	53.3021	0.163408	0	0	0	0.163408
0	1.69232	0	-277.512	0	0	-0	-0	0	0.965097	0.13712	120.637	14.516	0.176217	0	0	0	0.176217
0	2.67386	0	129.502	0	-0	-0	-0	0	1.22145	0.239286	135.717	23.1352	0.215553	0	0	0	0.215553
0	4.21141	0	572.43	0	-0	-0	-0	0	1.50796	0.403176	150.796	93.2853	0.228969	0	0	0	0.228969
0	4.87387	0	155.839	0	-0	-0	-0	0	1.80956	0.653269	150.796	132.071	0.245567	0	0	0	0.245567
0	7.26243	0	110.349	0	-0	-0	-0	0	2.11115	1.11195	150.796	168.224	0.254662	0	0	0	0.254662
0	8.41912	0	-318.213	0	0	-0	-0	0	2.41274	1.37588	150.796	90.8911	0.260726	0	0	0	0.260726
0	10.7275	0	514.969	0	-0	-0	-0	0	2.71434	1.47592	150.796	174.209	0.263757	0	0	0	0.263757
0	12.3961	0	-308.637	0	0	-0	-0	0	3.01593	2.00484	150.796	145.479	0.272852	0	0	0	0.272852
0	11.5525	0	-445.106	0	0	-0	-0	0	3.31752	2.10594	150.796	75.3288	0.278916	0	0	0	0.278916
0	8.77197	0	57.6763	0	-0	-0	-0	0	3.61911	2.4832	150.796	171.576	0.281948	0	0	0	0.281948
0	6.08354	0	-660.584	0	0	-0	-0	0	3.76991	2.64284	150.796	105.975	0.284979	0	0	0	0.284979
0	3.04424	0	-356.521	0	0	-0	-0	0	4.0715	3.26541	150.796	157.45	0.294074	0	0	0	0.294074
0	2.9628	0	522.151	0	-0	-0	-0	0	4.3731	3.5006	150.796	226.163	0.297106	0	0	0	0.297106
0	0.270837	0	-411.587	0	0	-0	-0	0	4.67469	3.80018	150.796	135.663	0.303169	0	0	0	0.303169
0	0.819514	0	196.54	0	-0	-0	-0	0	4.97628	4.19288	150.796	143.803	0.309233	0	0	0	0.309233
0	-1.38111	0	383.288	0	0	0	-0	0	5.27787	4.60953	150.796	185.941	0.318328	0	0	0	0.318328
0	-2.25098	0	174.992	0	0	0	-0	0	5.57946	5.10599	150.796	157.45	0.324391	0	0	0	0.324391
0	-3.58959	0	529.334	0	0	0	-0	0	5.88106	5.2156	150.796	80.3566	0.327423	0	0	0	0.327423
0	-5.95984	0	-832.967	0	0	0	-0	0	6.18265	5.73548	150.796	196.475	0.336518	0	0	0	0.336518
0	-5.97991	0	287.52	0	0	0	-0	0	6.48424	5.98238	150.796	241.008	0.33955	0	0	0	0.33955
0	-4.5651	0	404.836	0	0	0	-0	0	6.78583	6.41818	150.796	128.719	0.348645	0	0	0	0.348645
0	-2.6288	0	-346.944	0	0	0	-0	0	7.08743	6.58792	150.796	126.804	0.351676	0	0	0	0.351676
0	8.59721	0	-722.833	0	0	-0	-0	0	7.38902	7.16686	150.796	131.353	0.360771	0	0	0	0.360771
0	11.1546	0	139.079	0	-0	-0	-0	0	7.69061	7.34299	150.796	192.645	0.363803	0	0	0	0.363803
0	11.0168	0	-253.57	0	0	-0	-0	0	7.9922	7.8304	150.796	258.246	0.372898	0	0	0	0.372898
0	11.0781	0	210.905	0	-0	-0	-0	0	8.2938	8.30345	150.796	123.692	0.37593	0	-0	0	0.37593
0	12.8798	0	50.4938	0	-0	-0	-0	0	8.59539	8.67859	150.796	204.855	0.381993	0	-0	0	0.381993
0	12.1285	0	-1069.99	0	0	-0	-0	0	8.89699	9.21443	150.796	91.8488	0.391088	0	-0	0	0.391088
0	15.9383	0	-339.761	0	0	-0	-0	0	9.19858	9.36289	150.796	133.747	0.39412	0	-0	0	0.39412
0	13.8932	0	64.8589	0	-0	-0	-0	0	9.50017	10.6469	150.796	312.594	0.403215	0	-0	0	0.403215
0	9.69236	0	-1225.62	0	0	-0	-0	0	9.80177	10.773	150.796	169.66	0.406247	0	-0	0	0.406247
0	11.6678	0	1161.4	0	-0	-0	-0	0	10.1034	11.1013	150.796	240.289	0.415342	0	-0	0	0.415342
0	12.6416	0	-1584.75	0	0	-0	-0	0	10.405	12.0799	150.796	319.059	0.421405	0	-0	0	0.421405
0	12.5045	0	-789.871	0	0	-0	-0	0	10.7065	12.7493	150.796	274.526	0.427469	0	-0	0	0.427469
0	13.9961	0	-619.883	0	0	-0	-0	0	11.0081	13.1052	150.796	326.481	0.4305	0	-0	0	0.4305
0	21.8524	0	289.914	0	-0	-0	-0	0	11.3097	13.7507	150.796	303.017	0.436564	0	-0	0	0.436564
0	16.0993	0	-1177.73	0	0	-0	-0	0	11.7621	14.3094	150.796	138.536	0.445659	0	-0	0	0.445659
0	14.9602	0	-500.173	0	0	-0	-0	0	12.0637	14.8617	150.796	273.808	0.454754	0	-0	0	0.454754
0	18.5633	0	225.271	0	-0	-0	-0	0	12.3653	15.8451	150.796	367.421	0.460817	-0	-0	-0	0.460817
0	18.6545	0	426.383	0	-0	-0	-0	0	12.6669	16.0569	150.796	387.533	0.463849	-0	-0	-0	0.463849
0	13.9427	0	-2848.88	0	0	-0	-0	0	12.9685	17.2041	150.796	424.403	0.472944	-0	-0	-0	0.472944
0	22.0868	0	-2525.67	0	0	-0	-0	0	13.2701	17.6335	150.796	408.841	0.475976	-0	-0	-0	0.475976
0	34.1648	0	-81.1874	0	0	-0	-0	0	13.5717	18.5748	150.796	277.878	0.485071	-0	-0	-0	0.485071
0	25.2096	0	-1955.85	0	0	-0	-0	0	13.8733	18.9915	150.796	418.418	0.488103	-0	-0	-0	0.488103
0	51.2803	0	-2161.75	0	0	-0	-0	0	14.1749	19.92	150.796	381.547	0.494166	-0	-0	-0	0.494166
0	31.7081	0	-631.854	0	0	-0	-0	0	14.4765	20.9076	150.796	383.702	0.503261	-0	-0	-0	0.503261
0	19.4165	0	-2621.44	0	0	-0	-0	0	14.7781	21.2609	150.796	302.539	0.506293	-0	-0	-0	0.506293
0	34.6938	0	-904.793	0	0	-0	-0	0	15.0797	22.2134	150.796	279.315	0.515388	-0	-0	-0	0.515388
0	58.1347	0	-703.68	0	0	-0	-0	0	15.3812	23.0073	150.796	358.802	0.521451	-0	-0	-0	0.521451
0	55.8925	0	-1972.61	0	0	-0	-0	0	15.6828	23.7097	150.796	350.662	0.527515	-0	-0	-0	0.527515
0	50.6599	0	-2410.75	0	0	-0	-0	0	15.9844	24.1173	150.796	432.783	0.530547	-0	-0	-0	0.530547
0	39.9121	0	-1225.62	0	0	-0	-0	0	16.286	24.8479	150.796	165.83	0.539642	-0	-0	-0	0.539642
0	49.3543	0	-2561.58	0	0	-0	-0	0	16.5876	25.6982	150.796	385.617	0.545705	-0	-0	-0	0.545705
0	57.6141	0	-1706.85	0	0	-0	-0	0	16.8892	26.5304	150.796	493.117	0.551768	-0	-0	-0	0.551768
0	53.8039	0	-198.503	0	0	-0	-0	0	17.1908	26.8572	150.796	359.042	0.5548	-0	-0	-0	0.5548
0	71.1471	0	-844.938	0	0	-0	-0	0	17.4886	27.5824	143.256	258.964	0.553208	-0	-0	-0	0.553208
0	68.676	0	-3054.79	0	0	-0	-0	0	17.7601	28.2103	128.176	416.742	0.537443	-0	-0	-0	0.537443
0	66.999	0	-2235.97	0	0	-0	-0	0	18.0013	28.4577	113.097	301.341	0.529333	-0	-0	-0	0.529333
0	74.7817	0	-4129.78	0	0	-0	-0	0	18.2125	29.4177	98.017	353.296	0.504094	-0	-0	-0	0.504094
0	61.8515	0	-2925.5	0	0	-0	-0	0	18.3934	29.7976	82.9373	366.464	0.495378	-0	-0	-0	0.495378
0	63.3074	0	-2827.34	0	0	-0	-0	0	18.5442	30.301	67.8576	241.726	0.46832	-0	-0	-0	0.46832
0	69.6802	0	-3140.98	0	0	-0	-0	0	18.6648	30.69	52.778	164.872	0.449523	-0	-0	-0	0.449523
0	90.5561	0	-3026.06	0	0	-0	-0	0	18.7553	30.9789	37.6983	155.774	0.43012	-0	-0	-0	0.43012
0	84.3112	0	-904.793	0	0	-0	-0	0	18.8156	31.1401	22.6186	202.221	0.420192	-0	-0	-0	0.420192
0	90.7895	0	-3440.25	0	0	-0	-0	0	18.8458	31.4754	7.53894	288.173	0.389496	-0	-0	-0	0.389496
0	104.477	0	-3701.22	0	0	-0	-0	0	18.8496	31.6536	0	-66.408	0.378962	0	-0	-0	0.378962
0	124.437	0	-2678.9	0	0	-0	-0	0	18.8496	31.2939	0	-46.0573	0.378962	0	-0	-0	0.378962
0	131.74	0	-1948.66	0	0	-0	-0	0	18.8496	31.6419	0	205.095	0.378962	-0	-0	-0	0.378962
0	130.254	0	-3392.37	0	0	-0	-0	0	18.8496	31.7111	0	-12.5384	0.378962	0	-0	-0	0.378962
0	131.011	0	-2724.39	0	0	-0	-0	0	18.8496	31.5956	0	74.3711	0.378962	-0	-0	-0	0.378962
0	145.686	0	-2506.51	0	0	-0	-0	0	18.8496	31.6611	0	-25.4671	0.378962	0	-0	-0	0.378962
0	147.757	0	-4263.86	0	0	-0	-0	0	18.8496	31.6738	0	142.606	0.378962	-0	-0	-0	0.378962
0	135.354	0	-2544.82	0	0	-0	-0	0	18.8496	31.7978	0	11.8824	0.378962	-0	-0	-0	0.378962
0	129.658	0	-1989.37	0	0	-0	-0	0	18.8496	31.7717	0	14.2766	0.378962	-0	-0	-0	0.378962
0	130.507	0	-3133.79	0	0	-0	-0	0	18.8496	31.4807	0	-117.404	0.378962	0	-0	-0	0.378962
0	146.122	0	-1838.53	0	0	-0	-0	0	18.8496	27.0806	0	30.7966	0.378962	-0	-0	-0	0.378962
0	147.451	0	-5398.71	0	0	-0	-0	0	18.8496	31.7026	0	-3.44048	0.378962	0	-0	-0	0.378962
0	163.202	0	-3136.19	0	0	-0	-0	0	18.8496	31.3806	0	-128.178	0.378962	0	-0	-0	0.378962
0	157.545	0	-2516.09	0	0	-0	-0	0	18.8496	31.0385	0	92.3276	0.378962	-0	-0	-0	0.378962
0	173.34	0	-4745.09	0	0	-0	-0	0	18.8496	31.3689	0	85.3844	0.378962	-0	-0	-0	0.378962
0	186.371	0	-3564.75	0	0	-0	-0	0	18.8496	31.536	0	79.8777	0.378962	-0	-0	-0	0.378962
0	181.596	0	-3002.11	0	0	-0	-0	0	18.8496	31.2838	0	-120.996	0.378962	0	-0	-0	0.378962
0	186.839	0	-1781.07	0	0	-0	-0	0	18.8496	31.3136	0	-0.328009	0.378962	0	-0	-0	0.378962
0	171.511	0	-5094.65	0	0	-0	-0	0	18.8496	31.5073	0	-32.4103	0.378962	0	-0	-0	0.378962
0	174.477	0	-3955.01	0	0	-0	-0	0	18.8496	31.4418	0	-28.5796	0.378962	0	-0	-0	0.378962
0	186.695	0	-2446.66	0	0	-0	-0	0	18.8496	31.3232	0	-153.078	0.378962	0	-0	-0	0.378962
0	191.66	0	-2494.54	0	0	-0	-0	0	18.8496	31.254	0	-23.3123	0.378962	0	-0	-0	0.378962
0	213.655	0	-4991.7	0	0	-0	-0	0	18.8496	31.0364	0	-42.7054	0.378962	0	-0	-0	0.378962
0	234.592	0	-3059.57	0	0	-0	-0	0	18.8496	31.2529	0	38.4581	0.378962	-0	-0	-0	0.378962
0	222.387	0	-1386.03	0	0	-0	-0	0	18.8496	31.1423	0	10.4459	0.378962	-0	-0	-0	0.378962
0	229.994	0	-5650.1	0	0	-0	-0	0	18.8496	31.097	0	3.98154	0.378962	-0	-0	-0	0.378962
0	237.846	0	-3136.19	0	0	-0	-0	0	18.8496	31.0135	0	-168.88	0.378962	0	-0	-0	0.378962
0	227.772	0	-2037.25	0	0	-0	-0	0	18.8496	30.6309	0	-149.487	0.378962	0	-0	-0	0.378962
0	218.914	0	-2367.65	0	0	-0	-0	0	18.8496	30.5452	0	173.73	0.378962	-0	-0	-0	0.378962
0	229.893	0	-3957.4	0	0	-0	-0	0	18.8496	30.5591	0	-66.6474	0.378962	0	-0	-0	0.378962
0	235.435	0	-5223.93	0	0	-0	-0	0	18.8496	30.3457	0	16.9103	0.378962	-0	-0	-0	0.378962
0	242.341	0	-1153.79	0	0	-0	-0	0	18.8496	30.1227	0	-197.61	0.378962	0	-0	-0	0.378962
0	248.33	0	-4898.32	0	0	-0	-0	0	18.8496	30.1366	0	139.493	0.378962	-0	-0	-0	0.378962
0	243.656	0	-3129.01	0	0	-0	-0	0	18.8496	30.1254	0	-21.1576	0.378962	0	-0	-0	0.378962
0	255.33	0	-2947.05	0	0	-0	-0	0	18.8496	30.1318	0	33.4302	0.378962	-0	-0	-0	0.378962
0	247.284	0	-2449.05	0	0	-0	-0	0	18.8496	30.0748	0	-31.2132	0.378962	0	-0	-0	0.378962
0	235.059	0	-3504.9	0	0	-0	-0	0	18.8496	29.5039	0	-215.806	0.378962	0	-0	-0	0.378962
0	236.154	0	-1915.15	0	0	-0	-0	0	18.8496	29.5943	0	56.1752	0.378962	-0	-0	-0	0.378962
0	218.938	0	-4668.48	0	0	-0	-0	0	18.8496	29.6816	0	93.0459	0.378962	-0	-0	-0	0.378962
0	241.734	0	-3490.53	0	0	-0	-0	0	18.8496	29.4257	0	-107.588	0.378962	0	-0	-0	0.378962
0	270.219	0	-2049.22	0	0	-0	-0	0	18.8496	29.3118	0	-67.8445	0.378962	0	-0	-0	0.378962
0	262.077	0	-5235.9	0	0	-0	-0	0	18.8496	22.1038	0	-93.9413	0.378962	0	-0	-0	0.378962
0	258.199	0	-2092.32	0	0	-0	-0	0	18.8496	9.76889	0	10.6853	0.378962	0	0	-0	0.378962
0	241.092	0	-2075.56	0	0	-0	-0	0	18.8496	32.0277	0	50.1896	0.378962	-0	-0	-0	0.378962
0	229.349	0	-3188.86	0	0	-0	-0	0	18.8496	30.3201	0	89.694	0.378962	-0	-0	-0	0.378962
0	244.662	0	-4747.49	0	0	-0	-0	0	18.8496	29.1532	0	171.336	0.378962	-0	-0	-0	0.378962
0	243.518	0	-6849.6	0	0	-0	-0	0	18.8496	29.3863	0	-75.2665	0.378962	0	-0	-0	0.378962
0	272.845	0	-873.668	0	0	-0	-0	0	18.8496	26.1654	0	-131.77	0.378962	0	-0	-0	0.378962
0	270.507	0	-3083.52	0	0	-0	-0	0	18.8496	26.1319	0	-201.441	0.378962	0	-0	-0	0.378962
0	271.989	0	-3224.77	0	0	-0	-0	0	18.8496	24.3179	0	-30.2555	0.378962	0	-0	-0	0.378962
0	265.407	0	-2171.33	0	0	-0	-0	0	18.8496	27.3329	0	43.007	0.378962	-0	-0	-0	0.378962
0	256.565	0	-3641.37	0	0	-0	-0	0	18.8496	29.4406	0	124.889	0.378962	-0	-0	-0	0.378962
0	244.18	0	-4927.05	0	0	-0	-0	0	18.8496	28.3237	0	-194.258	0.378962	0	-0	-0	0.378962
0	256.462	0	-4189.64	0	0	-0	-0	0	18.8496	27.9969	0	-126.263	0.378962	0	-0	-0	0.378962
0	266.934	0	-492.99	0	0	-0	-0	0	18.8496	27.8932	0	-27.6219	0.378962	0	-0	-0	0.378962
0	260.01	0	-1972.61	0	0	-0	-0	0	18.8496	27.7351	0	-71.1964	0.378962	0	-0	-0	0.378962
0	255.729	0	-4529.61	0	0	-0	-0	0	18.8496	27.6261	0	36.5427	0.378962	-0	-0	-0	0.378962
0	271.701	0	-3744.32	0	0	-0	-0	0	18.8496	27.9767	0	159.126	0.378962	-0	-0	-0	0.378962
0	289.505	0	-4108.23	0	0	-0	-0	0	18.8496	27.6388	0	-132.967	0.378962	0	-0	-0	0.378962
0	285.702	0	-2745.93	0	0	-0	-0	0	18.8496	27.2828	0	-149.487	0.378962	0	-0	-0	0.378962
0	289.807	0	-1833.74	0	0	-0	-0	0	18.8496	27.1626	0	-49.6486	0.378962	0	-0	-0	0.378962
0	273.891	0	-1852.9	0	0	-0	-0	0	18.8496	27.1099	0	40.8523	0.378962	-0	-0	-0	0.378962
0	256.036	0	-4582.29	0	0	-0	-0	0	18.8496	26.7513	0	-161.697	0.378962	0	-0	-0	0.378962
0	263.336	0	-1019.71	0	0	-0	-0	0	18.8496	26.7209	0	-10.8625	0.378962	0	-0	-0	0.378962
0	268.412	0	-2903.95	0	0	-0	-0	0	18.8496	26.5523	0	-34.0862	0.378962	0	-0	-0	0.378962
0	285.024	0	-4678.05	0	0	-0	-0	0	18.8496	26.117	0	-190.428	0.378962	0	-0	-0	0.378962
0	299.536	0	-3785.02	0	0	-0	-0	0	18.8496	25.8983	0	-196.892	0.378962	0	-0	-0	0.378962
0	294.94	0	-2695.66	0	0	-0	-0	0	18.8496	25.8499	0	-68.8022	0.378962	0	-0	-0	0.378962
0	292.104	0	-1058.02	0	0	-0	-0	0	18.8496	25.8876	0	-17.5663	0.378962	0	-0	-0	0.378962
0	284.057	0	-2872.83	0	0	-0	-0	0	18.8496	25.7264	0	-75.5059	0.378962	0	-0	-0	0.378962
0	271.866	0	-3943.03	0	0	-0	-0	0	18.8496	25.5136	0	-42.7054	0.378962	0	-0	-0	0.378962
0	265.637	0	-3258.29	0	0	-0	-0	0	18.8496	25.7083	0	44.9224	0.378962	-0	-0	-0	0.378962
0	285.196	0	-1814.59	0	0	-0	-0	0	18.8496	25.3481	0	-218.2	0.378962	0	-0	-0	0.378962
0	275.751	0	-4113.02	0	0	-0	-0	0	18.8496	25.1512	0	-83.1674	0.378962	0	-0	-0	0.378962
0	278.759	0	-2401.17	0	0	-0	-0	0	18.8496	25.1869	0	-8.70772	0.378962	0	-0	-0	0.378962
0	281.069	0	-3179.28	0	0	-0	-0	0	18.8496	25.1682	0	60.9636	0.378962	-0	-0	-0	0.378962
0	292.125	0	-5290.97	0	0	-0	-0	0	18.8496	24.9522	0	-117.644	0.378962	0	-0	-0	0.378962
0	287.707	0	-2214.42	0	0	-0	-0	0	18.8496	25.0666	0	93.2853	0.378962	-0	-0	-0	0.378962
0	280.565	0	-2396.38	0	0	-0	-0	0	18.8496	25.0895	0	0.869104	0.378962	-0	-0	-0	0.378962
0	273.509	0	-2317.37	0	0	-0	-0	0	18.8496	25.0325	0	-1.76453	0.378962	0	-0	-0	0.378962
0	257.265	0	-3246.32	0	0	-0	-0	0	18.8496	24.8947	0	-65.4503	0.378962	0	-0	-0	0.378962
0	249.197	0	-2547.22	0	0	-0	-0	0	18.8496	24.9735	0	46.5984	0.378962	-0	-0	-0	0.378962
0	250.278	0	-1307.02	0	0	-0	-0	0	18.8496	16.1585	0	-129.136	0.378962	0	0	-0	0.378962
0	254.579	0	-2523.27	0	0	-0	-0	0	18.8496	16.2208	0	-208.624	0.378962	0	0	-0	0.378962
0	272.719	0	-2472.99	0	0	-0	-0	0	18.8496	25.8584	0	49.232	0.378962	-0	-0	-0	0.378962
0	280.772	0	-4012.47	0	0	-0	-0	0	18.8496	24.3509	0	-90.8288	0.378962	0	-0	-0	0.378962
0	286.385	0	-2212.03	0	0	-0	-0	0	18.8496	24.3621	0	18.3468	0.378962	-0	-0	-0	0.378962
0	285.19	0	-2729.17	0	0	-0	-0	0	18.8496	24.5073	0	50.4291	0.378962	-0	-0	-0	0.378962
0	291.131	0	-2307.79	0	0	-0	-0	0	18.8496	24.5116	0	49.4714	0.378962	-0	-0	-0	0.378962
0	280.086	0	-3351.67	0	0	-0	-0	0	18.8496	24.5888	0	4.93923	0.378962	-0	-0	-0	0.378962
0	270.527	0	-4812.13	0	0	-0	-0	0	18.8496	24.0747	0	-205.751	0.378962	0	-0	-0	0.378962
0	263.889	0	-837.755	0	0	-0	-0	0	18.8496	24.2168	0	142.845	0.378962	-0	-0	-0	0.378962
0	253.033	0	-2458.63	0	0	-0	-0	0	18.8496	24.245	0	-75.2665	0.378962	0	-0	-0	0.378962
0	267.856	0	-3725.16	0	0	-0	-0	0	18.8496	24.3238	0	105.496	0.378962	-0	-0	-0	0.378962
0	276.22	0	-2360.47	0	0	-0	-0	0	18.8496	24.5153	0	125.128	0.378962	-0	-0	-0	0.378962
0	292.988	0	-1888.81	0	0	-0	-0	0	18.8391	24.3658	-12.5607	78.9201	0.361074	-0	-0	-0	0.361074
0	275.658	0	-3294.21	0	0	-0	-0	0	18.7989	24.1695	-27.6402	-76.9425	0.339045	0	-0	-0	0.339045
0	275.142	0	-3746.71	0	0	-0	-0	0	18.7285	24.32	-42.7196	51.6262	0.316409	-0	-0	-0	0.316409
0	259.69	0	-2027.67	0	0	-0	-0	0	18.628	24.2775	-57.7991	-0.0885803	0.293166	-0	-0	-0	0.293166
0	251.318	0	-3253.5	0	0	-0	-0	0	18.4973	24.1913	-72.8785	-12.0596	0.269317	-0	-0	-0	0.269317
0	257.459	0	-5120.98	0	0	-0	-0	0	18.3365	24.0167	-87.958	-61.3801	0.244862	-0	-0	-0	0.244862
0	259.445	0	-651.007	0	0	-0	-0	0	18.1455	23.5251	-103.037	-163.613	0.219801	0	-0	-0	0.219801
0	261.675	0	-3957.4	0	0	-0	-0	0	17.9244	23.2856	-118.117	-135.122	0.194133	0	-0	-0	0.194133
0	276.935	0	-1917.54	0	0	-0	-0	0	17.6731	22.8519	-133.196	-137.995	0.167859	0	-0	-0	0.167859
0	279.482	0	-2003.73	0	0	-0	-0	0	17.3916	22.2326	-148.276	-238.551	0.140979	0	-0	-0	0.140979
0	297.558	0	-1450.67	0	0	-0	-0	0	17.0904	21.7084	-150.796	-268.957	0.131376	0	-0	-0	0.131376
0	302.792	0	-2552	0	0	-0	-0	0	16.7888	21.2279	-150.796	-178.935	0.125313	0	-0	-0	0.125313
0	296.782	0	-720.439	0	0	-0	-0	0	16.4872	20.2483	-150.796	-217.003	0.11925	0	-0	-0	0.11925
0	291.638	0	-2760.3	0	0	-0	-0	0	16.1856	18.2891	-150.796	-278.295	0.113187	0	-0	-0	0.113187
0	283.577	0	84.0126	0	-0	-0	-0	0	15.8841	19.9902	-150.796	-217.961	0.107123	0	-0	-0	0.107123
0	281.735	0	-2602.28	0	0	-0	-0	0	15.5825	19.0202	-150.796	-199.765	0.10106	0	-0	-0	0.10106
0	278.499	0	-1821.77	0	0	-0	-0	0	15.2809	18.5557	-150.796	-198.328	0.0949966	0	-0	-0	0.0949966
0	276.731	0	-1816.98	0	0	-0	-0	0	14.9793	18.1635	-150.796	-159.064	0.0889333	0	-0	-0	0.0889333
0	278.072	0	-2374.83	0	0	-0	-0	0	14.6777	17.5851	-150.796	-299.124	0.08287	0	-0	-0	0.08287
0	293.323	0	-2405.96	0	0	-0	-0	0	14.3761	17.1849	-150.796	-126.981	0.0768066	-0	-0	-0	0.0768066
0	299.117	0	-2413.14	0	0	-0	-0	0	14.0745	16.9354	-150.796	-75.9848	0.0707433	-0	-0	-0	0.0707433
0	303.105	0	-1955.85	0	0	-0	-0	0	13.7729	16.3346	-150.796	-266.324	0.06468	0	-0	-0	0.06468
0	299.567	0	-1206.46	0	0	-0	-0	0	13.4713	15.9265	-150.796	-177.978	0.0586167	0	-0	-0	0.0586167
0	291.323	0	-2123.44	0	0	-0	-0	0	13.1698	15.8163	-150.796	-52.761	0.0525534	-0	-0	-0	0.0525534
0	278.749	0	-1761.92	0	0	-0	-0	0	12.8682	15.513	-150.796	-88.4346	0.0464901	-0	-0	-0	0.0464901
0	272.337	0	-1761.92	0	0	-0	-0	0	12.5666	15.082	-150.796	-196.174	0.0404268	0	-0	-0	0.0404268
0	271.543	0	-2317.37	0	0	-0	-0	0	12.265	14.7846	-150.796	-165.049	0.0343635	0	-0	-0	0.0343635
0	280.759	0	-2805.79	0	0	-0	-0	0	11.9634	14.3908	-150.796	-161.697	0.0283002	0	-0	-0	0.0283002
0	280.965	0	-2056.4	0	0	-0	-0	0	11.6618	13.9614	-150.796	-168.162	0.0222369	0	-0	-0	0.0222369
0	273.76	0	-1778.68	0	0	-0	-0	0	11.3602	13.8901	-150.796	-0.0885864	0.0161735	-0	-0	-0	0.0161735
0	273.953	0	-2872.83	0	0	-0	-0	0	11.0586	13.5746	-150.796	-162.176	0.0101102	0	-0	-0	0.0101102
0	284.302	0	-1376.45	0	0	-0	-0	0	10.757	13.0818	-150.796	-220.834	0.00404693	0	-0	-0	0.00404693
0	280.053	0	-2714.81	0	0	-0	-0	0	10.4555	12.7849	-150.796	-139.192	-0.00201638	-0	-0	-0	-0.00201638
0	278.845	0	-2805.79	0	0	-0	-0	0	10.1539	12.3166	-150.796	-137.755	-0.00807969	-0	-0	-0	-0.00807969
0	276.035	0	-1328.57	0	0	-0	-0	0	9.85228	12.0453	-150.796	-116.926	-0.014143	-0	-0	-0	-0.014143
0	265.9	0	-1761.92	0	0	-0	-0	0	9.55069	11.5967	-150.796	-237.354	-0.0202063	0	-0	-0	-0.0202063
0	250.804	0	-2614.25	0	0	-0	-0	0	9.2491	11.4003	-150.796	-60.6619	-0.0262696	-0	-0	-0	-0.0262696
0	241.58	0	-2018.1	0	0	-0	-0	0	8.94751	11.2508	-150.796	-65.6897	-0.0323329	-0	-0	-0	-0.0323329
0	242.614	0	-4153.72	0	0	-0	-0	0	8.64592	10.7235	-150.796	-270.155	-0.0383962	0	-0	-0	-0.0383962
0	236.929	0	-1491.37	0	0	-0	-0	0	8.34433	10.3792	-150.796	-79.0972	-0.0444595	-0	-0	-0	-0.0444595
0	234.677	0	-3646.15	0	0	-0	-0	0	8.04274	10.3574	-150.796	-59.4648	-0.0505229	-0	-0	-0	-0.0505229
0	242.328	0	-1850.5	0	0	-0	-0	0	7.74115	9.91256	-150.796	-139.431	-0.0565862	-0	-0	-0	-0.0565862
0	249.02	0	-883.245	0	0	-0	-0	0	7.43957	9.47623	-150.796	-170.077	-0.0626495	0	-0	-0	-0.0626495
0	243.868	0	-1548.83	0	0	-0	-0	0	7.13798	9.25859	-150.796	-196.892	-0.0687128	0	-0	-0	-0.0687128
0	248.348	0	-2841.7	0	0	-0	-0	0	6.83639	9.04628	-150.796	-56.1129	-0.0747761	-0	-0	-0	-0.0747761
0	252.291	0	-2152.17	0	0	-0	-0	0	6.5348	8.66316	-150.796	-90.5894	-0.0808394	-0	-0	-0	-0.0808394
0	245.065	0	-1869.66	0	0	-0	-0	0	6.23321	8.52109	-150.796	-103.997	-0.0869027	-0	-0	-0	-0.0869027
0	231.624	0	-2384.41	0	0	-0	-0	0	5.93162	8.15659	-150.796	-120.038	-0.092966	-0	-0	-0	-0.092966
0	230.305	0	-1318.99	0	0	-0	-0	0	5.63003	7.92086	-150.796	-84.8433	-0.0990293	-0	-0	-0	-0.0990293
0	227.21	0	-1807.41	0	0	-0	-0	0	5.32844	7.64789	-150.796	-138.473	-0.105093	-0	-0	-0	-0.105093
0	224.612	0	-2133.02	0	0	-0	-0	0	5.02685	7.37651	-150.796	-103.997	-0.111156	-0	-0	-0	-0.111156
0	220.096	0	-2999.72	0	0	-0	-0	0	4.72526	7.0317	-150.796	-174.865	-0.117219	0	-0	-0	-0.117219
0	213.471	0	-1299.84	0	0	-0	-0	0	4.42368	6.88963	-150.796	-92.5048	-0.123283	-0	-0	-0	-0.123283
0	199.481	0	-2686.08	0	0	-0	-0	0	4.12209	6.50385	-150.796	-201.441	-0.129346	0	-0	-0	-0.129346
0	197.776	0	-2243.15	0	0	-0	-0	0	3.8205	6.09625	-150.796	-183.484	-0.135409	0	-0	-0	-0.135409
0	211.386	0	-959.859	0	0	-0	-0	0	3.51891	5.82487	-150.796	-97.2932	-0.141473	-0	-0	-0	-0.141473
0	206.868	0	-2209.63	0	0	-0	-0	0	3.21732	5.31564	-150.796	-231.368	-0.147536	0	-0	-0	-0.147536
0	205.046	0	-706.074	0	0	-0	-0	0	2.91573	4.79417	-150.796	-218.44	-0.153599	0	-0	-0	-0.153599
0	197.775	0	-1864.87	0	0	-0	-0	0	2.61414	4.37061	-150.796	-143.741	-0.159662	-0	-0	-0	-0.159662
0	193.242	0	-2580.73	0	0	-0	-0	0	2.31255	3.82306	-150.796	-279.971	-0.165726	0	-0	-0	-0.165726
0	191.135	0	-730.016	0	0	-0	-0	0	2.01096	3.44367	-150.796	-178.696	-0.171789	0	-0	-0	-0.171789
0	188.101	0	-605.518	0	0	-0	-0	0	1.70937	2.96956	-150.796	-159.064	-0.177852	0	-0	-0	-0.177852
0	184.637	0	-2183.3	0	0	-0	-0	0	1.40945	2.6753	-145.788	-146.374	-0.176833	0	-0	-0	-0.176833
0	186.367	0	-1484.19	0	0	-0	-0	0	1.13296	2.19852	-130.708	-240.227	-0.16117	0	-0	-0	-0.16117
0	183.128	0	-902.399	0	0	-0	-0	0	0.886624	1.7276	-115.629	-206.948	-0.144901	0	-0	-0	-0.144901
0	174.317	0	-1735.58	0	0	-0	-0	0	0.670449	1.54137	-100.549	-30.7344	-0.128026	-0	-0	-0	-0.128026
0	173.039	0	-1912.75	0	0	-0	-0	0	0.484433	1.25988	-85.4697	-126.502	-0.110544	0	-0	-0	-0.110544
0	170.754	0	-2121.05	0	0	-0	-0	0	0.328575	1.09599	-70.3903	-119.08	-0.0924557	0	-0	-0	-0.0924557
0	168.37	0	40.9169	0	-0	-0	-0	0	0.202875	0.928904	-55.3108	-39.8323	-0.0737612	-0	-0	-0	-0.0737612
0	170.336	0	-1816.98	0	0	-0	-0	0	0.107334	0.685196	-40.2314	-124.587	-0.0544604	0	-0	-0	-0.0544604
0	168.498	0	-864.091	0	0	-0	-0	0	0.0419519	0.668168	-25.1519	-9.18655	-0.0345533	-0	-0	-0	-0.0345533
0	157.042	0	-2547.22	0	0	-0	-0	0	0.00672793	0.576645	-10.0725	-36.241	-0.0140399	0	-0	-0	-0.0140399
0	149.014	0	-1764.31	0	0	-0	-0	0	0	0.660719	0	20.5016	0	-0	-0	-0	0
0	141.398	0	-591.152	0	0	-0	-0	0	0	0.603783	0	-37.4381	0	0	-0	-0	0
0	145.159	0	-1900.78	0	0	-0	-0	0	0	0.549507	0	43.2465	0	-0	-0	-0	0
0	144.374	0	-1761.92	0	0	-0	-0	0	0	0.540994	0	-1.28569	0	0	-0	-0	0
0	145.051	0	-1790.65	0	0	-0	-0	0	0	0.781508	0	-4.15873	0	0	-0	-0	0
0	144.118	0	-492.99	0	0	-0	-0	0	0	0.659123	0	-59.2254	0	0	-0	-0	0
0	144.195	0	-1089.15	0	0	-0	-0	0	0	0.692646	0	-7.27119	0	0	-0	-0	0
0	140.364	0	-3023.66	0	0	-0	-0	0	0	0.802261	0	43.4859	0	-0	-0	-0	0
0	134.344	0	-603.123	0	0	-0	-0	0	0	0.655398	0	-97.0538	0	0	-0	-0	0
0	125.064	0	-2159.35	0	0	-0	-0	0	0	0.683068	0	5.89692	0	-0	-0	-0	0
0	120.718	0	-2470.6	0	0	-0	-0	0	0	0.704884	0	-7.03177	0	0	-0	-0	0
0	113.33	0	-1876.84	0	0	-0	-0	0	0	0.712334	0	30.3178	0	-0	-0	-0	0
0	112.813	0	-1785.86	0	0	-0	-0	0	0	0.713398	0	39.4158	0	-0	-0	-0	0
0	104.971	0	-2623.83	0	0	-0	-0	0	0	0.861325	0	62.4001	0	-0	-0	-0	0
0	96.2932	0	-2312.58	0	0	-0	-0	0	0	0.932096	0	19.3045	0	-0	-0	-0	0
0	91.1703	0	-1398	0	0	-0	-0	0	0	0.928372	0	20.741	0	-0	-0	-0	0
0	81.4534	0	-1709.24	0	0	-0	-0	0	0	0.804921	0	-58.2677	0	0	-0	-0	0
0	77.4321	0	-1098.72	0	0	-0	-0	0	0	0.838444	0	-22.1152	0	0	-0	-0	0
0	80.7749	0	-2077.95	0	0	-0	-0	0	0	0.910812	0	46.5983	0	-0	-0	-0	0
0	84.8537	0	-2042.04	0	0	-0	-0	0	0	0.884206	0	31.036	0	-0	-0	-0	0
0	82.1776	0	-1244.77	0	0	-0	-0	0	0	0.747985	0	-60.6619	0	0	-0	-0	0
0	78.5514	0	-1601.51	0	0	-0	-0	0	0	0.699563	0	-55.1552	0	0	-0	-0	0
0	76.8421	0	-1742.76	0	0	-0	-0	0	0	0.668168	0	-26.6642	0	0	-0	-0	0
0	75.7102	0	-1886.42	0	0	-0	-0	0	0	0.575049	0	-13.2567	0	0	-0	-0	0
0	73.9585	0	-1522.5	0	0	-0	-0	0	0	0.610168	0	41.3311	0	-0	-0	-0	0
0	71.0782	0	-957.465	0	0	-0	-0	0	0	0.558021	0	-70.7175	0	0	-0	-0	0
0	67.2226	0	-1469.82	0	0	-0	-0	0	0	0.490975	0	-38.1564	0	0	-0	-0	0
0	66.2273	0	-2008.52	0	0	-0	-0	0	0	0.562278	0	45.4012	0	-0	-0	-0	0
0	61.8541	0	-1357.3	0	0	-0	-0	0	0	0.541526	0	20.9804	0	-0	-0	-0	0
0	57.4247	0	-1498.55	0	0	-0	-0	0	0	0.417543	0	-68.3233	0	0	-0	-0	0
0	58.7788	0	-1479.4	0	0	-0	-0	0	0	0.393598	0	-33.8468	0	0	-0	-0	0
0	59.559	0	-1024.5	0	0	-0	-0	0	0	0.281855	0	-56.3523	0	0	-0	-0	0
0	56.6605	0	-765.929	0	0	-0	-0	0	0	0.306332	0	57.6117	0	-0	-0	-0	0
0	53.544	0	-1737.98	0	0	-0	-0	0	0	0.239818	0	-38.6352	0	0	-0	-0	0
0	53.2566	0	-1137.03	0	0	-0	-0	0	0	0.159469	0	-63.7744	0	0	-0	-0	0
0	48.456	0	-832.967	0	0	-0	-0	0	0	0.129138	0	-17.5663	0	0	-0	-0	0
0	43.8471	0	-1201.67	0	0	-0	-0	0	0	0.0759271	0	13.5584	0	-0	-0	-0	0
0	39.9385	0	-1436.31	0	0	-0	-0	0	0	0.137652	0	34.1485	0	-0	-0	-0	0
0	37.0052	0	-1043.66	0	0	-0	-0	0	0	0.0259086	0	-88.9135	0	0	-0	-0	0
0	34.6801	0	-763.535	0	0	-0	-0	0	0	0.00888096	0	-8.70771	0	0	-0	-0	0
0	33.2067	0	-703.68	0	0	-0	-0	0	0	0.00941307	0	20.741	0	-0	-0	-0	0
0	30.4895	0	-888.033	0	0	-0	-0	0	0	-0.0235779	0	12.3613	0	0	0	-0	0
0	27.5035	0	-909.581	0	0	-0	-0	0	0	-0.0799818	0	-56.3523	0	0	0	-0	0
0	26.3185	0	-1333.35	0	0	-0	-0	0	0	-0.241744	0	-79.0972	0	0	0	-0	0
0	24.952	0	-576.787	0	0	-0	-0	0	0	-0.245469	0	10.4459	0	0	0	-0	0
0	24.3273	0	-562.422	0	0	-0	-0	0	0	-0.262496	0	16.192	0	0	0	-0	0
0	22.3526	0	-1199.28	0	0	-0	-0	0	0	-0.332735	0	-28.3402	0	0	0	-0	0
0	19.2293	0	-1062.81	0	0	-0	-0	0	0	-0.311983	0	-30.0161	0	0	0	-0	0
0	17.8592	0	-1098.72	0	0	-0	-0	0	0	-0.28857	0	10.9247	0	0	0	-0	0
0	16.4443	0	-442.712	0	0	-0	-0	0	0	-0.29602	0	31.036	0	0	0	-0	0
