0	0.0191416	0	25.5222	0	-5.74249e-06	-5.74249e-06	0	-5.74249e-06	0	-0.00260735	0	0	0	0.000104294	0.000104294	0	0.000104294
0.48	-0.634771	480	-482.049	0.00808889	0.000335033	0.000334431	6.01779e-07	0.00842392	0	0.079338	0	0	0	-0.00321215	-0.00317352	-3.86314e-05	-0.00321215
1.92	-2.50017	960	-1444.52	0.0163556	0.00136344	0.00132605	3.739e-05	0.017719	0	0.439046	0	0	0	-0.018798	-0.0175618	-0.0012362	-0.018798
4.32	-1.35068	1440	485.209	0.0248	0.00183161	0.00170121	0.000130403	0.0266316	0	0.287926	0	0	0	-0.0151417	-0.011517	-0.00362464	-0.0151417
7.68	-0.688314	1920	293.673	0.0334222	0.00276852	0.00251049	0.000258024	0.0361907	0	0.250678	0	0	0	-0.0153059	-0.0100271	-0.00527877	-0.0153059
12	-0.587075	2400	-36.7271	0.0422222	0.00422654	0.00377612	0.000450418	0.0464488	0	0.232586	0	0	0	-0.0160799	-0.00930346	-0.00677645	-0.0160799
17.28	-1.44489	2880	-70.2459	0.0512	0.00634942	0.00561747	0.000731954	0.0575494	0	0.194274	0	0	0	-0.0158887	-0.00777097	-0.0081177	-0.0158887
23.52	-1.56801	3360	11.157	0.0603556	0.00866538	0.0075264	0.00113898	0.0690209	0	0.157026	0	0	0	-0.0154942	-0.00628106	-0.0092131	-0.0154942
30.72	-1.65681	3840	97.3482	0.0696889	0.0113879	0.00971305	0.00167482	0.0810768	0	0.11765	0	0	0	-0.014807	-0.004706	-0.010101	-0.014807
38.88	-1.5178	4320	322.403	0.0792	0.0144801	0.0121193	0.00236076	0.0936801	0	0.0718884	0	0	0	-0.0136154	-0.00287554	-0.0107398	-0.0136154
48	-1.87851	4800	-113.342	0.0888889	0.0181733	0.0149636	0.0032097	0.107062	0	0.0388974	0	0	0	-0.0126824	-0.0015559	-0.0111265	-0.0126824
58.08	2.40847	5280	3286.43	0.0987556	0.020948	0.0167015	0.00424654	0.119704	0	-0.430426	0	0	0	0.00616367	0.017217	-0.0110534	0.00616367
69.12	11.6514	5760	6518.6	0.1088	0.0226006	0.0172406	0.00536003	0.131401	0	-0.387857	0	0	0	0.0074681	0.0155143	-0.00804618	0.0074681
81.12	13.1108	6240	1988.77	0.119022	0.0269649	0.0204028	0.00656219	0.145987	0	-0.166498	0	0	0	0.000382165	0.00665992	-0.00627776	0.000382165
94.08	17.4631	6720	5369.38	0.129422	0.0309433	0.0229851	0.00795818	0.160366	0	-0.251636	0	0	0	0.00493034	0.0100654	-0.0051351	0.00493034
108	27.9417	7200	4995.89	0.14	0.0335054	0.0240175	0.00948789	0.173505	0	-0.231416	0	0	0	0.0056537	0.00925663	-0.00360293	0.0056537
122.88	36.2932	7680	5738.09	0.150756	0.0371005	0.0259761	0.0111245	0.187856	0	-0.116479	0	0	0	0.00226914	0.00465918	-0.00239004	0.00226914
138.72	46.9128	8160	6547.33	0.161689	0.040425	0.0275422	0.0128829	0.202114	0	-0.111158	0	0	0	0.00269771	0.00444633	-0.00174863	0.00269771
147	46.3326	8400	-1736.61	0.167222	0.0440012	0.0302002	0.0138009	0.211223	0	-0.18459	0	0	0	0.00596844	0.00738359	-0.00141515	0.00596844
164.28	44.5518	8880	3070.95	0.178422	0.0518151	0.0359185	0.0158967	0.230237	0	-0.396371	0	0	0	0.0160133	0.0158548	0.000158518	0.0160133
182.25	1108.81	9000	801.244	0.18375	-0.259795	-0.277968	0.0181735	-0.0760448	0	-0.388921	0	0	0	0.0181032	0.0155568	0.00254632	0.0181032
200.25	931.139	9000	1921.73	0.187083	-0.2068	-0.219267	0.0124666	-0.0197167	0	-0.283563	0	0	0	0.0160595	0.0113425	0.00471702	0.0160595
218.25	-147.132	9000	1313.6	0.190417	0.119524	0.109615	0.00990939	0.309941	0	-0.751822	0	0	0	0.0372288	0.0300729	0.00715591	0.0372288
236.25	986.016	9000	10478.6	0.19375	-0.208596	-0.22493	0.0163337	-0.0148463	0	-0.0792316	0	0	0	0.0142965	0.00316926	0.0111273	0.0142965
254.25	-262.403	9000	15501.6	0.197083	0.158483	0.154996	0.00348743	0.355567	0	0.111265	0	0	0	0.00614319	-0.00445059	0.0105938	0.00614319
272.25	-249.339	9000	9827.38	0.200417	0.159917	0.156477	0.0034407	0.360334	0	-0.0781673	0	0	0	0.0135701	0.00312669	0.0104434	0.0135701
290.25	-28.0662	9000	1442.89	0.20375	0.108183	0.0954948	0.0126878	0.311933	0	0.18576	0	0	0	0.00298074	-0.00743042	0.0104112	0.00298074
308.25	107.982	9000	3511.48	0.207083	0.0784827	0.0600804	0.0184022	0.285566	0	0.0612462	0	0	0	0.00690741	-0.00244985	0.00935726	0.00690741
326.25	159.885	9000	609.707	0.210417	0.0718875	0.0499094	0.0219781	0.282304	0	0.136806	0	0	0	0.00301309	-0.00547225	0.00848534	0.00301309
344.25	285.545	9000	6628.73	0.21375	0.041545	0.0176115	0.0239335	0.255295	0	-0.535784	0	0	0	0.0298845	0.0214314	0.00845309	0.0298845
362.25	861.121	9000	7797.1	0.217083	-0.131907	-0.149661	0.0177548	0.0851766	0	-0.74118	0	0	0	0.0416087	0.0296472	0.0119615	0.0416087
380.25	194.599	9000	8635.07	0.220417	0.0712364	0.0556951	0.0155413	0.291653	0	-1.24775	0	0	0	0.0668103	0.04991	0.0169003	0.0668103
398.25	327.097	9000	3013.49	0.22375	0.0399325	0.0213456	0.0185869	0.263682	0	-1.70218	0	0	0	0.0935369	0.068087	0.0254499	0.0935369
416.25	428.666	9000	5019.83	0.227083	0.0165154	-0.00372491	0.0202403	0.243599	0	-1.19454	0	0	0	0.0828635	0.0477816	0.0350819	0.0828635
434.25	485.737	9000	8390.86	0.230417	0.00433563	-0.0154463	0.0197819	0.234752	0	-1.1839	0	0	0	0.0889346	0.0473559	0.0415787	0.0889346
452.25	523.339	9000	7557.68	0.23375	-0.00269124	-0.0213268	0.0186355	0.231059	0	-2.58335	0	0	0	0.154877	0.103334	0.0515427	0.154877
470.25	546.011	9000	2534.65	0.237083	-0.00555913	-0.0227283	0.0171692	0.231524	0	-1.90757	0	0	0	0.143228	0.0763028	0.0669247	0.143228
488.25	505.309	9000	5498.67	0.240417	0.0105415	-0.00511787	0.0156594	0.250958	0	-1.78199	0	0	0	0.148737	0.0712797	0.077457	0.148737
506.25	588.416	9000	7165.03	0.24375	-0.0100593	-0.0246498	0.0145905	0.233691	0	-2.27792	0	0	0	0.179576	0.0911168	0.0884587	0.179576
524.25	593.652	9000	6983.07	0.247083	-0.00781761	-0.0208208	0.0130032	0.239266	0	-1.3148	0	0	0	0.153831	0.0525919	0.101239	0.153831
542.25	594.176	9000	5182.63	0.250417	-0.00388738	-0.0155778	0.0116904	0.246529	0	0.0122918	0	0	0	0.106631	-0.000491672	0.107122	0.106631
560.25	598.022	9000	7854.56	0.25375	-0.000607598	-0.0113316	0.010724	0.253142	0	-0.834831	0	0	0	0.141017	0.0333933	0.107623	0.141017
578.25	610.952	9000	1232.2	0.257083	0.000710079	-0.00981068	0.0105208	0.257793	0	-0.982759	0	0	0	0.152444	0.0393104	0.113134	0.152444
596.25	608.883	9000	-1952.09	0.260417	0.00621133	-0.00379006	0.0100014	0.266628	0	-0.862501	0	0	0	0.153342	0.0345001	0.118842	0.153342
623.25	640.798	9000	-1248.19	0.265417	0.00437702	-0.00526443	0.00964145	0.269794	0	-0.592188	0	0	0	0.149283	0.0236875	0.125595	0.149283
641.25	500.16	9000	1682.31	0.26875	0.0515241	0.0423269	0.00919722	0.320274	0	0.00164955	0	0	0	0.128661	-6.59819e-05	0.128727	0.128661
659.25	825.888	9000	12662.1	0.272083	-0.037984	-0.0499915	0.0120075	0.234099	0	-0.494279	0	0	0	0.147652	0.0197712	0.127881	0.147652
677.25	826.715	9000	24456	0.275417	-0.0360716	-0.0448395	0.00876785	0.239345	0	0.00164955	0	0	0	0.131783	-6.59819e-05	0.131849	0.131783
695.25	802.625	9000	7126.72	0.27875	-0.0262698	-0.0322126	0.00594283	0.25248	0	2.49513	0	0	0	0.0269894	-0.0998052	0.126795	0.0269894
713.25	765.372	9000	-898.64	0.282083	-0.0115418	-0.0156365	0.00409468	0.270542	0	2.07263	0	0	0	0.0292857	-0.0829053	0.112191	0.0292857
731.25	366.776	9000	-1564.23	0.285417	0.116925	0.109342	0.0075825	0.402342	0	1.86085	0	0	0	0.0257298	-0.074434	0.100164	0.0257298
749.25	906.499	9000	691.11	0.28875	-0.0380696	-0.0471746	0.00910497	0.25068	0	1.26595	0	0	0	0.0387343	-0.050638	0.0893722	0.0387343
767.25	1012.21	9000	-247.417	0.292083	-0.0616232	-0.0734878	0.0118646	0.23046	0	1.02543	0	0	0	0.0411806	-0.0410174	0.082198	0.0411806
785.25	1127.44	9000	8898.43	0.295417	-0.0889467	-0.102656	0.0137091	0.20647	0	3.14856	0	0	0	-0.0513498	-0.125943	0.0745927	-0.0513498
803.25	1068.17	9000	25212.5	0.29875	-0.0721553	-0.0794762	0.00732089	0.226595	0	1.03714	0	0	0	0.0140656	-0.0414856	0.0555513	0.0140656
821.25	1022.45	9000	14232.7	0.302083	-0.0580357	-0.0603601	0.00232444	0.244048	0	-2.1832	0	0	0	0.14393	0.0873282	0.0566013	0.14393
839.25	959.76	9000	6212.14	0.305417	-0.0374058	-0.0361528	-0.00125299	0.268011	0	0.00697067	0	0	0	0.0671581	-0.000278827	0.067437	0.0671581
857.25	909.528	9000	384.652	0.30875	-0.0190043	-0.0156832	-0.00332111	0.289746	0	1.22019	0	0	0	0.0155897	-0.0488075	0.0643972	0.0155897
875.25	871.743	9000	-2383.04	0.312083	-0.00302299	0.00105211	-0.00407509	0.30906	0	0.585909	0	0	0	0.0346263	-0.0234364	0.0580626	0.0346263
893.251	784.134	9000	12188.1	0.315417	0.0289252	0.0327351	-0.00380991	0.344342	0	-1.48188	0	0	0	0.116638	0.0592752	0.0573631	0.116638
911.251	870.769	9000	2726.18	0.31875	0.00963891	0.0121445	-0.00250562	0.328389	0	-1.81605	0	0	0	0.141422	0.0726419	0.0687798	0.141422
929.251	874.397	9000	13787.4	0.322083	0.014847	0.016456	-0.00160901	0.33693	0	-0.271856	0	0	0	0.086783	0.0108743	0.0759087	0.086783
947.251	880.472	9000	9243.2	0.325417	0.0195752	0.0200336	-0.000458416	0.344992	0	-2.16937	0	0	0	0.166971	0.0867748	0.0801962	0.166971
965.251	882.509	9000	667.168	0.32875	0.025786	0.0248225	0.000963521	0.354536	0	-2.15553	0	0	0	0.180235	0.0862214	0.0940138	0.180235
983.251	922.01	9000	-1525.92	0.332083	0.0218767	0.0183721	0.00350458	0.35396	0	-5.86968	0	0	0	0.341466	0.234787	0.106679	0.341466
1001.25	952.514	9000	4105.24	0.335417	0.0193297	0.014621	0.00470868	0.354747	0	-0.206939	0	0	0	0.158581	0.00827754	0.150303	0.158581
1019.25	993.021	9000	-180.379	0.33875	0.01344	0.00786892	0.00557108	0.35219	0	1.13931	0	0	0	0.0981729	-0.0455723	0.143745	0.0981729
1037.2	1052.37	8839.98	13543.2	0.339407	0.00135668	-0.00455175	0.00590843	0.340763	0	-2.96754	0	0	0	0.26169	0.118702	0.142988	0.26169
1054.4	1006.22	8359.98	12882.4	0.334592	0.0198471	0.0144528	0.0053943	0.354439	0	-2.52589	0	0	0	0.264332	0.101035	0.163296	0.264332
1070.64	1171.05	7879.98	15918.2	0.329599	-0.0252038	-0.0301224	0.00491861	0.304395	0	2.57495	0	0	0	0.067453	-0.102998	0.170451	0.067453
1085.92	1185.78	7399.98	9338.97	0.324429	-0.0270583	-0.0299592	0.00290098	0.29737	0	1.58202	0	0	0	0.0903634	-0.063281	0.153644	0.0903634
1100.24	1187.58	6919.98	1701.46	0.319081	-0.0252531	-0.0262018	0.000948629	0.293827	0	-0.132443	0	0	0	0.153939	0.00529771	0.148641	0.153939
1113.6	1183.82	6439.98	-1075.81	0.313555	-0.021767	-0.0210655	-0.000701514	0.291788	0	0.450753	0	0	0	0.130432	-0.0180301	0.148462	0.130432
1126	1218.13	5959.98	-802.872	0.307851	-0.0287057	-0.0276407	-0.001065	0.279145	0	0.474166	0	0	0	0.12674	-0.0189666	0.145706	0.12674
1137.44	1219.92	5479.97	5340.65	0.301969	-0.0275506	-0.0247438	-0.00280676	0.274419	0	2.70265	0	0	0	0.0323895	-0.108106	0.140496	0.0323895
1147.92	1239.41	4999.97	21922.9	0.29591	-0.0319376	-0.0274485	-0.00448913	0.263973	0	1.25318	0	0	0	0.0733288	-0.0501271	0.123456	0.0733288
1157.44	1230.07	4519.97	6188.2	0.289673	-0.0280843	-0.0217887	-0.0062956	0.261589	0	-0.463417	0	0	0	0.139984	0.0185367	0.121447	0.139984
1166	1106.28	4039.97	6959.13	0.283258	0.0103668	0.0179164	-0.00754956	0.293625	0	0.202788	0	0	0	0.112502	-0.00811152	0.120614	0.112502
1173.6	1191.69	3559.97	2702.24	0.276666	-0.0128274	-0.00542904	-0.00739836	0.263838	0	1.72676	0	0	0	0.05275	-0.0690703	0.12182	0.05275
1180.24	1152.42	3079.97	-5749.29	0.269895	0.000830323	0.00834533	-0.007515	0.270726	0	2.54515	0	0	0	0.00550982	-0.101806	0.107316	0.00550982
1185.92	1033.61	2599.97	226.635	0.262947	0.0388853	0.0456926	-0.00680725	0.301832	0	2.26845	0	0	0	0.002469	-0.090738	0.093207	0.002469
1190.64	1182.01	2119.97	260.154	0.255821	-0.0014792	0.00258882	-0.00406802	0.254342	0	2.45682	0	0	0	-0.019117	-0.0982727	0.0791557	-0.019117
1194.4	1199.48	1639.97	49.4642	0.248517	-0.00413826	-0.00152421	-0.00261405	0.244379	0	0.661469	0	0	0	0.0388947	-0.0264588	0.0653534	0.0388947
1197.2	1214.02	1159.97	23345	0.241036	-0.00778977	-0.00504609	-0.00274368	0.233246	0	-0.0334699	0	0	0	0.066561	0.0013388	0.0652222	0.066561
1199.04	1200.21	679.965	18173.6	0.233377	-0.00341826	-0.000352295	-0.00306596	0.229958	0	2.66434	0	0	0	-0.0459971	-0.106574	0.0605765	-0.0459971
1199.92	1148.57	199.964	2213.82	0.22554	0.0125654	0.0154044	-0.00283901	0.238105	0	2.92082	0	0	0	-0.0736151	-0.116833	0.0432176	-0.0736151
1200	993.037	0	1026.3	0.222222	0.060509	0.0620888	-0.00157983	0.282731	0	2.60474	0	0	0	-0.0775775	-0.10419	0.0266122	-0.0775775
1200	1095.82	0	1246.57	0.222222	0.0325876	0.0312546	0.00133308	0.25481	0	2.96126	0	0	0	-0.10814	-0.11845	0.0103101	-0.10814
1200	1991.16	0	-841.179	0.222222	-0.233791	-0.237347	0.00355645	-0.0115686	0	3.05491	0	0	0	-0.129379	-0.122196	-0.00718289	-0.129379
1200	881.963	0	-2277.7	0.222222	0.0947517	0.095411	-0.000659272	0.316974	0	3.96589	0	0	0	-0.18545	-0.158636	-0.026815	-0.18545
1200	782.515	0	9798.65	0.222222	0.123272	0.125245	-0.00197308	0.345495	0	1.95663	0	0	0	-0.127493	-0.0782652	-0.0492279	-0.127493
1200	940.887	0	13050	0.222222	0.0847483	0.0777338	0.00701451	0.306971	0	-0.709253	0	0	0	-0.0277223	0.0283701	-0.0560924	-0.0277223
1200	974.351	0	8591.98	0.222222	0.0796989	0.0676946	0.0120043	0.301921	0	-2.69084	0	0	0	0.0580411	0.107634	-0.0495925	0.0580411
1200	1240.12	0	7715.7	0.222222	0.00436405	-0.0120349	0.016399	0.226586	0	-3.38259	0	0	0	0.103845	0.135303	-0.0314584	0.103845
1200	946.798	0	2055.81	0.222222	0.094659	0.0759606	0.0186984	0.316881	0	-3.24104	0	0	0	0.118032	0.129642	-0.0116098	0.118032
1200	844.09	0	54.2526	0.222222	0.130381	0.106773	0.0236082	0.352603	0	-3.31235	0	0	0	0.140295	0.132494	0.0078013	0.140295
1200	1025.98	0	-8454.74	0.222222	0.0811085	0.052207	0.0289015	0.303331	0	-3.85723	0	0	0	0.181977	0.154289	0.0276882	0.181977
1200	1051.96	0	3511.48	0.222222	0.0766938	0.0444111	0.0322826	0.298916	0	-3.83807	0	0	0	0.204623	0.153523	0.0510997	0.204623
1200	1089.18	0	14831.3	0.222222	0.0683114	0.0332459	0.0350655	0.290534	0	-2.12999	0	0	0	0.15755	0.0851997	0.0723499	0.15755
1200	1111.66	0	14371.6	0.222222	0.0636336	0.0265022	0.0371313	0.285856	0	-2.53014	0	0	0	0.185521	0.101206	0.0843157	0.185521
1200	1145.48	0	5426.84	0.222222	0.0565975	0.0163556	0.0402419	0.27882	0	-1.55744	0	0	0	0.161836	0.0622976	0.0995381	0.161836
1200	1129.25	0	5584.86	0.222222	0.0626483	0.021226	0.0414224	0.284871	0	0.901984	0	0	0	0.0682602	-0.0360794	0.10434	0.0682602
1200	1341.91	0	97.3482	0.222222	0.00928407	-0.042572	0.0518561	0.231506	0	0.373064	0	0	0	0.0835453	-0.0149226	0.0984679	0.0835453
1200	1258	0	6149.89	0.222222	0.0321407	-0.0173988	0.0495394	0.254363	0	-1.24882	0	0	0	0.148452	0.0499526	0.0984995	0.148452
1200	1096.21	0	2295.23	0.222222	0.0797029	0.0311379	0.048565	0.301925	0	-2.24706	0	0	0	0.198426	0.0898823	0.108543	0.198426
1200	2374.1	0	-1755.76	0.222222	-0.303173	-0.352231	0.0490585	-0.0809505	0	-1.35949	0	0	0	0.175585	0.0543798	0.121205	0.175585
1200	1028.89	0	9429.95	0.222222	0.0911005	0.0513339	0.0397666	0.313323	0	0.704038	0	0	0	0.0979281	-0.0281615	0.12609	0.0979281
1200	1075.09	0	6192.99	0.222222	0.0783779	0.0374722	0.0409057	0.3006	0	2.13329	0	0	0	0.0350044	-0.0853317	0.120336	0.0350044
1200	1134.65	0	9501.77	0.222222	0.0626547	0.0196059	0.0430488	0.284877	0	4.00846	0	0	0	-0.0560872	-0.160338	0.104251	-0.0560872
1200	1191.79	0	4234.53	0.222222	0.0479742	0.00246354	0.0455106	0.270196	0	3.75304	0	0	0	-0.0706781	-0.150122	0.0794436	-0.0706781
1200	1192.33	0	1342.33	0.222222	0.0480128	0.00229988	0.0457129	0.270235	0	3.12089	0	0	0	-0.0662278	-0.124836	0.0586079	-0.0662278
1200	1205.2	0	-496.414	0.222222	0.0442459	-0.00155903	0.0458049	0.266468	0	3.28478	0	0	0	-0.0918728	-0.131391	0.0395186	-0.0918728
1200	1208.3	0	-8971.89	0.222222	0.0431964	-0.00249031	0.0456867	0.265419	0	3.21987	0	0	0	-0.108812	-0.128795	0.0199823	-0.108812
1200	1071.14	0	3051.79	0.222222	0.0840865	0.038657	0.0454295	0.306309	0	3.25605	0	0	0	-0.129304	-0.130242	0.000937669	-0.129304
1200	1275.56	0	-8253.63	0.222222	0.0232028	-0.0226686	0.0458714	0.245425	0	4.13936	0	0	0	-0.186583	-0.165574	-0.0210091	-0.186583
1200	1284.31	0	12561.6	0.222222	0.0190513	-0.0252932	0.0443445	0.241274	0	1.36811	0	0	0	-0.0959883	-0.0547246	-0.0412638	-0.0959883
1200	1287.23	0	4842.66	0.222222	0.0164806	-0.0261698	0.0426504	0.238703	0	1.54903	0	0	0	-0.110482	-0.0619613	-0.048521	-0.110482
1200	1298.7	0	6738.86	0.222222	0.0112236	-0.02961	0.0408336	0.233446	0	2.01942	0	0	0	-0.139719	-0.0807768	-0.0589422	-0.139719
1200	1350.36	0	432.536	0.222222	-0.00445397	-0.0451066	0.0406527	0.217768	0	1.797	0	0	0	-0.142597	-0.0718799	-0.0707171	-0.142597
1200	1346.87	0	1725.41	0.222222	-0.00634243	-0.0440612	0.0377188	0.21588	0	1.82147	0	0	0	-0.154342	-0.072859	-0.0814832	-0.154342
1200	1367.03	0	-702.315	0.222222	-0.0154067	-0.0501076	0.0347008	0.206815	0	2.2461	0	0	0	-0.182911	-0.089844	-0.0930665	-0.182911
1200	1389.92	0	-118.13	0.222222	-0.025734	-0.0569766	0.0312426	0.196488	0	2.35252	0	0	0	-0.201746	-0.0941009	-0.107645	-0.201746
1200	1190.52	0	-1262.56	0.222222	0.0301888	0.00284473	0.027344	0.252411	0	1.6065	0	0	0	-0.184522	-0.0642601	-0.120262	-0.184522
1200	1478.53	0	29933.9	0.222222	-0.0588945	-0.0835592	0.0246647	0.163328	0	-2.94625	0	0	0	-0.00926719	0.11785	-0.127117	-0.00926719
1200	1436	0	-477.26	0.222222	-0.0516259	-0.0707998	0.0191739	0.170596	0	-5.78561	0	0	0	0.129982	0.231424	-0.101442	0.129982
1200	1369.46	0	585.765	0.222222	-0.0360172	-0.0508371	0.0148199	0.186205	0	-4.75331	0	0	0	0.121526	0.190132	-0.0686058	0.121526
1200	1360.16	0	882.646	0.222222	-0.0363352	-0.048047	0.0117119	0.185887	0	-4.79588	0	0	0	0.151746	0.191835	-0.0400892	0.151746
1200	1296.05	0	-927.37	0.222222	-0.0181975	-0.0288161	0.0106186	0.204025	0	-4.88953	0	0	0	0.184555	0.195581	-0.0110266	0.184555
1200	1245.83	0	-1080.6	0.222222	-0.0047659	-0.0137499	0.008984	0.217456	0	-4.45426	0	0	0	0.195996	0.17817	0.0178253	0.195996
1200	1212.03	0	-170.802	0.222222	0.00463686	-0.0036097	0.00824656	0.226859	0	0.961581	0	0	0	0.00559597	-0.0384632	0.0440592	0.00559597
1200	1187.2	0	150.021	0.222222	0.0119876	0.00383855	0.00814905	0.23421	0	-4.0871	0	0	0	0.205378	0.163484	0.0418942	0.205378
1200	1025.42	0	729.417	0.222222	0.0608724	0.0523735	0.00849888	0.283095	0	-5.37482	0	0	0	0.285828	0.214993	0.0708355	0.285828
1200	1180.66	0	-12328.6	0.222222	0.016044	0.00580192	0.0102421	0.238266	0	-4.29782	0	0	0	0.272979	0.171913	0.101067	0.272979
1200	140.972	0	7859.35	0.222222	0.328346	0.317708	0.0106374	0.550568	0	-2.50141	0	0	0	0.225748	0.100056	0.125691	0.225748
1200	1382.56	0	9798.65	0.222222	-0.0360312	-0.0547693	0.0187381	0.186191	0	0.240036	0	0	0	0.126092	-0.00960144	0.135694	0.126092
1200	1293.33	0	1375.85	0.222222	-0.0123929	-0.0279983	0.0156053	0.209829	0	0.103815	0	0	0	0.129153	-0.00415261	0.133305	0.129153
1200	1292.89	0	3650.34	0.222222	-0.0125145	-0.0278678	0.0153533	0.209708	0	-0.984887	0	0	0	0.174495	0.0393955	0.135099	0.174495
1200	1263.83	0	8113.14	0.222222	-0.00545236	-0.0191479	0.0136955	0.21677	0	1.13186	0	0	0	0.0938634	-0.0452743	0.139138	0.0938634
1200	1244.92	0	5220.94	0.222222	-0.000980574	-0.0134754	0.0124948	0.221242	0	2.73245	0	0	0	0.0193291	-0.109298	0.128627	0.0193291
1200	1232.3	0	1347.12	0.222222	0.00235434	-0.0096913	0.0120456	0.224577	0	2.64518	0	0	0	0.0146224	-0.105807	0.12043	0.0146224
1200	1760.2	0	-1085.39	0.222222	-0.156542	-0.168061	0.011519	0.0656803	0	2.4334	0	0	0	0.00764392	-0.0973362	0.10498	0.00764392
1200	986.05	0	130.867	0.222222	0.0673	0.0641851	0.00311493	0.289522	0	2.63986	0	0	0	-0.015266	-0.105595	0.0903286	-0.015266
1200	1062.87	0	399.018	0.222222	0.0480874	0.0411378	0.00694958	0.27031	0	2.65157	0	0	0	-0.0317618	-0.106063	0.074301	-0.0317618
1200	1109.94	0	4435.64	0.222222	0.0364701	0.0270171	0.00945308	0.258692	0	1.93003	0	0	0	-0.0186817	-0.077201	0.0585193	-0.0186817
1200	1146.48	0	6154.68	0.222222	0.0270995	0.0160553	0.0110443	0.249322	0	0.442239	0	0	0	0.0322571	-0.0176896	0.0499467	0.0322571
1200	1024.43	0	365.499	0.222222	0.0646976	0.052672	0.0120255	0.28692	0	0.642313	0	0	0	0.02154	-0.0256925	0.0472326	0.02154
1200	936.157	0	3267.27	0.222222	0.0928005	0.0791529	0.0136476	0.315023	0	1.416	0	0	0	-0.0142193	-0.0566402	0.0424209	-0.0142193
1200	1258.87	0	4732.52	0.222222	-0.00215785	-0.0176622	0.0155044	0.220064	0	1.99494	0	0	0	-0.0473894	-0.0797977	0.0324083	-0.0473894
1200	1233.9	0	7706.12	0.222222	0.00430226	-0.01017	0.0144723	0.226524	0	0.669983	0	0	0	-0.0045504	-0.0267993	0.0222489	-0.0045504
1200	512.059	0	2304.8	0.222222	0.220269	0.206382	0.0138869	0.442492	0	0.952003	0	0	0	-0.0200458	-0.0380801	0.0180343	-0.0200458
1200	1552.36	0	35.099	0.222222	-0.078276	-0.105707	0.0274308	0.143946	0	1.07545	0	0	0	-0.0310949	-0.0430181	0.0119232	-0.0310949
1200	1450.37	0	2491.55	0.222222	-0.0523376	-0.0751104	0.0227728	0.169885	0	0.994572	0	0	0	-0.0336324	-0.0397829	0.00615049	-0.0336324
1200	1377.15	0	3765.27	0.222222	-0.0349218	-0.0531463	0.0182245	0.1873	0	0.428404	0	0	0	-0.0173969	-0.0171362	-0.000260722	-0.0173969
1200	1338.65	0	-2157.99	0.222222	-0.0266918	-0.0415948	0.0149031	0.19553	0	-1.87139	0	0	0	0.0760152	0.0748555	0.0011597	0.0760152
1200	1165.11	0	1404.58	0.222222	0.0226547	0.0104683	0.0121864	0.244877	0	-1.23817	0	0	0	0.0614041	0.0495269	0.0118772	0.0614041
1200	1344.1	0	657.591	0.222222	-0.0323181	-0.0432307	0.0109126	0.189904	0	-0.803969	0	0	0	0.0505263	0.0321588	0.0183676	0.0505263
1200	1320.59	0	3114.04	0.222222	-0.0280175	-0.036176	0.00815853	0.194205	0	-0.231416	0	0	0	0.0320362	0.00925663	0.0227795	0.0320362
1200	1298.01	0	633.649	0.222222	-0.0235589	-0.0294019	0.00584302	0.198663	0	0.215559	0	0	0	0.0145144	-0.00862235	0.0231368	0.0145144
1200	1165.4	0	1730.19	0.222222	0.00996685	0.0103786	-0.000411712	0.232189	0	0.1251	0	0	0	0.0171875	-0.00500399	0.0221914	0.0171875
1200	1241.26	0	3037.43	0.222222	-0.010774	-0.0123794	0.00160542	0.211448	0	0.0612462	0	0	0	0.0190708	-0.00244985	0.0215207	0.0190708
1200	1229.55	0	-707.104	0.222222	-0.00801895	-0.00886384	0.000844891	0.214203	0	0.0580535	0	0	0	0.0187353	-0.00232214	0.0210574	0.0187353
1200	1226.57	0	1193.89	0.222222	-0.00770397	-0.00797219	0.000268226	0.214518	0	0.0782738	0	0	0	0.0176963	-0.00313095	0.0208272	0.0176963
1200	1221.67	0	317.615	0.222222	-0.00674183	-0.00649966	-0.000242176	0.21548	0	-0.0579471	0	0	0	0.022768	0.00231788	0.0204502	0.022768
1200	822.652	0	4555.35	0.222222	0.115823	0.113204	0.0026183	0.338045	0	-0.2527	0	0	0	0.0314422	0.010108	0.0213342	0.0314422
1200	1360.18	0	1653.58	0.222222	-0.0437475	-0.048053	0.00430547	0.178475	0	-0.365508	0	0	0	0.0368673	0.0146203	0.022247	0.0368673
1200	1309.77	0	8309.46	0.222222	-0.0315335	-0.0329302	0.00139662	0.190689	0	-5.65577	0	0	0	0.259486	0.226231	0.033255	0.259486
1200	1273.88	0	1481.2	0.222222	-0.0227744	-0.0221642	-0.000610138	0.199448	0	-0.192039	0	0	0	0.0663787	0.00768158	0.0586971	0.0663787
1200	1256.54	0	2625.63	0.222222	-0.0189484	-0.0169614	-0.00198697	0.203274	0	0.281541	0	0	0	0.0460847	-0.0112616	0.0573463	0.0460847
1200	1289.6	0	102.137	0.222222	-0.0283872	-0.0268808	-0.00150636	0.193835	0	-0.138828	0	0	0	0.0622255	0.00555313	0.0566723	0.0622255
1200	1274.64	0	614.496	0.222222	-0.025585	-0.0223924	-0.00319259	0.196637	0	0.51567	0	0	0	0.0357228	-0.0206268	0.0563496	0.0357228
1200	1268.58	0	-4873.01	0.222222	-0.0252249	-0.0205743	-0.0046506	0.196997	0	0.413505	0	0	0	0.0368271	-0.0165402	0.0533673	0.0368271
1200	1256.59	0	-8162.65	0.222222	-0.0228977	-0.0169767	-0.00592105	0.199325	0	0.499707	0	0	0	0.0306968	-0.0199883	0.0506851	0.0306968
1200	1110.52	0	868.281	0.222222	0.0197373	0.026844	-0.00710674	0.241959	0	0.154898	0	0	0	0.0417751	-0.00619592	0.047971	0.0417751
1200	1820.03	0	1227.41	0.222222	-0.19339	-0.18601	-0.00738045	0.028832	0	0.0601819	0	0	0	0.044711	-0.00240728	0.0471183	0.044711
1200	1554.14	0	5038.98	0.222222	-0.119524	-0.106241	-0.0132835	0.102698	0	0.712552	0	0	0	0.0181242	-0.0285021	0.0466263	0.0181242
1200	1156.79	0	-582.605	0.222222	-0.00311693	0.0129631	-0.01608	0.219105	0	1.35854	0	0	0	-0.0137688	-0.0543415	0.0405726	-0.0137688
1200	1193.61	0	-357.55	0.222222	-0.013516	0.00191624	-0.0154322	0.208706	0	0.958388	0	0	0	-0.00512231	-0.0383355	0.0332132	-0.00512231
1200	1255.03	0	485.209	0.222222	-0.0303826	-0.0165087	-0.0138738	0.19184	0	1.10099	0	0	0	-0.0168355	-0.0440398	0.0272043	-0.0168355
1200	1246.13	0	-89.3995	0.222222	-0.0287535	-0.0138394	-0.0149141	0.193469	0	0.94881	0	0	0	-0.0172296	-0.0379524	0.0207228	-0.0172296
1200	1245.53	0	3310.37	0.222222	-0.0294698	-0.0136586	-0.0158112	0.192752	0	0.724258	0	0	0	-0.0134998	-0.0289703	0.0154705	-0.0134998
1200	1246.74	0	250.577	0.222222	-0.0307617	-0.0140208	-0.0167409	0.191461	0	0.748736	0	0	0	-0.0187063	-0.0299494	0.0112431	-0.0187063
1200	1085.88	0	2635.2	0.222222	0.0165713	0.0342354	-0.0176641	0.238794	0	0.304954	0	0	0	-0.00528142	-0.0121981	0.00691673	-0.00528142
1200	1281.06	0	5872.16	0.222222	-0.0417518	-0.0243167	-0.0174351	0.18047	0	-0.812483	0	0	0	0.0390007	0.0324993	0.00650137	0.0390007
1200	1266.32	0	173.963	0.222222	-0.0388724	-0.0198946	-0.0189778	0.18335	0	-1.10727	0	0	0	0.0564494	0.0442909	0.0121585	0.0564494
1200	1264.63	0	2539.43	0.222222	-0.0396723	-0.0193898	-0.0202825	0.18255	0	-0.624115	0	0	0	0.0435815	0.0249646	0.0186169	0.0435815
1200	1263.9	0	-1042.29	0.222222	-0.0407374	-0.0191693	-0.0215681	0.181485	0	-0.195232	0	0	0	0.0290918	0.00780928	0.0212825	0.0290918
1200	1308.99	0	236.212	0.222222	-0.0539615	-0.032697	-0.0212645	0.168261	0	-0.386793	0	0	0	0.0383023	0.0154717	0.0228306	0.0383023
1200	1291.41	0	-486.837	0.222222	-0.0507666	-0.0274239	-0.0233427	0.171456	0	-0.194168	0	0	0	0.0327521	0.00776672	0.0249854	0.0327521
1200	1333.31	0	1749.35	0.222222	-0.0635232	-0.039993	-0.0235302	0.158699	0	0.0708242	0	0	0	0.0230013	-0.00283297	0.0258343	0.0230013
1200	1299.3	0	-8449.95	0.222222	-0.0558299	-0.0297894	-0.0260405	0.166392	0	-0.0515617	0	0	0	0.0277177	0.00206247	0.0256552	0.0277177
1200	1115.89	0	-12.785	0.222222	-0.00263446	0.0252328	-0.0278673	0.219588	0	0.0420901	0	0	0	0.0240447	-0.0016836	0.0257283	0.0240447
1200	1298.52	0	470.844	0.222222	-0.0577327	-0.0295559	-0.0281768	0.16449	0	-0.0047358	0	0	0	0.0260675	0.000189432	0.025878	0.0260675
1200	1267.16	0	1758.92	0.222222	-0.0501879	-0.0201486	-0.0300394	0.172034	0	-0.113287	0	0	0	0.0305465	0.00453147	0.026015	0.0305465
1200	1270.17	0	-213.898	0.222222	-0.0525387	-0.0210524	-0.0314863	0.169684	0	0.415633	0	0	0	0.0102642	-0.0166253	0.0268895	0.0102642
1200	1255.96	0	815.609	0.222222	-0.0496071	-0.0167869	-0.0328202	0.172615	0	0.0867876	0	0	0	0.0154711	-0.0034715	0.0189426	0.0154711
1200	1280.44	0	-324.031	0.222222	-0.0564379	-0.0241329	-0.032305	0.165784	0	-1.22647	0	0	0	0.0711744	0.0490587	0.0221158	0.0711744
1200	1252.77	0	2256.92	0.222222	-0.0495779	-0.0158325	-0.0337455	0.172644	0	1.92151	0	0	0	-0.0519546	-0.0768605	0.0249059	-0.0519546
1200	1234.01	0	-357.55	0.222222	-0.0449076	-0.0102022	-0.0347054	0.177315	0	-3.0878	0	0	0	0.141534	0.123512	0.0180221	0.141534
1200	1221.24	0	188.328	0.222222	-0.0416831	-0.00637302	-0.0353101	0.180539	0	-1.44995	0	0	0	0.0959231	0.0579981	0.037925	0.0959231
1200	1064.6	0	15.9454	0.222222	0.00491904	0.0406197	-0.0357006	0.227141	0	-0.261214	0	0	0	0.0537337	0.0104486	0.0432851	0.0537337
1200	1255.67	0	3051.79	0.222222	-0.0516569	-0.0167002	-0.0349567	0.170565	0	1.58096	0	0	0	-0.0244744	-0.0632384	0.038764	-0.0244744
1200	964.485	0	1141.22	0.222222	0.0228624	0.0706546	-0.0477922	0.245085	0	-0.600702	0	0	0	0.0582997	0.0240281	0.0342716	0.0582997
1200	1090.63	0	-2363.89	0.222222	-0.0109912	0.0328123	-0.0438035	0.211231	0	0.315596	0	0	0	0.023844	-0.0126238	0.0364678	0.023844
1200	1161.69	0	-1157.21	0.222222	-0.0305265	0.0114931	-0.0420197	0.191696	0	0.661469	0	0	0	0.00711617	-0.0264588	0.0335749	0.00711617
1200	1240.89	0	-328.82	0.222222	-0.0522049	-0.0122676	-0.0399373	0.170017	0	0.381578	0	0	0	0.0147868	-0.0152631	0.0300499	0.0147868
1200	1242.24	0	54.2526	0.222222	-0.053423	-0.0126725	-0.0407505	0.168799	0	0.531634	0	0	0	0.00615028	-0.0212653	0.0274156	0.00615028
1200	1248.43	0	2721.39	0.222222	-0.0561527	-0.0145278	-0.0416249	0.16607	0	-0.0675251	0	0	0	0.0279102	0.002701	0.0252092	0.0279102
1200	1246.17	0	1485.99	0.222222	-0.0564216	-0.0138498	-0.0425718	0.165801	0	-0.0802958	0	0	0	0.0291774	0.00321183	0.0259655	0.0291774
1200	1091.69	0	-338.396	0.222222	-0.0110144	0.032493	-0.0435074	0.211208	0	0.175118	0	0	0	0.0187785	-0.00700473	0.0257832	0.0187785
1200	1276.34	0	-443.741	0.222222	-0.0662159	-0.0229033	-0.0433126	0.156006	0	0.208109	0	0	0	0.0166955	-0.00832437	0.0250198	0.0166955
1200	1256.94	0	-1085.39	0.222222	-0.0618297	-0.0170813	-0.0447485	0.160393	0	-0.0845527	0	0	0	0.0270735	0.00338211	0.0236914	0.0270735
1200	1238.98	0	-4087.72	0.222222	-0.0574909	-0.011694	-0.0457969	0.164731	0	-0.0643324	0	0	0	0.0275095	0.0025733	0.0249362	0.0275095
1200	1228.96	0	2232.98	0.222222	-0.0552068	-0.00868912	-0.0465177	0.167015	0	-0.0760389	0	0	0	0.027655	0.00304156	0.0246134	0.027655
1200	1257.14	0	365.499	0.222222	-0.0626745	-0.017142	-0.0455324	0.159548	0	-0.183526	0	0	0	0.0327651	0.00734103	0.025424	0.0327651
1200	1233.1	0	-893.851	0.222222	-0.056454	-0.00992871	-0.0465253	0.165768	0	-0.18459	0	0	0	0.0337651	0.00738359	0.0263815	0.0337651
1200	1224.91	0	236.212	0.222222	-0.0546094	-0.00747257	-0.0471368	0.167613	0	-0.14947	0	0	0	0.0333849	0.00597882	0.0274061	0.0333849
1200	1226.64	0	1150.8	0.222222	-0.0556278	-0.0079919	-0.0476359	0.166594	0	-0.176076	0	0	0	0.0351831	0.00704304	0.02814	0.0351831
1200	1078.1	0	-774.141	0.222222	-0.0116204	0.0365709	-0.0481913	0.210602	0	-0.0675251	0	0	0	0.0319231	0.002701	0.029222	0.0319231
1200	1267.96	0	1040.66	0.222222	-0.0681183	-0.0203885	-0.0477298	0.154104	0	0.506092	0	0	0	0.00801066	-0.0202437	0.0282543	0.00801066
1200	1035.89	0	284.096	0.222222	-0.00873105	0.0492333	-0.0579644	0.213491	0	0.299633	0	0	0	0.0136667	-0.0119853	0.025652	0.0136667
1200	1127.25	0	513.939	0.222222	-0.0333943	0.0218238	-0.0552181	0.188828	0	0.459266	0	0	0	0.00532391	-0.0183707	0.0236946	0.00532391
1200	1176.3	0	-956.101	0.222222	-0.0469512	0.0071109	-0.0540621	0.175271	0	0.308146	0	0	0	0.0087504	-0.0123259	0.0210763	0.0087504
1200	1236.93	0	-3268.9	0.222222	-0.0632457	-0.0110785	-0.0521672	0.158977	0	-0.18459	0	0	0	0.027026	0.00738359	0.0196424	0.027026
1200	1228.3	0	-841.179	0.222222	-0.0613344	-0.00848965	-0.0528448	0.160888	0	-0.14947	0	0	0	0.0271662	0.00597882	0.0211874	0.0271662
1200	1226.04	0	1184.32	0.222222	-0.0612047	-0.00781099	-0.0533938	0.161017	0	0.0676315	0	0	0	0.0188585	-0.00270526	0.0215638	0.0188585
1200	1225.6	0	355.922	0.222222	-0.061593	-0.00767853	-0.0539144	0.160629	0	-0.0377268	0	0	0	0.0228011	0.00150907	0.0212921	0.0228011
1200	1073.48	0	2113.27	0.222222	-0.0164708	0.0379549	-0.0544257	0.205751	0	-0.0685893	0	0	0	0.0242939	0.00274357	0.0215504	0.0242939
1200	1343.79	0	3224.18	0.222222	-0.0936027	-0.0431372	-0.0504656	0.12862	0	0.0995583	0	0	0	0.0178678	-0.00398233	0.0218502	0.0178678
1200	1290.05	0	1035.88	0.222222	-0.0800551	-0.0270145	-0.0530406	0.142167	0	-0.0430479	0	0	0	0.0227927	0.00172192	0.0210708	0.0227927
1200	1255.11	0	-798.083	0.222222	-0.0711847	-0.0165337	-0.054651	0.151038	0	-0.15692	0	0	0	0.0281135	0.0062768	0.0218367	0.0281135
1200	1431.78	0	-180.379	0.222222	-0.117177	-0.0695326	-0.0476447	0.105045	0	-0.214388	0	0	0	0.0313729	0.00857553	0.0227974	0.0313729
1200	1382.67	0	3315.16	0.222222	-0.105018	-0.0548001	-0.0502183	0.117204	0	-0.269728	0	0	0	0.0345536	0.0107891	0.0237645	0.0345536
1200	1321.15	0	1366.28	0.222222	-0.0898407	-0.0363444	-0.0534963	0.132382	0	-0.788006	0	0	0	0.058078	0.0315202	0.0265578	0.058078
1200	1298.08	0	1696.68	0.222222	-0.0851917	-0.0294245	-0.0557672	0.137031	0	-0.08136	0	0	0	0.0337293	0.0032544	0.0304749	0.0337293
1200	1276.59	0	-10106.7	0.222222	-0.0806174	-0.0229784	-0.057639	0.141605	0	0.122971	0	0	0	0.0254471	-0.00491885	0.030366	0.0254471
1200	1111.91	0	-242.628	0.222222	-0.0326731	0.0264259	-0.059099	0.189549	0	0.11765	0	0	0	0.0251073	-0.004706	0.0298133	0.0251073
1200	1285.73	0	-1267.35	0.222222	-0.0849682	-0.0257203	-0.0592479	0.137254	0	0.377321	0	0	0	0.0136283	-0.0150928	0.0287211	0.0136283
1200	1261.66	0	-1252.98	0.222222	-0.0793322	-0.0184979	-0.0608343	0.14289	0	0.611451	0	0	0	0.00173737	-0.024458	0.0261954	0.00173737
1200	1244.68	0	-237.84	0.222222	-0.0753786	-0.0134031	-0.0619755	0.146844	0	0.642313	0	0	0	-0.00350746	-0.0256925	0.0221851	-0.00350746
1200	1231.43	0	-1200.31	0.222222	-0.0722294	-0.00942905	-0.0628003	0.149993	0	0.652955	0	0	0	-0.00750926	-0.0261182	0.018609	-0.00750926
1200	1263.25	0	317.615	0.222222	-0.080841	-0.018976	-0.061865	0.141381	0	0.684882	0	0	0	-0.012902	-0.0273953	0.0144933	-0.012902
1200	1238.27	0	226.635	0.222222	-0.074461	-0.0114803	-0.0629808	0.147761	0	0.650827	0	0	0	-0.0155884	-0.0260331	0.0104446	-0.0155884
1200	1228.56	0	3540.21	0.222222	-0.0722432	-0.00856736	-0.0636758	0.149979	0	0.655084	0	0	0	-0.0196062	-0.0262034	0.00659715	-0.0196062
1200	1221.32	0	-199.533	0.222222	-0.0706264	-0.00639551	-0.0642309	0.151596	0	0.223008	0	0	0	-0.0062473	-0.00892034	0.00267303	-0.0062473
1200	1055.29	0	-1166.79	0.222222	-0.0211709	0.0434118	-0.0645827	0.201051	0	-0.265471	0	0	0	0.0129914	0.0106188	0.0023726	0.0129914
1200	1220.9	0	-865.121	0.222222	-0.0698007	-0.00626887	-0.0635318	0.152422	0	-0.220774	0	0	0	0.0129911	0.00883094	0.00416018	0.0129911
1200	1204.71	0	1203.47	0.222222	-0.0652579	-0.00141416	-0.0638438	0.156964	0	-0.0600755	0	0	0	0.00743448	0.00240302	0.00503146	0.00743448
1200	215.074	0	1380.64	0.222222	0.231558	0.295478	-0.0639199	0.45378	0	-0.83696	0	0	0	0.0404698	0.0334784	0.00699144	0.0404698
1200	1381.75	0	-893.851	0.222222	-0.11104	-0.0545257	-0.0565146	0.111182	0	-0.518757	0	0	0	0.0324187	0.0207503	0.0116684	0.0324187
1200	1348.96	0	1160.37	0.222222	-0.102857	-0.0446884	-0.0581683	0.119366	0	0.264513	0	0	0	0.00308936	-0.0105805	0.0136699	0.00308936
1200	1304.48	0	178.751	0.222222	-0.0922347	-0.0313439	-0.0608908	0.129987	0	0.669983	0	0	0	-0.0155019	-0.0267993	0.0112974	-0.0155019
1200	1288.64	0	1361.49	0.222222	-0.089472	-0.0265914	-0.0628806	0.13275	0	0.514606	0	0	0	-0.0132046	-0.0205842	0.00737967	-0.0132046
1200	1279.81	0	959.261	0.222222	-0.0885536	-0.0239431	-0.0646105	0.133669	0	0.133613	0	0	0	-0.000343727	-0.00534454	0.00500081	-0.000343727
1200	1106	0	-3268.9	0.222222	-0.0379298	0.0282012	-0.0661309	0.184292	0	0.150641	0	0	0	-0.00233734	-0.00602564	0.0036883	-0.00233734
1200	1281.76	0	-1511.56	0.222222	-0.090714	-0.0245277	-0.0661863	0.131508	0	-0.517692	0	0	0	0.0245362	0.0207077	0.00382846	0.0245362
1200	1508.97	0	-424.588	0.222222	-0.160397	-0.0926914	-0.067706	0.0618248	0	-0.32826	0	0	0	0.0199884	0.0131304	0.00685799	0.0199884
1200	1199.85	0	566.612	0.222222	-0.0706589	4.36523e-05	-0.0707025	0.151563	0	-0.263343	0	0	0	0.0191888	0.0105337	0.00865515	0.0191888
1200	1208.34	0	15.9454	0.222222	-0.0732557	-0.00250082	-0.0707548	0.148967	0	-0.31549	0	0	0	0.0229346	0.0126196	0.010315	0.0229346
1200	1249.49	0	-233.052	0.222222	-0.0842466	-0.0148482	-0.0693985	0.137976	0	-0.353802	0	0	0	0.0264973	0.0141521	0.0123452	0.0264973
1200	1227.25	0	-161.226	0.222222	-0.0784333	-0.00817537	-0.0702579	0.143789	0	-0.319746	0	0	0	0.0272164	0.0127899	0.0144265	0.0272164
1200	1209.18	0	39.8874	0.222222	-0.0734663	-0.00275361	-0.0707127	0.148756	0	-0.382536	0	0	0	0.0317135	0.0153014	0.0164121	0.0317135
1200	1195.49	0	-376.704	0.222222	-0.0694741	0.00135436	-0.0708285	0.152748	0	-0.248443	0	0	0	0.0285014	0.00993773	0.0185636	0.0285014
1200	1036.62	0	-271.359	0.222222	-0.0216671	0.0490132	-0.0706803	0.200555	0	-0.276113	0	0	0	0.031102	0.0110445	0.0200575	0.031102
1200	1202.67	0	-314.454	0.222222	-0.0700267	-0.000800244	-0.0692265	0.152195	0	-0.399563	0	0	0	0.0379074	0.0159825	0.0219249	0.0379074
1200	1186.05	0	341.557	0.222222	-0.0650005	0.00418429	-0.0691848	0.157222	0	-0.521949	0	0	0	0.0454429	0.020878	0.0245649	0.0454429
1200	1179.12	0	-707.104	0.222222	-0.0625979	0.00626459	-0.0688625	0.159624	0	-0.379343	0	0	0	0.0426883	0.0151737	0.0275146	0.0426883
1200	1180.58	0	-606.547	0.222222	-0.0626118	0.0058251	-0.0684369	0.15961	0	-0.029213	0	0	0	0.030244	0.00116852	0.0290755	0.030244
1200	1226.96	0	-295.301	0.222222	-0.0747032	-0.00808667	-0.0666165	0.147519	0	-0.194168	0	0	0	0.0374325	0.00776672	0.0296658	0.0374325
1200	1216.78	0	691.11	0.222222	-0.0721167	-0.00503459	-0.0670821	0.150106	0	-0.103709	0	0	0	0.034794	0.00414835	0.0306457	0.034794
1200	1855.47	0	820.397	0.222222	-0.264039	-0.196642	-0.0673969	-0.0418164	0	-0.0089927	0	0	0	0.0315893	0.000359708	0.0312296	0.0315893
1200	1092.38	0	312.826	0.222222	-0.0402114	0.0322855	-0.0724969	0.182011	0	0.195339	0	0	0	0.0232114	-0.00781354	0.0310249	0.0232114
1200	988.739	0	-3039.06	0.222222	-0.00725172	0.0633782	-0.07063	0.21497	0	-0.26015	0	0	0	0.0408112	0.010406	0.0304052	0.0408112
1200	1186.64	0	-2689.5	0.222222	-0.0644118	0.00400657	-0.0684183	0.15781	0	0.331559	0	0	0	0.0183047	-0.0132624	0.0315671	0.0183047
1200	1184.11	0	-1865.9	0.222222	-0.0633633	0.00476836	-0.0681317	0.158859	0	0.781727	0	0	0	-0.0029333	-0.0312691	0.0283358	-0.0029333
1200	1189.1	0	853.916	0.222222	-0.064556	0.00327052	-0.0678265	0.157666	0	0.538019	0	0	0	0.00247264	-0.0215208	0.0239934	0.00247264
1200	1194.92	0	1270.51	0.222222	-0.0661241	0.00152457	-0.0676487	0.156098	0	0.197467	0	0	0	0.0128155	-0.00789868	0.0207142	0.0128155
1200	1306.56	0	-2435.72	0.222222	-0.101119	-0.0319667	-0.0691519	0.121104	0	-0.019635	0	0	0	0.0217643	0.000785398	0.0209789	0.0217643
1200	1246.4	0	140.444	0.222222	-0.0847744	-0.01392	-0.0708545	0.137448	0	-0.0962592	0	0	0	0.025078	0.00385037	0.0212276	0.025078
1200	1360.83	0	197.905	0.222222	-0.113442	-0.04825	-0.0651923	0.10878	0	-0.233544	0	0	0	0.0312331	0.00934177	0.0218913	0.0312331
1200	1273.67	0	3267.27	0.222222	-0.0899975	-0.022102	-0.0678955	0.132225	0	-0.334646	0	0	0	0.0368732	0.0133858	0.0234874	0.0368732
1200	1234.11	0	44.6758	0.222222	-0.079356	-0.0102335	-0.0691224	0.142866	0	-0.248443	0	0	0	0.0353978	0.00993773	0.0254601	0.0353978
1200	1211.78	0	221.847	0.222222	-0.0731304	-0.00353284	-0.0695976	0.149092	0	-0.22503	0	0	0	0.0360446	0.00900122	0.0270434	0.0360446
1200	1194.55	0	-391.069	0.222222	-0.0680462	0.00163619	-0.0696824	0.154176	0	-0.268664	0	0	0	0.0392039	0.0107465	0.0284574	0.0392039
1200	1194.61	0	-1094.96	0.222222	-0.067955	0.00161572	-0.0695707	0.154267	0	-0.0866811	0	0	0	0.0332972	0.00346725	0.0298299	0.0332972
1200	1195.22	0	-2282.49	0.222222	-0.0680363	0.00143503	-0.0694714	0.154186	0	0.271963	0	0	0	0.0189224	-0.0108785	0.0298009	0.0189224
1200	1192.55	0	-553.875	0.222222	-0.0671921	0.00223425	-0.0694264	0.15503	0	0.212366	0	0	0	0.0196713	-0.00849465	0.0281659	0.0196713
1200	1188.55	0	-687.95	0.222222	-0.0659088	0.0034344	-0.0693432	0.156313	0	0.343266	0	0	0	0.0130078	-0.0137306	0.0267385	0.0130078
1200	1058.5	0	1457.25	0.222222	-0.0319099	0.0424503	-0.0743602	0.190312	0	0.0846591	0	0	0	0.0215447	-0.00338636	0.0249311	0.0215447
1200	1111.33	0	-913.005	0.222222	-0.0452406	0.0265999	-0.0718405	0.176982	0	-0.409141	0	0	0	0.0413603	0.0163657	0.0249946	0.0413603
1200	1124.85	0	-3086.94	0.222222	-0.0484082	0.0225456	-0.0709538	0.173814	0	-0.477252	0	0	0	0.0453121	0.0190901	0.026222	0.0453121
1200	1136.21	0	940.107	0.222222	-0.0506933	0.0191377	-0.069831	0.171529	0	0.0410259	0	0	0	0.0258528	-0.00164104	0.0274938	0.0258528
1200	1146.05	0	260.154	0.222222	-0.052376	0.0161839	-0.0685599	0.169846	0	-0.0930665	0	0	0	0.0311332	0.00372266	0.0274105	0.0311332
1200	1159.72	0	2094.11	0.222222	-0.0554711	0.0120839	-0.067555	0.166751	0	0.285798	0	0	0	0.016553	-0.0114319	0.0279849	0.016553
1200	1157.15	0	-1482.82	0.222222	-0.0539306	0.0128548	-0.0667854	0.168292	0	-0.133507	0	0	0	0.032118	0.00534028	0.0267777	0.032118
1200	1149.75	0	-472.472	0.222222	-0.0508866	0.0150759	-0.0659625	0.171336	0	-0.234608	0	0	0	0.0372792	0.00938434	0.0278948	0.0372792
1200	1149.49	0	1596.12	0.222222	-0.0497861	0.015154	-0.0649401	0.172436	0	-0.350609	0	0	0	0.0432438	0.0140244	0.0292195	0.0432438
1200	1146.51	0	312.826	0.222222	-0.0478698	0.0160467	-0.0639166	0.174352	0	-0.524078	0	0	0	0.0525991	0.0209631	0.031636	0.0525991
1200	1146.6	0	-65.4575	0.222222	-0.0468267	0.0160213	-0.0628479	0.175396	0	-0.661363	0	0	0	0.0612542	0.0264545	0.0347996	0.0612542
1200	1159.16	0	580.977	0.222222	-0.0495546	0.0122531	-0.0618076	0.172668	0	-0.413398	0	0	0	0.0552527	0.0165359	0.0387167	0.0552527
1200	1163.2	0	743.783	0.222222	-0.0499285	0.011041	-0.0609695	0.172294	0	-0.0749747	0	0	0	0.0437459	0.00299899	0.040747	0.0437459
1200	1175.46	0	389.441	0.222222	-0.0529413	0.00736095	-0.0603023	0.169281	0	0.154898	0	0	0	0.0346242	-0.00619592	0.0408201	0.0346242
1199.88	1182.03	-238.996	-1090.18	0.218217	-0.0544933	0.00535474	-0.059848	0.163724	0	0.286862	0	0	0	0.0282598	-0.0114745	0.0397342	0.0282598
1198.92	1185.43	-718.989	-544.298	0.21004	-0.0554662	0.00404725	-0.0595135	0.154573	0	0.54334	0	0	0	0.0156952	-0.0217336	0.0374288	0.0156952
1197.01	1184.98	-1198.98	-371.915	0.201685	-0.05572	0.00360883	-0.0593288	0.145965	0	0.400734	0	0	0	0.0183437	-0.0160294	0.0343731	0.0183437
1194.13	1185.19	-1678.98	557.035	0.193152	-0.0564237	0.00268118	-0.0591049	0.136728	0	0.226201	0	0	0	0.0230101	-0.00904804	0.0320581	0.0230101
1190.29	1181.39	-2158.97	-1238.62	0.184441	-0.0562645	0.00266836	-0.0589329	0.128177	0	0.174054	0	0	0	0.0238984	-0.00696216	0.0308605	0.0238984
1185.49	1177.12	-2638.96	-860.332	0.175553	-0.05624	0.0025118	-0.0587518	0.119313	0	0.0165487	0	0	0	0.0294576	-0.000661948	0.0301195	0.0294576
1179.73	1176.07	-3118.96	-161.226	0.171042	-0.0566689	0.00199926	-0.0586015	0.107774	0	0.0548608	0	0	0	0.0277683	-0.00219443	0.0299627	0.0277683
1173.02	1175.16	-3598.95	135.655	0.157243	-0.0591914	-0.000643909	-0.0585475	0.0980511	0	0.0953014	0	0	0	0.025713	-0.00381205	0.029525	0.025713
1165.34	1153.47	-4078.95	-3096.52	0.147821	-0.0549227	0.00356162	-0.0584844	0.0928981	0	0.500771	0	0	0	0.00886171	-0.0200308	0.0288926	0.00886171
1156.7	1139.7	-4558.94	-922.582	0.138221	-0.0531176	0.00510051	-0.0582181	0.0851038	0	1.00309	0	0	0	-0.0154295	-0.0401234	0.0246939	-0.0154295
1147.1	1123.38	-5038.93	-1090.18	0.128444	-0.0507386	0.00711815	-0.0578567	0.0777056	0	0.72958	0	0	0	-0.0102141	-0.0291832	0.0189691	-0.0102141
1136.54	1099.91	-5518.93	-4906.53	0.118489	-0.0464321	0.0109895	-0.0574216	0.072057	0	-0.525142	0	0	0	0.0368552	0.0210057	0.0158495	0.0368552
1125.03	1085.97	-5998.92	-1592.96	0.108356	-0.0449529	0.0117176	-0.0566705	0.0634034	0	-0.407013	0	0	0	0.0351947	0.0162805	0.0189142	0.0351947
1112.55	1070.78	-6478.92	-5126.8	0.0980457	-0.043332	0.0125321	-0.0558641	0.0547137	0	0.436918	0	0	0	0.00253543	-0.0174767	0.0200121	0.00253543
1099.11	1075.22	-6958.91	3468.38	0.0875574	-0.0479363	0.00716869	-0.055105	0.039621	0	0.0112276	0	0	0	0.0176024	-0.000449103	0.0180515	0.0176024
1084.71	1075.51	-7438.9	-357.55	0.0822465	-0.0499107	0.00495538	-0.0548661	0.0323359	0	0.114457	0	0	0	0.0134395	-0.0045783	0.0180178	0.0134395
1069.36	1073.14	-7918.9	-142.072	0.0660474	-0.055767	-0.0011365	-0.0546305	0.0102804	0	0.294311	0	0	0	0.00385198	-0.0117725	0.0156244	0.00385198
1053.04	1063.09	-8398.89	-4695.84	0.0550257	-0.0577652	-0.00301527	-0.0547499	-0.00273953	0	0.824296	0	0	0	-0.0193016	-0.0329718	0.0136702	-0.0193016
1035.76	1055.75	-8878.88	-3335.94	0.0438262	-0.0609904	-0.00599784	-0.0549926	-0.0171642	0	2.49939	0	0	0	-0.0941787	-0.0999754	0.00579675	-0.0941787
1017.79	1041.09	-9000	-10599.9	0.03848	-0.0624029	-0.00698941	-0.0554135	-0.0239229	0	0.519927	0	0	0	-0.0281641	-0.0207971	-0.00736697	-0.0281641
999.792	1039.79	-9000	-3067.79	0.0351467	-0.0680961	-0.0119988	-0.0560973	-0.0329494	0	0.582716	0	0	0	-0.0328246	-0.0233087	-0.00951596	-0.0328246
981.793	1034.54	-9000	-3082.15	0.0318134	-0.0728744	-0.0158251	-0.0570493	-0.041061	0	1.068	0	0	0	-0.0569807	-0.0427201	-0.0142606	-0.0569807
963.793	1022.63	-9000	-4389.39	0.0284801	-0.0758006	-0.0176497	-0.0581509	-0.0473205	0	0.105944	0	0	0	-0.0238911	-0.00423774	-0.0196533	-0.0238911
945.793	1006.5	-9000	-3388.61	0.0251469	-0.0775521	-0.018211	-0.0593411	-0.0524053	0	0.16554	0	0	0	-0.0259847	-0.00662161	-0.0193631	-0.0259847
927.793	993.438	-9000	-8675.01	0.0234802	-0.0769414	-0.0169933	-0.0599481	-0.0534612	0	1.14463	0	0	0	-0.0656448	-0.0457851	-0.0198598	-0.0656448
909.793	977.704	-9000	-477.26	0.0184803	-0.0820677	-0.0203732	-0.0616945	-0.0635875	0	2.32379	0	0	0	-0.130801	-0.0929516	-0.0378494	-0.130801
891.794	940.72	-9000	-2105.32	0.015147	-0.0775951	-0.0146779	-0.0629172	-0.0624481	0	1.69696	0	0	0	-0.118636	-0.0678784	-0.0507577	-0.118636
873.794	905.571	-9000	-4279.25	0.0118137	-0.0733579	-0.00953313	-0.0638248	-0.0615443	0	0.675304	0	0	0	-0.0868948	-0.0270122	-0.0598827	-0.0868948
855.794	867.155	-9000	-2201.09	0.0084804	-0.0677741	-0.00340823	-0.0643659	-0.0592937	0	0.30389	0	0	0	-0.0746757	-0.0121556	-0.0625201	-0.0746757
837.794	815.72	-9000	-14780.2	0.0051471	-0.0579283	0.00662221	-0.0645505	-0.0527812	0	3.3646	0	0	0	-0.203324	-0.134584	-0.0687398	-0.203324
819.795	781.195	-9000	-17030.8	0.00181381	-0.0524244	0.0115798	-0.0640042	-0.0506106	0	0.672111	0	0	0	-0.114876	-0.0268845	-0.0879919	-0.114876
801.795	775.266	-9000	-5251.3	-0.00151948	-0.055305	0.00795873	-0.0632638	-0.0568245	0	-1.32863	0	0	0	-0.0324461	0.0531453	-0.0855914	-0.0324461
783.795	777.487	-9000	-1286.5	-0.00485276	-0.0609458	0.00189243	-0.0628382	-0.0657985	0	0.732772	0	0	0	-0.110292	-0.0293109	-0.0809814	-0.110292
765.795	775.141	-9000	2036.65	-0.00818605	-0.0658488	-0.00307018	-0.0627786	-0.0740348	0	0.547597	0	0	0	-0.107863	-0.0219039	-0.0859592	-0.107863
747.796	758.151	-9000	312.826	-0.0115194	-0.0660634	-0.0031066	-0.0629568	-0.0775827	0	0.326238	0	0	0	-0.101617	-0.0130495	-0.0885679	-0.101617
729.796	726.255	-9000	791.667	-0.0148526	-0.062018	0.00106234	-0.0630804	-0.0768707	0	0.848773	0	0	0	-0.12531	-0.0339509	-0.0913586	-0.12531
711.796	-407.622	-9000	-443.741	-0.0181859	0.272883	0.335825	-0.0629425	0.254697	0	0.176182	0	0	0	-0.102566	-0.0070473	-0.095519	-0.102566
693.796	850.586	-9000	-6098.85	-0.0215192	-0.101183	-0.0470369	-0.0541465	-0.122703	0	-1.41909	0	0	0	-0.0381363	0.0567636	-0.0948999	-0.0381363
675.797	719.989	-9000	-15680.4	-0.0248525	-0.0700232	-0.0132579	-0.0567653	-0.0948757	0	-2.34603	0	0	0	0.0112967	0.0938412	-0.0825446	0.0112967
657.797	647.396	-9000	-18548.7	-0.0281858	-0.054204	0.00312014	-0.0573242	-0.0823898	0	0.909434	0	0	0	-0.111065	-0.0363773	-0.0746877	-0.111065
639.797	632.929	-9000	-12568	-0.0315191	-0.0550095	0.00206036	-0.0570699	-0.0865286	0	-3.04842	0	0	0	0.0475137	0.121937	-0.074423	0.0475137
621.797	655.087	-9000	-1765.34	-0.0348524	-0.0671161	-0.00998696	-0.0571292	-0.101969	0	-2.49609	0	0	0	0.043944	0.0998435	-0.0558995	0.043944
603.797	1556.73	-9000	-4710.21	-0.036519	-0.340642	-0.28318	-0.0574621	-0.377161	0	-1.80221	0	0	0	0.0236773	0.0720885	-0.0484112	0.0236773
585.798	542.373	-9000	1275.3	-0.041519	-0.0514246	0.0130274	-0.0644521	-0.0929436	0	-1.36269	0	0	0	0.0190948	0.0545075	-0.0354127	0.0190948
567.798	577.859	-9000	494.786	-0.0448523	-0.0669355	-0.00301838	-0.0639171	-0.111788	0	-1.38823	0	0	0	0.0283277	0.0555291	-0.0272015	0.0283277
549.798	566.657	-9000	1.58017	-0.0481855	-0.069257	-0.00505763	-0.0641994	-0.117443	0	-1.32863	0	0	0	0.0341934	0.0531453	-0.0189519	0.0341934
531.798	529.564	-9000	-1789.28	-0.0515188	-0.0637934	0.000670221	-0.0644636	-0.115312	0	-1.91289	0	0	0	0.0656154	0.0765157	-0.0109003	0.0656154
513.799	470.745	-9000	-10858.5	-0.0548521	-0.0514078	0.0129162	-0.064324	-0.10626	0	-3.95514	0	0	0	0.162403	0.158206	0.00419756	0.162403
495.799	408.596	-9000	-33488.5	-0.0581854	-0.0370989	0.0261609	-0.0632598	-0.0952843	0	1.1723	0	0	0	-0.0246369	-0.0468919	0.022255	-0.0246369
477.799	404.565	-9000	-9489.04	-0.0615187	-0.0395488	0.0219702	-0.061519	-0.101067	0	0.828552	0	0	0	-0.0208677	-0.0331421	0.0122744	-0.0208677
459.799	418.574	-9000	-994.408	-0.064852	-0.0478402	0.0123675	-0.0602077	-0.112692	0	-0.746501	0	0	0	0.0412338	0.02986	0.0113737	0.0412338
441.799	432.269	-9000	418.171	-0.0681853	-0.0566895	0.00285926	-0.0595487	-0.124875	0	-0.188847	0	0	0	0.0224648	0.00755387	0.0149109	0.0224648
423.8	423.925	-9000	-4346.29	-0.0715186	-0.0594416	-3.76099e-05	-0.059404	-0.13096	0	0.565689	0	0	0	-0.00706887	-0.0226276	0.0155587	-0.00706887
405.8	401.616	-9000	-1928.15	-0.0748519	-0.058117	0.00125516	-0.0593721	-0.132969	0	1.41707	0	0	0	-0.0464083	-0.0566828	0.0102745	-0.0464083
387.8	372.738	-9000	-917.793	-0.0781852	-0.0547375	0.00451878	-0.0592563	-0.132923	0	1.43729	0	0	0	-0.0559015	-0.0574916	0.0015901	-0.0559015
369.8	289.292	-9000	-5821.12	-0.0815184	-0.0362953	0.0241525	-0.0604478	-0.117814	0	0.003778	0	0	0	-0.00588534	-0.00015112	-0.00573422	-0.00588534
351.801	249.73	-9000	-20152.8	-0.0848517	-0.0282331	0.0306211	-0.0588542	-0.113085	0	0.774277	0	0	0	-0.0348475	-0.0309711	-0.0038764	-0.0348475
333.801	225.564	-9000	-11998.2	-0.088185	-0.0242724	0.032471	-0.0567434	-0.112457	0	4.00846	0	0	0	-0.175862	-0.160338	-0.0155236	-0.175862
315.801	227.347	-9000	-2684.71	-0.0915183	-0.0281374	0.0265362	-0.0546735	-0.119656	0	2.49194	0	0	0	-0.137301	-0.0996775	-0.0376236	-0.137301
297.801	240.138	-9000	920.954	-0.0948516	-0.036133	0.0172989	-0.0534319	-0.130985	0	2.24184	0	0	0	-0.141205	-0.0896737	-0.0515312	-0.141205
279.802	196.128	-9000	-12.785	-0.0981849	-0.0268808	0.0251022	-0.051983	-0.125066	0	2.47597	0	0	0	-0.164388	-0.0990389	-0.0653495	-0.164388
261.802	165.64	-9000	-7305.52	-0.101518	-0.0214137	0.0288486	-0.0502623	-0.122932	0	3.79881	0	0	0	-0.233473	-0.151952	-0.0815207	-0.233473
243.802	134.917	-9000	-10082.8	-0.104851	-0.015602	0.0326655	-0.0482675	-0.120453	0	4.03719	0	0	0	-0.267733	-0.161488	-0.106245	-0.267733
225.802	108.444	-9000	-11955.1	-0.108185	-0.010816	0.0352076	-0.0460236	-0.119001	0	2.3025	0	0	0	-0.219363	-0.0921002	-0.127263	-0.219363
207.803	98.3082	-9000	-4207.43	-0.111518	-0.0108504	0.0328483	-0.0436987	-0.122368	0	2.89315	0	0	0	-0.257276	-0.115726	-0.14155	-0.257276
189.803	-132.792	-9000	-2885.83	-0.114851	0.0551096	0.0967784	-0.0416688	-0.0597417	0	2.33869	0	0	0	-0.252323	-0.0935475	-0.158775	-0.252323
171.803	119.64	-9000	-889.063	-0.118185	-0.0223714	0.015649	-0.0380204	-0.140556	0	1.85872	0	0	0	-0.246052	-0.0743489	-0.171703	-0.246052
154.134	80.9982	-8601.42	-405.434	-0.114814	-0.0149284	0.0219408	-0.0368692	-0.129742	0	2.11094	0	0	0	-0.267497	-0.0844378	-0.183059	-0.267497
137.412	42.606	-8121.43	-3407.76	-0.109911	-0.00685795	0.0284417	-0.0352997	-0.116768	0	1.93428	0	0	0	-0.273147	-0.0773713	-0.195776	-0.273147
121.649	4.9455	-7641.43	-9757.19	-0.10483	0.00172118	0.0350111	-0.0332899	-0.103108	0	1.04672	0	0	0	-0.247782	-0.0418687	-0.205913	-0.247782
106.846	-16.9197	-7161.44	-7602.4	-0.099571	0.00622497	0.0371298	-0.0309048	-0.093346	0	-0.0451764	0	0	0	-0.209141	0.00180705	-0.210948	-0.209141
93.0036	-28.0584	-6681.45	-7597.62	-0.0941346	0.00789911	0.0363186	-0.0284195	-0.0862355	0	-1.14984	0	0	0	-0.163205	0.0459937	-0.209199	-0.163205
80.1209	-23.1306	-6201.45	-3086.94	-0.0885204	0.00490852	0.0309754	-0.0260669	-0.0836118	0	-1.85436	0	0	0	-0.126858	0.0741744	-0.201032	-0.126858
68.1981	-13.8323	-5721.46	-2397.41	-0.0827284	0.000491735	0.0246091	-0.0241174	-0.0822366	0	-1.72984	0	0	0	-0.120604	0.0691938	-0.189798	-0.120604
57.2353	-7.41809	-5241.47	-3134.82	-0.0767586	-0.00322868	0.019396	-0.0226247	-0.0799873	0	-2.05656	0	0	0	-0.0971307	0.0822625	-0.179393	-0.0971307
47.2325	1.23225	-4761.47	-6726.13	-0.0706111	-0.00759477	0.0138001	-0.0213949	-0.0782059	0	-2.98031	0	0	0	-0.0461908	0.119212	-0.165403	-0.0461908
38.1897	13.7889	-4281.48	-9977.45	-0.0642858	-0.0132536	0.00732023	-0.0205739	-0.0775394	0	-2.71425	0	0	0	-0.0389192	0.10857	-0.147489	-0.0389192
30.1068	39.0565	-3801.48	-7870.56	-0.0577827	-0.0229218	-0.00268491	-0.0202369	-0.0807045	0	-3.89767	0	0	0	0.0261174	0.155907	-0.129789	0.0261174
22.984	75.5675	-3321.49	-3312	-0.0511019	-0.0363961	-0.0157751	-0.020621	-0.087498	0	-4.17118	0	0	0	0.0615164	0.166847	-0.105331	0.0615164
16.821	107.208	-2841.5	-4432.48	-0.0442433	-0.0489803	-0.0271162	-0.0218641	-0.0932236	0	-3.48156	0	0	0	0.0578157	0.139262	-0.0814466	0.0578157
11.6181	395.402	-2361.5	-6553.74	-0.0372069	-0.12858	-0.115135	-0.0134445	-0.165786	0	-3.53796	0	0	0	0.0805366	0.141519	-0.0609819	0.0805366
7.37516	310.568	-1881.51	-6860.2	-0.0299927	-0.111587	-0.0909579	-0.0206286	-0.141579	0	-3.46347	0	0	0	0.0988772	0.138539	-0.0396615	0.0988772
4.09218	274.297	-1401.52	-8718.1	-0.0226008	-0.107552	-0.0810614	-0.0264904	-0.130153	0	-2.79513	0	0	0	0.0925096	0.111805	-0.0192958	0.0925096
1.76917	260.465	-921.521	-7516.21	-0.0150311	-0.109449	-0.0776087	-0.0318401	-0.12448	0	-1.74368	0	0	0	0.0654311	0.0697472	-0.00431606	0.0654311
0.406138	260.56	-441.527	-3379.03	-0.00728358	-0.115073	-0.0780463	-0.0370264	-0.122356	0	-1.65322	0	0	0	0.0718981	0.0661288	0.00576928	0.0718981
0	256.319	0	-3537.05	0	-0.119126	-0.0768958	-0.0422297	-0.119126	0	-1.36269	0	0	0	0.0701673	0.0545075	0.0156599	0.0701673
0	243.077	0	-3273.69	0	-0.120225	-0.0729231	-0.0473014	-0.120225	0	-1.07854	0	0	0	0.0661379	0.0431416	0.0229963	0.0661379
0	232.829	0	-5514.66	0	-0.119581	-0.0698486	-0.0497322	-0.119581	0	-1.26371	0	0	0	0.0767805	0.0505486	0.0262319	0.0767805
0	198.303	0	-13870.4	0	-0.115842	-0.0594908	-0.0563517	-0.115842	0	-0.00154313	0	0	0	0.036837	6.17251e-05	0.0367753	0.036837
0	192.151	0	-6821.9	0	-0.117898	-0.0576454	-0.0602523	-0.117898	0	0.676368	0	0	0	0.00796425	-0.0270547	0.035019	0.00796425
0	195.561	0	-3412.55	0	-0.122783	-0.0586682	-0.064115	-0.122783	0	0.516735	0	0	0	0.0106809	-0.0206694	0.0313503	0.0106809
0	193.407	0	-3484.38	0	-0.12605	-0.0580221	-0.0680283	-0.12605	0	1.13824	0	0	0	-0.0179599	-0.0455297	0.0275698	-0.0179599
0	1160.07	0	-4825.13	0	-0.419873	-0.34802	-0.0718531	-0.419873	0	1.45006	0	0	0	-0.0381017	-0.0580024	0.0199007	-0.0381017
0	-22.2222	0	-9503.4	0	-0.0760918	0.00666666	-0.0827584	-0.0760918	0	1.29575	0	0	0	-0.040256	-0.0518299	0.0115739	-0.040256
0	33.6202	0	-9575.23	0	-0.0927249	-0.0100861	-0.0826388	-0.0927249	0	2.23759	0	0	0	-0.0870929	-0.0895035	0.00241059	-0.0870929
0	67.1623	0	-3580.15	0	-0.103646	-0.0201487	-0.0834973	-0.103646	0	1.99707	0	0	0	-0.0910606	-0.0798829	-0.0111778	-0.0910606
0	76.8171	0	-3201.86	0	-0.107214	-0.0230451	-0.0841689	-0.107214	0	1.71292	0	0	0	-0.0856859	-0.0685169	-0.017169	-0.0856859
0	87.2404	0	-3541.84	0	-0.112806	-0.0261721	-0.0866343	-0.112806	0	1.50114	0	0	0	-0.091935	-0.0600457	-0.0318893	-0.091935
0	961.592	0	-6601.63	0	-0.376842	-0.288478	-0.0883641	-0.376842	0	0.72213	0	0	0	-0.0687948	-0.0288852	-0.0399096	-0.0687948
0	-308.503	0	-7990.27	0	-0.012733	0.092551	-0.105284	-0.012733	0	0.170861	0	0	0	-0.0498955	-0.00683445	-0.0430611	-0.0498955
0	-157.828	0	-4801.19	0	-0.0526403	0.0473484	-0.0999887	-0.0526403	0	0.457138	0	0	0	-0.0626591	-0.0182855	-0.0443736	-0.0626591
0	-79.3178	0	-1683.94	0	-0.0734974	0.0237953	-0.0972927	-0.0734974	0	0.141063	0	0	0	-0.0524588	-0.00564252	-0.0468163	-0.0524588
0	-41.4815	0	-2387.83	0	-0.0834894	0.0124445	-0.0959339	-0.0834894	0	0.046347	0	0	0	-0.0491622	-0.00185388	-0.0473083	-0.0491622
0	-27.3633	0	-6189.83	0	-0.0869788	0.00820898	-0.0951877	-0.0869788	0	0.315596	0	0	0	-0.060654	-0.0126238	-0.0480302	-0.060654
0	-19.9652	0	-8670.22	0	-0.0886883	0.00598956	-0.0946779	-0.0886883	0	0.105944	0	0	0	-0.054037	-0.00423774	-0.0497992	-0.054037
0	800.886	0	-6659.09	0	-0.334744	-0.240266	-0.0944782	-0.334744	0	-0.208003	0	0	0	-0.041797	0.00832011	-0.0501171	-0.041797
0	-114.901	0	-3589.72	0	-0.0643648	0.0344703	-0.0988351	-0.0643648	0	-0.942318	0	0	0	-0.00730536	0.0376927	-0.0449981	-0.00730536
0	-62.2897	0	-3173.13	0	-0.0781599	0.0186869	-0.0968468	-0.0781599	0	-0.722024	0	0	0	-0.010808	0.0288809	-0.039689	-0.010808
0	-32.6917	0	-3005.54	0	-0.085962	0.00980752	-0.0957695	-0.085962	0	-0.645399	0	0	0	-0.00969731	0.025816	-0.0355133	-0.00969731
0	-18.7884	0	-6352.63	0	-0.0895583	0.00563651	-0.0951948	-0.0895583	0	-0.673069	0	0	0	-0.00472131	0.0269228	-0.0316441	-0.00472131
0	-7.85765	0	-6434.03	0	-0.092516	0.00235729	-0.0948733	-0.092516	0	-0.840153	0	0	0	0.00622712	0.0336061	-0.027379	0.00622712
0	774.82	0	-4293.62	0	-0.327221	-0.232446	-0.0947746	-0.327221	0	-0.811418	0	0	0	0.0100389	0.0324567	-0.0224179	0.0100389
0	-133.115	0	-3355.09	0	-0.0607579	0.0399345	-0.100692	-0.0607579	0	-0.915713	0	0	0	0.0192164	0.0366285	-0.0174121	0.0192164
0	-261.531	0	-2507.54	0	-0.0275584	0.0784594	-0.106018	-0.0275584	0	-0.871015	0	0	0	0.0229356	0.0348406	-0.011905	0.0229356
0	-197.567	0	-3915.33	0	-0.0441325	0.0592701	-0.103403	-0.0441325	0	-0.856116	0	0	0	0.0249526	0.0342446	-0.009292	0.0249526
0	-92.8421	0	-5801.96	0	-0.0708883	0.0278526	-0.098741	-0.0708883	0	-0.750758	0	0	0	0.0281241	0.0300303	-0.00190622	0.0281241
0	-57.4032	0	-4082.93	0	-0.0798589	0.017221	-0.0970798	-0.0798589	0	-0.575161	0	0	0	0.0254866	0.0230064	0.0024802	0.0254866
0	-34.6469	0	-3944.06	0	-0.0856691	0.0103941	-0.0960631	-0.0856691	0	-0.318682	0	0	0	0.0181995	0.0127473	0.00545226	0.0181995
0	-20.6917	0	-2833.15	0	-0.0892454	0.00620752	-0.0954529	-0.0892454	0	-0.229287	0	0	0	0.0163954	0.00917149	0.00722388	0.0163954
0	-13.5738	0	-2928.92	0	-0.0910101	0.00407213	-0.0950822	-0.0910101	0	-0.114351	0	0	0	0.0130172	0.00457404	0.00844316	0.0130172
0	747.019	0	-3541.84	0	-0.318929	-0.224106	-0.0948235	-0.318929	0	-0.0206992	0	0	0	0.0097976	0.000827967	0.00896963	0.0097976
0	-158.279	0	-5054.97	0	-0.0527824	0.0474838	-0.100266	-0.0527824	0	0.0303836	0	0	0	0.00778909	-0.00121535	0.00900443	0.00778909
0	-102.761	0	-5117.22	0	-0.0665888	0.0308284	-0.0974172	-0.0665888	0	0.118714	0	0	0	0.00386923	-0.00474857	0.0086178	0.00386923
0	-83.3198	0	-3479.59	0	-0.0713936	0.0249959	-0.0963896	-0.0713936	0	0.0388974	0	0	0	0.00670576	-0.0015559	0.00826165	0.00670576
0	-45.8917	0	-438.953	0	-0.0805683	0.0137675	-0.0943358	-0.0805683	0	-0.0153781	0	0	0	0.00910138	0.000615122	0.00848626	0.00910138
0	-34.6841	0	-678.373	0	-0.0830807	0.0104052	-0.093486	-0.0830807	0	0.0080349	0	0	0	0.00817732	-0.000321396	0.00849871	0.00817732
0	-30.0129	0	-1094.96	0	-0.0838191	0.00900388	-0.092823	-0.0838191	0	-0.0409195	0	0	0	0.0101671	0.00163678	0.00853032	0.0101671
0	-28.0002	0	-860.332	0	-0.083835	0.00840005	-0.092235	-0.083835	0	-0.0419837	0	0	0	0.0104711	0.00167935	0.0087918	0.0104711
0	-27.7614	0	-874.698	0	-0.0833502	0.00832841	-0.0916786	-0.0833502	0	-0.0185707	0	0	0	0.00976418	0.000742829	0.00902135	0.00976418
0	-27.5496	0	-769.353	0	-0.0828617	0.00826488	-0.0911265	-0.0828617	0	0.0495397	0	0	0	0.00704903	-0.00198159	0.00903061	0.00704903
0	-27.8949	0	-410.223	0	-0.0822039	0.00836847	-0.0905723	-0.0822039	0	-0.0302772	0	0	0	0.00997639	0.00121109	0.0087653	0.00997639
0	-28.6366	0	-549.086	0	-0.0814233	0.00859099	-0.0900143	-0.0814233	0	-0.199489	0	0	0	0.0172043	0.00797956	0.00922473	0.0172043
0	-29.0969	0	-841.179	0	-0.0809989	0.00872906	-0.0897279	-0.0809989	0	-0.223966	0	0	0	0.0187818	0.00895865	0.00982319	0.0187818
0	-30.8296	0	-486.837	0	-0.0795812	0.00924889	-0.0888301	-0.0795812	0	-0.203746	0	0	0	0.0198163	0.00814984	0.0116665	0.0198163
0	-31.6619	0	-395.857	0	-0.0787103	0.00949857	-0.0882088	-0.0787103	0	-0.230352	0	0	0	0.0221796	0.00921406	0.0129656	0.0221796
