0	0	0	0	0	0	0	0	0	0	0	0	0	0	0	0	0	0
0.48	0.062684	480	4.59687	0.00802222	1.6563e-05	1.71948e-05	-6.31854e-07	0.00803879	0	0.0196243	0	0	0	-0.000779992	-0.000784973	4.98057e-06	-0.000779992
1.92	0.0152562	960	-19.3451	0.0163556	0.000574772	0.000571423	3.34918e-06	0.0169303	0	0.00685361	0	0	0	-0.000348598	-0.000274144	-7.44532e-05	-0.000348598
4.32	-0.041948	1440	-38.4988	0.0248	0.00134267	0.00130858	3.40866e-05	0.0261427	0	0.00898206	0	0	0	-0.00047805	-0.000359282	-0.000118768	-0.00047805
7.68	-0.0230661	1920	85.9997	0.0334222	0.00241463	0.00231092	0.000103709	0.0358369	0	-0.00272442	0	0	0	-5.09126e-05	0.000108977	-0.000159889	-5.09126e-05
12	0.022687	2400	4.59687	0.0422222	0.00381976	0.00359319	0.000226568	0.046042	0	-0.00378864	0	0	0	1.61756e-06	0.000151546	-0.000149928	1.61756e-06
17.28	0.068292	2880	-14.5567	0.0512	0.00558182	0.00516351	0.000418309	0.0567818	0	-0.00378864	0	0	0	2.43494e-05	0.000151546	-0.000127196	2.43494e-05
23.52	0.0272722	3360	52.4809	0.0603556	0.00774142	0.00704782	0.000693605	0.068097	0	-0.00166019	0	0	0	-4.12494e-05	6.64076e-05	-0.000107657	-4.12494e-05
30.72	0.0923022	3840	66.8461	0.0696889	0.0102576	0.00918831	0.00106926	0.0799465	0	-0.00272442	0	0	0	1.44734e-05	0.000108977	-9.45032e-05	1.44734e-05
38.88	0.206211	4320	66.8461	0.0792	0.0131613	0.0116021	0.00155914	0.0923613	0	-0.000595965	0	0	0	-5.75108e-05	2.38386e-05	-8.13494e-05	-5.75108e-05
48	0.320564	4800	119.519	0.0888889	0.0164817	0.0143038	0.00217788	0.105371	0	0.0100463	0	0	0	-0.00048601	-0.000401851	-8.4159e-05	-0.00048601
58.08	1.08575	5280	421.188	0.0987556	0.0200364	0.0170983	0.00293817	0.118792	0	0.109019	0	0	0	-0.0045499	-0.00436077	-0.000189134	-0.0045499
69.12	4.45087	5760	2130.65	0.1088	0.0232413	0.0194007	0.00384061	0.132041	0	0.1899	0	0	0	-0.00893094	-0.00759601	-0.00133492	-0.00893094
81.12	12.3402	6240	5817.72	0.119022	0.025479	0.0206339	0.00484501	0.144501	0	-0.547608	0	0	0	0.0207837	0.0219043	-0.00112063	0.0207837
94.08	15.8218	6720	2666.95	0.129422	0.0294065	0.0234775	0.005929	0.158829	0	-0.27623	0	0	0	0.0129269	0.0110492	0.00187768	0.0129269
108	22.517	7200	5348.46	0.14	0.0328043	0.0256449	0.00715942	0.172804	0	-0.289001	0	0	0	0.0150281	0.01156	0.00346801	0.0150281
122.88	30.2587	7680	5180.86	0.150756	0.0362822	0.0277864	0.00849578	0.187038	0	-0.18045	0	0	0	0.0123051	0.007218	0.00508708	0.0123051
138.72	40.3662	8160	6780.19	0.161689	0.0394463	0.0295061	0.00994013	0.201135	0	-0.122982	0	0	0	0.0109326	0.00491927	0.00601334	0.0109326
147	46.2812	8400	7148.9	0.161689	0.0384586	0.0277316	0.010727	0.200147	0	-0.119789	0	0	0	0.0111739	0.00479157	0.00638229	0.0111739
164.28	48.9088	8880	-1604.31	0.178422	0.0468819	0.0346113	0.0122706	0.225304	0	-0.391167	0	0	0	0.0229871	0.0156467	0.00734047	0.0229871
182.25	68.5806	9000	488.226	0.18375	0.0481433	0.0341008	0.0140426	0.231893	0	-0.476305	0	0	0	0.0289759	0.0190522	0.00992373	0.0289759
200.25	99.224	9000	1038.89	0.187083	0.0460566	0.0303078	0.0157488	0.23314	0	-0.77748	0	0	0	0.0443054	0.0310992	0.0132062	0.0443054
218.25	138.903	9000	5042	0.190417	0.041022	0.023804	0.0172179	0.231439	0	-1.19679	0	0	0	0.0663459	0.0478714	0.0184745	0.0663459
236.25	184.022	9000	10792.9	0.19375	0.0339673	0.0156682	0.0182991	0.227717	0	-1.4373	0	0	0	0.0832653	0.057492	0.0257733	0.0832653
254.25	220.121	9000	9835.19	0.197083	0.0292161	0.0102386	0.0189774	0.226299	0	-1.76827	0	0	0	0.105617	0.070731	0.0348856	0.105617
272.25	244.411	9000	3840.11	0.200417	0.0277647	0.00835151	0.0194132	0.228181	0	-1.89172	0	0	0	0.121704	0.075669	0.0460348	0.121704
290.25	266.813	9000	1474.64	0.20375	0.0268086	0.00703104	0.0197776	0.230559	0	-1.92684	0	0	0	0.134267	0.0770737	0.0571936	0.134267
308.25	295.866	9000	-570.012	0.207083	0.0237624	0.00371523	0.0200472	0.230846	0	-1.99815	0	0	0	0.14892	0.0799259	0.0689941	0.14892
326.25	335.17	9000	1532.1	0.210417	0.017422	-0.00267612	0.0200981	0.227839	0	-2.37701	0	0	0	0.176303	0.0950804	0.0812224	0.176303
344.25	379.019	9000	4946.23	0.21375	0.00933659	-0.0104308	0.0197674	0.223087	0	-2.55474	0	0	0	0.198769	0.102189	0.0965796	0.198769
362.25	414.608	9000	7129.74	0.217083	0.00335087	-0.0157076	0.0190585	0.220434	0	-1.70868	0	0	0	0.179355	0.0683471	0.111008	0.179355
380.25	442.383	9000	9705.9	0.220417	-0.000547539	-0.0186401	0.0180926	0.219869	0	-0.203863	0	0	0	0.127885	0.00815452	0.11973	0.127885
398.25	455.953	9000	8202.34	0.22375	-0.000283876	-0.0173111	0.0170272	0.223466	0	1.25306	0	0	0	0.0678364	-0.0501225	0.117959	0.0678364
416.25	458.179	9000	5516.05	0.227083	0.00350742	-0.0125787	0.0160861	0.230591	0	1.8022	0	0	0	0.0376246	-0.0720881	0.109713	0.0376246
434.25	454.106	9000	473.86	0.230417	0.00947597	-0.00595692	0.0154329	0.239893	0	1.57233	0	0	0	0.036466	-0.0628932	0.0993591	0.036466
452.25	456.477	9000	-201.304	0.23375	0.0138468	-0.00126807	0.0151148	0.247597	0	1.07534	0	0	0	0.0477163	-0.0430134	0.0907297	0.0477163
470.25	469.846	9000	5635.76	0.237083	0.0151163	0.000121106	0.0149952	0.2522	0	0.817793	0	0	0	0.0521981	-0.0327117	0.0849099	0.0521981
488.25	482.745	9000	8149.67	0.240417	0.0165936	0.00165143	0.0149422	0.25701	0	1.0764	0	0	0	0.0369918	-0.043056	0.0800478	0.0369918
506.25	492.789	9000	13345.1	0.24375	0.0190182	0.00403813	0.0149801	0.262768	0	2.57589	0	0	0	-0.0315695	-0.103036	0.0714663	-0.0315695
524.25	493.473	9000	13014.7	0.247083	0.0244135	0.00923315	0.0151804	0.271497	0	2.58866	0	0	0	-0.0482253	-0.103547	0.0553213	-0.0482253
542.25	486.227	9000	4266.28	0.250417	0.0324957	0.0168068	0.0156889	0.282912	0	2.27365	0	0	0	-0.0504257	-0.0909461	0.0405204	-0.0504257
560.25	478.352	9000	-1513.33	0.25375	0.0412143	0.0245695	0.0166448	0.294964	0	2.33431	0	0	0	-0.0667558	-0.0933726	0.0266167	-0.0667558
578.25	494.577	9000	129.095	0.257083	0.0430141	0.0251018	0.0179123	0.300097	0	2.88878	0	0	0	-0.10386	-0.115551	0.0116913	-0.10386
596.25	531.8	9000	3404.36	0.260417	0.0384463	0.0193349	0.0191113	0.298863	0	2.49927	0	0	0	-0.106749	-0.0999708	-0.00677791	-0.106749
623.25	602.429	9000	19124.7	0.265417	0.0264278	0.00624637	0.0201815	0.291844	0	-2.55048	0	0	0	0.0897265	0.102019	-0.0122927	0.0897265
641.25	616.581	9000	11405.8	0.26875	0.0278409	0.00740061	0.0204403	0.296591	0	-2.54197	0	0	0	0.105056	0.101679	0.00337735	0.105056
659.25	619.058	9000	4314.16	0.272083	0.032866	0.0120575	0.0208085	0.304949	0	-2.85166	0	0	0	0.132893	0.114066	0.0188271	0.132893
677.25	623.243	9000	751.588	0.275417	0.0376443	0.016202	0.0214422	0.313061	0	-2.80483	0	0	0	0.148169	0.112193	0.0359753	0.148169
695.25	640.265	9000	2135.44	0.27875	0.03875	0.0164956	0.0222544	0.3175	0	-2.37063	0	0	0	0.146502	0.094825	0.0516773	0.146502
713.25	668.421	9000	3184.1	0.282083	0.0364758	0.0134488	0.023027	0.318559	0	-2.6154	0	0	0	0.170782	0.104616	0.0661661	0.170782
731.25	703.758	9000	8374.73	0.285417	0.0318442	0.00824751	0.0235967	0.317261	0	-1.92152	0	0	0	0.156117	0.0768609	0.0792564	0.156117
749.25	735.877	9000	11396.2	0.28875	0.0279113	0.00401206	0.0238993	0.316661	0	-2.36743	0	0	0	0.186453	0.0946973	0.0917561	0.186453
767.25	763.016	9000	12880.6	0.292083	0.025264	0.00127028	0.0239937	0.317347	0	-1.99176	0	0	0	0.185318	0.0796705	0.105648	0.185318
785.25	774.38	9000	2255.15	0.295417	0.0272721	0.00326102	0.0240111	0.322689	0	-2.20354	0	0	0	0.206382	0.0881417	0.11824	0.206382
803.25	794.271	9000	-771.125	0.29875	0.0268081	0.00269385	0.0241142	0.325558	0	-2.30039	0	0	0	0.223767	0.0920155	0.131752	0.223767
821.25	825.448	9000	-2997.73	0.302083	0.0228787	-0.00125918	0.0241378	0.324962	0	-2.48875	0	0	0	0.245602	0.0995502	0.146052	0.245602
839.25	874.109	9000	-2538.05	0.305417	0.0134235	-0.0104575	0.0238811	0.31884	0	-2.79206	0	0	0	0.272919	0.111682	0.161237	0.272919
857.25	927.776	9000	-2116.67	0.30875	0.00194973	-0.0211576	0.0231073	0.3107	0	-2.25037	0	0	0	0.267426	0.0900147	0.177412	0.267426
875.25	992.552	9000	11539.9	0.312083	-0.0134555	-0.0351904	0.0217349	0.298628	0	-1.482	0	0	0	0.248058	0.0592799	0.188778	0.248058
893.251	1057.18	9000	29448.5	0.315417	-0.0296114	-0.049179	0.0195677	0.285805	0	-0.254946	0	0	0	0.208203	0.0101978	0.198005	0.208203
911.251	1072.78	9000	10261.4	0.31875	-0.0316345	-0.0484585	0.016824	0.287116	0	2.51842	0	0	0	0.092821	-0.100737	0.193558	0.092821
929.251	1063.65	9000	4596.68	0.322083	-0.0260649	-0.0403205	0.0142556	0.296019	0	1.68407	0	0	0	0.113147	-0.0673629	0.18051	0.113147
947.251	1047.88	9000	-162.997	0.325417	-0.0180157	-0.0301887	0.0121731	0.307401	0	2.22576	0	0	0	0.0799862	-0.0890305	0.169017	0.0799862
965.251	1044.18	9000	-2676.91	0.32875	-0.0131101	-0.0236794	0.0105693	0.31564	0	1.71813	0	0	0	0.0878788	-0.0687251	0.156604	0.0878788
983.251	1050.47	9000	612.724	0.332083	-0.0108641	-0.020167	0.00930292	0.321219	0	1.73516	0	0	0	0.0771859	-0.0694062	0.146592	0.0771859
1001.25	1078.45	9000	-1024.91	0.335417	-0.0150079	-0.0231601	0.00815218	0.320409	0	1.16473	0	0	0	0.089825	-0.0465892	0.136414	0.089825
1019.25	1102.87	9000	12578.9	0.33875	-0.0182108	-0.0250849	0.0068741	0.320539	0	2.78555	0	0	0	0.0157404	-0.111422	0.127162	0.0157404
1037.2	1136.01	8839.98	23228.4	0.339407	-0.0242685	-0.0296436	0.00537512	0.315138	0	0.14946	0	0	0	0.107794	-0.00597839	0.113773	0.107794
1054.4	1129.36	8359.98	5449.01	0.334592	-0.018697	-0.0224878	0.00379081	0.315895	0	-0.249625	0	0	0	0.124789	0.00998499	0.114804	0.124789
1070.64	1117.97	7879.98	3231.98	0.329599	-0.0115692	-0.0142001	0.00263097	0.31803	0	1.05618	0	0	0	0.0721519	-0.0422472	0.114399	0.0721519
1085.92	1108.48	7399.98	-3127.02	0.324429	-0.00488239	-0.00676937	0.00188699	0.319546	0	2.26833	0	0	0	0.0153013	-0.0907333	0.106035	0.0153013
1100.24	1111.27	6919.98	3217.62	0.319081	-0.00176726	-0.00331069	0.00154343	0.317313	0	-1.35855	0	0	0	0.146601	0.0543419	0.0922586	0.146601
1113.6	1123.4	6439.98	-598.742	0.313555	-0.0016173	-0.00294082	0.00132352	0.311937	0	-0.234726	0	0	0	0.118167	0.00938902	0.108778	0.118167
1126	1155.4	5959.98	16419.2	0.307851	-0.00776412	-0.0088222	0.00105808	0.300087	0	-1.08504	0	0	0	0.150357	0.0434017	0.106955	0.150357
1137.44	1169.1	5479.97	10304.5	0.301969	-0.00899123	-0.0094975	0.000506269	0.292978	0	-0.232597	0	0	0	0.125272	0.00930388	0.115969	0.125272
1147.92	1166.99	4999.97	8427.4	0.29591	-0.00574471	-0.00572036	-2.43466e-05	0.290165	0	2.14701	0	0	0	0.0257274	-0.0858804	0.111608	0.0257274
1157.44	1157.16	4519.97	7067.49	0.289673	-0.000205205	8.43018e-05	-0.000289507	0.289468	0	0.310158	0	0	0	0.088848	-0.0124063	0.101254	0.088848
1166	1140.08	4039.97	373.304	0.283258	0.00754996	0.00777426	-0.000224297	0.290808	0	0.383589	0	0	0	0.0844233	-0.0153436	0.0997669	0.0844233
1173.6	1125.77	3559.97	1919.96	0.276666	0.0146046	0.0143481	0.000256493	0.29127	0	1.31266	0	0	0	0.044445	-0.0525063	0.0969514	0.044445
1180.24	1132.4	3079.97	17305.1	0.269895	0.0153424	0.0143505	0.000991955	0.285238	0	4.72882	0	0	0	-0.10464	-0.189153	0.0845131	-0.10464
1185.92	1115.63	2599.97	2178.53	0.262947	0.0228829	0.0210858	0.00179706	0.28583	0	5.36629	0	0	0	-0.161557	-0.214652	0.0530943	-0.161557
1190.64	1113.17	2119.97	21178.9	0.255821	0.026192	0.0232395	0.0029525	0.282013	0	0.659224	0	0	0	0.000734191	-0.0263689	0.0271031	0.000734191
1194.4	1083.96	1639.97	-7163.64	0.248517	0.0373674	0.0331301	0.00423731	0.285885	0	-0.411387	0	0	0	0.0431663	0.0164555	0.0267108	0.0431663
1197.2	1058.56	1159.97	2743.56	0.241036	0.0488409	0.0415919	0.00724903	0.289877	0	0.443186	0	0	0	0.0106936	-0.0177274	0.0284211	0.0106936
1199.04	1059.66	679.965	7455.35	0.233377	0.0501714	0.0418132	0.00835815	0.283548	0	1.94268	0	0	0	-0.0506156	-0.0777072	0.0270915	-0.0506156
1199.92	1064.92	199.964	11310	0.22554	0.0510518	0.0404978	0.010554	0.276591	0	5.43015	0	0	0	-0.208338	-0.217206	0.00886811	-0.208338
1200	1052.65	0	-579.588	0.222222	0.0569623	0.0442039	0.0127584	0.279185	0	3.25168	0	0	0	-0.153055	-0.130067	-0.022988	-0.153055
1200	1036.13	0	-15002.3	0.222222	0.0643193	0.0491608	0.0151584	0.286541	0	-9.4275	0	0	0	0.353375	0.3771	-0.0237252	0.353375
1200	1047.25	0	5468.17	0.222222	0.0636233	0.0458261	0.0177972	0.285846	0	-5.94004	0	0	0	0.263079	0.237601	0.0254776	0.263079
1200	1078.92	0	13642	0.222222	0.056427	0.036324	0.020103	0.278649	0	-3.67324	0	0	0	0.202636	0.146929	0.0557062	0.202636
1200	1100.61	0	4151.35	0.222222	0.0517655	0.0298168	0.0219486	0.273988	0	1.00829	0	0	0	0.0279956	-0.0403316	0.0683272	0.0279956
1200	1126.46	0	-780.701	0.222222	0.0455135	0.0220608	0.0234528	0.267736	0	-0.052743	0	0	0	0.0655493	0.00210972	0.0634396	0.0655493
1200	1145.46	0	5123.4	0.222222	0.0409561	0.0163614	0.0245947	0.263178	0	1.92246	0	0	0	-0.0144513	-0.0768984	0.0624471	-0.0144513
1200	1181.33	0	25335.3	0.222222	0.0308911	0.00560171	0.0252894	0.253113	0	4.14882	0	0	0	-0.121177	-0.165953	0.044776	-0.121177
1200	1173.73	0	16649.1	0.222222	0.0334633	0.00788196	0.0255813	0.255686	0	0.2048	0	0	0	0.01777	-0.00819198	0.025962	0.01777
1200	1132.48	0	3706.03	0.222222	0.0463857	0.0202564	0.0261293	0.268608	0	0.741169	0	0	0	-0.00471885	-0.0296468	0.0249279	-0.00471885
1200	1091.56	0	3950.24	0.222222	0.0599194	0.0325319	0.0273875	0.282142	0	1.77985	0	0	0	-0.0525298	-0.0711941	0.0186643	-0.0525298
1200	1050.85	0	-12181.9	0.222222	0.0740051	0.0447461	0.029259	0.296227	0	1.58297	0	0	0	-0.0551836	-0.0633188	0.0081352	-0.0551836
1200	1032.14	0	-373.687	0.222222	0.0821344	0.0503566	0.0317778	0.304357	0	1.33394	0	0	0	-0.0542734	-0.0533577	-0.000915651	-0.0542734
1200	1045.49	0	1235.22	0.222222	0.0807766	0.0463539	0.0344227	0.302999	0	1.50635	0	0	0	-0.0690838	-0.0602539	-0.00882991	-0.0690838
1200	1071.27	0	-771.125	0.222222	0.0754241	0.0386201	0.036804	0.297646	0	1.47761	0	0	0	-0.077097	-0.0591045	-0.0179925	-0.077097
1200	1115.99	0	10285.3	0.222222	0.0639006	0.0252019	0.0386986	0.286123	0	-0.637003	0	0	0	0.000732273	0.0254801	-0.0247478	0.000732273
1200	1146.94	0	3500.13	0.222222	0.0558097	0.0159187	0.039891	0.278032	0	-3.43698	0	0	0	0.122319	0.137479	-0.0151598	0.122319
1200	1166.73	0	296.689	0.222222	0.050639	0.00998163	0.0406574	0.272861	0	-3.70516	0	0	0	0.153321	0.148207	0.00511403	0.153321
1200	1187.73	0	-459.878	0.222222	0.0447868	0.00368152	0.0411052	0.267009	0	-2.54197	0	0	0	0.125122	0.101679	0.0234436	0.125122
1200	1213.69	0	8374.73	0.222222	0.03709	-0.0041057	0.0411957	0.259312	0	0.805023	0	0	0	0.00487897	-0.0322009	0.0370799	0.00487897
1200	1233.86	0	21059.2	0.222222	0.0307193	-0.0101581	0.0408774	0.252942	0	1.98844	0	0	0	-0.0544171	-0.0795376	0.0251205	-0.0544171
1200	1225.65	0	15212.6	0.222222	0.0326107	-0.00769428	0.040305	0.254833	0	-2.13969	0	0	0	0.107366	0.0855875	0.0217781	0.107366
1200	1178.51	0	-95.9596	0.222222	0.046531	0.00644821	0.0400828	0.268753	0	-1.5235	0	0	0	0.0952946	0.0609401	0.0343545	0.0952946
1200	1146.38	0	1680.54	0.222222	0.0566493	0.0160847	0.0405646	0.278872	0	-1.09675	0	0	0	0.0857371	0.0438699	0.0418672	0.0857371
1200	1125.31	0	579.205	0.222222	0.0639309	0.0224084	0.0415225	0.286153	0	-1.45752	0	0	0	0.107601	0.0583008	0.0493002	0.107601
1200	1122.07	0	5185.65	0.222222	0.0661143	0.02338	0.0427342	0.288336	0	-2.45257	0	0	0	0.157135	0.0981028	0.0590318	0.157135
1200	1119.49	0	2614.28	0.222222	0.0681378	0.0241522	0.0439857	0.29036	0	-3.10175	0	0	0	0.199232	0.12407	0.0751616	0.199232
1200	1120.62	0	6492.88	0.222222	0.0690902	0.0238135	0.0452767	0.291312	0	-1.82468	0	0	0	0.167404	0.0729871	0.094417	0.167404
1200	1135.09	0	17903.6	0.222222	0.0659405	0.0194739	0.0464666	0.288163	0	3.2538	0	0	0	-0.0353772	-0.130152	0.094775	-0.0353772
1200	1114.64	0	-1163.77	0.222222	0.0731691	0.0256074	0.0475617	0.295391	0	2.27472	0	0	0	-0.0156472	-0.0909887	0.0753415	-0.0156472
1200	1102.22	0	4821.73	0.222222	0.078328	0.0293334	0.0489946	0.30055	0	0.848656	0	0	0	0.0312302	-0.0339462	0.0651764	0.0312302
1200	1100.06	0	598.359	0.222222	0.0805631	0.029981	0.0505822	0.302785	0	1.24561	0	0	0	0.00975879	-0.0498245	0.0595833	0.00975879
1200	1106.12	0	-3337.71	0.222222	0.0802768	0.0281629	0.0521138	0.302499	0	1.27647	0	0	0	0.00170192	-0.051059	0.0527609	0.00170192
1200	1127.13	0	-2389.6	0.222222	0.0753985	0.0218622	0.0535363	0.297621	0	1.19346	0	0	0	-0.00262058	-0.0477386	0.045118	-0.00262058
1200	1160.05	0	-2097.51	0.222222	0.0665676	0.0119853	0.0545823	0.28879	0	1.2222	0	0	0	-0.0106753	-0.0488879	0.0382126	-0.0106753
1200	1203.39	0	-2011.32	0.222222	0.0540333	-0.0010166	0.0550499	0.276256	0	1.2669	0	0	0	-0.0198411	-0.0506758	0.0308347	-0.0198411
1200	1253.74	0	5018.06	0.222222	0.0386821	-0.0161229	0.054805	0.260904	0	3.76357	0	0	0	-0.129943	-0.150543	0.0205994	-0.129943
1200	1304.42	0	5018.06	0.222222	0.0223895	-0.0313254	0.0537149	0.244612	0	5.28328	0	0	0	-0.216892	-0.211331	-0.00556099	-0.216892
1200	1345.28	0	880.875	0.222222	0.00828963	-0.043585	0.0518747	0.230512	0	4.9257	0	0	0	-0.233468	-0.197028	-0.0364402	-0.233468
1200	1378.11	0	11760.1	0.222222	-0.00402362	-0.0534335	0.0494099	0.218199	0	2.58547	0	0	0	-0.16942	-0.103419	-0.0660008	-0.16942
1200	1393.56	0	19723.2	0.222222	-0.0116558	-0.0580669	0.046411	0.210566	0	-2.95382	0	0	0	0.0488959	0.118153	-0.0692569	0.0488959
1200	1349.08	0	670.185	0.222222	-0.0012301	-0.0447241	0.043494	0.220992	0	-1.93961	0	0	0	0.0246394	0.0775846	-0.0529452	0.0246394
1200	1308.03	0	1225.64	0.222222	0.00886532	-0.0324093	0.0412747	0.231088	0	-1.91301	0	0	0	0.0345743	0.0765203	-0.041946	0.0345743
1200	1276.51	0	4936.65	0.222222	0.016726	-0.0229523	0.0396783	0.238948	0	-2.91764	0	0	0	0.0871634	0.116705	-0.0295421	0.0871634
1200	1244.57	0	919.182	0.222222	0.0252034	-0.013371	0.0385744	0.247426	0	-3.28905	0	0	0	0.120736	0.131562	-0.0108262	0.120736
1200	1217.93	0	33.3273	0.222222	0.0326076	-0.00537788	0.0379855	0.25483	0	-3.34439	0	0	0	0.142432	0.133776	0.00865587	0.142432
1200	1210.15	0	684.55	0.222222	0.0346905	-0.00304486	0.0377354	0.256913	0	-3.22733	0	0	0	0.157898	0.129093	0.0288052	0.157898
1200	1209.74	0	-230.035	0.222222	0.0346581	-0.00292178	0.0375799	0.25688	0	-2.99	0	0	0	0.167172	0.1196	0.0475722	0.167172
1200	1217	0	612.724	0.222222	0.0322817	-0.00509905	0.0373808	0.254504	0	-3.29863	0	0	0	0.198211	0.131945	0.0662657	0.198211
1200	1225.33	0	3935.88	0.222222	0.0295042	-0.00759932	0.0371035	0.251726	0	-1.77466	0	0	0	0.158445	0.0709864	0.087459	0.158445
1200	1228.56	0	-162.997	0.222222	0.0280748	-0.00856692	0.0366417	0.250297	0	0.542159	0	0	0	0.0686145	-0.0216864	0.0903009	0.0686145
1200	1225.45	0	11132.8	0.222222	0.0285648	-0.00763458	0.0361994	0.250787	0	1.3946	0	0	0	0.0315288	-0.0557841	0.0873129	0.0315288
1200	1208.35	0	3792.22	0.222222	0.0333376	-0.00250356	0.0358412	0.25556	0	0.564508	0	0	0	0.0599121	-0.0225803	0.0824924	0.0599121
1200	1199.04	0	167.403	0.222222	0.0360617	0.000287329	0.0357744	0.258284	0	3.30702	0	0	0	-0.0514818	-0.132281	0.0807988	-0.0514818
1200	1192.86	0	1862.5	0.222222	0.0379737	0.00214347	0.0358302	0.260196	0	2.62378	0	0	0	-0.0466477	-0.104951	0.0583036	-0.0466477
1200	1191.22	0	454.707	0.222222	0.0385814	0.00263503	0.0359463	0.260804	0	0.294194	0	0	0	0.0362303	-0.0117678	0.0479981	0.0362303
1200	1195.13	0	1249.58	0.222222	0.0375307	0.00146067	0.03607	0.259753	0	0.906124	0	0	0	0.00943881	-0.036245	0.0456838	0.00943881
1200	1206.24	0	7340.43	0.222222	0.0342506	-0.00187053	0.0361211	0.256473	0	1.13706	0	0	0	-0.00623472	-0.0454824	0.0392477	-0.00623472
1200	1220.21	0	12023.5	0.222222	0.0298397	-0.00606226	0.0359019	0.252062	0	-0.516745	0	0	0	0.0556078	0.0206698	0.034938	0.0556078
1200	1214.55	0	3026.08	0.222222	0.0312129	-0.00436564	0.0355785	0.253435	0	-0.768966	0	0	0	0.0694803	0.0307587	0.0387217	0.0694803
1200	1207.7	0	5290.99	0.222222	0.0330578	-0.00231072	0.0353685	0.25528	0	-0.181514	0	0	0	0.0490093	0.00726057	0.0417487	0.0490093
1200	1200.92	0	1508.16	0.222222	0.0350056	-0.000277295	0.0352829	0.257228	0	-0.157037	0	0	0	0.0497355	0.00628148	0.043454	0.0497355
1200	1194.55	0	-13599.3	0.222222	0.0368915	0.0016344	0.0352571	0.259114	0	-0.368818	0	0	0	0.0596215	0.0147527	0.0448687	0.0596215
1200	1198.45	0	-1211.66	0.222222	0.0358321	0.000465601	0.0353665	0.258054	0	-0.436928	0	0	0	0.0646194	0.0174771	0.0471423	0.0646194
1200	1215.4	0	722.857	0.222222	0.0307045	-0.00462023	0.0353247	0.252927	0	-0.566764	0	0	0	0.0729165	0.0226706	0.050246	0.0729165
1200	1238.66	0	765.953	0.222222	0.0233909	-0.0115991	0.0349901	0.245613	0	-0.485883	0	0	0	0.0731776	0.0194353	0.0537423	0.0731776
1200	1266.2	0	-660.991	0.222222	0.0143944	-0.0198595	0.0342539	0.236617	0	-0.289001	0	0	0	0.0671769	0.01156	0.0556168	0.0671769
1200	1294.2	0	258.382	0.222222	0.00481943	-0.0282612	0.0330806	0.227042	0	0.120726	0	0	0	0.0529273	-0.00482903	0.0577563	0.0529273
1200	1319.7	0	18.9621	0.222222	-0.00445777	-0.0359109	0.0314531	0.217764	0	2.1204	0	0	0	-0.0306896	-0.0848162	0.0541266	-0.0306896
1200	1341.89	0	14542.2	0.222222	-0.0131021	-0.0425663	0.0294643	0.20912	0	0.859298	0	0	0	0.00676407	-0.0343719	0.041136	0.00676407
1200	1342.89	0	4424.29	0.222222	-0.0157409	-0.0428681	0.0271272	0.206481	0	-0.0357154	0	0	0	0.0405153	0.00142862	0.0390867	0.0405153
1200	1319.67	0	320.632	0.222222	-0.0109696	-0.0359	0.0249304	0.211253	0	0.314415	0	0	0	0.0257315	-0.0125766	0.038308	0.0257315
1200	1300.64	0	933.547	0.222222	-0.00710441	-0.0301917	0.0230873	0.215118	0	0.476177	0	0	0	0.0166721	-0.0190471	0.0357192	0.0166721
1200	1279.14	0	655.82	0.222222	-0.00218536	-0.0237414	0.021556	0.220037	0	0.314415	0	0	0	0.0208825	-0.0125766	0.0334591	0.0208825
1200	1262.34	0	6377.96	0.222222	0.00166759	-0.0187027	0.0203703	0.22389	0	-0.0240089	0	0	0	0.0327309	0.000960357	0.0317706	0.0327309
1200	1249.19	0	2762.72	0.222222	0.00465181	-0.0147563	0.0194081	0.226874	0	-0.408194	0	0	0	0.0489161	0.0163278	0.0325883	0.0489161
1200	1238.71	0	1647.02	0.222222	0.00705426	-0.0116142	0.0186685	0.229276	0	-0.010174	0	0	0	0.0347516	0.00040696	0.0343447	0.0347516
1200	1234.08	0	516.956	0.222222	0.00783987	-0.0102246	0.0180645	0.230062	0	-0.341148	0	0	0	0.0483964	0.0136459	0.0347505	0.0483964
1200	1232.89	0	239.229	0.222222	0.007656	-0.00986591	0.0175219	0.229878	0	-0.486947	0	0	0	0.0564541	0.0194779	0.0369762	0.0564541
1200	1236.45	0	4481.75	0.222222	0.00604911	-0.0109343	0.0169834	0.228271	0	-0.179386	0	0	0	0.0473989	0.00717543	0.0402235	0.0473989
1200	1228.17	0	-3443.05	0.222222	0.00796455	-0.00845061	0.0164152	0.230187	0	0.355919	0	0	0	0.0249814	-0.0142368	0.0392182	0.0249814
1200	1223.73	0	1431.54	0.222222	0.00885817	-0.0071176	0.0159758	0.23108	0	0.0249454	0	0	0	0.0370586	-0.000997817	0.0380565	0.0370586
1200	1217.06	0	-680.145	0.222222	0.0105006	-0.00511941	0.01562	0.232723	0	0.150524	0	0	0	0.0317932	-0.00602096	0.0378142	0.0317932
1200	1223.31	0	1953.48	0.222222	0.0083399	-0.00699412	0.015334	0.230562	0	0.564508	0	0	0	0.0137529	-0.0225803	0.0363332	0.0137529
1200	1235.78	0	799.472	0.222222	0.00412365	-0.0107352	0.0148589	0.226346	0	0.737976	0	0	0	0.00308546	-0.0295191	0.0326045	0.00308546
1200	1251.33	0	4357.26	0.222222	-0.00117676	-0.0153993	0.0142226	0.221045	0	0.541095	0	0	0	0.00707882	-0.0216438	0.0287226	0.00707882
1200	1255.67	0	765.953	0.222222	-0.00332559	-0.0167016	0.013376	0.218897	0	0.564508	0	0	0	0.00242322	-0.0225803	0.0250035	0.00242322
1200	1255.83	0	-234.823	0.222222	-0.00427019	-0.0167499	0.0124797	0.217952	0	0.12179	0	0	0	0.0176771	-0.0048716	0.0225487	0.0176771
1200	1258.54	0	5894.33	0.222222	-0.005992	-0.0175628	0.0115708	0.21623	0	-0.314542	0	0	0	0.0345178	0.0125817	0.0219361	0.0345178
1200	1251.94	0	2212.05	0.222222	-0.00493873	-0.0155815	0.0106428	0.217283	0	-0.443314	0	0	0	0.0419965	0.0177325	0.024264	0.0419965
1200	1244.92	0	2135.44	0.222222	-0.00363272	-0.0134747	0.00984201	0.21859	0	-0.0133667	0	0	0	0.0265167	0.000534667	0.025982	0.0265167
1200	1240.39	0	502.591	0.222222	-0.00297657	-0.0121183	0.00914168	0.219246	0	-0.163422	0	0	0	0.032896	0.0065369	0.0263591	0.032896
1200	1240.85	0	1929.54	0.222222	-0.00376138	-0.012254	0.00849262	0.218461	0	-0.382653	0	0	0	0.0428086	0.0153061	0.0275025	0.0428086
1200	1234.98	0	-1805.42	0.222222	-0.00264297	-0.0104933	0.00785036	0.219579	0	-0.593369	0	0	0	0.0542611	0.0237348	0.0305263	0.0542611
1200	1240.31	0	2494.57	0.222222	-0.00482194	-0.0120936	0.0072717	0.2174	0	-0.660416	0	0	0	0.0600658	0.0264166	0.0336492	0.0600658
1200	1239.47	0	-641.838	0.222222	-0.00521956	-0.0118415	0.00662194	0.217003	0	-0.676379	0	0	0	0.064935	0.0270552	0.0378798	0.064935
1200	1243.67	0	5559.15	0.222222	-0.00712495	-0.0130995	0.00597456	0.215097	0	-0.350726	0	0	0	0.0553478	0.014029	0.0413187	0.0553478
1200	1241.88	0	76.4229	0.222222	-0.00727721	-0.012563	0.0052858	0.214945	0	0.0760283	0	0	0	0.0393124	-0.00304113	0.0423535	0.0393124
1200	1251.17	0	2508.93	0.222222	-0.0107743	-0.015352	0.00457767	0.211448	0	0.591113	0	0	0	0.0178442	-0.0236445	0.0414887	0.0178442
1200	1261.27	0	62.0577	0.222222	-0.0146599	-0.0183814	0.00372155	0.207562	0	0.695407	0	0	0	0.00954466	-0.0278163	0.037361	0.00954466
1200	1275.71	0	1484.21	0.222222	-0.0200383	-0.0227126	0.0026743	0.202184	0	0.304837	0	0	0	0.0217038	-0.0121935	0.0338973	0.0217038
1200	1278.06	0	-5205.19	0.222222	-0.0219864	-0.0234185	0.00143207	0.200236	0	-0.193221	0	0	0	0.0408028	0.00772883	0.033074	0.0408028
1200	1278.01	0	923.97	0.222222	-0.0232227	-0.0234042	0.000181465	0.199	0	-0.141074	0	0	0	0.0400359	0.00564295	0.0343929	0.0400359
1200	1276.11	0	4046.01	0.222222	-0.0238959	-0.0228319	-0.00106405	0.198326	0	-0.114468	0	0	0	0.0398213	0.00457872	0.0352426	0.0398213
1200	1267.54	0	1436.33	0.222222	-0.0225279	-0.0202611	-0.00226682	0.199694	0	-0.0591284	0	0	0	0.0374804	0.00236513	0.0351152	0.0374804
1200	1254.41	0	263.171	0.222222	-0.0196188	-0.0163217	-0.00329713	0.202603	0	-0.223019	0	0	0	0.0450421	0.00892076	0.0361213	0.0450421
1200	1247.19	0	277.536	0.222222	-0.0182988	-0.0141573	-0.00414153	0.203923	0	-0.233661	0	0	0	0.0470325	0.00934645	0.0376861	0.0470325
1200	1242.74	0	-162.997	0.222222	-0.0177029	-0.0128218	-0.00488112	0.204519	0	-0.27623	0	0	0	0.0503672	0.0110492	0.0393179	0.0503672
1200	1240.55	0	-474.243	0.222222	-0.0177244	-0.0121639	-0.0055605	0.204498	0	-0.292194	0	0	0	0.0524555	0.0116877	0.0407678	0.0524555
1200	1242.97	0	1398.02	0.222222	-0.0191089	-0.0128896	-0.00621928	0.203113	0	-0.531644	0	0	0	0.064521	0.0212658	0.0432553	0.064521
1200	1247.58	0	694.127	0.222222	-0.0212084	-0.0142753	-0.00693314	0.201014	0	-0.5508	0	0	0	0.0684772	0.022032	0.0464451	0.0684772
1200	1247.66	0	-598.742	0.222222	-0.0219848	-0.0142974	-0.00768736	0.200237	0	-0.684893	0	0	0	0.0771201	0.0273957	0.0497244	0.0771201
1200	1263.54	0	9667.59	0.222222	-0.0275718	-0.0190623	-0.00850948	0.19465	0	0.0143032	0	0	0	0.0526901	-0.000572128	0.0532623	0.0526901
1200	1272.24	0	1599.14	0.222222	-0.031242	-0.0216713	-0.00957076	0.19098	0	0.836949	0	0	0	0.0180127	-0.033478	0.0514907	0.0180127
1200	1281.22	0	1129.87	0.222222	-0.0351321	-0.0243669	-0.0107652	0.18709	0	0.818857	0	0	0	0.0139701	-0.0327543	0.0467244	0.0139701
1200	1280.42	0	-7857.96	0.222222	-0.0362235	-0.0241249	-0.0120986	0.185999	0	0.795444	0	0	0	0.00997755	-0.0318178	0.0417953	0.00997755
1200	1275.7	0	-2576.35	0.222222	-0.0360567	-0.0227115	-0.0133453	0.186165	0	0.852913	0	0	0	0.00293808	-0.0341165	0.0370546	0.00293808
1200	1280.83	0	191.345	0.222222	-0.0388366	-0.0242482	-0.0145884	0.183386	0	0.784802	0	0	0	0.000790853	-0.0313921	0.0321829	0.000790853
1200	1280.15	0	411.611	0.222222	-0.0399303	-0.0240439	-0.0158864	0.182292	0	0.590049	0	0	0	0.00418505	-0.023602	0.027787	0.00418505
1200	1276.15	0	866.51	0.222222	-0.0400052	-0.022845	-0.0171603	0.182217	0	0.412323	0	0	0	0.00833485	-0.0164929	0.0248278	0.00833485
1200	1273.57	0	1129.87	0.222222	-0.0404401	-0.022072	-0.018368	0.181782	0	0.319736	0	0	0	0.00976236	-0.0127894	0.0225518	0.00976236
1200	1272.47	0	-110.325	0.222222	-0.0412909	-0.0217421	-0.0195488	0.180931	0	0.412323	0	0	0	0.00385949	-0.0164929	0.0203524	0.00385949
1200	1267.88	0	267.959	0.222222	-0.0410564	-0.0203625	-0.0206939	0.181166	0	0.49214	0	0	0	-0.00196037	-0.0196856	0.0177252	-0.00196037
1200	1261.13	0	-105.536	0.222222	-0.0400956	-0.01834	-0.0217556	0.182127	0	0.385718	0	0	0	-0.000608426	-0.0154287	0.0148203	-0.000608426
1200	1263.95	0	2039.67	0.222222	-0.0419286	-0.0191846	-0.022744	0.180294	0	0.171809	0	0	0	0.00643819	-0.00687234	0.0133105	0.00643819
1200	1262.44	0	449.918	0.222222	-0.0425137	-0.0187315	-0.0237822	0.179708	0	0.0590006	0	0	0	0.00338106	-0.00236003	0.00574108	0.00338106
1200	1253.14	0	-301.861	0.222222	-0.0406872	-0.015942	-0.0247452	0.181535	0	0.118597	0	0	0	0.00192345	-0.00474389	0.00666734	0.00192345
1200	1249.47	0	397.246	0.222222	-0.040419	-0.0148408	-0.0255782	0.181803	0	0.902931	0	0	0	-0.0323932	-0.0361173	0.00372408	-0.0323932
1200	1253.18	0	-675.356	0.222222	-0.042336	-0.0159551	-0.0263809	0.179886	0	0.343149	0	0	0	-0.0146117	-0.013726	-0.000885765	-0.0146117
1200	1263.07	0	742.011	0.222222	-0.0461957	-0.0189212	-0.0272746	0.176026	0	0.155845	0	0	0	-0.00899329	-0.00623381	-0.00275948	-0.00899329
1200	1274.77	0	4481.75	0.222222	-0.0507678	-0.0224324	-0.0283353	0.171454	0	-0.783866	0	0	0	0.0288382	0.0313546	-0.00251646	0.0288382
1200	1275.93	0	95.5765	0.222222	-0.0523338	-0.0227798	-0.029554	0.169888	0	-0.679572	0	0	0	0.0293888	0.0271829	0.00220589	0.0293888
1200	1270.66	0	-857.316	0.222222	-0.0519514	-0.0211967	-0.0307547	0.170271	0	-0.933921	0	0	0	0.0439786	0.0373569	0.00662175	0.0439786
1200	1262.14	0	-483.82	0.222222	-0.050505	-0.0186433	-0.0318617	0.171717	0	-0.856233	0	0	0	0.0465448	0.0342493	0.0122955	0.0465448
1200	1251.61	0	-493.397	0.222222	-0.0483023	-0.0154819	-0.0328205	0.17392	0	-0.823242	0	0	0	0.050104	0.0329297	0.0171743	0.050104
1200	1241.84	0	119.519	0.222222	-0.0461626	-0.0125529	-0.0336097	0.17606	0	-0.944564	0	0	0	0.0601421	0.0377825	0.0223596	0.0601421
1200	1243.97	0	76.4229	0.222222	-0.0474582	-0.0131903	-0.0342679	0.174764	0	-0.798765	0	0	0	0.059173	0.0319506	0.0272224	0.059173
1200	1231.24	0	-3524.46	0.222222	-0.0442751	-0.00937083	-0.0349043	0.177947	0	-0.304964	0	0	0	0.0429621	0.0121986	0.0307635	0.0429621
1200	1228.22	0	76.4229	0.222222	-0.04385	-0.00846519	-0.0353848	0.178372	0	-0.392231	0	0	0	0.0484932	0.0156892	0.032804	0.0484932
1200	1232.85	0	943.124	0.222222	-0.0457128	-0.00985529	-0.0358575	0.176509	0	-0.316671	0	0	0	0.0476518	0.0126668	0.034985	0.0476518
1200	1233.74	0	-1427.14	0.222222	-0.0465256	-0.0101221	-0.0364035	0.175697	0	-0.210248	0	0	0	0.045429	0.00840993	0.0370191	0.045429
1200	1236.45	0	5027.63	0.222222	-0.047867	-0.0109355	-0.0369315	0.174355	0	-0.286873	0	0	0	0.0496469	0.0114749	0.038172	0.0496469
1200	1244.22	0	1747.58	0.222222	-0.0508349	-0.0132669	-0.037568	0.171387	0	0.00046826	0	0	0	0.0396606	-1.87304e-05	0.0396793	0.0396606
1200	1251.43	0	1134.66	0.222222	-0.0537331	-0.0154283	-0.0383048	0.168489	0	0.371883	0	0	0	0.0241372	-0.0148753	0.0390125	0.0241372
1200	1259.69	0	-450.301	0.222222	-0.05707	-0.017906	-0.0391641	0.165152	0	0.228212	0	0	0	0.0278985	-0.0091285	0.037027	0.0278985
1200	1256.83	0	-7709.52	0.222222	-0.0571718	-0.0170481	-0.0401237	0.16505	0	0.26546	0	0	0	0.0250297	-0.0106184	0.0356482	0.0250297
1200	1260.65	0	555.263	0.222222	-0.0592463	-0.0181957	-0.0410506	0.162976	0	0.343149	0	0	0	0.0202241	-0.013726	0.03395	0.0202241
1200	1260.03	0	488.226	0.222222	-0.0600385	-0.018009	-0.0420295	0.162184	0	0.200543	0	0	0	0.0239748	-0.0080217	0.0319965	0.0239748
1200	1252.85	0	-253.977	0.222222	-0.0588263	-0.0158558	-0.0429705	0.163396	0	0.164359	0	0	0	0.0244519	-0.00657436	0.0310263	0.0244519
1200	1242.72	0	-167.786	0.222222	-0.0565934	-0.0128145	-0.0437789	0.165629	0	0.624104	0	0	0	0.00464816	-0.0249642	0.0296123	0.00464816
1200	1232.47	0	354.15	0.222222	-0.0541603	-0.00973989	-0.0444204	0.168062	0	0.361241	0	0	0	0.0114692	-0.0144496	0.0259188	0.0114692
1200	1224.76	0	-158.209	0.222222	-0.0523426	-0.00742705	-0.0449156	0.16988	0	0.181387	0	0	0	0.016978	-0.00725546	0.0242334	0.016978
1200	1219.14	0	-134.267	0.222222	-0.0510348	-0.00574343	-0.0452914	0.171187	0	0.240983	0	0	0	0.0134547	-0.00963933	0.023094	0.0134547
1200	1215.48	0	181.768	0.222222	-0.0502313	-0.00464524	-0.045586	0.171991	0	0.335699	0	0	0	0.008035	-0.013428	0.021463	0.008035
1200	1212	0	-172.574	0.222222	-0.0494274	-0.00360117	-0.0458263	0.172795	0	0.306965	0	0	0	0.00714462	-0.0122786	0.0194232	0.00714462
1200	1205.86	0	-1546.85	0.222222	-0.0477641	-0.00175913	-0.046005	0.174458	0	0.104762	0	0	0	0.0136368	-0.00419049	0.0178273	0.0136368
1200	1200.04	0	-1254.75	0.222222	-0.0460838	-1.07666e-05	-0.0460731	0.176138	0	-0.320928	0	0	0	0.031016	0.0128371	0.0181789	0.031016
1200	1201.67	0	1455.48	0.222222	-0.0465788	-0.000502222	-0.0460766	0.175643	0	-0.128303	0	0	0	0.024863	0.00513212	0.0197309	0.024863
1200	1210.54	0	3265.5	0.222222	-0.0493006	-0.00316322	-0.0461373	0.172922	0	0.407002	0	0	0	0.00454306	-0.0162801	0.0208232	0.00454306
1200	1218.63	0	-81.5944	0.222222	-0.0519397	-0.00558918	-0.0463506	0.170282	0	0.450636	0	0	0	-0.000621241	-0.0180254	0.0174042	-0.000621241
1200	1223.49	0	-718.452	0.222222	-0.0537215	-0.00704839	-0.0466731	0.168501	0	-0.0208162	0	0	0	0.016676	0.00083265	0.0158433	0.016676
1200	1232.18	0	378.092	0.222222	-0.0567263	-0.00965299	-0.0470733	0.165496	0	0.262268	0	0	0	0.00504972	-0.0104907	0.0155404	0.00504972
1200	1223.47	0	71.6345	0.222222	-0.0545735	-0.00704063	-0.0475328	0.167649	0	0.195221	0	0	0	0.00610049	-0.00780886	0.0139094	0.00610049
1200	1215.57	0	-986.603	0.222222	-0.0525617	-0.00467249	-0.0478893	0.16966	0	0.24524	0	0	0	0.00290607	-0.0098096	0.0127157	0.00290607
1200	1209.58	0	1455.48	0.222222	-0.0509807	-0.00287318	-0.0481076	0.171241	0	0.441058	0	0	0	-0.00683546	-0.0176423	0.0108068	-0.00683546
1200	1211.04	0	1891.23	0.222222	-0.0515894	-0.00331091	-0.0482785	0.170633	0	0.0345235	0	0	0	0.00746598	-0.00138094	0.00884692	0.00746598
1200	1206.82	0	-842.951	0.222222	-0.0504932	-0.00204609	-0.0484471	0.171729	0	-0.0421007	0	0	0	0.0107293	0.00168403	0.00904525	0.0107293
1200	1198.11	0	-1973.01	0.222222	-0.0479518	0.000566235	-0.0485181	0.17427	0	0.316543	0	0	0	-0.00437595	-0.0126617	0.00828577	-0.00437595
1200	1201.08	0	631.878	0.222222	-0.0488198	-0.000324792	-0.048495	0.173402	0	0.415516	0	0	0	-0.0101352	-0.0166206	0.00648549	-0.0101352
1200	1208.54	0	-186.939	0.222222	-0.0511175	-0.00256124	-0.0485563	0.171105	0	0.247369	0	0	0	-0.00575549	-0.00989474	0.00413925	-0.00575549
1200	1208.53	0	-512.551	0.222222	-0.0512611	-0.00255978	-0.0487013	0.170961	0	0.220763	0	0	0	-0.00614674	-0.00883052	0.00268378	-0.00614674
1200	1204.14	0	-1336.16	0.222222	-0.0500734	-0.00124058	-0.0488328	0.172149	0	-0.0687064	0	0	0	0.00434052	0.00274826	0.00159226	0.00434052
1200	1206.01	0	1378.87	0.222222	-0.0507054	-0.00180322	-0.0489022	0.171517	0	0.207992	0	0	0	-0.00643331	-0.00831969	0.00188637	-0.00643331
1200	1209.26	0	-72.0176	0.222222	-0.0517946	-0.00277657	-0.049018	0.170428	0	-0.246432	0	0	0	0.0111438	0.00985728	0.00128653	0.0111438
1200	1214.14	0	358.939	0.222222	-0.0534185	-0.00424281	-0.0491756	0.168804	0	-1.32981	0	0	0	0.0578988	0.0531925	0.00470627	0.0578988
1200	1222	0	-344.957	0.222222	-0.0560451	-0.00659879	-0.0494463	0.166177	0	-1.27341	0	0	0	0.0638929	0.0509364	0.0129565	0.0638929
1200	1231.1	0	593.57	0.222222	-0.0591631	-0.0093297	-0.0498334	0.163059	0	-1.13612	0	0	0	0.065761	0.045445	0.020316	0.065761
1200	1240.82	0	780.318	0.222222	-0.0626294	-0.0122461	-0.0503833	0.159593	0	-1.22126	0	0	0	0.0761557	0.0488505	0.0273052	0.0761557
1200	1239.06	0	-3567.55	0.222222	-0.0627644	-0.011719	-0.0510454	0.159458	0	-0.78493	0	0	0	0.0654808	0.0313972	0.0340836	0.0654808
1200	1234.55	0	200.921	0.222222	-0.062021	-0.0103644	-0.0516566	0.160201	0	-0.600819	0	0	0	0.061865	0.0240328	0.0378322	0.061865
1200	1227.72	0	2145.01	0.222222	-0.0605032	-0.00831702	-0.0521862	0.161719	0	-0.702985	0	0	0	0.070227	0.0281194	0.0421076	0.070227
1200	1215.4	0	-1374.46	0.222222	-0.0572142	-0.00462092	-0.0525932	0.165008	0	-0.268781	0	0	0	0.055474	0.0107512	0.0447228	0.055474
1200	1204.1	0	-1111.1	0.222222	-0.054017	-0.00123021	-0.0527868	0.168205	0	-0.117661	0	0	0	0.0508503	0.00470643	0.0461439	0.0508503
1200	1199.55	0	-1384.04	0.222222	-0.052701	0.000134875	-0.0528359	0.169521	0	0.0919916	0	0	0	0.042704	-0.00367967	0.0463837	0.042704
1200	1199.72	0	373.304	0.222222	-0.0527501	8.4082e-05	-0.0528342	0.169472	0	0.152652	0	0	0	0.0395692	-0.0061061	0.0456753	0.0395692
1200	1195.9	0	-574.8	0.222222	-0.0515972	0.00122878	-0.052826	0.170625	0	-0.140009	0	0	0	0.0506759	0.00560038	0.0450755	0.0506759
1200	1191.28	0	502.591	0.222222	-0.0501259	0.00261709	-0.052743	0.172096	0	0.0973128	0	0	0	0.0419751	-0.00389251	0.0458677	0.0419751
1200	1188.44	0	-143.844	0.222222	-0.0491275	0.0034682	-0.0525957	0.173095	0	0.214378	0	0	0	0.0361436	-0.0085751	0.0447187	0.0361436
1200	1187.27	0	-330.591	0.222222	-0.04859	0.00382006	-0.05241	0.173632	0	0.22502	0	0	0	0.0342911	-0.00900079	0.0432919	0.0342911
1200	1187.52	0	-1259.54	0.222222	-0.0484638	0.00374282	-0.0522066	0.173758	0	0.323993	0	0	0	0.0289661	-0.0129597	0.0419258	0.0289661
1200	1193.33	0	-469.455	0.222222	-0.0500278	0.0020016	-0.0520294	0.172194	0	0.312286	0	0	0	0.0272095	-0.0124914	0.0397009	0.0272095
1200	1203.5	0	-196.516	0.222222	-0.0530134	-0.00104916	-0.0519643	0.169209	0	0.298451	0	0	0	0.0261637	-0.0119381	0.0381018	0.0261637
1200	1215.36	0	18.9621	0.222222	-0.0566817	-0.00460708	-0.0520746	0.165541	0	0.488948	0	0	0	0.0162328	-0.0195579	0.0357907	0.0162328
1200	1223.11	0	-493.397	0.222222	-0.0592964	-0.00693442	-0.052362	0.162926	0	0.462342	0	0	0	0.0146091	-0.0184937	0.0331028	0.0146091
1200	1226.55	0	38.1157	0.222222	-0.0607221	-0.00796578	-0.0527563	0.1615	0	0.523003	0	0	0	0.00929053	-0.0209201	0.0302106	0.00929053
1200	1230.38	0	4314.16	0.222222	-0.0623127	-0.00911279	-0.0531999	0.15991	0	0.435736	0	0	0	0.00978684	-0.0174295	0.0272163	0.00978684
1200	1226.56	0	-589.165	0.222222	-0.0616573	-0.00796692	-0.0536903	0.160565	0	0.16968	0	0	0	0.0181499	-0.0067872	0.0249371	0.0181499
1200	1217.77	0	-2222.01	0.222222	-0.0594156	-0.00533236	-0.0540833	0.162807	0	0.402745	0	0	0	0.00745163	-0.0161098	0.0235614	0.00745163
1200	1214.24	0	-253.977	0.222222	-0.0586291	-0.00427207	-0.0543571	0.163593	0	0.345277	0	0	0	0.00739774	-0.0138111	0.0212088	0.00739774
1200	1215.6	0	502.591	0.222222	-0.0592697	-0.00468054	-0.0545892	0.162953	0	0.34102	0	0	0	0.00550912	-0.0136408	0.0191499	0.00550912
1200	1219.65	0	-301.861	0.222222	-0.0607481	-0.00589501	-0.054853	0.161474	0	0.288873	0	0	0	0.00563189	-0.0115549	0.0171868	0.00563189
1200	1214.53	0	-1398.41	0.222222	-0.059504	-0.00435828	-0.0551458	0.162718	0	0.195221	0	0	0	0.00753937	-0.00780886	0.0153482	0.00753937
1200	1211.94	0	-517.339	0.222222	-0.0589576	-0.00358315	-0.0553745	0.163265	0	-0.308157	0	0	0	0.0273939	0.0123263	0.0150677	0.0273939
1200	1209.17	0	-139.055	0.222222	-0.0583073	-0.0027498	-0.0555575	0.163915	0	-0.0516788	0	0	0	0.01869	0.00206715	0.0166229	0.01869
1200	1211.12	0	1465.06	0.222222	-0.059045	-0.00333574	-0.0557092	0.163177	0	0.0994412	0	0	0	0.0128914	-0.00397765	0.0168691	0.0128914
1200	1216.05	0	943.124	0.222222	-0.0607296	-0.00481432	-0.0559152	0.161493	0	0.0143032	0	0	0	0.0155822	-0.000572128	0.0161543	0.0155822
1200	1217.47	0	-2222.01	0.222222	-0.0614269	-0.00523982	-0.0561871	0.160795	0	0.0409088	0	0	0	0.0145088	-0.00163635	0.0161451	0.0145088
1200	1219.82	0	-550.858	0.222222	-0.0624242	-0.00594675	-0.0564775	0.159798	0	-0.043165	0	0	0	0.017556	0.0017266	0.0158294	0.017556
1200	1222.52	0	-526.916	0.222222	-0.0635699	-0.00675688	-0.056813	0.158652	0	-0.164487	0	0	0	0.0230159	0.00657947	0.0164364	0.0230159
1200	1221.72	0	-622.684	0.222222	-0.0636956	-0.00651628	-0.0571793	0.158527	0	-0.0974405	0	0	0	0.0212603	0.00389762	0.0173627	0.0212603
1200	1217.7	0	1043.68	0.222222	-0.0628286	-0.00530878	-0.0575198	0.159394	0	-0.191092	0	0	0	0.0254856	0.00764369	0.017842	0.0254856
1200	1207.31	0	-900.411	0.222222	-0.0599592	-0.00219269	-0.0577665	0.162263	0	-0.488011	0	0	0	0.038742	0.0195204	0.0192216	0.038742
1200	1197.23	0	-579.588	0.222222	-0.0570151	0.000831812	-0.0578469	0.165207	0	-0.678507	0	0	0	0.0496443	0.0271403	0.022504	0.0496443
1200	1189.84	0	143.461	0.222222	-0.0547248	0.0030472	-0.057772	0.167497	0	-0.596562	0	0	0	0.0503897	0.0238625	0.0265272	0.0503897
1200	1186.05	0	42.9041	0.222222	-0.0534107	0.00418477	-0.0575954	0.168812	0	-0.529516	0	0	0	0.0511691	0.0211806	0.0299884	0.0511691
1199.88	1182.09	-238.996	-2250.74	0.218217	-0.052032	0.00533646	-0.0573685	0.166185	0	-0.198542	0	0	0	0.0409859	0.00794167	0.0330442	0.0409859
1198.92	1180.61	-718.989	-933.93	0.21004	-0.0515826	0.00549375	-0.0570763	0.158457	0	0.322928	0	0	0	0.0200604	-0.0129171	0.0329775	0.0200604
1197.01	1180.36	-1198.98	-115.113	0.201685	-0.0517937	0.0049938	-0.0567875	0.149891	0	0.124983	0	0	0	0.0266026	-0.0049993	0.0316019	0.0266026
1194.13	1179.06	-1678.98	651.031	0.193152	-0.0519995	0.00451934	-0.0565189	0.141152	0	-0.101697	0	0	0	0.0351338	0.00406789	0.0310659	0.0351338
1190.29	1176.05	-2158.97	-589.165	0.184441	-0.0519991	0.00427218	-0.0562713	0.132442	0	-0.0378438	0	0	0	0.0331803	0.00151375	0.0316665	0.0331803
1185.49	1173.24	-2638.96	-1235.6	0.175553	-0.0523661	0.00367394	-0.0560401	0.123187	0	-0.136817	0	0	0	0.0374493	0.00547267	0.0319766	0.0374493
1179.73	1173.19	-3118.96	-833.374	0.166487	-0.0538766	0.00196293	-0.0558395	0.11261	0	-0.584856	0	0	0	0.0569931	0.0233942	0.0335988	0.0569931
1173.02	1180.57	-3598.95	4524.85	0.157243	-0.0580191	-0.00226714	-0.0557519	0.0992235	0	-0.586984	0	0	0	0.0606288	0.0234794	0.0371495	0.0606288
1165.34	1181.68	-4078.95	-3596.28	0.147821	-0.0608062	-0.00490162	-0.0559046	0.0870147	0	0.461278	0	0	0	0.0210741	-0.0184511	0.0395252	0.0210741
1156.7	1181.5	-4558.94	-2403.97	0.138221	-0.0636095	-0.00743888	-0.0561706	0.0746119	0	0.860362	0	0	0	0.00102768	-0.0344145	0.0354422	0.00102768
1147.1	1178.05	-5038.93	-3974.57	0.128444	-0.0658468	-0.00928542	-0.0565614	0.0625973	0	0.592178	0	0	0	0.00695685	-0.0236871	0.030644	0.00695685
1136.54	1166.21	-5518.93	-5162.09	0.118489	-0.065912	-0.00889834	-0.0570137	0.0525771	0	0.968913	0	0	0	-0.0117582	-0.0387565	0.0269983	-0.0117582
1125.03	1154.49	-5998.92	-1326.58	0.108356	-0.0662806	-0.00883879	-0.0574418	0.0420757	0	0.729463	0	0	0	-0.00792982	-0.0291785	0.0212487	-0.00792982
1112.55	1137.53	-6478.92	-1020.12	0.0980457	-0.0653496	-0.00749334	-0.0578562	0.0326962	0	0.285681	0	0	0	0.00624923	-0.0114272	0.0176765	0.00624923
1099.11	1120.37	-6958.91	-67.2292	0.0875574	-0.0645647	-0.00637848	-0.0581862	0.0229927	0	0.497461	0	0	0	-0.00429047	-0.0198985	0.015608	-0.00429047
1084.71	1108.44	-7438.9	-1235.6	0.0768912	-0.0656064	-0.00711742	-0.058489	0.0112848	0	1.05724	0	0	0	-0.0305286	-0.0422898	0.0117612	-0.0305286
1069.36	1089.31	-7918.9	-6052.73	0.0660474	-0.0647895	-0.0059848	-0.0588047	0.00125787	0	1.75963	0	0	0	-0.0661584	-0.0703853	0.00422686	-0.0661584
1053.04	1069.13	-8398.89	-7992.04	0.0550257	-0.0638741	-0.00482772	-0.0590464	-0.00884841	0	1.37651	0	0	0	-0.0607401	-0.0550605	-0.00567963	-0.0607401
1035.76	1061.82	-8878.88	-708.875	0.0438262	-0.067066	-0.00781747	-0.0592486	-0.0232398	0	0.144139	0	0	0	-0.0175077	-0.00576555	-0.0117421	-0.0175077
1017.79	1054.72	-9000	-6186.81	0.03848	-0.0707443	-0.0110777	-0.0596666	-0.0322643	0	0.765646	0	0	0	-0.0444269	-0.0306258	-0.013801	-0.0444269
999.792	1044.4	-9000	674.973	0.0351467	-0.0736024	-0.0133815	-0.0602209	-0.0384557	0	0.529388	0	0	0	-0.039497	-0.0211755	-0.0183215	-0.039497
981.793	1022.95	-9000	-3064.77	0.0318134	-0.0732146	-0.0123475	-0.060867	-0.0414012	0	0.565572	0	0	0	-0.0438812	-0.0226229	-0.0212584	-0.0438812
963.793	995.495	-9000	-4496.5	0.0284801	-0.0709365	-0.00951077	-0.0614257	-0.0424563	0	1.35842	0	0	0	-0.0812586	-0.0543368	-0.0269218	-0.0812586
945.793	965.044	-9000	-10529.9	0.0251469	-0.067579	-0.00577524	-0.0618038	-0.0424322	0	0.881647	0	0	0	-0.0696996	-0.0352659	-0.0344338	-0.0696996
927.793	948.394	-9000	-8648.05	0.0218136	-0.0682246	-0.00618036	-0.0620443	-0.0464111	0	0.689022	0	0	0	-0.0662661	-0.0275609	-0.0387052	-0.0662661
909.793	940.33	-9000	-5478.12	0.0184803	-0.0714939	-0.00916093	-0.0623329	-0.0530136	0	1.53721	0	0	0	-0.105589	-0.0614884	-0.0441004	-0.105589
891.794	933.276	-9000	-1695.29	0.015147	-0.0752465	-0.0124448	-0.0628017	-0.0600995	0	1.5138	0	0	0	-0.114421	-0.0605519	-0.0538696	-0.114421
873.794	918.337	-9000	148.249	0.0118137	-0.0767827	-0.0133628	-0.0634199	-0.064969	0	0.782674	0	0	0	-0.0917754	-0.0313069	-0.0604685	-0.0917754
855.794	889.272	-9000	-1762.32	0.0084804	-0.0740803	-0.0100433	-0.064037	-0.0655999	0	1.94587	0	0	0	-0.144669	-0.0778349	-0.0668343	-0.144669
837.794	845.778	-9000	-8916.2	0.0051471	-0.0668374	-0.00239498	-0.0644424	-0.0616903	0	2.45244	0	0	0	-0.178625	-0.0980977	-0.0805273	-0.178625
819.795	797.896	-9000	-17281.5	0.00181381	-0.0578252	0.00656953	-0.0643948	-0.0560114	0	1.87138	0	0	0	-0.169404	-0.074855	-0.0945492	-0.169404
801.795	774.439	-9000	-7752.62	-0.00151948	-0.0557189	0.0082067	-0.0639256	-0.0572384	0	0.573021	0	0	0	-0.126457	-0.0229209	-0.103536	-0.126457
783.795	765.782	-9000	540.898	-0.00485276	-0.0580494	0.00540385	-0.0634532	-0.0629021	0	0.631554	0	0	0	-0.132054	-0.0252622	-0.106792	-0.132054
765.795	750.008	-9000	-177.362	-0.00818605	-0.0583863	0.00473611	-0.0631224	-0.0665724	0	0.75394	0	0	0	-0.141036	-0.0301576	-0.110879	-0.141036
747.796	722.38	-9000	1948.69	-0.0115194	-0.0551419	0.00762473	-0.0627666	-0.0666612	0	0.773096	0	0	0	-0.146454	-0.0309238	-0.11553	-0.146454
729.796	681.437	-9000	-613.107	-0.0148526	-0.0477037	0.0145075	-0.0622113	-0.0625564	0	0.808215	0	0	0	-0.152574	-0.0323286	-0.120245	-0.152574
711.796	633.446	-9000	-2394.39	-0.0181859	-0.0377493	0.0235051	-0.0612544	-0.0559352	0	0.365497	0	0	0	-0.139353	-0.0146199	-0.124734	-0.139353
693.796	578.793	-9000	-16884.1	-0.0215192	-0.0252864	0.0345011	-0.0597875	-0.0468057	0	0.496397	0	0	0	-0.145866	-0.0198559	-0.12601	-0.145866
675.797	540.98	-9000	-15749.3	-0.0248525	-0.0173079	0.040445	-0.0577529	-0.0421604	0	-0.0729633	0	0	0	-0.126061	0.00291853	-0.128979	-0.126061
657.797	542.251	-9000	-2959.42	-0.0281858	-0.0209065	0.0346638	-0.0555703	-0.0490923	0	-1.16379	0	0	0	-0.0797196	0.0465518	-0.126271	-0.0797196
639.797	553.244	-9000	828.202	-0.0315191	-0.0278048	0.0259659	-0.0537707	-0.0593239	0	-0.878582	0	0	0	-0.0843305	0.0351433	-0.119474	-0.0843305
621.797	555.401	-9000	1618.29	-0.0348524	-0.0324961	0.0199189	-0.052415	-0.0673485	0	-0.584856	0	0	0	-0.0910698	0.0233942	-0.114464	-0.0910698
603.797	537.698	-9000	-2777.47	-0.0381857	-0.0314626	0.0198298	-0.0512924	-0.0696483	0	-0.316671	0	0	0	-0.0982977	0.0126668	-0.110964	-0.0982977
585.798	514.274	-9000	-3356.86	-0.041519	-0.0286906	0.021457	-0.0501476	-0.0702096	0	0.196286	0	0	0	-0.117871	-0.00785143	-0.110019	-0.117871
567.798	480.392	-9000	-14006.3	-0.0448523	-0.0226554	0.0262217	-0.0488771	-0.0675077	0	-0.794508	0	0	0	-0.078944	0.0317803	-0.110724	-0.078944
549.798	458.769	-9000	-13201.8	-0.0481855	-0.0200507	0.0273088	-0.0473595	-0.0682362	0	-1.32662	0	0	0	-0.0508587	0.0530648	-0.103923	-0.0508587
531.798	466.4	-9000	-2389.6	-0.0515188	-0.0263076	0.0196195	-0.0459271	-0.0778264	0	-1.11697	0	0	0	-0.051898	0.0446787	-0.0965768	-0.051898
513.799	471.453	-9000	-541.281	-0.0548521	-0.0322088	0.0127036	-0.0449124	-0.0870609	0	-1.1755	0	0	0	-0.0428358	0.04702	-0.0898558	-0.0428358
495.799	464.486	-9000	-4151.74	-0.0581854	-0.0348328	0.00939372	-0.0442265	-0.0930182	0	-2.77929	0	0	0	0.0301183	0.111172	-0.0810532	0.0301183
477.799	451.98	-9000	-2451.85	-0.0615187	-0.035917	0.00774574	-0.0436628	-0.0974357	0	-3.61151	0	0	0	0.0825031	0.14446	-0.0619574	0.0825031
459.799	431.277	-9000	-13513.1	-0.064852	-0.0346311	0.00855656	-0.0431877	-0.0994831	0	-0.384781	0	0	0	-0.0285208	0.0153913	-0.043912	-0.0285208
441.799	421.376	-9000	-4941.82	-0.0681853	-0.0365383	0.00612691	-0.0426653	-0.104724	0	0.830564	0	0	0	-0.0786443	-0.0332226	-0.0454218	-0.0786443
423.8	414.927	-9000	-9581.79	-0.0715186	-0.0396605	0.00266177	-0.0423223	-0.111179	0	-2.0918	0	0	0	0.037529	0.0836719	-0.046143	0.037529
405.8	413.24	-9000	-3998.51	-0.0748519	-0.044409	-0.00223208	-0.0421769	-0.119261	0	-2.19184	0	0	0	0.0561214	0.0876734	-0.031552	0.0561214
387.8	397.187	-9000	-14815.5	-0.0781852	-0.0450481	-0.00281602	-0.0422321	-0.123233	0	1.2073	0	0	0	-0.0720248	-0.048292	-0.0237328	-0.0720248
369.8	395.437	-9000	-6699.17	-0.0815184	-0.0500686	-0.00769089	-0.0423777	-0.131587	0	-0.0389081	0	0	0	-0.0300684	0.00155632	-0.0316247	-0.0300684
351.801	390.795	-9000	-7149.28	-0.0848517	-0.0544483	-0.0116984	-0.0427499	-0.1393	0	-3.3859	0	0	0	0.11042	0.135436	-0.0250155	0.11042
333.801	392.798	-9000	-110.325	-0.088185	-0.0610984	-0.017699	-0.0433994	-0.149283	0	-3.1656	0	0	0	0.122029	0.126624	-0.00459474	0.122029
315.801	378.185	-9000	-1819.78	-0.0915183	-0.0630262	-0.0187151	-0.0443111	-0.154545	0	-2.45044	0	0	0	0.111666	0.0980177	0.0136486	0.111666
297.801	341.868	-9000	-9328	-0.0948516	-0.0583887	-0.0132199	-0.0451687	-0.15324	0	-0.41458	0	0	0	0.041978	0.0165832	0.0253948	0.041978
279.802	291.486	-9000	33.3273	-0.0981849	-0.0495042	-0.00350543	-0.0459988	-0.147689	0	-0.368818	0	0	0	0.0411075	0.0147527	0.0263548	0.0411075
261.802	267.215	-9000	-3864.43	-0.0998515	-0.0450162	0.00107607	-0.0460923	-0.144868	0	-1.06908	0	0	0	0.0702244	0.0427631	0.0274613	0.0702244
243.802	212.84	-9000	-9557.84	-0.104851	-0.0365891	0.00928857	-0.0458777	-0.141441	0	-3.83606	0	0	0	0.191762	0.153443	0.0383199	0.191762
225.802	163.246	-9000	-19934.3	-0.108185	-0.0264276	0.0187669	-0.0451945	-0.134612	0	-0.771095	0	0	0	0.0908073	0.0308438	0.0599635	0.0908073
207.803	141.428	-9000	-5454.18	-0.111518	-0.0241468	0.0199125	-0.0440593	-0.135665	0	1.63086	0	0	0	-0.00729477	-0.0652345	0.0579397	-0.00729477
189.803	129.221	-9000	-7197.16	-0.114851	-0.0247787	0.0181746	-0.0429534	-0.13963	0	-1.10207	0	0	0	0.096011	0.0440828	0.0519283	0.096011
171.803	119.88	-9000	-72.0176	-0.118185	-0.0263674	0.0155768	-0.0419442	-0.144552	0	-1.73315	0	0	0	0.130191	0.0693262	0.0608649	0.130191
154.134	103.718	-8601.42	-1953.86	-0.114814	-0.0259398	0.0151248	-0.0410646	-0.140753	0	-0.793444	0	0	0	0.101785	0.0317377	0.0700475	0.101785
137.412	77.4856	-8121.43	-7944.15	-0.109911	-0.0221809	0.0179778	-0.0401587	-0.132091	0	0.607077	0	0	0	0.048089	-0.0242831	0.0723721	0.048089
121.649	54.3628	-7641.43	-11980.8	-0.10483	-0.0189194	0.0201859	-0.0391053	-0.123749	0	-1.02012	0	0	0	0.110751	0.040805	0.0699461	0.110751
106.846	42.4928	-7161.44	-14126	-0.099571	-0.0186568	0.019306	-0.0379628	-0.118228	0	-0.869004	0	0	0	0.112909	0.0347601	0.0781484	0.112909
93.0036	52.456	-6681.45	-4228.35	-0.0941346	-0.0247875	0.0121643	-0.0369518	-0.118922	0	1.06256	0	0	0	0.0367062	-0.0425026	0.0792088	0.0367062
80.1209	68.1812	-6201.45	-909.988	-0.0885204	-0.0327967	0.0035819	-0.0363786	-0.121317	0	0.393167	0	0	0	0.0579336	-0.0157267	0.0736603	0.0579336
68.1981	74.6297	-5721.46	-819.009	-0.0827284	-0.0381486	-0.00192948	-0.0362191	-0.120877	0	-0.277295	0	0	0	0.0834722	0.0110918	0.0723804	0.0834722
57.2353	70.7284	-5241.47	-7120.55	-0.0767586	-0.0403686	-0.00404793	-0.0363207	-0.117127	0	0.391039	0	0	0	0.0586995	-0.0156416	0.0743411	0.0586995
47.2325	63.4348	-4761.47	-13776.4	-0.0706111	-0.0413606	-0.00486068	-0.0364999	-0.111972	0	2.3971	0	0	0	-0.0278482	-0.0958841	0.068036	-0.0278482
38.1897	70.9134	-4281.48	-9921.76	-0.0642858	-0.0465908	-0.00981711	-0.0367737	-0.110877	0	1.91182	0	0	0	-0.0219765	-0.0764727	0.0544962	-0.0219765
30.1068	88.2856	-3801.48	-5722.33	-0.0577827	-0.0548134	-0.0174536	-0.0373598	-0.112596	0	3.08779	0	0	0	-0.0817983	-0.123511	0.0417131	-0.0817983
22.984	112.954	-3321.49	770.741	-0.0511019	-0.0660293	-0.0269911	-0.0390382	-0.117131	0	3.0069	0	0	0	-0.107451	-0.120276	0.0128248	-0.107451
16.821	114.732	-2841.5	124.307	-0.0436949	-0.0682427	-0.0284847	-0.0397579	-0.111938	0	2.86749	0	0	0	-0.110896	-0.1147	0.00380405	-0.110896
11.6181	106.527	-2361.5	-704.087	-0.0372069	-0.069751	-0.0284726	-0.0412784	-0.106958	0	2.73872	0	0	0	-0.122717	-0.109549	-0.0131678	-0.122717
7.37516	82.1802	-1881.51	-9682.34	-0.0299927	-0.0651584	-0.0224415	-0.0427169	-0.0951511	0	3.23997	0	0	0	-0.15956	-0.129599	-0.0299609	-0.15956
4.09218	58.5675	-1401.52	-14456.4	-0.0226008	-0.0601468	-0.0163426	-0.0438042	-0.0827476	0	3.71142	0	0	0	-0.199033	-0.148457	-0.0505757	-0.199033
1.76917	57.1445	-921.521	-6617.77	-0.0188381	-0.0609475	-0.0163002	-0.0446474	-0.0797857	0	3.51986	0	0	0	-0.213313	-0.140794	-0.0725185	-0.213313
0.406138	69.0066	-441.527	-33.7104	-0.00728358	-0.0661527	-0.0205801	-0.0455726	-0.0734363	0	3.47942	0	0	0	-0.232684	-0.139177	-0.0935068	-0.232684
0	72.7104	0	-378.475	0	-0.0685067	-0.0218131	-0.0466936	-0.0685067	0	3.37938	0	0	0	-0.249524	-0.135175	-0.114348	-0.249524
0	68.7347	0	-335.38	0	-0.0684744	-0.0206204	-0.047854	-0.0684744	0	3.03564	0	0	0	-0.255501	-0.121426	-0.134075	-0.255501
0	54.2828	0	-4180.47	0	-0.0651874	-0.0162848	-0.0489026	-0.0651874	0	3.17399	0	0	0	-0.279194	-0.12696	-0.152235	-0.279194
0	36.2233	0	-8815.64	0	-0.060561	-0.010867	-0.049694	-0.060561	0	2.49608	0	0	0	-0.270815	-0.0998431	-0.170972	-0.270815
0	29.3006	0	-5966.54	0	-0.05902	-0.00879018	-0.0502298	-0.05902	0	0.790123	0	0	0	-0.214977	-0.0316049	-0.183372	-0.214977
0	31.5462	0	-2700.85	0	-0.0601688	-0.00946385	-0.050705	-0.0601688	0	0.521939	0	0	0	-0.207927	-0.0208775	-0.18705	-0.207927
0	37.3033	0	373.304	0	-0.0624228	-0.011191	-0.0512318	-0.0624228	0	0.573021	0	0	0	-0.213501	-0.0229209	-0.190581	-0.213501
0	38.3303	0	-613.107	0	-0.063331	-0.0114991	-0.0518319	-0.063331	0	0.0621933	0	0	0	-0.195763	-0.00248773	-0.193275	-0.195763
0	35.3059	0	-4223.56	0	-0.0630348	-0.0105918	-0.052443	-0.0630348	0	-0.212377	0	0	0	-0.184719	0.00849507	-0.193214	-0.184719
0	28.9421	0	-9859.51	0	-0.0616582	-0.00868264	-0.0529756	-0.0616582	0	-1.25957	0	0	0	-0.14043	0.050383	-0.190812	-0.14043
0	37.1964	0	-5420.66	0	-0.0646075	-0.0111589	-0.0534486	-0.0646075	0	-2.66754	0	0	0	-0.0742386	0.106702	-0.18094	-0.0742386
0	58.9037	0	-2274.68	0	-0.0717992	-0.0176711	-0.0541281	-0.0717992	0	-3.23052	0	0	0	-0.0345873	0.129221	-0.163808	-0.0345873
0	78.6743	0	-2063.99	0	-0.0787551	-0.0236023	-0.0551528	-0.0787551	0	-3.56256	0	0	0	-0.00138947	0.142502	-0.143892	-0.00138947
0	92.6646	0	-5315.32	0	-0.0842727	-0.0277994	-0.0564733	-0.0842727	0	-3.60406	0	0	0	0.0218823	0.144163	-0.12228	0.0218823
0	103.403	0	-8648.05	0	-0.089017	-0.0310208	-0.0579962	-0.089017	0	-3.81265	0	0	0	0.0517895	0.152506	-0.100716	0.0517895
0	120.165	0	-6833.24	0	-0.0957603	-0.0360494	-0.059711	-0.0957603	0	-4.34263	0	0	0	0.0970493	0.173705	-0.0766561	0.0970493
0	139.612	0	-5583.47	0	-0.103593	-0.0418837	-0.0617096	-0.103593	0	-3.90311	0	0	0	0.104997	0.156124	-0.0511271	0.104997
0	158.047	0	-3146.17	0	-0.111436	-0.047414	-0.0640221	-0.111436	0	-3.74241	0	0	0	0.121579	0.149696	-0.0281171	0.121579
0	168.435	0	-3179.69	0	-0.117134	-0.0505304	-0.0666036	-0.117134	0	-3.58278	0	0	0	0.137575	0.143311	-0.00573603	0.137575
0	166.98	0	-6847.61	0	-0.119398	-0.050094	-0.0693044	-0.119398	0	-2.6303	0	0	0	0.119814	0.105212	0.0146017	0.119814
0	159.704	0	-8255.4	0	-0.11986	-0.0479113	-0.0719488	-0.11986	0	-1.67888	0	0	0	0.0959104	0.0671552	0.0287552	0.0959104
0	151.675	0	-9428.56	0	-0.119975	-0.0455026	-0.0744725	-0.119975	0	-0.638067	0	0	0	0.0629815	0.0255227	0.0374588	0.0629815
0	147.674	0	-5334.47	0	-0.121181	-0.0443022	-0.0768789	-0.121181	0	0.365497	0	0	0	0.024905	-0.0146199	0.0395249	0.024905
0	142.953	0	-2619.45	0	-0.122114	-0.0428858	-0.079228	-0.122114	0	0.694343	0	0	0	0.00899626	-0.0277737	0.03677	0.00899626
0	128.587	0	-6258.63	0	-0.120046	-0.0385762	-0.0814695	-0.120046	0	1.43824	0	0	0	-0.0257365	-0.0575295	0.031793	-0.0257365
0	111.422	0	-7278.56	0	-0.116882	-0.0334265	-0.0834556	-0.116882	0	2.50991	0	0	0	-0.0790463	-0.100396	0.0213501	-0.0790463
0	99.5941	0	-4199.62	0	-0.115064	-0.0298782	-0.0851859	-0.115064	0	2.30664	0	0	0	-0.086189	-0.0922658	0.00607674	-0.086189
0	88.9032	0	-4103.85	0	-0.113411	-0.026671	-0.0867397	-0.113411	0	2.16297	0	0	0	-0.0938159	-0.086519	-0.00729699	-0.0938159
0	77.4315	0	-2849.29	0	-0.111344	-0.0232294	-0.0881149	-0.111344	0	2.06613	0	0	0	-0.102939	-0.0826452	-0.020294	-0.102939
0	64.2577	0	-3074.35	0	-0.108583	-0.0192773	-0.0893055	-0.108583	0	1.84371	0	0	0	-0.106081	-0.0737482	-0.0323332	-0.106081
0	48.8478	0	-2873.23	0	-0.104929	-0.0146543	-0.0902745	-0.104929	0	1.89372	0	0	0	-0.119211	-0.075749	-0.0434625	-0.119211
0	31.5571	0	-3778.24	0	-0.100453	-0.00946713	-0.090986	-0.100453	0	1.59574	0	0	0	-0.118399	-0.0638297	-0.0545694	-0.118399
0	16.0737	0	-4558.75	0	-0.0962471	-0.0048221	-0.091425	-0.0962471	0	1.07214	0	0	0	-0.10626	-0.0428857	-0.0633744	-0.10626
0	4.52386	0	-4137.37	0	-0.0929891	-0.00135716	-0.0916319	-0.0929891	0	0.52726	0	0	0	-0.0900931	-0.0210904	-0.0690027	-0.0900931
0	-2.39841	0	-2748.74	0	-0.0909535	0.000719522	-0.0916731	-0.0909535	0	0.143074	0	0	0	-0.0771869	-0.00572298	-0.0714639	-0.0771869
0	-7.44519	0	-2911.54	0	-0.0893788	0.00223356	-0.0916124	-0.0893788	0	0.184579	0	0	0	-0.0797183	-0.00738317	-0.0723351	-0.0797183
0	-10.9728	0	-3318.56	0	-0.0881858	0.00329184	-0.0914776	-0.0881858	0	0.132432	0	0	0	-0.0787335	-0.00529729	-0.0734362	-0.0787335
0	-12.6684	0	-3692.05	0	-0.0874922	0.00380052	-0.0912927	-0.0874922	0	-0.212377	0	0	0	-0.0653877	0.00849507	-0.0738828	-0.0653877
0	-11.7752	0	-3668.11	0	-0.0875588	0.00353255	-0.0910914	-0.0875588	0	-0.705113	0	0	0	-0.0436122	0.0282045	-0.0718168	-0.0436122
0	-8.27358	0	-2791.83	0	-0.0884308	0.00248207	-0.0909129	-0.0884308	0	-0.961591	0	0	0	-0.0286499	0.0384636	-0.0671136	-0.0286499
0	-5.0302	0	-3557.98	0	-0.0892879	0.00150906	-0.090797	-0.0892879	0	-1.06056	0	0	0	-0.0186788	0.0424226	-0.0611014	-0.0186788
0	-2.74861	0	-3347.29	0	-0.089902	0.000824583	-0.0907265	-0.089902	0	-0.981812	0	0	0	-0.0155741	0.0392725	-0.0548465	-0.0155741
0	-1.53506	0	-3883.59	0	-0.0902263	0.000460518	-0.0906869	-0.0902263	0	-0.926472	0	0	0	-0.0119926	0.0370589	-0.0490514	-0.0119926
0	-0.85319	0	-4496.5	0	-0.0904094	0.000255957	-0.0906653	-0.0904094	0	-0.931793	0	0	0	-0.00624963	0.0372717	-0.0435214	-0.00624963
0	0.659095	0	-3845.28	0	-0.0908548	-0.000197729	-0.090657	-0.0908548	0	-1.02012	0	0	0	0.00297652	0.040805	-0.0378284	0.00297652
0	1.9837	0	-3668.11	0	-0.091157	-0.000484002	-0.090673	-0.091157	0	-0.924343	0	0	0	0.00834592	0.0399961	-0.0316502	0.00834592
0	1.91728	0	-3567.55	0	-0.0912769	-0.000575183	-0.0907017	-0.0912769	0	-0.837077	0	0	0	0.0076056	0.0334831	-0.0258775	0.0076056
0	1.13752	0	-3495.73	0	-0.0910715	-0.000341255	-0.0907302	-0.0910715	0	-0.638067	0	0	0	0.00437712	0.0255227	-0.0211455	0.00437712
0	-0.659024	0	-3926.68	0	-0.0905437	0.000197707	-0.0907414	-0.0905437	0	-0.437993	0	0	0	-9.43691e-05	0.0175197	-0.0176141	-9.43691e-05
0	-3.02576	0	-3988.93	0	-0.0898135	0.000907729	-0.0907212	-0.0898135	0	-0.229404	0	0	0	-0.00612921	0.00917618	-0.0153054	-0.00612921
