0	0.00189142	0	3.78284	0	-1.89142e-07	-1.89142e-07	0	-1.89142e-07	0	-0.00214974	0	0	0	6.44921e-05	6.44921e-05	0	6.44921e-05
0.48	0.312922	480	13.3596	0.00808889	1.62135e-05	1.67078e-05	-4.94375e-07	0.0081051	0	-0.0170489	0	0	0	0.00061376	0.000511467	0.000102293	0.00061376
1.92	-0.547852	960	-34.5244	0.0163556	0.000247384	0.000246785	5.9914e-07	0.0166029	0	0.18409	0	0	0	-0.00551924	-0.00552269	3.4481e-06	-0.00551924
4.32	-1.11222	1440	-91.9852	0.0248	0.000550207	0.000543222	6.98471e-06	0.0253502	0	0.396935	0	0	0	-0.0135391	-0.011908	-0.00163107	-0.0135391
7.68	-0.65061	1920	-91.9852	0.0334222	0.000852567	0.000833061	1.95064e-05	0.0342748	0	0.217081	0	0	0	-0.0102441	-0.00651242	-0.00373173	-0.0102441
12	-1.74762	2400	-87.1968	0.0422222	0.0014133	0.00137476	3.85356e-05	0.0436355	0	0.117043	0	0	0	-0.00835715	-0.0035113	-0.00484584	-0.00835715
17.28	-2.01474	2880	-77.62	0.0512	0.0019978	0.00192947	6.83256e-05	0.0531978	0	0.105337	0	0	0	-0.00868267	-0.00316011	-0.00552256	-0.00868267
23.52	-2.07075	3360	-63.2548	0.0603556	0.00266862	0.00255908	0.000109549	0.0630242	0	0.147906	0	0	0	-0.0106365	-0.00443718	-0.00619928	-0.0106365
30.72	-2.07159	3840	-44.1012	0.0696889	0.00344297	0.00327916	0.000163809	0.0731319	0	0.174512	0	0	0	-0.0123668	-0.00523535	-0.00713142	-0.0123668
38.88	-0.816351	4320	27.7249	0.0792	0.00420258	0.00396964	0.000232941	0.0834026	0	0.120236	0	0	0	-0.0118335	-0.00360708	-0.00822638	-0.0118335
48	0.266378	4800	257.568	0.0888889	0.00508905	0.00477336	0.000315683	0.0939779	0	-0.590666	0	0	0	0.00976193	0.01772	-0.00795806	0.00976193
58.08	2.42998	5280	324.606	0.0987556	0.00598045	0.005565	0.000415445	0.104736	0	-0.763071	0	0	0	0.0189985	0.0228921	-0.00389366	0.0189985
69.12	10.3989	5760	549.661	0.1088	0.00640101	0.00587211	0.000528904	0.115201	0	-0.44806	0	0	0	0.0138743	0.0134418	0.000432544	0.0138743
81.12	18.0791	6240	846.542	0.119022	0.00695206	0.00630409	0.000647963	0.125974	0	-0.00214974	0	0	0	0.0024447	6.44921e-05	0.0023802	0.0024447
94.08	26.148	6720	904.003	0.129422	0.00756945	0.00679321	0.000776245	0.136992	0	0.1362	0	0	0	-0.00210155	-0.00408599	0.00198444	-0.00210155
108	38.0113	7200	1105.12	0.14	0.00791279	0.00699888	0.00091391	0.147913	0	-0.311839	0	0	0	0.0111035	0.00935518	0.00174831	0.0111035
122.88	54.0677	7680	1114.69	0.150756	0.00793538	0.00688123	0.00105415	0.158691	0	-0.641749	0	0	0	0.0234241	0.0192525	0.00417168	0.0234241
138.72	76.1018	8160	1272.71	0.161689	0.00745199	0.00626182	0.00119017	0.169141	0	-0.988687	0	0	0	0.0382223	0.0296606	0.00856174	0.0382223
147	87.924	8400	1354.11	0.167222	0.00716039	0.0059076	0.00125279	0.174383	0	-1.11001	0	0	0	0.044828	0.0333002	0.0115278	0.044828
164.28	114.589	8880	1646.21	0.178422	0.00633409	0.00496912	0.00136497	0.184756	0	-1.13129	0	0	0	0.0522894	0.0339388	0.0183507	0.0522894
182.25	142.648	9000	1780.28	0.18375	0.00541887	0.00396021	0.00145866	0.189169	0	-0.953567	0	0	0	0.0534453	0.028607	0.0248383	0.0534453
200.25	172.021	9000	2034.07	0.187083	0.004355	0.00282286	0.00153215	0.191438	0	-0.903548	0	0	0	0.0575448	0.0271065	0.0304384	0.0575448
218.25	208.305	9000	2153.78	0.190417	0.00257321	0.00099453	0.00157868	0.19299	0	-0.883328	0	0	0	0.0623468	0.0264998	0.0358469	0.0623468
236.25	252.631	9000	2192.08	0.19375	-5.19751e-05	-0.00163809	0.00158612	0.193698	0	-0.80564	0	0	0	0.0651628	0.0241692	0.0409936	0.0651628
254.25	301.383	9000	2211.24	0.197083	-0.00317576	-0.00471331	0.00153755	0.193908	0	-0.876943	0	0	0	0.0720975	0.0263083	0.0457892	0.0720975
272.25	352.2	9000	2292.64	0.200417	-0.00656931	-0.007995	0.00142569	0.193847	0	-1.38884	0	0	0	0.0936162	0.0416651	0.0519512	0.0936162
290.25	793.52	9000	2493.75	0.20375	-0.0482997	-0.050327	0.0020273	0.15545	0	-1.19727	0	0	0	0.0965855	0.0359182	0.0606673	0.0965855
308.25	543.904	9000	2809.79	0.207083	-0.0223644	-0.0235655	0.00120109	0.184719	0	-1.0866	0	0	0	0.0999795	0.0325979	0.0673816	0.0999795
326.25	502.447	9000	3212.01	0.210417	-0.0168517	-0.0176198	0.000768103	0.193565	0	-1.50696	0	0	0	0.119698	0.0452089	0.0744886	0.119698
344.25	510.778	9000	3389.18	0.21375	-0.0162312	-0.0166528	0.000421601	0.197519	0	-1.29838	0	0	0	0.122577	0.0389513	0.0836262	0.122577
362.25	534.696	9000	3302.99	0.217083	-0.0171619	-0.0172447	8.27832e-05	0.199921	0	-1.17599	0	0	0	0.126294	0.0352797	0.0910142	0.126294
380.25	562.148	9000	3212.01	0.220417	-0.0184628	-0.0181898	-0.000272941	0.201954	0	-1.40799	0	0	0	0.140671	0.0422397	0.0984309	0.140671
398.25	599.961	9000	3173.71	0.22375	-0.0208225	-0.0201712	-0.000651332	0.202927	0	-1.52825	0	0	0	0.152937	0.0458475	0.10709	0.152937
416.25	630.051	9000	3168.92	0.227083	-0.0224439	-0.0213801	-0.00106378	0.204639	0	-1.7826	0	0	0	0.170031	0.053478	0.116553	0.170031
434.25	658.882	9000	3245.53	0.230417	-0.0239632	-0.0224632	-0.00149997	0.206453	0	-1.78898	0	0	0	0.181259	0.0536695	0.12759	0.181259
452.25	683.841	9000	3441.86	0.23375	-0.0251148	-0.0231591	-0.00195563	0.208635	0	-1.13023	0	0	0	0.171353	0.0339069	0.137446	0.171353
470.25	717.708	9000	3389.18	0.237083	-0.027175	-0.0247458	-0.00242917	0.209908	0	-1.31647	0	0	0	0.183568	0.039494	0.144074	0.183568
488.25	749.123	9000	3188.07	0.240417	-0.0290218	-0.0260873	-0.00293445	0.211395	0	-1.26539	0	0	0	0.190234	0.0379616	0.152273	0.190234
506.25	784.814	9000	3077.94	0.24375	-0.0313266	-0.0278564	-0.0034702	0.212423	0	-0.47573	0	0	0	0.173048	0.0142719	0.158777	0.173048
524.25	813.261	9000	3259.9	0.247083	-0.0329379	-0.0289011	-0.00403684	0.214145	0	-0.683254	0	0	0	0.181848	0.0204976	0.16135	0.181848
542.25	826.112	9000	3642.97	0.250417	-0.033005	-0.0283862	-0.00461881	0.217412	0	0.155356	0	0	0	0.160862	-0.00466067	0.165523	0.160862
560.25	834.174	9000	4016.47	0.25375	-0.0325773	-0.0273924	-0.00518489	0.221173	0	1.6027	0	0	0	0.113285	-0.0480811	0.161366	0.113285
578.25	848.693	9000	4035.62	0.257083	-0.0327781	-0.0270443	-0.00573382	0.224305	0	1.14615	0	0	0	0.117953	-0.0343845	0.152337	0.117953
596.25	1818.59	9000	3968.58	0.260417	-0.126644	-0.122234	-0.00441	0.133772	0	1.22597	0	0	0	0.108947	-0.036779	0.145726	0.108947
623.25	1081.41	9000	3379.61	0.265417	-0.0527769	-0.0458164	-0.00696052	0.21264	0	1.62505	0	0	0	0.0866587	-0.0487515	0.13541	0.0866587
641.25	1031.57	9000	3551.99	0.26875	-0.0468586	-0.0390318	-0.00782686	0.221891	0	1.73999	0	0	0	0.0722439	-0.0521996	0.124443	0.0722439
659.25	1015.97	9000	4294.19	0.272083	-0.0442595	-0.0356719	-0.00858757	0.227824	0	0.399063	0	0	0	0.104713	-0.0119719	0.116685	0.104713
677.25	996.29	9000	4634.17	0.275417	-0.0411804	-0.031904	-0.00927642	0.234236	0	1.24299	0	0	0	0.0761168	-0.0372898	0.113407	0.0761168
695.25	990.731	9000	4495.31	0.27875	-0.0394455	-0.0295481	-0.0098974	0.239305	0	1.41646	0	0	0	0.0627013	-0.0424939	0.105195	0.0627013
713.25	999.057	9000	4088.29	0.282083	-0.0390564	-0.0285807	-0.0104757	0.243027	0	1.16424	0	0	0	0.0620693	-0.0349272	0.0969965	0.0620693
731.25	1022.21	9000	3844.08	0.285417	-0.0401412	-0.0290963	-0.0110448	0.245276	0	0.77367	0	0	0	0.0673757	-0.0232101	0.0905858	0.0673757
749.25	1065.4	9000	3508.89	0.28875	-0.0432487	-0.0316155	-0.0116333	0.245501	0	0.567211	0	0	0	0.0692275	-0.0170163	0.0862439	0.0692275
767.25	1110.25	9000	3159.34	0.292083	-0.0465751	-0.0343	-0.0122752	0.245508	0	0.642771	0	0	0	0.0636884	-0.0192831	0.0829715	0.0636884
785.25	1135.83	9000	3422.7	0.295417	-0.0480217	-0.0350583	-0.0129635	0.247395	0	2.06351	0	0	0	0.0153674	-0.0619053	0.0772727	0.0153674
803.25	1119.52	9000	4887.95	0.29875	-0.0452997	-0.0316269	-0.0136729	0.25345	0	0.880093	0	0	0	0.039287	-0.0264028	0.0656898	0.039287
821.25	1106.84	9000	5352.43	0.302083	-0.042844	-0.0285593	-0.0142847	0.259239	0	1.33984	0	0	0	0.0205812	-0.0401951	0.0607764	0.0205812
839.25	1106.39	9000	5261.45	0.305417	-0.0415535	-0.0267138	-0.0148397	0.263863	0	2.06138	0	0	0	-0.0107005	-0.0618415	0.051141	-0.0107005
857.25	1129.49	9000	4543.19	0.30875	-0.0425923	-0.0272236	-0.0153687	0.266158	0	1.69635	0	0	0	-0.011259	-0.0508906	0.0396316	-0.011259
875.25	1175.07	9000	4231.94	0.312083	-0.0459021	-0.0299816	-0.0159205	0.266181	0	1.89536	0	0	0	-0.0279215	-0.0568609	0.0289394	-0.0279215
893.251	1230.51	9000	3844.08	0.315417	-0.0502583	-0.0337259	-0.0165324	0.265159	0	1.85067	0	0	0	-0.0376782	-0.05552	0.0178418	-0.0376782
911.251	1282.74	9000	3604.66	0.31875	-0.0543665	-0.0371492	-0.0172173	0.264384	0	2.31041	0	0	0	-0.0630694	-0.0693123	0.00624294	-0.0630694
929.251	1335.4	9000	3355.67	0.322083	-0.0585882	-0.0406151	-0.0179731	0.263495	0	2.91383	0	0	0	-0.0964742	-0.0874148	-0.00905942	-0.0964742
947.251	1360.06	9000	3911.12	0.325417	-0.0600684	-0.0412814	-0.018787	0.265348	0	-0.32461	0	0	0	-0.0136497	0.0097383	-0.023388	-0.0136497
965.251	1353.09	9000	4993.3	0.32875	-0.058382	-0.0387843	-0.0195977	0.270368	0	-1.11001	0	0	0	0.0162434	0.0333002	-0.0170568	0.0162434
983.251	1330.16	9000	5414.68	0.332083	-0.0550381	-0.0346911	-0.020347	0.277045	0	2.08267	0	0	0	-0.0788279	-0.06248	-0.0163479	-0.0788279
1001.25	1313.74	9000	5213.57	0.335417	-0.0522659	-0.031249	-0.0210169	0.283151	0	1.25576	0	0	0	-0.0662487	-0.0376729	-0.0285757	-0.0662487
1019.25	1302.24	9000	5151.32	0.33875	-0.0499476	-0.0282985	-0.021649	0.288803	0	-1.10469	0	0	0	-0.000214439	0.0331406	-0.033355	-0.000214439
1037.2	1316.69	8839.98	5136.95	0.339407	-0.0501584	-0.0279492	-0.0222092	0.289248	0	2.15078	0	0	0	-0.100493	-0.0645233	-0.0359697	-0.100493
1054.4	1342.32	8359.98	4902.32	0.334592	-0.0515582	-0.0287925	-0.0227657	0.283034	0	2.4445	0	0	0	-0.13104	-0.0733351	-0.0577053	-0.13104
1070.64	1374.45	7879.98	4849.65	0.329599	-0.0537253	-0.0303812	-0.0233441	0.275874	0	-0.560868	0	0	0	-0.0474529	0.016826	-0.0642789	-0.0474529
1085.92	1411.2	7399.98	5103.43	0.324429	-0.0564852	-0.0325281	-0.0239571	0.267944	0	-1.23559	0	0	0	-0.0237695	0.0370676	-0.0608371	-0.0237695
1100.24	3556.52	6919.98	5084.28	0.319081	-0.270236	-0.245628	-0.0246086	0.0488441	0	-1.71874	0	0	0	4.48152e-05	0.0515624	-0.0515175	4.48152e-05
1113.6	918.932	6439.98	5419.47	0.313555	-0.00687345	0.0194665	-0.0263399	0.306681	0	-0.134114	0	0	0	-0.0397965	0.00402341	-0.0438199	-0.0397965
1126	1298.55	5959.98	5998.86	0.307851	-0.0434507	-0.0172554	-0.0261952	0.2644	0	0.0191348	0	0	0	-0.0425548	-0.000574043	-0.0419808	-0.0425548
1137.44	1374.94	5479.97	6305.32	0.301969	-0.0503317	-0.0237503	-0.0265814	0.251638	0	-2.2168	0	0	0	0.0254717	0.0665041	-0.0410324	0.0254717
1147.92	1387.32	4999.97	5769.02	0.29591	-0.0509946	-0.0239405	-0.0270541	0.244916	0	-2.40198	0	0	0	0.046039	0.0720593	-0.0260203	0.046039
1157.44	1391.1	4519.97	5510.45	0.289673	-0.05089	-0.0233659	-0.0275241	0.238783	0	-1.72939	0	0	0	0.0390472	0.0518816	-0.0128344	0.0390472
1166	1403.56	4039.97	5041.18	0.283258	-0.051742	-0.0237567	-0.0279853	0.231516	0	-1.81453	0	0	0	0.0518404	0.0544358	-0.0025954	0.0518404
1173.6	1424.61	3559.97	4667.69	0.276666	-0.053563	-0.0251013	-0.0284617	0.223103	0	-1.92308	0	0	0	0.0661181	0.0576923	0.00842585	0.0661181
1180.24	1441.16	3079.97	4394.75	0.269895	-0.0550545	-0.0260925	-0.028962	0.214841	0	-3.73013	0	0	0	0.133506	0.111904	0.0216021	0.133506
1185.92	1426.48	2599.97	4907.11	0.262947	-0.0535282	-0.0240567	-0.0294714	0.209419	0	-5.23069	0	0	0	0.205143	0.156921	0.0482228	0.205143
1190.64	1379.4	2119.97	5826.48	0.255821	-0.0488012	-0.0188766	-0.0299246	0.20702	0	-3.39064	0	0	0	0.178127	0.101719	0.0764079	0.178127
1194.4	1314.18	1639.97	6554.32	0.248517	-0.0422421	-0.0119786	-0.0302634	0.206275	0	-4.33993	0	0	0	0.228195	0.130198	0.0979969	0.228195
1197.2	1260.79	1159.97	6362.78	0.241036	-0.0368265	-0.00635935	-0.0304672	0.204209	0	-3.43428	0	0	0	0.22633	0.103028	0.123302	0.22633
1199.04	1221.44	679.965	6089.84	0.233377	-0.0328067	-0.00223998	-0.0305667	0.20057	0	-2.5084	0	0	0	0.217161	0.075252	0.141909	0.217161
1199.92	3543.85	199.964	5644.52	0.22554	-0.264987	-0.234393	-0.0305936	-0.0394472	0	-2.6542	0	0	0	0.236496	0.079626	0.15687	0.236496
1200	610.439	0	5065.13	0.222222	0.0271981	0.0589561	-0.031758	0.24942	0	-2.43071	0	0	0	0.245688	0.0729214	0.172767	0.245688
1200	1049.91	0	4696.42	0.222222	-0.0158573	0.0150086	-0.0308659	0.206365	0	-2.16146	0	0	0	0.251895	0.0648439	0.187051	0.251895
1200	1165.2	0	4222.37	0.222222	-0.0271577	0.00348049	-0.0306382	0.195065	0	-0.291619	0	0	0	0.206805	0.00874857	0.198056	0.206805
1200	1179.3	0	4591.07	0.222222	-0.0285199	0.00207012	-0.03059	0.193702	0	1.91878	0	0	0	0.138038	-0.0575633	0.195601	0.138038
1200	1174.36	0	4504.88	0.222222	-0.0279781	0.0025644	-0.0305425	0.194244	0	2.28168	0	0	0	0.11484	-0.0684503	0.18329	0.11484
1200	1177.77	0	4246.31	0.222222	-0.0282637	0.00222255	-0.0304863	0.193958	0	2.11566	0	0	0	0.106296	-0.0634698	0.169766	0.106296
1200	1178.22	0	4126.6	0.222222	-0.0282606	0.00217754	-0.0304381	0.193962	0	3.06601	0	0	0	0.0645715	-0.0919803	0.156552	0.0645715
1200	1165.64	0	4255.89	0.222222	-0.0269502	0.00343551	-0.0303857	0.195272	0	4.76132	0	0	0	-0.00775845	-0.14284	0.135081	-0.00775845
1200	1145.95	0	4471.36	0.222222	-0.0248992	0.00540508	-0.0303042	0.197323	0	3.70987	0	0	0	-0.00381219	-0.111296	0.107484	-0.00381219
1200	1111.55	0	4883.17	0.222222	-0.0213298	0.00884539	-0.0301752	0.200892	0	5.56588	0	0	0	-0.0827286	-0.166976	0.0842477	-0.0827286
1200	1071.9	0	5141.74	0.222222	-0.0171638	0.0128097	-0.0299734	0.205058	0	6.68225	0	0	0	-0.152932	-0.200467	0.0475352	-0.152932
1200	1047.03	0	4974.15	0.222222	-0.0144024	0.015297	-0.0296995	0.20782	0	5.59355	0	0	0	-0.158484	-0.167806	0.00932221	-0.158484
1200	1037.08	0	4389.96	0.222222	-0.0130897	0.0162916	-0.0293813	0.209132	0	5.4701	0	0	0	-0.187869	-0.164103	-0.0237666	-0.187869
1200	1049.58	0	4198.42	0.222222	-0.0140134	0.015042	-0.0290553	0.208209	0	5.58503	0	0	0	-0.224435	-0.167551	-0.0568841	-0.224435
1200	1078.78	0	3671.7	0.222222	-0.016641	0.0121221	-0.0287631	0.205581	0	5.59035	0	0	0	-0.258229	-0.167711	-0.0905188	-0.258229
1200	1097.49	0	3609.45	0.222222	-0.0182779	0.0102512	-0.0285291	0.203944	0	5.37219	0	0	0	-0.285533	-0.161166	-0.124367	-0.285533
1200	1081.46	0	4509.67	0.222222	-0.0164606	0.0118543	-0.0283148	0.205762	0	1.04292	0	0	0	-0.182569	-0.0312876	-0.151282	-0.182569
1200	-207.407	0	5237.51	0.222222	0.112682	0.140741	-0.0280582	0.334905	0	-0.270334	0	0	0	-0.14562	0.00811003	-0.15373	-0.14562
1200	1353.17	0	5084.28	0.222222	-0.0424356	-0.0153172	-0.0271183	0.179787	0	0.201117	0	0	0	-0.15902	-0.00603352	-0.152986	-0.15902
1200	1113.32	0	4873.59	0.222222	-0.0185944	0.00866755	-0.027262	0.203628	0	-0.373564	0	0	0	-0.14251	0.0112069	-0.153717	-0.14251
1200	1062.34	0	4672.48	0.222222	-0.0132818	0.0137664	-0.0270482	0.20894	0	-1.29412	0	0	0	-0.111123	0.0388236	-0.149946	-0.111123
1200	1059.54	0	4164.91	0.222222	-0.0127193	0.0140457	-0.026765	0.209503	0	-1.46759	0	0	0	-0.0976082	0.0440276	-0.141636	-0.0976082
1200	1074.73	0	3901.54	0.222222	-0.0139581	0.0125272	-0.0264853	0.208264	0	-1.60062	0	0	0	-0.0845819	0.0480185	-0.1326	-0.0845819
1200	1108.41	0	3690.85	0.222222	-0.0170869	0.00915906	-0.0262459	0.205135	0	-1.72194	0	0	0	-0.0713673	0.0516581	-0.123025	-0.0713673
1200	1129.02	0	3796.2	0.222222	-0.018975	0.00709788	-0.0260728	0.203247	0	-3.93659	0	0	0	0.00818472	0.118098	-0.109913	0.00818472
1200	1128.64	0	4150.54	0.222222	-0.0187895	0.00713577	-0.0259253	0.203433	0	-4.94973	0	0	0	0.0646984	0.148492	-0.0837936	0.0646984
1200	1116.57	0	4361.23	0.222222	-0.0174295	0.00834302	-0.0257725	0.204793	0	-4.95186	0	0	0	0.0934997	0.148556	-0.0550562	0.0934997
1200	1101.53	0	4490.52	0.222222	-0.0157466	0.00984657	-0.0255932	0.206476	0	-6.02354	0	0	0	0.157679	0.180706	-0.0230271	0.157679
1200	1100.1	0	4332.5	0.222222	-0.0154004	0.00998965	-0.02539	0.206822	0	-5.73939	0	0	0	0.185075	0.172182	0.0128938	0.185075
1200	1100.62	0	4308.56	0.222222	-0.0152474	0.00993792	-0.0251853	0.206975	0	-5.00827	0	0	0	0.19639	0.150248	0.0461425	0.19639
1200	1097.75	0	4356.44	0.222222	-0.0147553	0.0102248	-0.0249802	0.207467	0	-4.3974	0	0	0	0.207603	0.131922	0.0756812	0.207603
1200	1095.51	0	4366.02	0.222222	-0.0143209	0.0104492	-0.0247701	0.207901	0	-2.52862	0	0	0	0.175246	0.0758586	0.099387	0.175246
1200	1100.82	0	4476.15	0.222222	-0.0146393	0.00991804	-0.0245574	0.207583	0	-1.77408	0	0	0	0.165671	0.0532225	0.112448	0.165671
1200	1101	0	4284.62	0.222222	-0.0145581	0.00990012	-0.0244582	0.207664	0	-1.95287	0	0	0	0.176357	0.0585862	0.117771	0.176357
1200	1137.09	0	3800.99	0.222222	-0.0179175	0.00629122	-0.0242088	0.204305	0	-1.89434	0	0	0	0.191915	0.0568303	0.135085	0.191915
1200	1175.78	0	3465.8	0.222222	-0.02168	0.00242229	-0.0241023	0.200542	0	-1.74109	0	0	0	0.198632	0.0522328	0.1464	0.198632
1200	1204.36	0	3183.28	0.222222	-0.0245077	-0.000436353	-0.0240713	0.197715	0	-1.02487	0	0	0	0.186695	0.0307461	0.155949	0.186695
1200	1218.48	0	3207.22	0.222222	-0.0259369	-0.00184824	-0.0240887	0.196285	0	-0.0660032	0	0	0	0.162849	0.0019801	0.160869	0.162849
1200	1224.23	0	3360.45	0.222222	-0.0265524	-0.00242334	-0.024129	0.19567	0	1.23129	0	0	0	0.122251	-0.0369386	0.15919	0.122251
1200	1233.6	0	3350.88	0.222222	-0.0275417	-0.00335996	-0.0241817	0.194681	0	1.51437	0	0	0	0.105602	-0.0454311	0.151033	0.105602
1200	1243.07	0	3121.03	0.222222	-0.0285612	-0.00430675	-0.0242545	0.193661	0	1.44839	0	0	0	0.0986704	-0.0434517	0.142122	0.0986704
1200	1250.8	0	3030.05	0.222222	-0.0294248	-0.00507988	-0.0243449	0.192797	0	2.36149	0	0	0	0.0619133	-0.0708448	0.132758	0.0619133
1200	1247.42	0	3279.05	0.222222	-0.0291893	-0.00474226	-0.0244471	0.193033	0	3.61728	0	0	0	0.00774324	-0.108518	0.116262	0.00774324
1200	1227.49	0	3317.36	0.222222	-0.0272822	-0.00274949	-0.0245327	0.19494	0	4.75174	0	0	0	-0.0491373	-0.142552	0.093415	-0.0491373
1200	1201.39	0	3470.59	0.222222	-0.024715	-0.000138696	-0.0245764	0.197507	0	5.68081	0	0	0	-0.107506	-0.170424	0.0629187	-0.107506
1200	1188.09	0	3326.93	0.222222	-0.0233792	0.00119067	-0.0245699	0.198843	0	5.7734	0	0	0	-0.144442	-0.173202	0.0287604	-0.144442
1200	1195.55	0	3140.19	0.222222	-0.0241037	0.000444543	-0.0245482	0.198119	0	5.74786	0	0	0	-0.178214	-0.172436	-0.00577787	-0.178214
1200	1215.26	0	3039.63	0.222222	-0.0260748	-0.00152556	-0.0245492	0.196147	0	5.64995	0	0	0	-0.209575	-0.169499	-0.0400767	-0.209575
1200	1226.27	0	3111.46	0.222222	-0.0272155	-0.00262726	-0.0245883	0.195007	0	3.93229	0	0	0	-0.190362	-0.117969	-0.0723928	-0.190362
1200	1217.24	0	3642.97	0.222222	-0.026362	-0.00172407	-0.024638	0.19586	0	1.30685	0	0	0	-0.131134	-0.0392054	-0.0919287	-0.131134
1200	1198.31	0	4083.5	0.222222	-0.0244947	0.000168726	-0.0246634	0.197728	0	-0.292683	0	0	0	-0.0876848	0.0087805	-0.0964653	-0.0876848
1200	1611.2	0	4064.35	0.222222	-0.0649019	-0.0411202	-0.0237817	0.15732	0	-0.236279	0	0	0	-0.0872696	0.00708838	-0.094358	-0.0872696
1200	1277.86	0	3800.99	0.222222	-0.0321668	-0.00778562	-0.0243811	0.190055	0	-0.232022	0	0	0	-0.0862798	0.00696067	-0.0932405	-0.0862798
1200	1223.76	0	3532.84	0.222222	-0.0268349	-0.00237595	-0.024459	0.195387	0	-0.27672	0	0	0	-0.0842428	0.00830159	-0.0925444	-0.0842428
1200	1190.46	0	3054	0.222222	-0.0235275	0.000953662	-0.0244811	0.198695	0	-0.185196	0	0	0	-0.0854144	0.00555589	-0.0909703	-0.0854144
1200	1201.49	0	2972.59	0.222222	-0.0246139	-0.000148523	-0.0244653	0.197608	0	0.123429	0	0	0	-0.0939068	-0.00370286	-0.0902039	-0.0939068
1200	1222.3	0	2718.81	0.222222	-0.0267065	-0.00222952	-0.024477	0.195516	0	0.197925	0	0	0	-0.0972653	-0.00593774	-0.0913276	-0.0972653
1200	1254.86	0	2359.68	0.222222	-0.0300235	-0.00548618	-0.0245373	0.192199	0	0.118108	0	0	0	-0.095886	-0.00354323	-0.0923427	-0.095886
1200	1280.73	0	2101.1	0.222222	-0.0327355	-0.00807283	-0.0246627	0.189487	0	0.180897	0	0	0	-0.09859	-0.00542691	-0.0931631	-0.09859
1200	1289.06	0	2302.22	0.222222	-0.0337375	-0.00890593	-0.0248316	0.188485	0	-3.05115	0	0	0	0.000264898	0.0915346	-0.0912697	0.000264898
1200	1268.04	0	3561.57	0.222222	-0.0318038	-0.00680417	-0.0249996	0.190418	0	-5.37968	0	0	0	0.0939062	0.16139	-0.0674842	0.0939062
1200	1255.27	0	3451.43	0.222222	-0.0306537	-0.00552651	-0.0251272	0.191569	0	-4.4719	0	0	0	0.0976322	0.134157	-0.0365247	0.0976322
1200	1248.88	0	3264.69	0.222222	-0.0301221	-0.00488779	-0.0252343	0.1921	0	-4.61025	0	0	0	0.128582	0.138307	-0.00972523	0.128582
1200	1246.02	0	2685.29	0.222222	-0.0299299	-0.00460244	-0.0253274	0.192292	0	-4.60386	0	0	0	0.156116	0.138116	0.0180001	0.156116
1200	1256.04	0	2541.64	0.222222	-0.0310282	-0.00560366	-0.0254245	0.191194	0	-4.68368	0	0	0	0.186363	0.14051	0.0458531	0.186363
1200	1262.72	0	2455.45	0.222222	-0.0317524	-0.00627185	-0.0254806	0.19047	0	-4.52298	0	0	0	0.195594	0.135689	0.0599042	0.195594
1200	1293.48	0	2278.27	0.222222	-0.0350597	-0.00934784	-0.0257119	0.187163	0	-4.73476	0	0	0	0.242848	0.142043	0.100806	0.242848
1200	1308.09	0	2273.49	0.222222	-0.0367199	-0.0108089	-0.025911	0.185502	0	-2.09016	0	0	0	0.189793	0.0627048	0.127088	0.189793
1200	1298.86	0	2551.21	0.222222	-0.0360092	-0.00988617	-0.026123	0.186213	0	0.20431	0	0	0	0.128826	-0.0061293	0.134955	0.128826
1200	1286.37	0	2254.33	0.222222	-0.0349516	-0.00863711	-0.0263145	0.187271	0	0.109594	0	0	0	0.130112	-0.00328782	0.1334	0.130112
1200	1282.53	0	2129.83	0.222222	-0.0347377	-0.00825303	-0.0264847	0.187485	0	0.48633	0	0	0	0.118271	-0.0145899	0.132861	0.118271
1200	1275.94	0	2374.04	0.222222	-0.0342386	-0.0075937	-0.0266449	0.187984	0	1.88259	0	0	0	0.07108	-0.0564778	0.127558	0.07108
1200	1279.79	0	2359.68	0.222222	-0.034777	-0.00797935	-0.0267977	0.187445	0	1.9507	0	0	0	0.0573101	-0.0585211	0.115831	0.0573101
1200	1287.75	0	2417.14	0.222222	-0.035737	-0.00877527	-0.0269618	0.186485	0	1.79958	0	0	0	0.0504332	-0.0539875	0.104421	0.0504332
1200	1289.72	0	2345.31	0.222222	-0.0361094	-0.00897163	-0.0271378	0.186113	0	1.8496	0	0	0	0.0382054	-0.0554881	0.0936935	0.0382054
1200	1275.91	0	2263.91	0.222222	-0.0349155	-0.00759082	-0.0273247	0.187307	0	3.00535	0	0	0	-0.00873002	-0.0901605	0.0814305	-0.00873002
1200	1262.31	0	2201.66	0.222222	-0.0337016	-0.00623096	-0.0274706	0.188521	0	3.50234	0	0	0	-0.0433896	-0.10507	0.0616807	-0.0433896
1200	2097.42	0	2201.66	0.222222	-0.117331	-0.0897417	-0.0275895	0.104891	0	3.18308	0	0	0	-0.0541264	-0.0954923	0.0413659	-0.0541264
1200	1043.11	0	2091.53	0.222222	-0.0124305	0.0156894	-0.0281199	0.209792	0	3.37889	0	0	0	-0.0791792	-0.101367	0.0221876	-0.0791792
1200	1203.08	0	2000.55	0.222222	-0.02822	-0.000307593	-0.0279124	0.194002	0	3.59706	0	0	0	-0.106454	-0.107912	0.00145767	-0.106454
1200	1253.74	0	2086.74	0.222222	-0.0333234	-0.00537435	-0.0279491	0.188899	0	3.65985	0	0	0	-0.12963	-0.109795	-0.0198342	-0.12963
1200	1270.55	0	2383.62	0.222222	-0.0351231	-0.00705457	-0.0280685	0.187099	0	2.3583	0	0	0	-0.111993	-0.070749	-0.0412441	-0.111993
1200	1261.25	0	3010.9	0.222222	-0.0343327	-0.00612534	-0.0282074	0.18789	0	0.775799	0	0	0	-0.0751432	-0.023274	-0.0518692	-0.0751432
1200	1245.78	0	2766.69	0.222222	-0.0328997	-0.00457762	-0.0283221	0.189323	0	0.767285	0	0	0	-0.0795074	-0.0230186	-0.0564889	-0.0795074
1200	6.65619	0	2546.43	0.222222	0.0909265	0.119334	-0.0284079	0.313149	0	0.41077	0	0	0	-0.0729751	-0.0123231	-0.060652	-0.0729751
1200	1531.26	0	2340.52	0.222222	-0.0609776	-0.0331261	-0.0278515	0.161245	0	0.247943	0	0	0	-0.0700728	-0.0074383	-0.0626345	-0.0700728
1200	1317.33	0	2105.89	0.222222	-0.0401006	-0.0117328	-0.0283678	0.182122	0	0.118108	0	0	0	-0.0675537	-0.00354323	-0.0640104	-0.0675537
1200	1274.32	0	1909.57	0.222222	-0.0360034	-0.00743242	-0.028571	0.186219	0	-0.0830308	0	0	0	-0.0619632	0.00249093	-0.0644541	-0.0619632
1200	1274.95	0	1684.51	0.222222	-0.0362131	-0.00749497	-0.0287181	0.186009	0	-0.423583	0	0	0	-0.0507887	0.0127075	-0.0634962	-0.0507887
1200	1292.3	0	1555.23	0.222222	-0.0381041	-0.00923024	-0.0288739	0.184118	0	-0.800319	0	0	0	-0.0362076	0.0240096	-0.0602172	-0.0362076
1200	1309.54	0	1330.17	0.222222	-0.0400225	-0.0109541	-0.0290684	0.1822	0	-0.541712	0	0	0	-0.0394065	0.0162514	-0.0556579	-0.0394065
1200	1304.97	0	1832.95	0.222222	-0.0397846	-0.0104971	-0.0292875	0.182438	0	-2.00821	0	0	0	0.0090169	0.0602464	-0.0512295	0.0090169
1200	1295.06	0	2579.94	0.222222	-0.0389986	-0.00950623	-0.0294924	0.183224	0	-3.34914	0	0	0	0.0640556	0.100474	-0.0364186	0.0640556
1200	1286.11	0	2335.74	0.222222	-0.0382893	-0.00861107	-0.0296783	0.183933	0	-3.03732	0	0	0	0.0744606	0.0911196	-0.016659	0.0744606
1200	1278.03	0	1866.47	0.222222	-0.0376499	-0.00780311	-0.0298468	0.184572	0	-2.96708	0	0	0	0.0904688	0.0890124	0.00145639	0.0904688
1200	1279.88	0	1775.49	0.222222	-0.0379893	-0.00798804	-0.0300013	0.184233	0	-2.97666	0	0	0	0.108594	0.0892998	0.019294	0.108594
1200	1299.7	0	1694.09	0.222222	-0.0401399	-0.00997048	-0.0301694	0.182082	0	-3.10862	0	0	0	0.130783	0.0932587	0.0375243	0.130783
1200	1316.26	0	1330.17	0.222222	-0.0420063	-0.0116263	-0.0303799	0.180216	0	-2.06994	0	0	0	0.116793	0.0620982	0.0546946	0.116793
1200	1317.08	0	1430.73	0.222222	-0.0423218	-0.0117085	-0.0306134	0.1799	0	-1.13981	0	0	0	0.0994184	0.0341942	0.0652242	0.0994184
1200	1317.89	0	1387.63	0.222222	-0.0426362	-0.0117893	-0.0308469	0.179586	0	-1.1579	0	0	0	0.106727	0.034737	0.0719896	0.106727
1200	1308.3	0	1301.44	0.222222	-0.0419104	-0.0108301	-0.0310803	0.180312	0	-0.542776	0	0	0	0.0950607	0.0162833	0.0787774	0.0950607
1200	1290.04	0	1689.3	0.222222	-0.0402916	-0.00900364	-0.0312879	0.181931	0	1.53672	0	0	0	0.0325099	-0.0461016	0.0786115	0.0325099
1200	1278.93	0	1799.43	0.222222	-0.0393544	-0.00789338	-0.031461	0.182868	0	1.60696	0	0	0	0.0204704	-0.0482088	0.0686792	0.0204704
1200	1274.6	0	1737.18	0.222222	-0.039076	-0.00746046	-0.0316156	0.183146	0	1.20042	0	0	0	0.0238835	-0.0360127	0.0598963	0.0238835
1200	1279.21	0	1627.05	0.222222	-0.0396874	-0.00792073	-0.0317667	0.182535	0	1.31536	0	0	0	0.0131339	-0.0394608	0.0525948	0.0131339
1200	1283.94	0	1540.86	0.222222	-0.0403235	-0.00839402	-0.0319295	0.181899	0	1.44626	0	0	0	0.00113598	-0.0433878	0.0445238	0.00113598
1200	1287.15	0	1890.41	0.222222	-0.0408144	-0.00871501	-0.0320994	0.181408	0	2.01988	0	0	0	-0.0256377	-0.0605963	0.0349587	-0.0256377
1200	1290.39	0	1828.16	0.222222	-0.0413146	-0.00903909	-0.0322755	0.180908	0	1.91452	0	0	0	-0.034858	-0.0574356	0.0225776	-0.034858
1200	1288.81	0	1861.68	0.222222	-0.0413371	-0.00888064	-0.0324564	0.180885	0	0.659798	0	0	0	-0.00654202	-0.0197939	0.0132519	-0.00654202
1200	1281.41	0	1435.52	0.222222	-0.0407714	-0.00814137	-0.03263	0.181451	0	0.91202	0	0	0	-0.0181153	-0.0273606	0.00924525	-0.0181153
1200	1279.56	0	1469.03	0.222222	-0.0407444	-0.00795562	-0.0327887	0.181478	0	1.35793	0	0	0	-0.0377182	-0.0407379	0.00301966	-0.0377182
1200	1286.37	0	1402	0.222222	-0.0415865	-0.00863696	-0.0329496	0.180636	0	1.34942	0	0	0	-0.0457062	-0.0404825	-0.0052237	-0.0457062
1200	1293.78	0	1354.11	0.222222	-0.0425054	-0.00937812	-0.0331272	0.179717	0	1.40688	0	0	0	-0.0556225	-0.0422065	-0.013416	-0.0556225
1200	1298.34	0	1301.44	0.222222	-0.0431521	-0.00983424	-0.0333178	0.17907	0	1.54949	0	0	0	-0.0685559	-0.0464847	-0.0220712	-0.0685559
1200	1298.63	0	1478.61	0.222222	-0.0433838	-0.00986309	-0.0335207	0.178838	0	0.798148	0	0	0	-0.0550348	-0.0239444	-0.0310904	-0.0550348
1200	1290.6	0	1995.76	0.222222	-0.0427729	-0.00905955	-0.0337134	0.179449	0	-0.700282	0	0	0	-0.0121411	0.0210084	-0.0331495	-0.0121411
1200	1281.94	0	1943.09	0.222222	-0.042084	-0.00819362	-0.0338904	0.180138	0	-0.92164	0	0	0	-0.000554733	0.0276492	-0.0282039	-0.000554733
1200	1279.55	0	1593.53	0.222222	-0.0420061	-0.00795532	-0.0340508	0.180216	0	-0.962081	0	0	0	0.00608297	0.0288624	-0.0227795	0.00608297
1200	1286.94	0	1406.79	0.222222	-0.0429072	-0.00869441	-0.0342128	0.179315	0	-1.31966	0	0	0	0.0232182	0.0395898	-0.0163716	0.0232182
1200	1294.2	0	1301.44	0.222222	-0.0438098	-0.00942026	-0.0343895	0.178412	0	-1.20366	0	0	0	0.0275891	0.0361098	-0.00852071	0.0275891
1200	1305.03	0	1176.94	0.222222	-0.0450865	-0.0105034	-0.0345831	0.177136	0	-1.17705	0	0	0	0.0338916	0.0353116	-0.00142007	0.0338916
1200	1315.97	0	793.869	0.222222	-0.0463963	-0.0115973	-0.0347989	0.175826	0	-1.32817	0	0	0	0.0456854	0.0398452	0.0058402	0.0456854
1200	1330.78	0	726.832	0.222222	-0.048116	-0.0130776	-0.0350384	0.174106	0	-1.34095	0	0	0	0.054143	0.0402283	0.0139146	0.054143
1200	1329.81	0	568.814	0.222222	-0.0482826	-0.0129809	-0.0353017	0.17394	0	-1.10788	0	0	0	0.0549189	0.0332364	0.0216825	0.0549189
1200	1324.14	0	1196.1	0.222222	-0.0479723	-0.0124141	-0.0355582	0.17425	0	-0.391656	0	0	0	0.0398656	0.0117497	0.0281159	0.0398656
1200	1325.19	0	1483.4	0.222222	-0.0483225	-0.0125189	-0.0358036	0.1739	0	0.0893736	0	0	0	0.0265235	-0.00268121	0.0292047	0.0265235
1200	1327.24	0	1440.3	0.222222	-0.0487757	-0.012724	-0.0360517	0.173447	0	-0.0809024	0	0	0	0.0313797	0.00242707	0.0289526	0.0313797
1200	1331.34	0	1349.32	0.222222	-0.049444	-0.0131338	-0.0363101	0.172778	0	0.0329697	0	0	0	0.0283212	-0.000989091	0.0293103	0.0283212
1200	1320.65	0	1047.65	0.222222	-0.0486314	-0.0120652	-0.0365662	0.173591	0	0.293705	0	0	0	0.0196884	-0.00881115	0.0284995	0.0196884
1200	1313.2	0	865.695	0.222222	-0.0481243	-0.0113202	-0.0368041	0.174098	0	0.21176	0	0	0	0.0201291	-0.00635279	0.0264819	0.0201291
1200	1305.03	0	937.522	0.222222	-0.0475301	-0.0105035	-0.0370267	0.174692	0	0.18409	0	0	0	0.0201356	-0.00552269	0.0256583	0.0201356
1200	1294.53	0	1009.35	0.222222	-0.0466844	-0.00945344	-0.0372309	0.175538	0	0.291576	0	0	0	0.0152062	-0.00874729	0.0239535	0.0152062
1200	1289.49	0	1014.14	0.222222	-0.046366	-0.00894897	-0.037417	0.175856	0	0.260714	0	0	0	0.0146349	-0.00782142	0.0224563	0.0146349
1200	1289.51	0	1124.27	0.222222	-0.0465463	-0.00895072	-0.0375956	0.175676	0	-0.271399	0	0	0	0.0297587	0.00814196	0.0216167	0.0297587
1200	1288.91	0	1090.75	0.222222	-0.0466647	-0.00889053	-0.0377742	0.175557	0	-0.288426	0	0	0	0.0320416	0.00865279	0.0233888	0.0320416
1200	1284.76	0	1038.08	0.222222	-0.0464359	-0.0084761	-0.0379598	0.175786	0	-0.0830308	0	0	0	0.0274443	0.00249093	0.0249533	0.0274443
1200	306.536	0	1100.33	0.222222	0.049237	0.0893464	-0.0401095	0.271459	0	0.209631	0	0	0	0.0185847	-0.00628893	0.0248737	0.0185847
1200	1046.44	0	990.194	0.222222	-0.0234596	0.0153558	-0.0388154	0.198763	0	0.229851	0	0	0	0.0167842	-0.00689554	0.0236797	0.0167842
1200	1229.92	0	1062.02	0.222222	-0.0416228	-0.00299216	-0.0386306	0.180599	0	0.296898	0	0	0	0.0131766	-0.00890693	0.0220835	0.0131766
1200	1283.73	0	1114.69	0.222222	-0.0470962	-0.00837278	-0.0387234	0.175126	0	0.0265843	0	0	0	0.0198781	-0.00079753	0.0206757	0.0198781
1199.88	1314.52	-239.453	1148.21	0.218209	-0.0503717	-0.0114643	-0.0389074	0.167838	0	-0.270334	0	0	0	0.0290764	0.00811003	0.0209663	0.0290764
1198.92	1331.92	-719.447	1129.06	0.210032	-0.0524474	-0.0132996	-0.0391478	0.157584	0	-0.290555	0	0	0	0.0314518	0.00871664	0.0227352	0.0314518
1197	1339.47	-1199.44	856.119	0.201677	-0.053665	-0.0142464	-0.0394186	0.148012	0	0.104273	0	0	0	0.0209321	-0.00312818	0.0240603	0.0209321
1194.12	1338.26	-1679.43	870.484	0.193143	-0.0541181	-0.0144133	-0.0397048	0.139025	0	0.834331	0	0	0	-0.00287555	-0.0250299	0.0221544	-0.00287555
1190.29	1319.12	-2159.43	846.542	0.184433	-0.0528814	-0.0128835	-0.0399979	0.131551	0	0.683211	0	0	0	-0.00338625	-0.0204963	0.0171101	-0.00338625
1185.49	1307.96	-2639.42	841.753	0.175544	-0.0524998	-0.012247	-0.0402528	0.123044	0	0.493779	0	0	0	-0.00129811	-0.0148134	0.0135153	-0.00129811
1179.73	1295.7	-3119.42	750.774	0.166478	-0.0520899	-0.0115968	-0.0404932	0.114388	0	0.354366	0	0	0	-4.95464e-06	-0.010631	0.010626	-4.95464e-06
1173.01	1282.87	-3599.41	693.313	0.157234	-0.051707	-0.0109859	-0.040721	0.105527	0	0.230916	0	0	0	0.00183096	-0.00692747	0.00875843	0.00183096
1165.33	1270.81	-4079.4	635.852	0.147812	-0.0514875	-0.0105483	-0.0409393	0.0963243	0	0.246879	0	0	0	-3.66257e-05	-0.00740637	0.00736974	-3.66257e-05
1156.69	1260.48	-4559.4	587.968	0.138212	-0.0515277	-0.0103786	-0.0411492	0.0866844	0	0.20431	0	0	0	-0.000301491	-0.0061293	0.00582781	-0.000301491
1147.09	3572.29	-5039.39	683.736	0.128435	-0.283877	-0.24252	-0.0413571	-0.155442	0	-0.432097	0	0	0	0.0181587	0.0129629	0.00519579	0.0181587
1136.53	647.741	-5519.39	420.374	0.11848	0.00616111	0.0488793	-0.0427182	0.124641	0	-1.20685	0	0	0	0.0456286	0.0362056	0.00942302	0.0456286
1125.02	1063.96	-5999.38	42.0901	0.108347	-0.0359195	0.00610558	-0.0420251	0.0724271	0	-0.358665	0	0	0	0.0272198	0.01076	0.0164598	0.0272198
1112.54	1166.13	-6479.37	-422.385	0.0980358	-0.0473344	-0.00535917	-0.0419753	0.0507014	0	0.814111	0	0	0	-0.00821881	-0.0244233	0.0162045	-0.00821881
1099.1	1190.04	-6959.37	-537.307	0.0875473	-0.0512021	-0.00909385	-0.0421082	0.0363452	0	1.03228	0	0	0	-0.0198304	-0.0309683	0.0111379	-0.0198304
1084.7	1189.76	-7439.36	-795.881	0.076881	-0.052804	-0.0105057	-0.0422982	0.024077	0	0.997158	0	0	0	-0.0250918	-0.0299147	0.00482288	-0.0250918
1069.34	1180.55	-7919.35	-829.399	0.0660369	-0.0536326	-0.0111204	-0.0425122	0.0124044	0	0.991837	0	0	0	-0.0308034	-0.0297551	-0.00104832	-0.0308034
1053.02	1167.42	-8399.35	-604.344	0.0550151	-0.0541769	-0.0114394	-0.0427375	0.000838216	0	0.8769	0	0	0	-0.0331403	-0.026307	-0.00683332	-0.0331403
1035.74	1144.39	-8879.34	-676.17	0.0438155	-0.0538298	-0.010865	-0.0429648	-0.0100143	0	0.141521	0	0	0	-0.0153793	-0.00424562	-0.0111337	-0.0153793
1017.77	1111.48	-9000	-877.283	0.0384768	-0.0525453	-0.00937048	-0.0431748	-0.0140685	0	0.412898	0	0	0	-0.023661	-0.0123869	-0.0112741	-0.023661
999.775	1080.02	-9000	-1590.76	0.0351435	-0.0514086	-0.0080241	-0.0433845	-0.0162651	0	1.38347	0	0	0	-0.0586494	-0.0415041	-0.0171453	-0.0586494
981.775	1068.24	-9000	-2318.59	0.0318103	-0.0521898	-0.00864607	-0.0435438	-0.0203796	0	-0.227765	0	0	0	-0.0158164	0.00683296	-0.0226493	-0.0158164
963.776	1051.17	-9000	-2428.73	0.028477	-0.0524522	-0.00873945	-0.0437127	-0.0239752	0	0.169191	0	0	0	-0.0265692	-0.00507572	-0.0214934	-0.0265692
945.776	1016.61	-9000	-2275.5	0.0251437	-0.0509595	-0.00708325	-0.0438762	-0.0258158	0	0.48633	0	0	0	-0.0375263	-0.0145899	-0.0229364	-0.0375263
927.776	975.949	-9000	-2050.44	0.0218104	-0.0488207	-0.00481729	-0.0440034	-0.0270104	0	0.541669	0	0	0	-0.0424621	-0.0162501	-0.026212	-0.0424621
909.776	912.108	-9000	-1978.62	0.018477	-0.0443103	-0.000233185	-0.0440771	-0.0258333	0	0.510807	0	0	0	-0.0449458	-0.0153242	-0.0296216	-0.0449458
891.776	846.681	-9000	-1959.46	0.0151437	-0.0395421	0.00450953	-0.0440517	-0.0243984	0	0.832203	0	0	0	-0.0580452	-0.0249661	-0.0330792	-0.0580452
873.776	808.949	-9000	-2189.31	0.0118105	-0.0374643	0.00648271	-0.043947	-0.0256538	0	0.344788	0	0	0	-0.0485341	-0.0103436	-0.0381905	-0.0485341
855.777	802.027	-9000	-3395.98	0.00847717	-0.0384409	0.00537499	-0.0438159	-0.0299637	0	-0.719438	0	0	0	-0.0164061	0.0215831	-0.0379892	-0.0164061
837.777	814.912	-9000	-4032.84	0.00514388	-0.0414331	0.00228647	-0.0437195	-0.0362892	0	0.278806	0	0	0	-0.043499	-0.00836417	-0.0351349	-0.043499
819.777	822.656	-9000	-4018.48	0.00181059	-0.043973	-0.000287915	-0.0436851	-0.0421624	0	-0.0372692	0	0	0	-0.0356768	0.00111807	-0.0367949	-0.0356768
801.777	812.28	-9000	-3803	-0.00152271	-0.0447432	-0.00105025	-0.0436929	-0.0462659	0	-0.640685	0	0	0	-0.0160577	0.0192205	-0.0352783	-0.0160577
783.778	790.102	-9000	-3606.67	-0.004856	-0.0443434	-0.000632452	-0.0437109	-0.0491994	0	-0.615144	0	0	0	-0.0131555	0.0184543	-0.0316098	-0.0131555
765.778	754.053	-9000	-3338.52	-0.00818929	-0.0425393	0.00117247	-0.0437117	-0.0507285	0	-0.635364	0	0	0	-0.00864408	0.0190609	-0.027705	-0.00864408
747.778	726.638	-9000	-3740.75	-0.0115226	-0.0415647	0.00211401	-0.0436787	-0.0530873	0	1.08762	0	0	0	-0.0584688	-0.0326285	-0.0258403	-0.0584688
729.778	725.696	-9000	-4856.45	-0.0148559	-0.0432307	0.000408221	-0.0436389	-0.0580865	0	0.19686	0	0	0	-0.038655	-0.00590581	-0.0327492	-0.038655
711.779	736.616	-9000	-5201.21	-0.0181892	-0.0461267	-0.00248371	-0.043643	-0.0643158	0	-0.591731	0	0	0	-0.0137967	0.0177519	-0.0315486	-0.0137967
693.779	727.386	-9000	-4861.24	-0.0215224	-0.0470578	-0.00336075	-0.043697	-0.0685802	0	-0.0809024	0	0	0	-0.026165	0.00242707	-0.028592	-0.026165
675.779	707.129	-9000	-4497.32	-0.0248557	-0.0468963	-0.00313496	-0.0437613	-0.071752	0	-0.074517	0	0	0	-0.0261712	0.00223551	-0.0284067	-0.0261712
657.779	664.893	-9000	-4277.05	-0.028189	-0.044524	-0.000711414	-0.0438126	-0.072713	0	-0.208609	0	0	0	-0.0213087	0.00625828	-0.0275669	-0.0213087
639.78	612.599	-9000	-4056.78	-0.0315223	-0.0410893	0.0027181	-0.0438074	-0.0726116	0	0.0797956	0	0	0	-0.0292743	-0.00239387	-0.0268804	-0.0292743
621.78	558.164	-9000	-3721.59	-0.0348556	-0.037371	0.0063616	-0.0437326	-0.0722266	0	1.00141	0	0	0	-0.0581391	-0.0300424	-0.0280967	-0.0581391
603.78	509.755	-9000	-4075.94	-0.0381889	-0.0341829	0.00940245	-0.0435854	-0.0723718	0	0.877964	0	0	0	-0.0622607	-0.0263389	-0.0359218	-0.0622607
585.78	491.593	-9000	-4985.73	-0.0415222	-0.0339729	0.00941873	-0.0433916	-0.0754951	0	0.0702176	0	0	0	-0.0396437	-0.00210653	-0.0375372	-0.0396437
567.78	495.417	-9000	-5885.95	-0.0448555	-0.0359781	0.00723638	-0.0432145	-0.0808336	0	2.18803	0	0	0	-0.108209	-0.0656408	-0.0425687	-0.108209
549.781	493.165	-9000	-5579.5	-0.0481888	-0.0374156	0.00566158	-0.0430772	-0.0856044	0	1.48883	0	0	0	-0.0997455	-0.0446649	-0.0550807	-0.0997455
531.781	-379.065	-9000	-5301.77	-0.0515221	0.0481186	0.0910846	-0.042966	-0.00340343	0	1.26854	0	0	0	-0.101422	-0.0380561	-0.0633655	-0.101422
513.781	661.87	-9000	-4957	-0.0548554	-0.0572326	-0.0148089	-0.0424238	-0.112088	0	1.26854	0	0	0	-0.108918	-0.0380561	-0.0708618	-0.108918
495.781	451.691	-9000	-4588.3	-0.0581886	-0.0381895	0.00440905	-0.0425985	-0.0963781	0	1.19723	0	0	0	-0.114534	-0.035917	-0.0786167	-0.114534
477.782	349.893	-9000	-4291.42	-0.0615219	-0.0296719	0.0127889	-0.0424608	-0.0911938	0	0.931176	0	0	0	-0.113336	-0.0279353	-0.085401	-0.113336
459.782	285.553	-9000	-4406.34	-0.0648552	-0.0247543	0.0174229	-0.0421772	-0.0896095	0	2.36575	0	0	0	-0.162781	-0.0709725	-0.0918086	-0.162781
441.782	264.577	-9000	-5373.59	-0.0681885	-0.0241002	0.0177205	-0.0418207	-0.0922887	0	2.80528	0	0	0	-0.192917	-0.0841583	-0.108758	-0.192917
423.782	260.366	-9000	-5919.47	-0.0715218	-0.0251333	0.0163416	-0.0414749	-0.0966551	0	1.29727	0	0	0	-0.161073	-0.0389181	-0.122155	-0.161073
405.783	256.323	-9000	-5694.42	-0.0748551	-0.0262104	0.0149459	-0.0411564	-0.101066	0	1.79852	0	0	0	-0.184708	-0.0539556	-0.130752	-0.184708
387.783	234.693	-9000	-5282.61	-0.0781884	-0.0255474	0.015309	-0.0408565	-0.103736	0	1.77085	0	0	0	-0.194704	-0.0531255	-0.141579	-0.194704
369.783	196.099	-9000	-4985.73	-0.0815217	-0.0231724	0.0173684	-0.0405408	-0.104694	0	1.41753	0	0	0	-0.194311	-0.0425258	-0.151786	-0.194311
351.783	151.157	-9000	-4679.28	-0.084855	-0.020117	0.0200627	-0.0401797	-0.104972	0	1.08762	0	0	0	-0.19253	-0.0326285	-0.159901	-0.19253
333.783	107.402	-9000	-4808.56	-0.0881883	-0.0171255	0.0226381	-0.0397636	-0.105314	0	2.06138	0	0	0	-0.228492	-0.0618415	-0.16665	-0.228492
315.784	83.6458	-9000	-5354.44	-0.0915215	-0.0160911	0.0232138	-0.0393049	-0.107613	0	2.6648	0	0	0	-0.261721	-0.079944	-0.181777	-0.261721
297.784	73.5747	-9000	-5498.09	-0.0948548	-0.0164236	0.0224209	-0.0388445	-0.111278	0	0.496972	0	0	0	-0.20879	-0.0149092	-0.19388	-0.20879
279.784	57.794	-9000	-5344.86	-0.0981881	-0.0162	0.022199	-0.038399	-0.114388	0	0.820496	0	0	0	-0.221509	-0.0246149	-0.196894	-0.221509
261.784	29.7436	-9000	-5081.5	-0.101521	-0.0147473	0.0232041	-0.0379513	-0.116269	0	1.15679	0	0	0	-0.237054	-0.0347037	-0.20235	-0.237054
243.785	-4.33113	-9000	-4674.49	-0.104855	-0.0126692	0.0248116	-0.0374808	-0.117524	0	1.31323	0	0	0	-0.248969	-0.039397	-0.209572	-0.248969
225.785	-47.0022	-9000	-4545.2	-0.108188	-0.00969285	0.0272787	-0.0369716	-0.117881	0	1.06633	0	0	0	-0.249307	-0.03199	-0.217317	-0.249307
207.785	-73.7187	-9000	-4971.37	-0.111521	-0.00826932	0.0281504	-0.0364197	-0.119791	0	0.665119	0	0	0	-0.242861	-0.0199536	-0.222908	-0.242861
189.785	-87.7295	-9000	-5392.75	-0.114855	-0.00810777	0.0277515	-0.0358592	-0.122962	0	0.359687	0	0	0	-0.237606	-0.0107906	-0.226815	-0.237606
171.786	-100.359	-9000	-5330.5	-0.118188	-0.00809439	0.0272144	-0.0353088	-0.126282	0	-0.155398	0	0	0	-0.223149	0.00466194	-0.227811	-0.223149
154.118	-124.51	-8600.96	-4942.64	-0.114809	-0.00690061	0.0278628	-0.0347634	-0.12171	0	-0.0851593	0	0	0	-0.224471	0.00255478	-0.227026	-0.224471
137.396	-158.81	-8120.96	-4578.72	-0.109906	-0.00457921	0.0296206	-0.0341998	-0.114485	0	-0.111765	0	0	0	-0.223254	0.00335295	-0.226607	-0.223254
121.634	-202.714	-7640.97	-4320.15	-0.104825	-0.00115933	0.0324349	-0.0335942	-0.105984	0	-0.316096	0	0	0	-0.216275	0.00948289	-0.225758	-0.216275
106.832	-231.113	-7160.98	-4617.03	-0.0995658	0.000858348	0.0337946	-0.0329362	-0.0987075	0	-0.624721	0	0	0	-0.204267	0.0187416	-0.223009	-0.204267
92.9907	-227.306	-6680.98	-5498.09	-0.0941292	-0.000237122	0.0320297	-0.0322668	-0.0943663	0	-1.39735	0	0	0	-0.17697	0.0419205	-0.21889	-0.17697
80.1089	-204.793	-6200.99	-5771.03	-0.0885148	-0.00315563	0.0284902	-0.0316458	-0.0916705	0	-2.81915	0	0	0	-0.123291	0.0845746	-0.207866	-0.123291
68.187	-187.34	-5720.99	-5330.5	-0.0827227	-0.00554093	0.0255527	-0.0310936	-0.0882636	0	-2.61163	0	0	0	-0.112803	0.0783489	-0.191152	-0.112803
57.2252	-179.759	-5241	-5119.81	-0.0767528	-0.00689514	0.0236984	-0.0305935	-0.0836479	0	-2.16998	0	0	0	-0.111136	0.0650993	-0.176236	-0.111136
47.2233	-176.837	-4761.01	-4980.95	-0.0706051	-0.0077222	0.022406	-0.0301282	-0.0783273	0	-1.51867	0	0	0	-0.118492	0.0455601	-0.164052	-0.118492
38.1814	-179.85	-4281.01	-4664.91	-0.0642796	-0.00788194	0.0218032	-0.0296851	-0.0721615	0	-1.98587	0	0	0	-0.09554	0.059576	-0.155116	-0.09554
30.0995	-172.742	-3801.02	-4803.77	-0.0577763	-0.00897103	0.0202841	-0.0292551	-0.0667474	0	-3.53112	0	0	0	-0.034282	0.105934	-0.140216	-0.034282
22.9775	-147.745	-3321.03	-5009.68	-0.0510953	-0.0117943	0.0170723	-0.0288666	-0.0628896	0	-2.28917	0	0	0	-0.0521736	0.0686751	-0.120849	-0.0521736
16.8155	-115.279	-2841.03	-5301.77	-0.0442365	-0.0153338	0.0132094	-0.0285432	-0.0595703	0	-3.25549	0	0	0	-0.00908194	0.0976646	-0.106747	-0.00908194
11.6135	-76.538	-2361.04	-5311.35	-0.0372	-0.0194863	0.00881515	-0.0283014	-0.0566863	0	-4.14411	0	0	0	0.039399	0.124323	-0.0849245	0.039399
7.37151	-41.4918	-1881.04	-5067.14	-0.0299856	-0.0232591	0.00488633	-0.0281454	-0.0532448	0	-2.93622	0	0	0	0.0264528	0.0880866	-0.0616338	0.0264528
4.08946	-12.9176	-1401.05	-4971.37	-0.0225935	-0.0263646	0.0017007	-0.0280653	-0.0489581	0	-2.5499	0	0	0	0.0311941	0.0764971	-0.0453031	0.0311941
1.76738	15.3527	-921.056	-4746.31	-0.0150236	-0.0294055	-0.00135853	-0.0280469	-0.0444291	0	-3.76099	0	0	0	0.084349	0.11283	-0.0284808	0.084349
0.405284	47.8603	-441.062	-4889.97	-0.00727599	-0.0328352	-0.0047455	-0.0280897	-0.0401112	0	-3.52048	0	0	0	0.100274	0.105614	-0.00534011	0.100274
0	86.1325	0	-5249.1	0	-0.0368149	-0.00861325	-0.0282017	-0.0368149	0	-2.46902	0	0	0	0.0875547	0.0740707	0.013484	0.0875547
0	132.567	0	-5455	0	-0.0416535	-0.0132567	-0.0283968	-0.0416535	0	-3.37042	0	0	0	0.130765	0.101113	0.0296519	0.130765
0	174.823	0	-5426.27	0	-0.0461663	-0.0174823	-0.028684	-0.0461663	0	-2.70422	0	0	0	0.13049	0.0811265	0.0493636	0.13049
0	206.729	0	-5306.56	0	-0.0497221	-0.0206729	-0.0290492	-0.0497221	0	-2.08058	0	0	0	0.12655	0.0624174	0.064133	0.12655
0	225.467	0	-5143.75	0	-0.0520194	-0.0225467	-0.0294727	-0.0520194	0	-2.12741	0	0	0	0.140333	0.0638222	0.0765112	0.140333
0	234.805	0	-5009.68	0	-0.0534079	-0.0234805	-0.0299274	-0.0534079	0	-2.15721	0	0	0	0.15425	0.0647162	0.0895342	0.15425
0	242.551	0	-5124.6	0	-0.0546549	-0.0242551	-0.0303998	-0.0546549	0	-1.45907	0	0	0	0.145397	0.0437722	0.101625	0.145397
0	249.17	0	-5373.59	0	-0.0558032	-0.024917	-0.0308861	-0.0558032	0	-1.04722	0	0	0	0.140953	0.0314166	0.109537	0.140953
0	257.128	0	-5435.84	0	-0.0571005	-0.0257128	-0.0313877	-0.0571005	0	-0.719438	0	0	0	0.136991	0.0215831	0.115408	0.136991
0	260.978	0	-5392.75	0	-0.0580016	-0.0260978	-0.0319037	-0.0580016	0	-0.11815	0	0	0	0.122353	0.00354451	0.118808	0.122353
0	259.588	0	-5253.88	0	-0.0583831	-0.0259588	-0.0324243	-0.0583831	0	0.376714	0	0	0	0.107485	-0.0113014	0.118786	0.107485
0	246.888	0	-5124.6	0	-0.0576274	-0.0246888	-0.0329386	-0.0576274	0	0.746001	0	0	0	0.0934467	-0.02238	0.115827	0.0934467
0	234.603	0	-5158.12	0	-0.0568857	-0.0234603	-0.0334255	-0.0568857	0	1.10997	0	0	0	0.0777261	-0.033299	0.111025	0.0777261
0	228.654	0	-5387.96	0	-0.056755	-0.0228654	-0.0338895	-0.056755	0	2.33915	0	0	0	0.0326807	-0.0701744	0.102855	0.0326807
0	229.149	0	-5565.13	0	-0.0572601	-0.0229149	-0.0343451	-0.0572601	0	3.0873	0	0	0	-0.00547481	-0.0926189	0.0871441	-0.00547481
0	231.727	0	-5483.73	0	-0.0579766	-0.0231727	-0.0348039	-0.0579766	0	2.88084	0	0	0	-0.0175813	-0.0864251	0.0688438	-0.0175813
0	231.302	0	-5263.46	0	-0.0583969	-0.0231302	-0.0352667	-0.0583969	0	3.01174	0	0	0	-0.038771	-0.0903521	0.0515811	-0.038771
0	229.158	0	-5162.9	0	-0.058644	-0.0229158	-0.0357282	-0.058644	0	3.54385	0	0	0	-0.0736604	-0.106315	0.032655	-0.0736604
0	227.775	0	-5119.81	0	-0.0589623	-0.0227775	-0.0361848	-0.0589623	0	3.38528	0	0	0	-0.0902175	-0.101558	0.0113409	-0.0902175
0	228.878	0	-5196.42	0	-0.0595277	-0.0228878	-0.0366399	-0.0595277	0	3.04579	0	0	0	-0.0998688	-0.0913737	-0.0084951	-0.0998688
0	224.942	0	-5100.66	0	-0.0595896	-0.0224942	-0.0370954	-0.0595896	0	2.43599	0	0	0	-0.0989907	-0.0730797	-0.025911	-0.0989907
0	215.219	0	-5071.92	0	-0.0590615	-0.0215219	-0.0375396	-0.0590615	0	1.98369	0	0	0	-0.0993035	-0.0595108	-0.0397926	-0.0993035
0	204.613	0	-4990.52	0	-0.0584262	-0.0204613	-0.037965	-0.0584262	0	1.74531	0	0	0	-0.103607	-0.0523592	-0.0512478	-0.103607
0	189.93	0	-4842.08	0	-0.0573591	-0.018993	-0.038366	-0.0573591	0	1.42498	0	0	0	-0.104025	-0.0427493	-0.0612759	-0.104025
0	176.612	0	-4784.62	0	-0.0564002	-0.0176612	-0.038739	-0.0564002	0	0.91202	0	0	0	-0.0964297	-0.0273606	-0.0690691	-0.0964297
0	164.848	0	-4674.49	0	-0.0555708	-0.0164848	-0.039086	-0.0555708	0	0.470366	0	0	0	-0.0880233	-0.014111	-0.0739123	-0.0880233
0	155.516	0	-4693.64	0	-0.0549614	-0.0155516	-0.0394099	-0.0549614	0	-0.0138562	0	0	0	-0.0756451	0.000415686	-0.0760608	-0.0756451
0	149.226	0	-4712.79	0	-0.0546393	-0.0149226	-0.0397167	-0.0546393	0	-0.39272	0	0	0	-0.0634713	0.0117816	-0.0752529	-0.0634713
0	142.279	0	-4554.78	0	-0.0542396	-0.0142279	-0.0400117	-0.0542396	0	-0.735401	0	0	0	-0.0503908	0.022062	-0.0724528	-0.0503908
0	134.273	0	-4420.7	0	-0.0537194	-0.0134273	-0.0402921	-0.0537194	0	-1.11533	0	0	0	-0.0339771	0.0334599	-0.067437	-0.0339771
0	2394.43	0	-4387.18	0	-0.280001	-0.239443	-0.0405576	-0.280001	0	-1.21537	0	0	0	-0.0240063	0.036461	-0.0604673	-0.0240063
0	-447.24	0	-4425.49	0	0.00277995	0.044724	-0.0419441	0.00277995	0	-1.35052	0	0	0	-0.0127073	0.0405157	-0.053223	-0.0127073
0	-32.8621	0	-4478.16	0	-0.0380389	0.00328621	-0.0413251	-0.0380389	0	-1.69427	0	0	0	0.00642658	0.050828	-0.0444015	0.00642658
0	69.8129	0	-4449.43	0	-0.0483095	-0.00698129	-0.0413282	-0.0483095	0	-1.65063	0	0	0	0.0153247	0.049519	-0.0341943	0.0153247
0	94.6785	0	-4348.88	0	-0.0509514	-0.00946785	-0.0414836	-0.0509514	0	-1.61552	0	0	0	0.0239738	0.0484655	-0.0244917	0.0239738
0	102.408	0	-4329.72	0	-0.0519176	-0.0102408	-0.0416768	-0.0519176	0	-1.84113	0	0	0	0.0407514	0.0552339	-0.0144825	0.0407514
0	2065.18	0	-4368.03	0	-0.248403	-0.206518	-0.0418848	-0.248403	0	-1.81453	0	0	0	0.0510798	0.0544358	-0.00335591	0.0510798
0	-374.666	0	-4411.12	0	-0.00562064	0.0374666	-0.0430872	-0.00562064	0	-1.7081	0	0	0	0.0586083	0.0512431	0.00736522	0.0586083
0	-11.0768	0	-4473.37	0	-0.041473	0.00110768	-0.0425807	-0.041473	0	-1.69427	0	0	0	0.0684962	0.050828	0.0176681	0.0684962
0	80.1397	0	-4459.01	0	-0.0506329	-0.00801397	-0.0426189	-0.0506329	0	-1.57188	0	0	0	0.0748305	0.0471565	0.0276741	0.0748305
0	100.561	0	-4344.09	0	-0.0528501	-0.0100561	-0.042794	-0.0528501	0	-1.26751	0	0	0	0.0746998	0.0380254	0.0366744	0.0746998
0	101.817	0	-4233.95	0	-0.0531785	-0.0101817	-0.0429968	-0.0531785	0	-1.18663	0	0	0	0.0796869	0.035599	0.0440879	0.0796869
0	94.6005	0	-4176.49	0	-0.0526561	-0.00946005	-0.043196	-0.0526561	0	-0.739658	0	0	0	0.0729728	0.0221897	0.0507831	0.0729728
0	89.6475	0	-4344.09	0	-0.0523479	-0.00896475	-0.0433832	-0.0523479	0	-0.045783	0	0	0	0.0555697	0.00137349	0.0541962	0.0555697
0	87.7551	0	-4372.82	0	-0.0523359	-0.00877551	-0.0435604	-0.0523359	0	0.606587	0	0	0	0.0351335	-0.0181976	0.0533311	0.0351335
0	85.2036	0	-4291.42	0	-0.0522546	-0.00852036	-0.0437342	-0.0522546	0	0.759835	0	0	0	0.0265421	-0.0227951	0.0493372	0.0265421
0	80.1233	0	-4162.13	0	-0.0519136	-0.00801233	-0.0439012	-0.0519136	0	0.783248	0	0	0	0.0212392	-0.0234975	0.0447366	0.0212392
0	75.2389	0	-4119.03	0	-0.0515821	-0.00752389	-0.0440582	-0.0515821	0	0.909891	0	0	0	0.0126989	-0.0272967	0.0399957	0.0126989
0	73.422	0	-4133.4	0	-0.0515501	-0.0073422	-0.0442079	-0.0515501	0	1.28237	0	0	0	-0.00450629	-0.0384711	0.0339648	-0.00450629
0	70.8871	0	-4037.63	0	-0.0514429	-0.00708871	-0.0443542	-0.0514429	0	1.30472	0	0	0	-0.0131008	-0.0391416	0.0260407	-0.0131008
