0	-2.42972	0	5.0757	0	0.000583134	0.000583134	0	0.000583134	0	0.00172404	0	0	0	-6.89618e-05	-6.89618e-05	0	-6.89618e-05
0.48	3.64423	480	359.418	0.00542222	-0.00070842	-0.000759415	5.09945e-05	0.0047138	0	-0.0525514	0	-80.8811	0	0.0020119	0.00210206	-9.01612e-05	0.0020119
1.92	0	960	1819.88	0.0110222	0.000470105	0.0004608	9.30515e-06	0.0114923	0	-0.433544	0	-140.478	0	0.0182885	0.0173418	0.000946692	0.0182885
4.32	1.21474	1440	-622.205	0.0168	0.000828677	0.000745262	8.34151e-05	0.0176287	0	-0.230277	0	131.964	0	0.0125451	0.00921108	0.00333405	0.0125451
7.68	1.2145	1920	-497.707	0.0227556	0.00179054	0.00155172	0.000238821	0.0245461	0	-0.0589368	0	65.982	0	0.00675711	0.00235747	0.00439963	0.00675711
12	1.2145	2400	-564.744	0.0288889	0.00312675	0.00258852	0.000538231	0.0320156	0	0.0219443	0	37.2479	0	0.00374458	-0.000877773	0.00462236	0.00374458
17.28	1.21474	2880	-598.263	0.0352	0.00487571	0.00385566	0.00102005	0.0400757	0	0.0815409	0	27.6699	0	0.00113327	-0.00326164	0.00439491	0.00113327
23.52	0	3360	268.438	0.0416889	0.00736746	0.0056448	0.00172266	0.0490563	0	0.0847336	0	-12.7707	0	0.00046843	-0.00338934	0.00385777	0.00046843
30.72	1.2145	3840	-497.707	0.0483556	0.00979008	0.00708132	0.00270876	0.0581456	0	0.0815409	0	2.12844	0	0.000103699	-0.00326164	0.00336534	0.000103699
38.88	1.21498	4320	354.629	0.0552	0.0130321	0.00903961	0.00399247	0.0682321	0	0.0187516	0	-53.2113	0	0.00215476	-0.000750066	0.00290482	0.00215476
48	1.21474	4800	388.148	0.0622222	0.0168406	0.0112285	0.00561217	0.0790629	0	-0.0642579	0	-26.6056	0	0.00553184	0.00257032	0.00296153	0.00553184
58.08	1.21498	5280	895.719	0.0694222	0.0212296	0.0136476	0.00758199	0.0906518	0	-0.0738359	0	-5.32112	0	0.00631328	0.00295344	0.00335984	0.00631328
69.12	1.21474	5760	1623.56	0.0768	0.0262133	0.0162973	0.00991601	0.103013	0	-0.101506	0	-14.8991	0	0.0079014	0.00406023	0.00384117	0.0079014
81.12	3.64423	6240	2327.45	0.0843556	0.0312711	0.0185942	0.0126769	0.115627	0	-0.128111	0	-13.8349	0	0.00961298	0.00512446	0.00448852	0.00961298
94.08	8.50344	6720	3323.44	0.0920889	0.0363687	0.0205384	0.0158303	0.128458	0	-0.153653	0	-11.7065	0	0.0114448	0.00614611	0.00529869	0.0114448
108	12.1474	7200	3749.61	0.1	0.0423219	0.0230046	0.0193173	0.142322	0	-0.050423	0	74.4958	0	0.00815133	0.00201692	0.00613441	0.00815133
122.88	18.2207	7680	4487.02	0.108089	0.0483675	0.0251182	0.0232492	0.156456	0	0.0411004	0	27.6699	0	0.00460137	-0.00164401	0.00624539	0.00460137
138.72	25.5096	8160	1178.23	0.116356	0.0546649	0.0271705	0.0274944	0.17102	0	-0.10257	0	-118.129	0	0.0101782	0.0041028	0.00607541	0.0101782
147	34.0118	8400	3749.61	0.120556	0.0568758	0.0271171	0.0297586	0.177431	0	-0.227084	0	-124.514	0	0.0154665	0.00908337	0.00638312	0.0154665
164.28	55.8774	8880	-310.959	0.129089	0.0602708	0.0260166	0.0342542	0.18936	0	-0.228149	0	25.5414	0	0.0169514	0.00912594	0.00782544	0.0169514
182.25	91.104	9000	3280.34	0.13375	0.0603289	0.021875	0.0384538	0.194079	0	-0.265396	0	-32.991	0	0.019823	0.0106159	0.0092071	0.019823
200.25	126.331	9000	3888.47	0.137083	0.0596801	0.0177406	0.0419396	0.196763	0	-0.316479	0	-48.9543	0	0.023465	0.0126592	0.0108059	0.023465
218.25	160.343	9000	7518.08	0.140417	0.0586338	0.0138976	0.0447362	0.19905	0	-0.436737	0	-47.8901	0	0.0303913	0.0174695	0.0129218	0.0303913
236.25	193.141	9000	4640.25	0.14375	0.0572629	0.0103462	0.0469166	0.201013	0	-0.538902	0	-52.147	0	0.0372484	0.0215561	0.0156923	0.0372484
254.25	223.509	9000	3141.48	0.147083	0.055883	0.00737786	0.0485052	0.202966	0	-0.751747	0	-148.992	0	0.0491872	0.0300699	0.0191173	0.0491872
272.25	264.809	9000	2705.74	0.150417	0.0513362	0.00178575	0.0495504	0.201753	0	-0.929473	0	-55.3397	0	0.0611739	0.0371789	0.0239949	0.0611739
290.25	119.043	9000	3649.05	0.15375	0.0871091	0.0410897	0.0460194	0.240859	0	-1.20936	0	-194.753	0	0.0782018	0.0483746	0.0298272	0.0782018
308.25	334.048	9000	3304.29	0.157083	0.0429204	-0.00619162	0.049112	0.200004	0	-1.33069	0	42.569	0	0.0908025	0.0532274	0.037575	0.0908025
326.25	233.226	9000	6253.94	0.160417	0.0702455	0.0223256	0.04792	0.230662	0	-1.01674	0	159.634	0	0.0857658	0.0406696	0.0450962	0.0857658
344.25	383.852	9000	6095.92	0.16375	0.0366557	-0.00950456	0.0461603	0.200406	0	-0.585728	0	230.937	0	0.0740256	0.0234291	0.0505964	0.0740256
362.25	698.465	9000	4573.21	0.167083	-0.0363484	-0.0806916	0.0443432	0.130735	0	-0.11002	0	208.588	0	0.0577102	0.00440078	0.0533094	0.0577102
380.25	428.796	9000	4357.73	0.170417	0.0305016	-0.0116512	0.0421529	0.200918	0	0.0900547	0	106.423	0	0.0500864	-0.00360219	0.0536886	0.0500864
398.25	442.159	9000	8432.67	0.17375	0.0297314	-0.0105382	0.0402695	0.203481	0	-0.00466131	0	-105.358	0	0.0533028	0.000186452	0.0531163	0.0533028
416.25	443.373	9000	8978.54	0.177083	0.0322078	-0.00650968	0.0387174	0.209291	0	0.106018	0	95.7803	0	0.0488589	-0.00424072	0.0530996	0.0488589
434.25	445.803	9000	5344.15	0.180417	0.0350398	-0.00277271	0.0378125	0.215456	0	-0.10257	0	-159.634	0	0.0567132	0.0041028	0.0526104	0.0567132
452.25	448.232	9000	5813.41	0.18375	0.0384945	0.000964145	0.0375304	0.222244	0	-0.190901	0	81.9453	0	0.0613726	0.00763603	0.0537366	0.0613726
470.25	460.379	9000	3021.77	0.187083	0.0401914	0.0023689	0.0378225	0.227275	0	0.26778	0	166.019	0	0.0432928	-0.0107112	0.054004	0.0432928
488.25	479.815	9000	2739.25	0.190417	0.0402516	0.0020244	0.0382272	0.230668	0	-0.0706433	0	-272.442	0	0.055421	0.00282573	0.0525953	0.055421
506.25	513.827	9000	1106.41	0.19375	0.0366103	-0.00181849	0.0384288	0.23036	0	-0.618719	0	-277.763	0	0.0785789	0.0247488	0.0538301	0.0785789
524.25	958.414	9000	206.189	0.197083	-0.0662825	-0.104199	0.037917	0.130801	0	-0.687894	0	54.2755	0	0.0854285	0.0275158	0.0579128	0.0854285
542.25	596.428	9000	2863.75	0.200417	0.0232274	-0.0130028	0.0362303	0.223644	0	0.251817	0	527.856	0	0.0507319	-0.0100727	0.0608046	0.0507319
560.25	637.729	9000	5856.5	0.20375	0.0151137	-0.018595	0.0337087	0.218864	0	0.202863	0	-315.011	0	0.050381	-0.0081145	0.0584955	0.050381
578.25	653.52	9000	14748.6	0.207083	0.0125547	-0.0180647	0.0306194	0.219638	0	-0.212185	0	-13.8349	0	0.0669694	0.00848741	0.058482	0.0669694
596.25	655.949	9000	9433.44	0.210417	0.0133881	-0.0143277	0.0277158	0.223805	0	0.331634	0	211.781	0	0.0454936	-0.0132654	0.058759	0.0454936
623.25	666.882	9000	182.247	0.215417	0.014105	-0.0104716	0.0245766	0.229522	0	-0.525067	0	-367.158	0	0.0786383	0.0210027	0.0576356	0.0786383
641.25	687.534	9000	646.722	0.21875	0.0116604	-0.0111081	0.0227684	0.23041	0	-0.565508	0	101.101	0	0.0838309	0.0226203	0.0612106	0.0838309
659.25	727.618	9000	-334.901	0.222083	0.00430017	-0.0164082	0.0207084	0.226384	0	-0.0323312	0	284.148	0	0.0651498	0.00129325	0.0638566	0.0651498
677.25	745.838	9000	3692.15	0.225417	0.00144962	-0.0164611	0.0179107	0.226866	0	0.152844	0	-77.6884	0	0.0571482	-0.00611376	0.063262	0.0571482
695.25	235.656	9000	10683.2	0.22875	0.114912	0.110303	0.00460907	0.343662	0	-1.30195	0	-844.995	0	0.116252	0.0520781	0.0641743	0.116252
713.25	747.054	9000	12713.5	0.232083	0.0047349	-0.00811282	0.0128477	0.236818	0	-0.701729	0	792.848	0	0.100633	0.0280692	0.0725639	0.100633
731.25	728.832	9000	8643.36	0.235417	0.0125474	0.000580313	0.0119671	0.247964	0	0.35079	0	101.101	0	0.0598884	-0.0140316	0.07392	0.0598884
749.25	733.69	9000	2868.54	0.23875	0.0159297	0.00373452	0.0121952	0.25468	0	-0.393104	0	-293.726	0	0.0888899	0.0157241	0.0731658	0.0888899
767.25	747.053	9000	2174.22	0.242083	0.0177236	0.00484743	0.0128761	0.259807	0	-0.0631937	0	284.148	0	0.0779149	0.00252775	0.0753871	0.0779149
785.25	1036.16	9000	2356.18	0.245417	-0.0418107	-0.0602177	0.0184071	0.203606	0	0.870132	0	438.461	0	0.0394764	-0.0348053	0.0742817	0.0394764
803.25	822.368	9000	-540.802	0.24875	0.00882153	-0.00458814	0.0134097	0.257572	0	0.495525	0	-365.029	0	0.0492686	-0.019821	0.0690896	0.0492686
821.25	860.023	9000	2638.7	0.252083	0.00327656	-0.00930554	0.0125821	0.25536	0	0.0262012	0	-111.744	0	0.0661412	-0.00104805	0.0671892	0.0661412
839.25	896.465	9000	9323.31	0.255417	-0.00290908	-0.0137316	0.0108225	0.252508	0	1.11703	0	851.38	0	0.0216324	-0.0446813	0.0663137	0.0216324
857.25	321.9	9000	19446	0.25875	0.125318	0.128484	-0.00316602	0.384068	0	1.56401	0	-332.038	0	-0.00528584	-0.0625603	0.0572744	-0.00528584
875.25	880.672	9000	7029.66	0.262083	0.00587838	-0.00130125	0.00717963	0.267962	0	0.161358	0	-427.819	0	0.0443606	-0.00645431	0.0508149	0.0443606
893.251	884.316	9000	110.421	0.265417	0.00933553	0.00214419	0.00719133	0.274752	0	0.6807	0	287.341	0	0.0219227	-0.027228	0.0491507	0.0219227
911.251	911.041	9000	-2542.35	0.26875	0.00758455	5.02441e-05	0.0075343	0.276335	0	0.627488	0	-75.56	0	0.0198999	-0.0250995	0.0449995	0.0198999
929.251	960.847	9000	-1781	0.272083	-0.00032196	-0.00758312	0.00726116	0.271761	0	0.588112	0	22.3488	0	0.0178952	-0.0235245	0.0414197	0.0178952
947.251	1028.87	9000	-660.512	0.275417	-0.0140912	-0.0195883	0.00549712	0.261326	0	0.573213	0	-69.1747	0	0.0147997	-0.0229285	0.0377282	0.0147997
965.251	1092.03	9000	843.046	0.27875	-0.0286471	-0.0304278	0.00178073	0.250103	0	0.285872	0	-191.561	0	0.0231414	-0.0114349	0.0345763	0.0231414
983.251	1126.05	9000	12560.3	0.282083	-0.0378438	-0.0342716	-0.00357219	0.24424	0	-0.00253286	0	-163.891	0	0.0333359	0.000101314	0.0332346	0.0333359
1001.25	1112.69	9000	20849	0.285417	-0.0358246	-0.0267449	-0.00907971	0.249592	0	0.0996328	0	109.615	0	0.0292868	-0.00398531	0.0332721	0.0292868
1019.25	422.722	9000	11947.4	0.28875	0.116885	0.143167	-0.0262817	0.405635	0	0.153908	0	17.0276	0	0.0264063	-0.00615633	0.0325626	0.0264063
1037.2	1025.22	8839.98	4678.56	0.290296	-0.0118293	0.00287437	-0.0147037	0.278466	0	-0.00785398	0	-169.212	0	0.031931	0.000314159	0.0316168	0.031931
1054.4	1015.5	8359.98	2887.69	0.288147	-0.00454558	0.00933466	-0.0138802	0.283602	0	-0.630426	0	47.8901	0	0.0588923	0.025217	0.0336753	0.0588923
1070.64	997.286	7879.98	-751.492	0.285821	0.00563896	0.0176044	-0.0119654	0.29146	0	-0.147267	0	177.726	0	0.0424323	0.0058907	0.0365416	0.0424323
1085.92	1648.38	7399.98	646.722	0.283318	-0.144012	-0.13499	-0.00902199	0.139306	0	-0.491012	0	-317.139	0	0.0571455	0.0196405	0.037505	0.0571455
1100.24	1047.09	6919.98	723.336	0.280636	0.00611217	0.0127552	-0.00664305	0.286748	0	-0.815601	0	-94.716	0	0.0737647	0.032624	0.0411407	0.0737647
1113.6	1073.81	6439.98	9146.14	0.277777	0.00492519	0.00954929	-0.0046241	0.282702	0	0.539158	0	871.6	0	0.0230185	-0.0215663	0.0445848	0.0230185
1126	1056.81	5959.98	27691.6	0.27474	0.0136747	0.0166054	-0.00293064	0.288415	0	0.414643	0	-624.7	0	0.0232636	-0.0165857	0.0398493	0.0232636
1137.44	1014.29	5479.97	13312	0.271525	0.0299222	0.0295554	0.000366808	0.301447	0	0.0113021	0	175.597	0	0.0386462	-0.000452083	0.0390983	0.0386462
1147.92	990	4999.97	-2781.78	0.268133	0.0435673	0.0379002	0.00566709	0.3117	0	0.571085	0	76.6242	0	0.0147376	-0.0228434	0.037581	0.0147376
1157.44	1007	4519.97	-2987.68	0.264562	0.0480883	0.036104	0.0119843	0.31265	0	0.299707	0	107.487	0	0.0233028	-0.0119883	0.0352911	0.0233028
1166	1051.95	4039.97	-1895.92	0.260814	0.0449988	0.0273708	0.0176281	0.305813	0	0.477433	0	51.0828	0	0.0140156	-0.0190973	0.0331129	0.0140156
1173.6	1124.83	3559.97	-191.249	0.256888	0.0334379	0.011704	0.0217339	0.290326	0	0.357175	0	-104.294	0	0.0160092	-0.014287	0.0302962	0.0160092
1180.24	1209.86	3079.97	-3351.6	0.252784	0.0156964	-0.00710944	0.0228058	0.268481	0	0.314606	0	26.6057	0	0.0157764	-0.0125843	0.0283606	0.0157764
1185.92	1275.45	2599.97	-646.147	0.248503	-0.000537587	-0.0214888	0.0209512	0.247965	0	-0.274974	0	-437.397	0	0.0379285	0.010999	0.0269296	0.0379285
1190.64	1328.9	2119.97	6938.68	0.244044	-0.0163712	-0.033183	0.0168117	0.227672	0	-0.24624	0	376.736	0	0.039473	0.00984962	0.0296234	0.039473
1194.4	1330.12	1639.97	19752.5	0.239406	-0.0214216	-0.0325726	0.011151	0.217985	0	1.19046	0	361.836	0	-0.0197423	-0.0476185	0.0278763	-0.0197423
1197.2	1263.31	1159.97	23789.1	0.234592	-0.00957922	-0.0158661	0.00628692	0.225012	0	-1.40518	0	-1431.38	0	0.0804335	0.0562073	0.0242263	0.0804335
1199.04	1192.86	679.965	6052.83	0.229599	0.00592323	0.00148251	0.00444072	0.235522	0	-0.998648	0	616.186	0	0.0732322	0.0399459	0.0332863	0.0732322
1199.92	1143.05	199.964	522.223	0.224429	0.0189542	0.0136478	0.00530646	0.243383	0	-0.216442	0	235.194	0	0.0462948	0.00865768	0.0376372	0.0462948
1200	1115.11	0	1408.08	0.222222	0.0283688	0.020373	0.00799573	0.250591	0	-0.4527	0	-156.441	0	0.0572833	0.018108	0.0391753	0.0572833
1200	1111.47	0	-406.727	0.222222	0.0327106	0.0212465	0.0114641	0.254933	0	-0.37714	0	78.7527	0	0.0569866	0.0150856	0.041901	0.0569866
1200	1768.63	0	2059.3	0.222222	-0.121564	-0.136472	0.0149081	0.100658	0	0.126238	0	378.864	0	0.0387408	-0.00504954	0.0437903	0.0387408
1200	1102.97	0	5779.89	0.222222	0.0414693	0.0232872	0.0181821	0.263692	0	-0.0685148	0	-475.709	0	0.0449306	0.00274059	0.04219	0.0449306
1200	1085.97	0	1728.9	0.222222	0.0496003	0.0273668	0.0222335	0.271823	0	-0.795381	0	-234.13	0	0.0758946	0.0318152	0.0440793	0.0758946
1200	1096.89	0	2485.47	0.222222	0.0514677	0.0247456	0.0267221	0.27369	0	-0.832628	0	-93.6518	0	0.0819876	0.0333051	0.0486824	0.0819876
1200	1110.26	0	6129.44	0.222222	0.0521412	0.0215376	0.0306036	0.274363	0	-0.375012	0	436.332	0	0.0686148	0.0150005	0.0536143	0.0686148
1200	1117.55	0	15361.5	0.222222	0.0538357	0.019788	0.0340476	0.276058	0	1.07233	0	478.901	0	0.0100657	-0.0428934	0.0529591	0.0100657
1200	1104.18	0	9088.68	0.222222	0.0605363	0.0229961	0.0375403	0.282759	0	-0.0419092	0	-459.745	0	0.0501649	0.00167637	0.0484886	0.0501649
1200	1098.1	0	7364.85	0.222222	0.0658282	0.0244554	0.0413729	0.28805	0	1.25006	0	889.692	0	-0.00246922	-0.0500024	0.0475332	-0.00246922
1200	1100.54	0	3802.28	0.222222	0.0693433	0.0238704	0.0454729	0.291566	0	1.84922	0	-35.1197	0	-0.0358388	-0.0739688	0.03813	-0.0358388
1200	1777.14	0	-9250.91	0.222222	-0.0892318	-0.138513	0.0492813	0.13299	0	1.37457	0	-174.533	0	-0.027048	-0.054983	0.027935	-0.027048
1200	1141.84	0	2145.49	0.222222	0.0662712	0.0139589	0.0523123	0.288493	0	0.895673	0	-301.176	0	-0.0156062	-0.0358269	0.0202207	-0.0156062
1200	515.041	0	4137.47	0.222222	0.205254	0.16439	0.0408639	0.427476	0	0.868003	0	27.6698	0	-0.0197074	-0.0347201	0.0150127	-0.0197074
1200	1211.07	0	15270.5	0.222222	0.0521209	-0.00265793	0.0547789	0.274343	0	1.20217	0	256.478	0	-0.0385152	-0.0480868	0.00957163	-0.0385152
1200	1203.79	0	15816.4	0.222222	0.0535724	-0.000909287	0.0544817	0.275795	0	1.19366	0	-64.9177	0	-0.0455569	-0.0477463	0.0021894	-0.0455569
1200	1837.87	0	3548.49	0.222222	-0.0987349	-0.153089	0.0543543	0.123487	0	1.83219	0	373.543	0	-0.0790552	-0.0732877	-0.00576752	-0.0790552
1200	1200.15	0	-837.683	0.222222	0.0543378	-3.49805e-05	0.0543728	0.27656	0	2.12592	0	64.9178	0	-0.102484	-0.0850367	-0.0174471	-0.102484
1200	1214.71	0	110.421	0.222222	0.0507383	-0.00353139	0.0542697	0.272961	0	2.18658	0	46.8259	0	-0.117707	-0.0874631	-0.0302441	-0.117707
1200	1241.45	0	-1263.85	0.222222	0.0436113	-0.00994828	0.0535595	0.265833	0	1.86518	0	-284.148	0	-0.117859	-0.0746073	-0.0432518	-0.117859
1200	1876.74	0	7063.18	0.222222	-0.110589	-0.162418	0.0518289	0.111633	0	0.527451	0	-559.782	0	-0.0732071	-0.0210981	-0.0521091	-0.0732071
1200	1276.68	0	8092.69	0.222222	0.0306261	-0.0184032	0.0490293	0.252848	0	1.16386	0	512.956	0	-0.102198	-0.0465543	-0.0556441	-0.102198
1200	1290.04	0	1872.55	0.222222	0.0243782	-0.0216084	0.0459867	0.2466	0	2.31748	0	435.268	0	-0.157481	-0.0926991	-0.0647823	-0.157481
1200	1280.32	0	13340.8	0.222222	0.0232545	-0.0192766	0.0425311	0.245477	0	-0.468663	0	-1954.98	0	-0.0574472	0.0187465	-0.0761937	-0.0574472
1200	1265.74	0	9285	0.222222	0.0238073	-0.0157784	0.0395856	0.246029	0	-1.70636	0	155.377	0	-0.000948258	0.0682543	-0.0692025	-0.000948258
1200	1242.66	0	7144.59	0.222222	0.0270335	-0.0102385	0.037272	0.249256	0	-0.315415	0	610.865	0	-0.048688	0.0126166	-0.0613046	-0.048688
1200	1214.73	0	3586.8	0.222222	0.0324913	-0.00353596	0.0360272	0.254714	0	-1.55098	0	-1008.89	0	0.00330713	0.0620392	-0.0587321	0.00330713
1200	1203.8	0	-746.704	0.222222	0.0347702	-0.000911133	0.0356814	0.256992	0	-2.50665	0	275.634	0	0.0545339	0.100266	-0.0457323	0.0545339
1200	1779.57	0	-1618.19	0.222222	-0.103422	-0.139097	0.0356755	0.118801	0	-1.96496	0	135.157	0	0.0466866	0.0785986	-0.031912	0.0466866
1200	1775.93	0	4194.93	0.222222	-0.10304	-0.138224	0.0351839	0.119182	0	-2.07564	0	41.5049	0	0.0633601	0.0830257	-0.0196656	0.0633601
1200	1197.71	0	11377.5	0.222222	0.035485	0.000550078	0.034935	0.257707	0	-1.57652	0	137.285	0	0.0547636	0.0630609	-0.00829727	0.0547636
1200	1180.7	0	11449.4	0.222222	0.0399007	0.00463148	0.0352693	0.262123	0	-2.47366	0	-308.625	0	0.101874	0.0989465	0.00292741	0.101874
1200	1180.72	0	3486.25	0.222222	0.0408632	0.00462779	0.0362354	0.263085	0	-1.84577	0	289.469	0	0.090585	0.0738308	0.0167541	0.090585
1200	1192.86	0	665.875	0.222222	0.0387442	0.00171275	0.0370314	0.260966	0	-1.6457	0	36.1838	0	0.0931649	0.0658279	0.0273371	0.0931649
1200	1206.21	0	-7436.1	0.222222	0.0357283	-0.00149156	0.0372198	0.257951	0	-1.60845	0	32.9911	0	0.101536	0.0643379	0.0371985	0.101536
1200	1232.94	0	268.438	0.222222	0.0289439	-0.00790576	0.0368496	0.251166	0	-1.48287	0	90.4592	0	0.106059	0.0593148	0.0467438	0.106059
1200	1251.17	0	6196.48	0.222222	0.0230821	-0.0122801	0.0353622	0.245304	0	-1.46478	0	-148.991	0	0.113731	0.0585911	0.0551398	0.113731
1200	1253.59	0	12081.4	0.222222	0.0203822	-0.0128606	0.0332427	0.242604	0	-1.18808	0	279.891	0	0.111461	0.0475232	0.063938	0.111461
1200	1920.48	0	6373.65	0.222222	-0.141646	-0.172915	0.031269	0.0805763	0	-0.0142393	0	595.966	0	0.0699025	0.000569573	0.0693329	0.0699025
1200	1241.44	0	1815.09	0.222222	0.0195441	-0.00994553	0.0294896	0.241766	0	0.288001	0	-43.6332	0	0.0568607	-0.01152	0.0683807	0.0568607
1200	1249.95	0	742.49	0.222222	0.015746	-0.011989	0.027735	0.237968	0	0.176257	0	36.1837	0	0.0600462	-0.00705028	0.0670965	0.0600462
1200	1258.46	0	10946.6	0.222222	0.0115364	-0.0140306	0.025567	0.233759	0	1.4927	0	1014.21	0	0.00542409	-0.0597081	0.0651322	0.00542409
1200	1247.51	0	2499.83	0.222222	0.0117285	-0.011403	0.0231315	0.233951	0	2.409	0	69.1748	0	-0.0427254	-0.0963601	0.0536346	-0.0427254
1200	1232.94	0	2863.75	0.222222	0.0135923	-0.00790576	0.021498	0.235814	0	1.66617	0	-383.121	0	-0.0263871	-0.0666469	0.0402598	-0.0263871
1200	1237.79	0	-4850.37	0.222222	0.0111586	-0.00907031	0.0202289	0.233381	0	1.58636	0	90.4592	0	-0.0326807	-0.0634542	0.0307736	-0.0326807
1200	1245.09	0	2423.22	0.222222	0.00777282	-0.0108226	0.0185954	0.229995	0	1.80452	0	-53.2113	0	-0.0517396	-0.0721809	0.0204413	-0.0517396
1200	1237.8	0	7005.72	0.222222	0.00767117	-0.00907213	0.0167433	0.229893	0	1.89817	0	-146.863	0	-0.0670343	-0.0759269	0.00889261	-0.0670343
1200	1235.36	0	8236.34	0.222222	0.00679346	-0.00848619	0.0152796	0.229016	0	1.42459	0	-93.652	0	-0.0583404	-0.0569837	-0.00135664	-0.0583404
1200	1229.31	0	2815.87	0.222222	0.00685521	-0.00703418	0.0138894	0.229077	0	1.40757	0	-137.285	0	-0.0665676	-0.0563026	-0.010265	-0.0665676
1200	1234.15	0	1015.43	0.222222	0.004498	-0.00819507	0.0126931	0.22672	0	1.28305	0	4.25673	0	-0.0696461	-0.051322	-0.0183241	-0.0696461
1200	1241.45	0	2882.91	0.222222	0.00125806	-0.0099474	0.0112055	0.22348	0	0.854168	0	-335.231	0	-0.0599081	-0.0341667	-0.0257414	-0.0599081
1200	1242.66	0	3787.91	0.222222	-0.000788013	-0.0102385	0.00945051	0.221434	0	0.197541	0	-310.754	0	-0.0377305	-0.00790166	-0.0298288	-0.0377305
1200	620.72	0	3122.33	0.222222	0.13443	0.139027	-0.00459767	0.356652	0	0.126238	0	-24.4772	0	-0.0359231	-0.00504954	-0.0308736	-0.0359231
1200	1215.93	0	2255.63	0.222222	0.00316357	-0.00382436	0.00698793	0.225386	0	0.202863	0	76.6242	0	-0.0393668	-0.0081145	-0.0312523	-0.0393668
1200	1229.29	0	1178.23	0.222222	-0.00106862	-0.00703052	0.0059619	0.221154	0	0.242239	0	-14.8991	0	-0.0423218	-0.00968956	-0.0326323	-0.0423218
1200	1249.95	0	167.881	0.222222	-0.00746451	-0.0119872	0.00452266	0.214758	0	0.0719629	0	-94.716	0	-0.0367376	-0.00287852	-0.033859	-0.0367376
1200	1265.75	0	-3591.02	0.222222	-0.0135478	-0.0157811	0.00223336	0.208674	0	-0.369691	0	-365.029	0	-0.0192733	0.0147876	-0.0340609	-0.0192733
1200	640.16	0	8423.09	0.222222	0.121333	0.134362	-0.0130291	0.343555	0	-1.47542	0	-396.956	0	0.0293003	0.0590168	-0.0297165	0.0293003
1200	1256	0	5722.43	0.222222	-0.0165885	-0.0134411	-0.00314741	0.205634	0	-0.5836	0	456.553	0	0.00117423	0.023344	-0.0221698	0.00117423
1200	1241.42	0	354.629	0.222222	-0.0151845	-0.00994189	-0.00524263	0.207038	0	-0.765582	0	-120.257	0	0.0121403	0.0306233	-0.018483	0.0121403
1200	1240.24	0	3965.09	0.222222	-0.0166068	-0.00965807	-0.00694874	0.205615	0	-1.10188	0	-32.9909	0	0.0310955	0.0440751	-0.0129796	0.0310955
1200	1236.57	0	3093.6	0.222222	-0.017384	-0.00877734	-0.00860664	0.204838	0	-0.763454	0	69.1746	0	0.0233621	0.0305382	-0.00717606	0.0233621
1200	1224.43	0	1417.65	0.222222	-0.0158613	-0.00586412	-0.0099972	0.206361	0	-1.06782	0	-161.762	0	0.0405454	0.0427129	-0.00216752	0.0405454
1200	628.014	0	2384.91	0.222222	0.113815	0.137277	-0.0234622	0.336037	0	-1.01355	0	14.8991	0	0.0446632	0.0405419	0.00412129	0.0446632
1200	1231.73	0	4688.13	0.222222	-0.02015	-0.00761461	-0.0125354	0.202072	0	-0.636811	0	297.983	0	0.0354388	0.0254724	0.00996631	0.0354388
1200	1234.15	0	641.933	0.222222	-0.0220013	-0.00819691	-0.0138044	0.200221	0	-0.627233	0	-63.8535	0	0.0386562	0.0250893	0.0135669	0.0386562
1200	1248.74	0	-14.0779	0.222222	-0.0271116	-0.0116979	-0.0154137	0.195111	0	-0.882647	0	-123.45	0	0.0530321	0.0353059	0.0177262	0.0530321
1200	1245.08	0	-3830.44	0.222222	-0.0281332	-0.010819	-0.0173142	0.194089	0	-0.530389	0	284.148	0	0.0440333	0.0212155	0.0228177	0.0440333
1200	1245.09	0	2830.23	0.222222	-0.0299144	-0.0108208	-0.0190936	0.192308	0	0.0804767	0	247.964	0	0.0216923	-0.00321907	0.0249114	0.0216923
1200	1237.8	0	2169.43	0.222222	-0.0299208	-0.00907213	-0.0208487	0.192301	0	-0.0876709	0	-73.4315	0	0.0282195	0.00350683	0.0247126	0.0282195
1200	1869.45	0	2088.03	0.222222	-0.182932	-0.160669	-0.0222635	0.0392899	0	0.215633	0	244.772	0	0.0164377	-0.00862533	0.0250631	0.0164377
1200	1229.3	0	1336.25	0.222222	-0.0308566	-0.00703236	-0.0238242	0.191366	0	0.610461	0	121.322	0	-0.00146968	-0.0244184	0.0229487	-0.00146968
1200	1237.82	0	1111.2	0.222222	-0.0341933	-0.00907582	-0.0251174	0.188029	0	0.556185	0	-1.0643	0	-0.0028018	-0.0222474	0.0194456	-0.0028018
1200	1249.94	0	5147.82	0.222222	-0.038712	-0.0119854	-0.0267267	0.18351	0	0.610461	0	9.57805	0	-0.00844402	-0.0244184	0.0159744	-0.00844402
1200	1243.87	0	574.896	0.222222	-0.0392056	-0.0105296	-0.028676	0.183017	0	0.85204	0	37.2479	0	-0.0223829	-0.0340816	0.0116987	-0.0223829
1200	1248.73	0	-531.225	0.222222	-0.0422242	-0.011696	-0.0305281	0.179998	0	0.744553	0	-107.487	0	-0.0231957	-0.0297821	0.00658641	-0.0231957
1200	1243.88	0	1015.43	0.222222	-0.0428875	-0.0105315	-0.032356	0.179335	0	0.54235	0	-57.4682	0	-0.0191407	-0.021694	0.0025533	-0.0191407
1200	1241.44	0	833.469	0.222222	-0.0439593	-0.00994556	-0.0340138	0.178263	0	0.560442	0	17.0276	0	-0.0231217	-0.0224177	-0.000704	-0.0231217
1200	1239.01	0	-4352.37	0.222222	-0.0449603	-0.00936146	-0.0355989	0.177262	0	0.379524	0	-193.689	0	-0.0192859	-0.015181	-0.00410497	-0.0192859
1200	1867.02	0	4257.18	0.222222	-0.197147	-0.160085	-0.0370621	0.0250754	0	-0.597435	0	-486.351	0	0.0189871	0.0238974	-0.00491029	0.0189871
1200	1224.43	0	-392.362	0.222222	-0.0444367	-0.0058623	-0.0385744	0.177786	0	-0.638939	0	120.257	0	0.0247172	0.0255576	-0.000840391	0.0247172
1200	1240.25	0	1345.83	0.222222	-0.0494058	-0.00965991	-0.0397458	0.172816	0	-0.427159	0	56.4039	0	0.0196135	0.0170863	0.00252711	0.0196135
1200	1247.51	0	124.786	0.222222	-0.0528071	-0.0114031	-0.041404	0.169415	0	-0.307965	0	58.5324	0	0.0172267	0.0123186	0.00490808	0.0172267
1200	1247.51	0	4472.66	0.222222	-0.0546835	-0.0114031	-0.0432805	0.167539	0	-0.127047	0	84.0738	0	0.0115472	0.00508189	0.00646534	0.0115472
1200	1246.31	0	541.377	0.222222	-0.056465	-0.0111138	-0.0453513	0.165757	0	0.0325866	0	65.9819	0	0.00564321	-0.00130346	0.00694667	0.00564321
1200	1249.95	0	3079.23	0.222222	-0.0591193	-0.011989	-0.0471303	0.163103	0	0.0442931	0	43.6332	0	0.00507521	-0.00177172	0.00684693	0.00507521
1200	1247.53	0	-852.049	0.222222	-0.0604864	-0.0114067	-0.0490796	0.161736	0	0.334826	0	67.0462	0	-0.00748235	-0.0133931	0.00591071	-0.00748235
1200	1252.38	0	225.342	0.222222	-0.0635276	-0.0125713	-0.0509563	0.158695	0	0.419965	0	39.3763	0	-0.0130341	-0.0167986	0.00376447	-0.0130341
1200	1904.68	0	-6976.42	0.222222	-0.222126	-0.169123	-0.0530027	9.66936e-05	0	0.407194	0	-11.7065	0	-0.0150399	-0.0162878	0.00124787	-0.0150399
1200	1253.6	0	1652.29	0.222222	-0.0682292	-0.0128643	-0.055365	0.153993	0	0.273101	0	-92.5876	0	-0.0119948	-0.0109241	-0.00107077	-0.0119948
1200	1262.1	0	-152.942	0.222222	-0.0725827	-0.014904	-0.0576787	0.14964	0	0.348661	0	42.569	0	-0.0167548	-0.0139465	-0.00280836	-0.0167548
1200	1259.67	0	1839.03	0.222222	-0.0744842	-0.0143218	-0.0601624	0.147738	0	0.0262012	0	-247.964	0	-0.00572489	-0.00104805	-0.00467684	-0.00572489
1200	1249.95	0	-971.759	0.222222	-0.074441	-0.011989	-0.062452	0.147781	0	-0.153653	0	30.8625	0	0.00194422	0.00614611	-0.00420189	0.00194422
1200	1245.1	0	-9.28951	0.222222	-0.0752502	-0.0108245	-0.0644258	0.146972	0	-0.244112	0	-104.294	0	0.006443	0.00976448	-0.00332148	0.006443
1200	1869.43	0	488.704	0.222222	-0.214503	-0.160663	-0.0538394	0.0077195	0	-0.340957	0	0	0	0.012072	0.0136383	-0.00156628	0.012072
1200	1231.72	0	-172.095	0.222222	-0.0753785	-0.00761279	-0.0677657	0.146844	0	-0.401617	0	-43.6332	0	0.0165952	0.0160647	0.000530545	0.0165952
1200	1242.68	0	1336.25	0.222222	-0.0793496	-0.0102422	-0.0691074	0.142873	0	-0.428223	0	3.19263	0	0.0201586	0.0171289	0.00302964	0.0201586
1200	1901.03	0	450.397	0.222222	-0.239135	-0.168248	-0.0708871	-0.0169124	0	-0.350535	0	55.3397	0	0.0195533	0.0140214	0.00553194	0.0195533
1200	1251.17	0	1839.03	0.222222	-0.085531	-0.012282	-0.073249	0.136691	0	-0.11002	0	121.322	0	0.0116783	0.00440078	0.00727756	0.0116783
1200	1248.73	0	-3418.63	0.222222	-0.0870158	-0.011696	-0.0753198	0.135206	0	-0.26114	0	-81.9453	0	0.0185908	0.0104456	0.0081452	0.0185908
1200	1242.66	0	52.9597	0.222222	-0.0875077	-0.0102385	-0.0772691	0.134715	0	0.0081094	0	73.4315	0	0.00880021	-0.000324376	0.00912459	0.00880021
1200	1240.23	0	287.592	0.222222	-0.0885833	-0.00965625	-0.078927	0.133639	0	0.0985685	0	80.8811	0	0.00510446	-0.00394274	0.0090472	0.00510446
1200	1242.66	0	-392.362	0.222222	-0.090799	-0.0102385	-0.0805605	0.131423	0	0.214569	0	25.5414	0	-0.000398353	-0.00858276	0.00818441	-0.000398353
1200	1881.62	0	-1067.53	0.222222	-0.233442	-0.163589	-0.0698524	-0.0112195	0	0.222019	0	9.57802	0	-0.00197737	-0.00888075	0.00690338	-0.00197737
1200	1225.63	0	531.8	0.222222	-0.0900764	-0.00615161	-0.0839248	0.132146	0	0.320992	0	28.7341	0	-0.00747911	-0.0128397	0.00536055	-0.00747911
1200	1245.07	0	-2987.68	0.222222	-0.096254	-0.0108171	-0.0854369	0.125968	0	0.495525	0	-45.7617	0	-0.0170473	-0.019821	0.00277372	-0.0170473
1200	1246.29	0	-751.492	0.222222	-0.0983748	-0.0111101	-0.0872647	0.123847	0	-0.125983	0	-159.634	0	0.00622551	0.00503932	0.00118619	0.00622551
1200	1232.94	0	-1575.1	0.222222	-0.0969499	-0.00790576	-0.0890441	0.125272	0	0.0230085	0	133.028	0	0.000973858	-0.000920342	0.0018942	0.000973858
1200	1222.02	0	67.325	0.222222	-0.0956451	-0.00528369	-0.0903614	0.126577	0	0.0826052	0	-30.8625	0	-0.00181944	-0.00330421	0.00148477	-0.00181944
1200	1213.49	0	886.142	0.222222	-0.0944786	-0.00323657	-0.0912421	0.127744	0	0.0368435	0	14.8992	0	-0.000302617	-0.00147374	0.00117112	-0.000302617
1200	1202.58	0	-646.147	0.222222	-0.0924003	-0.000618164	-0.0917821	0.129822	0	-0.0227531	0	-93.6518	0	0.00175802	0.000910125	0.000847896	0.00175802
1200	586.716	0	-3437.79	0.222222	0.0429615	0.147188	-0.104227	0.265184	0	0.189028	0	171.34	0	-0.00669801	-0.00756111	0.000863093	-0.00669801
1200	1192.84	0	-416.304	0.222222	-0.090027	0.00171826	-0.0917452	0.132195	0	-0.463342	0	-395.892	0	0.0190321	0.0185337	0.000498362	0.0190321
1200	1203.78	0	-636.57	0.222222	-0.0924155	-0.000907471	-0.091508	0.129807	0	-0.270718	0	154.313	0	0.0139922	0.0108287	0.00316348	0.0139922
1200	1197.72	0	-219.979	0.222222	-0.0911373	0.000546387	-0.0916837	0.131085	0	-0.238791	0	10.6422	0	0.0142756	0.00955163	0.00472393	0.0142756
1200	1200.16	0	-943.028	0.222222	-0.0917533	-3.95508e-05	-0.0917138	0.130469	0	-0.0717075	0	107.487	0	0.00884619	0.0028683	0.00597789	0.00884619
1200	1197.71	0	134.363	0.222222	-0.0912427	0.000550049	-0.0917927	0.13098	0	0.296514	0	151.12	0	-0.00610375	-0.0118606	0.00575683	-0.00610375
1200	1192.86	0	-550.379	0.222222	-0.0900594	0.0017146	-0.091774	0.132163	0	0.311414	0	9.57805	0	-0.00849477	-0.0124565	0.00396178	-0.00849477
1200	1190.41	0	-2403.49	0.222222	-0.0892365	0.00230054	-0.091537	0.132986	0	0.723269	0	276.699	0	-0.0272429	-0.0289307	0.00168783	-0.0272429
1200	1189.22	0	-909.509	0.222222	-0.0886648	0.00258618	-0.091251	0.133557	0	0.714755	0	-110.679	0	-0.0315485	-0.0285902	-0.00295828	-0.0315485
1200	589.142	0	2892.48	0.222222	0.043615	0.146606	-0.102991	0.265837	0	0.333762	0	-118.129	0	-0.0198087	-0.0133505	-0.00645822	-0.0198087
1200	1198.93	0	-306.171	0.222222	-0.0903253	0.00025708	-0.0905824	0.131897	0	0.436992	0	65.982	0	-0.0260522	-0.0174797	-0.00857254	-0.0260522
1200	1205.02	0	-1857.61	0.222222	-0.0917437	-0.0012041	-0.0905396	0.130479	0	0.404001	0	-47.8901	0	-0.0273992	-0.01616	-0.0112392	-0.0273992
1200	1197.72	0	-1081.89	0.222222	-0.0901933	0.000546387	-0.0907397	0.132029	0	0.292258	0	21.2845	0	-0.0249544	-0.0116903	-0.0132641	-0.0249544
1200	1198.91	0	153.516	0.222222	-0.0905096	0.000260742	-0.0907704	0.131713	0	0.186899	0	-108.551	0	-0.0225032	-0.00747597	-0.0150272	-0.0225032
1200	1192.86	0	-90.6924	0.222222	-0.0890611	0.0017146	-0.0907757	0.133161	0	0.133688	0	-3.19268	0	-0.0213461	-0.00534752	-0.0159986	-0.0213461
1200	1185.58	0	-1431.45	0.222222	-0.0870771	0.00346143	-0.0905385	0.135145	0	-0.0876709	0	-207.524	0	-0.0132524	0.00350683	-0.0167592	-0.0132524
1200	1184.36	0	196.612	0.222222	-0.0862799	0.00375439	-0.0900342	0.135942	0	-0.506976	0	-184.111	0	0.00475143	0.020279	-0.0155276	0.00475143
1200	1188	0	613.203	0.222222	-0.0866261	0.00287915	-0.0895053	0.135596	0	-0.449507	0	0	0	0.00532216	0.0179803	-0.0126581	0.00532216
1200	595.2	0	-526.437	0.222222	0.0440524	0.145152	-0.1011	0.266275	0	-0.621912	0	-76.6242	0	0.0152027	0.0248765	-0.00967375	0.0152027
1200	1194.06	0	-1364.41	0.222222	-0.0873147	0.00142529	-0.08874	0.134908	0	-0.872005	0	-126.643	0	0.0293083	0.0348802	-0.00557193	0.0293083
1200	1191.62	0	-23.6547	0.222222	-0.08671	0.00201123	-0.0887212	0.135512	0	-0.893289	0	38.3121	0	0.0355705	0.0357316	-0.000161114	0.0355705
1200	1196.49	0	81.6902	0.222222	-0.0875439	0.000843018	-0.0883869	0.134678	0	-0.738977	0	87.2665	0	0.0345565	0.0295591	0.00499748	0.0345565
1200	1189.22	0	-2159.28	0.222222	-0.0855876	0.00258618	-0.0881738	0.136635	0	-0.121726	0	426.754	0	0.0137289	0.00486904	0.00885985	0.0137289
1200	1178.28	0	-1043.58	0.222222	-0.0825062	0.00521191	-0.0877181	0.139716	0	0.347597	0	111.744	0	-0.00538642	-0.0139039	0.00851747	-0.00538642
1200	1179.49	0	153.516	0.222222	-0.082048	0.00492261	-0.0869706	0.140174	0	0.460405	0	52.1471	0	-0.0121663	-0.0184162	0.00624991	-0.0121663
1200	1181.93	0	234.919	0.222222	-0.0819111	0.00433667	-0.0862478	0.140311	0	0.544479	0	35.1194	0	-0.0184385	-0.0217792	0.00334061	-0.0184385
1200	1186.77	0	670.664	0.222222	-0.0824948	0.00317578	-0.0856706	0.139727	0	0.505103	0	-43.6332	0	-0.0201431	-0.0202041	6.09685e-05	-0.0201431
1200	581.848	0	-1000.49	0.222222	0.0507514	0.148356	-0.097605	0.272974	0	0.46679	0	44.6974	0	-0.0213922	-0.0186716	-0.00272062	-0.0213922
1200	1194.05	0	-4103.37	0.222222	-0.0836216	0.00142896	-0.0850506	0.138601	0	0.111339	0	-291.598	0	-0.00978337	-0.00445357	-0.0053298	-0.00978337
1199.88	1189.18	-239.453	-684.454	0.21954	-0.082391	0.00256849	-0.0849595	0.137148	0	-0.3218	0	-84.0738	0	0.00792138	0.012872	-0.00495064	0.00792138
1198.92	1186.75	-719.447	771.22	0.214029	-0.0816433	0.00292063	-0.0845639	0.132385	0	-0.201543	0	36.1837	0	0.00478966	0.00806172	-0.00327206	0.00478966
1197	1198.94	-1199.44	-296.594	0.20834	-0.0844878	-0.000465908	-0.0840219	0.123852	0	-0.292002	0	-19.1561	0	0.00983119	0.0116801	-0.00184889	0.00983119
1194.12	1190.43	-1679.43	4439.14	0.202474	-0.0832391	0.000886611	-0.0841257	0.119235	0	-0.0749002	0	148.992	0	0.0026948	0.00299601	-0.000301209	0.0026948
1190.29	1192.84	-2159.43	239.707	0.19643	-0.0847486	-0.000613301	-0.0841353	0.111681	0	-0.283488	0	-263.928	0	0.0113217	0.0113395	-1.78269e-05	0.0113217
1185.49	1190.41	-2639.42	-1713.96	0.190208	-0.0855153	-0.00118274	-0.0843326	0.104692	0	-0.303709	0	205.395	0	0.0145083	0.0121483	0.00235995	0.0145083
1179.73	1188	-3119.42	-3701.15	0.183808	-0.0865711	-0.00198624	-0.0845849	0.0972367	0	0.058128	0	140.478	0	0.00119301	-0.00232512	0.00351813	0.00119301
1173.01	585.48	-3599.41	-1699.6	0.17723	0.0438549	0.141007	-0.0971521	0.221085	0	-0.0419092	0	-138.349	0	0.00473079	0.00167637	0.00305442	0.00473079
1165.33	1174.65	-4079.4	-1579.89	0.170475	-0.0877942	-0.00223729	-0.0855569	0.0826809	0	0.077284	0	259.671	0	0.000635948	-0.00309136	0.00372731	0.000635948
1156.69	1161.25	-4559.4	-899.933	0.163542	-0.0871573	-0.00109523	-0.086062	0.0763849	0	0.57002	0	73.4315	0	-0.0207951	-0.0228008	0.00200569	-0.0207951
1147.09	1150.34	-5039.39	-938.24	0.156431	-0.0871437	-0.000780498	-0.0863632	0.0692877	0	0.386974	0	-22.3487	0	-0.0164113	-0.0154789	-0.000932337	-0.0164113
1136.53	1150.33	-5519.39	-3212.73	0.149143	-0.0897126	-0.0033109	-0.0864017	0.0594302	0	0.772223	0	224.551	0	-0.0346252	-0.0308889	-0.00373627	-0.0346252
1125.02	1117.55	-5999.38	-1867.19	0.141676	-0.0851303	0.00179083	-0.0869211	0.0565462	0	0.880774	0	4.25684	0	-0.0439135	-0.035231	-0.00868249	-0.0439135
1112.54	1102.97	-6479.37	-1910.29	0.134032	-0.0843748	0.00229696	-0.0866718	0.0496575	0	0.269909	0	-390.571	0	-0.0241026	-0.0107964	-0.0133063	-0.0241026
1099.1	1096.88	-6959.37	-2451.38	0.12621	-0.0859854	0.000532881	-0.0865183	0.040225	0	0.158165	0	88.3307	0	-0.0206521	-0.00632661	-0.0143255	-0.0206521
1084.7	1090.82	-7439.36	-2705.16	0.118211	-0.0879676	-0.00146892	-0.0864987	0.0302431	0	1.59806	0	818.389	0	-0.0810615	-0.0639225	-0.017139	-0.0810615
1069.34	527.191	-7919.35	-5391.46	0.110033	0.0322163	0.130116	-0.0978997	0.14225	0	1.22133	0	-487.415	0	-0.0759124	-0.048853	-0.0270594	-0.0759124
1053.02	1061.69	-8399.35	-3557.5	0.101678	-0.089339	-0.00208043	-0.0872586	0.0123392	0	-0.25369	0	-533.177	0	-0.0214142	0.0101476	-0.0315618	-0.0214142
1035.74	1056.82	-8879.34	-2307.72	0.0931452	-0.0926882	-0.00505904	-0.0876292	0.000456929	0	0.100697	0	299.047	0	-0.0342336	-0.00402788	-0.0302057	-0.0342336
1017.77	1028.88	-9000	-2954.16	0.0884768	-0.0911225	-0.0026664	-0.0884561	-0.0026457	0	0.193285	0	-47.8901	0	-0.0389627	-0.00773138	-0.0312313	-0.0389627
999.775	1502.59	-9000	-8053.81	0.0851435	-0.209441	-0.120677	-0.088765	-0.124298	0	-0.650646	0	-624.7	0	-0.00570752	0.0260258	-0.0317334	-0.00570752
981.775	986.343	-9000	-14546.9	0.0818103	-0.099902	-0.00109632	-0.0988057	-0.0180917	0	-0.860298	0	329.91	0	0.00820114	0.0344119	-0.0262108	0.00820114
963.776	979.05	-9000	402.513	0.078477	-0.102762	-0.00366577	-0.0990958	-0.0242845	0	-0.496333	0	-46.8259	0	-0.00242805	0.0198533	-0.0222814	-0.00242805
945.776	955.978	-9000	-1804.94	0.0751437	-0.102117	-0.0024486	-0.0996685	-0.0269734	0	-1.18382	0	-355.451	0	0.0290456	0.0473529	-0.0183073	0.0290456
927.776	919.54	-9000	-746.704	0.0718104	-0.0979889	0.00197657	-0.0999655	-0.0261785	0	-1.14657	0	37.2478	0	0.0346587	0.045863	-0.0112043	0.0346587
909.776	871.002	-9000	689.817	0.068477	-0.0902185	0.00930574	-0.0995243	-0.0217415	0	-1.22213	0	-100.037	0	0.0444871	0.0488854	-0.00439831	0.0444871
891.776	817.52	-9000	2198.16	0.0651437	-0.0798442	0.0178215	-0.0976657	-0.0147004	0	-1.07527	0	101.101	0	0.0458081	0.0430109	0.00279722	0.0458081
873.776	770.157	-9000	-2092.25	0.0618105	-0.0695205	0.0248687	-0.0943893	-0.00771008	0	-1.34133	0	-218.166	0	0.0630456	0.0536531	0.00939252	0.0630456
855.777	753.128	-9000	-19886	0.0584772	-0.0655208	0.0246357	-0.0901565	-0.00704366	0	-0.978427	0	478.901	0	0.0569256	0.0391371	0.0177885	0.0569256
837.777	783.462	-9000	-19565.1	0.0551439	-0.0733654	0.0130355	-0.0864009	-0.0182215	0	0.0900547	0	256.478	0	0.0176209	-0.00360219	0.021223	0.0176209
819.777	805.374	-9000	-4007.61	0.0518106	-0.0811954	0.00345675	-0.0846521	-0.0293848	0	0.0240728	0	79.8169	0	0.0201572	-0.000962911	0.0211201	0.0201572
801.777	805.374	-9000	1613.98	0.0484773	-0.0852156	-0.000863203	-0.0843524	-0.0367383	0	0.136881	0	-21.2845	0	0.0150982	-0.00547523	0.0205734	0.0150982
783.778	785.919	-9000	680.241	0.045144	-0.0850438	-0.000513955	-0.0845298	-0.0398998	0	0.16455	0	-7.44957	0	0.0130647	-0.00658202	0.0196468	0.0130647
765.778	759.216	-9000	-224.768	0.0418107	-0.0830272	0.00157479	-0.084602	-0.0412165	0	0.152844	0	-7.44958	0	0.0125585	-0.00611376	0.0186722	0.0125585
747.778	720.337	-9000	-789.799	0.0384774	-0.0776409	0.00658591	-0.0842268	-0.0391635	0	0.17945	0	0	0	0.0104974	-0.00717799	0.0176753	0.0104974
729.778	682.663	-9000	2083.24	0.0351441	-0.0716371	0.0113077	-0.0829448	-0.0364929	0	0.411451	0	194.753	0	2.88729e-05	-0.016458	0.0164869	2.88729e-05
711.779	647.461	-9000	-6377.87	0.0318108	-0.0654393	0.0154362	-0.0808755	-0.0336284	0	1.47887	0	578.938	0	-0.046602	-0.0591547	0.0125528	-0.046602
693.779	651.077	-9000	-22313.7	0.0284776	-0.0681615	0.0102484	-0.0784099	-0.0396839	0	-0.187708	0	-1288.78	0	0.0123213	0.00750832	0.00481295	0.0123213
675.779	692.413	-9000	-18334.5	0.0251443	-0.0813605	-0.00399221	-0.0773683	-0.0562162	0	0.631745	0	1106.79	0	-0.0184686	-0.0252698	0.00680122	-0.0184686
657.779	726.41	-9000	-4826.42	0.021811	-0.0950728	-0.0164713	-0.0786015	-0.0732618	0	1.89817	0	128.771	0	-0.0763292	-0.0759269	-0.000402226	-0.0763292
639.78	731.277	-9000	2102.4	0.0184777	-0.103559	-0.0219595	-0.0815993	-0.0850811	0	0.7967	0	-444.846	0	-0.0416894	-0.031868	-0.00982139	-0.0416894
621.78	715.454	-9000	-880.779	0.0151444	-0.107824	-0.0224818	-0.0853419	-0.0926794	0	0.896737	0	153.248	0	-0.0503115	-0.0358695	-0.014442	-0.0503115
603.78	668.121	-9000	-263.075	0.0118111	-0.104273	-0.0154419	-0.0888316	-0.0924624	0	0.998903	0	-1.06424	0	-0.0600882	-0.0399561	-0.0201321	-0.0600882
585.78	612.213	-9000	3194.15	0.00847782	-0.0975156	-0.0063439	-0.0911717	-0.0890378	0	0.898866	0	-52.147	0	-0.0619365	-0.0359546	-0.0259818	-0.0619365
567.78	578.186	-9000	3500.61	0.00681118	-0.0920377	-0.000337368	-0.0917004	-0.0852266	0	0.695599	0	-203.267	0	-0.0565024	-0.027824	-0.0286784	-0.0565024
549.781	494.415	-9000	-11544.6	0.00181124	-0.0770942	0.0132877	-0.0903819	-0.075283	0	0.601947	0	139.414	0	-0.0580493	-0.0240779	-0.0339714	-0.0580493
531.781	482.239	-9000	-25301.6	-0.00152206	-0.0762137	0.0118901	-0.0881038	-0.0777358	0	2.18126	0	586.388	0	-0.127812	-0.0872503	-0.0405619	-0.127812
513.781	495.575	-9000	-11386.5	-0.00485534	-0.0820306	0.00436948	-0.0864001	-0.0868859	0	1.11384	0	-624.7	0	-0.0968748	-0.0445536	-0.0523213	-0.0968748
495.781	491.943	-9000	1460.75	-0.00818863	-0.0848584	0.000921123	-0.0857795	-0.093047	0	0.576406	0	-94.7161	0	-0.0807324	-0.0230562	-0.0576762	-0.0807324
477.782	466.461	-9000	-650.936	-0.0115219	-0.082895	0.0027169	-0.0856119	-0.0944169	0	0.713691	0	45.7617	0	-0.0899568	-0.0285476	-0.0614092	-0.0899568
459.782	422.714	-9000	-267.863	-0.0148552	-0.0759817	0.00889622	-0.0848779	-0.0908369	0	0.703048	0	3.1926	0	-0.0937717	-0.0281219	-0.0656498	-0.0937717
441.782	369.263	-9000	1862.98	-0.0181885	-0.0657333	0.0174047	-0.0831379	-0.0839218	0	0.841398	0	40.4406	0	-0.103818	-0.0336559	-0.0701618	-0.103818
423.782	309.753	-9000	-3303.71	-0.0215218	-0.0529635	0.0273669	-0.0803304	-0.0744853	0	0.647709	0	-39.3763	0	-0.100656	-0.0259084	-0.0747473	-0.100656
405.783	295.212	-9000	-15298.7	-0.0248551	-0.0493394	0.026537	-0.0758763	-0.0741944	0	1.52357	0	453.36	0	-0.140844	-0.0609426	-0.079901	-0.140844
387.783	286.652	-9000	-9543	-0.0281884	-0.0473364	0.0242715	-0.0716079	-0.0755248	0	1.04041	0	-374.607	0	-0.130333	-0.0416163	-0.0887168	-0.130333
369.783	274.551	-9000	-2255.05	-0.0315217	-0.044815	0.0228556	-0.0676706	-0.0763367	0	0.992518	0	141.542	0	-0.134092	-0.0397007	-0.0943909	-0.134092
351.783	250.229	-9000	685.029	-0.034855	-0.0394	0.024373	-0.0637731	-0.074255	0	1.32562	0	172.404	0	-0.153853	-0.0530248	-0.100828	-0.153853
333.783	217.468	-9000	-2049.15	-0.0381882	-0.0316838	0.0279156	-0.0595995	-0.0698721	0	1.22452	0	-101.101	0	-0.157763	-0.0489808	-0.108782	-0.157763
315.784	190.765	-9000	-1891.13	-0.0415215	-0.0248777	0.0300044	-0.0548821	-0.0663992	0	0.798829	0	-199.01	0	-0.147402	-0.0319531	-0.115449	-0.147402
297.784	176.132	-9000	-8125.63	-0.0448548	-0.0206205	0.0291964	-0.0498169	-0.0654753	0	0.962719	0	192.625	0	-0.158664	-0.0385088	-0.120156	-0.158664
279.784	170.105	-9000	-9447.23	-0.0481881	-0.0188176	0.026323	-0.0451406	-0.0670057	0	0.589176	0	-396.956	0	-0.149569	-0.0235671	-0.126002	-0.149569
261.784	176.163	-9000	-7388.22	-0.0515214	-0.0205041	0.0205492	-0.0410533	-0.0720255	0	-0.461214	0	-373.543	0	-0.109058	0.0184486	-0.127507	-0.109058
243.785	179.733	-9000	-306.171	-0.0548547	-0.0224599	0.0153723	-0.0378323	-0.0773146	0	-0.32925	0	93.6518	0	-0.111684	0.01317	-0.124854	-0.111684
225.785	177.368	-9000	-2073.09	-0.058188	-0.0239043	0.01162	-0.0355244	-0.0820923	0	-0.451636	0	-130.9	0	-0.104839	0.0180654	-0.122904	-0.104839
207.785	166.412	-9000	-2159.28	-0.0615213	-0.0236917	0.00992945	-0.0336212	-0.085213	0	-0.807087	0	-216.038	0	-0.0874929	0.0322835	-0.119776	-0.0874929
189.785	161.499	-9000	-6698.69	-0.0648546	-0.02531	0.00678871	-0.0320987	-0.0901645	0	-0.949693	0	2.12854	0	-0.0765119	0.0379877	-0.1145	-0.0765119
171.786	162.75	-9000	-8676.3	-0.0681879	-0.0289318	0.00216847	-0.0311002	-0.0971196	0	-0.931601	0	-35.1194	0	-0.0716971	0.0372641	-0.108961	-0.0716971
154.118	171.234	-8600.96	-4965.29	-0.0670259	-0.0350758	-0.00410796	-0.0309678	-0.102102	0	-1.33601	0	-195.817	0	-0.0493055	0.0534403	-0.102746	-0.0493055
137.396	165.192	-8120.96	-3069.08	-0.0647892	-0.0384454	-0.00667097	-0.0317745	-0.103235	0	-1.27428	0	40.4406	0	-0.0438223	0.0509713	-0.0947936	-0.0438223
121.634	155.518	-7640.97	-3624.53	-0.0623748	-0.0411057	-0.00813201	-0.0329737	-0.103481	0	-1.34133	0	-116.001	0	-0.0336416	0.0536531	-0.0872947	-0.0336416
106.832	144.562	-7160.98	-6176.75	-0.0597826	-0.0434124	-0.00905504	-0.0343574	-0.103195	0	-1.24768	0	189.432	0	-0.0290524	0.049907	-0.0789594	-0.0290524
92.9907	149.445	-6680.98	-11247.7	-0.0570126	-0.0496033	-0.0135489	-0.0360544	-0.106616	0	-0.599563	0	257.543	0	-0.0486625	0.0239825	-0.0726451	-0.0486625
80.1089	162.781	-6200.99	-9873.4	-0.0540649	-0.0583814	-0.0198413	-0.0385402	-0.112446	0	-0.677252	0	-127.707	0	-0.0421077	0.0270901	-0.0691977	-0.0421077
68.187	173.706	-5720.99	-4515.18	-0.0509394	-0.0674141	-0.0253246	-0.0420895	-0.118353	0	-1.00823	0	-180.918	0	-0.024355	0.040329	-0.0646841	-0.024355
57.2252	164.001	-5241	-2030	-0.0476361	-0.0719515	-0.0256263	-0.0463252	-0.119588	0	-0.967785	0	15.9633	0	-0.0199967	0.0387114	-0.0587081	-0.0199967
47.2233	146.973	-4761.01	-1287.79	-0.044155	-0.0744438	-0.0239398	-0.050504	-0.118599	0	-0.998648	0	-98.973	0	-0.0131599	0.0399459	-0.0531058	-0.0131599
38.1814	125.092	-4281.01	-5932.54	-0.0404962	-0.0751541	-0.0208584	-0.0542957	-0.11565	0	-1.39241	0	-157.505	0	0.00929133	0.0556964	-0.0464051	0.00929133
30.0995	115.387	-3801.02	-11003.5	-0.0366596	-0.0781796	-0.020469	-0.0577106	-0.114839	0	-1.08804	0	296.919	0	0.00544871	0.0435217	-0.038073	0.00544871
22.9775	112.946	-3321.03	-10764	-0.0326452	-0.0827399	-0.0215923	-0.0611475	-0.115385	0	-0.866684	0	-71.303	0	0.00224463	0.0346673	-0.0324227	0.00224463
16.8155	110.535	-2841.03	-3916.63	-0.028453	-0.0873279	-0.0224926	-0.0648353	-0.115781	0	-1.38603	0	-143.67	0	0.0293454	0.055441	-0.0260956	0.0293454
11.6135	97.168	-2361.04	-3811.28	-0.0240831	-0.0890501	-0.0205331	-0.068517	-0.113133	0	-0.853913	0	321.396	0	0.0157449	0.0341565	-0.0184116	0.0157449
7.37151	83.8318	-1881.04	-3854.38	-0.0195354	-0.0901892	-0.0183505	-0.0718388	-0.109725	0	-0.876262	0	-143.67	0	0.0213984	0.0350505	-0.0136521	0.0213984
4.08946	74.0662	-1401.05	-9212.6	-0.0148099	-0.0915321	-0.0167944	-0.0747377	-0.106342	0	-1.0061	0	39.3764	0	0.032357	0.0402439	-0.00788687	0.032357
1.76738	75.3174	-921.056	-11736.1	-0.00990666	-0.0951668	-0.017652	-0.0775148	-0.105073	0	-0.17813	0	499.122	0	0.00428837	0.0071252	-0.00283683	0.00428837
0.405284	82.5806	-441.062	-6574.19	-0.00482564	-0.100244	-0.0197221	-0.0805216	-0.105069	0	0.0549353	0	-23.4129	0	-0.00473489	-0.00219741	-0.00253748	-0.00473489
0	85.0525	0	-5037.11	0	-0.104301	-0.0204126	-0.0838883	-0.104301	0	0.216698	0	152.184	0	-0.0115637	-0.0086679	-0.00289583	-0.0115637
0	82.6416	0	-3284.56	0	-0.107148	-0.019834	-0.0873136	-0.107148	0	0.707305	0	233.065	0	-0.0332609	-0.0282922	-0.00496864	-0.0332609
0	81.3904	0	-4151.26	0	-0.1085	-0.0195337	-0.0889664	-0.1085	0	0.812664	0	105.358	0	-0.0395971	-0.0325065	-0.00709056	-0.0395971
0	80.2002	0	-9475.96	0	-0.113	-0.019248	-0.0937516	-0.113	0	1.29901	0	385.249	0	-0.0666237	-0.0519606	-0.0146631	-0.0666237
0	91.095	0	-6650.81	0	-0.118968	-0.0218628	-0.0971049	-0.118968	0	1.70129	0	31.9269	0	-0.09162	-0.0680517	-0.0235683	-0.09162
0	93.5364	0	-2978.1	0	-0.123222	-0.0224487	-0.100773	-0.123222	0	1.36074	0	-145.799	0	-0.0876214	-0.0544296	-0.0331918	-0.0876214
0	89.8437	0	-4065.07	0	-0.126029	-0.0215625	-0.104466	-0.126029	0	1.48525	0	81.9453	0	-0.100894	-0.0594102	-0.0414839	-0.100894
0	83.8318	0	-7043.45	0	-0.128133	-0.0201196	-0.108013	-0.128133	0	1.33946	0	-212.845	0	-0.104175	-0.0535782	-0.0505966	-0.104175
0	83.8318	0	-7153.59	0	-0.131461	-0.0201196	-0.111341	-0.131461	0	0.730718	0	-332.038	0	-0.0870319	-0.0292287	-0.0578032	-0.0870319
0	82.6416	0	-5951.7	0	-0.134527	-0.019834	-0.114693	-0.134527	0	0.483818	0	-50.0186	0	-0.0809496	-0.0193527	-0.0615969	-0.0809496
0	72.876	0	-2571.09	0	-0.135391	-0.0174902	-0.117901	-0.135391	0	0.226276	0	-176.661	0	-0.0733082	-0.00905102	-0.0642571	-0.0733082
0	51.0559	0	-1388.35	0	-0.13285	-0.0122534	-0.120597	-0.13285	0	-0.0610652	0	-110.679	0	-0.0626422	0.00244261	-0.0650848	-0.0626422
0	20.6604	0	-2532.78	0	-0.127305	-0.00495849	-0.122347	-0.127305	0	-0.100442	0	3.19268	0	-0.060573	0.00401766	-0.0645907	-0.060573
0	-6.10352	0	-5755.37	0	-0.12149	0.00146484	-0.122954	-0.12149	0	0.034715	0	93.6518	0	-0.0655012	-0.0013886	-0.0641126	-0.0655012
0	-23.0713	0	-7024.3	0	-0.11698	0.00553711	-0.122517	-0.11698	0	0.101761	0	-12.7707	0	-0.0686308	-0.00407045	-0.0645603	-0.0686308
0	-36.438	0	-5860.72	0	-0.112727	0.00874512	-0.121472	-0.112727	0	0.00491672	0	-43.6332	0	-0.0652079	-0.000196669	-0.0650112	-0.0652079
0	-48.6145	0	-1804.94	0	-0.10825	0.0116675	-0.119917	-0.10825	0	0.0623849	0	38.3121	0	-0.0675936	-0.0024954	-0.0650982	-0.0675936
0	-63.1409	0	-2034.78	0	-0.102649	0.0151538	-0.117803	-0.102649	0	0.0975043	0	0	0	-0.0694781	-0.00390017	-0.0655779	-0.0694781
0	-78.949	0	-3500.04	0	-0.09611	0.0189478	-0.115058	-0.09611	0	0.207119	0	76.6242	0	-0.0745467	-0.00828478	-0.0662619	-0.0745467
0	-82.5806	0	-7072.18	0	-0.0920316	0.0198193	-0.111851	-0.0920316	0	0.65303	0	247.964	0	-0.0942196	-0.0261212	-0.0680984	-0.0942196
0	-76.5076	0	-6248.58	0	-0.0902341	0.0183618	-0.108596	-0.0902341	0	0.737104	0	-60.6609	0	-0.101935	-0.0294841	-0.0724508	-0.101935
0	-70.4956	0	-2073.09	0	-0.0886893	0.0169189	-0.105608	-0.0886893	0	0.293322	0	-216.038	0	-0.0879231	-0.0117329	-0.0761902	-0.0879231
0	-69.1833	0	-2705.16	0	-0.0861606	0.016604	-0.102765	-0.0861606	0	0.0740914	0	-75.56	0	-0.0804828	-0.00296365	-0.0775191	-0.0804828
0	-63.1409	0	-3409.06	0	-0.0848905	0.0151538	-0.100044	-0.0848905	0	-0.158974	0	-142.606	0	-0.0713333	0.00635896	-0.0776923	-0.0713333
0	-54.657	0	-3763.4	0	-0.0844974	0.0131177	-0.0976151	-0.0844974	0	-0.448443	0	-131.964	0	-0.0583282	0.0179377	-0.0762659	-0.0583282
0	-44.9829	0	-1891.13	0	-0.08473	0.0107959	-0.0955259	-0.08473	0	-0.937987	0	-307.561	0	-0.0355099	0.0375195	-0.0730293	-0.0355099
0	-36.438	0	-4424.2	0	-0.0850315	0.00874512	-0.0937766	-0.0850315	0	-1.27641	0	-95.7801	0	-0.0156171	0.0510564	-0.0666735	-0.0156171
0	-27.9236	0	-3461.73	0	-0.0856895	0.00670166	-0.0923911	-0.0856895	0	-1.21575	0	50.0184	0	-0.010417	0.04863	-0.0590469	-0.010417
0	-20.6604	0	-4179.99	0	-0.0863645	0.00495849	-0.091323	-0.0863645	0	-1.32111	0	-102.166	0	0.00110146	0.0528443	-0.0517429	0.00110146
0	-7.32422	0	-3059.5	0	-0.0888364	0.00175781	-0.0905942	-0.0888364	0	-1.72764	0	-207.524	0	0.0258865	0.0691057	-0.0432192	0.0258865
0	3.66211	0	-4304.49	0	-0.0912784	-0.000878906	-0.0903995	-0.0912784	0	-1.93091	0	-75.5597	0	0.0447661	0.0772363	-0.0324702	0.0447661
0	13.3362	0	-4898.25	0	-0.0938431	-0.00320068	-0.0906425	-0.0938431	0	-1.98838	0	-13.835	0	0.0587812	0.0795351	-0.0207539	0.0587812
0	23.0713	0	-5233.44	0	-0.0967869	-0.00553711	-0.0912497	-0.0967869	0	-1.95539	0	25.5413	0	0.0693695	0.0782154	-0.00884595	0.0693695
0	26.7334	0	-3160.06	0	-0.0986136	-0.00641601	-0.0921976	-0.0986136	0	-1.7883	0	98.9729	0	0.0742141	0.0715321	0.00268204	0.0742141
0	27.9541	0	-3136.12	0	-0.0999747	-0.00670898	-0.0932657	-0.0999747	0	-1.57652	0	110.68	0	0.0761694	0.0630609	0.0131086	0.0761694
0	23.1018	0	-3504.82	0	-0.0998795	-0.00554443	-0.0943351	-0.0998795	0	-1.39667	0	86.2023	0	0.0781534	0.0558667	0.0222867	0.0781534
0	18.219	0	-3591.02	0	-0.0996067	-0.00437256	-0.0952341	-0.0996067	0	-1.11997	0	157.505	0	0.0751079	0.0447988	0.0303092	0.0751079
0	13.3667	0	-3978.88	0	-0.0991465	-0.00320801	-0.0959385	-0.0991465	0	-0.893289	0	81.9454	0	0.0723263	0.0357316	0.0365948	0.0723263
0	7.2937	0	-3394.69	0	-0.0981504	-0.00175049	-0.0963999	-0.0981504	0	-0.723013	0	95.7803	0	0.0706515	0.0289205	0.041731	0.0706515
0	-0.0305176	0	-3528.77	0	-0.0966361	7.32422e-06	-0.0966434	-0.0966361	0	-0.450572	0	136.221	0	0.0636833	0.0180229	0.0456604	0.0636833
0	-6.04248	0	-4328.43	0	-0.09512	0.0014502	-0.0965702	-0.09512	0	-0.103634	0	181.982	0	0.0520144	0.00414537	0.047869	0.0520144
0	-7.2937	0	-4615.73	0	-0.0945768	0.00175049	-0.0963273	-0.0945768	0	0.270973	0	189.432	0	0.0370964	-0.0108389	0.0479353	0.0370964
0	-3.63159	0	-4898.25	0	-0.0951877	0.000871582	-0.0960593	-0.0951877	0	0.559378	0	128.771	0	0.0234554	-0.0223751	0.0458305	0.0234554
0	6.073	0	-5338.78	0	-0.0974686	-0.00145752	-0.0960111	-0.0974686	0	0.794572	0	111.744	0	0.010321	-0.0317829	0.0421039	0.010321
0	10.9253	0	-4041.13	0	-0.0989255	-0.00262207	-0.0963035	-0.0989255	0	0.827563	0	-4.2569	0	0.00412223	-0.0331025	0.0372247	0.00412223
0	13.3362	0	-3595.8	0	-0.09999	-0.00320068	-0.0967893	-0.09999	0	0.765838	0	-21.2845	0	0.00174717	-0.0306335	0.0323807	0.00174717
0	12.146	0	-3543.13	0	-0.10019	-0.00291504	-0.0972745	-0.10019	0	0.762645	0	-1.06424	0	-0.00271376	-0.0305058	0.027792	-0.00271376
0	7.2937	0	-3729.88	0	-0.0994626	-0.00175049	-0.0977122	-0.0994626	0	0.741361	0	-9.57799	0	-0.00640313	-0.0296544	0.0232513	-0.00640313
0	7.26318	0	-3806.49	0	-0.0997471	-0.00174316	-0.0980039	-0.0997471	0	0.692406	0	-38.3121	0	-0.0088612	-0.0276962	0.0188351	-0.0088612
0	3.69263	0	-3078.66	0	-0.0991569	-0.00088623	-0.0982706	-0.0991569	0	0.469983	0	-138.349	0	-0.00386649	-0.0187993	0.0149328	-0.00386649
