0	0	0	0	0	0	0	0	0	0	0	0	0	0	0	0	0	0
0.48	-2931.12	480	219.68	0.00808889	0.263826	0.29316	-0.0293343	0.271915	0	-0.0326291	0	0	0	0.000992667	0.000978874	1.37924e-05	0.000992667
1.92	-1.21474	960	271.155	0.0163556	0.000293842	0.000313474	-1.96321e-05	0.0166494	0	-0.346576	0	0	0	0.0112422	0.0103973	0.00084491	0.0112422
4.32	1.21498	1440	-139.45	0.0248	0.000327918	0.000310502	1.74157e-05	0.0251279	0	-0.222061	0	0	0	0.00920308	0.00666184	0.00254124	0.00920308
7.68	2929.91	1920	-461.47	0.0334222	-0.292115	-0.292223	0.000107262	-0.258693	0	-0.228447	0	0	0	0.0108515	0.0068534	0.00399812	0.0108515
12	2928.69	2400	146.657	0.0422222	-0.2914	-0.291669	0.00026913	-0.249178	0	-0.248667	0	0	0	0.0128575	0.00746001	0.00539754	0.0128575
17.28	-1.2145	2880	-929.537	0.0512	0.00238378	0.00184945	0.00053433	0.0535838	0	0.0695365	0	0	0	0.00444906	-0.00208609	0.00653515	0.00444906
23.52	1.21498	3360	-663.78	0.0603556	0.00317687	0.0022305	0.000946369	0.0635324	0	-0.149694	0	0	0	0.0109663	0.00449082	0.00647551	0.0109663
30.72	3.64304	3840	3570.37	0.0696889	0.00411068	0.0027077	0.00140298	0.0737996	0	-0.318906	0	0	0	0.0168323	0.00956717	0.00726513	0.0168323
38.88	1.21522	4320	1268.34	0.0792	0.00576273	0.00376648	0.00199625	0.0849627	0	-0.185878	0	0	0	0.0149273	0.00557633	0.00935096	0.0149273
48	6.0724	4800	83.2105	0.0888889	0.00695026	0.00419276	0.0027575	0.0958392	0	-0.0720055	0	0	0	0.0122433	0.00216016	0.0100831	0.0122433
58.08	9.71711	5280	450.72	0.0987556	0.00845723	0.00483629	0.00362094	0.107213	0	0.343042	0	0	0	-0.000277379	-0.0102913	0.0100139	-0.000277379
69.12	13.3616	5760	585.993	0.1088	0.0102501	0.00557584	0.00467429	0.11905	0	0.0461235	0	0	0	0.00664217	-0.00138371	0.00802588	0.00664217
81.12	17.0059	6240	1118.7	0.119022	0.0122597	0.00641141	0.00584826	0.131282	0	-0.0411429	0	0	0	0.00950702	0.00123429	0.00827273	0.00950702
94.08	19.4356	6720	1452.69	0.129422	0.0146707	0.00746444	0.00720628	0.144093	0	0.2015	0	0	0	0.0019414	-0.00604501	0.00798642	0.0019414
108	24.2951	7200	2431.92	0.14	0.0171259	0.00837049	0.00875543	0.157126	0	0.131262	0	0	0	0.00297685	-0.00393785	0.0069147	0.00297685
122.88	2892.25	7680	2652.19	0.150756	-0.266447	-0.276937	0.0104906	-0.115691	0	0.2164	0	0	0	-0.00048618	-0.00649199	0.00600581	-0.00048618
138.72	32.7979	8160	2275.1	0.161689	0.0230232	0.0105922	0.012431	0.184712	0	0.166381	0	0	0	-0.000258477	-0.00499143	0.00473295	-0.000258477
147	43.7289	8400	644.651	0.167222	0.0238173	0.0103271	0.0134902	0.19104	0	0.0961421	0	0	0	0.00134954	-0.00288426	0.00423381	0.00134954
164.28	64.3805	8880	6171.67	0.178422	0.025485	0.00998994	0.015495	0.203907	0	0.245134	0	0	0	-0.00386946	-0.00735401	0.00348455	-0.00386946
182.25	81.3873	9000	2961.04	0.18375	0.027584	0.0100863	0.0174977	0.211334	0	0.234491	0	0	0	-0.00503696	-0.00703474	0.00199779	-0.00503696
200.25	-2629.87	9000	1457.48	0.187083	0.275116	0.283012	-0.0078963	0.462199	0	0.316437	0	0	0	-0.00901082	-0.0094931	0.000482286	-0.00901082
218.25	138.479	9000	1906.4	0.190417	0.0293083	0.00797706	0.0213313	0.219725	0	-0.11351	0	0	0	0.00233059	0.00340531	-0.00107472	0.00233059
236.25	-2408.79	9000	2825.77	0.19375	0.261344	0.264504	-0.00316054	0.455094	0	-0.606247	0	0	0	0.0187356	0.0181874	0.000548183	0.0187356
254.25	211.361	9000	4694.44	0.197083	0.0280391	0.0042889	0.0237502	0.225122	0	-0.910615	0	0	0	0.0317372	0.0273184	0.00441873	0.0317372
272.25	251.448	9000	3796.62	0.200417	0.0265595	0.00208019	0.0244793	0.226976	0	-1.3959	0	0	0	0.0526694	0.041877	0.0107923	0.0526694
290.25	290.32	9000	2129.06	0.20375	0.0247841	-6.98242e-06	0.024791	0.228534	0	-1.32886	0	0	0	0.0591451	0.0398657	0.0192795	0.0591451
308.25	326.759	9000	3152.58	0.207083	0.0228465	-0.00185096	0.0246974	0.22993	0	-0.97234	0	0	0	0.0557077	0.0291702	0.0265375	0.0557077
326.25	365.63	9000	2539.66	0.210417	0.0202606	-0.00393802	0.0241986	0.230677	0	-1.14794	0	0	0	0.0670554	0.0344381	0.0326173	0.0670554
344.25	413.006	9000	1862.1	0.21375	0.0163945	-0.00687563	0.0232702	0.230144	0	-1.02129	0	0	0	0.0700959	0.0306388	0.0394571	0.0700959
362.25	447.019	9000	3810.98	0.217083	0.0133259	-0.00847692	0.0218029	0.230409	0	-1.20221	0	0	0	0.0815107	0.0360664	0.0454444	0.0815107
380.25	-963.272	9000	4633.39	0.220417	0.139973	0.134352	0.00562084	0.36039	0	-1.2533	0	0	0	0.0908088	0.0375989	0.05321	0.0908088
398.25	485.89	9000	5130.19	0.22375	0.00939852	-0.00876406	0.0181626	0.233148	0	-0.369989	0	0	0	0.0705874	0.0110997	0.0594878	0.0705874
416.25	1473.46	9000	3017.3	0.227083	-0.0892818	-0.105721	0.0164391	0.137801	0	-0.742467	0	0	0	0.0838987	0.022274	0.0616247	0.0838987
434.25	1309.47	9000	2392.42	0.230417	-0.0727379	-0.0875219	0.014784	0.157679	0	-1.18625	0	0	0	0.102676	0.0355875	0.0670884	0.102676
452.25	536.907	9000	1147.43	0.23375	0.004671	-0.0084657	0.0131367	0.238421	0	-0.899973	0	0	0	0.100828	0.0269992	0.0738292	0.100828
470.25	1010.65	9000	2212.85	0.237083	-0.0427127	-0.0540398	0.0113271	0.194371	0	-1.39484	0	0	0	0.121285	0.0418451	0.0794397	0.121285
488.25	615.862	9000	1171.38	0.240417	-0.00373412	-0.0127612	0.00902709	0.236682	0	-2.26325	0	0	0	0.157274	0.0678973	0.0893763	0.157274
506.25	657.164	9000	2650.99	0.24375	-0.00870876	-0.0150914	0.00638262	0.235041	0	-1.67579	0	0	0	0.152799	0.0502738	0.102525	0.152799
524.25	720.329	9000	2625.85	0.247083	-0.0161658	-0.0196079	0.00344218	0.230918	0	-1.53957	0	0	0	0.157854	0.0461872	0.111666	0.157854
542.25	744.624	9000	1073.21	0.250417	-0.0206268	-0.0202374	-0.000389406	0.22979	0	-1.62577	0	0	0	0.170443	0.0487732	0.12167	0.170443
560.25	295.176	9000	4975.76	0.25375	0.0219904	0.0265073	-0.00451694	0.27574	0	-0.125217	0	0	0	0.133119	0.0037565	0.129362	0.133119
578.25	802.932	9000	2445.09	0.257083	-0.0313236	-0.0224682	-0.00885541	0.22576	0	0.0886925	0	0	0	0.126444	-0.00266078	0.129105	0.126444
596.25	819.939	9000	2492.97	0.260417	-0.0357129	-0.0223689	-0.013344	0.224704	0	-0.050721	0	0	0	0.131017	0.00152163	0.129495	0.131017
623.25	828.437	9000	3529.66	0.265417	-0.0403155	-0.0205187	-0.0197968	0.225101	0	2.48426	0	0	0	0.0468802	-0.0745279	0.121408	0.0468802
641.25	826.009	9000	2144.62	0.26875	-0.0422986	-0.0184759	-0.0238227	0.226451	0	1.43281	0	0	0	0.0644665	-0.0429843	0.107451	0.0644665
659.25	811.432	9000	5358.83	0.272083	-0.0425247	-0.0152182	-0.0273065	0.229559	0	1.47644	0	0	0	0.0558697	-0.0442933	0.100163	0.0558697
677.25	812.647	9000	1738.8	0.275417	-0.043727	-0.0135397	-0.0301873	0.23169	0	3.75601	0	0	0	-0.0254276	-0.11268	0.0872528	-0.0254276
695.25	796.858	9000	465.086	0.27875	-0.0426866	-0.0101608	-0.0325258	0.236063	0	3.24093	0	0	0	-0.0324792	-0.0972278	0.0647486	-0.0324792
713.25	2837.59	9000	1294.68	0.282083	-0.226907	-0.212434	-0.0144737	0.055176	0	2.13201	0	0	0	-0.0168532	-0.0639602	0.0471069	-0.0168532
731.25	846.662	9000	1951.89	0.285417	-0.0484174	-0.0115412	-0.0368761	0.236999	0	2.68327	0	0	0	-0.0461163	-0.0804982	0.0343819	-0.0461163
749.25	3374.5	9000	5453.4	0.28875	-0.276523	-0.262525	-0.0139982	0.0122273	0	4.26258	0	0	0	-0.112376	-0.127878	0.0155015	-0.112376
767.25	847.876	9000	10021.5	0.292083	-0.0493673	-0.00806254	-0.0413048	0.242716	0	2.1352	0	0	0	-0.0720898	-0.0640559	-0.00803391	-0.0720898
785.25	815.079	9000	5474.95	0.295417	-0.0456401	-0.00298284	-0.0426573	0.249777	0	2.0607	0	0	0	-0.0812007	-0.0618211	-0.0193797	-0.0812007
803.25	810.217	9000	599.161	0.29875	-0.0438119	-0.000696649	-0.0431152	0.254938	0	2.53854	0	0	0	-0.109385	-0.0761562	-0.0332285	-0.109385
821.25	822.363	9000	-189.729	0.302083	-0.0433487	-0.000111249	-0.0432375	0.258735	0	2.1469	0	0	0	-0.112267	-0.0644071	-0.0478595	-0.112267
839.25	853.945	9000	-460.273	0.305417	-0.0447121	-0.00146943	-0.0432427	0.260705	0	2.25865	0	0	0	-0.128769	-0.0677594	-0.0610091	-0.128769
857.25	917.118	9000	-1911.16	0.30875	-0.0496885	-0.00598676	-0.0437017	0.259062	0	2.10327	0	0	0	-0.137452	-0.0630981	-0.0743535	-0.137452
875.25	992.426	9000	-710.467	0.312083	-0.0569153	-0.0117175	-0.0451977	0.255168	0	2.20756	0	0	0	-0.153411	-0.0662269	-0.0871838	-0.153411
893.251	1055.6	9000	4140.19	0.315417	-0.064038	-0.0162345	-0.0478035	0.251379	0	2.36826	0	0	0	-0.171582	-0.0710479	-0.100535	-0.171582
911.251	1064.09	9000	11516.7	0.317083	-0.0656113	-0.0161844	-0.049427	0.251472	0	-0.996817	0	0	0	-0.0777348	0.0299045	-0.107639	-0.0777348
929.251	-2329.84	9000	13517.1	0.322083	0.239415	0.325909	-0.0864939	0.561498	0	-3.41687	0	0	0	0.0216371	0.102506	-0.0808688	0.0216371
947.251	920.757	9000	404.034	0.325417	-0.0512975	0.00264934	-0.0539468	0.274119	0	-2.67191	0	0	0	0.0182635	0.0801572	-0.0618937	0.0182635
965.251	914.684	9000	-1231.21	0.32875	-0.0482096	0.00505665	-0.0532662	0.280541	0	-3.11143	0	0	0	0.0478415	0.093343	-0.0455015	0.0478415
983.251	936.546	9000	-558.436	0.332083	-0.0476159	0.00467045	-0.0522864	0.284468	0	-3.20934	0	0	0	0.0698145	0.0962802	-0.0264657	0.0698145
1001.25	979.069	9000	220.877	0.335417	-0.0491778	0.0022182	-0.051396	0.286239	0	-3.15294	0	0	0	0.0872156	0.0945881	-0.00737252	0.0872156
1019.25	1024.01	9000	-2683.29	0.33875	-0.0515447	-0.000475885	-0.0510688	0.287205	0	-3.19444	0	0	0	0.107436	0.0958333	0.0116026	0.107436
1037.2	1054.38	8839.98	7320.88	0.339407	-0.0529985	-0.0017181	-0.0512804	0.286408	0	-2.3984	0	0	0	0.102335	0.071952	0.0303829	0.102335
1054.4	1017.94	8359.98	14478.3	0.334592	-0.047745	0.00364607	-0.0513911	0.286847	0	-0.764816	0	0	0	0.0638674	0.0229445	0.040923	0.0638674
1070.64	981.495	7879.98	4847.67	0.329599	-0.0414587	0.00891425	-0.050373	0.28814	0	-2.24196	0	0	0	0.114996	0.0672588	0.0477372	0.114996
1085.92	972.984	7399.98	-1479.01	0.324429	-0.0371949	0.0112933	-0.0484882	0.287234	0	-1.63322	0	0	0	0.109675	0.0489967	0.0606781	0.109675
1100.24	992.428	6919.98	10.1873	0.319081	-0.035461	0.010781	-0.0462419	0.28362	0	-1.25968	0	0	0	0.107368	0.0377904	0.0695771	0.107368
1113.6	3250.59	6439.98	2522.9	0.313555	-0.235767	-0.213699	-0.0220677	0.0777876	0	-0.676485	0	0	0	0.0970977	0.0202946	0.0768031	0.0970977
1126	-1868.24	5959.98	1471.85	0.307851	0.256581	0.299424	-0.042843	0.564432	0	1.37321	0	0	0	0.0366071	-0.0411964	0.0778035	0.0366071
1137.44	1136.98	5479.97	1580.78	0.301969	-0.0421813	4.55322e-05	-0.0422268	0.259788	0	1.42536	0	0	0	0.0251879	-0.0427608	0.0679487	0.0251879
1147.92	1162.49	4999.97	9300.89	0.29591	-0.0437433	-0.00145774	-0.0422855	0.252167	0	-2.24409	0	0	0	0.131464	0.0673227	0.0641409	0.131464
1157.44	1152.77	4519.97	7029.99	0.289673	-0.0420737	0.000466626	-0.0425403	0.247599	0	-1.63855	0	0	0	0.129964	0.0491563	0.0808076	0.129964
1166	1143.05	4039.97	1256.37	0.283258	-0.0399744	0.002295	-0.0422694	0.243284	0	2.1352	0	0	0	0.0186907	-0.0640559	0.0827466	0.0186907
1173.6	1157.63	3559.97	-2146.99	0.276666	-0.0402597	0.00159662	-0.0418563	0.236406	0	1.49773	0	0	0	0.0255592	-0.0449318	0.070491	0.0255592
1180.24	1195.29	3079.97	1117.51	0.269895	-0.0432142	-0.00150525	-0.041709	0.226681	0	1.06139	0	0	0	0.0306078	-0.0318418	0.0624496	0.0306078
1185.92	1212.3	2599.97	1018.15	0.262947	-0.0448126	-0.00263784	-0.0421747	0.218135	0	0.296216	0	0	0	0.0476481	-0.00888649	0.0565346	0.0476481
1190.64	1213.51	2119.97	3238.77	0.255821	-0.0449892	-0.00228754	-0.0427017	0.210832	0	-1.53106	0	0	0	0.103323	0.0459318	0.0573913	0.103323
1194.4	1191.64	1639.97	3771.48	0.248517	-0.0428026	0.000275793	-0.0430784	0.205715	0	-0.372117	0	0	0	0.0780476	0.0111635	0.0668841	0.0780476
1197.2	1140.62	1159.97	7368.77	0.241036	-0.0371076	0.00565757	-0.0427651	0.203928	0	3.46335	0	0	0	-0.0416352	-0.103901	0.0622653	-0.0416352
1199.04	1095.68	679.965	1409.6	0.233377	-0.0309835	0.010336	-0.0413196	0.202393	0	3.07384	0	0	0	-0.0508099	-0.0922153	0.0414054	-0.0508099
1199.92	1047.09	199.964	2217.64	0.22554	-0.0240372	0.0152824	-0.0393196	0.201502	0	3.20262	0	0	0	-0.0723786	-0.0960785	0.0236999	-0.0723786
1200	1041.02	0	808.654	0.222222	-0.0203881	0.0158984	-0.0362866	0.201834	0	4.11891	0	0	0	-0.120823	-0.123567	0.00274416	-0.120823
1200	1032.52	0	873.297	0.222222	-0.0162978	0.0167484	-0.0330462	0.205924	0	4.08699	0	0	0	-0.1447	-0.12261	-0.0220906	-0.1447
1200	1017.94	0	2721.62	0.222222	-0.0115026	0.018206	-0.0297086	0.21072	0	2.58004	0	0	0	-0.122654	-0.0774013	-0.0452525	-0.122654
1200	1573.06	0	1901.61	0.222222	-0.0574458	-0.0373063	-0.0201395	0.164776	0	1.00712	0	0	0	-0.0876738	-0.0302136	-0.0574602	-0.0876738
1200	981.487	0	2896.4	0.222222	0.000117604	0.0218513	-0.0217337	0.22234	0	1.01138	0	0	0	-0.0940454	-0.0303413	-0.0637041	-0.0940454
1200	977.848	0	1082.79	0.222222	0.00485166	0.0222152	-0.0173635	0.227074	0	0.427116	0	0	0	-0.0819633	-0.0128135	-0.0691498	-0.0819633
1200	986.351	0	831.398	0.222222	0.00844437	0.0213649	-0.0129205	0.230667	0	-0.0145373	0	0	0	-0.0703824	0.000436119	-0.0708185	-0.0703824
1200	1005.81	0	1544.87	0.222222	0.0107597	0.0194194	-0.00865969	0.232982	0	-0.143309	0	0	0	-0.0662309	0.00429926	-0.0705302	-0.0662309
1200	1021.58	0	5689.23	0.222222	0.0129575	0.0178424	-0.0048849	0.23518	0	-0.265694	0	0	0	-0.0615271	0.00797083	-0.0694979	-0.0615271
1200	1024.01	0	5193.63	0.222222	0.0162704	0.017599	-0.00132863	0.238493	0	-1.83862	0	0	0	-0.0109413	0.0551586	-0.0660999	-0.0109413
1200	1020.36	0	1682.54	0.222222	0.0202278	0.0179637	0.00226404	0.24245	0	-2.34838	0	0	0	0.0167849	0.0704515	-0.0536666	0.0167849
1200	1039.8	0	940.335	0.222222	0.0218036	0.0160198	0.00578385	0.244026	0	-1.86203	0	0	0	0.0155248	0.055861	-0.0403361	0.0155248
1200	1081.1	0	-363.308	0.222222	0.0206227	0.01189	0.00873274	0.242845	0	-1.83756	0	0	0	0.0258222	0.0551267	-0.0293044	0.0258222
1200	1127.26	0	-2728.78	0.222222	0.0182148	0.00727417	0.0109407	0.240437	0	-1.82159	0	0	0	0.0363527	0.0546478	-0.0182951	0.0363527
1200	1172.21	0	-183.743	0.222222	0.0149436	0.00277893	0.0121646	0.237166	0	-1.87055	0	0	0	0.0488052	0.0561164	-0.00731123	0.0488052
1200	-1715.19	0	5786.2	0.222222	0.275014	0.291519	-0.0165057	0.497236	0	-2.68255	0	0	0	0.0847493	0.0804765	0.00427282	0.0847493
1200	1162.49	0	7355.6	0.222222	0.0166629	0.00375092	0.012912	0.238885	0	-2.6187	0	0	0	0.100995	0.0785609	0.0224338	0.100995
1200	1136.99	0	5166.1	0.222222	0.0200609	0.00630142	0.0137594	0.242283	0	-0.416814	0	0	0	0.0462445	0.0125044	0.0337401	0.0462445
1200	1133.33	0	644.651	0.222222	0.0217231	0.00666687	0.0150563	0.243945	0	-0.709476	0	0	0	0.0574869	0.0212843	0.0362026	0.0574869
1200	1134.55	0	460.297	0.222222	0.0229465	0.0065448	0.0164017	0.245169	0	-0.96489	0	0	0	0.0700416	0.0289467	0.0410948	0.0700416
1200	1151.55	0	1990.19	0.222222	0.022422	0.00484497	0.0175771	0.244644	0	-1.3693	0	0	0	0.0881706	0.0410789	0.0470917	0.0881706
1200	1166.13	0	-1984.18	0.222222	0.0217993	0.00338699	0.0184123	0.244022	0	-1.24159	0	0	0	0.0932767	0.0372477	0.056029	0.0932767
1200	1166.13	0	4395.17	0.222222	0.0224403	0.00338699	0.0190533	0.244663	0	0.854935	0	0	0	0.0349092	-0.025648	0.0605573	0.0349092
1200	1163.71	0	2484.59	0.222222	0.023396	0.00362885	0.0197671	0.245618	0	0.626126	0	0	0	0.0359159	-0.0187838	0.0546997	0.0359159
1200	1191.65	0	1866.89	0.222222	0.0212188	0.000834961	0.0203838	0.243441	0	-0.495567	0	0	0	0.0679171	0.014867	0.0530501	0.0679171
1200	1206.22	0	1105.53	0.222222	0.0199043	-0.000622241	0.0205265	0.242127	0	0.104656	0	0	0	0.0525007	-0.00313968	0.0556404	0.0525007
1200	1245.09	0	2135.04	0.222222	0.0156742	-0.00450942	0.0201836	0.237896	0	0.871962	0	0	0	0.0275829	-0.0261589	0.0537418	0.0275829
1200	1257.23	0	7396.3	0.222222	0.0134614	-0.00572327	0.0191846	0.235684	0	1.05075	0	0	0	0.0166395	-0.0315226	0.048162	0.0166395
1200	1240.23	0	3546.42	0.222222	0.0140651	-0.00402344	0.0180885	0.236287	0	1.78826	0	0	0	-0.0126938	-0.0536478	0.040954	-0.0126938
1200	1236.59	0	384.88	0.222222	0.013613	-0.00365874	0.0172718	0.235835	0	1.97024	0	0	0	-0.0294128	-0.0591073	0.0296944	-0.0294128
1200	1251.17	0	42.509	0.222222	0.011314	-0.00511672	0.0164307	0.233536	0	1.7723	0	0	0	-0.0350309	-0.0531689	0.018138	-0.0350309
1200	1264.52	0	-510.552	0.222222	0.00889483	-0.00645187	0.0153467	0.231117	0	1.86701	0	0	0	-0.0486179	-0.0560104	0.00739244	-0.0486179
1200	1281.53	0	-3539.22	0.222222	0.00581795	-0.00815322	0.0139712	0.22804	0	1.75101	0	0	0	-0.0561612	-0.0525304	-0.00363085	-0.0561612
1200	3409.72	0	1012.16	0.222222	-0.208802	-0.220972	0.0121705	0.0134206	0	2.20012	0	0	0	-0.0807981	-0.0660035	-0.0147946	-0.0807981
1200	1305.82	0	4399.96	0.222222	-0.000697724	-0.0105817	0.00988393	0.221525	0	1.32532	0	0	0	-0.0670462	-0.0397597	-0.0272865	-0.0670462
1200	1288.82	0	8330.04	0.222222	-0.00105358	-0.00888184	0.00782825	0.221169	0	0.240877	0	0	0	-0.0401597	-0.0072263	-0.0329334	-0.0401597
1200	1263.31	0	2982.59	0.222222	-0.000157979	-0.00633132	0.00617334	0.222064	0	-0.411493	0	0	0	-0.0212516	0.0123448	-0.0335964	-0.0212516
1200	1251.17	0	230.454	0.222222	-0.00010024	-0.00511672	0.00501648	0.222122	0	-0.448741	0	0	0	-0.0172023	0.0134622	-0.0306645	-0.0172023
1200	1230.52	0	1056.45	0.222222	0.00100172	-0.00305222	0.00405394	0.223224	0	-0.259309	0	0	0	-0.0205695	0.00777927	-0.0283488	-0.0205695
1200	1243.88	0	866.114	0.222222	-0.00101733	-0.00438812	0.00337079	0.221205	0	-0.143309	0	0	0	-0.0226821	0.00429926	-0.0269813	-0.0226821
1200	1258.46	0	613.526	0.222222	-0.00342563	-0.00584609	0.00242046	0.218797	0	-0.334869	0	0	0	-0.0159317	0.0100461	-0.0259778	-0.0159317
1200	1271.81	0	3158.56	0.222222	-0.0060513	-0.00718124	0.00112993	0.216171	0	-1.21073	0	0	0	0.013327	0.0363218	-0.0229948	0.013327
1200	1276.67	0	-1669.35	0.222222	-0.00725543	-0.00766724	0.000411809	0.214967	0	-1.77051	0	0	0	0.0337526	0.0531153	-0.0193626	0.0337526
1200	1285.16	0	2914.35	0.222222	-0.0105627	-0.00851638	-0.00204629	0.21166	0	-0.727568	0	0	0	0.0174699	0.021827	-0.00435712	0.0174699
1200	1288.8	0	1374.88	0.222222	-0.0126545	-0.0088803	-0.00377421	0.209568	0	-0.532815	0	0	0	0.0152201	0.0159844	-0.000764335	0.0152201
1200	1290.04	0	583.599	0.222222	-0.0145787	-0.00900391	-0.00557476	0.207644	0	-0.888266	0	0	0	0.0297031	0.026648	0.00305513	0.0297031
1200	1292.47	0	2227.22	0.222222	-0.0166584	-0.00924651	-0.00741185	0.205564	0	-0.863789	0	0	0	0.0343686	0.0259137	0.00845496	0.0343686
1200	1287.61	0	2276.3	0.222222	-0.0181067	-0.00876052	-0.00934615	0.204116	0	-0.561549	0	0	0	0.029967	0.0168465	0.0131205	0.029967
1200	1279.1	0	1718.45	0.222222	-0.0189838	-0.00790985	-0.011074	0.203238	0	-0.329548	0	0	0	0.0261878	0.00988644	0.0163014	0.0261878
1200	1269.38	0	1481.42	0.222222	-0.019521	-0.00693787	-0.0125831	0.202701	0	-0.146501	0	0	0	0.0215308	0.00439504	0.0171357	0.0215308
1200	1268.16	0	955.897	0.222222	-0.0207624	-0.0068158	-0.0139466	0.20146	0	-0.36786	0	0	0	0.0296507	0.0110358	0.0186149	0.0296507
1200	1304.6	0	-899.609	0.222222	-0.0258553	-0.0104604	-0.0153949	0.196367	0	-0.296557	0	0	0	0.0296262	0.00889671	0.0207295	0.0296262
1200	1283.97	0	-2965.81	0.222222	-0.0254949	-0.00839661	-0.0170983	0.196727	0	-0.2923	0	0	0	0.0311182	0.008769	0.0223492	0.0311182
1200	1285.18	0	-206.488	0.222222	-0.0264559	-0.00851791	-0.017938	0.195766	0	-0.392337	0	0	0	0.0349962	0.0117701	0.0232261	0.0349962
1200	1292.48	0	1599.94	0.222222	-0.0289137	-0.00924805	-0.0196656	0.193309	0	-0.671164	0	0	0	0.0460759	0.0201349	0.0259409	0.0460759
1200	1294.9	0	1224.05	0.222222	-0.0310414	-0.00948989	-0.0215515	0.191181	0	-0.253988	0	0	0	0.0374822	0.00761964	0.0298626	0.0374822
1200	1290.05	0	2629.44	0.222222	-0.0324061	-0.00900542	-0.0234007	0.189816	0	0.61442	0	0	0	0.0115523	-0.0184326	0.0299849	0.0115523
1200	1280.32	0	554.868	0.222222	-0.0330997	-0.00803191	-0.0250678	0.189122	0	1.12206	0	0	0	-0.00854456	-0.0336617	0.0251171	-0.00854456
1200	1288.83	0	1164.19	0.222222	-0.0355689	-0.00888259	-0.0266863	0.186653	0	1.05075	0	0	0	-0.0129367	-0.0315226	0.0185859	-0.0129367
1200	1293.67	0	1348.55	0.222222	-0.0378541	-0.00936707	-0.028487	0.184368	0	1.11673	0	0	0	-0.021575	-0.033502	0.011927	-0.021575
1200	1291.23	0	1944.7	0.222222	-0.03952	-0.00912292	-0.0303971	0.182702	0	0.329207	0	0	0	-0.00316823	-0.00987622	0.006708	-0.00316823
1200	1285.14	0	-559.633	0.222222	-0.0407969	-0.00851409	-0.0322829	0.181425	0	0.631447	0	0	0	-0.0147279	-0.0189434	0.00421554	-0.0147279
1200	1288.83	0	769.149	0.222222	-0.0420176	-0.00888335	-0.0331343	0.180205	0	0.696365	0	0	0	-0.0185698	-0.020891	0.0023212	-0.0185698
1200	1285.17	0	-202.897	0.222222	-0.0443161	-0.00851714	-0.035799	0.177906	0	0.801723	0	0	0	-0.0284224	-0.0240517	-0.00437072	-0.0284224
1200	-1688.45	0	833.793	0.222222	0.221727	0.288845	-0.0671174	0.443949	0	0.261097	0	0	0	-0.0164808	-0.00783291	-0.00864788	-0.0164808
1200	1275.44	0	323.828	0.222222	-0.0464946	-0.00754364	-0.038951	0.175728	0	-0.145437	0	0	0	-0.00505638	0.00436311	-0.00941949	-0.00505638
1200	1277.89	0	643.454	0.222222	-0.0481643	-0.00778931	-0.040375	0.174058	0	0.0141968	0	0	0	-0.00918348	-0.000425903	-0.00875758	-0.00918348
1200	1286.39	0	866.114	0.222222	-0.0506083	-0.00863921	-0.0419691	0.171614	0	-0.0847762	0	0	0	-0.00627074	0.00254329	-0.00881403	-0.00627074
1200	1285.17	0	483.042	0.222222	-0.0522627	-0.00851714	-0.0437456	0.16996	0	-0.0166658	0	0	0	-0.00785329	0.000499973	-0.00835326	-0.00785329
1200	1275.45	0	162.219	0.222222	-0.0529334	-0.00754517	-0.0453883	0.169289	0	-0.0560421	0	0	0	-0.00641875	0.00168126	-0.00810002	-0.00641875
1200	1263.34	0	997.796	0.222222	-0.0532552	-0.00633362	-0.0469216	0.168967	0	0.336657	0	0	0	-0.0182881	-0.0100997	-0.00818839	-0.0182881
1200	1269.36	0	791.894	0.222222	-0.0551365	-0.00693634	-0.0482002	0.167086	0	0.368584	0	0	0	-0.0214861	-0.0110575	-0.0104286	-0.0214861
1200	1269.41	0	351.361	0.222222	-0.0565771	-0.00694092	-0.0496362	0.165645	0	0.496291	0	0	0	-0.02773	-0.0148887	-0.0128413	-0.02773
1200	1279.1	0	439.947	0.222222	-0.0589946	-0.00790985	-0.0510848	0.163228	0	0.324951	0	0	0	-0.0253568	-0.00974852	-0.0156083	-0.0253568
1200	1294.88	0	560.854	0.222222	-0.062203	-0.0094876	-0.0527154	0.160019	0	0.177023	0	0	0	-0.0226995	-0.0053107	-0.0173888	-0.0226995
1200	1300.96	0	1432.34	0.222222	-0.0646854	-0.0100964	-0.054589	0.157537	0	-0.686063	0	0	0	0.00321329	0.0205819	-0.0173686	0.00321329
1200	1302.18	0	-502.172	0.222222	-0.0668145	-0.0102185	-0.056596	0.155408	0	-0.570063	0	0	0	0.00409868	0.0171019	-0.0130032	0.00409868
1200	1299.74	0	174.19	0.222222	-0.0686262	-0.00997435	-0.0586518	0.153596	0	-0.51898	0	0	0	0.00569924	0.0155694	-0.00987016	0.00569924
1200	1293.69	0	-480.624	0.222222	-0.0700033	-0.00936858	-0.0606348	0.152219	0	-0.692449	0	0	0	0.0142822	0.0207735	-0.00649129	0.0142822
1200	-2016.45	0	1042.09	0.222222	0.226048	0.321645	-0.0955973	0.44827	0	-0.581769	0	0	0	0.0151548	0.0174531	-0.00229829	0.0151548
1200	1269.38	0	-1270.71	0.222222	-0.0711983	-0.00693787	-0.0642604	0.151024	0	-0.396594	0	0	0	0.0125921	0.0118978	0.000694272	0.0125921
1200	1277.89	0	-1846.52	0.222222	-0.0734373	-0.00778931	-0.065648	0.148785	0	-0.306135	0	0	0	0.0122355	0.00918405	0.00305149	0.0122355
1200	1242.66	0	-1565.2	0.222222	-0.0716904	-0.00426605	-0.0674244	0.150532	0	-0.356154	0	0	0	0.0150908	0.0106846	0.0044062	0.0150908
1200	1275.45	0	497.407	0.222222	-0.0761023	-0.00754517	-0.0685571	0.14612	0	-0.557292	0	0	0	0.0239292	0.0167188	0.0072104	0.0239292
1200	1268.17	0	2745.56	0.222222	-0.0767863	-0.00681731	-0.069969	0.145436	0	-0.652008	0	0	0	0.030274	0.0195602	0.0107138	0.030274
1200	1270.61	0	356.149	0.222222	-0.0783817	-0.00706146	-0.0713202	0.143841	0	-0.426392	0	0	0	0.0272133	0.0127918	0.0144215	0.0272133
1200	1259.67	0	372.909	0.222222	-0.0786387	-0.00596741	-0.0726713	0.143583	0	-0.0475283	0	0	0	0.0177991	0.00142585	0.0163732	0.0177991
1200	1252.37	0	-163.392	0.222222	-0.0790163	-0.00523651	-0.0737798	0.143206	0	-0.0869046	0	0	0	0.0192719	0.00260714	0.0166648	0.0192719
1200	1252.38	0	-110.72	0.222222	-0.0801018	-0.00523804	-0.0748637	0.14212	0	0.0727292	0	0	0	0.0148862	-0.00218187	0.0170681	0.0148862
1200	1263.29	0	-4999.68	0.222222	-0.0823133	-0.00632904	-0.0759843	0.139909	0	0.272803	0	0	0	0.00825287	-0.0081841	0.016437	0.00825287
1200	1273.06	0	475.86	0.222222	-0.0846044	-0.00730559	-0.0772988	0.137618	0	0.473942	0	0	0	0.000186001	-0.0142183	0.0144043	0.000186001
1200	1276.66	0	1265.95	0.222222	-0.085695	-0.0076657	-0.0780293	0.136527	0	0.628255	0	0	0	-0.00586521	-0.0188476	0.0129824	-0.00586521
1200	1279.1	0	1987.8	0.222222	-0.0882514	-0.00790984	-0.0803416	0.133971	0	0.666567	0	0	0	-0.0130488	-0.019997	0.00694821	-0.0130488
1200	1271.84	0	-408.798	0.222222	-0.0890462	-0.00718353	-0.0818627	0.133176	0	0.512254	0	0	0	-0.0123805	-0.0153676	0.00298712	-0.0123805
1200	1268.19	0	-752.366	0.222222	-0.0901179	-0.00681885	-0.0832991	0.132104	0	0.0833714	0	0	0	-0.00187558	-0.00250114	0.000625566	-0.00187558
1200	1260.88	0	-541.676	0.222222	-0.0907262	-0.00608795	-0.0846383	0.131496	0	-0.163529	0	0	0	0.00528342	0.00490587	0.000377559	0.00528342
1200	1256.03	0	989.416	0.222222	-0.0914464	-0.00560272	-0.0858436	0.130776	0	-0.454062	0	0	0	0.0157117	0.0136219	0.00208986	0.0157117
1200	1254.82	0	-278.314	0.222222	-0.092519	-0.00548218	-0.0870368	0.129703	0	-0.286979	0	0	0	0.0130085	0.00860937	0.00439918	0.0130085
1200	947.495	0	381.289	0.222222	-0.0747989	0.0252505	-0.100049	0.147423	0	-0.259309	0	0	0	0.0140089	0.00777927	0.00622961	0.0140089
1200	1248.72	0	-2313.39	0.222222	-0.0943319	-0.00487183	-0.0894601	0.12789	0	0.365391	0	0	0	-0.00407341	-0.0109617	0.00688832	-0.00407341
1200	1236.57	0	-2361.27	0.222222	-0.0940555	-0.00365723	-0.0903983	0.128167	0	0.565465	0	0	0	-0.0131619	-0.016964	0.00380202	-0.0131619
1200	1202.56	0	285.521	0.222222	-0.0917018	-0.000256042	-0.0914458	0.13052	0	0.517575	0	0	0	-0.014604	-0.0155273	0.000923251	-0.014604
1200	1222	0	-164.589	0.222222	-0.093831	-0.00220001	-0.091631	0.128391	0	0.617612	0	0	0	-0.0209724	-0.0185284	-0.002444	-0.0209724
1200	1219.57	0	-4.17788	0.222222	-0.0939798	-0.0019574	-0.0920224	0.128242	0	0.656989	0	0	0	-0.0258881	-0.0197097	-0.00617841	-0.0258881
1200	1218.35	0	-438.725	0.222222	-0.0942129	-0.00183533	-0.0923776	0.128009	0	0.482456	0	0	0	-0.0246068	-0.0144737	-0.0101331	-0.0246068
1200	1228.09	0	-418.375	0.222222	-0.0955781	-0.00280884	-0.0927693	0.126644	0	0.147225	0	0	0	-0.0168603	-0.00441675	-0.0124436	-0.0168603
1200	4991.3	0	-427.952	0.222222	-0.434987	-0.37913	-0.0558567	-0.212765	0	0.00568296	0	0	0	-0.0132005	-0.000170489	-0.01303	-0.0132005
1200	1257.25	0	2340.94	0.222222	-0.0999696	-0.00572479	-0.0942448	0.122253	0	-0.512595	0	0	0	0.00248293	0.0153778	-0.0128949	0.00248293
1200	1247.51	0	30.538	0.222222	-0.100117	-0.00475128	-0.0953654	0.122106	0	-1.15113	0	0	0	0.0262343	0.0345339	-0.00829962	0.0262343
1200	-3118.19	0	-292.679	0.222222	0.292187	0.431819	-0.139633	0.514409	0	-0.873367	0	0	0	0.0244666	0.026201	-0.00173446	0.0244666
1200	1200.13	0	-461.47	0.222222	-0.0965872	-1.34277e-05	-0.0965737	0.125635	0	-0.928707	0	0	0	0.0312424	0.0278612	0.00338123	0.0312424
1200	1158.83	0	2311.02	0.222222	-0.0924352	0.00411713	-0.0965523	0.129787	0	-1.22137	0	0	0	0.0459585	0.0366411	0.00931743	0.0459585
1200	3475.3	0	-2254.73	0.222222	-0.323429	-0.22753	-0.0958993	-0.101207	0	-0.891459	0	0	0	0.0438077	0.0267438	0.0170639	0.0438077
1200	1189.21	0	-3633.79	0.222222	-0.0944465	0.0010791	-0.0955256	0.127776	0	0.769797	0	0	0	-0.00317474	-0.0230939	0.0199192	-0.00317474
1200	1197.68	0	-352.534	0.222222	-0.0951141	0.000232239	-0.0953464	0.127108	0	0.900696	0	0	0	-0.0125187	-0.0270209	0.0145022	-0.0125187
1200	1200.15	0	-62.8358	0.222222	-0.0953762	-1.49536e-05	-0.0953613	0.126846	0	0.780439	0	0	0	-0.0138522	-0.0234132	0.00956097	-0.0138522
1200	1205.02	0	1151.02	0.222222	-0.0959266	-0.000501709	-0.0954249	0.126296	0	0.711264	0	0	0	-0.0166543	-0.0213379	0.00468359	-0.0166543
1200	1201.35	0	-990.589	0.222222	-0.0956482	-0.000135498	-0.0955127	0.126574	0	0.738934	0	0	0	-0.0216882	-0.022168	0.000479853	-0.0216882
1200	1196.49	0	-582.378	0.222222	-0.0951644	0.000351257	-0.0955157	0.127058	0	0.747448	0	0	0	-0.0264602	-0.0224234	-0.00403676	-0.0264602
1200	1190.44	0	169.402	0.222222	-0.0944173	0.000955505	-0.0953728	0.127805	0	0.719778	0	0	0	-0.0301723	-0.0215933	-0.00857892	-0.0301723
1200	1190.4	0	-2227.19	0.222222	-0.0941972	0.000960083	-0.0951573	0.128025	0	0.484584	0	0	0	-0.0271127	-0.0145375	-0.0125751	-0.0271127
1200	3921.13	0	-593.151	0.222222	-0.339881	-0.272113	-0.067768	-0.117658	0	0.397318	0	0	0	-0.0271978	-0.0119195	-0.0152783	-0.0271978
1200	1219.6	0	1415.58	0.222222	-0.0970381	-0.00196045	-0.0950777	0.125184	0	0.0376097	0	0	0	-0.0186245	-0.00112829	-0.0174962	-0.0186245
1200	1225.65	0	-256.766	0.222222	-0.0980584	-0.0025647	-0.0954937	0.124164	0	-0.652008	0	0	0	0.00339962	0.0195602	-0.0161606	0.00339962
1200	1220.83	0	-1571.18	0.222222	-0.0981498	-0.00208252	-0.0960672	0.124072	0	-0.0634917	0	0	0	-0.0111388	0.00190475	-0.0130436	-0.0111388
1200	1217.16	0	1294.68	0.222222	-0.0981877	-0.00171631	-0.0964714	0.124035	0	-0.0986111	0	0	0	-0.00987029	0.00295833	-0.0128286	-0.00987029
1200	1202.58	0	-328.592	0.222222	-0.0969869	-0.000257568	-0.0967294	0.125235	0	-0.252924	0	0	0	-0.00432998	0.00758771	-0.0119177	-0.00432998
1200	1191.64	0	593.175	0.222222	-0.0959078	0.000836487	-0.0967443	0.126314	0	-0.170978	0	0	0	-0.00534423	0.00512935	-0.0104736	-0.00534423
1200	1189.22	0	512.97	0.222222	-0.0954388	0.00107758	-0.0965164	0.126783	0	-0.329548	0	0	0	0.00041638	0.00988644	-0.00947006	0.00041638
1200	3255.45	0	-648.218	0.222222	-0.30176	-0.205545	-0.0962157	-0.0795382	0	-0.656265	0	0	0	0.0128593	0.019688	-0.00682869	0.0128593
1200	2644.45	0	-2320.57	0.222222	-0.24047	-0.144445	-0.0960242	-0.0182474	0	-0.590283	0	0	0	0.0144566	0.0177085	-0.00325188	0.0144566
1200	1189.19	0	-2801.8	0.222222	-0.0946672	0.00108063	-0.0957478	0.127555	0	-1.37994	0	0	0	0.0431502	0.0413981	0.00175207	0.0431502
1200	651.093	0	885.268	0.222222	-0.0461681	0.0548907	-0.101059	0.176054	0	-1.19051	0	0	0	0.0455426	0.0357152	0.00982737	0.0455426
1200	1203.78	0	-245.992	0.222222	-0.0960466	-0.000378113	-0.0956685	0.126176	0	-1.00533	0	0	0	0.046827	0.0301599	0.0166671	0.046827
1200	1206.22	0	139.474	0.222222	-0.0963908	-0.000622253	-0.0957685	0.125831	0	-0.465769	0	0	0	0.0359921	0.0139731	0.022019	0.0359921
1200	1191.64	0	144.263	0.222222	-0.0949591	0.000836487	-0.0957956	0.127263	0	-0.142244	0	0	0	0.0283435	0.00426733	0.0240762	0.0283435
1200	1190.41	0	58.0714	0.222222	-0.0946579	0.000958557	-0.0956164	0.127564	0	0.0812429	0	0	0	0.022304	-0.00243729	0.0247413	0.022304
1200	1192.84	0	-1008.55	0.222222	-0.0946969	0.000715942	-0.0954128	0.127525	0	0.746384	0	0	0	0.000770388	-0.0223915	0.0231619	0.000770388
1200	1200.12	0	-52.0619	0.222222	-0.0952576	-1.19019e-05	-0.0952457	0.126965	0	0.80598	0	0	0	-0.0059364	-0.0241794	0.018243	-0.0059364
1200	1202.59	0	-55.6532	0.222222	-0.095506	-0.000259094	-0.0952469	0.126716	0	0.715521	0	0	0	-0.00564057	-0.0214656	0.0158251	-0.00564057
1199.88	1200.16	-239.453	-164.589	0.218209	-0.0956089	-2.84302e-05	-0.0955805	0.1226	0	0.635704	0	0	0	-0.00922281	-0.0190711	0.00984831	-0.00922281
1198.92	1211.11	-719.447	-668.569	0.210032	-0.0969047	-0.00121837	-0.0956863	0.113127	0	0.516511	0	0	0	-0.00951552	-0.0154953	0.00597981	-0.00951552
1197	1200.15	-1199.44	-274.723	0.201677	-0.0962648	-0.000314673	-0.0959502	0.105412	0	0.266418	0	0	0	-0.00466163	-0.00799254	0.00333091	-0.00466163
1194.12	1184.36	-1679.43	-353.731	0.193143	-0.0949766	0.000976721	-0.0959533	0.0981668	0	0.213207	0	0	0	-0.00454567	-0.00639621	0.00185053	-0.00454567
1190.29	1177.06	-2159.43	13.7786	0.184433	-0.0944051	0.00132222	-0.0957273	0.0900276	0	0.131262	0	0	0	-0.00314626	-0.00393785	0.000791586	-0.00314626
1185.49	1169.78	-2639.42	-2605.48	0.175544	-0.0938911	0.00157018	-0.0954613	0.081653	0	0.597392	0	0	0	-0.0187287	-0.0179218	-0.000806923	-0.0187287
1179.73	3064.73	-3119.42	-1648.99	0.166478	-0.283663	-0.1885	-0.0951628	-0.117185	0	-0.167786	0	0	0	0.00145324	0.00503357	-0.00358034	0.00145324
1173.01	1152.76	-3599.41	-234.021	0.157234	-0.0929466	0.00202531	-0.0949719	0.0642871	0	-0.173107	0	0	0	0.00308571	0.00519321	-0.00210749	0.00308571
1165.33	1135.76	-4079.4	-790.673	0.152545	-0.0914162	0.0033532	-0.0947694	0.0611288	0	-0.132666	0	0	0	0.00239182	0.00397999	-0.00158817	0.00239182
1156.69	1100.51	-4559.4	-55.6532	0.138212	-0.0881654	0.00561818	-0.0937835	0.0500468	0	0.0333528	0	0	0	-0.00178746	-0.00100058	-0.000786873	-0.00178746
1147.09	1101.76	-5039.39	-4038.41	0.128435	-0.0882588	0.00453319	-0.092792	0.0401759	0	-0.378502	0	0	0	0.0106107	0.0113551	-0.000744346	0.0106107
1136.53	1090.81	-5519.39	-4510.07	0.11848	-0.0873763	0.00457291	-0.0919492	0.0311033	0	-0.00176661	0	0	0	0.00225332	5.29984e-05	0.00220032	0.00225332
1125.02	-397.201	-5999.38	-872.076	0.108347	0.0611428	0.152222	-0.0910789	0.169489	0	0.349428	0	0	0	-0.00948513	-0.0104828	0.000997705	-0.00948513
1112.54	1079.9	-6479.37	-156.21	0.0980358	-0.0871192	0.0032642	-0.0903834	0.0109166	0	0.263225	0	0	0	-0.00877533	-0.00789676	-0.000878567	-0.00877533
1099.1	1059.23	-6959.37	1258.76	0.0875473	-0.0857129	0.00398638	-0.0896992	0.00183443	0	0.450529	0	0	0	-0.0161877	-0.0135159	-0.00267183	-0.0161877
1084.7	1034.93	-7439.36	-1678.92	0.076881	-0.083874	0.00497725	-0.0888513	-0.00699306	0	0.895375	0	0	0	-0.033028	-0.0268613	-0.00616679	-0.033028
1069.34	4337.78	-7919.35	-1500.55	0.0660369	-0.381213	-0.326844	-0.054369	-0.315176	0	0.78576	0	0	0	-0.0354662	-0.0235728	-0.0118934	-0.0354662
1053.02	982.712	-8399.35	-7365.15	0.0550151	-0.079795	0.00703111	-0.0868261	-0.0247799	0	-0.430649	0	0	0	-0.00208259	0.0129195	-0.0150021	-0.00208259
1035.74	1020.39	-8879.34	-7945.75	0.0438155	-0.0842971	0.00153587	-0.085833	-0.0404816	0	-0.0453998	0	0	0	-0.0108135	0.001362	-0.0121755	-0.0108135
1017.77	1021.59	-9000	-1429.93	0.0384768	-0.086009	-0.000381628	-0.0856274	-0.0475322	0	-0.31252	0	0	0	-0.00263926	0.00937561	-0.0120149	-0.00263926
999.775	986.359	-9000	1647.82	0.0351435	-0.0843668	0.00134166	-0.0857085	-0.0492233	0	-0.576448	0	0	0	0.00783693	0.0172934	-0.00945652	0.00783693
981.775	949.875	-9000	-194.517	0.0318103	-0.0821701	0.00319006	-0.0853601	-0.0503598	0	-0.484925	0	0	0	0.00839028	0.0145477	-0.00615746	0.00839028
963.776	4290.39	-9000	-193.32	0.028477	-0.417219	-0.332661	-0.0845575	-0.388742	0	-0.584962	0	0	0	0.0144957	0.0175489	-0.00305316	0.0144957
945.776	808.99	-9000	1480.23	0.0251437	-0.0692343	0.0136785	-0.0829128	-0.0440906	0	-0.490246	0	0	0	0.0149533	0.0147074	0.000245894	0.0149533
927.776	714.249	-9000	-894.821	0.0218104	-0.0583558	0.0213527	-0.0797085	-0.0365454	0	-0.786101	0	0	0	0.0269715	0.023583	0.00338851	0.0269715
909.776	2944.49	-9000	-12321.1	0.018477	-0.278902	-0.203471	-0.0754309	-0.260425	0	-1.88864	0	0	0	0.0670119	0.0566591	0.0103528	0.0670119
891.776	720.322	-9000	-9831.18	0.0151437	-0.0540277	0.0171455	-0.0711732	-0.038884	0	0.272803	0	0	0	0.00964053	-0.0081841	0.0178246	0.00964053
873.776	737.335	-9000	-4301.77	0.0118105	-0.0542873	0.0136441	-0.0679315	-0.0424769	0	-0.473218	0	0	0	0.0312751	0.0141966	0.0170786	0.0312751
855.777	-615.845	-9000	487.831	0.00847717	0.0683864	0.147162	-0.0787758	0.0768635	0	-0.689256	0	0	0	0.0411447	0.0206777	0.020467	0.0411447
837.777	1528.08	-9000	-293.876	0.00514388	-0.131898	-0.0690299	-0.0628684	-0.126754	0	-0.694577	0	0	0	0.0455644	0.0208373	0.0247271	0.0455644
819.777	674.194	-9000	50.8888	0.00181059	-0.0457348	0.0145583	-0.0602931	-0.0439242	0	-0.482796	0	0	0	0.0430177	0.0144839	0.0285338	0.0430177
801.777	630.432	-9000	-2605.48	-0.00152271	-0.0400937	0.0171345	-0.0572282	-0.0416164	0	0.172766	0	0	0	0.0254207	-0.00518299	0.0306036	0.0254207
783.778	619.507	-9000	-10274.1	-0.004856	-0.0373306	0.0164271	-0.0537577	-0.0421866	0	0.124876	0	0	0	0.0254919	-0.00374629	0.0292382	0.0254919
765.778	634.064	-9000	-13869	-0.00652264	-0.0380435	0.0140714	-0.0521149	-0.0445662	0	0.388804	0	0	0	0.0171995	-0.0116641	0.0288636	0.0171995
747.778	672.974	-9000	-3269.87	-0.0115226	-0.0411573	0.00748045	-0.0486378	-0.0526799	0	1.98301	0	0	0	-0.040422	-0.0594904	0.0190684	-0.040422
729.778	681.427	-9000	-687.722	-0.0148559	-0.0424939	0.00483514	-0.047329	-0.0573497	0	1.84254	0	0	0	-0.0479749	-0.0552761	0.0073012	-0.0479749
711.779	669.281	-9000	697.323	-0.0181892	-0.042154	0.00424976	-0.0464038	-0.0603432	0	1.66587	0	0	0	-0.0534269	-0.0499762	-0.00345071	-0.0534269
693.779	-1026.49	-9000	-53.259	-0.0215224	0.126492	0.172027	-0.0455352	0.104969	0	1.51901	0	0	0	-0.0590769	-0.0455703	-0.0135066	-0.0590769
675.779	611.023	-9000	-1511.33	-0.0248557	-0.038016	0.00647561	-0.0444916	-0.0628717	0	0.739998	0	0	0	-0.0436362	-0.0221999	-0.0214362	-0.0436362
657.779	584.29	-9000	-1863.28	-0.028189	-0.0358402	0.00734897	-0.0431891	-0.0640292	0	1.27318	0	0	0	-0.0634425	-0.0381953	-0.0252472	-0.0634425
639.78	581.848	-9000	-6606.19	-0.0298557	-0.0357611	0.00669313	-0.0424542	-0.0656168	0	2.59707	0	0	0	-0.106979	-0.0779121	-0.0290668	-0.106979
621.78	579.437	-9000	-6857.58	-0.0348556	-0.0363969	0.00423425	-0.0406312	-0.0712525	0	1.09651	0	0	0	-0.0847196	-0.0328954	-0.0518242	-0.0847196
603.78	579.437	-9000	-1389.22	-0.0381889	-0.0374763	0.00243427	-0.0399106	-0.0756653	0	0.969871	0	0	0	-0.0866055	-0.0290961	-0.0575093	-0.0866055
585.78	566.101	-9000	-1172.55	-0.0415222	-0.0374726	0.00196791	-0.0394405	-0.0789948	0	1.3498	0	0	0	-0.1044	-0.040494	-0.0639064	-0.1044
567.78	541.779	-9000	-2064.39	-0.0448555	-0.0364266	0.00260019	-0.0390268	-0.081282	0	1.05075	0	0	0	-0.103573	-0.0315226	-0.0720499	-0.103573
549.781	528.381	-9000	-3377.61	-0.0481888	-0.0363719	0.00213994	-0.0385119	-0.0845607	0	0.784696	0	0	0	-0.101164	-0.0235409	-0.0776233	-0.101164
531.781	517.487	-9000	-5561.12	-0.0515221	-0.0366959	0.00142944	-0.0381254	-0.088218	0	0.632512	0	0	0	-0.101572	-0.0189753	-0.0825965	-0.101572
513.781	500.458	-9000	-2326.55	-0.0548554	-0.0365361	0.00133234	-0.0378685	-0.0913915	0	-0.153951	0	0	0	-0.08048	0.00461852	-0.0850985	-0.08048
495.781	5441.92	-9000	-1004.95	-0.0581886	-0.48243	-0.494614	0.0121841	-0.540619	0	-0.172043	0	0	0	-0.0787645	0.00516128	-0.0839258	-0.0787645
477.782	444.58	-9000	635.074	-0.0615219	-0.0336447	0.00332016	-0.0369649	-0.0951666	0	0.0173894	0	0	0	-0.0838686	-0.000521683	-0.0833469	-0.0838686
459.782	386.261	-9000	-1895.6	-0.0648552	-0.0287717	0.00735208	-0.0361238	-0.0936269	0	-0.179492	0	0	0	-0.0777472	0.00538477	-0.083132	-0.0777472
441.782	352.234	-9000	-3266.28	-0.0681885	-0.0255826	0.00895482	-0.0345374	-0.0937711	0	-0.162465	0	0	0	-0.077146	0.00487394	-0.0820199	-0.077146
423.782	335.266	-9000	-7070.66	-0.0715218	-0.0238517	0.00885162	-0.0327034	-0.0953736	0	0.484584	0	0	0	-0.0966043	-0.0145375	-0.0820668	-0.0966043
405.783	319.458	-9000	-2877.22	-0.0748551	-0.0223177	0.00863245	-0.0309501	-0.0971727	0	0.0173894	0	0	0	-0.0850458	-0.000521683	-0.0845241	-0.0850458
387.783	-2825.41	-9000	-2442.67	-0.0781884	0.260897	0.321319	-0.0604226	0.182708	0	-0.0283722	0	0	0	-0.0836368	0.000851167	-0.084488	-0.0836368
369.783	264.832	-9000	-3022.07	-0.0815217	-0.0167528	0.0104951	-0.0272479	-0.0982745	0	0.147225	0	0	0	-0.08876	-0.00441675	-0.0843433	-0.08876
351.783	238.098	-9000	-1912.36	-0.084855	-0.0137727	0.0113685	-0.0251412	-0.0986277	0	0.178087	0	0	0	-0.0907001	-0.00534262	-0.0853575	-0.0907001
333.783	221.13	-9000	-2986.16	-0.0881883	-0.011619	0.0112653	-0.0228843	-0.0998072	0	0.650603	0	0	0	-0.106634	-0.0195181	-0.0871157	-0.106634
315.784	2032.2	-9000	-4012.07	-0.0915215	-0.192289	-0.171641	-0.0206477	-0.28381	0	0.558016	0	0	0	-0.108175	-0.0167405	-0.0914343	-0.108175
297.784	194.336	-9000	-3978.55	-0.0948548	-0.00818275	0.0103448	-0.0185275	-0.103038	0	0.199372	0	0	0	-0.100186	-0.00598116	-0.0942046	-0.100186
279.784	182.251	-9000	-2071.57	-0.0981881	-0.00673454	0.00975332	-0.0164879	-0.104923	0	0.0695365	0	0	0	-0.0973528	-0.00208609	-0.0952667	-0.0973528
261.784	162.781	-9000	-1311.41	-0.101521	-0.00462917	0.00990036	-0.0145295	-0.106151	0	-0.235896	0	0	0	-0.0881569	0.00707689	-0.0952338	-0.0881569
243.785	133.606	-9000	-60.4416	-0.104855	-0.00148793	0.0110179	-0.0125058	-0.106343	0	-0.184813	0	0	0	-0.0881016	0.0055444	-0.093646	-0.0881016
225.785	121.49	-9000	-1852.5	-0.106521	-7.4584e-05	0.0113294	-0.011404	-0.106596	0	0.114234	0	0	0	-0.0965186	-0.00342702	-0.0930915	-0.0965186
207.785	103.271	-9000	-4891.94	-0.111521	0.00245633	0.0104514	-0.00799503	-0.109065	0	0.262161	0	0	0	-0.102866	-0.00786484	-0.0950008	-0.102866
189.785	104.462	-9000	-4033.62	-0.114855	0.00248909	0.00853236	-0.00604328	-0.112365	0	0.599521	0	0	0	-0.115255	-0.0179856	-0.0972698	-0.115255
171.786	104.462	-9000	-3332.12	-0.118188	0.00229338	0.00673239	-0.00443901	-0.115894	0	0.517575	0	0	0	-0.116471	-0.0155273	-0.100944	-0.116471
154.118	94.7571	-8600.96	-1882.43	-0.114809	0.00279037	0.00593606	-0.00314569	-0.112019	0	0.194051	0	0	0	-0.109069	-0.00582152	-0.103248	-0.109069
137.396	-504.089	-8120.96	-2090.72	-0.109906	0.0621541	0.0641485	-0.00199446	-0.0477516	0	0.575043	0	0	0	-0.122225	-0.0172513	-0.104974	-0.122225
121.634	-727.57	-7640.97	-2088.33	-0.104825	0.0840148	0.0849204	-0.000905526	-0.0208098	0	0.540988	0	0	0	-0.125094	-0.0162296	-0.108865	-0.125094
106.832	70.4346	-7160.98	-3207.62	-0.0995658	0.00365802	0.00363979	1.82346e-05	-0.0959078	0	-0.285915	0	0	0	-0.10224	0.00857744	-0.110818	-0.10224
92.9907	71.6553	-6680.98	-3473.38	-0.0941292	0.00279681	0.00213354	0.000663271	-0.0913324	0	-0.531751	0	0	0	-0.0924536	0.0159525	-0.108406	-0.0924536
80.1089	78.9795	-6200.99	-3698.43	-0.0885148	0.0011132	0.000112938	0.00100026	-0.0874016	0	-0.949991	0	0	0	-0.0764381	0.0284997	-0.104938	-0.0764381
68.187	86.2427	-5720.99	-2155.37	-0.0827227	-0.000879838	-0.00180556	0.000925725	-0.0836025	0	-1.45337	0	0	0	-0.0545353	0.0436011	-0.0981364	-0.0545353
57.2252	95.9473	-5241	-2597.1	-0.0767528	-0.00341243	-0.00387221	0.000459775	-0.0801652	0	-1.09792	0	0	0	-0.0569607	0.0329376	-0.0898983	-0.0569607
47.2233	112.946	-4761.01	-2858.07	-0.0706051	-0.00699914	-0.00657222	-0.000426912	-0.0776042	0	-1.41187	0	0	0	-0.0410187	0.042356	-0.0833746	-0.0410187
38.1814	2248.41	-4281.01	-2421.12	-0.0642796	-0.201675	-0.221023	0.0193478	-0.265955	0	-2.40904	0	0	0	-0.000885703	0.0722713	-0.073157	-0.000885703
30.0995	145.752	-3801.02	-3156.14	-0.0577763	-0.0153526	-0.0115652	-0.00378731	-0.0731289	0	-2.3718	0	0	0	0.012432	0.0711539	-0.0587219	0.012432
22.9775	153.076	-3321.03	-3872.01	-0.0510953	-0.0192322	-0.0130099	-0.00622231	-0.0703275	0	-2.8624	0	0	0	0.0421472	0.0858721	-0.0437249	0.0421472
16.8155	168.823	-2841.03	-2817.36	-0.0442365	-0.024166	-0.0152008	-0.00896524	-0.0684025	0	-3.06354	0	0	0	0.0658028	0.0919063	-0.0261035	0.0658028
11.6135	182.19	-2361.04	-2187.69	-0.0372	-0.0291757	-0.0170576	-0.0121181	-0.0663757	0	-2.63572	0	0	0	0.0709248	0.0790717	-0.00814686	0.0709248
7.37151	3234.8	-1881.04	-2358.88	-0.0299856	-0.307976	-0.322743	0.0147672	-0.337961	0	-2.85389	0	0	0	0.0931373	0.0856167	0.00752062	0.0931373
4.08946	-3058.69	-1401.05	-3329.72	-0.0225935	0.286725	0.306277	-0.0195527	0.264131	0	-2.62402	0	0	0	0.103374	0.0787205	0.0246535	0.103374
1.76738	233.246	-921.056	-3083.12	-0.0150236	-0.0470771	-0.0231478	-0.0239292	-0.0621007	0	-1.762	0	0	0	0.0916995	0.0528599	0.0388396	0.0916995
0.405284	242.92	-441.062	-1852.5	-0.00727599	-0.0529275	-0.0242515	-0.0286761	-0.0602035	0	-1.51829	0	0	0	0.0947782	0.0455486	0.0492296	0.0947782
0	234.436	0	-3012.49	0	-0.0570098	-0.0234436	-0.0335662	-0.0570098	0	-1.12772	0	0	0	0.0914046	0.0338315	0.0575731	0.0914046
0	235.657	0	-1836.94	0	-0.0618328	-0.0235657	-0.0382671	-0.0618328	0	-0.646687	0	0	0	0.0831174	0.0194006	0.0637168	0.0831174
0	233.185	0	-2895.18	0	-0.0662746	-0.0233185	-0.0429562	-0.0662746	0	-0.0964827	0	0	0	0.069556	0.00289448	0.0666615	0.069556
0	229.553	0	-2364.86	0	-0.0705642	-0.0229553	-0.0476089	-0.0705642	0	0.132326	0	0	0	0.0628843	-0.00396977	0.0668541	0.0628843
0	228.394	0	-3002.92	0	-0.0750393	-0.0228394	-0.0521999	-0.0750393	0	0.601649	0	0	0	0.0474615	-0.0180495	0.065511	0.0474615
0	224.731	0	-2842.5	0	-0.0792162	-0.0224731	-0.0567431	-0.0792162	0	1.01138	0	0	0	0.0307967	-0.0303413	0.061138	0.0307967
0	221.069	0	-2204.45	0	-0.0810973	-0.0221069	-0.0589904	-0.0810973	0	1.11141	0	0	0	0.0247615	-0.0333424	0.0581039	0.0247615
0	196.747	0	-1480.2	0	-0.0851397	-0.0196747	-0.065465	-0.0851397	0	1.36257	0	0	0	0.00651211	-0.0408771	0.0473892	0.00651211
0	182.19	0	-1678.92	0	-0.0875469	-0.018219	-0.0693279	-0.0875469	0	1.65736	0	0	0	-0.0108997	-0.0497208	0.0388211	-0.0108997
0	167.633	0	-3012.49	0	-0.0896743	-0.0167633	-0.072911	-0.0896743	0	1.95534	0	0	0	-0.0302335	-0.0586603	0.0284268	-0.0302335
0	162.811	0	-3694.84	0	-0.0925204	-0.0162811	-0.0762392	-0.0925204	0	2.16925	0	0	0	-0.048849	-0.0650776	0.0162286	-0.048849
0	155.487	0	-1982.99	0	-0.0950072	-0.0155487	-0.0794585	-0.0950072	0	1.81699	0	0	0	-0.050853	-0.0545098	0.00365684	-0.050853
0	137.268	0	-1883.63	0	-0.0961855	-0.0137268	-0.0824587	-0.0961855	0	1.56371	0	0	0	-0.0537669	-0.0469113	-0.00685562	-0.0537669
0	112.976	0	-1662.16	0	-0.0964532	-0.0112976	-0.0851556	-0.0964532	0	1.37641	0	0	0	-0.057214	-0.0412921	-0.0159218	-0.057214
0	95.9473	0	-1434.71	0	-0.0969366	-0.00959473	-0.0873418	-0.0969366	0	1.37321	0	0	0	-0.0653191	-0.0411964	-0.0241228	-0.0653191
0	81.3599	0	-2224.8	0	-0.0973122	-0.00813599	-0.0891762	-0.0973122	0	1.28488	0	0	0	-0.0709468	-0.0385464	-0.0324003	-0.0709468
0	75.3174	0	-3218.39	0	-0.0982992	-0.00753174	-0.0907674	-0.0982992	0	0.809173	0	0	0	-0.0637942	-0.0242752	-0.039519	-0.0637942
0	64.3921	0	-2257.12	0	-0.0986645	-0.00643921	-0.0922253	-0.0986645	0	0.410089	0	0	0	-0.0559264	-0.0123027	-0.0436238	-0.0559264
0	53.4363	0	-1950.66	0	-0.0988201	-0.00534363	-0.0934765	-0.0988201	0	0.324951	0	0	0	-0.0556859	-0.00974852	-0.0459374	-0.0556859
0	40.0696	0	-1064.81	0	-0.0984917	-0.00400696	-0.0944848	-0.0984917	0	0.215335	0	0	0	-0.0541652	-0.00646006	-0.0477051	-0.0541652
0	23.1018	0	-1486.19	0	-0.0975115	-0.00231018	-0.0952013	-0.0975115	0	0.217464	0	0	0	-0.0555051	-0.00652391	-0.0489812	-0.0555051
0	14.5874	0	-2823.35	0	-0.097073	-0.00145874	-0.0956142	-0.097073	0	0.0993348	0	0	0	-0.0531958	-0.00298004	-0.0502157	-0.0531958
0	13.3667	0	-2610.27	0	-0.0972546	-0.00133667	-0.0959179	-0.0972546	0	-0.212483	0	0	0	-0.0440318	0.0063745	-0.0504063	-0.0440318
0	7.2937	0	-1724.41	0	-0.0969024	-0.00072937	-0.096173	-0.0969024	0	-0.378502	0	0	0	-0.0373517	0.0113551	-0.0487067	-0.0373517
0	3.63159	0	-1587.94	0	-0.096682	-0.000363159	-0.0963189	-0.096682	0	-0.280594	0	0	0	-0.0381392	0.00841781	-0.0465571	-0.0381392
0	-3.63159	0	-1293.46	0	-0.0960042	0.000363159	-0.0963674	-0.0960042	0	-0.174171	0	0	0	-0.0398527	0.00522513	-0.0450778	-0.0398527
0	4622.01	0	-1842.92	0	-0.558471	-0.462201	-0.0962704	-0.558471	0	-0.27208	0	0	0	-0.0358034	0.00816239	-0.0439657	-0.0358034
0	-30.365	0	-2853.28	0	-0.0930636	0.0030365	-0.0961001	-0.0930636	0	-0.36786	0	0	0	-0.0310804	0.0110358	-0.0421162	-0.0310804
0	-48.584	0	-2442.67	0	-0.0904885	0.0048584	-0.0953469	-0.0904885	0	-0.298685	0	0	0	-0.0308686	0.00896056	-0.0398292	-0.0308686
0	-38.8489	0	-858.908	0	-0.0905266	0.00388489	-0.0944115	-0.0905266	0	-0.351897	0	0	0	-0.0276047	0.0105569	-0.0381616	-0.0276047
0	-43.7622	0	-730.818	0	-0.0892702	0.00437622	-0.0936465	-0.0892702	0	-0.707348	0	0	0	-0.0141529	0.0212204	-0.0353734	-0.0141529
0	-48.584	0	-2767.09	0	-0.0879012	0.0048584	-0.0927596	-0.0879012	0	-0.669036	0	0	0	-0.0110071	0.0200711	-0.0310782	-0.0110071
0	-46.1731	0	-2251.14	0	-0.0871947	0.00461731	-0.091812	-0.0871947	0	-0.60199	0	0	0	-0.00910326	0.0180597	-0.0271629	-0.00910326
0	4485.96	0	-1967.42	0	-0.539497	-0.448596	-0.0909011	-0.539497	0	-0.459383	0	0	0	-0.00997065	0.0137815	-0.0237522	-0.00997065
0	4475.04	0	-1508.93	0	-0.53753	-0.447504	-0.0900265	-0.53753	0	-0.338062	0	0	0	-0.0110009	0.0101419	-0.0211427	-0.0110009
0	-92.3767	0	-906.792	0	-0.0793316	0.00923767	-0.0885692	-0.0793316	0	-0.205034	0	0	0	-0.0129793	0.00615101	-0.0191303	-0.0129793
0	-4686.4	0	-2082.34	0	0.336195	0.46864	-0.132445	0.336195	0	0.0567658	0	0	0	-0.0201426	-0.00170297	-0.0184397	-0.0201426
0	-132.446	0	-2668.92	0	-0.0711458	0.0132446	-0.0843905	-0.0711458	0	0.288767	0	0	0	-0.0274912	-0.00866301	-0.0188282	-0.0274912
0	-114.197	0	-2097.91	0	-0.070371	0.0114197	-0.0817907	-0.070371	0	0.51119	0	0	0	-0.0365925	-0.0153357	-0.0212568	-0.0365925
0	-97.1375	0	425.581	0	-0.0699148	0.00971374	-0.0796285	-0.0699148	0	-0.201841	0	0	0	-0.0174035	0.00605523	-0.0234587	-0.0174035
0	-86.2427	0	-777.505	0	-0.0691094	0.00862427	-0.0777337	-0.0691094	0	-0.346576	0	0	0	-0.0114992	0.0103973	-0.0218964	-0.0114992
0	-75.3174	0	-527.311	0	-0.0685256	0.00753174	-0.0760573	-0.0685256	0	-0.706284	0	0	0	0.00176103	0.0211885	-0.0194275	0.00176103
0	-63.1409	0	-848.134	0	-0.0682976	0.00631409	-0.0746117	-0.0682976	0	-1.16603	0	0	0	0.0205286	0.0349809	-0.0144523	0.0205286
0	-53.4668	0	-332.184	0	-0.0680505	0.00534668	-0.0733971	-0.0680505	0	-1.07663	0	0	0	0.0250696	0.032299	-0.00722942	0.0250696
0	-44.9829	0	-1335.35	0	-0.0678664	0.00449829	-0.0723647	-0.0678664	0	-0.529622	0	0	0	0.0142123	0.0158887	-0.00167633	0.0142123
0	-43.7317	0	-996.575	0	-0.0675417	0.00437317	-0.0719149	-0.0675417	0	-0.379567	0	0	0	0.0112995	0.011387	-8.7463e-05	0.0112995
0	-33.9661	0	595.57	0	-0.0673037	0.00339661	-0.0707003	-0.0673037	0	-0.290172	0	0	0	0.0113474	0.00870515	0.00264221	0.0113474
0	-29.1443	0	-527.311	0	-0.06713	0.00291443	-0.0700445	-0.06713	0	-0.32742	0	0	0	0.0143495	0.00982259	0.00452691	0.0143495
0	-26.7029	0	-281.905	0	-0.0668151	0.00267029	-0.0694854	-0.0668151	0	-0.271016	0	0	0	0.0145038	0.00813047	0.0063733	0.0145038
0	-23.0713	0	-425.557	0	-0.0666683	0.00230713	-0.0689754	-0.0666683	0	-0.259309	0	0	0	0.0157819	0.00777927	0.00800259	0.0157819
