0	0	0	14.7483	0	0	0	0	0	0	-0.00013835	0	0	0	5.534e-06	5.534e-06	0	5.534e-06
0	0	0	-9.19374	0	0	0	0	0	0.0150796	0.0200819	15.0796	0	0.00766549	-0.000187951	-0.000200091	1.21398e-05	0.00747753
0	0	0	115.305	0	0	0	0	0	0.0603186	0.0509445	30.1593	0	0.0155823	0.00037852	0.000374965	3.55537e-06	0.0159608
0	-2.42949	0	-449.727	0	0.000740995	0.000728846	1.21498e-05	0.000740995	0.135717	0.260597	45.2389	0	0.0237504	-0.00494855	-0.0049952	4.66514e-05	0.0188019
0	0	0	-1263.76	0	4.85897e-05	0	4.85897e-05	4.85897e-05	0.241274	0.464928	60.3186	0	0.0321699	-0.0101307	-0.00894615	-0.00118456	0.0220392
0	0	0	144.035	0	9.71794e-05	0	9.71794e-05	9.71794e-05	0.376991	0.308487	75.3982	0	0.0408407	0.000760339	0.00274017	-0.00197983	0.041601
0	-3.64399	0	167.977	0	0.00120253	0.0010932	0.000109334	0.00120253	0.542867	0.258468	90.4779	0	0.0497628	0.0101245	0.011376	-0.00125148	0.0598873
0	-2.42949	0	-258.191	0	0.000886765	0.000728846	0.000157919	0.000886765	0.738903	0.244633	105.558	0	0.0589363	0.020502	0.0197708	0.00073127	0.0794383
0	-3.64399	0	-52.2894	0	0.00128756	0.0010932	0.000194359	0.00128756	0.965097	0.237184	120.637	0	0.0683611	0.0331701	0.0291165	0.0040536	0.101531
0	-2.42949	0	177.554	0	0.000971789	0.000728846	0.000242944	0.000971789	1.22145	0.242505	135.717	0	0.0780372	0.0479681	0.0391579	0.00881027	0.126005
0	-3.64399	0	268.534	0	0.00137259	0.0010932	0.000279393	0.00137259	1.50796	0.271239	150.796	0	0.0879646	0.0645267	0.049469	0.0150577	0.152491
0	-2.42901	0	196.708	0	0.00105668	0.000728703	0.000327978	0.00105668	1.80956	0.305294	150.796	0	0.0904779	0.0830435	0.0601705	0.022873	0.173521
0	-1.21498	0	201.496	0	0.000728908	0.000364494	0.000364413	0.000728908	2.11115	0.342542	150.796	0	0.0929911	0.103041	0.0707443	0.0322967	0.196032
0	-4.85849	0	-157.634	0	0.00185841	0.00145755	0.000400863	0.00185841	2.41274	0.451093	150.796	0	0.0955044	0.121763	0.078466	0.0432969	0.217267
0	6.07395	0	-722.666	0	-0.001312	-0.00182219	0.000510182	-0.001312	2.71434	1.34185	150.796	0	0.0980177	0.109384	0.0548995	0.0544847	0.207402
0	1.21403	0	1532.67	0	6.09444e-05	-0.000364208	0.000425153	6.09444e-05	3.01593	2.07297	150.796	0	0.100531	0.0995813	0.0377183	0.061863	0.200112
0	-0.000476837	0	-210.307	0	0.000401001	1.43051e-07	0.000400858	0.000401001	3.31752	2.67107	150.796	0	0.103044	0.0929534	0.0258582	0.0670952	0.195998
0	-0.000476837	0	-397.054	0	0.000376706	1.43051e-07	0.000376563	0.000376706	3.61911	3.12868	150.796	0	0.105558	0.0903092	0.0196172	0.070692	0.195867
0	2.42949	0	388.244	0	-0.000352278	-0.000728846	0.000376568	-0.000352278	3.76991	3.37984	150.796	0	0.106814	0.0877661	0.0156028	0.0721633	0.19458
0	1.2145	0	81.7859	0	-2.42281e-05	-0.000364351	0.000340123	-2.42281e-05	4.0715	3.91089	150.796	0	0.109327	0.0805569	0.00642455	0.0741324	0.189884
0	2.42901	0	670.76	0	-0.000437164	-0.000728703	0.000291538	-0.000437164	4.3731	4.30359	150.796	0	0.111841	0.0776423	0.00278027	0.074862	0.189483
0	3.64351	0	436.128	0	-0.000837965	-0.00109305	0.000255089	-0.000837965	4.67469	4.55155	150.796	0	0.114354	0.0803024	0.00492538	0.0753771	0.194656
0	3.64447	0	-61.8662	0	-0.000886836	-0.00109334	0.000206504	-0.000886836	4.97628	4.9251	150.796	0	0.116867	0.078108	0.00204737	0.0760606	0.194975
0	2.42949	0	-382.689	0	-0.000583077	-0.000728846	0.000145769	-0.000583077	5.27787	5.42422	150.796	0	0.11938	0.0702224	-0.00585382	0.0760762	0.189603
0	-31.5828	0	5.17147	0	0.00955988	0.00947485	8.50296e-05	0.00955988	5.57946	5.85736	150.796	0	0.121894	0.063858	-0.0111157	0.0749737	0.185752
0	2.42949	0	-13.9821	0	-0.000728846	-0.000728846	-1.90397e-11	-0.000728846	5.88106	6.24793	150.796	0	0.124407	0.0584454	-0.0146748	0.0731202	0.182852
0	3.64303	0	1001.16	0	-0.0011658	-0.00109291	-7.28893e-05	-0.0011658	6.18265	6.49164	150.796	0	0.12692	0.058699	-0.0123595	0.0710585	0.185619
0	4.85849	0	-291.71	0	-0.00161546	-0.00145755	-0.000157914	-0.00161546	6.48424	6.74279	150.796	0	0.129434	0.0589095	-0.010342	0.0692515	0.188343
0	6.07252	0	-511.976	0	-0.002089	-0.00182176	-0.000267243	-0.002089	6.78583	7.04078	150.796	0	0.131947	0.0575973	-0.0101977	0.067795	0.189544
0	6.073	0	325.995	0	-0.00221061	-0.0018219	-0.000388708	-0.00221061	7.08743	7.55373	150.796	0	0.13446	0.04736	-0.0186522	0.0660121	0.18182
0	7.28846	0	14.7483	0	-0.00269671	-0.00218654	-0.000510178	-0.00269671	7.38902	7.78893	150.796	0	0.136973	0.0470926	-0.0159963	0.0630888	0.184066
0	8.50296	0	144.035	0	-0.00319469	-0.00255089	-0.000643806	-0.00319469	7.69061	7.87619	150.796	0	0.139487	0.0538079	-0.00742323	0.0612312	0.193295
0	-48.5887	0	-114.539	0	0.0137871	0.0145766	-0.000789571	0.0137871	7.9922	8.39128	150.796	0	0.142	0.0438409	-0.015963	0.0598038	0.185841
0	-52.2332	0	488.8	0	0.0147103	0.01567	-0.00095963	0.0147103	8.2938	8.67862	150.796	0	0.144513	0.0419102	-0.0153928	0.0573031	0.186423
0	8.50344	0	-473.669	0	-0.00366858	-0.00255103	-0.00111754	-0.00366858	8.59539	8.89678	150.796	0	0.147026	0.0430268	-0.0120557	0.0550826	0.190053
0	10.9315	0	531.896	0	-0.00457921	-0.00327945	-0.00129976	-0.00457921	8.89699	9.27565	150.796	0	0.14954	0.0381139	-0.0151466	0.0532605	0.187654
0	9.71794	0	-1048.28	0	-0.00442164	-0.00291538	-0.00150626	-0.00442164	9.19858	9.55022	150.796	0	0.152053	0.0368548	-0.0140656	0.0509205	0.188908
0	9.71747	0	-239.037	0	-0.00461586	-0.00291524	-0.00170062	-0.00461586	9.50017	9.80563	150.796	0	0.154566	0.0367476	-0.0122184	0.0489661	0.191314
0	9.71794	0	503.165	0	-0.00482249	-0.00291538	-0.00190711	-0.00482249	9.80177	9.96633	150.796	0	0.15708	0.0406583	-0.00658264	0.0472409	0.197738
0	9.71746	0	-799.28	0	-0.00500456	-0.00291524	-0.00208932	-0.00500456	10.1034	10.2398	150.796	0	0.159593	0.0409562	-0.00545914	0.0464154	0.200549
0	10.9315	0	-176.788	0	-0.00556313	-0.00327945	-0.00228368	-0.00556313	10.405	10.491	150.796	0	0.162106	0.0421857	-0.0034417	0.0456274	0.204292
0	-65.5947	0	91.3627	0	0.0171882	0.0196784	-0.00249018	0.0171882	10.7065	10.8145	150.796	0	0.164619	0.0408041	-0.00431889	0.045123	0.205424
0	10.932	0	-229.46	0	-0.00598841	-0.00327959	-0.00270883	-0.00598841	11.0081	11.3158	150.796	0	0.167133	0.0317795	-0.0123051	0.0440847	0.198912
0	12.1479	0	158.4	0	-0.00657184	-0.00364437	-0.00292747	-0.00657184	11.3097	11.3094	150.796	0	0.169646	0.0425999	1.39999e-05	0.0425859	0.212246
0	12.1474	0	-1503.18	0	-0.00688753	-0.00364423	-0.0032433	-0.00688753	11.7621	11.9511	150.796	0	0.173416	0.0347808	-0.00755955	0.0423404	0.208197
0	10.9334	0	96.1511	0	-0.00675412	-0.00328002	-0.0034741	-0.00675412	12.0637	12.396	150.796	0	0.175929	0.0276477	-0.0132896	0.0409373	0.203577
0	10.932	0	105.728	0	-0.00697235	-0.00327959	-0.00369276	-0.00697235	12.3653	12.7855	150.796	0	0.178442	0.0219931	-0.0168061	0.0387992	0.200436
0	9.71699	0	-535.918	0	-0.0068265	-0.0029151	-0.0039114	-0.0068265	12.6669	12.9323	150.796	0	0.180956	0.0257274	-0.0106169	0.0363443	0.206683
0	12.1469	0	780.893	0	-0.00776199	-0.00364409	-0.0041179	-0.00776199	12.9685	12.8483	150.796	0	0.183469	0.0401959	0.00480976	0.0353862	0.223665
0	110.539	0	-1033.91	0	-0.0364902	-0.0331618	-0.00332834	-0.0364902	13.2701	13.606	150.796	0	0.185982	0.0223646	-0.0134356	0.0358002	0.208347
0	9.71699	0	-564.649	0	-0.00745815	-0.0029151	-0.00454305	-0.00745815	13.5717	14.2062	150.796	0	0.188496	0.00746125	-0.0253808	0.032842	0.195957
0	9.71794	0	311.629	0	-0.00766493	-0.00291538	-0.00474955	-0.00766493	13.8733	13.7848	150.796	0	0.191009	0.0337811	0.00354031	0.0302408	0.22479
0	7.28893	0	-1077.01	0	-0.00711844	-0.00218668	-0.00493176	-0.00711844	14.1749	14.0508	150.796	0	0.193522	0.0358667	0.00496178	0.0309049	0.229389
0	8.50487	0	-564.649	0	-0.00764113	-0.00255146	-0.00508967	-0.00764113	14.4765	14.3339	150.796	0	0.196035	0.0374621	0.00570213	0.03176	0.233498
0	6.07395	0	1350.71	0	-0.00706977	-0.00182219	-0.00524759	-0.00706977	14.7781	14.9299	150.796	0	0.198549	0.0260755	-0.00607269	0.0321482	0.224624
0	4.85706	0	-861.53	0	-0.00682619	-0.00145712	-0.00536907	-0.00682619	15.0797	15.2023	150.796	0	0.201062	0.0261923	-0.00490673	0.031099	0.227254
0	123.9	0	-842.376	0	-0.0414581	-0.0371701	-0.00428797	-0.0414581	15.3812	15.6759	150.796	0	0.203575	0.0185727	-0.0117862	0.0303589	0.222148
0	6.07491	0	-47.501	0	-0.00739803	-0.00182247	-0.00557556	-0.00739803	15.6828	16.0792	150.796	0	0.206089	0.0122423	-0.015856	0.0280983	0.218331
0	125.115	0	1374.65	0	-0.0419805	-0.0375346	-0.00444588	-0.0419805	15.9844	16.1857	150.796	0	0.208602	0.0180146	-0.00804916	0.0260637	0.226616
0	128.759	0	-2542.26	0	-0.0430737	-0.0386278	-0.00444588	-0.0430737	16.286	16.4762	150.796	0	0.211115	0.0173986	-0.00760681	0.0250055	0.228514
0	128.761	0	-171.999	0	-0.0431107	-0.0386284	-0.00448231	-0.0431107	16.5876	16.9913	150.796	0	0.213628	0.00740731	-0.0161465	0.0235538	0.221036
0	132.404	0	742.586	0	-0.0441793	-0.0397213	-0.00445803	-0.0441793	16.8892	17.2925	150.796	0	0.216142	0.00503938	-0.0161298	0.0211691	0.221181
0	131.189	0	124.882	0	-0.0438391	-0.0393568	-0.00448232	-0.0438391	17.1908	17.4712	150.796	0	0.218655	0.0076365	-0.0112176	0.0188541	0.226291
0	133.617	0	-880.683	0	-0.0445068	-0.0400852	-0.00442159	-0.0445068	17.4886	17.6532	143.256	0	0.217367	0.0108834	-0.00658394	0.0174674	0.22825
0	134.834	0	354.725	0	-0.0448233	-0.0404503	-0.00437299	-0.0448233	17.7601	18.0885	128.176	0	0.212089	0.00318621	-0.0131374	0.0163236	0.215275
0	134.833	0	-808.857	0	-0.0447501	-0.04045	-0.00430011	-0.0447501	18.0013	18.2268	113.097	0	0.206559	0.00538007	-0.00902046	0.0144005	0.21194
0	136.049	0	-310.863	0	-0.0450177	-0.0408148	-0.00420294	-0.0450177	18.2125	18.2981	98.017	0	0.200779	0.00993471	-0.00342796	0.0133627	0.210714
0	137.264	0	-291.71	0	-0.0452364	-0.0411793	-0.00405715	-0.0452364	18.3934	18.9058	82.9373	0	0.194747	-0.00822428	-0.0204967	0.0122724	0.186523
0	133.619	0	1278.89	0	-0.0440093	-0.0400858	-0.00392354	-0.0440093	18.5442	18.7856	67.8576	0	0.188464	-0.000353167	-0.00965446	0.0093013	0.188111
0	138.477	0	-741.819	0	-0.0452481	-0.0415432	-0.00370492	-0.0452481	18.6648	18.71	52.778	0	0.181929	0.00667599	-0.00180679	0.00848278	0.188605
0	136.049	0	239.803	0	-0.0443375	-0.0408148	-0.0035227	-0.0443375	18.7553	19.3155	37.6983	0	0.175143	-0.0150117	-0.0224095	0.0073978	0.160132
0	137.264	0	-406.631	0	-0.0444712	-0.0411793	-0.00329189	-0.0444712	18.8156	19.1091	22.6186	0	0.168106	-0.00753635	-0.0117384	0.00420201	0.16057
0	136.049	0	579.78	0	-0.0439123	-0.0408148	-0.00309755	-0.0439123	18.8458	18.7739	7.53894	0	0.160818	0.00595607	0.0028772	0.00307887	0.166774
0	133.619	0	642.029	0	-0.042989	-0.0400858	-0.00290319	-0.042989	18.8496	18.6195	0	0	0.15708	0.0130638	0.00920044	0.00386337	0.170143
0	134.834	0	-569.437	0	-0.0431105	-0.0404503	-0.00266022	-0.0431105	18.8496	18.6142	0	0	0.15708	0.0147429	0.0094133	0.00532963	0.171823
0	134.832	0	-406.631	0	-0.0429035	-0.0404497	-0.00245375	-0.0429035	18.8496	18.8909	0	0	0.15708	0.00483474	-0.00165466	0.0064894	0.161914
0	136.047	0	1475.21	0	-0.0430615	-0.0408142	-0.00224724	-0.0430615	18.8496	18.9537	0	0	0.15708	0.00172702	-0.00416618	0.0058932	0.158807
0	134.834	0	-33.1358	0	-0.042491	-0.0404503	-0.00204072	-0.042491	18.8496	18.9548	0	0	0.15708	0.00107859	-0.00420883	0.00528742	0.158158
0	136.047	0	62.6323	0	-0.0426485	-0.0408142	-0.00183425	-0.0426485	18.8496	19.0697	0	0	0.15708	-0.00413097	-0.00880623	0.00467526	0.152949
0	134.834	0	1111.29	0	-0.0421023	-0.0404503	-0.00165202	-0.0421023	18.8496	19.0335	0	0	0.15708	-0.00424087	-0.00735893	0.00311807	0.152839
0	133.621	0	388.244	0	-0.0415683	-0.0400864	-0.00148196	-0.0415683	18.8496	18.9239	0	0	0.15708	-0.000663172	-0.00297432	0.00231115	0.156416
0	137.262	0	-909.414	0	-0.0424663	-0.0411787	-0.00128762	-0.0424663	18.8496	18.9026	0	0	0.15708	-0.000283493	-0.00212296	0.00183946	0.156796
0	136.047	0	316.418	0	-0.0419925	-0.0408142	-0.00117827	-0.0419925	18.8496	19.2123	0	0	0.15708	-0.0133822	-0.0145105	0.00112832	0.143697
0	137.264	0	402.609	0	-0.0422239	-0.0411793	-0.00104464	-0.0422239	18.8496	18.9101	0	0	0.15708	-0.00314349	-0.00242088	-0.000722607	0.153936
0	136.049	0	-119.327	0	-0.041738	-0.0408148	-0.000923201	-0.041738	18.8496	18.8313	0	0	0.15708	-0.000136228	0.000729217	-0.000865446	0.156943
0	136.049	0	0.383067	0	-0.0416165	-0.0408148	-0.000801722	-0.0416165	18.8496	18.875	0	0	0.15708	-0.00177853	-0.00101608	-0.000762449	0.155301
0	132.404	0	-918.99	0	-0.0404137	-0.0397213	-0.000692393	-0.0404137	18.8496	18.9824	0	0	0.15708	-0.00638056	-0.00531563	-0.00106493	0.150699
0	0	0	1460.85	0	-0.00187066	0	-0.00187066	-0.00187066	18.8496	19.0208	0	0	0.15708	-0.00881569	-0.00684807	-0.00196763	0.148264
0	0	0	-406.631	0	-0.00173705	0	-0.00173705	-0.00173705	18.8496	19.0218	0	0	0.15708	-0.0100036	-0.00689064	-0.00311297	0.147076
0	0	0	507.954	0	-0.00161557	0	-0.00161557	-0.00161557	18.8496	18.9346	0	0	0.15708	-0.00731665	-0.00339996	-0.00391669	0.149763
0	0	0	-258.191	0	-0.00149411	0	-0.00149411	-0.00149411	18.8496	18.9441	0	0	0.15708	-0.00825457	-0.00378319	-0.00447138	0.148825
0	136.049	0	316.418	0	-0.0408148	-0.0408148	1.2886e-08	-0.0408148	18.8496	18.9367	0	0	0.15708	-0.00849204	-0.00348511	-0.00500693	0.148588
0	136.047	0	632.452	0	-0.0406927	-0.0408142	0.000121473	-0.0406927	18.8496	18.7653	0	0	0.15708	-0.00208143	0.00336845	-0.00544988	0.154998
0	134.834	0	1446.48	0	-0.0402073	-0.0404503	0.000242952	-0.0402073	18.8496	18.5238	0	0	0.15708	0.00870327	0.0130317	-0.00432842	0.165783
0	133.619	0	-119.327	0	-0.0397214	-0.0400858	0.000364412	-0.0397214	18.8496	18.6132	0	0	0.15708	0.00683637	0.00945587	-0.0026195	0.163916
0	132.404	0	522.319	0	-0.0392111	-0.0397213	0.00051019	-0.0392111	18.8496	18.5387	0	0	0.15708	0.0114006	0.0124357	-0.0010351	0.16848
0	0	0	-66.6546	0	-0.000619514	0	-0.000619514	-0.000619514	18.8496	18.6057	0	0	0.15708	0.0105235	0.00975388	0.000769589	0.167603
0	0	0	-1847.94	0	-0.000352256	0	-0.000352256	-0.000352256	18.8496	19.0048	0	0	0.15708	-0.00455158	-0.00620956	0.00165799	0.152528
0	0	0	86.5743	0	-7.28866e-05	0	-7.28866e-05	-7.28866e-05	18.8496	19.0772	0	0	0.15708	-0.00868425	-0.00910431	0.000420058	0.148395
0	-15.7909	0	1010.74	0	0.00500453	0.00473728	0.000267251	0.00500453	18.8496	19.1314	0	0	0.15708	-0.0122911	-0.0112753	-0.00101582	0.144789
0	-18.219	0	72.2091	0	0.00607307	0.0054657	0.000607369	0.00607307	18.8496	19.0899	0	0	0.15708	-0.0122552	-0.0096151	-0.00264006	0.144824
0	-19.434	0	378.667	0	0.00681413	0.0058302	0.000983937	0.00681413	18.8496	19.1006	0	0	0.15708	-0.0141486	-0.0100407	-0.00410787	0.142931
0	-18.2228	0	1049.04	0	0.00681518	0.00546685	0.00134834	0.00681518	18.8496	18.9314	0	0	0.15708	-0.00880968	-0.00327232	-0.00553735	0.14827
0	-18.219	0	1638.02	0	0.00720275	0.0054657	0.00173705	0.00720275	18.8496	18.5908	0	0	0.15708	0.0049888	0.0103497	-0.00536093	0.162068
0	-19.4359	0	311.629	0	0.00794439	0.00583077	0.00211362	0.00794439	18.8496	18.6195	0	0	0.15708	0.00536963	0.00920044	-0.00383081	0.162449
0	-18.2209	0	819.2	0	0.00794431	0.00546627	0.00247804	0.00794431	18.8496	18.5653	0	0	0.15708	0.0089718	0.0113715	-0.00239966	0.166051
0	-19.4359	0	967.641	0	0.00868536	0.00583077	0.00285459	0.00868536	18.8496	18.4727	0	0	0.15708	0.0145087	0.0150749	-0.000566234	0.171588
0	-15.789	0	235.015	0	0.00796789	0.00473671	0.00323118	0.00796789	18.8496	18.445	0	0	0.15708	0.018014	0.0161817	0.00183229	0.175094
0	-15.7929	0	1638.02	0	0.008297	0.00473786	0.00355914	0.008297	18.8496	18.4674	0	0	0.15708	0.0194069	0.0152878	0.00411907	0.176486
0	-14.5779	0	958.064	0	0.00824831	0.00437336	0.00387494	0.00824831	18.8496	18.6302	0	0	0.15708	0.0151742	0.00877472	0.00639948	0.172254
0	-13.361	0	1503.94	0	0.00816267	0.0040083	0.00415437	0.00816267	18.8496	18.7387	0	0	0.15708	0.0117813	0.00443275	0.00734853	0.168861
0	-9.71986	0	2064.19	0	0.00731325	0.00291596	0.00439729	0.00731325	18.8496	18.7026	0	0	0.15708	0.014066	0.00588013	0.00818584	0.171146
0	-4.85992	0	594.145	0	0.00602533	0.00145798	0.00456735	0.00602533	18.8496	18.8696	0	0	0.15708	0.00801553	-0.000803299	0.00881883	0.165095
0	-3.64494	0	1092.14	0	0.00578231	0.00109348	0.00468883	0.00578231	18.8496	19.0112	0	0	0.15708	0.0020227	-0.00646492	0.00848762	0.159102
0	-2.42615	0	191.919	0	0.00550172	0.000727844	0.00477388	0.00550172	18.8496	19.0005	0	0	0.15708	0.00141156	-0.00603928	0.00745083	0.158491
0	0	0	522.319	0	0.00481029	0	0.00481029	0.00481029	18.8496	19.0144	0	0	0.15708	1.22469e-07	-0.00659271	0.00659283	0.15708
0	2.42615	0	1092.14	0	0.00407028	-0.000727844	0.00479812	0.00407028	18.8496	19.1921	0	0	0.15708	-0.00835312	-0.0137016	0.00534851	0.148727
0	3.64304	0	134.458	0	0.0036688	-0.00109291	0.00476171	0.0036688	18.8496	19.1336	0	0	0.15708	-0.00804479	-0.0113604	0.00331561	0.149035
0	4.85611	0	393.032	0	0.00323198	-0.00145683	0.00468881	0.00323198	18.8496	19.1666	0	0	0.15708	-0.0110972	-0.0126801	0.00158281	0.145982
0	9.71794	0	905.391	0	0.00165197	-0.00291538	0.00456735	0.00165197	18.8496	19.0431	0	0	0.15708	-0.00800692	-0.007742	-0.000264918	0.149073
0	7.29179	0	1331.56	0	0.00218547	-0.00218754	0.00437301	0.00218547	18.8496	18.842	0	0	0.15708	-0.000822611	0.000303497	-0.00112611	0.156257
0	10.9329	0	369.09	0	0.000923055	-0.00327988	0.00420293	0.000923055	18.8496	18.7664	0	0	0.15708	0.00246247	0.00332596	-0.000863484	0.159542
0	13.3591	0	67.4207	0	-2.34665e-05	-0.00400772	0.00398425	-2.34665e-05	18.8496	18.5546	0	0	0.15708	0.0115059	0.0117971	-0.000291159	0.168586
0	12.146	0	618.087	0	9.75358e-05	-0.0036438	0.00374133	9.75358e-05	18.8496	18.2918	0	0	0.15708	0.0243361	0.0223117	0.00202436	0.181416
0	12.1479	0	53.0555	0	-0.000133825	-0.00364437	0.00351055	-0.000133825	18.8496	18.2918	0	0	0.15708	0.0277116	0.0223117	0.00539985	0.184791
0	10.9329	0	474.435	0	-3.65698e-05	-0.00327988	0.00324331	-3.65698e-05	18.8496	18.1917	0	0	0.15708	0.0351779	0.0263132	0.00886473	0.192258
0	12.146	0	302.052	0	-0.00064345	-0.0036438	0.00300035	-0.00064345	18.8496	18.1279	0	0	0.15708	0.0418131	0.0288673	0.0129458	0.198893
0	15.789	0	507.954	0	-0.0020036	-0.00473671	0.00273311	-0.0020036	18.8496	18.0502	0	0	0.15708	0.0493624	0.0319748	0.0173876	0.206442
0	12.146	0	1408.17	0	-0.00120221	-0.0036438	0.00244159	-0.00120221	18.8496	18.2864	0	0	0.15708	0.0444594	0.0225246	0.0219348	0.201539
0	13.3591	0	-760.973	0	-0.00179694	-0.00400772	0.00221078	-0.00179694	18.8496	18.8824	0	0	0.15708	0.0229138	-0.00131416	0.024228	0.179993
0	10.9329	0	-344.382	0	-0.00131201	-0.00327988	0.00196786	-0.00131201	18.8496	18.9207	0	0	0.15708	0.0209193	-0.0028466	0.0237659	0.177999
0	10.9329	0	-473.669	0	-0.00153067	-0.00327988	0.0017492	-0.00153067	18.8496	18.9846	0	0	0.15708	0.0180116	-0.0054007	0.0234123	0.175091
0	8.50105	0	1039.47	0	-0.0010076	-0.00255032	0.00154272	-0.0010076	18.8496	18.9888	0	0	0.15708	0.016894	-0.00557098	0.0224649	0.173974
0	6.073	0	570.203	0	-0.000449263	-0.0018219	0.00137264	-0.000449263	18.8496	18.9505	0	0	0.15708	0.0175875	-0.00403854	0.0216261	0.174667
0	7.28798	0	-262.979	0	-0.000923086	-0.00218639	0.00126331	-0.000923086	18.8496	18.9388	0	0	0.15708	0.0176129	-0.00357025	0.0211831	0.174693
0	4.85992	0	14.7483	0	-0.000316111	-0.00145798	0.00114187	-0.000316111	18.8496	18.809	0	0	0.15708	0.0222037	0.00162315	0.0205806	0.179283
0	4.85992	0	3783.22	0	-0.000413309	-0.00145798	0.00104467	-0.000413309	18.8496	18.4557	0	0	0.15708	0.0373878	0.015756	0.0216318	0.194467
0	4.85992	0	-167.211	0	-0.000486208	-0.00145798	0.000971769	-0.000486208	18.8496	18.5493	0	0	0.15708	0.0358136	0.01201	0.0238036	0.192893
0	4.85611	0	-483.246	0	-0.000582262	-0.00145683	0.000874571	-0.000582262	18.8496	18.5121	0	0	0.15708	0.0390922	0.0134999	0.0255923	0.196172
0	1.21307	0	455.281	0	0.000462088	-0.000363922	0.00082601	0.000462088	18.8496	18.4227	0	0	0.15708	0.0436805	0.0170757	0.0266048	0.20076
0	3.63922	0	-61.8662	0	-0.000302225	-0.00109177	0.000789541	-0.000302225	18.8496	18.7079	0	0	0.15708	0.0346099	0.00566719	0.0289427	0.19169
0	3.64685	0	-765.761	0	-0.000377337	-0.00109406	0.000716719	-0.000377337	18.8496	18.8068	0	0	0.15708	0.031086	0.0017083	0.0293777	0.188166
0	2.42996	0	1920.53	0	-0.000109468	-0.000728989	0.00061952	-0.000109468	18.8496	18.7792	0	0	0.15708	0.0327141	0.00281509	0.029899	0.189794
0	2.42615	0	608.51	0	-0.000181223	-0.000727844	0.000546621	-0.000181223	18.8496	18.8015	0	0	0.15708	0.0319997	0.00192116	0.0300786	0.189079
0	1.21689	0	-119.327	0	0.000132956	-0.000365067	0.000498022	0.000132956	18.8496	18.6281	0	0	0.15708	0.0396225	0.00885986	0.0307626	0.196702
0	1.20926	0	-1110.53	0	0.000123076	-0.000362778	0.000485853	0.000123076	18.8496	18.7121	0	0	0.15708	0.0375024	0.00549698	0.0320054	0.194582
0	-1.21689	0	-377.901	0	0.000838827	0.000365067	0.000473761	0.000838827	18.8496	18.594	0	0	0.15708	0.0430904	0.0102221	0.0328683	0.20017
0	-0.0038147	0	479.223	0	0.000474867	1.14441e-06	0.000473722	0.000474867	18.8496	18.3769	0	0	0.15708	0.0537388	0.0189062	0.0348326	0.210818
0	0	0	891.026	0	0.000473761	0	0.000473761	0.000473761	18.8496	18.7696	0	0	0.15708	0.0404197	0.00319817	0.0372216	0.197499
0	-1.20926	0	105.728	0	0.000848669	0.000362778	0.000485891	0.000848669	18.8496	19.0782	0	0	0.15708	0.0279671	-0.00914673	0.0371138	0.185047
0	-1.21689	0	144.035	0	0.000863089	0.000365067	0.000498022	0.000863089	18.8496	19.1187	0	0	0.15708	0.0247762	-0.0107645	0.0355407	0.181856
0	1.21689	0	2504.72	0	0.000132994	-0.000365067	0.00049806	0.000132994	18.8496	19.0133	0	0	0.15708	0.0276186	-0.00655006	0.0341687	0.184698
0	0	0	206.284	0	0.000473761	0	0.000473761	0.000473761	18.8496	19.0974	0	0	0.15708	0.0230304	-0.0099131	0.0329435	0.18011
0	3.64304	0	-655.628	0	-0.00064345	-0.00109291	0.000449461	-0.00064345	18.8496	19.0325	0	0	0.15708	0.0242935	-0.00731628	0.0316098	0.181373
0	2.42615	0	900.603	0	-0.00035132	-0.000727844	0.000376524	-0.00035132	18.8496	19.0037	0	0	0.15708	0.0244316	-0.00616692	0.0305985	0.181511
0	2.42996	0	-310.863	0	-0.000388857	-0.000728989	0.000340132	-0.000388857	18.8496	19.074	0	0	0.15708	0.0205693	-0.00897652	0.0295458	0.177649
0	2.42615	0	-904.625	0	-0.000460611	-0.000727844	0.000267233	-0.000460611	18.8496	19.1431	0	0	0.15708	0.0162578	-0.0117435	0.0280014	0.173337
0	2.42615	0	431.339	0	-0.000509211	-0.000727844	0.000218634	-0.000509211	18.8496	18.9856	0	0	0.15708	0.0210806	-0.00544334	0.026524	0.17816
0	4.85992	0	72.2091	0	-0.0012879	-0.00145798	0.000170073	-0.0012879	18.8496	18.9739	0	0	0.15708	0.0207388	-0.00497505	0.0257139	0.177818
0	3.64304	0	613.299	0	-0.00102004	-0.00109291	7.28741e-05	-0.00102004	18.8496	19.1197	0	0	0.15708	0.0141415	-0.010807	0.0249485	0.171221
0	3.64304	0	780.893	0	-0.00110507	-0.00109291	-1.21555e-05	-0.00110507	18.8496	19.373	0	0	0.15708	0.00171535	-0.0209384	0.0226538	0.158795
0	3.64685	0	-186.365	0	-0.0011912	-0.00109406	-9.71469e-05	-0.0011912	18.8496	19.1878	0	0	0.15708	0.00639664	-0.0135314	0.0199281	0.163476
0	2.42996	0	105.728	0	-0.000899073	-0.000728989	-0.000170084	-0.000899073	18.8496	19.1431	0	0	0.15708	0.00609733	-0.0117435	0.0178409	0.163177
0	1.21307	0	948.487	0	-0.000570436	-0.000363922	-0.000206514	-0.000570436	18.8496	18.7185	0	0	0.15708	0.0219467	0.00524155	0.0167051	0.179026
0	1.21307	0	-1512.75	0	-0.000594736	-0.000363922	-0.000230814	-0.000594736	18.8496	18.4482	0	0	0.15708	0.0340849	0.016054	0.0180309	0.191165
0	0.0038147	0	302.052	0	-0.00023192	-1.14441e-06	-0.000230776	-0.00023192	18.8496	18.5589	0	0	0.15708	0.031951	0.0116269	0.0203241	0.189031
0	0.0038147	0	220.65	0	-0.000244051	-1.14441e-06	-0.000242907	-0.000244051	18.8496	18.8569	0	0	0.15708	0.0216064	-0.000292511	0.0218989	0.178686
0	0.0038147	0	81.7859	0	-0.00025622	-1.14441e-06	-0.000255075	-0.00025622	18.8496	19.3783	0	0	0.15708	-0.000346722	-0.0211514	0.0208046	0.156733
0	-0.0038147	0	1163.97	0	-0.000253969	1.14441e-06	-0.000255114	-0.000253969	18.8391	19.3177	-12.5607	0	0.150712	-0.00143664	-0.0191434	0.0177067	0.149275
0	0	0	-282.133	0	-0.000242945	0	-0.000242945	-0.000242945	18.7989	19.323	-27.6402	0	0.142837	-0.00615562	-0.0209642	0.0148086	0.136682
0	-1.21307	0	546.261	0	0.000145277	0.000363922	-0.000218645	0.000145277	18.7285	19.3358	-42.7196	0	0.134711	-0.0127643	-0.0242893	0.011525	0.121947
0	-3.64304	0	105.728	0	0.000922865	0.00109291	-0.000170046	0.000922865	18.628	19.3198	-57.7991	0	0.126334	-0.019923	-0.0276716	0.00774854	0.106411
0	-3.64304	0	-392.266	0	0.000995764	0.00109291	-9.71469e-05	0.000995764	18.4973	19.0931	-72.8785	0	0.117705	-0.0197382	-0.0238313	0.00409315	0.0979671
0	-4.85992	0	694.702	0	0.00143369	0.00145798	-2.42862e-05	0.00143369	18.3365	18.1875	-87.958	0	0.108825	0.00787815	0.00596138	0.00191677	0.116703
0	-3.64685	0	474.435	0	0.00116693	0.00109406	7.28741e-05	0.00116693	18.1455	18.1524	-103.037	0	0.0996939	0.00248258	-0.000273514	0.00275609	0.102176
0	-3.63922	0	1848.71	0	0.00124971	0.00109177	0.000157942	0.00124971	17.9244	18.0661	-118.117	0	0.0903112	-0.00316188	-0.00567146	0.00250959	0.0871494
0	-3.64304	0	953.275	0	0.00133585	0.00109291	0.000242933	0.00133585	17.6731	17.8725	-133.196	0	0.0806773	-0.00649791	-0.0079763	0.00147839	0.0741794
0	-3.64686	0	33.9019	0	0.00140985	0.00109406	0.000315794	0.00140985	17.3916	17.4212	-148.276	0	0.070792	-0.000778415	-0.00118584	0.000407422	0.0700135
0	-4.85611	0	589.357	0	0.00184556	0.00145683	0.000388731	0.00184556	17.0904	17.0541	-150.796	0	0.0670219	0.00187393	0.00145378	0.000420153	0.0688958
0	-2.42996	0	-124.115	0	0.00120275	0.000728989	0.000473761	0.00120275	16.7888	16.9264	-150.796	0	0.0645087	-0.00509535	-0.00550148	0.000406135	0.0594133
0	-1.21689	0	1628.44	0	0.00087522	0.000365067	0.000510153	0.00087522	16.4872	16.689	-150.796	0	0.0619954	-0.00878724	-0.0080722	-0.000715032	0.0532082
0	-2.42996	0	201.496	0	0.00129991	0.000728989	0.000570921	0.00129991	16.1856	16.2591	-150.796	0	0.0594822	-0.00451154	-0.00293785	-0.00157369	0.0549706
0	-1.21307	0	-1498.39	0	0.000995573	0.000363922	0.000631651	0.000995573	15.8841	16.0686	-150.796	0	0.0569689	-0.00973017	-0.00738155	-0.00234862	0.0472388
0	-1.21689	0	3084.11	0	0.00103315	0.000365067	0.000668082	0.00103315	15.5825	15.6248	-150.796	0	0.0544557	-0.00453891	-0.00169384	-0.00284507	0.0499168
0	0	0	795.258	0	0.000668082	0	0.000668082	0.000668082	15.2809	15.6408	-150.796	0	0.0519425	-0.018104	-0.014396	-0.00370798	0.0338385
0	1.21689	0	-104.962	0	0.000290923	-0.000365067	0.000655989	0.000290923	14.9793	15.2736	-150.796	0	0.0494292	-0.0176045	-0.0117732	-0.00583128	0.0318248
0	3.64685	0	-555.072	0	-0.000486704	-0.00109406	0.000607352	-0.000486704	14.6777	14.8469	-150.796	0	0.046916	-0.0140883	-0.00676662	-0.00732171	0.0328276
0	6.073	0	2260.51	0	-0.00129954	-0.0018219	0.00052236	-0.00129954	14.3761	14.75	-150.796	0	0.0444027	-0.0235443	-0.0149563	-0.00858795	0.0208585
0	6.06918	0	349.937	0	-0.00139563	-0.00182076	0.000425124	-0.00139563	14.0745	14.3733	-150.796	0	0.0418895	-0.0228831	-0.0119505	-0.0109326	0.0190064
0	7.28607	0	-861.53	0	-0.00188216	-0.00218582	0.000303664	-0.00188216	13.7729	14.021	-150.796	0	0.0393762	-0.0222552	-0.00992374	-0.0123315	0.017121
0	6.07681	0	402.609	0	-0.0016651	-0.00182304	0.000157942	-0.0016651	13.4713	14.1743	-150.796	0	0.036863	-0.0426323	-0.0281172	-0.0145151	-0.00576929
0	9.71603	0	-148.057	0	-0.00289054	-0.00291481	2.42752e-05	-0.00289054	13.1698	14.0838	-150.796	0	0.0343498	-0.055773	-0.0365624	-0.0192106	-0.0214233
0	10.9329	0	728.22	0	-0.00344992	-0.00327988	-0.000170045	-0.00344992	12.8682	13.2005	-150.796	0	0.0318365	-0.0373651	-0.0132937	-0.0240714	-0.00552861
0	9.71985	0	1494.36	0	-0.00330466	-0.00291595	-0.000388704	-0.00330466	12.5666	12.5843	-150.796	0	0.0293233	-0.0258772	-0.000709839	-0.0251673	0.0034461
0	10.9367	0	96.1511	0	-0.00386408	-0.00328102	-0.000583063	-0.00386408	12.265	12.3864	-150.796	0	0.02681	-0.0304157	-0.00485554	-0.0255602	-0.00360569
0	12.1422	0	-71.443	0	-0.00444438	-0.00364265	-0.000801721	-0.00444438	11.9634	11.8607	-150.796	0	0.0242968	-0.0219413	0.00410999	-0.0260513	0.00235551
0	10.9291	0	393.032	0	-0.00431128	-0.00327873	-0.00103255	-0.00431128	11.6618	11.4935	-150.796	0	0.0217836	-0.0183562	0.00673275	-0.025089	0.0034273
0	12.1422	0	-71.443	0	-0.00490599	-0.00364265	-0.00126334	-0.00490599	11.3602	11.2562	-150.796	0	0.0192703	-0.0201683	0.00416206	-0.0243303	-0.000897961
0	13.3629	0	905.391	0	-0.00550295	-0.00400886	-0.00149409	-0.00550295	11.0586	10.673	-150.796	0	0.0167571	-0.00781897	0.0154263	-0.0232453	0.0089381
0	12.1422	0	493.589	0	-0.00539191	-0.00364265	-0.00174925	-0.00539191	10.757	10.4027	-150.796	0	0.0142438	-0.00679023	0.0141753	-0.0209655	0.0074536
0	13.3667	0	-76.2314	0	-0.00598997	-0.00401001	-0.00197997	-0.00598997	10.4555	10.0642	-150.796	0	0.0117306	-0.00318957	0.0156487	-0.0188382	0.00854101
0	13.3667	0	302.052	0	-0.00624507	-0.00401001	-0.00223506	-0.00624507	10.1539	9.60237	-150.796	0	0.00921734	0.00577766	0.0220601	-0.0162824	0.014995
0	13.3629	0	105.728	0	-0.00647475	-0.00400887	-0.00246588	-0.00647475	9.85228	9.20328	-150.796	0	0.0067041	0.0132173	0.0259599	-0.0127426	0.0199214
0	13.3705	0	584.568	0	-0.00671992	-0.00401116	-0.00270876	-0.00671992	9.55069	8.90423	-150.796	0	0.00419086	0.0168478	0.0258582	-0.00901043	0.0210387
0	13.3591	0	1480	0	-0.00699595	-0.00400772	-0.00298823	-0.00699595	9.2491	8.38064	-150.796	0	0.00167762	0.0300868	0.0347386	-0.00465182	0.0317644
0	15.7929	0	-219.883	0	-0.00801757	-0.00473786	-0.00327971	-0.00801757	8.94751	8.28911	-150.796	0	-0.000835625	0.0265958	0.026336	0.000259832	0.0257602
0	15.7967	0	373.879	0	-0.00833457	-0.004739	-0.00359557	-0.00833457	8.64592	7.81234	-150.796	0	-0.00334887	0.0376886	0.0333433	0.0043453	0.0343398
0	15.7929	0	407.397	0	-0.00866141	-0.00473786	-0.00392355	-0.00866141	8.34433	7.68144	-150.796	0	-0.00586211	0.0358955	0.0265158	0.0093797	0.0300334
0	18.2266	0	-655.628	0	-0.00971949	-0.00546799	-0.0042515	-0.00971949	8.04274	7.37814	-150.796	0	-0.00837535	0.0396104	0.0265844	0.013026	0.031235
0	17.0059	0	1135.23	0	-0.00969344	-0.00510178	-0.00459166	-0.00969344	7.74115	6.83644	-150.796	0	-0.0108886	0.0537075	0.0361884	0.0175191	0.0428189
0	17.0021	0	-392.266	0	-0.0100203	-0.00510063	-0.00491965	-0.0100203	7.43957	6.40756	-150.796	0	-0.0134018	0.06442	0.0412801	0.0231399	0.0510182
0	17.0135	0	613.299	0	-0.0103759	-0.00510406	-0.00527186	-0.0103759	7.13798	6.18088	-150.796	0	-0.0159151	0.0676135	0.0382838	0.0293297	0.0516984
0	18.2228	0	938.91	0	-0.0110788	-0.00546684	-0.00561198	-0.0110788	6.83639	5.95739	-150.796	0	-0.0184283	0.0700542	0.0351597	0.0348944	0.0516258
0	14.576	0	297.264	0	-0.0103249	-0.00437279	-0.00595213	-0.0103249	6.5348	5.79563	-150.796	0	-0.0209416	0.0695732	0.0295666	0.0400065	0.0486316
0	17.0059	0	-1359.52	0	-0.0113455	-0.00510178	-0.00624369	-0.0113455	6.23321	5.38484	-150.796	0	-0.0234548	0.0784379	0.0339347	0.0445032	0.0549831
0	18.2152	0	977.217	0	-0.0120484	-0.00546455	-0.00658381	-0.0120484	5.93162	5.04322	-150.796	0	-0.0259681	0.0852898	0.0355358	0.049754	0.0593218
0	18.2228	0	1278.89	0	-0.012415	-0.00546684	-0.00694819	-0.012415	5.63003	4.73886	-150.796	0	-0.0284813	0.0906525	0.035647	0.0550055	0.0621712
0	18.2266	0	632.452	0	-0.0127684	-0.00546799	-0.00730044	-0.0127684	5.32844	4.35786	-150.796	0	-0.0309945	0.0993299	0.0388231	0.0605068	0.0683354
0	19.4321	0	-641.263	0	-0.0135066	-0.00582962	-0.00767703	-0.0135066	5.02685	4.12693	-150.796	0	-0.0335078	0.10229	0.035997	0.0662929	0.0687822
0	18.2266	0	665.971	0	-0.0135337	-0.00546799	-0.00806571	-0.0135337	4.72526	3.88748	-150.796	0	-0.036021	0.105071	0.0335115	0.0715594	0.0690499
0	18.2152	0	584.568	0	-0.0139069	-0.00546455	-0.00844237	-0.0139069	4.42368	3.69485	-150.796	0	-0.0385343	0.105609	0.029153	0.0764562	0.0670749
0	18.2228	0	-234.249	0	-0.0142736	-0.00546684	-0.00880671	-0.0142736	4.12209	3.35111	-150.796	0	-0.0410475	0.111637	0.0308392	0.0807982	0.0705899
0	19.4359	0	-320.44	0	-0.0149898	-0.00583077	-0.009159	-0.0149898	3.8205	2.99353	-150.796	0	-0.0435607	0.11866	0.0330788	0.0855815	0.0750996
0	17.0059	0	1001.16	0	-0.0146495	-0.00510178	-0.00954768	-0.0146495	3.51891	2.74769	-150.796	0	-0.046074	0.121316	0.0308487	0.0904677	0.0752424
0	19.4359	0	-224.672	0	-0.0157307	-0.00583076	-0.00989996	-0.0157307	3.21732	2.55613	-150.796	0	-0.0485872	0.1214	0.0264476	0.0949523	0.0728126
0	18.2228	0	-200.73	0	-0.0157312	-0.00546684	-0.0102643	-0.0157312	2.91573	2.38053	-150.796	0	-0.0511005	0.120149	0.0214079	0.0987416	0.069049
0	17.0021	0	-229.46	0	-0.0157294	-0.00510063	-0.0106288	-0.0157294	2.61414	2.22728	-150.796	0	-0.0536137	0.117182	0.0154743	0.101708	0.0635685
0	15.789	0	-521.553	0	-0.0157057	-0.00473671	-0.010969	-0.0157057	2.31255	1.99954	-150.796	0	-0.0561269	0.116423	0.0125205	0.103902	0.0602958
0	15.7928	0	-301.286	0	-0.0160348	-0.00473785	-0.0112969	-0.0160348	2.01096	1.66644	-150.796	0	-0.0586402	0.119585	0.013781	0.105804	0.0609445
0	15.789	0	-406.631	0	-0.0163373	-0.00473671	-0.0116006	-0.0163373	1.70937	1.46317	-150.796	0	-0.0611534	0.117643	0.00984814	0.107795	0.0564899
0	13.3629	0	72.2091	0	-0.0159131	-0.00400887	-0.0119043	-0.0159131	1.40945	1.24075	-145.788	0	-0.0611483	0.115843	0.00674808	0.109095	0.0546944
0	13.3591	0	-444.938	0	-0.0161792	-0.00400772	-0.0121715	-0.0161792	1.13296	0.938508	-130.708	0	-0.0559127	0.117925	0.00777799	0.110147	0.0620122
0	12.146	0	-440.15	0	-0.0160826	-0.0036438	-0.0124388	-0.0160826	0.886624	0.733113	-115.629	0	-0.0504258	0.117412	0.00614047	0.111271	0.0669859
0	10.9291	0	-401.843	0	-0.0159604	-0.00327873	-0.0126817	-0.0159604	0.670449	0.521332	-100.549	0	-0.0446875	0.118118	0.0059647	0.112154	0.0734308
0	9.71985	0	-277.344	0	-0.0158284	-0.00291595	-0.0129125	-0.0158284	0.484433	0.32445	-85.4697	0	-0.0386979	0.119473	0.0063993	0.113074	0.0807755
0	9.71603	0	-215.095	0	-0.0160216	-0.00291481	-0.0131068	-0.0160216	0.328575	0.133954	-70.3903	0	-0.032457	0.121848	0.00778483	0.114063	0.0893913
0	8.49915	0	-248.614	0	-0.015851	-0.00254974	-0.0133012	-0.015851	0.202875	-0.0469643	-55.3108	0	-0.0259648	0.125309	0.00999358	0.115315	0.0993443
0	7.2937	0	-224.672	0	-0.0156472	-0.00218811	-0.0134591	-0.0156472	0.107334	-0.194892	-40.2314	0	-0.0192212	0.128972	0.012089	0.116883	0.109751
0	6.06918	0	-373.112	0	-0.0154257	-0.00182076	-0.0136049	-0.0154257	0.0419519	-0.342819	-25.1519	0	-0.0122264	0.134211	0.0153908	0.11882	0.121985
0	6.07681	0	-248.614	0	-0.0155494	-0.00182304	-0.0137263	-0.0155494	0.00672793	-0.455627	-10.0725	0	-0.00498017	0.139747	0.0184942	0.121253	0.134767
0	4.85611	0	86.5743	0	-0.0153047	-0.00145683	-0.0138478	-0.0153047	0	-0.500324	0	0	0	0.144111	0.020013	0.124098	0.144111
0	2.43378	0	124.882	0	-0.0146751	-0.000730133	-0.013945	-0.0146751	0	-0.522673	0	0	0	0.148045	0.0209069	0.127138	0.148045
0	1.2207	0	-1191.93	0	-0.0143598	-0.000366211	-0.0139936	-0.0143598	0	-0.273644	0	0	0	0.141032	0.0109458	0.130086	0.141032
0	1.21689	0	-1416.98	0	-0.0143829	-0.000365067	-0.0140179	-0.0143829	0	0.107348	0	0	0	0.126757	-0.00429394	0.131051	0.126757
0	0	0	-799.28	0	-0.01403	0	-0.01403	-0.01403	0	0.227606	0	0	0	0.12106	-0.00910423	0.130164	0.12106
0	-1.20926	0	-243.826	0	-0.0136551	0.000362778	-0.0140179	-0.0136551	0	0.232927	0	0	0	0.11943	-0.00931708	0.128747	0.11943
0	-2.42615	0	-76.2314	0	-0.0132657	0.000727844	-0.0139936	-0.0132657	0	0.195679	0	0	0	0.11959	-0.00782716	0.127417	0.11959
0	-2.42996	0	-114.539	0	-0.0132281	0.000728989	-0.0139571	-0.0132281	0	0.179716	0	0	0	0.119073	-0.00718863	0.126262	0.119073
0	-3.64304	0	43.4787	0	-0.0128035	0.00109291	-0.0138964	-0.0128035	0	0.144596	0	0	0	0.119448	-0.00578385	0.125232	0.119448
0	-3.64685	0	67.4207	0	-0.0127416	0.00109406	-0.0138357	-0.0127416	0	0.115862	0	0	0	0.119774	-0.00463449	0.124409	0.119774
0	-4.85229	0	57.8439	0	-0.0123071	0.00145569	-0.0137628	-0.0123071	0	0.0892566	0	0	0	0.120188	-0.00357026	0.123758	0.120188
0	-3.64304	0	-18.7705	0	-0.0125727	0.00109291	-0.0136656	-0.0125727	0	0.0754216	0	0	0	0.120247	-0.00301687	0.123264	0.120247
0	-3.64685	0	-66.6546	0	-0.0124986	0.00109406	-0.0135927	-0.0124986	0	0.0637152	0	0	0	0.120285	-0.00254861	0.122834	0.120285
0	-4.85992	0	-9.19374	0	-0.0120376	0.00145798	-0.0134955	-0.0120376	0	0.0552014	0	0	0	0.120256	-0.00220805	0.122464	0.120256
0	-4.85992	0	19.5367	0	-0.0119525	0.00145798	-0.0134105	-0.0119525	0	0.0456233	0	0	0	0.120324	-0.00182493	0.122149	0.120324
0	-4.85992	0	-4.40534	0	-0.0118553	0.00145798	-0.0133133	-0.0118553	0	0.0381738	0	0	0	0.120361	-0.00152695	0.121888	0.120361
0	-4.85992	0	-13.9821	0	-0.0117703	0.00145798	-0.0132283	-0.0117703	0	0.0381738	0	0	0	0.120129	-0.00152695	0.121656	0.120129
0	-3.65067	0	-33.1358	0	-0.0120238	0.0010952	-0.013119	-0.0120238	0	0.0349811	0	0	0	0.120034	-0.00139924	0.121433	0.120034
0	-3.65067	0	-33.1358	0	-0.0119266	0.0010952	-0.0130218	-0.0119266	0	0.0360453	0	0	0	0.119778	-0.00144181	0.12122	0.119778
0	-4.85992	0	53.0555	0	-0.0114788	0.00145798	-0.0129368	-0.0114788	0	0.0243388	0	0	0	0.120053	-0.000973553	0.121026	0.120053
0	-4.85992	0	43.4787	0	-0.0113938	0.00145798	-0.0128517	-0.0113938	0	0.015825	0	0	0	0.120257	-0.000633001	0.12089	0.120257
0	-3.64304	0	53.0555	0	-0.0116495	0.00109291	-0.0127424	-0.0116495	0	0.00518278	0	0	0	0.120607	-0.000207311	0.120814	0.120607
0	-4.85611	0	9.95987	0	-0.0112005	0.00145683	-0.0126574	-0.0112005	0	-0.00013835	0	0	0	0.120798	5.534e-06	0.120793	0.120798
0	-4.85992	0	-13.9821	0	-0.0111144	0.00145798	-0.0125723	-0.0111144	0	0.000925875	0	0	0	0.120756	-3.7035e-05	0.120793	0.120756
0	-4.85611	0	-9.19374	0	-0.0110305	0.00145683	-0.0124873	-0.0110305	0	0.00518278	0	0	0	0.120571	-0.000207311	0.120778	0.120571
0	-3.64685	0	0.383067	0	-0.0112961	0.00109406	-0.0123902	-0.0112961	0	0.00411855	0	0	0	0.120586	-0.000164742	0.12075	0.120586
0	-4.85611	0	62.6323	0	-0.0108604	0.00145683	-0.0123173	-0.0108604	0	-0.00333103	0	0	0	0.120865	0.000133241	0.120732	0.120865
0	-2.43378	0	67.4207	0	-0.01149	0.000730133	-0.0122201	-0.01149	0	-0.0118448	0	0	0	0.121239	0.000473793	0.120765	0.121239
0	-3.64304	0	57.8439	0	-0.0110543	0.00109291	-0.0121472	-0.0110543	0	-0.0182302	0	0	0	0.121578	0.000729207	0.120849	0.121578
0	-3.65067	0	9.95987	0	-0.010967	0.0010952	-0.0120622	-0.010967	0	-0.017166	0	0	0	0.121645	0.000686638	0.120958	0.121645
0	-3.63922	0	62.6323	0	-0.0108975	0.00109177	-0.0119893	-0.0108975	0	-0.0192944	0	0	0	0.121833	0.000771776	0.121061	0.121833
0	-2.43378	0	43.4787	0	-0.0111741	0.000730133	-0.0119043	-0.0111741	0	-0.0299367	0	0	0	0.122393	0.00119747	0.121196	0.122393
0	-3.64685	0	43.4787	0	-0.0107495	0.00109406	-0.0118436	-0.0107495	0	-0.0341936	0	0	0	0.12275	0.00136774	0.121382	0.12275
0	-3.64304	0	9.95987	0	-0.0106777	0.00109291	-0.0117707	-0.0106777	0	-0.0395147	0	0	0	0.123177	0.00158059	0.121597	0.123177
0	-3.64304	0	-23.559	0	-0.0106048	0.00109291	-0.0116978	-0.0106048	0	-0.0352578	0	0	0	0.123241	0.00141031	0.121831	0.123241
0	-3.63922	0	-47.501	0	-0.0105452	0.00109177	-0.011637	-0.0105452	0	-0.0341936	0	0	0	0.123407	0.00136774	0.122039	0.123407
0	-3.63922	0	-23.559	0	-0.0104723	0.00109177	-0.0115641	-0.0104723	0	-0.0214229	0	0	0	0.123082	0.000856914	0.122225	0.123082
0	-2.42996	0	0.383067	0	-0.0107744	0.000728989	-0.0115034	-0.0107744	0	-0.017166	0	0	0	0.123034	0.000686638	0.122347	0.123034
0	-3.63922	0	-13.9821	0	-0.0103509	0.00109177	-0.0114426	-0.0103509	0	-0.0129091	0	0	0	0.122957	0.000516362	0.12244	0.122957
0	-2.42233	0	-33.1358	0	-0.010643	0.0007267	-0.0113697	-0.010643	0	-0.00971638	0	0	0	0.122903	0.000388655	0.122515	0.122903
0	-2.42233	0	-42.7126	0	-0.0105823	0.0007267	-0.011309	-0.0105823	0	-0.0118448	0	0	0	0.123047	0.000473793	0.122573	0.123047
0	-3.63922	0	-85.8082	0	-0.0101565	0.00109177	-0.0112483	-0.0101565	0	-0.00120258	0	0	0	0.122683	4.8103e-05	0.122635	0.122683
0	-2.42615	0	-148.057	0	-0.0104476	0.000727844	-0.0111754	-0.0104476	0	0.0190177	0	0	0	0.121849	-0.000760708	0.12261	0.121849
0	-3.63922	0	-47.501	0	-0.0100107	0.00109177	-0.0111025	-0.0100107	0	0.0254031	0	0	0	0.121464	-0.00101612	0.12248	0.121464
0	-4.85611	0	-85.8082	0	-0.00958495	0.00145683	-0.0110418	-0.00958495	0	0.02966	0	0	0	0.121138	-0.0011864	0.122324	0.121138
0	-4.86374	0	-85.8082	0	-0.0095098	0.00145912	-0.0109689	-0.0095098	0	0.0424307	0	0	0	0.12043	-0.00169723	0.122127	0.12043
0	-4.86374	0	-90.5966	0	-0.00942477	0.00145912	-0.0108839	-0.00942477	0	0.0445591	0	0	0	0.120084	-0.00178236	0.121866	0.120084
0	-3.64685	0	-66.6546	0	-0.0097048	0.00109406	-0.0107989	-0.0097048	0	0.0456233	0	0	0	0.119774	-0.00182493	0.121599	0.119774
0	-4.85992	0	-61.8662	0	-0.00925585	0.00145798	-0.0107138	-0.00925585	0	0.058394	0	0	0	0.11897	-0.00233576	0.121306	0.11897
0	-4.85992	0	-71.443	0	-0.00915869	0.00145798	-0.0106167	-0.00915869	0	0.058394	0	0	0	0.11862	-0.00233576	0.120955	0.11862
