¸1200	624.374	0	1208.07	0.222222	-0.0122274	0.0575626	-0.0697899	0.209995	0	-0.592209	0	0	0	0.0351972	0.0177663	0.0174309	0.0351972	0	1248.75
1200	1287.61	0	3027.66	0.222222	-0.0732822	-0.00876128	-0.0645209	0.14894	0	-0.354887	0	0	0	0.0308901	0.0106466	0.0202435	0.0308901	1282.75	1292.48
1200	611.008	0	-2019.32	0.222222	-0.01301	0.0588992	-0.0719093	0.209212	0	-0.383621	0	0	0	0.0341656	0.0115086	0.022657	0.0341656	0	1222.02
1200	603.714	0	-621.104	0.222222	-0.0127938	0.0596286	-0.0724224	0.209428	0	-0.201639	0	0	0	0.0307844	0.00604916	0.0247352	0.0307844	0	1207.43
1200	1234.16	0	2223.21	0.222222	-0.0704117	-0.00341614	-0.0669955	0.151811	0	-0.25485	0	0	0	0.0336416	0.0076455	0.0259961	0.0336416	1253.6	1214.72
1200	1243.87	0	-1128.67	0.222222	-0.071871	-0.0043866	-0.0674844	0.150351	0	-0.272942	0	0	0	0.035755	0.00818825	0.0275667	0.035755	1265.75	1221.98
1200	1203.8	0	-879.678	0.222222	-0.0688142	-0.000379639	-0.0684346	0.153408	0	-0.19951	0	0	0	0.0352471	0.00598531	0.0292618	0.0352471	1234.16	1173.43
1200	587.936	0	1758.73	0.222222	-0.0134504	0.0612064	-0.0746568	0.208772	0	0.27407	0	0	0	0.0214354	-0.0082221	0.0296575	0.0214354	0	1175.87
1200	1236.59	0	700.496	0.222222	-0.0724151	-0.00365875	-0.0687563	0.149807	0	0.2464	0	0	0	0.02057	-0.007392	0.027962	0.02057	1248.75	1224.43
1200	590.363	0	575.997	0.222222	-0.0143671	0.0609637	-0.0753308	0.207855	0	0.0739956	0	0	0	0.0244394	-0.00221987	0.0266592	0.0244394	0	1180.73
1200	1251.16	0	-635.469	0.222222	-0.0744854	-0.00511597	-0.0693694	0.147737	0	-0.0718033	0	0	0	0.0286727	0.0021541	0.0265186	0.0286727	1263.31	1239.01
1200	592.789	0	-5917.08	0.222222	-0.0152958	0.0607211	-0.0760169	0.206926	0	1.36384	0	0	0	-0.0162485	-0.0409151	0.0246666	-0.0162485	0	1185.58
1200	608.566	0	-487.029	0.222222	-0.0169493	0.0591434	-0.0760927	0.205273	0	1.23719	0	0	0	-0.0207056	-0.0371158	0.0164102	-0.0207056	0	1217.13
1200	610.992	0	188.136	0.222222	-0.0177415	0.0589008	-0.0766422	0.204481	0	1.12119	0	0	0	-0.0244828	-0.0336358	0.00915303	-0.0244828	0	1221.98
1200	619.507	0	-17.765	0.222222	-0.0191423	0.0580493	-0.0771916	0.20308	0	1.04776	0	0	0	-0.028908	-0.0314328	0.00252484	-0.028908	0	1239.01
1200	1225.66	0	2041.25	0.222222	-0.0747926	-0.00256622	-0.0722264	0.14743	0	0.905155	0	0	0	-0.0309355	-0.0271547	-0.00378088	-0.0309355	1200.16	1251.16
1200	626.801	0	1892.81	0.222222	-0.0214322	0.0573199	-0.0787522	0.20079	0	0.267685	0	0	0	-0.0161696	-0.00803054	-0.00813908	-0.0161696	0	1253.6
1200	1263.32	0	-5878.77	0.222222	-0.0798396	-0.00633209	-0.0735075	0.142383	0	-0.0324269	0	0	0	-0.00816577	0.000972808	-0.00913858	-0.00816577	1243.9	1282.75
1200	607.361	0	-510.971	0.222222	-0.0212919	0.0592639	-0.0805558	0.20093	0	-0.0175278	0	0	0	-0.00830325	0.000525834	-0.00882908	-0.00830325	0	1214.72
1200	1252.38	0	-994.599	0.222222	-0.0800511	-0.00523804	-0.0748131	0.142171	0	0.0112063	0	0	0	-0.00917504	-0.000336189	-0.00883885	-0.00917504	1268.16	1236.6
1200	591.568	0	221.655	0.222222	-0.0207145	0.0608432	-0.0815577	0.201508	0	-0.213345	0	0	0	-0.00210345	0.00640036	-0.00850381	-0.00210345	0	1183.14
1200	602.509	0	3439.46	0.222222	-0.0219573	0.0597491	-0.0817065	0.200265	0	-0.296355	0	0	0	0.0018457	0.00889064	-0.00704495	0.0018457	0	1205.02
1200	1215.93	0	188.136	0.222222	-0.077775	-0.00159271	-0.0761823	0.144447	0	-0.365529	0	0	0	0.00578207	0.0109659	-0.00518381	0.00578207	1238.98	1192.87
1200	586.7	0	-515.759	0.222222	-0.0210624	0.06133	-0.0823924	0.20116	0	-0.60498	0	0	0	0.0153727	0.0181494	-0.00277672	0.0153727	0	1173.4
1200	1201.34	0	68.4263	0.222222	-0.0768445	-0.000133972	-0.0767106	0.145378	0	-0.137785	0	0	0	0.00455889	0.00413356	0.000425338	0.00455889	1229.28	1173.4
1200	583.054	0	-3082.34	0.222222	-0.0210924	0.0616946	-0.082787	0.20113	0	-0.544319	0	0	0	0.0178785	0.0163296	0.00154897	0.0178785	0	1166.11
1200	1229.29	0	-261.974	0.222222	-0.0796941	-0.00292938	-0.0767648	0.142528	0	-0.437897	0	0	0	0.0178943	0.0131369	0.00475742	0.0178943	1260.89	1197.69
1200	579.437	0	-424.779	0.222222	-0.0210886	0.0620563	-0.0831449	0.201134	0	-0.39852	0	0	0	0.0192159	0.0119556	0.00726028	0.0192159	0	1158.87
1200	1234.16	0	-166.205	0.222222	-0.0802838	-0.00341614	-0.0768676	0.141938	0	-0.335731	0	0	0	0.0196754	0.0100719	0.00960352	0.0196754	1246.31	1222.02
1200	595.2	0	-108.745	0.222222	-0.0226342	0.06048	-0.0831142	0.199588	0	-0.153749	0	0	0	0.0159239	0.00461246	0.0113114	0.0159239	0	1190.4
1200	614.639	0	-175.782	0.222222	-0.0245325	0.0585361	-0.0830685	0.19769	0	-0.147363	0	0	0	0.0165941	0.0044209	0.0121732	0.0165941	0	1229.28
1200	1218.37	0	-10571.4	0.222222	-0.0794664	-0.00183685	-0.0776295	0.142756	0	-0.329346	0	0	0	0.0230815	0.00988037	0.0132011	0.0230815	1197.75	1238.98
1200	619.522	0	403.615	0.222222	-0.0256946	0.0580478	-0.0837424	0.196528	0	-0.390007	0	0	0	0.0271136	0.0117002	0.0154134	0.0271136	0	1239.04
1200	608.566	0	5575.09	0.222222	-0.0252458	0.0591434	-0.0843892	0.196976	0	-0.162262	0	0	0	0.0221967	0.00486787	0.0173288	0.0221967	0	1217.13
1200	615.875	0	-2780.67	0.222222	-0.0261739	0.0584125	-0.0845864	0.196048	0	-0.47408	0	0	0	0.0327355	0.0142224	0.0185131	0.0327355	0	1231.75
1200	1224.46	0	-36.9186	0.222222	-0.0813135	-0.00244568	-0.0788678	0.140909	0	-0.626265	0	0	0	0.0404999	0.0187879	0.021712	0.0404999	1207.43	1241.49
1200	600.082	0	197.713	0.222222	-0.0250375	0.0599918	-0.0850293	0.197185	0	-0.442154	0	0	0	0.038549	0.0132646	0.0252844	0.038549	0	1200.16
1200	1251.19	0	-223.666	0.222222	-0.0842232	-0.00511902	-0.0791042	0.137999	0	-0.403842	0	0	0	0.0398482	0.0121152	0.027733	0.0398482	1236.6	1265.78
1200	592.789	0	-673.776	0.222222	-0.024885	0.0607211	-0.0856061	0.197337	0	-0.391071	0	0	0	0.0417988	0.0117321	0.0300667	0.0417988	0	1185.58
1200	611.008	0	-3431.9	0.222222	-0.0267463	0.0588992	-0.0856455	0.195476	0	-0.180354	0	0	0	0.0382036	0.00541063	0.032793	0.0382036	0	1222.02
1200	1208.63	0	1835.35	0.222222	-0.0809604	-0.000863342	-0.0800971	0.141262	0	0.655063	0	0	0	0.0124417	-0.0196519	0.0320936	0.0124417	1204.99	1212.28
1200	598.846	0	-640.257	0.222222	-0.0259247	0.0601154	-0.08604	0.196298	0	0.848751	0	0	0	0.00242614	-0.0254625	0.0278887	0.00242614	0	1197.69
1200	584.274	0	-80.0142	0.222222	-0.0246403	0.0615726	-0.0862129	0.197582	0	0.779577	0	0	0	-0.000571979	-0.0233873	0.0228153	-0.000571979	0	1168.55
1200	580.643	0	-568.431	0.222222	-0.024025	0.0619357	-0.0859607	0.198197	0	0.742329	0	0	0	-0.00407773	-0.0222699	0.0181921	-0.00407773	0	1161.29
1200	1202.59	0	231.232	0.222222	-0.0799061	-0.000259094	-0.079647	0.142316	0	0.761485	0	0	0	-0.00908084	-0.0228446	0.0137637	-0.00908084	1197.72	1207.46
1199.88	587.921	-239.453	-32.1302	0.218209	-0.0239325	0.0611959	-0.0851284	0.194277	0	0.749779	0	0	0	-0.0133369	-0.0224934	0.00915649	-0.0133369	0	1175.84
1198.92	1218.35	-719.447	4315.74	0.210032	-0.0807153	-0.00194316	-0.0787722	0.129316	0	0.806182	0	0	0	-0.0197128	-0.0241855	0.00447264	-0.0197128	1187.99	1248.72
1197	609.787	-1199.44	-4193.25	0.201677	-0.0258413	0.0587216	-0.0845629	0.175835	0	0.195317	0	0	0	-0.00487666	-0.00585952	0.000982854	-0.00487666	0	1219.57
1194.12	620.712	-1679.43	-5735.12	0.193143	-0.0270307	0.0573412	-0.0843718	0.166113	0	0.371979	0	0	0	-0.0117762	-0.0111594	-0.000616868	-0.0117762	0	1241.42
1190.29	1200.18	-2159.43	355.73	0.184433	-0.0799358	-0.00098949	-0.0789464	0.104497	0	0.352823	0	0	0	-0.0134398	-0.0105847	-0.00285513	-0.0134398	1168.61	1231.75
1185.49	597.656	-2639.42	-65.649	0.175544	-0.0259955	0.058783	-0.0847785	0.149549	0	0.353887	0	0	0	-0.0155312	-0.0106166	-0.00491459	-0.0155312	0	1195.31
1179.73	1169.75	-3119.42	-2933.9	0.166478	-0.0782228	0.000997351	-0.0792201	0.088255	0	-0.136721	0	0	0	-0.00263937	0.00410163	-0.006741	-0.00263937	1173.4	1166.11
1173.01	575.775	-3599.41	-2632.23	0.157234	-0.0250758	0.0597234	-0.0847992	0.132158	0	-0.109051	0	0	0	-0.00195632	0.00327153	-0.00522786	-0.00195632	0	1151.55
1165.33	1194.09	-4079.4	-1147.83	0.147812	-0.0817805	-0.00287617	-0.0789043	0.0660313	0	0.276198	0	0	0	-0.0137119	-0.00828595	-0.005426	-0.0137119	1212.28	1175.9
1156.69	557.556	-4559.4	-932.35	0.138212	-0.0250133	0.0599135	-0.0849268	0.113199	0	0.120821	0	0	0	-0.0105801	-0.00362464	-0.00695548	-0.0105801	0	1115.11
1147.09	1168.56	-5039.39	-894.043	0.128435	-0.0810779	-0.00214711	-0.0789308	0.0473568	0	-0.0952162	0	0	0	-0.00432586	0.00285649	-0.00718235	-0.00432586	1195.28	1141.85
1136.53	541.794	-5519.39	-5304.16	0.11848	-0.0251732	0.059474	-0.0846473	0.0933063	0	-0.449603	0	0	0	0.00719631	0.0134881	-0.00629179	0.00719631	0	1083.59
1125.02	549.042	-5999.38	-7157.27	0.108347	-0.0266171	0.0575974	-0.0842145	0.0817294	0	-0.790155	0	0	0	0.0206245	0.0237047	-0.00308015	0.0206245	0	1098.08
1112.54	1119.96	-6479.37	-3714.41	0.0980358	-0.079415	-0.000742761	-0.0786722	0.0186208	0	-0.312318	0	0	0	0.0106823	0.00936954	0.00131278	0.0106823	1146.7	1093.23
1099.1	530.838	-6959.37	-1851.72	0.0875473	-0.0273569	0.056826	-0.0841829	0.0601904	0	-0.244208	0	0	0	0.0102639	0.00732623	0.00293766	0.0102639	0	1061.68
1084.7	1062.87	-7439.36	1246.37	0.076881	-0.076536	0.00218336	-0.0787193	0.000344999	0	-0.270813	0	0	0	0.0127731	0.0081244	0.00464875	0.0127731	1090.82	1034.91
1069.34	508.972	-7919.35	3449.04	0.0660369	-0.0272168	0.0560369	-0.0832537	0.0388201	0	-0.259107	0	0	0	0.0142991	0.00777321	0.00652585	0.0142991	0	1017.94
1053.02	1021.55	-8399.35	-5241.91	0.0550151	-0.0741174	0.00314775	-0.0772652	-0.0191023	0	0.546512	0	0	0	-0.00917368	-0.0163953	0.00722166	-0.00917368	1022.77	1020.32
1035.74	473.74	-8879.34	-2838.13	0.0438155	-0.0249669	0.0562005	-0.0811674	0.0188486	0	1.49154	0	0	0	-0.0423745	-0.0447463	0.0023718	-0.0423745	0	947.479
1017.77	962.067	-9000	-5064.74	0.0384768	-0.0691712	0.00557083	-0.074742	-0.0306943	0	0.662512	0	0	0	-0.0262645	-0.0198754	-0.0063891	-0.0262645	957.214	966.919
999.775	471.313	-9000	-12980	0.0351435	-0.0249532	0.0528462	-0.0777994	0.0101903	0	-1.26906	0	0	0	0.0326785	0.0380717	-0.00539317	0.0326785	0	942.627
981.775	482.254	-9000	-14569.7	0.0318103	-0.0264418	0.0499521	-0.076394	0.00536843	0	1.96512	0	0	0	-0.0616844	-0.0589537	-0.00273068	-0.0616844	0	964.508
963.776	-2272.74	-9000	-6170.86	0.028477	0.252396	0.323651	-0.071255	0.280873	0	1.12226	0	0	0	-0.0485435	-0.0336677	-0.0148758	-0.0485435	-5512.39	966.919
945.776	474.96	-9000	-1732.01	0.0251437	-0.0282498	0.0470816	-0.0753314	-0.00310617	0	-0.0175278	0	0	0	-0.0178653	0.000525834	-0.0183911	-0.0178653	0	949.921
927.776	915.909	-9000	590.362	0.0218104	-0.0696893	0.00118673	-0.070876	-0.0478789	0	0.965816	0	0	0	-0.0481576	-0.0289745	-0.0191831	-0.0481576	911.041	920.776
909.776	428.802	-9000	-11007.2	0.018477	-0.0269071	0.0480974	-0.0750045	-0.00843005	0	1.94171	0	0	0	-0.0858314	-0.0582513	-0.02758	-0.0858314	0	857.605
891.776	881.882	-9000	-7272.2	0.0151437	-0.0690406	0.000989459	-0.07003	-0.0538968	0	0.194253	0	0	0	-0.0427911	-0.00582759	-0.0369635	-0.0427911	915.863	847.9
873.776	389.954	-9000	-6300.15	0.0118105	-0.0256698	0.0483823	-0.0740521	-0.0138593	0	0.462438	0	0	0	-0.050492	-0.0138731	-0.0366189	-0.050492	0	779.907
855.777	829.636	-9000	-75.2258	0.00847717	-0.0661633	0.00261412	-0.0687775	-0.0576862	0	1.72035	0	0	0	-0.0936029	-0.0516106	-0.0419923	-0.0936029	908.6	750.671
837.777	331.634	-9000	-2440.7	0.00514388	-0.0215449	0.0506142	-0.0721592	-0.016401	0	1.22549	0	0	0	-0.089044	-0.0367646	-0.0522793	-0.089044	0	663.269
819.777	303.68	-9000	-1842.15	0.00181059	-0.0187282	0.0516097	-0.0703378	-0.0169176	0	0.354951	0	0	0	-0.0688984	-0.0106485	-0.0582498	-0.0688984	0	607.361
801.777	672.958	-9000	-1971.43	-0.00152271	-0.0512566	0.0128819	-0.0641385	-0.0527793	0	0.0303623	0	0	0	-0.060406	-0.00091087	-0.0594952	-0.060406	796.844	549.072
783.778	239.288	-9000	-17361.4	-0.004856	-0.0108352	0.0544489	-0.0652842	-0.0156912	0	2.87397	0	0	0	-0.150593	-0.0862192	-0.0643738	-0.150593	0	478.577
765.778	619.507	-9000	-14114.8	-0.00818929	-0.0439753	0.0146271	-0.0586024	-0.0521646	0	0.659319	0	0	0	-0.10042	-0.0197796	-0.0806407	-0.10042	784.729	454.285
747.778	219.849	-9000	-4322.54	-0.0115226	-0.00706783	0.0527929	-0.0598608	-0.0185904	0	-0.134593	0	0	0	-0.0778865	0.00403778	-0.0819243	-0.0778865	0	439.697
729.778	619.537	-9000	-228.455	-0.0148559	-0.0424252	0.0110241	-0.0534493	-0.0572811	0	0.83066	0	0	0	-0.107492	-0.0249198	-0.0825726	-0.107492	826.05	413.025
711.779	176.117	-9000	-1123.89	-0.0181892	-0.00142437	0.0535662	-0.0549905	-0.0196135	0	0.895577	0	0	0	-0.115257	-0.0268673	-0.0883898	-0.115257	0	352.234
693.779	557.556	-9000	-2641.81	-0.0215224	-0.0345594	0.0136223	-0.0481817	-0.0560819	0	0.0537753	0	0	0	-0.0940516	-0.00161326	-0.0924383	-0.0940516	789.612	325.5
675.779	136.078	-9000	-6850.82	-0.0248557	0.00514317	0.0539701	-0.048827	-0.0197126	0	0.158069	0	0	0	-0.0961877	-0.00474208	-0.0914456	-0.0961877	0	272.156
657.779	112.946	-9000	-12410.2	-0.028189	0.00895108	0.0544834	-0.0455323	-0.0192379	0	2.37804	0	0	0	-0.167739	-0.0713413	-0.0963977	-0.167739	0	225.891
639.78	484.65	-9000	-7607.38	-0.0315223	-0.0230273	0.015513	-0.0385403	-0.0545496	0	0.650806	0	0	0	-0.128926	-0.0195242	-0.109402	-0.128926	767.7	201.599
621.78	479.858	-9000	-2675.33	-0.0348556	-0.0212266	0.0141921	-0.0354188	-0.0560822	0	-0.22718	0	0	0	-0.103554	0.0068154	-0.110369	-0.103554	772.583	187.134
603.78	1796.63	-9000	-2569.98	-0.0381889	-0.13841	-0.119285	-0.0191251	-0.176599	0	0.499686	0	0	0	-0.125408	-0.0149906	-0.110417	-0.125408	3445.01	148.254
585.78	54.6875	-9000	-1339.36	-0.0415222	0.0390334	0.0531093	-0.0140759	-0.00248877	0	0.394327	0	0	0	-0.124987	-0.0118298	-0.113157	-0.124987	0	109.375
567.78	410.614	-9000	-2033.68	-0.0448555	-0.010396	0.0157166	-0.0261127	-0.0552515	0	0.128271	0	0	0	-0.118937	-0.00384813	-0.115089	-0.118937	750.732	70.4956
549.781	16.9983	-9000	-10418.2	-0.0481888	0.0268058	0.0532782	-0.0264724	-0.0213829	0	0.468823	0	0	0	-0.129741	-0.0140647	-0.115676	-0.129741	0	33.9966
531.781	377.777	-9000	-7856.38	-0.0515221	-0.00406565	0.0154004	-0.019466	-0.0555877	0	0.936018	0	0	0	-0.147761	-0.0280805	-0.11968	-0.147761	750.671	4.88281
513.781	-2.44141	-9000	-4590.69	-0.0548554	0.0316359	0.0516223	-0.0199864	-0.0232195	0	-0.0292343	0	0	0	-0.123563	0.000877028	-0.12444	-0.123563	0	-4.88281
495.781	-12.1765	-9000	-2052.84	-0.0581886	0.0337187	0.0507958	-0.0170771	-0.0244699	0	-0.104794	0	0	0	-0.12048	0.00314383	-0.123623	-0.12048	0	-24.353
477.782	352.295	-9000	-6118.19	-0.0615219	0.00182341	0.0125487	-0.0107253	-0.0596985	0	-0.0675464	0	0	0	-0.121466	0.00202639	-0.123493	-0.121466	750.732	-46.1426
459.782	-25.5127	-9000	-5529.22	-0.0648552	0.0366531	0.0485294	-0.0118764	-0.0282022	0	-1.10623	0	0	0	-0.0886904	0.0331869	-0.121877	-0.0886904	0	-51.0254
441.782	335.266	-9000	-4020.87	-0.0681885	0.00467406	0.0106516	-0.00597754	-0.0635144	0	-1.39996	0	0	0	-0.0725261	0.0419987	-0.114525	-0.0725261	728.821	-58.2886
423.782	-33.9966	-9000	-2541.25	-0.0715218	0.0383665	0.0457779	-0.00741134	-0.0331553	0	-1.2084	0	0	0	-0.0700903	0.0362519	-0.106342	-0.0700903	0	-67.9932
405.783	323.12	-9000	-2881.23	-0.0748551	0.00632521	0.00826624	-0.00194104	-0.0685299	0	-1.4553	0	0	0	-0.0553148	0.0436589	-0.0989736	-0.0553148	721.558	-75.3174
387.783	-37.6282	-9000	-6089.46	-0.0781884	0.038847	0.0425411	-0.00369413	-0.0393414	0	-1.65856	0	0	0	-0.0401593	0.0497569	-0.0899162	-0.0401593	0	-75.2563
369.783	312.195	-9000	-7300.93	-0.0815217	0.00705823	0.00575882	0.00129941	-0.0744634	0	-1.17008	0	0	0	-0.0455998	0.0351025	-0.0807023	-0.0455998	702.087	-77.6978
351.783	-31.5857	-9000	-5854.83	-0.084855	0.0374913	0.0383369	-0.000845614	-0.0473637	0	-1.69475	0	0	0	-0.0229991	0.0508424	-0.0738415	-0.0229991	0	-63.1714
333.783	3333.19	-9000	-5792.58	-0.0881883	-0.296537	-0.299941	0.00340352	-0.384725	0	-1.29353	0	0	0	-0.0247808	0.038806	-0.0635868	-0.0247808	6722.29	-55.9082
315.784	306.122	-9000	-10073.4	-0.0915215	0.00480883	0.00096619	0.00384264	-0.0867127	0	-0.723109	0	0	0	-0.0354541	0.0216933	-0.0571474	-0.0354541	653.564	-41.3208
297.784	-21.8506	-9000	-5371.2	-0.0948548	0.0329943	0.0319634	0.00103084	-0.0618605	0	-1.41166	0	0	0	-0.00909875	0.0423499	-0.0514486	-0.00909875	0	-43.7012
279.784	272.125	-9000	-1569.21	-0.0981881	0.00500189	0.00076589	0.004236	-0.0931862	0	-1.16263	0	0	0	-0.00833908	0.034879	-0.0432181	-0.00833908	587.952	-43.7012
261.784	-27.9541	-9000	767.533	-0.101521	0.03065	0.0289738	0.00167619	-0.0708714	0	-1.03599	0	0	0	-0.00534773	0.0310797	-0.0364275	-0.00534773	0	-55.9082
243.785	223.541	-9000	-2886.02	-0.104855	0.00676919	0.00202433	0.00474486	-0.0980855	0	-1.11368	0	0	0	0.00328826	0.0334104	-0.0301221	0.00328826	515.076	-67.9932
225.785	-31.5857	-9000	-8052.71	-0.108188	0.0287079	0.0257371	0.0029708	-0.0794801	0	-1.10517	0	0	0	0.00997992	0.033155	-0.0231751	0.00997992	0	-63.1714
207.785	197.998	-9000	-12462.8	-0.111521	0.0067477	0.000978705	0.00576899	-0.104774	0	-0.478337	0	0	0	-0.00340397	0.0143501	-0.0177541	-0.00340397	447.021	-51.0254
189.785	-13.3667	-9000	-7564.29	-0.114855	0.0241855	0.0203152	0.00387034	-0.090669	0	-0.498558	0	0	0	0.000165254	0.0149567	-0.0147915	0.000165254	0	-26.7334
171.786	-10.9253	-9000	-1755.96	-0.118188	0.0221179	0.0182711	0.0038468	-0.09607	0	-0.448539	0	0	0	0.00183483	0.0134562	-0.0116213	0.00183483	0	-21.8506
154.118	162.781	-8600.96	-348.165	-0.114809	0.0046504	-0.000866312	0.00551671	-0.110159	0	-0.147363	0	0	0	-0.00493383	0.0044209	-0.00935473	-0.00493383	354.736	-29.1748
137.396	-21.8811	-8120.96	-2546.04	-0.109906	0.0198262	0.0159277	0.00389847	-0.0900795	0	0.0250412	0	0	0	-0.00936227	-0.000751237	-0.00861103	-0.00936227	0	-43.7622
121.634	100.83	-7640.97	-7142.91	-0.104825	0.00768702	0.00208041	0.0056066	-0.0971376	0	0.254914	0	0	0	-0.0166673	-0.00764742	-0.00901988	-0.0166673	257.507	-55.8472
106.832	-26.7334	-7160.98	-14282.4	-0.0995658	0.0181383	0.0133566	0.00478171	-0.0814275	0	1.49686	0	0	0	-0.0573422	-0.0449059	-0.0124362	-0.0573422	0	-53.4668
92.9907	115.417	-6680.98	-10992.8	-0.0941292	0.00382768	-0.00224268	0.00607036	-0.0903015	0	2.38443	0	0	0	-0.0947094	-0.0715329	-0.0231766	-0.0947094	274.536	-43.7012
80.1089	-19.4397	-6200.99	-4226.77	-0.0885148	0.014005	0.00995486	0.00405017	-0.0745098	0	2.64516	0	0	0	-0.1174	-0.0793549	-0.0380451	-0.1174	0	-38.8794
68.187	131.195	-5720.99	-2191.7	-0.0827227	-0.00181461	-0.0063008	0.00448619	-0.0845373	0	2.90909	0	0	0	-0.141384	-0.0872727	-0.0541108	-0.141384	310.974	-48.584
57.2252	-35.2478	-5241	-2009.74	-0.0767528	0.0108625	0.0092473	0.00161515	-0.0658903	0	3.05063	0	0	0	-0.163429	-0.091519	-0.0719102	-0.163429	0	-70.4956
47.2233	-41.2903	-4761.01	-6424.65	-0.0706051	0.00903356	0.00885136	0.000182201	-0.0615715	0	2.50149	0	0	0	-0.164591	-0.0750448	-0.0895467	-0.164591	0	-82.5806
38.1814	129.944	-4281.01	-7712.73	-0.0642796	-0.00897092	-0.00917624	0.000205319	-0.0732505	0	2.19925	0	0	0	-0.169898	-0.0659776	-0.10392	-0.169898	344.971	-85.083
30.0995	-38.8794	-3801.02	-5217.97	-0.0577763	0.00340384	0.00689789	-0.00349405	-0.0543725	0	1.59477	0	0	0	-0.164426	-0.0478432	-0.116583	-0.164426	0	-77.7588
22.9775	151.825	-3321.03	-2790.25	-0.0510953	-0.0169312	-0.0128847	-0.00404642	-0.0680265	0	1.09884	0	0	0	-0.158146	-0.0329653	-0.125181	-0.158146	369.263	-65.6128
16.8155	-34.0271	-2841.03	-1348.94	-0.0442365	-0.00340583	0.00508426	-0.0084901	-0.0476424	0	0.942403	0	0	0	-0.159567	-0.0282721	-0.131295	-0.159567	0	-68.0542
11.6135	-37.6587	-2361.04	-673.776	-0.0372	-0.00637542	0.00492722	-0.0113026	-0.0435754	0	0.827467	0	0	0	-0.161741	-0.024824	-0.136917	-0.161741	0	-75.3174
7.37151	-41.2903	-1881.04	-5720.75	-0.0299856	-0.0092512	0.00486618	-0.0141174	-0.0392368	0	0.895577	0	0	0	-0.168695	-0.0268673	-0.141828	-0.168695	0	-82.5806
4.08946	156.708	-1401.05	-5198.82	-0.0225935	-0.0303791	-0.0152618	-0.0151173	-0.0529727	0	0.498621	0	0	0	-0.161742	-0.0149586	-0.146783	-0.161742	395.996	-82.5806
1.76738	-37.6282	-921.056	-4504.5	-0.0150236	-0.0161619	0.00393956	-0.0201014	-0.0311855	0	0.162326	0	0	0	-0.154226	-0.00486979	-0.149357	-0.154226	0	-75.2563
0.405284	-35.2173	-441.062	-2052.84	-0.00727599	-0.0197311	0.00356226	-0.0232934	-0.0270071	0	-0.408098	0	0	0	-0.137226	0.012243	-0.149469	-0.137226	0	-70.4346
0	167.633	0	-2206.07	0	-0.0413757	-0.0167633	-0.0246124	-0.0413757	0	-0.48898	0	0	0	-0.131964	0.0146694	-0.146634	-0.131964	403.32	-68.0542
0	-31.5552	0	-1420.77	0	-0.0268258	0.00315552	-0.0299813	-0.0268258	0	-0.798669	0	0	0	-0.11929	0.0239601	-0.14325	-0.11929	0	-63.1103
0	-29.1748	0	-3661.74	0	-0.0305138	0.00291748	-0.0334313	-0.0305138	0	-0.887	0	0	0	-0.111809	0.02661	-0.138419	-0.111809	0	-58.3496
0	-24.3225	0	-3814.97	0	-0.0344976	0.00243225	-0.0369299	-0.0344976	0	-0.99023	0	0	0	-0.103346	0.0297069	-0.133053	-0.103346	0	-48.645
0	189.514	0	-3623.43	0	-0.0574725	-0.0189514	-0.038521	-0.0574725	0	-1.31163	0	0	0	-0.087274	0.0393488	-0.126623	-0.087274	420.288	-41.2598
0	-16.9983	0	-3723.99	0	-0.0426394	0.00169983	-0.0443392	-0.0426394	0	-1.71816	0	0	0	-0.0665377	0.0515448	-0.118083	-0.0665377	0	-33.9966
0	199.219	0	-2086.36	0	-0.0660226	-0.0199219	-0.0461007	-0.0660226	0	-1.94484	0	0	0	-0.049058	0.0583452	-0.107403	-0.049058	427.612	-29.1748
0	-9.70459	0	-2565.2	0	-0.0509972	0.000970459	-0.0519677	-0.0509972	0	-2.196	0	0	0	-0.0294233	0.0658799	-0.0953032	-0.0294233	0	-19.4092
0	-7.26318	0	-3403.17	0	-0.054995	0.000726318	-0.0557214	-0.054995	0	-2.33647	0	0	0	-0.011934	0.0700942	-0.0820282	-0.011934	0	-14.5264
0	183.411	0	-4092.7	0	-0.0758968	-0.0183411	-0.0575558	-0.0758968	0	-2.28113	0	0	0	0.000699252	0.068434	-0.0677348	0.000699252	379.028	-12.207
0	-3.63159	0	-4068.75	0	-0.0626586	0.000363159	-0.0630218	-0.0626586	0	-2.12682	0	0	0	0.00944699	0.0638047	-0.0543577	0.00944699	0	-7.26318
0	176.147	0	-4705.61	0	-0.0824343	-0.0176147	-0.0648196	-0.0824343	0	-2.13321	0	0	0	0.0225112	0.0639962	-0.041485	0.0225112	352.295	0
0	6.073	0	-5337.68	0	-0.0706503	-0.0006073	-0.070043	-0.0706503	0	-2.01827	0	0	0	0.031674	0.0605481	-0.0288741	0.031674	0	12.146
0	179.749	0	-3503.72	0	-0.08984	-0.0179749	-0.0718652	-0.08984	0	-2.08212	0	0	0	0.0457056	0.0624637	-0.0167581	0.0457056	335.266	24.231
0	15.7776	0	-2191.7	0	-0.0784719	-0.00157776	-0.0768941	-0.0784719	0	-2.14704	0	0	0	0.0602545	0.0644113	-0.00415681	0.0602545	0	31.5552
0	161.53	0	-4332.12	0	-0.0948205	-0.016153	-0.0786675	-0.0948205	0	-2.08745	0	0	0	0.0714159	0.0626234	0.00879249	0.0714159	281.799	41.2598
0	24.3225	0	-5505.28	0	-0.0853875	-0.00243225	-0.0829553	-0.0853875	0	-1.76818	0	0	0	0.0738772	0.0530453	0.0208319	0.0738772	0	48.645
0	137.268	0	-6759.84	0	-0.0982858	-0.0137268	-0.0845589	-0.0982858	0	-1.62025	0	0	0	0.0798378	0.0486075	0.0312302	0.0798378	208.923	65.6128
0	131.195	0	-6462.96	0	-0.100351	-0.0131195	-0.0872314	-0.100351	0	-1.26799	0	0	0	0.078519	0.0380398	0.0404792	0.078519	177.368	85.022
0	52.2156	0	-5811.73	0	-0.0957812	-0.00522156	-0.0905596	-0.0957812	0	-0.818889	0	0	0	0.0719515	0.0245667	0.0473848	0.0719515	0	104.431
0	120.27	0	-5170.09	0	-0.104409	-0.012027	-0.0923818	-0.104409	0	-0.395328	0	0	0	0.0636854	0.0118598	0.0518256	0.0636854	123.901	116.638
0	58.3191	0	-5409.51	0	-0.101105	-0.00583191	-0.0952728	-0.101105	0	0.412419	0	0	0	0.040516	-0.0123726	0.0528886	0.040516	0	116.638
0	102.02	0	-4719.98	0	-0.107139	-0.010202	-0.0969369	-0.107139	0	0.833852	0	0	0	0.024645	-0.0250156	0.0496606	0.024645	82.5806	121.46
0	54.657	0	-6233.11	0	-0.104638	-0.0054657	-0.099172	-0.104638	0	1.44472	0	0	0	0.000559285	-0.0433415	0.0439008	0.000559285	0	109.314
0	69.2444	0	-5720.75	0	-0.107396	-0.00692444	-0.100472	-0.107396	0	1.97151	0	0	0	-0.0248291	-0.0591453	0.0343162	-0.0248291	41.3208	97.168
0	37.6587	0	-4844.48	0	-0.105659	-0.00376587	-0.101893	-0.105659	0	2.31206	0	0	0	-0.0474238	-0.0693618	0.021938	-0.0474238	0	75.3174
0	29.1443	0	-4605.06	0	-0.105694	-0.00291443	-0.102779	-0.105694	0	2.73988	0	0	0	-0.074731	-0.0821964	0.00746542	-0.074731	0	58.2886
0	27.9541	0	-4255.5	0	-0.106207	-0.00279541	-0.103411	-0.106207	0	3.13045	0	0	0	-0.1035	-0.0939135	-0.00958685	-0.1035	17.0288	38.8794
0	7.2937	0	-4945.03	0	-0.104736	-0.00072937	-0.104006	-0.104736	0	3.35607	0	0	0	-0.12946	-0.100682	-0.0287782	-0.12946	0	14.5874
0	9.67407	0	-3714.41	0	-0.105193	-0.000967407	-0.104225	-0.105193	0	3.4561	0	0	0	-0.152767	-0.103683	-0.0490838	-0.152767	33.9355	-14.5874
0	-24.292	0	-3269.09	0	-0.102185	0.0024292	-0.104614	-0.102185	0	3.50825	0	0	0	-0.17525	-0.105248	-0.0700024	-0.17525	0	-48.584
0	-43.7622	0	-2684.91	0	-0.100226	0.00437622	-0.104602	-0.100226	0	3.1528	0	0	0	-0.185282	-0.094584	-0.0906975	-0.185282	0	-87.5244
0	-63.1714	0	-2426.33	0	-0.0979809	0.00631714	-0.104298	-0.0979809	0	2.53661	0	0	0	-0.184749	-0.0760984	-0.10865	-0.184749	0	-126.343
0	-44.9524	0	-4322.54	0	-0.0988067	0.00449524	-0.103302	-0.0988067	0	2.20777	0	0	0	-0.189461	-0.066233	-0.123228	-0.189461	77.7588	-167.664
0	-99.6094	0	-2177.33	0	-0.0927944	0.00996094	-0.102755	-0.0927944	0	1.79804	0	0	0	-0.189972	-0.0539412	-0.136031	-0.189972	0	-199.219
0	-119.049	0	-2550.83	0	-0.0896481	0.0119049	-0.101553	-0.0896481	0	1.34574	0	0	0	-0.186467	-0.0403723	-0.146094	-0.186467	0	-238.098
0	-92.3462	0	-3058.4	0	-0.0902654	0.00923462	-0.0995001	-0.0902654	0	1.20633	0	0	0	-0.190072	-0.0361899	-0.153882	-0.190072	92.2851	-276.978
0	-157.898	0	-2115.09	0	-0.0822524	0.0157898	-0.0980422	-0.0822524	0	1.12971	0	0	0	-0.194918	-0.0338912	-0.161027	-0.194918	0	-315.796
0	-129.974	0	-4427.88	0	-0.0822024	0.0129974	-0.0951998	-0.0822024	0	0.971137	0	0	0	-0.196821	-0.0291341	-0.167687	-0.196821	92.3462	-352.295
0	-189.514	0	-3953.83	0	-0.0741106	0.0189514	-0.0930621	-0.0741106	0	0.268749	0	0	0	-0.180596	-0.00806246	-0.172534	-0.180596	0	-379.028
0	-149.414	0	-2862.08	0	-0.0747802	0.0149414	-0.0897216	-0.0747802	0	-0.328282	0	0	0	-0.16326	0.00984845	-0.173109	-0.16326	102.051	-400.879
0	-199.219	0	-2933.9	0	-0.0673214	0.0199219	-0.0872433	-0.0673214	0	-0.713531	0	0	0	-0.14905	0.0214059	-0.170456	-0.14905	0	-398.437
0	-156.738	0	-1645.82	0	-0.0680471	0.0156738	-0.0837209	-0.0680471	0	-0.894449	0	0	0	-0.139015	0.0268335	-0.165849	-0.139015	104.431	-417.908
0	-200.439	0	-2890.81	0	-0.0611501	0.0200439	-0.0811941	-0.0611501	0	-0.996615	0	0	0	-0.130418	0.0298984	-0.160316	-0.130418	0	-400.879
0	-202.85	0	-3316.98	0	-0.0579086	0.020285	-0.0781936	-0.0579086	0	-1.20946	0	0	0	-0.11774	0.0362838	-0.154024	-0.11774	0	-405.701
0	-144.592	0	-4810.96	0	-0.060212	0.0144592	-0.0746713	-0.060212	0	-1.60854	0	0	0	-0.098006	0.0482563	-0.146262	-0.098006	104.431	-393.616
0	-185.852	0	-3316.98	0	-0.0537902	0.0185852	-0.0723754	-0.0537902	0	-2.15343	0	0	0	-0.0709962	0.0646028	-0.135599	-0.0709962	0	-371.704
0	-3233.58	0	-2182.12	0	0.222996	0.323358	-0.100362	0.222996	0	-2.36734	0	0	0	-0.0513455	0.0710201	-0.122366	-0.0513455	-6127.07	-340.088
0	-159.149	0	-3106.29	0	-0.0514193	0.0159149	-0.0673342	-0.0514193	0	-2.59615	0	0	0	-0.0298526	0.0778844	-0.107737	-0.0298526	0	-318.298
0	-106.903	0	-3738.35	0	-0.0538867	0.0106903	-0.064577	-0.0538867	0	-2.33328	0	0	0	-0.0225607	0.0699985	-0.0925591	-0.0225607	87.4023	-301.208
