0	0	0	-39.7438	0	0	0	0	0	0	-0.00194753	0	0	0	5.8426e-05	5.8426e-05	0	5.8426e-05
0.48	0	480	-178.607	0.00402222	1.2e-05	1.2e-05	0	0.00403422	0	-0.0274889	0	0	0	0.000830511	0.000824668	5.8426e-06	0.000830511
1.92	-3059.88	960	554.018	0.0163556	0.303123	0.30618	-0.00305697	0.319478	0	0.0299792	0	0	0	-0.000872814	-0.000899377	2.65631e-05	-0.000872814
4.32	0	1440	-398.874	0.0248	0.000439821	0.000432	7.82066e-06	0.0252398	0	0.0342361	0	0	0	-0.00116443	-0.00102708	-0.000137349	-0.00116443
7.68	-3061.1	1920	501.346	0.0334222	0.303836	0.306878	-0.00304186	0.337258	0	0.0480711	0	0	0	-0.0018264	-0.00144213	-0.00038427	-0.0018264
12	0	2400	-422.816	0.0422222	0.00123664	0.0012	3.66412e-05	0.0434589	0	0.0374288	0	0	0	-0.00175086	-0.00112286	-0.000627999	-0.00175086
17.28	3.63159	2880	7473.26	0.0512	0.00142678	0.00136484	6.19405e-05	0.0526268	0	-0.0381312	0	0	0	0.000224317	0.00114394	-0.000919618	0.000224317
23.52	2.41089	3360	-212.126	0.0603556	0.00220315	0.00211091	9.22373e-05	0.0625587	0	-0.138168	0	0	0	0.00387885	0.00414505	-0.000266205	0.00387885
30.72	3.63159	3840	-451.546	0.0696889	0.0028455	0.00270884	0.000136654	0.0725344	0	-0.0285532	0	0	0	0.00119911	0.000856595	0.00034251	0.00119911
38.88	6.073	4320	649.786	0.0792	0.00347305	0.0032807	0.000192349	0.0826731	0	0.0863832	0	0	0	-0.00223091	-0.00259149	0.000360581	-0.00223091
48	-3042.91	4800	1985.75	0.0888889	0.306304	0.309091	-0.00278655	0.395193	0	0.105539	0	0	0	-0.00344202	-0.00316618	-0.000275847	-0.00344202
58.08	7.26318	5280	5356.79	0.0987556	0.00543042	0.00508168	0.000348736	0.104186	0	0.0150801	0	0	0	-0.00115077	-0.000452402	-0.000698366	-0.00115077
69.12	17.0288	5760	7434.95	0.103756	0.00504467	0.00464512	0.000399553	0.1088	0	0.081062	0	0	0	-0.00317547	-0.00243186	-0.000743606	-0.00317547
81.12	26.7334	6240	4413.47	0.113889	0.0053163	0.00482666	0.000489642	0.119205	0	0.377981	0	0	0	-0.0129685	-0.0113394	-0.00162906	-0.0129685
94.08	31.5552	6720	3465.37	0.1242	0.00618112	0.00559248	0.000588633	0.130381	0	0.40033	0	0	0	-0.016191	-0.0120099	-0.0041811	-0.016191
108	-2946.9	7200	-130.723	0.14	0.30327	0.30549	-0.00222035	0.44327	0	0.0768051	0	0	0	-0.00886862	-0.00230415	-0.00656446	-0.00886862
122.88	48.6145	7680	5964.91	0.150756	0.00834272	0.00742655	0.000916172	0.159098	0	-0.0934709	0	0	0	-0.00395617	0.00280413	-0.0067603	-0.00395617
138.72	70.4651	8160	759.92	0.1562	0.00701193	0.00602149	0.000990437	0.163212	0	-0.137104	0	0	0	-0.00236676	0.00411312	-0.00647989	-0.00236676
147	108.124	8400	-4995.74	0.167222	0.00498956	0.00388762	0.00110194	0.172212	0	-0.152003	0	0	0	-0.00103331	0.0045601	-0.00559341	-0.00103331
164.28	149.414	8880	5658.46	0.178422	0.00265298	0.00148659	0.00116639	0.181075	0	-0.159453	0	0	0	0.000255444	0.00478359	-0.00452814	0.000255444
182.25	193.146	9000	4217.15	0.18375	9.36278e-05	-0.00108958	0.00118321	0.183844	0	0.131081	0	0	0	-0.00790293	-0.00393242	-0.00397051	-0.00790293
200.25	230.743	9000	5538.75	0.187083	-0.00189837	-0.00304935	0.00115098	0.185185	0	0.331155	0	0	0	-0.0149918	-0.00993465	-0.0050571	-0.0149918
218.25	2699.1	9000	5768.59	0.190417	-0.247002	-0.248085	0.00108312	-0.0565849	0	0.554642	0	0	0	-0.0239036	-0.0166393	-0.00726433	-0.0239036
236.25	-2168.24	9000	5658.46	0.192083	0.238152	0.239549	-0.00139772	0.430235	0	0.74301	0	0	0	-0.0312186	-0.0222903	-0.00892826	-0.0312186
254.25	302.429	9000	6836.4	0.197083	-0.00390352	-0.00481794	0.000914421	0.19318	0	0.964369	0	0	0	-0.0450285	-0.0289311	-0.0160974	-0.0450285
272.25	323.151	9000	3398.33	0.19875	-0.00512385	-0.00599009	0.000866241	0.193626	0	1.11123	0	0	0	-0.0523275	-0.033337	-0.0189905	-0.0523275
290.25	2072.33	9000	2378.4	0.20375	-0.177574	-0.178208	0.00063346	0.0261757	0	1.04951	0	0	0	-0.0607546	-0.0314852	-0.0292694	-0.0607546
308.25	-1242.65	9000	-1768.36	0.205417	0.153041	0.154189	-0.00114862	0.358457	0	1.27406	0	0	0	-0.0706397	-0.0382218	-0.0324179	-0.0706397
326.25	494.385	9000	27191.9	0.210417	-0.0167167	-0.0168135	9.68415e-05	0.1937	0	1.28151	0	0	0	-0.0846987	-0.0384452	-0.0462534	-0.0846987
344.25	517.456	9000	29169.5	0.21375	-0.0175694	-0.0173206	-0.000248709	0.196181	0	1.99986	0	0	0	-0.110723	-0.0599958	-0.0507274	-0.110723
362.25	517.426	9000	10992.7	0.217083	-0.0161037	-0.0155176	-0.000586152	0.20098	0	-1.10981	0	0	0	-0.0245732	0.0332942	-0.0578674	-0.0245732
380.25	504.12	9000	8354.33	0.220417	-0.0132661	-0.012387	-0.000879051	0.207151	0	-1.91117	0	0	0	0.00756322	0.057335	-0.0497718	0.00756322
398.25	500.488	9000	343.329	0.22375	-0.0113417	-0.0102239	-0.00111779	0.212408	0	-2.83811	0	0	0	0.0485561	0.0851432	-0.0365871	0.0485561
416.25	517.456	9000	1717.6	0.227083	-0.0114412	-0.0101206	-0.00132053	0.215642	0	-2.69018	0	0	0	0.0613257	0.0807054	-0.0193797	0.0613257
434.25	545.441	9000	4030.4	0.230417	-0.0126452	-0.0111191	-0.00152609	0.217771	0	-2.00482	0	0	0	0.0558779	0.0601446	-0.00426666	0.0558779
452.25	580.627	9000	6898.65	0.23375	-0.0145991	-0.0128378	-0.00176129	0.219151	0	-2.02291	0	0	0	0.0680601	0.0606873	0.00737275	0.0680601
470.25	590.363	9000	16374.9	0.235417	-0.014801	-0.0129113	-0.00188967	0.220616	0	-2.57524	0	0	0	0.0906988	0.0772573	0.0134415	0.0906988
488.25	603.729	9000	12999.1	0.23875	-0.0145966	-0.012448	-0.0021486	0.224153	0	-3.58839	0	0	0	0.138546	0.107652	0.0308948	0.138546
506.25	607.361	9000	13564.1	0.242083	-0.0134009	-0.0110111	-0.00238975	0.228682	0	-3.25209	0	0	0	0.149662	0.0975627	0.0520994	0.149662
524.25	640.167	9000	6137.3	0.247083	-0.0143091	-0.0115917	-0.00271738	0.232774	0	-3.26699	0	0	0	0.179314	0.0980097	0.0813044	0.179314
542.25	653.534	9000	-15396.2	0.24875	-0.0148617	-0.0120284	-0.00283329	0.233888	0	-3.16057	0	0	0	0.185922	0.094817	0.0911054	0.185922
560.25	698.456	9000	108.697	0.252083	-0.0178049	-0.0147206	-0.00308427	0.234278	0	-2.61994	0	0	0	0.187652	0.0785982	0.109054	0.187652
578.25	754.364	9000	11687.1	0.255417	-0.0219102	-0.0185114	-0.00339883	0.233506	0	-3.06266	0	0	0	0.217026	0.0918798	0.125147	0.217026
596.25	793.213	9000	3570.71	0.25875	-0.0243794	-0.0205963	-0.0037831	0.234371	0	-2.70189	0	0	0	0.224806	0.0810566	0.143749	0.224806
623.25	816.254	9000	510.923	0.265417	-0.0238862	-0.0193004	-0.00458579	0.241531	0	-0.839493	0	0	0	0.190754	0.0251848	0.165569	0.190754
641.25	834.503	9000	7626.49	0.26875	-0.0242942	-0.0193253	-0.00496893	0.244456	0	-0.643675	0	0	0	0.189565	0.0193103	0.170255	0.189565
659.25	862.457	9000	-2773.92	0.272083	-0.0256769	-0.0203207	-0.00535617	0.246406	0	-0.601106	0	0	0	0.192073	0.0180332	0.17404	0.192073
677.25	907.41	9000	2167.71	0.275417	-0.0287901	-0.0230159	-0.00577418	0.246627	0	-0.858649	0	0	0	0.203818	0.0257595	0.178059	0.203818
695.25	949.921	9000	113.485	0.27875	-0.0314714	-0.025467	-0.00600434	0.247279	0	-0.996998	0	0	0	0.210545	0.0299099	0.180635	0.210545
713.25	-3533.6	9000	3723.94	0.282083	0.417882	0.424685	-0.00680305	0.699965	0	-1.6217	0	0	0	0.240273	0.048651	0.191622	0.240273
731.25	1077.45	9000	22144.9	0.285417	-0.0420639	-0.0346203	-0.00744354	0.243353	0	-0.764997	0	0	0	0.22368	0.0229499	0.20073	0.22368
749.25	1084.78	9000	7296.09	0.28875	-0.0416943	-0.0335527	-0.00814151	0.247056	0	1.14422	0	0	0	0.168302	-0.0343267	0.202628	0.168302
767.25	1079.89	9000	1684.08	0.292083	-0.0400619	-0.0312645	-0.00879743	0.252021	0	2.77781	0	0	0	0.10923	-0.0833343	0.192564	0.10923
785.25	-3503.27	9000	-848.984	0.295417	0.414851	0.428852	-0.0140005	0.710268	0	3.06089	0	0	0	0.0835756	-0.0918268	0.175402	0.0835756
803.25	1106.63	9000	-1093.19	0.29875	-0.04035	-0.0303378	-0.0100122	0.2584	0	3.14922	0	0	0	0.0623272	-0.0944767	0.156804	0.0623272
821.25	1180.73	9000	-6523.24	0.302083	-0.0465926	-0.0359475	-0.0106452	0.255491	0	3.12794	0	0	0	0.0443322	-0.0938382	0.13817	0.0443322
839.25	1231.72	9000	4308.13	0.305417	-0.0506312	-0.039247	-0.0113842	0.254786	0	4.07936	0	0	0	-0.00408899	-0.122381	0.118292	-0.00408899
857.25	1257.23	9000	11438.1	0.30875	-0.0521815	-0.0399982	-0.0121833	0.256569	0	3.98783	0	0	0	-0.0269911	-0.119635	0.0926438	-0.0269911
875.25	1265.72	9000	15642.3	0.312083	-0.0520306	-0.0390466	-0.012984	0.260053	0	1.97325	0	0	0	0.0135675	-0.0591976	0.0727651	0.0135675
893.251	1239.04	9000	16561.7	0.31375	-0.0488538	-0.0354794	-0.0133744	0.264896	0	3.18221	0	0	0	-0.028621	-0.0954664	0.0668454	-0.028621
911.251	1213.47	9000	4221.94	0.317083	-0.0451642	-0.031122	-0.0140422	0.271919	0	5.82575	0	0	0	-0.132751	-0.174772	0.0420212	-0.132751
929.251	1230.47	9000	415.155	0.322083	-0.0450671	-0.0301218	-0.0149453	0.277016	0	4.09958	0	0	0	-0.127807	-0.122987	-0.00482013	-0.127807
947.251	1235.38	9000	-1021.37	0.32375	-0.0449597	-0.0297131	-0.0152465	0.27879	0	4.1613	0	0	0	-0.141958	-0.124839	-0.0171189	-0.141958
965.251	1269.41	9000	-815.465	0.327083	-0.0471683	-0.0313158	-0.0158524	0.279915	0	4.25921	0	0	0	-0.170042	-0.127776	-0.0422655	-0.170042
983.251	1313.14	9000	4485.3	0.330417	-0.0503806	-0.033889	-0.0164916	0.280036	0	4.18684	0	0	0	-0.193311	-0.125605	-0.0677058	-0.193311
1001.25	1348.36	9000	19362.9	0.33375	-0.0527905	-0.0356107	-0.0171797	0.28096	0	5.8928	0	0	0	-0.271498	-0.176784	-0.0947137	-0.271498
1019.25	1348.33	9000	38961.8	0.337083	-0.0516967	-0.0338077	-0.017889	0.285387	0	4.57848	0	0	0	-0.269232	-0.137354	-0.131878	-0.269232
1037.2	1263.31	8839.98	20138.6	0.340417	-0.0420106	-0.0235055	-0.0185052	0.298406	0	1.2432	0	0	0	-0.187267	-0.0372959	-0.149972	-0.187267
1054.4	1211.09	8359.98	1540.43	0.337021	-0.0354496	-0.0165173	-0.0189323	0.301572	0	5.30002	0	0	0	-0.323848	-0.159001	-0.164847	-0.323848
1070.64	1206.15	7879.98	-4325.36	0.332118	-0.0335966	-0.0143509	-0.0192457	0.298521	0	4.89136	0	0	0	-0.343561	-0.146741	-0.19682	-0.343561
1085.92	1252.38	7399.98	850.899	0.324429	-0.0363293	-0.0166463	-0.019683	0.288099	0	3.17796	0	0	0	-0.332752	-0.0953387	-0.237413	-0.332752
1100.24	1258.45	6919.98	-5570.35	0.321777	-0.0363751	-0.0165256	-0.0198495	0.285402	0	2.48302	0	0	0	-0.321438	-0.0744905	-0.246947	-0.321438
1113.6	1310.7	6439.98	-1179.38	0.31634	-0.0405634	-0.0203662	-0.0201972	0.275776	0	2.5043	0	0	0	-0.336636	-0.0751291	-0.261507	-0.336636
1126	1370.21	5959.98	-8443.39	0.310725	-0.0456562	-0.0250291	-0.0206271	0.265069	0	2.71076	0	0	0	-0.358331	-0.0813229	-0.277008	-0.358331
1137.44	1435.82	5479.97	980.186	0.304932	-0.0515528	-0.0303984	-0.0211544	0.25338	0	-0.451051	0	0	0	-0.272749	0.0135315	-0.286281	-0.272749
1147.92	1492.89	4999.97	-504.219	0.298962	-0.0567951	-0.0350092	-0.0217859	0.242167	0	2.94276	0	0	0	-0.378323	-0.0882829	-0.29004	-0.378323
1157.44	1488.04	4519.97	30840.7	0.292814	-0.0560061	-0.033524	-0.0224821	0.236808	0	0.153429	0	0	0	-0.310664	-0.00460288	-0.306062	-0.310664
1166	1388.43	4039.97	7679.16	0.286488	-0.0457609	-0.0226591	-0.0231018	0.240727	0	-5.52208	0	0	0	-0.131758	0.165662	-0.29742	-0.131758
1173.6	1324.04	3559.97	-2438.73	0.279984	-0.0389202	-0.0154119	-0.0235084	0.241064	0	-6.12656	0	0	0	-0.0779877	0.183797	-0.261785	-0.0779877
1180.24	813.843	3079.97	-3113.9	0.269895	0.0150421	0.0366394	-0.0215973	0.284937	0	-5.69023	0	0	0	-0.0385246	0.170707	-0.209232	-0.0385246
1185.92	1394.47	2599.97	328.963	0.262947	-0.0451461	-0.0208553	-0.0242907	0.217801	0	-5.72961	0	0	0	-0.00310296	0.171888	-0.174991	-0.00310296
1190.64	1400.54	2119.97	6161.24	0.255821	-0.0457497	-0.0209906	-0.0247591	0.210071	0	-6.18935	0	0	0	0.0456992	0.185681	-0.139981	0.0456992
1194.4	1439.48	1639.97	2067.15	0.252191	-0.0496536	-0.0246847	-0.024969	0.202538	0	-6.48734	0	0	0	0.0732068	0.19462	-0.121413	0.0732068
1197.2	1428.5	1159.97	29830.3	0.241036	-0.0488163	-0.0231301	-0.0256862	0.19222	0	-8.3476	0	0	0	0.195117	0.250428	-0.0553106	0.195117
1199.04	1366.61	679.965	23864	0.233377	-0.0428878	-0.0167571	-0.0261307	0.190489	0	-4.95272	0	0	0	0.137923	0.148582	-0.0106589	0.137923
1199.92	1300.96	199.964	-1040.52	0.22554	-0.0365335	-0.0101047	-0.0264288	0.189006	0	-7.03967	0	0	0	0.232214	0.21119	0.0210241	0.232214
1200	1253.57	0	2670.49	0.222222	-0.0319636	-0.00535704	-0.0266065	0.190259	0	-7.58349	0	0	0	0.292513	0.227505	0.0650085	0.292513
1200	1215.94	0	-8500.85	0.222222	-0.0282824	-0.00159423	-0.0266882	0.19394	0	-7.56007	0	0	0	0.337101	0.226802	0.110299	0.337101
1200	1202.55	0	7008.79	0.222222	-0.0269648	-0.000254504	-0.0267103	0.195257	0	-7.83252	0	0	0	0.391034	0.234976	0.156058	0.391034
1200	1186.8	0	10528.3	0.222222	-0.0253927	0.0013202	-0.0267129	0.19683	0	-7.95703	0	0	0	0.418267	0.238711	0.179556	0.418267
1200	1203.74	0	3786.19	0.222222	-0.027059	-0.000373535	-0.0266855	0.195163	0	-8.10177	0	0	0	0.495276	0.243053	0.252223	0.495276
1200	1208.62	0	654.575	0.222222	-0.0275633	-0.000861816	-0.0267015	0.194659	0	-5.57104	0	0	0	0.465631	0.167131	0.298499	0.465631
1200	1195.25	0	16547.3	0.222222	-0.0262415	0.000474866	-0.0267164	0.195981	0	-0.391454	0	0	0	0.335895	0.0117436	0.324152	0.335895
1200	1186.8	0	-422.816	0.222222	-0.0253879	0.0013202	-0.0267081	0.196834	0	1.5763	0	0	0	0.274732	-0.047289	0.322021	0.274732
1200	1180.69	0	4858.79	0.222222	-0.0247644	0.00193055	-0.0266949	0.197458	0	1.60184	0	0	0	0.269237	-0.0480552	0.317292	0.269237
1200	1180.69	0	-1179.38	0.222222	-0.0247221	0.00193055	-0.0266527	0.1975	0	1.36558	0	0	0	0.267212	-0.0409675	0.308179	0.267212
1200	1185.58	0	4059.13	0.222222	-0.0251718	0.00144227	-0.0266141	0.19705	0	1.52202	0	0	0	0.254101	-0.0456607	0.299762	0.254101
1200	1215.94	0	8545.86	0.222222	-0.0281845	-0.00159423	-0.0265902	0.194038	0	1.90727	0	0	0	0.228536	-0.0572182	0.285754	0.228536
1200	1219.57	0	3867.59	0.222222	-0.0285636	-0.00195739	-0.0266062	0.193659	0	2.8257	0	0	0	0.195261	-0.084771	0.280032	0.195261
1200	1230.5	0	424.731	0.222222	-0.0297074	-0.00304991	-0.0266575	0.192515	0	5.3692	0	0	0	0.0977815	-0.161076	0.258857	0.0977815
1200	1225.62	0	-599.987	0.222222	-0.0292789	-0.00256163	-0.0267173	0.192943	0	6.67819	0	0	0	0.0238381	-0.200346	0.224184	0.0238381
1200	1218.32	0	5610.57	0.222222	-0.0285936	-0.00183226	-0.0267613	0.193629	0	6.91552	0	0	0	-0.0242	-0.207465	0.183265	-0.0242
1200	1225.65	0	5103	0.222222	-0.0293627	-0.00256468	-0.0267981	0.192859	0	6.79739	0	0	0	-0.0619385	-0.203922	0.141983	-0.0619385
1200	1232.94	0	12319.1	0.222222	-0.0301422	-0.00329406	-0.0268481	0.19208	0	6.63562	0	0	0	-0.09787	-0.199069	0.101199	-0.09787
1200	1240.23	0	11423.7	0.222222	-0.0309399	-0.00402343	-0.0269164	0.191282	0	6.1514	0	0	0	-0.122279	-0.184542	0.062263	-0.122279
1200	1236.57	0	4547.55	0.222222	-0.0306566	-0.00365721	-0.0269994	0.191566	0	8.5342	0	0	0	-0.232916	-0.256026	0.0231101	-0.232916
1200	1174.65	0	1846.89	0.222222	-0.0245002	0.0025348	-0.027035	0.197722	0	7.9127	0	0	0	-0.295548	-0.237381	-0.0581674	-0.295548
1200	1146.7	0	5476.5	0.222222	-0.0216322	0.00533021	-0.0269624	0.20059	0	7.95101	0	0	0	-0.343523	-0.23853	-0.104992	-0.343523
1200	1130.92	0	-7289.39	0.222222	-0.0199381	0.00690797	-0.0268461	0.202284	0	8.10745	0	0	0	-0.396401	-0.243223	-0.153177	-0.396401
1200	1132.11	0	7363.13	0.222222	-0.0199165	0.00678894	-0.0267054	0.202306	0	7.85097	0	0	0	-0.436671	-0.235529	-0.201142	-0.436671
1200	1132.17	0	13966.3	0.222222	-0.0197868	0.00678284	-0.0265696	0.202435	0	7.19328	0	0	0	-0.463931	-0.215798	-0.248133	-0.463931
1200	1119.93	0	1123.84	0.222222	-0.0184274	0.00800659	-0.026434	0.203795	0	3.53341	0	0	0	-0.392372	-0.106002	-0.286369	-0.392372
1200	-1466.16	0	6884.29	0.222222	0.240328	0.266616	-0.0262872	0.462551	0	0.570606	0	0	0	-0.319436	-0.0171182	-0.302318	-0.319436
1200	1160.03	0	12017.5	0.222222	-0.0221962	0.00399659	-0.0261928	0.200026	0	-1.13003	0	0	0	-0.269571	0.0339008	-0.303472	-0.269571
1200	1177.06	0	5457.34	0.222222	-0.0238277	0.00229371	-0.0261214	0.198395	0	-2.79447	0	0	0	-0.20983	0.0838342	-0.293665	-0.20983
1200	1204.99	0	-8553.53	0.222222	-0.0265863	-0.000498645	-0.0260877	0.195636	0	-3.25528	0	0	0	-0.178266	0.0976585	-0.275924	-0.178266
1200	1220.79	0	3345.66	0.222222	-0.028182	-0.00207946	-0.0261025	0.19404	0	-4.1354	0	0	0	-0.131306	0.124062	-0.255367	-0.131306
1200	1254.79	0	24074.7	0.222222	-0.0316024	-0.00547911	-0.0261233	0.19062	0	-5.17195	0	0	0	-0.0878027	0.155159	-0.242961	-0.0878027
1200	1203.8	0	3144.54	0.222222	-0.0265654	-0.000379626	-0.0261857	0.195657	0	-8.69241	0	0	0	0.0797473	0.260772	-0.181025	0.0797473
1200	1190.46	0	1918.71	0.222222	-0.0252344	0.000953992	-0.0261884	0.196988	0	-7.4047	0	0	0	0.091259	0.222141	-0.130882	0.091259
1200	1178.28	0	-4009.33	0.222222	-0.0239988	0.00217164	-0.0261705	0.198223	0	-7.70162	0	0	0	0.144451	0.231048	-0.0865974	0.144451
1200	1173.43	0	13554.5	0.222222	-0.0234701	0.00265687	-0.026127	0.198752	0	-8.8563	0	0	0	0.22678	0.265689	-0.0389095	0.22678
1200	1172.24	0	-12025.1	0.222222	-0.0232967	0.00277589	-0.0260726	0.198925	0	-9.98119	0	0	0	0.3158	0.299436	0.0163642	0.3158
1200	1184.39	0	2426.28	0.222222	-0.0244618	0.00156129	-0.0260231	0.19776	0	-9.53953	0	0	0	0.362396	0.286186	0.0762098	0.362396
1200	1191.68	0	10537.8	0.222222	-0.0251672	0.000831909	-0.0259991	0.197055	0	-7.58349	0	0	0	0.358535	0.227505	0.13103	0.358535
1200	1194.15	0	-3477.82	0.222222	-0.025394	0.000584717	-0.0259788	0.196828	0	-5.40289	0	0	0	0.334806	0.162087	0.172719	0.334806
1200	1198.91	0	12280.8	0.222222	-0.0258644	0.000108643	-0.025973	0.196358	0	-3.27444	0	0	0	0.300582	0.0982332	0.202349	0.300582
1200	1191.62	0	-3927.93	0.222222	-0.025128	0.000838013	-0.025966	0.197094	0	-1.62489	0	0	0	0.267314	0.0487467	0.218567	0.267314
1200	-2918.95	0	357.694	0.222222	0.385946	0.411895	-0.0259481	0.608169	0	-1.63021	0	0	0	0.277184	0.0489064	0.228278	0.277184
1200	5339.87	0	10102.1	0.222222	-0.435817	-0.413987	-0.0218291	-0.213594	0	-1.50783	0	0	0	0.278403	0.0452348	0.233169	0.278403
1200	1268.13	0	-465.912	0.222222	-0.0328209	-0.00681273	-0.0260082	0.189401	0	-1.08746	0	0	0	0.278239	0.0326237	0.245615	0.278239
1200	1277.86	0	3838.86	0.222222	-0.0339453	-0.00778624	-0.0261591	0.188277	0	-0.419124	0	0	0	0.264468	0.0125737	0.251894	0.264468
1200	1289.98	0	-4052.43	0.222222	-0.0353175	-0.00899779	-0.0263197	0.186905	0	1.32514	0	0	0	0.211708	-0.0397542	0.251462	0.211708
1200	1297.3	0	5265.81	0.222222	-0.0362336	-0.00973021	-0.0265034	0.185989	0	2.63414	0	0	0	0.16268	-0.0790241	0.241704	0.16268
1200	1292.39	0	-1840.18	0.222222	-0.0359346	-0.00923888	-0.0266957	0.186288	0	4.8754	0	0	0	0.0760871	-0.146262	0.222349	0.0760871
1200	1285.19	0	7985.62	0.222222	-0.0353992	-0.00851866	-0.0268805	0.186823	0	6.40256	0	0	0	-0.00138429	-0.192077	0.190693	-0.00138429
1200	1280.3	0	6635.29	0.222222	-0.0350764	-0.00803038	-0.027046	0.187146	0	7.24649	0	0	0	-0.0669533	-0.217395	0.150441	-0.0669533
1200	1280.3	0	7698.32	0.222222	-0.0352407	-0.00803038	-0.0272103	0.186981	0	7.64238	0	0	0	-0.122437	-0.229271	0.106835	-0.122437
1200	1265.78	0	10193.1	0.222222	-0.0339487	-0.00657775	-0.0273709	0.188274	0	8.78855	0	0	0	-0.204518	-0.263657	0.0591382	-0.204518
1200	1260.83	0	9417.35	0.222222	-0.03352	-0.00608336	-0.0274367	0.188702	0	8.71193	0	0	0	-0.228585	-0.261358	0.0327726	-0.228585
1200	1247.56	0	4490.09	0.222222	-0.0322534	-0.00475585	-0.0274975	0.189969	0	8.13086	0	0	0	-0.237289	-0.243926	0.0066368	-0.237289
1200	1213.47	0	4609.8	0.222222	-0.0289483	-0.00134703	-0.0276013	0.193274	0	7.1124	0	0	0	-0.275232	-0.213372	-0.0618605	-0.275232
1200	1198.97	0	17754	0.222222	-0.0275122	0.000102539	-0.0276147	0.19471	0	3.75477	0	0	0	-0.195841	-0.112643	-0.0831977	-0.195841
1200	1173.43	0	-12786.5	0.222222	-0.0249363	0.00265686	-0.0275931	0.197286	0	4.38479	0	0	0	-0.234176	-0.131544	-0.102633	-0.234176
1200	1166.11	0	2263.48	0.222222	-0.024141	0.00338928	-0.0275303	0.198081	0	4.32945	0	0	0	-0.260095	-0.129883	-0.130212	-0.260095
1200	1160.03	0	233.195	0.222222	-0.0234623	0.00399658	-0.0274589	0.19876	0	3.00875	0	0	0	-0.244312	-0.0902624	-0.15405	-0.244312
1200	-1480.77	0	-532.949	0.222222	0.240702	0.268077	-0.0273754	0.462924	0	2.3883	0	0	0	-0.242477	-0.0716491	-0.170828	-0.242477
1200	1207.43	0	-13432.9	0.222222	-0.0280105	-0.000742798	-0.0272677	0.194212	0	2.3021	0	0	0	-0.261178	-0.069063	-0.192115	-0.261178
1200	1211.06	0	12582.5	0.222222	-0.0283811	-0.00110596	-0.0272752	0.193841	0	1.90089	0	0	0	-0.256048	-0.0570266	-0.199022	-0.256048
1200	1254.79	0	1004.13	0.222222	-0.0327995	-0.00547911	-0.0273204	0.189423	0	0.975011	0	0	0	-0.238305	-0.0292503	-0.209054	-0.238305
1200	1297.27	0	-1337.4	0.222222	-0.0371729	-0.00972716	-0.0274458	0.185049	0	0.286458	0	0	0	-0.222381	-0.00859373	-0.213787	-0.222381
1200	1320.37	0	12357.4	0.222222	-0.0396875	-0.0120373	-0.0276501	0.182535	0	-1.22368	0	0	0	-0.176704	0.0367103	-0.213414	-0.176704
1200	1364.23	0	640.21	0.222222	-0.0443148	-0.0164227	-0.0278921	0.177907	0	-2.80725	0	0	0	-0.118646	0.0842174	-0.202864	-0.118646
1200	-530.853	0	1061.59	0.222222	0.142893	0.173085	-0.0301921	0.365115	0	-3.37128	0	0	0	-0.0745922	0.101139	-0.175731	-0.0745922
1200	1356.84	0	11696.6	0.222222	-0.0443047	-0.0156842	-0.0286205	0.177918	0	-3.70226	0	0	0	-0.0440171	0.111068	-0.155085	-0.0440171
1200	1350.77	0	1894.77	0.222222	-0.0440098	-0.0150769	-0.0289329	0.178212	0	-5.6764	0	0	0	0.0397832	0.170292	-0.130509	0.0397832
1200	1344.73	0	975.398	0.222222	-0.0437083	-0.0144726	-0.0292357	0.178514	0	-6.71295	0	0	0	0.107464	0.201389	-0.0939249	0.107464
1200	2954.19	0	1181.3	0.222222	-0.203308	-0.175419	-0.0278889	0.018914	0	-5.51889	0	0	0	0.110483	0.165567	-0.0550839	0.110483
1200	1326.51	0	10906.5	0.222222	-0.0422938	-0.0126507	-0.0296431	0.179928	0	-5.24751	0	0	0	0.118898	0.157425	-0.0385272	0.118898
1200	1292.42	0	3982.52	0.222222	-0.0392341	-0.00924194	-0.0299922	0.182988	0	-7.57285	0	0	0	0.243322	0.227185	0.0161362	0.243322
1200	1269.35	0	8895.42	0.222222	-0.0371034	-0.00693481	-0.0301686	0.185119	0	-6.53629	0	0	0	0.256988	0.196089	0.0608996	0.256988
1200	1239.01	0	-10626.9	0.222222	-0.0342002	-0.00390137	-0.0302989	0.188022	0	-5.14109	0	0	0	0.251927	0.154233	0.0976941	0.251927
1200	1239.01	0	-169.031	0.222222	-0.0342843	-0.00390137	-0.0303829	0.187938	0	-4.12476	0	0	0	0.250518	0.123743	0.126775	0.250518
1200	1241.46	0	6338.41	0.222222	-0.0345674	-0.00414551	-0.0304219	0.187655	0	-3.72354	0	0	0	0.250856	0.111706	0.139149	0.250856
1200	1249.94	0	-9056.31	0.222222	-0.0355438	-0.0049939	-0.0305499	0.186678	0	-2.71146	0	0	0	0.250449	0.0813439	0.169105	0.250449
1200	1268.16	0	9838.73	0.222222	-0.0374729	-0.0068158	-0.0306571	0.184749	0	-1.8537	0	0	0	0.240036	0.055611	0.184425	0.240036
1200	2980.9	0	17174.6	0.222222	-0.208883	-0.17809	-0.0307934	0.0133392	0	0.112989	0	0	0	0.189776	-0.00338966	0.193166	0.189776
1200	-449.463	0	5246.65	0.222222	0.132372	0.164946	-0.0325743	0.354594	0	0.913286	0	0	0	0.165428	-0.0273986	0.192827	0.165428
1200	1255.98	0	-2295.08	0.222222	-0.0366302	-0.00559814	-0.0310321	0.185592	0	2.66074	0	0	0	0.0973203	-0.0798223	0.177143	0.0973203
1200	1265.75	0	5012.02	0.222222	-0.0377249	-0.00657471	-0.0311502	0.184497	0	2.7246	0	0	0	0.0795009	-0.0817379	0.161239	0.0795009
1200	1260.89	0	1664.93	0.222222	-0.0373736	-0.00608948	-0.0312841	0.184849	0	3.70156	0	0	0	0.0324366	-0.111047	0.143483	0.0324366
1200	1271.79	0	6596.98	0.222222	-0.0385909	-0.00717895	-0.0314119	0.183631	0	4.25708	0	0	0	-0.00738038	-0.127712	0.120332	-0.00738038
1200	1271.82	0	1554.79	0.222222	-0.0387412	-0.00718201	-0.0315592	0.183481	0	4.97437	0	0	0	-0.055179	-0.149231	0.0940521	-0.055179
1200	1282.75	0	4944.98	0.222222	-0.0399056	-0.00827454	-0.0316311	0.182317	0	5.57246	0	0	0	-0.088045	-0.167174	0.079129	-0.088045
1200	1240.2	0	324.175	0.222222	-0.0358049	-0.00402039	-0.0317845	0.186417	0	5.20744	0	0	0	-0.127677	-0.156223	0.0285458	-0.127677
1200	1228.09	0	2684.86	0.222222	-0.0346616	-0.00280884	-0.0318528	0.187561	0	5.15316	0	0	0	-0.156997	-0.154595	-0.00240193	-0.156997
1200	1236.57	0	-1121.92	0.222222	-0.0355662	-0.00365723	-0.031909	0.186656	0	5.1936	0	0	0	-0.189234	-0.155808	-0.0334262	-0.189234
1200	1246.31	0	-13193.5	0.222222	-0.0366178	-0.00463074	-0.031987	0.185604	0	5.12868	0	0	0	-0.218439	-0.15386	-0.0645783	-0.218439
1200	1267	0	3886.75	0.222222	-0.0387891	-0.00669983	-0.0320893	0.183433	0	4.67745	0	0	0	-0.235054	-0.140324	-0.094731	-0.235054
1200	1291.26	0	-6599.86	0.222222	-0.0413626	-0.00912598	-0.0322366	0.18086	0	4.41033	0	0	0	-0.254722	-0.13231	-0.122413	-0.254722
1200	1326.42	0	4514.03	0.222222	-0.0450826	-0.0126416	-0.032441	0.17714	0	3.46956	0	0	0	-0.252128	-0.104087	-0.148041	-0.252128
1200	1331.36	0	18228	0.222222	-0.0458348	-0.013136	-0.0326988	0.176387	0	-0.28716	0	0	0	-0.156135	0.0086148	-0.16475	-0.156135
1200	1320.37	0	-2500.98	0.222222	-0.0449903	-0.0120374	-0.032953	0.177232	0	-2.66357	0	0	0	-0.0775801	0.0799072	-0.157487	-0.0775801
1200	1314.36	0	2431.07	0.222222	-0.0446238	-0.0114362	-0.0331877	0.177598	0	-2.31025	0	0	0	-0.0727922	0.0693076	-0.1421	-0.0727922
1200	1319.18	0	1961.81	0.222222	-0.0453261	-0.0119183	-0.0334078	0.176896	0	-2.38794	0	0	0	-0.0565553	0.0716382	-0.128194	-0.0565553
1200	1348.36	0	2215.59	0.222222	-0.0483628	-0.0148358	-0.033527	0.173859	0	-2.38581	0	0	0	-0.0494554	0.0715744	-0.12103	-0.0494554
1200	1330.08	0	2033.64	0.222222	-0.0468985	-0.0130078	-0.0338906	0.175324	0	-2.27407	0	0	0	-0.0321144	0.068222	-0.100336	-0.0321144
1200	1334.99	0	6640.08	0.222222	-0.047661	-0.0134991	-0.0341618	0.174561	0	-3.02754	0	0	0	0.00466416	0.0908262	-0.086162	0.00466416
1200	1319.18	0	3905.9	0.222222	-0.0463501	-0.0119183	-0.0344318	0.175872	0	-4.00343	0	0	0	0.0541942	0.120103	-0.0659088	0.0541942
1200	-1748.05	0	2838.09	0.222222	0.260131	0.294805	-0.0346738	0.482353	0	-4.04281	0	0	0	0.0795749	0.121284	-0.0417094	0.0795749
1200	1307.04	0	13995.1	0.222222	-0.0455904	-0.0107037	-0.0348866	0.176632	0	-4.25033	0	0	0	0.110686	0.12751	-0.0168236	0.110686
1200	1314.33	0	-9104.19	0.222222	-0.0465423	-0.0114331	-0.0351092	0.17568	0	-4.39294	0	0	0	0.140978	0.131788	0.00918927	0.140978
1200	1288.82	0	-226.491	0.222222	-0.0442039	-0.00888184	-0.0353221	0.178018	0	-3.9002	0	0	0	0.151803	0.117006	0.0347966	0.151803
1200	1269.41	0	-422.816	0.222222	-0.0424224	-0.00694092	-0.0354815	0.1798	0	-3.36596	0	0	0	0.158114	0.100979	0.0571347	0.158114
1200	1276.67	0	1415.93	0.222222	-0.0432899	-0.00766724	-0.0356227	0.178932	0	-3.21165	0	0	0	0.17331	0.0963495	0.0769601	0.17331
1200	1274.23	0	-1935.95	0.222222	-0.0431225	-0.0074231	-0.0356994	0.1791	0	-3.25741	0	0	0	0.184317	0.0977224	0.0865951	0.184317
1200	1281.56	0	-20203.7	0.222222	-0.0439924	-0.00815552	-0.0358369	0.17823	0	-3.01796	0	0	0	0.196621	0.0905389	0.106082	0.196621
1200	1303.38	0	20938.3	0.222222	-0.0463509	-0.0103375	-0.0360134	0.175871	0	-0.912924	0	0	0	0.149285	0.0273877	0.121898	0.149285
1200	1274.26	0	-5441.06	0.222222	-0.043622	-0.00742615	-0.0361958	0.1786	0	0.982461	0	0	0	0.0946894	-0.0294738	0.124163	0.0946894
1200	269.684	0	156.581	0.222222	0.0556742	0.0930316	-0.0373574	0.277896	0	1.30918	0	0	0	0.0774319	-0.0392753	0.116707	0.0774319
1200	1275.45	0	-10914.2	0.222222	-0.0440514	-0.00754517	-0.0365062	0.178171	0	0.975011	0	0	0	0.0807448	-0.0292503	0.109995	0.0807448
1200	1279.05	0	1468.6	0.222222	-0.0446257	-0.00790527	-0.0367204	0.177597	0	1.25277	0	0	0	0.0620022	-0.0375832	0.0995854	0.0620022
1200	1288.82	0	-14615.6	0.222222	-0.0456813	-0.00888184	-0.0367995	0.176541	0	1.22404	0	0	0	0.0591059	-0.0367212	0.0958271	0.0591059
1200	1317.99	0	271.502	0.222222	-0.0487922	-0.0117993	-0.0369929	0.17343	0	1.22617	0	0	0	0.0516691	-0.0367851	0.0884541	0.0516691
1200	1327.64	0	7473.26	0.222222	-0.0500023	-0.0127637	-0.0372386	0.17222	0	1.86151	0	0	0	0.0248782	-0.0558453	0.0807236	0.0248782
1200	1315.55	0	4092.65	0.222222	-0.0490467	-0.0115552	-0.0374915	0.173176	0	3.89205	0	0	0	-0.0501379	-0.116762	0.0666236	-0.0501379
1200	1326.48	0	-930.387	0.222222	-0.0503776	-0.0126477	-0.0377299	0.171845	0	4.68384	0	0	0	-0.0992456	-0.140515	0.0412695	-0.0992456
1200	1285.16	0	-2108.33	0.222222	-0.046405	-0.00851562	-0.0378893	0.175817	0	4.39969	0	0	0	-0.118582	-0.131991	0.0134091	-0.118582
1200	1284.03	0	17998.2	0.222222	-0.0464623	-0.00840271	-0.0380596	0.17576	0	4.19642	0	0	0	-0.138422	-0.125893	-0.0125293	-0.138422
1200	-3629.52	0	424.731	0.222222	0.439747	0.482952	-0.0432044	0.661969	0	4.11767	0	0	0	-0.173501	-0.12353	-0.0499714	-0.173501
1200	1253.54	0	10695.9	0.222222	-0.043842	-0.005354	-0.038488	0.17838	0	3.88886	0	0	0	-0.191046	-0.116666	-0.0743805	-0.191046
1200	1280.4	0	1344.1	0.222222	-0.0465811	-0.00803955	-0.0385415	0.175641	0	4.0038	0	0	0	-0.206161	-0.120114	-0.0860471	-0.206161
1200	1310.67	0	-17699.4	0.222222	-0.0497946	-0.0110669	-0.0387277	0.172428	0	2.50005	0	0	0	-0.183938	-0.0750014	-0.108936	-0.183938
1200	1299.74	0	4174.05	0.222222	-0.0489185	-0.00997437	-0.0389442	0.173304	0	-1.26838	0	0	0	-0.0800365	0.0380513	-0.118088	-0.0800365
1200	1302.12	0	-1045.31	0.222222	-0.0493537	-0.0102124	-0.0391413	0.172869	0	-1.97289	0	0	0	-0.0487174	0.0591868	-0.107904	-0.0487174
1200	1310.67	0	870.053	0.222222	-0.0504113	-0.0110669	-0.0393444	0.171811	0	-1.47803	0	0	0	-0.0530031	0.0443408	-0.0973439	-0.0530031
1200	1315.55	0	-724.485	0.222222	-0.0511027	-0.0115552	-0.0395476	0.171119	0	-1.41311	0	0	0	-0.0461112	0.0423933	-0.0885045	-0.0461112
1200	1321.72	0	7516.36	0.222222	-0.0520463	-0.0121716	-0.0398747	0.170176	0	-1.50783	0	0	0	-0.0300473	0.0452348	-0.075282	-0.0300473
1200	1328.86	0	2603.46	0.222222	-0.0530134	-0.0128857	-0.0401277	0.169209	0	-1.98034	0	0	0	-0.00633952	0.0594103	-0.0657498	-0.00633952
1200	1336.24	0	6175.6	0.222222	-0.0540122	-0.0136243	-0.0403879	0.16821	0	-2.46776	0	0	0	0.0207812	0.0740327	-0.0532515	0.0207812
1200	1324.04	0	27.2939	0.222222	-0.053053	-0.0124036	-0.0406494	0.169169	0	-2.77958	0	0	0	0.0459863	0.0833873	-0.037401	0.0459863
1200	-2422.12	0	-3535.28	0.222222	0.321314	0.362212	-0.0408975	0.543537	0	-3.18185	0	0	0	0.0751311	0.0954556	-0.0203245	0.0751311
1200	1324.1	0	5572.27	0.222222	-0.0535491	-0.0124097	-0.0411395	0.168673	0	-2.9573	0	0	0	0.0873644	0.088719	-0.00135467	0.0873644
1200	1347.11	0	-12915.8	0.222222	-0.0561165	-0.0147107	-0.0414058	0.166106	0	-2.92857	0	0	0	0.103917	0.087857	0.0160603	0.103917
1200	1317.99	0	-853.772	0.222222	-0.0534957	-0.0117993	-0.0416964	0.168727	0	-2.77	0	0	0	0.116681	0.0830999	0.0335806	0.116681
1200	1330.2	0	6755	0.222222	-0.054956	-0.01302	-0.041936	0.167266	0	-2.74658	0	0	0	0.13234	0.0823975	0.049942	0.13234
1199.88	1334.9	-239.453	-1361.34	0.218209	-0.0557055	-0.0135019	-0.0422036	0.162504	0	-2.46563	0	0	0	0.140173	0.0739689	0.0662044	0.140173
1198.92	1336.18	-719.447	-465.912	0.214143	-0.0560046	-0.013666	-0.0423386	0.158138	0	-2.28471	0	0	0	0.142143	0.0685413	0.0736013	0.142143
1197	1324.04	-1199.44	5596.21	0.201677	-0.0554224	-0.0127033	-0.0427191	0.146254	0	-1.0683	0	0	0	0.124355	0.032049	0.0923055	0.124355
1194.12	1300.96	-1679.43	-2012.57	0.193143	-0.0536452	-0.010684	-0.0429611	0.139498	0	1.46455	0	0	0	0.0511231	-0.0439366	0.0950597	0.0511231
1190.29	1286.38	-2159.43	525.288	0.184433	-0.0527785	-0.00960918	-0.0431694	0.131654	0	2.22335	0	0	0	0.0173403	-0.0667004	0.0840407	0.0173403
1185.49	936.523	-2639.42	-130.723	0.175544	-0.0184603	0.0248963	-0.0433565	0.157084	0	1.89237	0	0	0	0.0146669	-0.0567712	0.0714381	0.0146669
1179.73	1274.29	-3119.42	2201.23	0.166478	-0.0529956	-0.00945645	-0.0435392	0.113482	0	2.12225	0	0	0	-0.00375907	-0.0636674	0.0599083	-0.00375907
1173.01	1263.31	-3599.41	-2017.35	0.157234	-0.0527648	-0.00902969	-0.0437352	0.104469	0	2.44683	0	0	0	-0.0269996	-0.073405	0.0464054	-0.0269996
1165.33	1250	-4079.4	1765.48	0.147812	-0.0523828	-0.00846699	-0.0439158	0.095429	0	2.48621	0	0	0	-0.0429098	-0.0745863	0.0316765	-0.0429098
1156.69	1237.73	-4559.4	1119.05	0.138212	-0.0521873	-0.00810405	-0.0440832	0.0860249	0	2.4032	0	0	0	-0.055257	-0.072096	0.016839	-0.055257
1147.09	1231.75	-5039.39	343.329	0.133346	-0.0521381	-0.00797384	-0.0441643	0.0812075	0	2.38192	0	0	0	-0.0618281	-0.0714575	0.00962944	-0.0618281
1136.53	1202.58	-5519.39	3814.92	0.11848	-0.050991	-0.00660415	-0.0443869	0.0674885	0	2.54794	0	0	0	-0.0884917	-0.0764381	-0.0120536	-0.0884917
1125.02	1187.99	-5999.38	13042.2	0.108347	-0.0508073	-0.00629728	-0.04451	0.0575393	0	1.65824	0	0	0	-0.0764692	-0.0497473	-0.0267219	-0.0764692
1112.54	1185.55	-6479.37	8761.34	0.0980358	-0.0519455	-0.00730099	-0.0446445	0.0460903	0	0.471633	0	0	0	-0.0492016	-0.014149	-0.0350527	-0.0492016
1099.1	1186.83	-6959.37	-815.465	0.0875473	-0.0535714	-0.00877302	-0.0447984	0.0339758	0	0.0427499	0	0	0	-0.0378464	-0.0012825	-0.0365639	-0.0378464
1084.7	-2823	-7439.36	-6992.51	0.076881	0.341795	0.39077	-0.0489749	0.418676	0	0.275815	0	0	0	-0.0455322	-0.00827446	-0.0372578	-0.0455322
1069.34	1112.67	-7919.35	-5010.11	0.0660369	-0.0494782	-0.00433296	-0.0451452	0.0165587	0	-0.109434	0	0	0	-0.0351827	0.00328303	-0.0384657	-0.0351827
1053.02	1107.85	-8399.35	-2127.49	0.0550151	-0.0507165	-0.00548263	-0.0452338	0.00429862	0	-1.37693	0	0	0	0.00453633	0.0413078	-0.0367715	0.00453633
1035.74	1077.45	-8879.34	1119.05	0.0438155	-0.0495096	-0.00417092	-0.0453386	-0.00569408	0	2.15204	0	0	0	-0.0928733	-0.0645613	-0.028312	-0.0928733
1017.77	2841.25	-9000	-3286.28	0.0401435	-0.226828	-0.181447	-0.0453803	-0.186684	0	0.718533	0	0	0	-0.0563241	-0.021556	-0.0347681	-0.0563241
999.775	998.474	-9000	-15788.8	0.0351435	-0.0452908	0.000130109	-0.0454209	-0.0101472	0	-0.207343	0	0	0	-0.0199707	0.00622029	-0.026191	-0.0199707
981.775	992.432	-9000	156.581	0.0318103	-0.0464857	-0.00106562	-0.0454201	-0.0146755	0	-0.00726866	0	0	0	-0.0279663	0.00021806	-0.0281843	-0.0279663
963.776	981.445	-9000	-9827.24	0.028477	-0.047215	-0.00176696	-0.045448	-0.018738	0	-1.70896	0	0	0	0.0271063	0.0512689	-0.0241626	0.0271063
945.776	951.05	-9000	-17675.4	0.0251437	-0.0460356	-0.000527393	-0.0455082	-0.0208919	0	-0.336114	0	0	0	-0.00501309	0.0100834	-0.0150965	-0.00501309
927.776	932.922	-9000	1866.04	0.0218104	-0.0460782	-0.000514624	-0.0455636	-0.0242678	0	1.74125	0	0	0	-0.0691997	-0.0522376	-0.0169621	-0.0691997
909.776	908.569	-9000	-16645.9	0.018477	-0.045504	0.000120679	-0.0456247	-0.027027	0	1.46136	0	0	0	-0.0712314	-0.0438409	-0.0273905	-0.0712314
891.776	890.381	-9000	-8017.22	0.0151437	-0.0455299	0.000139545	-0.0456695	-0.0303862	0	-0.841621	0	0	0	-0.0082633	0.0252486	-0.0335119	-0.0082633
873.776	883.057	-9000	-9875.12	0.0118105	-0.0466407	-0.000928009	-0.0457127	-0.0348302	0	-1.72493	0	0	0	0.0260856	0.0517478	-0.0256622	0.0260856
855.777	881.897	-9000	-17081.7	0.0101438	-0.047434	-0.00171203	-0.045722	-0.0372902	0	-0.719235	0	0	0	0.00108962	0.0215771	-0.0204874	0.00108962
837.777	872.131	-9000	-13839.9	0.00514388	-0.0492127	-0.00343543	-0.0457773	-0.0440688	0	1.00587	0	0	0	-0.0552564	-0.0301762	-0.0250801	-0.0552564
819.777	863.647	-9000	3944.21	0.00347723	-0.0492986	-0.00348703	-0.0458116	-0.0458214	0	-0.293545	0	0	0	-0.0192914	0.00880636	-0.0280978	-0.0192914
801.777	856.384	-9000	-14572.5	0.000143947	-0.0504499	-0.00456069	-0.0458892	-0.0503059	0	-0.597914	0	0	0	-0.00588964	0.0179374	-0.023827	-0.00588964
783.778	846.741	-9000	1142.99	-0.00318935	-0.051382	-0.00539631	-0.0459857	-0.0545713	0	1.87747	0	0	0	-0.0811389	-0.0563242	-0.0248147	-0.0811389
765.778	811.401	-9000	4710.35	-0.00652264	-0.0497503	-0.00366235	-0.046088	-0.056273	0	1.36665	0	0	0	-0.077213	-0.0409994	-0.0362136	-0.077213
747.778	777.466	-9000	-15463.2	-0.00985593	-0.0482196	-0.00206877	-0.0461508	-0.0580755	0	0.0172085	0	0	0	-0.0429599	-0.000516256	-0.0424436	-0.0429599
729.778	5032.59	-9000	-8151.3	-0.0131892	-0.475559	-0.429381	-0.046178	-0.488749	0	-0.3276	0	0	0	-0.0315248	0.00982801	-0.0413528	-0.0315248
711.779	636.475	-9000	-9808.09	-0.0181892	-0.0385925	0.0075304	-0.0461229	-0.0567817	0	1.14103	0	0	0	-0.0764761	-0.0342309	-0.0422452	-0.0764761
693.779	636.536	-9000	-12920.5	-0.0215224	-0.0403233	0.00572432	-0.0460476	-0.0618457	0	1.0974	0	0	0	-0.0785902	-0.0329219	-0.0456683	-0.0785902
675.779	617.065	-9000	-15693	-0.0248557	-0.0399807	0.00587137	-0.0458521	-0.0648364	0	-0.511711	0	0	0	-0.0323842	0.0153513	-0.0477356	-0.0323842
657.779	594.055	-9000	-7907.09	-0.0265224	-0.0385209	0.00727241	-0.0457933	-0.0650433	0	0.167264	0	0	0	-0.0512184	-0.00501793	-0.0462004	-0.0512184
639.78	581.848	-9000	-13547.8	-0.0298557	-0.038971	0.00669313	-0.0456641	-0.0688266	0	0.194934	0	0	0	-0.0538949	-0.00584802	-0.0480469	-0.0538949
621.78	567.261	-9000	-714.909	-0.033189	-0.0392056	0.00635189	-0.0455575	-0.0723945	0	-0.517033	0	0	0	-0.0325913	0.015511	-0.0481022	-0.0325913
603.78	549.072	-9000	-6944.62	-0.0365223	-0.039082	0.00637076	-0.0454528	-0.0756043	0	-0.923567	0	0	0	-0.0164406	0.027707	-0.0441476	-0.0164406
585.78	524.658	-9000	-10880.7	-0.0415222	-0.039168	0.00611221	-0.0452802	-0.0806902	0	-0.40316	0	0	0	-0.0254999	0.0120948	-0.0375947	-0.0254999
567.78	508.972	-9000	180.523	-0.0448555	-0.039279	0.00588084	-0.0451598	-0.0841345	0	-1.3865	0	0	0	0.00753049	0.0415951	-0.0340647	0.00753049
549.781	498.047	-9000	-7322.91	-0.0465221	-0.0390276	0.00607338	-0.045101	-0.0855498	0	-1.56423	0	0	0	0.0170218	0.0469269	-0.0299051	0.0170218
531.781	457.947	-9000	-5057.99	-0.0498554	-0.036699	0.0082834	-0.0449824	-0.0865545	0	-1.07256	0	0	0	0.0110663	0.0321767	-0.0211104	0.0110663
513.781	421.448	-9000	-8927.02	-0.0548554	-0.0355057	0.00923334	-0.0447391	-0.0903611	0	-0.834172	0	0	0	0.0120704	0.0250251	-0.0129547	0.0120704
495.781	103.333	-9000	-5134.6	-0.056522	-0.00450188	0.0401449	-0.0446467	-0.0610239	0	-0.729878	0	0	0	0.0114441	0.0218963	-0.0104522	0.0114441
477.782	394.775	-9000	-4536.05	-0.0598553	-0.0352534	0.00920061	-0.044454	-0.0951087	0	0.0427499	0	0	0	-0.00830049	-0.0012825	-0.007018	-0.00830049
459.782	385.071	-9000	-1552.88	-0.0631886	-0.0359043	0.00837109	-0.0442754	-0.0990929	0	0.218347	0	0	0	-0.0143932	-0.00655041	-0.00784279	-0.0143932
441.782	368.042	-9000	-9137.71	-0.0665219	-0.0358357	0.008274	-0.0441097	-0.102358	0	-0.0402596	0	0	0	-0.00736402	0.00120779	-0.00857181	-0.00736402
423.782	342.59	-9000	-2817.02	-0.0698552	-0.0349231	0.00901919	-0.0439423	-0.104778	0	0.376917	0	0	0	-0.0201677	-0.0113075	-0.00886023	-0.0201677
405.783	297.546	-9000	-5728.37	-0.0748551	-0.0328216	0.0108236	-0.0436452	-0.107677	0	0.654679	0	0	0	-0.0337127	-0.0196404	-0.0140723	-0.0337127
387.783	277.039	-9000	-8567.89	-0.0765217	-0.0315625	0.0119744	-0.0435369	-0.108084	0	0.517394	0	0	0	-0.0315582	-0.0155218	-0.0160363	-0.0315582
369.783	2084.47	-9000	-6891.95	-0.0815217	-0.212765	-0.171469	-0.0412961	-0.294287	0	0.447156	0	0	0	-0.0336893	-0.0134147	-0.0202747	-0.0336893
351.783	219.91	-9000	-13255.7	-0.0831883	-0.0289235	0.0140873	-0.0430108	-0.112112	0	0.401394	0	0	0	-0.0336579	-0.0120418	-0.0216161	-0.0336579
333.783	183.411	-9000	-2041.3	-0.0865216	-0.026791	0.0159373	-0.0427283	-0.113313	0	0.359889	0	0	0	-0.0346456	-0.0107967	-0.0238489	-0.0346456
315.784	144.592	-9000	-3334.17	-0.0898549	-0.0243849	0.0180191	-0.042404	-0.11424	0	0.574863	0	0	0	-0.04365	-0.0172459	-0.0264041	-0.04365
297.784	111.755	-9000	-7160.1	-0.0931882	-0.0225375	0.0195028	-0.0420404	-0.115726	0	0.406715	0	0	0	-0.0419047	-0.0122014	-0.0297032	-0.0419047
279.784	86.2427	-9000	-10090.6	-0.0965215	-0.0213955	0.0202541	-0.0416496	-0.117917	0	0.589762	0	0	0	-0.0498108	-0.0176929	-0.032118	-0.0498108
261.784	-2559.45	-9000	-8285.38	-0.101521	0.241069	0.282123	-0.0410544	0.139547	0	0.836662	0	0	0	-0.0641508	-0.0250999	-0.0390509	-0.0641508
243.785	69.2139	-9000	-11982	-0.104855	-0.0232213	0.0174571	-0.0406783	-0.128076	0	0.603597	0	0	0	-0.0617222	-0.0181079	-0.0436143	-0.0617222
225.785	43.7622	-9000	1521.28	-0.108188	-0.0221262	0.0182023	-0.0403285	-0.130314	0	0.733432	0	0	0	-0.0695103	-0.022003	-0.0475073	-0.0695103
207.785	14.5874	-9000	-3530.49	-0.111521	-0.0206505	0.0193198	-0.0399702	-0.132172	0	0.570606	0	0	0	-0.0688377	-0.0171182	-0.0517195	-0.0688377
189.785	-18.2495	-9000	-6049.19	-0.114855	-0.0187813	0.0208035	-0.0395848	-0.133636	0	0.367339	0	0	0	-0.0657036	-0.0110202	-0.0546834	-0.0657036
171.786	-43.7622	-9000	-11388.3	-0.118188	-0.0176084	0.0215548	-0.0391632	-0.135796	0	0.711083	0	0	0	-0.0786478	-0.0213325	-0.0573153	-0.0786478
154.118	-51.0254	-8600.96	-10751.4	-0.114809	-0.0182295	0.0205143	-0.0387438	-0.133038	0	1.19105	0	0	0	-0.0978879	-0.0357315	-0.0621564	-0.0978879
137.396	-52.1851	-8120.96	-6872.8	-0.109906	-0.0193885	0.0189581	-0.0383466	-0.129294	0	1.7221	0	0	0	-0.121888	-0.0516629	-0.0702254	-0.121888
121.634	-61.9507	-7640.97	-4416.34	-0.104825	-0.0196197	0.0183585	-0.0379782	-0.124444	0	1.96687	0	0	0	-0.139855	-0.0590061	-0.0808485	-0.139855
106.832	-65.6128	-7160.98	-6805.76	-0.0995658	-0.0205501	0.0172445	-0.0377946	-0.120116	0	2.18184	0	0	0	-0.152204	-0.0654553	-0.0867491	-0.152204
92.9907	-71.6553	-6680.98	-2769.13	-0.0968697	-0.0203039	0.0171447	-0.0374486	-0.117174	0	2.64372	0	0	0	-0.179931	-0.0793115	-0.100619	-0.179931
80.1089	-70.4346	-6200.99	-1888.07	-0.0913442	-0.0214236	0.0156864	-0.0371101	-0.112768	0	3.14071	0	0	0	-0.211364	-0.0942213	-0.117142	-0.211364
68.187	-62.0117	-5720.99	-9008.42	-0.085641	-0.0232024	0.013604	-0.0368063	-0.108843	0	3.51	0	0	0	-0.241938	-0.1053	-0.136638	-0.241938
57.2252	-3761.96	-5241	2110.25	-0.0767528	0.345503	0.381919	-0.0364156	0.26875	0	3.03854	0	0	0	-0.258637	-0.0911563	-0.167481	-0.258637
47.2233	-58.2275	-4761.01	-3841.74	-0.0706051	-0.0256409	0.0105451	-0.036186	-0.096246	0	2.08713	0	0	0	-0.246921	-0.0626138	-0.184307	-0.246921
38.1814	-61.9507	-4281.01	-3516.12	-0.0642796	-0.025972	0.0100132	-0.0359852	-0.0902516	0	1.38048	0	0	0	-0.237012	-0.0414144	-0.195598	-0.237012
30.0995	-76.5381	-3801.02	-1619.92	-0.0577763	-0.0251208	0.0106638	-0.0357845	-0.0828971	0	0.654679	0	0	0	-0.222091	-0.0196404	-0.20245	-0.222091
22.9775	-74.1577	-3321.03	-10780.1	-0.0544581	-0.0256203	0.0100576	-0.0356779	-0.0800783	0	0.57167	0	0	0	-0.221564	-0.0171501	-0.204414	-0.221564
16.8155	-4691.22	-2841.03	-8721.12	-0.0476882	0.435622	0.4711	-0.0354779	0.387934	0	0.127888	0	0	0	-0.211406	-0.00383664	-0.20757	-0.211406
11.6135	4781.19	-2361.04	-3343.74	-0.0372	-0.507312	-0.476957	-0.0303545	-0.544512	0	-1.18537	0	0	0	-0.168447	0.035561	-0.204008	-0.168447
7.37151	-48.584	-1881.04	1803.79	-0.0299856	-0.0294681	0.00559555	-0.0350636	-0.0594537	0	-1.51847	0	0	0	-0.150614	0.0455541	-0.196168	-0.150614
4.08946	-71.6553	-1401.05	22.5055	-0.0225935	-0.0273693	0.00757447	-0.0349438	-0.0499628	0	-1.83348	0	0	0	-0.131826	0.0550044	-0.186831	-0.131826
1.76738	-72.876	-921.056	-20740	-0.0150236	-0.0273256	0.00746434	-0.0347899	-0.0423492	0	-1.85902	0	0	0	-0.120232	0.0557706	-0.176002	-0.120232
0.405284	-54.6875	-441.062	8660.79	-0.00727599	-0.0291394	0.00550928	-0.0346487	-0.0364154	0	-2.60824	0	0	0	-0.085886	0.0782471	-0.164133	-0.085886
0	-33.9966	0	-8180.03	0	-0.0311538	0.00339966	-0.0345535	-0.0311538	0	-3.68097	0	0	0	-0.036209	0.110429	-0.146638	-0.036209
0	3613.77	0	-1782.72	0	-0.395896	-0.361377	-0.0345195	-0.395896	0	-3.65224	0	0	0	-0.0260281	0.109567	-0.135595	-0.0260281
0	-32.7759	0	23179.2	0	-0.0311993	0.00327759	-0.0344769	-0.0311993	0	-3.66288	0	0	0	0.00667283	0.109886	-0.103214	0.00667283
0	-7.32422	0	1114.26	0	-0.0336886	0.000732422	-0.034421	-0.0336886	0	-3.49899	0	0	0	0.0233982	0.10497	-0.0815716	0.0233982
0	26.7334	0	-14448	0	-0.0371029	-0.00267334	-0.0344296	-0.0371029	0	-3.3202	0	0	0	0.0386134	0.0996061	-0.0609927	0.0386134
0	57.0679	0	-9606.97	0	-0.0402043	-0.00570679	-0.0344976	-0.0402043	0	-3.68097	0	0	0	0.0699069	0.110429	-0.0405223	0.0699069
0	93.4448	0	-2362.12	0	-0.0439757	-0.00934448	-0.0346312	-0.0439757	0	-3.55433	0	0	0	0.0881935	0.10663	-0.0184365	0.0881935
0	123.962	0	-3032.5	0	-0.0472363	-0.0123962	-0.0348401	-0.0472363	0	-3.59796	0	0	0	0.110694	0.107939	0.00275542	0.110694
0	148.132	0	-5038.84	0	-0.0499194	-0.0148132	-0.0351062	-0.0499194	0	-3.81826	0	0	0	0.139252	0.114548	0.024704	0.139252
0	159.119	0	-4622.25	0	-0.0511662	-0.0159119	-0.0352543	-0.0511662	0	-3.75228	0	0	0	0.148727	0.112568	0.0361588	0.148727
0	171.265	0	-6623.8	0	-0.0528704	-0.0171265	-0.0357439	-0.0528704	0	-3.31914	0	0	0	0.168255	0.0995741	0.0686809	0.168255
0	177.368	0	-5469.79	0	-0.0538269	-0.0177368	-0.0360901	-0.0538269	0	-2.94453	0	0	0	0.176453	0.0883359	0.0881169	0.176453
0	176.147	0	-954.329	0	-0.0540619	-0.0176147	-0.0364472	-0.0540619	0	-2.66464	0	0	0	0.185225	0.0799392	0.105286	0.185225
0	161.621	0	-834.619	0	-0.0529567	-0.0161621	-0.0367946	-0.0529567	0	-2.69976	0	0	0	0.202257	0.0809928	0.121264	0.202257
0	138.367	0	908.36	0	-0.0509411	-0.0138367	-0.0371044	-0.0509411	0	-2.63271	0	0	0	0.216431	0.0789814	0.13745	0.216431
0	-1287.66	0	-8649.29	0	0.0899888	0.128766	-0.0387771	0.0899888	0	-2.13678	0	0	0	0.216791	0.0641035	0.152688	0.216791
0	106.934	0	-10899.8	0	-0.0482933	-0.0106934	-0.0376	-0.0482933	0	-1.63553	0	0	0	0.213684	0.049066	0.164618	0.213684
0	105.652	0	-1241.63	0	-0.0482721	-0.0105652	-0.0377069	-0.0482721	0	-1.14918	0	0	0	0.204	0.0344755	0.169524	0.204
0	105.652	0	-1840.18	0	-0.0484871	-0.0105652	-0.0379219	-0.0484871	0	-0.158389	0	0	0	0.179274	0.00475166	0.174523	0.179274
0	98.3887	0	-2692.52	0	-0.0479684	-0.00983887	-0.0381296	-0.0479684	0	-0.037067	0	0	0	0.176342	0.00111201	0.17523	0.176342
0	89.9658	0	-5302.2	0	-0.047318	-0.00899658	-0.0383215	-0.047318	0	0.368403	0	0	0	0.163973	-0.0110521	0.175025	0.163973
0	88.623	0	-5465	0	-0.0473612	-0.0088623	-0.0384989	-0.0473612	0	1.18892	0	0	0	0.135927	-0.0356676	0.171595	0.135927
0	91.0644	0	-2931.94	0	-0.0477839	-0.00910644	-0.0386774	-0.0477839	0	1.96687	0	0	0	0.104166	-0.0590061	0.163172	0.104166
0	94.8486	0	-4349.31	0	-0.0484404	-0.00948486	-0.0389556	-0.0484404	0	2.4894	0	0	0	0.0687444	-0.0746821	0.143427	0.0687444
0	97.1069	0	-6551.97	0	-0.0487611	-0.00971069	-0.0390504	-0.0487611	0	2.51069	0	0	0	0.0606377	-0.0753206	0.135958	0.0606377
0	105.652	0	-1323.04	0	-0.0499168	-0.0105652	-0.0393516	-0.0499168	0	2.4745	0	0	0	0.0395069	-0.0742351	0.113742	0.0395069
0	111.755	0	1377.62	0	-0.0507433	-0.0111755	-0.0395678	-0.0507433	0	2.68309	0	0	0	0.0180798	-0.0804928	0.0985726	0.0180798
0	117.92	0	-2472.25	0	-0.0515869	-0.011792	-0.0397949	-0.0515869	0	2.68096	0	0	0	0.00198761	-0.0804289	0.0824165	0.00198761
0	125.122	0	-3693.3	0	-0.0525477	-0.0125122	-0.0400355	-0.0525477	0	2.8523	0	0	0	-0.0193821	-0.0855691	0.0661871	-0.0193821
0	134.888	0	-1739.63	0	-0.0537806	-0.0134888	-0.0402918	-0.0537806	0	2.99491	0	0	0	-0.0410774	-0.0898473	0.0487699	-0.0410774
0	144.47	0	-2936.73	0	-0.0550134	-0.014447	-0.0405663	-0.0550134	0	2.99278	0	0	0	-0.0590341	-0.0897835	0.0307494	-0.0590341
0	143.433	0	-2539.29	0	-0.0550541	-0.0143433	-0.0407108	-0.0550541	0	3.00023	0	0	0	-0.0682359	-0.0900069	0.021771	-0.0682359
0	146.973	0	-5934.27	0	-0.0556985	-0.0146973	-0.0410012	-0.0556985	0	2.97043	0	0	0	-0.0853561	-0.089113	0.00375689	-0.0853561
0	145.752	0	-6183.27	0	-0.0558704	-0.0145752	-0.0412952	-0.0558704	0	2.79058	0	0	0	-0.0975564	-0.0837174	-0.013839	-0.0975564
0	148.193	0	-4531.27	0	-0.056553	-0.0148193	-0.0417337	-0.056553	0	2.54794	0	0	0	-0.114805	-0.0764381	-0.0383668	-0.114805
0	2297	0	-2975.04	0	-0.271582	-0.2297	-0.0418819	-0.271582	0	2.32232	0	0	0	-0.11568	-0.0696696	-0.0460106	-0.11568
0	121.521	0	-3022.92	0	-0.0544591	-0.0121521	-0.042307	-0.0544591	0	1.72635	0	0	0	-0.116387	-0.0517906	-0.0645968	-0.116387
0	109.375	0	-2654.21	0	-0.0534838	-0.0109375	-0.0425463	-0.0534838	0	1.72316	0	0	0	-0.126691	-0.0516948	-0.0749964	-0.126691
0	106.873	0	-3319.8	0	-0.0533429	-0.0106873	-0.0426557	-0.0533429	0	1.50074	0	0	0	-0.125188	-0.0450221	-0.0801659	-0.125188
0	98.3887	0	-3386.84	0	-0.0527034	-0.00983887	-0.0428646	-0.0527034	0	0.646166	0	0	0	-0.107317	-0.019385	-0.0879316	-0.107317
0	91.1255	0	-5196.85	0	-0.0521702	-0.00911255	-0.0430577	-0.0521702	0	0.134273	0	0	0	-0.0948407	-0.0040282	-0.0908125	-0.0948407
0	85.022	0	-2338.18	0	-0.0517385	-0.0085022	-0.0432363	-0.0517385	0	-0.184994	0	0	0	-0.0856309	0.00554983	-0.0911807	-0.0856309
0	78.9795	0	-2165.79	0	-0.0513019	-0.00789795	-0.0434039	-0.0513019	0	-0.489363	0	0	0	-0.074911	0.0146809	-0.0895918	-0.074911
0	72.937	0	-3219.24	0	-0.0509272	-0.0072937	-0.0436335	-0.0509272	0	-0.736263	0	0	0	-0.0622696	0.0220879	-0.0843575	-0.0622696
0	70.4346	0	-4473.81	0	-0.0507499	-0.00704346	-0.0437064	-0.0507499	0	-0.846942	0	0	0	-0.0567404	0.0254083	-0.0821487	-0.0567404
0	71.6553	0	-2002.99	0	-0.051014	-0.00716553	-0.0438485	-0.051014	0	-1.36203	0	0	0	-0.0356188	0.0408608	-0.0764796	-0.0356188
0	70.4956	0	-4560	0	-0.0510438	-0.00704956	-0.0439943	-0.0510438	0	-2.02291	0	0	0	-0.00656011	0.0606873	-0.0672475	-0.00656011
0	74.0967	0	-2410	0	-0.0515497	-0.00740967	-0.04414	-0.0515497	0	-2.16977	0	0	0	0.0102993	0.0650932	-0.0547939	0.0102993
0	77.6978	0	-1299.09	0	-0.0520593	-0.00776978	-0.0442895	-0.0520593	0	-2.20064	0	0	0	0.0243364	0.0660191	-0.0416827	0.0243364
0	74.1577	0	-3607.1	0	-0.0518583	-0.00741577	-0.0444425	-0.0518583	0	-1.97928	0	0	0	0.0306632	0.0593783	-0.0287151	0.0306632
