0	0	0	0	0	0	0	0	0	0	0	0	0	0	0	0	0	0
0.48	0	480	4.07014	0.0107556	0.000133054	0.000144	-1.09462e-05	0.0108886	0	0.00166019	0	10.6423	0	-1.9156e-05	-6.64076e-05	4.72516e-05	-1.9156e-05
1.92	0	960	-115.64	0.0162	0.000317854	0.000324	-6.14623e-06	0.0165179	0	0.00591709	0	4.2569	0	-0.000197733	-0.000236684	3.89507e-05	-0.000197733
4.32	0	1440	-29.4487	0.0328	0.001362	0.001296	6.6e-05	0.034162	0	-0.00578939	0	-1.06423	0	0.000256265	0.000231575	2.469e-05	0.000256265
7.68	-1.2145	1920	75.8962	0.0440889	0.00283635	0.00266835	0.000168	0.0469252	0	-0.00472516	0	0	0	0.000266269	0.000189006	7.72628e-05	0.000266269
12	0	2400	-5.50667	0.0555556	0.00395415	0.0036	0.000354145	0.0595097	0	0.000595966	0	3.19268	0	9.00335e-05	-2.38386e-05	0.000113872	9.00335e-05
17.28	0	2880	-29.4487	0.0672	0.00580335	0.005184	0.000619345	0.0730034	0	0.00378864	0	1.06423	0	-5.42755e-05	-0.000151546	9.72702e-05	-5.42755e-05
23.52	0	3360	28.0122	0.0790222	0.00805095	0.007056	0.000994945	0.0870732	0	0.00698132	0	1.06423	0	-0.000230511	-0.000279253	4.87415e-05	-0.000230511
30.72	0	3840	66.3194	0.085	0.00933015	0.0081	0.00123015	0.0943302	0	0.00591709	0	-1.06423	0	-0.000222849	-0.000236684	1.38349e-05	-0.000222849
38.88	1.21462	4320	157.299	0.1032	0.013107	0.0112996	0.00180735	0.116307	0	-0.000468259	0	-8.5138	0	-3.72479e-05	1.87304e-05	-5.59782e-05	-3.72479e-05
48	10.9326	4800	6047.04	0.115556	0.0136201	0.0111202	0.00249992	0.129176	0	-0.505975	0	-282.02	0	0.0213051	0.020239	0.00106614	0.0213051
58.08	17.0063	5280	5740.58	0.128089	0.0155391	0.0123221	0.00321697	0.143628	0	-0.269717	0	241.579	0	0.0169412	0.0107887	0.0061525	0.0169412
69.12	23.0794	5760	5362.29	0.1408	0.0178263	0.0138122	0.00401415	0.158626	0	0.113404	0	109.615	0	0.00294599	-0.00453615	0.00748214	0.00294599
81.12	34.012	6240	3446.93	0.153689	0.0190066	0.0141324	0.00487423	0.172696	0	-0.0100463	0	-76.6242	0	0.00698408	0.000401851	0.00658223	0.00698408
94.08	54.6625	6720	2139.7	0.166756	0.0175566	0.0118253	0.00573135	0.184312	0	-0.122854	0	-48.9544	0	0.0119161	0.00491417	0.00700196	0.0119161
108	92.3191	7200	348.835	0.18	0.0110418	0.00470427	0.0063375	0.191042	0	-0.210121	0	-54.2755	0	0.0168003	0.00840482	0.00839546	0.0168003
122.88	139.693	7680	1718.32	0.193422	0.00136435	-0.00504383	0.00640818	0.194787	0	-0.343149	0	-46.8259	0	0.0246536	0.013726	0.0109277	0.0246536
138.72	184.637	8160	5065.41	0.207022	-0.00794626	-0.0137752	0.00582897	0.199076	0	-0.312286	0	20.2203	0	0.0267974	0.0124914	0.014306	0.0267974
147	202.859	8400	7742.13	0.207022	-0.0138718	-0.0192416	0.0053698	0.19315	0	-0.439993	0	-127.707	0	0.0334671	0.0175997	0.0158674	0.0334671
164.28	227.152	8880	11778.8	0.227755	-0.0148377	-0.0188617	0.00402406	0.212918	0	-1.12429	0	-344.809	0	0.0669364	0.0449716	0.0219648	0.0669364
182.25	245.374	9000	8206.61	0.23375	-0.0162556	-0.0189372	0.00268157	0.217494	0	-1.25519	0	24.4774	0	0.0841921	0.0502076	0.0339845	0.0841921
200.25	274.527	9000	3083.01	0.237083	-0.0209855	-0.0222831	0.00129763	0.216098	0	-1.2786	0	-47.8901	0	0.0975582	0.0511441	0.0464141	0.0975582
218.25	313.398	9000	1794.93	0.240417	-0.0289023	-0.0285443	-0.000357978	0.211514	0	-1.50848	0	-135.157	0	0.120013	0.060339	0.0596737	0.120013
236.25	365.632	9000	3097.38	0.24375	-0.0413306	-0.0388145	-0.00251603	0.202419	0	-1.64682	0	18.0918	0	0.141414	0.065873	0.0755406	0.141414
254.25	392.355	9000	8493.91	0.247083	-0.0466324	-0.0414316	-0.00520083	0.200451	0	-1.21262	0	227.744	0	0.139481	0.0485048	0.0909766	0.139481
272.25	428.796	9000	6612.07	0.250417	-0.0551091	-0.046964	-0.00814514	0.195307	0	-1.47548	0	-208.588	0	0.162394	0.0590194	0.103374	0.162394
290.25	459.164	9000	5889.02	0.25375	-0.0620233	-0.0506743	-0.011349	0.191727	0	-1.19772	0	321.396	0	0.166256	0.0479089	0.118347	0.166256
308.25	487.104	9000	3638.47	0.257083	-0.068432	-0.0536562	-0.0147758	0.188651	0	-0.609205	0	199.01	0	0.152745	0.0243682	0.128377	0.152745
326.25	522.33	9000	1632.13	0.260417	-0.0772742	-0.0588241	-0.0184501	0.183142	0	-0.736912	0	-110.679	0	0.164031	0.0294765	0.134554	0.164031
344.25	561.201	9000	66.3194	0.26375	-0.0875665	-0.0650854	-0.022481	0.176183	0	-0.770967	0	36.1837	0	0.173113	0.0308387	0.142274	0.173113
362.25	596.428	9000	2048.72	0.267083	-0.0972193	-0.0702535	-0.0269658	0.169864	0	-0.145203	0	427.819	0	0.154802	0.00580812	0.148994	0.154802
380.25	619.508	9000	8283.22	0.270417	-0.103476	-0.0717775	-0.031698	0.166941	0	0.823242	0	420.369	0	0.114776	-0.0329297	0.147706	0.114776
398.25	626.796	9000	7560.17	0.27375	-0.104999	-0.068564	-0.0364346	0.168751	0	1.56926	0	440.589	0	0.0751758	-0.0627706	0.137946	0.0751758
416.25	626.796	9000	5371.87	0.277083	-0.104024	-0.0631638	-0.0408597	0.17306	0	2.7165	0	420.369	0	0.00995945	-0.10866	0.118619	0.00995945
434.25	641.373	9000	4758.95	0.280417	-0.107171	-0.0621369	-0.0450342	0.173245	0	2.58028	0	-168.148	0	-0.0119163	-0.103211	0.0912948	-0.0119163
452.25	641.373	9000	-1087.69	0.28375	-0.107829	-0.0567369	-0.0510922	0.175921	0	1.75763	0	-276.698	0	-0.0136653	-0.0703053	0.05664	-0.0136653
470.25	660.809	9000	956.962	0.287083	-0.110151	-0.0571678	-0.0529834	0.176932	0	1.61928	0	-138.349	0	-0.0169195	-0.0647713	0.0478518	-0.0169195
488.25	688.746	9000	1833.24	0.290417	-0.117041	-0.060149	-0.0568918	0.173376	0	2.23334	0	467.195	0	-0.0584089	-0.0893336	0.0309247	-0.0584089
506.25	697.249	9000	10007	0.29375	-0.118141	-0.0572999	-0.060841	0.175609	0	2.86336	0	67.0464	0	-0.108758	-0.114534	0.00577641	-0.108758
524.25	693.606	9000	8982.33	0.297083	-0.115383	-0.0508068	-0.064576	0.1817	0	1.83213	0	-554.461	0	-0.0937584	-0.0732851	-0.0204733	-0.0937584
542.25	682.672	9000	7066.97	0.300417	-0.110017	-0.0421267	-0.0678902	0.1904	0	1.62354	0	84.0737	0	-0.102273	-0.0649416	-0.0373313	-0.102273
560.25	671.74	9000	6521.09	0.30375	-0.103964	-0.0334472	-0.0705165	0.199786	0	2.1216	0	94.7158	0	-0.140447	-0.0848639	-0.0555834	-0.140447
578.25	659.593	9000	5745.37	0.307083	-0.0969306	-0.024403	-0.0725276	0.210153	0	1.06801	0	-610.865	0	-0.117306	-0.0427206	-0.0745858	-0.117306
596.25	657.165	9000	2441.37	0.310417	-0.0923074	-0.0182744	-0.074033	0.218109	0	0.344341	0	-209.652	0	-0.0964695	-0.0137736	-0.0826958	-0.0964695
623.25	662.023	9000	4634.46	0.315417	-0.0873244	-0.0116318	-0.0756926	0.228092	0	1.60758	0	464.002	0	-0.157331	-0.064303	-0.0930278	-0.157331
641.25	677.814	9000	1986.47	0.31875	-0.0876317	-0.0109693	-0.0766624	0.231118	0	1.1457	0	-402.277	0	-0.154634	-0.0458281	-0.108806	-0.154634
659.25	693.606	9000	8651.93	0.322083	-0.0878828	-0.0103069	-0.0775759	0.234201	0	-0.22502	0	-700.26	0	-0.107909	0.00900079	-0.11691	-0.107909
677.25	713.04	9000	4581.78	0.325417	-0.0892309	-0.0107371	-0.0784938	0.236186	0	-0.510232	0	50.0186	0	-0.0925746	0.0204093	-0.112984	-0.0925746
695.25	717.9	9000	7473.98	0.32875	-0.0860775	-0.00679504	-0.0792825	0.242672	0	-0.31335	0	-179.854	0	-0.0972312	0.012534	-0.109765	-0.0972312
713.25	730.047	9000	10672.6	0.332083	-0.0848839	-0.0050391	-0.0798448	0.247199	0	-1.43079	0	-353.323	0	-0.0455797	0.0572315	-0.102811	-0.0455797
731.25	727.62	9000	7033.45	0.335417	-0.0792011	0.00108902	-0.0802901	0.256216	0	-0.787995	0	412.919	0	-0.0581329	0.0315198	-0.0896527	-0.0581329
749.25	745.838	9000	1660.86	0.33875	-0.0794003	0.00102363	-0.080424	0.25935	0	-0.926344	0	-227.744	0	-0.0451659	0.0370538	-0.0822197	-0.0451659
767.25	784.71	9000	-359.849	0.342083	-0.0859338	-0.0052379	-0.0806959	0.25615	0	-1.14345	0	-30.8626	0	-0.0262872	0.0457378	-0.0720251	-0.0262872
785.25	829.653	9000	-541.808	0.345417	-0.0947423	-0.0133207	-0.0814216	0.250674	0	-0.896546	0	157.505	0	-0.0251757	0.0358618	-0.0610376	-0.0251757
803.25	884.317	9000	4141.25	0.34875	-0.107043	-0.0243201	-0.0827227	0.241707	0	-0.884839	0	-208.588	0	-0.01778	0.0353936	-0.0531736	-0.01778
821.25	902.538	9000	17544	0.352083	-0.108973	-0.0243864	-0.084587	0.24311	0	-2.9505	0	-1227.05	0	0.0778879	0.11802	-0.0401322	0.0778879
839.25	891.607	9000	13895.2	0.355417	-0.102053	-0.015707	-0.0863463	0.253363	0	-3.06012	0	242.644	0	0.113539	0.122405	-0.00886585	0.113539
857.25	879.457	9000	5783.67	0.35875	-0.0941284	-0.00666209	-0.0874663	0.264622	0	-2.54609	0	-28.7342	0	0.120865	0.101844	0.0190215	0.120865
875.25	879.459	9000	6425.32	0.362083	-0.0892946	-0.00126266	-0.0880319	0.272789	0	-3.74335	0	-595.966	0	0.197223	0.149734	0.0474889	0.197223
893.251	889.177	9000	1124.56	0.365417	-0.0872099	0.00122199	-0.0884319	0.278207	0	-3.72206	0	288.405	0	0.235141	0.148883	0.086258	0.235141
911.251	931.69	9000	1383.13	0.36875	-0.094871	-0.00613189	-0.0887391	0.273879	0	-2.84514	0	316.075	0	0.23448	0.113806	0.120674	0.23448
929.251	968.134	9000	5453.27	0.372083	-0.101165	-0.011665	-0.0895002	0.270918	0	-4.0424	0	-746.022	0	0.313078	0.161696	0.151382	0.313078
947.251	1011.86	9000	5089.35	0.375417	-0.110037	-0.0193828	-0.0906544	0.26538	0	-5.28648	0	-535.305	0	0.406809	0.211459	0.19535	0.406809
965.251	1067.74	9000	4098.16	0.37875	-0.123143	-0.0307472	-0.0923961	0.255607	0	-4.34889	0	752.407	0	0.421244	0.173956	0.247289	0.421244
983.251	1121.19	9000	2623.33	0.382083	-0.136276	-0.0413809	-0.0948953	0.245807	0	-2.85791	0	424.626	0	0.399762	0.114317	0.285446	0.399762
1001.25	1183.14	9000	248.279	0.385417	-0.152719	-0.0545667	-0.0981521	0.232698	0	-3.25593	0	-328.845	0	0.444608	0.130237	0.314371	0.444608
1019.25	1230.51	9000	607.409	0.38875	-0.165642	-0.063378	-0.102264	0.223109	0	-3.09204	0	246.9	0	0.471027	0.123682	0.347345	0.471027
1037.2	1256.02	8839.98	11276	0.388518	-0.172378	-0.0656466	-0.106732	0.216139	0	0.226212	0	2210.4	0	0.363678	-0.00904847	0.372726	0.363678
1054.4	1259.67	8359.98	2039.14	0.381036	-0.17275	-0.0615807	-0.111169	0.208286	0	3.43804	0	1063.16	0	0.222199	-0.137522	0.359721	0.222199
1070.64	1282.74	7879.98	47.1658	0.373377	-0.179064	-0.0636318	-0.115432	0.194313	0	3.07727	0	-356.515	0	0.202271	-0.123091	0.325362	0.202271
1085.92	1292.46	7399.98	1373.55	0.36554	-0.181893	-0.0619632	-0.11993	0.183647	0	3.29012	0	321.396	0	0.163527	-0.131605	0.295132	0.163527
1100.24	1291.25	6919.98	12319.8	0.357525	-0.181522	-0.0573033	-0.124218	0.176003	0	6.10286	0	1699.57	0	0.0125502	-0.244115	0.256665	0.0125502
1113.6	1265.74	6439.98	2489.25	0.349332	-0.173474	-0.0456415	-0.127832	0.175859	0	6.79142	0	-199.01	0	-0.0804584	-0.271657	0.191198	-0.0804584
1126	1260.88	5959.98	5098.93	0.340962	-0.171242	-0.0404647	-0.130778	0.169719	0	5.24723	0	-732.187	0	-0.0825449	-0.209889	0.127344	-0.0825449
1137.44	1247.51	5479.97	-311.964	0.332414	-0.166474	-0.0330227	-0.133451	0.16594	0	6.1167	0	1032.3	0	-0.168982	-0.244668	0.075686	-0.168982
1147.92	1231.73	4999.97	4524.32	0.323688	-0.160699	-0.0251431	-0.135556	0.162989	0	7.79392	0	609.801	0	-0.302575	-0.311757	0.0091819	-0.302575
1157.44	1231.72	4519.97	1809.3	0.314784	-0.159456	-0.0222849	-0.137171	0.155328	0	7.78434	0	-47.8902	0	-0.380322	-0.311374	-0.0689488	-0.380322
1166	1218.37	4039.97	-5612.73	0.305703	-0.154369	-0.0157125	-0.138657	0.151333	0	7.85139	0	77.6887	0	-0.460794	-0.314055	-0.146739	-0.460794
1173.6	1220.79	3559.97	-474.77	0.296443	-0.153949	-0.0141593	-0.139789	0.142495	0	7.99399	0	134.093	0	-0.545055	-0.31976	-0.225295	-0.545055
1180.24	1190.43	3079.97	5596.93	0.287006	-0.143633	-0.00305775	-0.140575	0.143373	0	7.75986	0	-252.221	0	-0.61572	-0.310394	-0.305326	-0.61572
1185.92	1126.05	2599.97	31468.7	0.282221	-0.123378	0.0171456	-0.140524	0.158843	0	2.60156	0	-3351.25	0	-0.477952	-0.104062	-0.373889	-0.477952
1190.64	1041.02	2119.97	7110.06	0.267599	-0.0939704	0.0448853	-0.138856	0.173628	0	-1.50848	0	-1340.92	0	-0.32572	0.060339	-0.386059	-0.32572
1194.4	981.491	1639.97	1474.11	0.257628	-0.071615	0.0638717	-0.135487	0.186013	0	-1.8171	0	79.8169	0	-0.296348	0.072684	-0.369032	-0.296348
1197.2	955.986	1159.97	765.426	0.24748	-0.0586711	0.0723632	-0.131034	0.188809	0	-1.62022	0	-19.1561	0	-0.287133	0.0648088	-0.351941	-0.287133
1199.04	941.41	679.965	755.849	0.237154	-0.0488614	0.077288	-0.126149	0.188293	0	-1.72771	0	-92.5877	0	-0.266557	0.0691082	-0.335665	-0.266557
1199.92	937.763	199.964	5185.12	0.22665	-0.0422657	0.0786461	-0.120912	0.184385	0	-2.58654	0	-660.884	0	-0.213937	0.103461	-0.317398	-0.213937
1200	914.68	0	1991.26	0.222222	-0.0300243	0.0855959	-0.11562	0.192198	0	-5.38864	0	-1436.7	0	-0.06916	0.215546	-0.284706	-0.06916
1200	918.331	0	-3769.19	0.222222	-0.0254253	0.0845007	-0.109926	0.196797	0	-6.72212	0	-517.214	0	0.0421467	0.268885	-0.226738	0.0421467
1200	942.615	0	-2821.09	0.222222	-0.0271745	0.0772154	-0.10439	0.195048	0	-7.51816	0	-247.965	0	0.14395	0.300726	-0.156776	0.14395
1200	983.921	0	1555.51	0.222222	-0.0346372	0.0648237	-0.0994609	0.187585	0	-7.4426	0	75.5601	0	0.216109	0.297704	-0.0815948	0.216109
1200	1002.15	0	15681.3	0.222222	-0.0358808	0.0593557	-0.0952365	0.186341	0	-8.91655	0	-1034.43	0	0.351691	0.356662	-0.00497123	0.351691
1200	1013.07	0	6851.49	0.222222	-0.0352134	0.0560781	-0.0912916	0.187009	0	-9.91266	0	-156.441	0	0.484899	0.396506	0.0883926	0.484899
1200	1020.37	0	10107.6	0.222222	-0.0336874	0.05389	-0.0875775	0.188535	0	-7.70546	0	1294.1	0	0.491172	0.308218	0.182954	0.491172
1200	1025.23	0	-11296.6	0.222222	-0.0315527	0.052432	-0.0839848	0.19067	0	-7.20953	0	-117.065	0	0.545325	0.288381	0.256943	0.545325
1200	1065.32	0	-819.535	0.222222	-0.0402561	0.0404031	-0.0806593	0.181966	0	-7.08608	0	166.019	0	0.612695	0.283443	0.329251	0.612695
1200	1089.6	0	1273	0.222222	-0.0447737	0.033119	-0.0778926	0.177449	0	-7.42876	0	-545.948	0	0.696246	0.29715	0.399096	0.696246
1200	1144.27	0	-517.866	0.222222	-0.0592567	0.0167196	-0.0759763	0.162966	0	-5.62916	0	-673.654	0	0.686183	0.225166	0.461017	0.686183
1200	1186.78	0	-1657.51	0.222222	-0.0711504	0.00396632	-0.0751167	0.151072	0	-7.33617	0	-288.405	0	0.817849	0.293447	0.524402	0.817849
1200	1228.08	0	-11148.1	0.222222	-0.0834831	-0.00842421	-0.0750589	0.138739	0	-4.99701	0	1429.25	0	0.793094	0.19988	0.593214	0.793094
1200	1241.44	0	904.29	0.222222	-0.0882722	-0.0124331	-0.0758391	0.13395	0	-1.53827	0	2164.63	0	0.698245	0.0615309	0.636714	0.698245
1200	1166.13	0	3557.07	0.222222	-0.0660091	0.010161	-0.0761701	0.156213	0	4.92796	0	3054.33	0	0.437918	-0.197118	0.635037	0.437918
1200	1190.42	0	-11325.3	0.222222	-0.0726922	0.00287336	-0.0755656	0.14953	0	9.64141	0	1818.76	0	0.185627	-0.385657	0.571284	0.185627
1200	1224.43	0	176.453	0.222222	-0.0830565	-0.00733015	-0.0757264	0.139166	0	9.39132	0	-481.03	0	0.0980622	-0.375653	0.473715	0.0980622
1200	1254.81	0	1589.03	0.222222	-0.0929983	-0.0164431	-0.0765552	0.129224	0	9.35194	0	188.368	0	0.00686276	-0.374078	0.38094	0.00686276
1200	1285.17	0	1162.86	0.222222	-0.103567	-0.0255514	-0.0780158	0.118655	0	9.98835	0	324.588	0	-0.113672	-0.399534	0.285862	-0.113672
1200	1316.75	0	4256.17	0.222222	-0.114818	-0.035026	-0.0797922	0.107404	0	10.6641	0	308.626	0	-0.242423	-0.426565	0.184143	-0.242423
1200	1324.05	0	1627.34	0.222222	-0.119403	-0.0372152	-0.082188	0.102819	0	11.11	0	162.827	0	-0.368316	-0.444402	0.0760859	-0.368316
1200	1300.97	0	3791.7	0.222222	-0.114875	-0.0302916	-0.0845839	0.107347	0	11.3357	0	-47.8907	0	-0.489808	-0.453426	-0.0363821	-0.489808
1200	1215.93	0	22145.6	0.222222	-0.0910546	-0.00477927	-0.0862754	0.131168	0	10.7216	0	-50.0183	0	-0.575783	-0.428864	-0.146918	-0.575783
1200	1117.54	0	6659.95	0.222222	-0.0612615	0.0247373	-0.0859988	0.160961	0	11.0366	0	-93.6518	0	-0.697642	-0.441464	-0.256178	-0.697642
1200	1053.17	0	2948.94	0.222222	-0.0399846	0.0440492	-0.0840338	0.182238	0	10.2225	0	-242.644	0	-0.772586	-0.408899	-0.363687	-0.772586
1200	1000.92	0	-747.709	0.222222	-0.0211069	0.0597231	-0.0808299	0.201115	0	10.4236	0	135.157	0	-0.883186	-0.416945	-0.466241	-0.883186
1200	991.211	0	1325.67	0.222222	-0.0141875	0.0626367	-0.0768242	0.208035	0	10.3023	0	-144.735	0	-0.982686	-0.412092	-0.570594	-0.982686
1200	988.792	0	-6101.14	0.222222	-0.0093104	0.0633623	-0.0726727	0.212912	0	9.89363	0	-366.094	0	-1.06915	-0.395745	-0.673405	-1.06915
1200	1003.36	0	4107.73	0.222222	-0.00955485	0.0589907	-0.0685455	0.212667	0	9.11462	0	-369.286	0	-1.13488	-0.364585	-0.770292	-1.13488
1200	1032.52	0	751.061	0.222222	-0.0145134	0.0502451	-0.0647585	0.207709	0	8.79748	0	-53.2122	0	-1.21202	-0.351899	-0.860119	-1.21202
1200	1070.18	0	-1600.05	0.222222	-0.0227286	0.0389475	-0.061676	0.199494	0	8.90603	0	64.9176	0	-1.30455	-0.356241	-0.948312	-1.30455
1200	1130.91	0	-16846.3	0.222222	-0.0384966	0.0207285	-0.0592251	0.183726	0	6.64988	0	-1466.5	0	-1.29942	-0.265995	-1.03342	-1.29942
1200	1105.4	0	31808.6	0.222222	-0.0295118	0.02838	-0.0578918	0.19271	0	0.337955	0	-3982.33	0	-1.10179	-0.0135182	-1.08827	-1.10179
1200	1053.17	0	3078.23	0.222222	-0.0115982	0.0440492	-0.0556475	0.210624	0	-1.88202	0	-37.248	0	-1.00546	0.0752807	-1.08074	-1.00546
1200	1070.17	0	-508.289	0.222222	-0.0137611	0.0389498	-0.0527108	0.208461	0	-1.78943	0	-330.974	0	-0.992461	0.0715772	-1.06404	-0.992461
1200	1129.69	0	-3687.79	0.222222	-0.0293012	0.0210924	-0.0503936	0.192921	0	-3.4145	0	-767.307	0	-0.905275	0.13658	-1.04186	-0.905275
1200	1197.72	0	-11880.7	0.222222	-0.0487273	0.000685254	-0.0494125	0.173495	0	-3.58691	0	36.1838	0	-0.863191	0.143476	-1.00667	-0.863191
1200	1262.1	0	1071.88	0.222222	-0.0683369	-0.01863	-0.0497069	0.153885	0	-3.51135	0	-19.156	0	-0.830818	0.140454	-0.971272	-0.830818
1200	1338.63	0	1234.69	0.222222	-0.0929025	-0.0415892	-0.0513133	0.12932	0	-3.44004	0	-102.166	0	-0.799424	0.137602	-0.937026	-0.799424
1200	1364.14	0	16327.7	0.222222	-0.103606	-0.0492407	-0.0543651	0.118616	0	-6.93602	0	-2509.44	0	-0.620252	0.277441	-0.897693	-0.620252
1200	1367.77	0	-4329.44	0.222222	-0.107905	-0.0503302	-0.0575749	0.114317	0	-10.8268	0	-1820.89	0	-0.384909	0.433073	-0.817983	-0.384909
1200	1413.94	0	-9907.92	0.222222	-0.12527	-0.0641821	-0.0610882	0.0969519	0	-13	0	-588.516	0	-0.181792	0.519999	-0.701791	-0.181792
1200	1409.09	0	18032.4	0.222222	-0.128105	-0.0627264	-0.065379	0.0941168	0	-15.5669	0	-2129.51	0	0.0530712	0.622676	-0.569604	0.0530712
1200	1331.33	0	12161.8	0.222222	-0.108486	-0.0393988	-0.0690869	0.113737	0	-19.3076	0	-1273.88	0	0.370705	0.772306	-0.401601	0.370705
1200	1359.26	0	-517.866	0.222222	-0.119601	-0.0477782	-0.071823	0.102621	0	-20.043	0	-518.276	0	0.594282	0.801721	-0.207439	0.594282
1200	1385.99	0	-10755.5	0.222222	-0.131062	-0.0557982	-0.0752634	0.0911606	0	-23.8285	0	-2077.37	0	0.95467	0.953139	0.00153146	0.95467
1200	1356.86	0	17625.4	0.222222	-0.125968	-0.0470572	-0.0789104	0.0962546	0	-27.8395	0	-2123.13	0	1.36284	1.11358	0.249256	1.36284
1200	1322.84	0	11788.3	0.222222	-0.118765	-0.0368513	-0.0819138	0.103457	0	-27.8427	0	1112.12	0	1.64694	1.11371	0.533228	1.64694
1200	1235.36	0	5453.27	0.222222	-0.0945895	-0.0106078	-0.0839817	0.127633	0	-24.4425	0	-308.624	0	1.77081	0.977701	0.793111	1.77081
1200	1185.55	0	-8433.1	0.222222	-0.0800275	0.00433367	-0.0843612	0.142195	0	-24.0786	0	888.632	0	2.0033	0.963142	1.04016	2.0033
1200	1178.28	0	-4822.64	0.222222	-0.0774361	0.00651493	-0.083951	0.144786	0	-22.1566	0	652.37	0	2.16086	0.886263	1.2746	2.16086
1200	1194.08	0	454.18	0.222222	-0.0818002	0.00177704	-0.0835773	0.140422	0	-22.2811	0	-207.525	0	2.38699	0.891244	1.49575	2.38699
1200	1191.64	0	2738.25	0.222222	-0.0810465	0.0025095	-0.083556	0.141176	0	-21.7139	0	552.332	0	2.58704	0.868554	1.71848	2.58704
1200	1136.99	0	1330.46	0.222222	-0.0645681	0.0189043	-0.0834724	0.157654	0	-20.4261	0	1287.71	0	2.6441	0.817046	1.82705	2.6441
1200	1144.26	0	-7633.43	0.222222	-0.0655519	0.0167208	-0.0822727	0.15667	0	-12.0358	0	5265.79	0	2.49712	0.481432	2.01569	2.49712
1200	1162.49	0	-7030.09	0.222222	-0.0698446	0.0112527	-0.0810974	0.152378	0	-3.74016	0	2880.86	0	2.25858	0.149606	2.10898	2.25858
1200	1207.44	0	-1647.93	0.222222	-0.0828449	-0.00223066	-0.0806142	0.139377	0	-3.71036	0	-568.296	0	2.2918	0.148414	2.14339	2.2918
1200	1229.31	0	904.29	0.222222	-0.0896771	-0.00879269	-0.0808844	0.132545	0	-1.57659	0	1265.36	0	2.23921	0.0630634	2.17615	2.23921
1200	410.591	0	-493.924	0.222222	0.15862	0.236823	-0.0782028	0.380842	0	-4.34038	0	-948.224	0	2.37461	0.173615	2.20099	2.37461
1200	1364.14	0	-2284.79	0.222222	-0.121361	-0.0492407	-0.0721199	0.100862	0	-4.2861	0	147.927	0	2.41631	0.171444	2.24486	2.41631
1200	1326.48	0	3480.45	0.222222	-0.113285	-0.0379431	-0.0753418	0.108937	0	-3.8519	0	292.662	0	2.44109	0.154076	2.28702	2.44109
1200	1234.15	0	4160.4	0.222222	-0.0876414	-0.0102438	-0.0773976	0.134581	0	1.06589	0	4713.45	0	2.28188	-0.0426354	2.32451	2.28188
1200	1296.09	0	-28065.6	0.222222	-0.10692	-0.0288267	-0.0780929	0.115303	0	3.92014	0	-3099.02	0	2.12728	-0.156805	2.28409	2.12728
1200	1497.76	0	-5267.96	0.222222	-0.170253	-0.0893271	-0.0809261	0.0519691	0	-1.80327	0	-4900.76	0	2.32113	0.0721306	2.249	2.32113
1200	1517.2	0	7196.25	0.222222	-0.181724	-0.095159	-0.0865653	0.040498	0	5.31321	0	7214.38	0	2.055	-0.212528	2.26752	2.055
1200	1475.88	0	5108.51	0.222222	-0.175565	-0.0827651	-0.0927996	0.0466575	0	16.61	0	-682.169	0	1.4901	-0.664398	2.1545	1.4901
1200	1424.86	0	1641.7	0.222222	-0.165435	-0.0674574	-0.0979773	0.0567876	0	7.24158	0	-5397.75	0	1.71859	-0.289663	2.00825	1.71859
1200	1395.74	0	-8136.22	0.222222	-0.161025	-0.058721	-0.102304	0.0611968	0	14.8146	0	9833.44	0	1.35455	-0.592584	1.94714	1.35455
1200	1412.72	0	-13939.8	0.222222	-0.170132	-0.0638158	-0.106316	0.0520903	0	21.8385	0	703.453	0	0.893849	-0.87354	1.76739	0.893849
1200	1356.84	0	12104.4	0.222222	-0.157587	-0.0470526	-0.110534	0.0646356	0	20.9222	0	-2731.87	0	0.703038	-0.836888	1.53993	0.703038
1200	1239.01	0	12468.3	0.222222	-0.124768	-0.0117041	-0.113064	0.0974546	0	19.7122	0	-5480.76	0	0.520863	-0.788487	1.30935	0.520863
1200	1151.55	0	-14442.5	0.222222	-0.0987987	0.0145349	-0.113334	0.123424	0	12.1466	0	-3196.93	0	0.648207	-0.485864	1.13407	0.648207
1200	1112.69	0	-10741.1	0.222222	-0.0858913	0.0261942	-0.112085	0.136331	0	14.2697	0	1221.73	0	0.437309	-0.570789	1.0081	0.437309
1200	1067.75	0	-1542.58	0.222222	-0.0704209	0.0396753	-0.110096	0.151801	0	16.1587	0	4555.95	0	0.232387	-0.646349	0.878736	0.232387
1200	1059.26	0	1325.67	0.222222	-0.0652159	0.0422228	-0.107439	0.157006	0	13.9717	0	-5664.87	0	0.140889	-0.55887	0.699759	0.140889
1200	1026.44	0	12099.6	0.222222	-0.0525299	0.0520693	-0.104599	0.169692	0	-15.6744	0	-13417.8	0	1.26816	0.626975	0.641184	1.26816
1200	976.646	0	13224.9	0.222222	-0.0338911	0.0670061	-0.100897	0.188331	0	-8.84737	0	4209.01	0	1.13873	0.353895	0.784837	1.13873
1200	937.782	0	5683.12	0.222222	-0.017558	0.0786654	-0.0962233	0.204664	0	-5.99844	0	1493.11	0	1.10647	0.239938	0.866532	1.10647
1200	1007.02	0	-15318.8	0.222222	-0.0332786	0.0578943	-0.0911729	0.188944	0	14.2708	0	11806.5	0	0.313371	-0.570832	0.884203	0.313371
1200	1178.28	0	-26619.5	0.222222	-0.0816463	0.00651724	-0.0881635	0.140576	0	13.926	0	-8618.09	0	0.143089	-0.557039	0.700128	0.143089
1200	1259.67	0	1521.99	0.222222	-0.106321	-0.0178999	-0.0884214	0.115901	0	11.7826	0	-2629.7	0	0.0871315	-0.471305	0.558437	0.0871315
1200	1152.78	0	30678.6	0.222222	-0.0749139	0.0141664	-0.0890803	0.147308	0	-2.57377	0	-5750.01	0	0.586593	0.102951	0.483642	0.586593
1200	1124.83	0	4629.67	0.222222	-0.0652331	0.0225504	-0.0877834	0.156989	0	0.851976	0	-181.983	0	0.457262	-0.034079	0.491342	0.457262
1200	1136.95	0	3537.91	0.222222	-0.0674738	0.0189157	-0.0863895	0.154748	0	-1.72771	0	186.239	0	0.56576	0.0691082	0.496651	0.56576
1200	1161.29	0	3217.09	0.222222	-0.0728501	0.0116121	-0.0844622	0.149372	0	-0.463406	0	-739.637	0	0.50949	0.0185362	0.490954	0.50949
1200	1166.12	0	-58.1791	0.222222	-0.0739118	0.0101633	-0.0840751	0.14831	0	5.82191	0	6285.31	0	0.260395	-0.232876	0.493271	0.260395
1200	1211.07	0	-2979.11	0.222222	-0.0870603	-0.00332241	-0.0837379	0.135162	0	23.852	0	2060.34	0	-0.598877	-0.95408	0.355203	-0.598877
1200	1266.95	0	-240.138	0.222222	-0.104215	-0.0200857	-0.0841295	0.118007	0	15.9512	0	-4891.18	0	-0.506317	-0.638048	0.131731	-0.506317
1200	1334.95	0	1124.56	0.222222	-0.12621	-0.0404859	-0.0857237	0.0960126	0	31.872	0	13123	0	-1.31665	-1.27488	-0.04177	-1.31665
1200	1377.52	0	181.241	0.222222	-0.141824	-0.0532553	-0.0885688	0.0803981	0	34.6039	0	294.792	0	-1.75683	-1.38416	-0.372676	-1.75683
1200	1348.34	0	18501.7	0.222222	-0.136524	-0.0445028	-0.0920216	0.0856978	0	24.4022	0	-10201.7	0	-1.6948	-0.976089	-0.718714	-1.6948
1200	1230.52	0	30214.1	0.222222	-0.103623	-0.00915663	-0.0944661	0.1186	0	24.6523	0	2398.76	0	-1.93809	-0.986092	-0.951993	-1.93809
1200	1106.6	0	30578	0.222222	-0.0650636	0.0280206	-0.0930842	0.157159	0	34.6039	0	0	0	-2.63243	-1.38416	-1.24827	-2.63243
1200	1591.29	0	-101.275	0.222222	-0.215601	-0.117388	-0.0982133	0.00662094	0	-3.69439	0	-18101.4	0	-1.34555	0.147776	-1.49333	-1.34555
1200	1201.35	0	277.009	0.222222	-0.104344	-0.000406494	-0.103938	0.117878	0	17.0058	0	9427.97	0	-2.19298	-0.680234	-1.51275	-2.19298
1200	955.978	0	-11698.8	0.222222	-0.0293857	0.0732065	-0.102592	0.192837	0	23.4817	0	2172.08	0	-2.64359	-0.939266	-1.70432	-2.64359
