0	0	0	-17.765	0	0	0	0	0	0	0.00588517	0	0	0	-0.000176555	-0.000176555	0	-0.000176555	0	0
0.48	0	480	-41.707	0.00808889	4.92e-05	4.8e-05	1.2e-06	0.00813809	0	-0.0100782	0	0	0	0.000276613	0.000302346	-2.5733e-05	0.000276613	0	0
1.92	4219.94	960	135.464	0.0163556	-0.421785	-0.421802	1.68e-05	-0.40543	0	-0.0260416	0	0	0	0.000793635	0.000781248	1.23876e-05	0.000793635	8439.88	0
4.32	-4218.73	1440	714.861	0.0248	0.380171	0.422305	-0.0421334	0.404971	0	-0.165455	0	0	0	0.00525042	0.00496365	0.000286766	0.00525042	-8435.02	-2.42996
7.68	-10.9334	1920	-1755.96	0.0334222	0.00207791	0.00186134	0.000216574	0.0355001	0	-0.921055	0	0	0	0.0298115	0.0276316	0.00217983	0.0298115	2.42805	-24.2949
12	2.43044	2400	-563.643	0.0422222	0.00154189	0.000956956	0.000584937	0.0437641	0	-1.15093	0	0	0	0.0435462	0.0345278	0.00901835	0.0435462	12.1479	-7.28702
17.28	7.28846	2880	3319.75	0.0512	0.00181285	0.000999155	0.000813693	0.0530129	0	-0.525163	0	0	0	0.0305295	0.0157549	0.0147746	0.0305295	7.28798	7.28893
23.52	17.0059	3360	3472.98	0.0603556	0.0016585	0.000651409	0.00100709	0.0620141	0	-0.196318	0	0	0	0.0230744	0.00588953	0.0171848	0.0230744	26.7239	7.28798
30.72	9.71794	3840	1308.62	0.0696889	0.00341814	0.00210021	0.00131793	0.073107	0	-0.379364	0	0	0	0.0301172	0.0113809	0.0187363	0.0301172	12.1479	7.28798
38.88	19.4349	4320	489.806	0.0792	0.00370993	0.00194451	0.00176543	0.0829099	0	-0.226116	0	0	0	0.0276267	0.00678348	0.0208433	0.0276267	29.1519	9.71794
48	31.5833	4800	1255.95	0.0888889	0.00398616	0.00164167	0.00234449	0.0928751	0	0.0473899	0	0	0	0.0203377	-0.0014217	0.0217594	0.0203377	34.0137	29.1529
58.08	17.0069	5280	-1095.16	0.0987556	0.00714517	0.00410731	0.00303785	0.105901	0	0.276198	0	0	0	0.0127581	-0.00828595	0.021044	0.0127581	19.4359	14.5779
69.12	8.50296	5760	1452.27	0.1088	0.00987786	0.0060617	0.00381615	0.118678	0	0.6242	0	0	0	0.000127645	-0.018726	0.0188536	0.000127645	0	17.0059
81.12	20.6499	6240	2046.04	0.119022	0.0110128	0.00604701	0.00496582	0.130035	0	0.564603	0	0	0	-0.00193501	-0.0169381	0.0150031	-0.00193501	17.0059	24.2939
94.08	13.3615	6720	3204.83	0.129422	0.0142256	0.00807186	0.00615379	0.143648	0	0.693375	0	0	0	-0.00906126	-0.0208012	0.01174	-0.00906126	0	26.7229
108	27.9393	7200	3654.94	0.14	0.0157333	0.00800607	0.00772723	0.155733	0	0.813632	0	0	0	-0.0171772	-0.024409	0.00723173	-0.0171772	19.4359	36.4428
122.88	19.4354	7680	4061.95	0.150756	0.0196246	0.0103445	0.00928018	0.17038	0	0.772127	0	0	0	-0.0206415	-0.0231638	0.00252234	-0.0206415	0	38.8708
138.72	24.2944	8160	4842.46	0.161689	0.0225781	0.0114426	0.0111355	0.184267	0	0.839173	0	0	0	-0.0274453	-0.0251752	-0.00227005	-0.0274453	0	48.5887
147	46.1588	8400	3769.86	0.167222	0.0223639	0.0100841	0.0122798	0.189586	0	0.822146	0	0	0	-0.0294519	-0.0246644	-0.00478757	-0.0294519	31.5819	60.7357
164.28	80.1706	8880	3329.33	0.178422	0.0227563	0.00841093	0.0143454	0.201178	0	0.716788	0	0	0	-0.0311475	-0.0215036	-0.00964382	-0.0311475	82.5996	77.7416
182.25	85.031	9000	3176.1	0.18375	0.0261914	0.00972189	0.0164695	0.209941	0	0.605044	0	0	0	-0.03185	-0.0181513	-0.0136987	-0.03185	58.3076	111.754
200.25	171.276	9000	2884.01	0.187083	0.0212677	0.00289743	0.0183703	0.208351	0	0.674219	0	0	0	-0.0376545	-0.0202266	-0.017428	-0.0376545	204.073	138.478
218.25	162.772	9000	2917.53	0.190417	0.0255107	0.00554781	0.0199629	0.215927	0	0.582695	0	0	0	-0.0388967	-0.0174809	-0.0214158	-0.0388967	143.335	182.208
236.25	212.576	9000	3851.27	0.19375	0.0232748	0.00236739	0.0209074	0.217025	0	0.411355	0	0	0	-0.0369365	-0.0123406	-0.0245959	-0.0369365	196.783	228.369
254.25	127.546	9000	7342.01	0.197083	0.0328415	0.0126704	0.0201711	0.229925	0	0.318767	0	0	0	-0.0364706	-0.00956302	-0.0269076	-0.0364706	0	255.092
272.25	279.386	9000	10085.8	0.200417	0.0206118	-0.000713583	0.0213254	0.221028	0	-0.371915	0	0	0	-0.0171838	0.0111574	-0.0283413	-0.0171838	276.957	281.815
290.25	153.055	9000	8294.9	0.20375	0.0335345	0.0137195	0.019815	0.237284	0	-1.76818	0	0	0	0.0298441	0.0530453	-0.0232013	0.0298441	0	306.109
308.25	329.191	9000	2074.77	0.207083	0.0189757	-0.00209411	0.0210698	0.226059	0	-1.69475	0	0	0	0.0384769	0.0508424	-0.0123655	0.0384769	313.4	344.981
326.25	187.067	9000	2022.09	0.210417	0.0328493	0.0139183	0.018931	0.243266	0	-1.64473	0	0	0	0.0467808	0.0493418	-0.002561	0.0467808	0	374.134
344.25	408.146	9000	2936.68	0.21375	0.0135443	-0.00638968	0.019934	0.227294	0	-1.82777	0	0	0	0.0624695	0.0548332	0.00763621	0.0624695	383.852	432.441
362.25	227.153	9000	6020.41	0.217083	0.0302029	0.0135097	0.0166932	0.247286	0	-1.94058	0	0	0	0.0771907	0.0582175	0.0189732	0.0771907	0	454.306
380.25	249.018	9000	7222.3	0.220417	0.0283082	0.0131232	0.015185	0.248725	0	-1.89589	0	0	0	0.0871197	0.0568766	0.0302432	0.0871197	0	498.036
398.25	476.17	9000	6532.77	0.22375	0.00781179	-0.00779203	0.0156038	0.231562	0	-2.31413	0	0	0	0.111697	0.0694238	0.042273	0.111697	430.01	522.33
416.25	274.527	9000	6173.64	0.227083	0.0261212	0.0141723	0.0119489	0.253204	0	-2.25134	0	0	0	0.124244	0.0675401	0.0567037	0.124244	0	549.054
434.25	505.326	9000	6015.62	0.230417	0.00533634	-0.00710759	0.0124439	0.235753	0	-1.03918	0	0	0	0.0997015	0.0311755	0.068526	0.0997015	442.162	568.49
452.25	301.251	9000	1428.33	0.23375	0.0239044	0.0150999	0.00880447	0.257654	0	-0.985973	0	0	0	0.103603	0.0295792	0.0740236	0.103603	0	602.502
470.25	569.705	9000	1974.21	0.237083	-0.000424092	-0.00994553	0.00952144	0.236659	0	-1.72242	0	0	0	0.133004	0.0516725	0.0813314	0.133004	471.313	668.096
488.25	351.054	9000	1854.5	0.240417	0.0189246	0.0137195	0.00520507	0.259341	0	-1.32972	0	0	0	0.131433	0.0398915	0.0915414	0.131433	0	702.109
506.25	652.305	9000	5215.96	0.24375	-0.00917824	-0.0146056	0.00542732	0.234572	0	-1.01258	0	0	0	0.128671	0.0303774	0.0982937	0.128671	500.465	804.145
524.25	403.287	9000	12628.4	0.247083	0.0124938	0.0120962	0.000397569	0.259577	0	-2.50037	0	0	0	0.181063	0.0750109	0.106052	0.181063	0	806.575
542.25	421.508	9000	10535.9	0.250417	0.0105108	0.0120742	-0.00156336	0.260927	0	-1.76286	0	0	0	0.174195	0.0528857	0.121309	0.174195	0	843.017
560.25	640.158	9000	7279.76	0.25375	-0.00933306	-0.00799085	-0.00134221	0.244417	0	-0.276135	0	0	0	0.13731	0.00828404	0.129026	0.13731	413.006	867.311
578.25	444.588	9000	2955.83	0.257083	0.00865732	0.0133662	-0.0047089	0.265741	0	-0.415548	0	0	0	0.143382	0.0124664	0.130916	0.143382	0	889.175
596.25	663.238	9000	-8.18818	0.260417	-0.0109281	-0.00669876	-0.00422933	0.249489	0	-0.210153	0	0	0	0.139394	0.00630458	0.13309	0.139394	391.14	935.335
623.25	726.403	9000	-1607.51	0.265417	-0.0167094	-0.0103153	-0.00639411	0.248707	0	-0.293162	0	0	0	0.14383	0.00879486	0.135035	0.14383	410.576	1042.23
641.25	1004.58	9000	-946.715	0.26875	-0.0450884	-0.0363325	-0.00875587	0.223662	0	-0.53687	0	0	0	0.152837	0.0161061	0.13673	0.152837	879.459	1129.69
659.25	836.944	9000	1777.89	0.272083	-0.0294745	-0.0177694	-0.0117051	0.242609	0	-1.10197	0	0	0	0.174246	0.0330592	0.141187	0.174246	451.878	1222.01
677.25	1109.04	9000	10612.5	0.275417	-0.0589191	-0.0431792	-0.0157399	0.216498	0	0.00375671	0	0	0	0.146476	-0.000112701	0.146589	0.146476	925.621	1292.46
695.25	1087.17	9000	18709.7	0.27875	-0.0588864	-0.0391923	-0.0196941	0.219864	0	1.05095	0	0	0	0.111775	-0.0315286	0.143304	0.111775	879.456	1294.89
713.25	885.532	9000	6738.67	0.282083	-0.040395	-0.0172282	-0.0231668	0.241688	0	0.849816	0	0	0	0.112464	-0.0254945	0.137959	0.112464	432.442	1338.62
731.25	1056.81	9000	4746.7	0.285417	-0.0588959	-0.0325557	-0.0263402	0.226521	0	2.46105	0	0	0	0.0567968	-0.0738316	0.130628	0.0567968	838.158	1275.46
749.25	880.672	9000	3654.94	0.28875	-0.0417127	-0.0131422	-0.0285705	0.247037	0	2.81118	0	0	0	0.0305528	-0.0843355	0.114888	0.0305528	444.588	1316.76
767.25	1072.6	9000	638.246	0.292083	-0.0613887	-0.0305348	-0.0308539	0.230695	0	1.58307	0	0	0	0.0518988	-0.047492	0.0993908	0.0518988	891.605	1253.59
785.25	867.308	9000	4148.15	0.295417	-0.0405943	-0.00820573	-0.0323886	0.254822	0	1.39151	0	0	0	0.0493253	-0.0417452	0.0910705	0.0493253	476.17	1258.45
803.25	1132.12	9000	4277.43	0.29875	-0.0670695	-0.0328868	-0.0341827	0.231681	0	2.15668	0	0	0	0.0167694	-0.0647005	0.0814699	0.0167694	1015.51	1248.73
821.25	891.603	9000	6111.39	0.302083	-0.0425185	-0.00703531	-0.0354832	0.259565	0	1.30424	0	0	0	0.0299422	-0.0391272	0.0690694	0.0299422	534.473	1248.73
839.25	1169.77	9000	8103.37	0.305417	-0.0701563	-0.0330523	-0.037104	0.23526	0	0.498621	0	0	0	0.0480157	-0.0149586	0.0629744	0.0480157	1102.96	1236.58
857.25	1163.7	9000	13686.6	0.30875	-0.0686455	-0.0306451	-0.0380004	0.240105	0	1.61393	0	0	0	0.009895	-0.0484179	0.0583129	0.009895	1129.69	1197.71
875.25	884.317	9000	11536.7	0.312083	-0.0392976	-0.000906689	-0.0383909	0.272786	0	1.80975	0	0	0	-0.0064453	-0.0542924	0.0478471	-0.0064453	578.209	1190.43
893.251	1132.12	9000	5369.19	0.315417	-0.0621261	-0.0238868	-0.0382394	0.253291	0	1.61712	0	0	0	-0.0106981	-0.0485137	0.0378155	-0.0106981	1158.84	1105.4
911.251	866.095	9000	-458.298	0.31875	-0.0326048	0.00451559	-0.0371203	0.286145	0	1.70758	0	0	0	-0.0227251	-0.0512274	0.0285023	-0.0227251	617.077	1115.11
929.251	538.118	9000	-190.148	0.322083	-0.000378873	0.0391132	-0.0394921	0.321705	0	1.77143	0	0	0	-0.0353204	-0.053143	0.0178226	-0.0353204	0	1076.24
947.251	562.418	9000	-3551.61	0.325417	-0.000518121	0.0384833	-0.0390014	0.324899	0	1.63628	0	0	0	-0.0418497	-0.0490883	0.00723869	-0.0418497	0	1124.84
965.251	1017.94	9000	-2411.97	0.32875	-0.0408199	-0.0052686	-0.0355513	0.28793	0	1.57881	0	0	0	-0.0497932	-0.0473643	-0.00242892	-0.0497932	852.734	1183.14
983.251	614.647	9000	-855.736	0.332083	-0.00442848	0.0368604	-0.0412889	0.327655	0	1.38512	0	0	0	-0.0537619	-0.0415536	-0.0122083	-0.0537619	0	1229.29
1001.25	1128.48	9000	13408.9	0.335417	-0.0520641	-0.0127224	-0.0393416	0.283353	0	0.099537	0	0	0	-0.0224579	-0.00298611	-0.0194718	-0.0224579	993.645	1263.31
1019.25	611.004	9000	35454.7	0.33875	-0.00562383	0.0408247	-0.0464485	0.333126	0	-0.435768	0	0	0	-0.00500694	0.013073	-0.01808	-0.00500694	0	1222.01
1037.2	1064.1	8839.98	13796.8	0.339407	-0.0455604	-0.0026901	-0.0428703	0.293846	0	-0.265492	0	0	0	-0.00810722	0.00796477	-0.016072	-0.00810722	937.767	1190.43
1054.4	550.266	8359.98	1739.58	0.334592	0.00299845	0.0504131	-0.0474147	0.33759	0	-0.267621	0	0	0	-0.00651427	0.00802862	-0.0145429	-0.00651427	0	1100.53
1070.64	1041.01	7879.98	-5007.28	0.329599	-0.0388302	0.00296256	-0.0417928	0.290769	0	-0.19951	0	0	0	-0.00700294	0.00598531	-0.0129882	-0.00700294	947.472	1134.55
1085.92	536.903	7399.98	-1506.96	0.324429	0.00934497	0.0549014	-0.0455564	0.333774	0	-0.0696748	0	0	0	-0.00985738	0.00209024	-0.0119476	-0.00985738	0	1073.81
1100.24	552.696	6919.98	2386.01	0.319081	0.0103021	0.0547541	-0.044452	0.329383	0	0.0910232	0	0	0	-0.0142762	-0.0027307	-0.0115455	-0.0142762	0	1105.39
1113.6	1088.39	6439.98	2864.85	0.313555	-0.0363427	0.00252031	-0.038863	0.277212	0	0.126143	0	0	0	-0.0166933	-0.00378428	-0.012909	-0.0166933	1056.81	1119.98
1126	547.836	5959.98	11622.8	0.307851	0.0141514	0.0578161	-0.0436647	0.322002	0	-1.91291	0	0	0	0.0467578	0.0573874	-0.0106296	0.0467578	0	1095.67
1137.44	1090.82	5479.97	9645.23	0.301969	-0.0332607	0.00466169	-0.0379224	0.268709	0	-0.755036	0	0	0	0.0230647	0.0226511	0.000413646	0.0230647	1071.39	1110.25
1147.92	541.763	4999.97	12944.4	0.29591	0.0185163	0.0606154	-0.0420991	0.314427	0	-0.286777	0	0	0	0.0111718	0.0086033	0.00256851	0.0111718	0	1083.53
1157.44	1078.67	4519.97	13183.9	0.289673	-0.02742	0.00787628	-0.0352963	0.262253	0	-2.51633	0	0	0	0.0835719	0.0754899	0.00808207	0.0835719	1051.95	1105.4
1166	522.331	4039.97	2352.49	0.283258	0.026183	0.0643666	-0.0381836	0.309441	0	-1.9906	0	0	0	0.0833291	0.059718	0.0236111	0.0833291	0	1044.66
1173.6	1067.73	3559.97	3204.83	0.276666	-0.0196894	0.0105863	-0.0302757	0.256976	0	-1.66601	0	0	0	0.0843953	0.0499804	0.0344149	0.0843953	1027.65	1107.82
1180.24	535.69	3079.97	-3551.61	0.269895	0.0318604	0.0644547	-0.0325943	0.301756	0	-2.36414	0	0	0	0.115699	0.0709243	0.0447749	0.115699	0	1071.38
1185.92	570.923	2599.97	8630.09	0.262947	0.0320957	0.0614994	-0.0294037	0.295043	0	-4.06691	0	0	0	0.183844	0.122007	0.0618364	0.183844	0	1141.85
1190.64	1077.45	2119.97	-2469.43	0.255821	-0.0108746	0.0113183	-0.022193	0.244946	0	3.40289	0	0	0	-0.0202868	-0.102087	0.0818	-0.0202868	947.479	1207.43
1194.4	624.367	1639.97	6844.02	0.248517	0.0809208	0.057003	0.0239178	0.329438	0	2.14923	0	0	0	-0.000189066	-0.064477	0.064288	-0.000189066	0	1248.73
1197.2	1139.41	1159.97	6987.67	0.241036	-0.0125782	0.00577888	-0.0183571	0.228458	0	-2.90583	0	0	0	0.138932	0.087175	0.0517565	0.138932	986.351	1292.47
1199.04	665.665	679.965	3037.24	0.233377	0.0310566	0.0533372	-0.0222806	0.264433	0	-2.37372	0	0	0	0.140378	0.0712117	0.069166	0.140378	0	1331.33
1199.92	1180.71	199.964	1481.01	0.22554	-0.0147884	0.00192108	-0.0167094	0.210751	0	-3.04631	0	0	0	0.17453	0.0913894	0.0831401	0.17453	993.637	1367.77
1200	642.586	0	5934.22	0.222222	0.0349711	0.0557414	-0.0207703	0.257193	0	1.54263	0	0	0	0.0411106	-0.0462788	0.0873894	0.0411106	0	1285.17
1200	1141.84	0	12039.4	0.222222	-0.008738	0.00581582	-0.0145538	0.213484	0	-1.17434	0	0	0	0.120583	0.0352302	0.0853523	0.120583	937.767	1345.92
1200	611.004	0	8984.43	0.222222	0.0418042	0.0588996	-0.0170954	0.264026	0	1.25635	0	0	0	0.0516014	-0.0376905	0.0892919	0.0516014	0	1222.01
1200	592.781	0	3990.13	0.222222	0.0468304	0.0607219	-0.0138915	0.269053	0	2.21628	0	0	0	0.0132188	-0.0664884	0.0797073	0.0132188	0	1185.56
1200	1015.51	0	1648.6	0.222222	0.0122191	0.0184486	-0.00622946	0.234441	0	2.19819	0	0	0	0.000352152	-0.0659457	0.0662978	0.000352152	879.463	1151.57
1200	558.769	0	-1358.52	0.222222	0.0575262	0.0641231	-0.00659683	0.279748	0	2.14072	0	0	0	-0.0109884	-0.0642216	0.0532332	-0.0109884	0	1117.54
1200	1003.36	0	2994.14	0.222222	0.0211547	0.0196643	0.00149035	0.243377	0	2.15136	0	0	0	-0.0240786	-0.0645409	0.0404623	-0.0240786	886.742	1119.97
1200	542.976	0	9152.03	0.222222	0.0668132	0.0657024	0.00111088	0.289035	0	1.80868	0	0	0	-0.0264382	-0.0542605	0.0278223	-0.0264382	0	1085.95
1200	988.785	0	9333.99	0.222222	0.0309755	0.0211215	0.009854	0.253198	0	1.77463	0	0	0	-0.0359717	-0.0532388	0.0172671	-0.0359717	889.175	1088.39
1200	510.185	0	1500.16	0.222222	0.0790269	0.0689815	0.0100454	0.301249	0	1.69268	0	0	0	-0.0441771	-0.0507805	0.0066034	-0.0441771	0	1020.37
1200	976.635	0	336.577	0.222222	0.0418296	0.0223365	0.0194931	0.264052	0	1.63415	0	0	0	-0.0524239	-0.0490245	-0.00339944	-0.0524239	908.607	1044.66
1200	511.391	0	2386.01	0.222222	0.0884118	0.0688609	0.0195509	0.310634	0	1.66927	0	0	0	-0.063375	-0.0500781	-0.0132969	-0.063375	0	1022.78
1200	518.692	0	2596.7	0.222222	0.0917725	0.0681308	0.0236418	0.313995	0	2.76116	0	0	0	-0.107421	-0.0828349	-0.0245864	-0.107421	0	1037.38
1200	1062.88	0	863.301	0.222222	0.0455257	0.0137119	0.0318139	0.267748	0	2.36634	0	0	0	-0.113274	-0.0709901	-0.0422836	-0.113274	1054.38	1071.38
1200	524.757	0	10828	0.222222	0.0969422	0.0675243	0.0294179	0.319164	0	-0.995551	0	0	0	-0.0210726	0.0298665	-0.0509392	-0.0210726	0	1049.51
1200	1065.31	0	8907.82	0.222222	0.0506464	0.0134692	0.0371772	0.272869	0	-0.521971	0	0	0	-0.0285405	0.0156591	-0.0441996	-0.0285405	1078.67	1051.94
1200	511.391	0	9372.29	0.222222	0.103314	0.0688609	0.0344533	0.325536	0	0.52097	0	0	0	-0.0598353	-0.0156291	-0.0442062	-0.0598353	0	1022.78
1200	1098.11	0	6604.6	0.222222	0.0527541	0.0101894	0.0425647	0.274976	0	-0.954046	0	0	0	-0.0162427	0.0286214	-0.0448641	-0.0162427	1144.27	1051.94
1200	506.538	0	2342.92	0.222222	0.108373	0.0693462	0.039027	0.330595	0	-0.833789	0	0	0	-0.0133056	0.0250137	-0.0383193	-0.0133056	0	1013.08
1200	1135.76	0	4234.34	0.222222	0.0534534	0.00642426	0.0470291	0.275676	0	0.0463257	0	0	0	-0.0362356	-0.00138977	-0.0348458	-0.0362356	1219.57	1051.94
1200	502.892	0	18221.3	0.222222	0.112425	0.0697109	0.042714	0.334647	0	-1.6724	0	0	0	0.0152174	0.0501719	-0.0349546	0.0152174	0	1005.78
1200	500.458	0	5551.15	0.222222	0.115046	0.0699542	0.0450919	0.337268	0	-2.67064	0	0	0	0.0592442	0.0801192	-0.0208751	0.0592442	0	1000.92
1200	1090.81	0	1437.91	0.222222	0.0642557	0.0109187	0.053337	0.286478	0	-1.51596	0	0	0	0.0380638	0.0454787	-0.00741493	0.0380638	1166.12	1015.5
1200	515.038	0	1581.56	0.222222	0.118563	0.0684962	0.0500665	0.340785	0	-1.67559	0	0	0	0.0520858	0.0502677	0.00181809	0.0520858	0	1030.08
1200	1115.11	0	-4499.71	0.222222	0.0660715	0.00848877	0.0575828	0.288294	0	-1.89056	0	0	0	0.0689589	0.0567169	0.012242	0.0689589	1173.4	1056.82
1200	556.343	0	-4284.23	0.222222	0.117536	0.0643657	0.0531705	0.339758	0	-1.931	0	0	0	0.0814102	0.0579301	0.02348	0.0814102	0	1112.69
1200	1231.73	0	4583.89	0.222222	0.0565422	-0.00317275	0.0597149	0.278764	0	-2.48547	0	0	0	0.110588	0.074564	0.0360238	0.110588	1241.44	1222.02
1200	626.793	0	3726.77	0.222222	0.1104	0.0573207	0.0530796	0.332623	0	-3.68378	0	0	0	0.163493	0.110514	0.05298	0.163493	0	1253.59
1200	1315.54	0	1682.12	0.222222	0.0467214	-0.0115544	0.0582758	0.268944	0	-3.87428	0	0	0	0.191796	0.116228	0.0755679	0.191796	1251.16	1379.93
1200	691.17	0	6973.3	0.222222	0.101041	0.050883	0.0501585	0.323264	0	-1.01577	0	0	0	0.127243	0.0304731	0.0967703	0.127243	0	1382.34
1200	711.83	0	9410.6	0.222222	0.0971263	0.048817	0.0483093	0.319349	0	-1.05515	0	0	0	0.132821	0.0316544	0.101166	0.132821	0	1423.66
1200	1321.62	0	3698.04	0.222222	0.0396309	-0.0121617	0.0517926	0.261853	0	-2.31625	0	0	0	0.178597	0.0694876	0.10911	0.178597	1166.14	1477.1
1200	742.195	0	11062.6	0.222222	0.128266	0.0457805	0.0824857	0.350488	0	-0.403842	0	0	0	0.133034	0.0121152	0.120919	0.133034	0	1484.39
1200	1320.4	0	8074.64	0.222222	0.0347904	-0.0120404	0.0468308	0.257013	0	0.581631	0	0	0	0.103381	-0.0174489	0.12083	0.103381	1146.7	1494.11
1200	1337.4	0	6681.21	0.222222	0.0307433	-0.0137402	0.0444835	0.252965	0	-0.23463	0	0	0	0.126281	0.00703889	0.119243	0.126281	1158.83	1515.98
1200	1351.98	0	6125.76	0.222222	0.0266708	-0.0151982	0.041869	0.248893	0	0.783834	0	0	0	0.0958551	-0.023515	0.11937	0.0958551	1170.99	1532.97
1200	736.122	0	2237.57	0.222222	0.0800302	0.0463878	0.0336424	0.302252	0	2.19712	0	0	0	0.0459949	-0.0659137	0.111909	0.0459949	0	1472.24
1200	1347.12	0	-8229.88	0.222222	0.0225229	-0.0147122	0.0372352	0.244745	0	1.82145	0	0	0	0.0443121	-0.0546436	0.0989558	0.0443121	1156.42	1537.83
1200	744.629	0	4038.01	0.222222	0.0747765	0.0455371	0.0292394	0.296999	0	0.988165	0	0	0	0.0596304	-0.0296449	0.0892754	0.0596304	0	1489.26
1200	764.053	0	1931.12	0.222222	0.0705717	0.0435947	0.026977	0.292794	0	1.23719	0	0	0	0.0463615	-0.0371158	0.0834773	0.0463615	0	1528.11
1200	1322.82	0	9693.12	0.222222	0.0175101	-0.0122823	0.0297923	0.239732	0	3.39331	0	0	0	-0.0281781	-0.101799	0.0736213	-0.0281781	1153.98	1491.67
1200	728.828	0	1016.53	0.222222	0.0691566	0.0471172	0.0220395	0.291379	0	3.76686	0	0	0	-0.061347	-0.113006	0.0516587	-0.061347	0	1457.66
1200	1294.88	0	5876.76	0.222222	0.0158766	-0.00948837	0.025365	0.238099	0	2.73669	0	0	0	-0.0516542	-0.0821006	0.0304464	-0.0516542	1139.39	1450.38
1200	703.323	0	-3058.4	0.222222	0.0676321	0.0496677	0.0179644	0.289854	0	3.24645	0	0	0	-0.0833545	-0.0973935	0.014039	-0.0833545	0	1406.65
1200	1325.26	0	2108.29	0.222222	0.00944445	-0.0125256	0.0219701	0.231667	0	3.77324	0	0	0	-0.119825	-0.113197	-0.00662737	-0.119825	1202.58	1447.94
1200	694.824	0	2405.17	0.222222	0.0642369	0.0505176	0.0137193	0.286459	0	4.31387	0	0	0	-0.159334	-0.129416	-0.0299181	-0.159334	0	1389.65
1200	1348.33	0	4114.63	0.222222	0.00285575	-0.0148328	0.0176885	0.225078	0	3.80198	0	0	0	-0.169877	-0.114059	-0.0558173	-0.169877	1277.88	1418.78
1200	646.225	0	11302	0.222222	0.0644873	0.0553775	0.00910978	0.28671	0	0.93389	0	0	0	-0.102677	-0.0280167	-0.0746607	-0.102677	0	1292.45
1200	645.019	0	3305.39	0.222222	0.0630866	0.0554981	0.00758854	0.285309	0	0.535869	0	0	0	-0.0951907	-0.0160761	-0.0791147	-0.0951907	0	1290.04
1200	1254.81	0	8768.96	0.222222	0.00673228	-0.00548142	0.0122137	0.228955	0	-0.306997	0	0	0	-0.0726443	0.00920991	-0.0818542	-0.0726443	1251.16	1258.47
1200	601.295	0	1715.64	0.222222	0.0651695	0.0598705	0.00529909	0.287392	0	-1.43188	0	0	0	-0.0343866	0.0429565	-0.0773431	-0.0343866	0	1202.59
1200	1229.3	0	1356.51	0.222222	0.00758926	-0.00293015	0.0105194	0.229811	0	-1.11581	0	0	0	-0.0352361	0.0334742	-0.0687103	-0.0352361	1273.04	1185.56
1200	579.422	0	657.4	0.222222	0.0656747	0.0620578	0.00361693	0.287897	0	-0.970009	0	0	0	-0.0335473	0.0291003	-0.0626476	-0.0335473	0	1158.84
1200	1247.52	0	168.983	0.222222	0.00507067	-0.00475204	0.00982271	0.227293	0	-1.06366	0	0	0	-0.0278277	0.0319098	-0.0597376	-0.0278277	1311.9	1183.14
1200	1898.61	0	5517.63	0.222222	-0.0612198	-0.0698613	0.00864151	0.161002	0	-1.67772	0	0	0	-0.0026505	0.0503316	-0.0529821	-0.0026505	2611.65	1185.58
1200	1237.79	0	7174.42	0.222222	0.00403326	-0.0037793	0.00781256	0.226255	0	-3.31343	0	0	0	0.0599609	0.099403	-0.0394421	0.0599609	1299.74	1175.84
1200	1863.39	0	2941.47	0.222222	-0.0596101	-0.0663388	0.00672871	0.162612	0	-2.4546	0	0	0	0.0535945	0.0736381	-0.0200436	0.0535945	2560.64	1166.14
1200	1214.73	0	2069.98	0.222222	0.00487621	-0.00147292	0.00634914	0.227098	0	-1.73838	0	0	0	0.0447634	0.0521514	-0.00738804	0.0447634	1275.47	1153.99
1200	1817.23	0	1677.33	0.222222	-0.0562999	-0.061723	0.00542314	0.165922	0	-2.27688	0	0	0	0.0721563	0.0683063	0.00384999	0.0721563	2463.46	1171.01
1200	1854.87	0	73.2147	0.222222	-0.0606615	-0.0654866	0.00482506	0.161561	0	-2.29603	0	0	0	0.0865711	0.068881	0.01769	0.0865711	2514.45	1195.28
1200	1291.24	0	-5658.5	0.222222	-0.00493401	-0.00912444	0.00419043	0.217288	0	-2.33009	0	0	0	0.101369	0.0699027	0.0314663	0.101369	1302.18	1280.3
1200	1902.26	0	633.458	0.222222	-0.0676054	-0.070226	0.00262059	0.154617	0	-2.24921	0	0	0	0.112725	0.0674762	0.0452488	0.112725	2504.75	1299.77
1200	1330.12	0	-1684.13	0.222222	-0.0120581	-0.0130116	0.000953555	0.210164	0	-1.77776	0	0	0	0.112179	0.0533327	0.0588463	0.112179	1285.17	1375.06
1200	1956.92	0	5168.08	0.222222	-0.0776328	-0.0756924	-0.00194036	0.144589	0	0.0867663	0	0	0	0.0640588	-0.00260299	0.0666617	0.0640588	2541.2	1372.65
1200	1319.18	0	753.168	0.222222	-0.016206	-0.0119183	-0.00428771	0.206016	0	0.00588517	0	0	0	0.0657347	-0.000176555	0.0659113	0.0657347	1263.31	1375.06
1200	1932.62	0	3046.81	0.222222	-0.0803826	-0.0732617	-0.0071209	0.14184	0	-0.0792529	0	0	0	0.0684738	0.00237759	0.0660963	0.0684738	2497.47	1367.77
1200	1919.27	0	13116.8	0.222222	-0.0811032	-0.0719266	-0.00917666	0.141119	0	1.13396	0	0	0	0.0318983	-0.0340189	0.0659173	0.0318983	2509.61	1328.92
1200	1300.98	0	963.858	0.222222	-0.021051	-0.0100979	-0.010953	0.201171	0	1.41918	0	0	0	0.0149929	-0.0425753	0.0575682	0.0149929	1280.33	1321.62
1200	1865.83	0	-692.93	0.222222	-0.0792637	-0.0665829	-0.0126807	0.142959	0	1.16589	0	0	0	0.0147852	-0.0349767	0.049762	0.0147852	2473.21	1258.45
1200	689.957	0	528.113	0.222222	0.0310687	0.0510043	-0.0199356	0.253291	0	1.3798	0	0	0	0.0010278	-0.041394	0.0424218	0.0010278	0	1379.91
1200	608.566	0	523.325	0.222222	0.0379172	0.0591434	-0.0212261	0.260139	0	1.38725	0	0	0	-0.0074234	-0.0416175	0.0341941	-0.0074234	0	1217.13
1200	630.447	0	983.011	0.222222	0.0347302	0.0569553	-0.0222251	0.256952	0	1.15206	0	0	0	-0.00811641	-0.0345617	0.0264453	-0.00811641	0	1260.89
1200	1274.25	0	973.435	0.222222	-0.0248664	-0.00742461	-0.0174418	0.197356	0	0.872164	0	0	0	-0.00618503	-0.0261649	0.0199799	-0.00618503	1263.31	1285.19
1200	640.152	0	3305.39	0.222222	0.0309358	0.0559848	-0.025049	0.253158	0	0.494365	0	0	0	0.000509817	-0.0148309	0.0153408	0.000509817	0	1280.3
1200	1275.45	0	4488.12	0.222222	-0.0282605	-0.00754517	-0.0207153	0.193962	0	0.78277	0	0	0	-0.0112841	-0.0234831	0.012199	-0.0112841	1268.19	1282.71
1200	645.019	0	-108.745	0.222222	0.0271514	0.0554981	-0.0283466	0.249374	0	0.515649	0	0	0	-0.00730304	-0.0154695	0.00816643	-0.00730304	0	1290.04
1200	1328.89	0	1279.89	0.222222	-0.0367075	-0.0128888	-0.0238187	0.185515	0	0.891321	0	0	0	-0.0222322	-0.0267396	0.00450743	-0.0222322	1290.01	1367.77
1200	668.091	0	757.956	0.222222	0.0206841	0.0531909	-0.0325068	0.242906	0	1.12119	0	0	0	-0.0355586	-0.0336358	-0.00192281	-0.0355586	0	1336.18
1200	1368.99	0	1265.53	0.222222	-0.045327	-0.0168988	-0.0284282	0.176895	0	4.32558	0	0	0	-0.148516	-0.129767	-0.0187484	-0.148516	1338.62	1399.35
1200	1316.76	0	-8091.01	0.222222	-0.0429979	-0.0116757	-0.0313221	0.179224	0	-3.16231	0	0	0	0.0652721	0.0948694	-0.0295973	0.0652721	1302.18	1331.33
1200	655.945	0	-4068.75	0.222222	0.0144074	0.0544055	-0.0399981	0.23663	0	-0.0856382	0	0	0	-0.0161222	0.00256915	-0.0186913	-0.0161222	0	1311.89
1200	1315.54	0	3089.91	0.222222	-0.0475581	-0.0115536	-0.0360045	0.174664	0	-0.300612	0	0	0	-0.00645814	0.00901835	-0.0154765	-0.00645814	1348.33	1282.75
1200	624.374	0	1993.36	0.222222	0.0606084	0.0575626	0.00304586	0.282831	0	0.203831	0	0	0	-0.0216299	-0.00611493	-0.015515	-0.0216299	0	1248.75
1200	1316.76	0	7729.87	0.222222	-0.0521805	-0.0116757	-0.0405048	0.170042	0	-0.129271	0	0	0	-0.0121926	0.00387814	-0.0160707	-0.0121926	1372.65	1260.86
1200	638.931	0	1945.48	0.222222	0.00618503	0.0561069	-0.0499218	0.228407	0	0.348566	0	0	0	-0.0267354	-0.010457	-0.0162784	-0.0267354	0	1277.86
1200	1366.56	0	341.365	0.222222	-0.0625722	-0.0166562	-0.045916	0.15965	0	0.192125	0	0	0	-0.0243698	-0.00576374	-0.0186061	-0.0243698	1438.23	1294.89
1200	618.286	0	-242.82	0.222222	0.00242524	0.0581714	-0.0557461	0.224647	0	-0.490044	0	0	0	-0.00406459	0.0147013	-0.0187659	-0.00406459	0	1236.57
1200	1350.75	0	5402.71	0.222222	-0.0661721	-0.0150754	-0.0510967	0.15605	0	-0.677347	0	0	0	0.00511735	0.0203204	-0.0152031	0.00511735	1416.35	1285.16
1200	609.787	0	815.417	0.222222	-0.00129778	0.0590213	-0.0603191	0.220924	0	-0.563475	0	0	0	0.00539492	0.0169043	-0.0115093	0.00539492	0	1219.57
1200	590.363	0	-4159.73	0.222222	-0.00116817	0.0609637	-0.0621319	0.221054	0	-0.616687	0	0	0	0.0103849	0.0185006	-0.00811571	0.0103849	0	1180.73
1200	1277.89	0	-1449.5	0.222222	-0.0649073	-0.00778931	-0.057118	0.157315	0	-0.683733	0	0	0	0.0162209	0.020512	-0.00429108	0.0162209	1321.62	1234.16
1200	611.008	0	-1262.75	0.222222	-0.00586227	0.0588992	-0.0647615	0.21636	0	-0.717788	0	0	0	0.0214152	0.0215336	-0.000118442	0.0214152	0	1222.02
1200	1257.22	0	-4063.97	0.222222	-0.0656518	-0.00572174	-0.05993	0.15657	0	-0.676283	0	0	0	0.0245087	0.0202885	0.00422021	0.0245087	1270.57	1243.87
1200	621.933	0	-1942.7	0.222222	-0.00941439	0.0578067	-0.0672211	0.212808	0	-0.736944	0	0	0	0.0303862	0.0221083	0.00827791	0.0303862	0	1243.87
1200	1286.39	0	-372.107	0.222222	-0.0707614	-0.00863921	-0.0621222	0.151461	0	-0.775256	0	0	0	0.0361935	0.0232577	0.0129358	0.0361935	1282.75	1290.04
1200	624.374	0	1208.07	0.222222	-0.0122274	0.0575626	-0.0697899	0.209995	0	-0.592209	0	0	0	0.0351972	0.0177663	0.0174309	0.0351972	0	1248.75
1200	1287.61	0	3027.66	0.222222	-0.0732822	-0.00876128	-0.0645209	0.14894	0	-0.354887	0	0	0	0.0308901	0.0106466	0.0202435	0.0308901	1282.75	1292.48
1200	611.008	0	-2019.32	0.222222	-0.01301	0.0588992	-0.0719093	0.209212	0	-0.383621	0	0	0	0.0341656	0.0115086	0.022657	0.0341656	0	1222.02
1200	603.714	0	-621.104	0.222222	-0.0127938	0.0596286	-0.0724224	0.209428	0	-0.201639	0	0	0	0.0307844	0.00604916	0.0247352	0.0307844	0	1207.43
1200	1234.16	0	2223.21	0.222222	-0.0704117	-0.00341614	-0.0669955	0.151811	0	-0.25485	0	0	0	0.0336416	0.0076455	0.0259961	0.0336416	1253.6	1214.72
1200	1243.87	0	-1128.67	0.222222	-0.071871	-0.0043866	-0.0674844	0.150351	0	-0.272942	0	0	0	0.035755	0.00818825	0.0275667	0.035755	1265.75	1221.98
1200	1203.8	0	-879.678	0.222222	-0.0688142	-0.000379639	-0.0684346	0.153408	0	-0.19951	0	0	0	0.0352471	0.00598531	0.0292618	0.0352471	1234.16	1173.43
1200	587.936	0	1758.73	0.222222	-0.0134504	0.0612064	-0.0746568	0.208772	0	0.27407	0	0	0	0.0214354	-0.0082221	0.0296575	0.0214354	0	1175.87
1200	1236.59	0	700.496	0.222222	-0.0724151	-0.00365875	-0.0687563	0.149807	0	0.2464	0	0	0	0.02057	-0.007392	0.027962	0.02057	1248.75	1224.43
1200	590.363	0	575.997	0.222222	-0.0143671	0.0609637	-0.0753308	0.207855	0	0.0739956	0	0	0	0.0244394	-0.00221987	0.0266592	0.0244394	0	1180.73
1200	1251.16	0	-635.469	0.222222	-0.0744854	-0.00511597	-0.0693694	0.147737	0	-0.0718033	0	0	0	0.0286727	0.0021541	0.0265186	0.0286727	1263.31	1239.01
1200	592.789	0	-5917.08	0.222222	-0.0152958	0.0607211	-0.0760169	0.206926	0	1.36384	0	0	0	-0.0162485	-0.0409151	0.0246666	-0.0162485	0	1185.58
1200	608.566	0	-487.029	0.222222	-0.0169493	0.0591434	-0.0760927	0.205273	0	1.23719	0	0	0	-0.0207056	-0.0371158	0.0164102	-0.0207056	0	1217.13
1200	610.992	0	188.136	0.222222	-0.0177415	0.0589008	-0.0766422	0.204481	0	1.12119	0	0	0	-0.0244828	-0.0336358	0.00915303	-0.0244828	0	1221.98
1200	619.507	0	-17.765	0.222222	-0.0191423	0.0580493	-0.0771916	0.20308	0	1.04776	0	0	0	-0.028908	-0.0314328	0.00252484	-0.028908	0	1239.01
1200	1225.66	0	2041.25	0.222222	-0.0747926	-0.00256622	-0.0722264	0.14743	0	0.905155	0	0	0	-0.0309355	-0.0271547	-0.00378088	-0.0309355	1200.16	1251.16
1200	626.801	0	1892.81	0.222222	-0.0214322	0.0573199	-0.0787522	0.20079	0	0.267685	0	0	0	-0.0161696	-0.00803054	-0.00813908	-0.0161696	0	1253.6
1200	1263.32	0	-5878.77	0.222222	-0.0798396	-0.00633209	-0.0735075	0.142383	0	-0.0324269	0	0	0	-0.00816577	0.000972808	-0.00913858	-0.00816577	1243.9	1282.75
1200	607.361	0	-510.971	0.222222	-0.0212919	0.0592639	-0.0805558	0.20093	0	-0.0175278	0	0	0	-0.00830325	0.000525834	-0.00882908	-0.00830325	0	1214.72
1200	1252.38	0	-994.599	0.222222	-0.0800511	-0.00523804	-0.0748131	0.142171	0	0.0112063	0	0	0	-0.00917504	-0.000336189	-0.00883885	-0.00917504	1268.16	1236.6
1200	591.568	0	221.655	0.222222	-0.0207145	0.0608432	-0.0815577	0.201508	0	-0.213345	0	0	0	-0.00210345	0.00640036	-0.00850381	-0.00210345	0	1183.14
1200	602.509	0	3439.46	0.222222	-0.0219573	0.0597491	-0.0817065	0.200265	0	-0.296355	0	0	0	0.0018457	0.00889064	-0.00704495	0.0018457	0	1205.02
1200	1215.93	0	188.136	0.222222	-0.077775	-0.00159271	-0.0761823	0.144447	0	-0.365529	0	0	0	0.00578207	0.0109659	-0.00518381	0.00578207	1238.98	1192.87
1200	586.7	0	-515.759	0.222222	-0.0210624	0.06133	-0.0823924	0.20116	0	-0.60498	0	0	0	0.0153727	0.0181494	-0.00277672	0.0153727	0	1173.4
1200	1201.34	0	68.4263	0.222222	-0.0768445	-0.000133972	-0.0767106	0.145378	0	-0.137785	0	0	0	0.00455889	0.00413356	0.000425338	0.00455889	1229.28	1173.4
1200	583.054	0	-3082.34	0.222222	-0.0210924	0.0616946	-0.082787	0.20113	0	-0.544319	0	0	0	0.0178785	0.0163296	0.00154897	0.0178785	0	1166.11
1200	1229.29	0	-261.974	0.222222	-0.0796941	-0.00292938	-0.0767648	0.142528	0	-0.437897	0	0	0	0.0178943	0.0131369	0.00475742	0.0178943	1260.89	1197.69
1200	579.437	0	-424.779	0.222222	-0.0210886	0.0620563	-0.0831449	0.201134	0	-0.39852	0	0	0	0.0192159	0.0119556	0.00726028	0.0192159	0	1158.87
1200	1234.16	0	-166.205	0.222222	-0.0802838	-0.00341614	-0.0768676	0.141938	0	-0.335731	0	0	0	0.0196754	0.0100719	0.00960352	0.0196754	1246.31	1222.02
1200	595.2	0	-108.745	0.222222	-0.0226342	0.06048	-0.0831142	0.199588	0	-0.153749	0	0	0	0.0159239	0.00461246	0.0113114	0.0159239	0	1190.4
1200	614.639	0	-175.782	0.222222	-0.0245325	0.0585361	-0.0830685	0.19769	0	-0.147363	0	0	0	0.0165941	0.0044209	0.0121732	0.0165941	0	1229.28
1200	1218.37	0	-10571.4	0.222222	-0.0794664	-0.00183685	-0.0776295	0.142756	0	-0.329346	0	0	0	0.0230815	0.00988037	0.0132011	0.0230815	1197.75	1238.98
1200	619.522	0	403.615	0.222222	-0.0256946	0.0580478	-0.0837424	0.196528	0	-0.390007	0	0	0	0.0271136	0.0117002	0.0154134	0.0271136	0	1239.04
1200	608.566	0	5575.09	0.222222	-0.0252458	0.0591434	-0.0843892	0.196976	0	-0.162262	0	0	0	0.0221967	0.00486787	0.0173288	0.0221967	0	1217.13
1200	615.875	0	-2780.67	0.222222	-0.0261739	0.0584125	-0.0845864	0.196048	0	-0.47408	0	0	0	0.0327355	0.0142224	0.0185131	0.0327355	0	1231.75
1200	1224.46	0	-36.9186	0.222222	-0.0813135	-0.00244568	-0.0788678	0.140909	0	-0.626265	0	0	0	0.0404999	0.0187879	0.021712	0.0404999	1207.43	1241.49
1200	600.082	0	197.713	0.222222	-0.0250375	0.0599918	-0.0850293	0.197185	0	-0.442154	0	0	0	0.038549	0.0132646	0.0252844	0.038549	0	1200.16
1200	1251.19	0	-223.666	0.222222	-0.0842232	-0.00511902	-0.0791042	0.137999	0	-0.403842	0	0	0	0.0398482	0.0121152	0.027733	0.0398482	1236.6	1265.78
1200	592.789	0	-673.776	0.222222	-0.024885	0.0607211	-0.0856061	0.197337	0	-0.391071	0	0	0	0.0417988	0.0117321	0.0300667	0.0417988	0	1185.58
1200	611.008	0	-3431.9	0.222222	-0.0267463	0.0588992	-0.0856455	0.195476	0	-0.180354	0	0	0	0.0382036	0.00541063	0.032793	0.0382036	0	1222.02
1200	1208.63	0	1835.35	0.222222	-0.0809604	-0.000863342	-0.0800971	0.141262	0	0.655063	0	0	0	0.0124417	-0.0196519	0.0320936	0.0124417	1204.99	1212.28
1200	598.846	0	-640.257	0.222222	-0.0259247	0.0601154	-0.08604	0.196298	0	0.848751	0	0	0	0.00242614	-0.0254625	0.0278887	0.00242614	0	1197.69
1200	584.274	0	-80.0142	0.222222	-0.0246403	0.0615726	-0.0862129	0.197582	0	0.779577	0	0	0	-0.000571979	-0.0233873	0.0228153	-0.000571979	0	1168.55
1200	580.643	0	-568.431	0.222222	-0.024025	0.0619357	-0.0859607	0.198197	0	0.742329	0	0	0	-0.00407773	-0.0222699	0.0181921	-0.00407773	0	1161.29
1200	1202.59	0	231.232	0.222222	-0.0799061	-0.000259094	-0.079647	0.142316	0	0.761485	0	0	0	-0.00908084	-0.0228446	0.0137637	-0.00908084	1197.72	1207.46
1199.88	587.921	-239.453	-32.1302	0.218209	-0.0239325	0.0611959	-0.0851284	0.194277	0	0.749779	0	0	0	-0.0133369	-0.0224934	0.00915649	-0.0133369	0	1175.84
1198.92	1218.35	-719.447	4315.74	0.210032	-0.0807153	-0.00194316	-0.0787722	0.129316	0	0.806182	0	0	0	-0.0197128	-0.0241855	0.00447264	-0.0197128	1187.99	1248.72
1197	609.787	-1199.44	-4193.25	0.201677	-0.0258413	0.0587216	-0.0845629	0.175835	0	0.195317	0	0	0	-0.00487666	-0.00585952	0.000982854	-0.00487666	0	1219.57
1194.12	620.712	-1679.43	-5735.12	0.193143	-0.0270307	0.0573412	-0.0843718	0.166113	0	0.371979	0	0	0	-0.0117762	-0.0111594	-0.000616868	-0.0117762	0	1241.42
1190.29	1200.18	-2159.43	355.73	0.184433	-0.0799358	-0.00098949	-0.0789464	0.104497	0	0.352823	0	0	0	-0.0134398	-0.0105847	-0.00285513	-0.0134398	1168.61	1231.75
1185.49	597.656	-2639.42	-65.649	0.175544	-0.0259955	0.058783	-0.0847785	0.149549	0	0.353887	0	0	0	-0.0155312	-0.0106166	-0.00491459	-0.0155312	0	1195.31
1179.73	1169.75	-3119.42	-2933.9	0.166478	-0.0782228	0.000997351	-0.0792201	0.088255	0	-0.136721	0	0	0	-0.00263937	0.00410163	-0.006741	-0.00263937	1173.4	1166.11
1173.01	575.775	-3599.41	-2632.23	0.157234	-0.0250758	0.0597234	-0.0847992	0.132158	0	-0.109051	0	0	0	-0.00195632	0.00327153	-0.00522786	-0.00195632	0	1151.55
1165.33	1194.09	-4079.4	-1147.83	0.147812	-0.0817805	-0.00287617	-0.0789043	0.0660313	0	0.276198	0	0	0	-0.0137119	-0.00828595	-0.005426	-0.0137119	1212.28	1175.9
1156.69	557.556	-4559.4	-932.35	0.138212	-0.0250133	0.0599135	-0.0849268	0.113199	0	0.120821	0	0	0	-0.0105801	-0.00362464	-0.00695548	-0.0105801	0	1115.11
1147.09	1168.56	-5039.39	-894.043	0.128435	-0.0810779	-0.00214711	-0.0789308	0.0473568	0	-0.0952162	0	0	0	-0.00432586	0.00285649	-0.00718235	-0.00432586	1195.28	1141.85
1136.53	541.794	-5519.39	-5304.16	0.11848	-0.0251732	0.059474	-0.0846473	0.0933063	0	-0.449603	0	0	0	0.00719631	0.0134881	-0.00629179	0.00719631	0	1083.59
1125.02	549.042	-5999.38	-7157.27	0.108347	-0.0266171	0.0575974	-0.0842145	0.0817294	0	-0.790155	0	0	0	0.0206245	0.0237047	-0.00308015	0.0206245	0	1098.08
1112.54	1119.96	-6479.37	-3714.41	0.0980358	-0.079415	-0.000742761	-0.0786722	0.0186208	0	-0.312318	0	0	0	0.0106823	0.00936954	0.00131278	0.0106823	1146.7	1093.23
1099.1	530.838	-6959.37	-1851.72	0.0875473	-0.0273569	0.056826	-0.0841829	0.0601904	0	-0.244208	0	0	0	0.0102639	0.00732623	0.00293766	0.0102639	0	1061.68
1084.7	1062.87	-7439.36	1246.37	0.076881	-0.076536	0.00218336	-0.0787193	0.000344999	0	-0.270813	0	0	0	0.0127731	0.0081244	0.00464875	0.0127731	1090.82	1034.91
1069.34	508.972	-7919.35	3449.04	0.0660369	-0.0272168	0.0560369	-0.0832537	0.0388201	0	-0.259107	0	0	0	0.0142991	0.00777321	0.00652585	0.0142991	0	1017.94
1053.02	1021.55	-8399.35	-5241.91	0.0550151	-0.0741174	0.00314775	-0.0772652	-0.0191023	0	0.546512	0	0	0	-0.00917368	-0.0163953	0.00722166	-0.00917368	1022.77	1020.32
1035.74	473.74	-8879.34	-2838.13	0.0438155	-0.0249669	0.0562005	-0.0811674	0.0188486	0	1.49154	0	0	0	-0.0423745	-0.0447463	0.0023718	-0.0423745	0	947.479
1017.77	962.067	-9000	-5064.74	0.0384768	-0.0691712	0.00557083	-0.074742	-0.0306943	0	0.662512	0	0	0	-0.0262645	-0.0198754	-0.0063891	-0.0262645	957.214	966.919
999.775	471.313	-9000	-12980	0.0351435	-0.0249532	0.0528462	-0.0777994	0.0101903	0	-1.26906	0	0	0	0.0326785	0.0380717	-0.00539317	0.0326785	0	942.627
981.775	482.254	-9000	-14569.7	0.0318103	-0.0264418	0.0499521	-0.076394	0.00536843	0	1.96512	0	0	0	-0.0616844	-0.0589537	-0.00273068	-0.0616844	0	964.508
963.776	-2272.74	-9000	-6170.86	0.028477	0.252396	0.323651	-0.071255	0.280873	0	1.12226	0	0	0	-0.0485435	-0.0336677	-0.0148758	-0.0485435	-5512.39	966.919
945.776	474.96	-9000	-1732.01	0.0251437	-0.0282498	0.0470816	-0.0753314	-0.00310617	0	-0.0175278	0	0	0	-0.0178653	0.000525834	-0.0183911	-0.0178653	0	949.921
927.776	915.909	-9000	590.362	0.0218104	-0.0696893	0.00118673	-0.070876	-0.0478789	0	0.965816	0	0	0	-0.0481576	-0.0289745	-0.0191831	-0.0481576	911.041	920.776
909.776	428.802	-9000	-11007.2	0.018477	-0.0269071	0.0480974	-0.0750045	-0.00843005	0	1.94171	0	0	0	-0.0858314	-0.0582513	-0.02758	-0.0858314	0	857.605
891.776	881.882	-9000	-7272.2	0.0151437	-0.0690406	0.000989459	-0.07003	-0.0538968	0	0.194253	0	0	0	-0.0427911	-0.00582759	-0.0369635	-0.0427911	915.863	847.9
873.776	389.954	-9000	-6300.15	0.0118105	-0.0256698	0.0483823	-0.0740521	-0.0138593	0	0.462438	0	0	0	-0.050492	-0.0138731	-0.0366189	-0.050492	0	779.907
855.777	829.636	-9000	-75.2258	0.00847717	-0.0661633	0.00261412	-0.0687775	-0.0576862	0	1.72035	0	0	0	-0.0936029	-0.0516106	-0.0419923	-0.0936029	908.6	750.671
837.777	331.634	-9000	-2440.7	0.00514388	-0.0215449	0.0506142	-0.0721592	-0.016401	0	1.22549	0	0	0	-0.089044	-0.0367646	-0.0522793	-0.089044	0	663.269
819.777	303.68	-9000	-1842.15	0.00181059	-0.0187282	0.0516097	-0.0703378	-0.0169176	0	0.354951	0	0	0	-0.0688984	-0.0106485	-0.0582498	-0.0688984	0	607.361
801.777	672.958	-9000	-1971.43	-0.00152271	-0.0512566	0.0128819	-0.0641385	-0.0527793	0	0.0303623	0	0	0	-0.060406	-0.00091087	-0.0594952	-0.060406	796.844	549.072
783.778	239.288	-9000	-17361.4	-0.004856	-0.0108352	0.0544489	-0.0652842	-0.0156912	0	2.87397	0	0	0	-0.150593	-0.0862192	-0.0643738	-0.150593	0	478.577
765.778	619.507	-9000	-14114.8	-0.00818929	-0.0439753	0.0146271	-0.0586024	-0.0521646	0	0.659319	0	0	0	-0.10042	-0.0197796	-0.0806407	-0.10042	784.729	454.285
747.778	219.849	-9000	-4322.54	-0.0115226	-0.00706783	0.0527929	-0.0598608	-0.0185904	0	-0.134593	0	0	0	-0.0778865	0.00403778	-0.0819243	-0.0778865	0	439.697
729.778	619.537	-9000	-228.455	-0.0148559	-0.0424252	0.0110241	-0.0534493	-0.0572811	0	0.83066	0	0	0	-0.107492	-0.0249198	-0.0825726	-0.107492	826.05	413.025
711.779	176.117	-9000	-1123.89	-0.0181892	-0.00142437	0.0535662	-0.0549905	-0.0196135	0	0.895577	0	0	0	-0.115257	-0.0268673	-0.0883898	-0.115257	0	352.234
693.779	557.556	-9000	-2641.81	-0.0215224	-0.0345594	0.0136223	-0.0481817	-0.0560819	0	0.0537753	0	0	0	-0.0940516	-0.00161326	-0.0924383	-0.0940516	789.612	325.5
675.779	136.078	-9000	-6850.82	-0.0248557	0.00514317	0.0539701	-0.048827	-0.0197126	0	0.158069	0	0	0	-0.0961877	-0.00474208	-0.0914456	-0.0961877	0	272.156
657.779	112.946	-9000	-12410.2	-0.028189	0.00895108	0.0544834	-0.0455323	-0.0192379	0	2.37804	0	0	0	-0.167739	-0.0713413	-0.0963977	-0.167739	0	225.891
639.78	484.65	-9000	-7607.38	-0.0315223	-0.0230273	0.015513	-0.0385403	-0.0545496	0	0.650806	0	0	0	-0.128926	-0.0195242	-0.109402	-0.128926	767.7	201.599
621.78	479.858	-9000	-2675.33	-0.0348556	-0.0212266	0.0141921	-0.0354188	-0.0560822	0	-0.22718	0	0	0	-0.103554	0.0068154	-0.110369	-0.103554	772.583	187.134
603.78	1796.63	-9000	-2569.98	-0.0381889	-0.13841	-0.119285	-0.0191251	-0.176599	0	0.499686	0	0	0	-0.125408	-0.0149906	-0.110417	-0.125408	3445.01	148.254
585.78	54.6875	-9000	-1339.36	-0.0415222	0.0390334	0.0531093	-0.0140759	-0.00248877	0	0.394327	0	0	0	-0.124987	-0.0118298	-0.113157	-0.124987	0	109.375
567.78	410.614	-9000	-2033.68	-0.0448555	-0.010396	0.0157166	-0.0261127	-0.0552515	0	0.128271	0	0	0	-0.118937	-0.00384813	-0.115089	-0.118937	750.732	70.4956
549.781	16.9983	-9000	-10418.2	-0.0481888	0.0268058	0.0532782	-0.0264724	-0.0213829	0	0.468823	0	0	0	-0.129741	-0.0140647	-0.115676	-0.129741	0	33.9966
531.781	377.777	-9000	-7856.38	-0.0515221	-0.00406565	0.0154004	-0.019466	-0.0555877	0	0.936018	0	0	0	-0.147761	-0.0280805	-0.11968	-0.147761	750.671	4.88281
513.781	-2.44141	-9000	-4590.69	-0.0548554	0.0316359	0.0516223	-0.0199864	-0.0232195	0	-0.0292343	0	0	0	-0.123563	0.000877028	-0.12444	-0.123563	0	-4.88281
495.781	-12.1765	-9000	-2052.84	-0.0581886	0.0337187	0.0507958	-0.0170771	-0.0244699	0	-0.104794	0	0	0	-0.12048	0.00314383	-0.123623	-0.12048	0	-24.353
477.782	352.295	-9000	-6118.19	-0.0615219	0.00182341	0.0125487	-0.0107253	-0.0596985	0	-0.0675464	0	0	0	-0.121466	0.00202639	-0.123493	-0.121466	750.732	-46.1426
459.782	-25.5127	-9000	-5529.22	-0.0648552	0.0366531	0.0485294	-0.0118764	-0.0282022	0	-1.10623	0	0	0	-0.0886904	0.0331869	-0.121877	-0.0886904	0	-51.0254
441.782	335.266	-9000	-4020.87	-0.0681885	0.00467406	0.0106516	-0.00597754	-0.0635144	0	-1.39996	0	0	0	-0.0725261	0.0419987	-0.114525	-0.0725261	728.821	-58.2886
423.782	-33.9966	-9000	-2541.25	-0.0715218	0.0383665	0.0457779	-0.00741134	-0.0331553	0	-1.2084	0	0	0	-0.0700903	0.0362519	-0.106342	-0.0700903	0	-67.9932
405.783	323.12	-9000	-2881.23	-0.0748551	0.00632521	0.00826624	-0.00194104	-0.0685299	0	-1.4553	0	0	0	-0.0553148	0.0436589	-0.0989736	-0.0553148	721.558	-75.3174
387.783	-37.6282	-9000	-6089.46	-0.0781884	0.038847	0.0425411	-0.00369413	-0.0393414	0	-1.65856	0	0	0	-0.0401593	0.0497569	-0.0899162	-0.0401593	0	-75.2563
369.783	312.195	-9000	-7300.93	-0.0815217	0.00705823	0.00575882	0.00129941	-0.0744634	0	-1.17008	0	0	0	-0.0455998	0.0351025	-0.0807023	-0.0455998	702.087	-77.6978
351.783	-31.5857	-9000	-5854.83	-0.084855	0.0374913	0.0383369	-0.000845614	-0.0473637	0	-1.69475	0	0	0	-0.0229991	0.0508424	-0.0738415	-0.0229991	0	-63.1714
333.783	3333.19	-9000	-5792.58	-0.0881883	-0.296537	-0.299941	0.00340352	-0.384725	0	-1.29353	0	0	0	-0.0247808	0.038806	-0.0635868	-0.0247808	6722.29	-55.9082
315.784	306.122	-9000	-10073.4	-0.0915215	0.00480883	0.00096619	0.00384264	-0.0867127	0	-0.723109	0	0	0	-0.0354541	0.0216933	-0.0571474	-0.0354541	653.564	-41.3208
297.784	-21.8506	-9000	-5371.2	-0.0948548	0.0329943	0.0319634	0.00103084	-0.0618605	0	-1.41166	0	0	0	-0.00909875	0.0423499	-0.0514486	-0.00909875	0	-43.7012
279.784	272.125	-9000	-1569.21	-0.0981881	0.00500189	0.00076589	0.004236	-0.0931862	0	-1.16263	0	0	0	-0.00833908	0.034879	-0.0432181	-0.00833908	587.952	-43.7012
261.784	-27.9541	-9000	767.533	-0.101521	0.03065	0.0289738	0.00167619	-0.0708714	0	-1.03599	0	0	0	-0.00534773	0.0310797	-0.0364275	-0.00534773	0	-55.9082
243.785	223.541	-9000	-2886.02	-0.104855	0.00676919	0.00202433	0.00474486	-0.0980855	0	-1.11368	0	0	0	0.00328826	0.0334104	-0.0301221	0.00328826	515.076	-67.9932
225.785	-31.5857	-9000	-8052.71	-0.108188	0.0287079	0.0257371	0.0029708	-0.0794801	0	-1.10517	0	0	0	0.00997992	0.033155	-0.0231751	0.00997992	0	-63.1714
207.785	197.998	-9000	-12462.8	-0.111521	0.0067477	0.000978705	0.00576899	-0.104774	0	-0.478337	0	0	0	-0.00340397	0.0143501	-0.0177541	-0.00340397	447.021	-51.0254
189.785	-13.3667	-9000	-7564.29	-0.114855	0.0241855	0.0203152	0.00387034	-0.090669	0	-0.498558	0	0	0	0.000165254	0.0149567	-0.0147915	0.000165254	0	-26.7334
171.786	-10.9253	-9000	-1755.96	-0.118188	0.0221179	0.0182711	0.0038468	-0.09607	0	-0.448539	0	0	0	0.00183483	0.0134562	-0.0116213	0.00183483	0	-21.8506
154.118	162.781	-8600.96	-348.165	-0.114809	0.0046504	-0.000866312	0.00551671	-0.110159	0	-0.147363	0	0	0	-0.00493383	0.0044209	-0.00935473	-0.00493383	354.736	-29.1748
137.396	-21.8811	-8120.96	-2546.04	-0.109906	0.0198262	0.0159277	0.00389847	-0.0900795	0	0.0250412	0	0	0	-0.00936227	-0.000751237	-0.00861103	-0.00936227	0	-43.7622
121.634	100.83	-7640.97	-7142.91	-0.104825	0.00768702	0.00208041	0.0056066	-0.0971376	0	0.254914	0	0	0	-0.0166673	-0.00764742	-0.00901988	-0.0166673	257.507	-55.8472
106.832	-26.7334	-7160.98	-14282.4	-0.0995658	0.0181383	0.0133566	0.00478171	-0.0814275	0	1.49686	0	0	0	-0.0573422	-0.0449059	-0.0124362	-0.0573422	0	-53.4668
92.9907	115.417	-6680.98	-10992.8	-0.0941292	0.00382768	-0.00224268	0.00607036	-0.0903015	0	2.38443	0	0	0	-0.0947094	-0.0715329	-0.0231766	-0.0947094	274.536	-43.7012
80.1089	-19.4397	-6200.99	-4226.77	-0.0885148	0.014005	0.00995486	0.00405017	-0.0745098	0	2.64516	0	0	0	-0.1174	-0.0793549	-0.0380451	-0.1174	0	-38.8794
68.187	131.195	-5720.99	-2191.7	-0.0827227	-0.00181461	-0.0063008	0.00448619	-0.0845373	0	2.90909	0	0	0	-0.141384	-0.0872727	-0.0541108	-0.141384	310.974	-48.584
57.2252	-35.2478	-5241	-2009.74	-0.0767528	0.0108625	0.0092473	0.00161515	-0.0658903	0	3.05063	0	0	0	-0.163429	-0.091519	-0.0719102	-0.163429	0	-70.4956
47.2233	-41.2903	-4761.01	-6424.65	-0.0706051	0.00903356	0.00885136	0.000182201	-0.0615715	0	2.50149	0	0	0	-0.164591	-0.0750448	-0.0895467	-0.164591	0	-82.5806
38.1814	129.944	-4281.01	-7712.73	-0.0642796	-0.00897092	-0.00917624	0.000205319	-0.0732505	0	2.19925	0	0	0	-0.169898	-0.0659776	-0.10392	-0.169898	344.971	-85.083
30.0995	-38.8794	-3801.02	-5217.97	-0.0577763	0.00340384	0.00689789	-0.00349405	-0.0543725	0	1.59477	0	0	0	-0.164426	-0.0478432	-0.116583	-0.164426	0	-77.7588
22.9775	151.825	-3321.03	-2790.25	-0.0510953	-0.0169312	-0.0128847	-0.00404642	-0.0680265	0	1.09884	0	0	0	-0.158146	-0.0329653	-0.125181	-0.158146	369.263	-65.6128
16.8155	-34.0271	-2841.03	-1348.94	-0.0442365	-0.00340583	0.00508426	-0.0084901	-0.0476424	0	0.942403	0	0	0	-0.159567	-0.0282721	-0.131295	-0.159567	0	-68.0542
11.6135	-37.6587	-2361.04	-673.776	-0.0372	-0.00637542	0.00492722	-0.0113026	-0.0435754	0	0.827467	0	0	0	-0.161741	-0.024824	-0.136917	-0.161741	0	-75.3174
7.37151	-41.2903	-1881.04	-5720.75	-0.0299856	-0.0092512	0.00486618	-0.0141174	-0.0392368	0	0.895577	0	0	0	-0.168695	-0.0268673	-0.141828	-0.168695	0	-82.5806
4.08946	156.708	-1401.05	-5198.82	-0.0225935	-0.0303791	-0.0152618	-0.0151173	-0.0529727	0	0.498621	0	0	0	-0.161742	-0.0149586	-0.146783	-0.161742	395.996	-82.5806
1.76738	-37.6282	-921.056	-4504.5	-0.0150236	-0.0161619	0.00393956	-0.0201014	-0.0311855	0	0.162326	0	0	0	-0.154226	-0.00486979	-0.149357	-0.154226	0	-75.2563
0.405284	-35.2173	-441.062	-2052.84	-0.00727599	-0.0197311	0.00356226	-0.0232934	-0.0270071	0	-0.408098	0	0	0	-0.137226	0.012243	-0.149469	-0.137226	0	-70.4346
0	167.633	0	-2206.07	0	-0.0413757	-0.0167633	-0.0246124	-0.0413757	0	-0.48898	0	0	0	-0.131964	0.0146694	-0.146634	-0.131964	403.32	-68.0542
0	-31.5552	0	-1420.77	0	-0.0268258	0.00315552	-0.0299813	-0.0268258	0	-0.798669	0	0	0	-0.11929	0.0239601	-0.14325	-0.11929	0	-63.1103
0	-29.1748	0	-3661.74	0	-0.0305138	0.00291748	-0.0334313	-0.0305138	0	-0.887	0	0	0	-0.111809	0.02661	-0.138419	-0.111809	0	-58.3496
0	-24.3225	0	-3814.97	0	-0.0344976	0.00243225	-0.0369299	-0.0344976	0	-0.99023	0	0	0	-0.103346	0.0297069	-0.133053	-0.103346	0	-48.645
0	189.514	0	-3623.43	0	-0.0574725	-0.0189514	-0.038521	-0.0574725	0	-1.31163	0	0	0	-0.087274	0.0393488	-0.126623	-0.087274	420.288	-41.2598
0	-16.9983	0	-3723.99	0	-0.0426394	0.00169983	-0.0443392	-0.0426394	0	-1.71816	0	0	0	-0.0665377	0.0515448	-0.118083	-0.0665377	0	-33.9966
0	199.219	0	-2086.36	0	-0.0660226	-0.0199219	-0.0461007	-0.0660226	0	-1.94484	0	0	0	-0.049058	0.0583452	-0.107403	-0.049058	427.612	-29.1748
0	-9.70459	0	-2565.2	0	-0.0509972	0.000970459	-0.0519677	-0.0509972	0	-2.196	0	0	0	-0.0294233	0.0658799	-0.0953032	-0.0294233	0	-19.4092
0	-7.26318	0	-3403.17	0	-0.054995	0.000726318	-0.0557214	-0.054995	0	-2.33647	0	0	0	-0.011934	0.0700942	-0.0820282	-0.011934	0	-14.5264
0	183.411	0	-4092.7	0	-0.0758968	-0.0183411	-0.0575558	-0.0758968	0	-2.28113	0	0	0	0.000699252	0.068434	-0.0677348	0.000699252	379.028	-12.207
0	-3.63159	0	-4068.75	0	-0.0626586	0.000363159	-0.0630218	-0.0626586	0	-2.12682	0	0	0	0.00944699	0.0638047	-0.0543577	0.00944699	0	-7.26318
0	176.147	0	-4705.61	0	-0.0824343	-0.0176147	-0.0648196	-0.0824343	0	-2.13321	0	0	0	0.0225112	0.0639962	-0.041485	0.0225112	352.295	0
0	6.073	0	-5337.68	0	-0.0706503	-0.0006073	-0.070043	-0.0706503	0	-2.01827	0	0	0	0.031674	0.0605481	-0.0288741	0.031674	0	12.146
0	179.749	0	-3503.72	0	-0.08984	-0.0179749	-0.0718652	-0.08984	0	-2.08212	0	0	0	0.0457056	0.0624637	-0.0167581	0.0457056	335.266	24.231
0	15.7776	0	-2191.7	0	-0.0784719	-0.00157776	-0.0768941	-0.0784719	0	-2.14704	0	0	0	0.0602545	0.0644113	-0.00415681	0.0602545	0	31.5552
0	161.53	0	-4332.12	0	-0.0948205	-0.016153	-0.0786675	-0.0948205	0	-2.08745	0	0	0	0.0714159	0.0626234	0.00879249	0.0714159	281.799	41.2598
0	24.3225	0	-5505.28	0	-0.0853875	-0.00243225	-0.0829553	-0.0853875	0	-1.76818	0	0	0	0.0738772	0.0530453	0.0208319	0.0738772	0	48.645
0	137.268	0	-6759.84	0	-0.0982858	-0.0137268	-0.0845589	-0.0982858	0	-1.62025	0	0	0	0.0798378	0.0486075	0.0312302	0.0798378	208.923	65.6128
0	131.195	0	-6462.96	0	-0.100351	-0.0131195	-0.0872314	-0.100351	0	-1.26799	0	0	0	0.078519	0.0380398	0.0404792	0.078519	177.368	85.022
0	52.2156	0	-5811.73	0	-0.0957812	-0.00522156	-0.0905596	-0.0957812	0	-0.818889	0	0	0	0.0719515	0.0245667	0.0473848	0.0719515	0	104.431
0	120.27	0	-5170.09	0	-0.104409	-0.012027	-0.0923818	-0.104409	0	-0.395328	0	0	0	0.0636854	0.0118598	0.0518256	0.0636854	123.901	116.638
0	58.3191	0	-5409.51	0	-0.101105	-0.00583191	-0.0952728	-0.101105	0	0.412419	0	0	0	0.040516	-0.0123726	0.0528886	0.040516	0	116.638
0	102.02	0	-4719.98	0	-0.107139	-0.010202	-0.0969369	-0.107139	0	0.833852	0	0	0	0.024645	-0.0250156	0.0496606	0.024645	82.5806	121.46
0	54.657	0	-6233.11	0	-0.104638	-0.0054657	-0.099172	-0.104638	0	1.44472	0	0	0	0.000559285	-0.0433415	0.0439008	0.000559285	0	109.314
0	69.2444	0	-5720.75	0	-0.107396	-0.00692444	-0.100472	-0.107396	0	1.97151	0	0	0	-0.0248291	-0.0591453	0.0343162	-0.0248291	41.3208	97.168
0	37.6587	0	-4844.48	0	-0.105659	-0.00376587	-0.101893	-0.105659	0	2.31206	0	0	0	-0.0474238	-0.0693618	0.021938	-0.0474238	0	75.3174
0	29.1443	0	-4605.06	0	-0.105694	-0.00291443	-0.102779	-0.105694	0	2.73988	0	0	0	-0.074731	-0.0821964	0.00746542	-0.074731	0	58.2886
0	27.9541	0	-4255.5	0	-0.106207	-0.00279541	-0.103411	-0.106207	0	3.13045	0	0	0	-0.1035	-0.0939135	-0.00958685	-0.1035	17.0288	38.8794
0	7.2937	0	-4945.03	0	-0.104736	-0.00072937	-0.104006	-0.104736	0	3.35607	0	0	0	-0.12946	-0.100682	-0.0287782	-0.12946	0	14.5874
0	9.67407	0	-3714.41	0	-0.105193	-0.000967407	-0.104225	-0.105193	0	3.4561	0	0	0	-0.152767	-0.103683	-0.0490838	-0.152767	33.9355	-14.5874
0	-24.292	0	-3269.09	0	-0.102185	0.0024292	-0.104614	-0.102185	0	3.50825	0	0	0	-0.17525	-0.105248	-0.0700024	-0.17525	0	-48.584
0	-43.7622	0	-2684.91	0	-0.100226	0.00437622	-0.104602	-0.100226	0	3.1528	0	0	0	-0.185282	-0.094584	-0.0906975	-0.185282	0	-87.5244
0	-63.1714	0	-2426.33	0	-0.0979809	0.00631714	-0.104298	-0.0979809	0	2.53661	0	0	0	-0.184749	-0.0760984	-0.10865	-0.184749	0	-126.343
0	-44.9524	0	-4322.54	0	-0.0988067	0.00449524	-0.103302	-0.0988067	0	2.20777	0	0	0	-0.189461	-0.066233	-0.123228	-0.189461	77.7588	-167.664
0	-99.6094	0	-2177.33	0	-0.0927944	0.00996094	-0.102755	-0.0927944	0	1.79804	0	0	0	-0.189972	-0.0539412	-0.136031	-0.189972	0	-199.219
0	-119.049	0	-2550.83	0	-0.0896481	0.0119049	-0.101553	-0.0896481	0	1.34574	0	0	0	-0.186467	-0.0403723	-0.146094	-0.186467	0	-238.098
0	-92.3462	0	-3058.4	0	-0.0902654	0.00923462	-0.0995001	-0.0902654	0	1.20633	0	0	0	-0.190072	-0.0361899	-0.153882	-0.190072	92.2851	-276.978
0	-157.898	0	-2115.09	0	-0.0822524	0.0157898	-0.0980422	-0.0822524	0	1.12971	0	0	0	-0.194918	-0.0338912	-0.161027	-0.194918	0	-315.796
0	-129.974	0	-4427.88	0	-0.0822024	0.0129974	-0.0951998	-0.0822024	0	0.971137	0	0	0	-0.196821	-0.0291341	-0.167687	-0.196821	92.3462	-352.295
0	-189.514	0	-3953.83	0	-0.0741106	0.0189514	-0.0930621	-0.0741106	0	0.268749	0	0	0	-0.180596	-0.00806246	-0.172534	-0.180596	0	-379.028
0	-149.414	0	-2862.08	0	-0.0747802	0.0149414	-0.0897216	-0.0747802	0	-0.328282	0	0	0	-0.16326	0.00984845	-0.173109	-0.16326	102.051	-400.879
0	-199.219	0	-2933.9	0	-0.0673214	0.0199219	-0.0872433	-0.0673214	0	-0.713531	0	0	0	-0.14905	0.0214059	-0.170456	-0.14905	0	-398.437
0	-156.738	0	-1645.82	0	-0.0680471	0.0156738	-0.0837209	-0.0680471	0	-0.894449	0	0	0	-0.139015	0.0268335	-0.165849	-0.139015	104.431	-417.908
0	-200.439	0	-2890.81	0	-0.0611501	0.0200439	-0.0811941	-0.0611501	0	-0.996615	0	0	0	-0.130418	0.0298984	-0.160316	-0.130418	0	-400.879
0	-202.85	0	-3316.98	0	-0.0579086	0.020285	-0.0781936	-0.0579086	0	-1.20946	0	0	0	-0.11774	0.0362838	-0.154024	-0.11774	0	-405.701
0	-144.592	0	-4810.96	0	-0.060212	0.0144592	-0.0746713	-0.060212	0	-1.60854	0	0	0	-0.098006	0.0482563	-0.146262	-0.098006	104.431	-393.616
0	-185.852	0	-3316.98	0	-0.0537902	0.0185852	-0.0723754	-0.0537902	0	-2.15343	0	0	0	-0.0709962	0.0646028	-0.135599	-0.0709962	0	-371.704
0	-3233.58	0	-2182.12	0	0.222996	0.323358	-0.100362	0.222996	0	-2.36734	0	0	0	-0.0513455	0.0710201	-0.122366	-0.0513455	-6127.07	-340.088
0	-159.149	0	-3106.29	0	-0.0514193	0.0159149	-0.0673342	-0.0514193	0	-2.59615	0	0	0	-0.0298526	0.0778844	-0.107737	-0.0298526	0	-318.298
0	-106.903	0	-3738.35	0	-0.0538867	0.0106903	-0.064577	-0.0538867	0	-2.33328	0	0	0	-0.0225607	0.0699985	-0.0925591	-0.0225607	87.4023	-301.208
