0	0	0	20.7817	0	0	0	0	0	0	0.000106425	0	0	0	-4.257e-06	-4.257e-06	0	-4.257e-06
0	0	0	-7.94875	0	0	0	0	0	0.0150796	-0.0179854	15.0796	-13.8349	0.0102206	0.00137886	0.0013226	5.62605e-05	0.0115995
0	0	0	-132.447	0	0	0	0	0	0.0603186	-0.0286277	30.1593	-1.06423	0.0207764	0.00429493	0.00355785	0.000737076	0.0250713
0	0	0	35.1469	0	0	0	0	0	0.135717	-0.0105358	45.2389	12.7707	0.0316673	0.00807399	0.00585011	0.00222388	0.0397412
0	0	0	59.0889	0	0	0	0	0	0.241274	0.007556	60.3186	6.38535	0.0428932	0.0139472	0.00934873	0.0045985	0.0568404
0	0	0	20.7817	0	0	0	0	0	0.376991	0.0107487	75.3982	0	0.0544543	0.0230522	0.0146497	0.00840249	0.0775065
0	0	0	11.2049	0	0	0	0	0	0.542867	0.0139414	90.4779	3.19268	0.0663504	0.0354034	0.021157	0.0142464	0.101754
0	-1.21498	0	1.62806	0	0	0	0	0	0.738903	0.00968445	105.558	-2.12845	0.0785817	0.0517256	0.0291687	0.0225568	0.130307
0	0	0	49.5121	0	0	0	0	0	0.965097	0.0139414	120.637	5.32113	0.0911481	0.0718986	0.0380462	0.0338524	0.163047
0	0	0	126.127	0	0	0	0	0	1.22145	0.0458681	135.717	17.0276	0.10405	0.0953608	0.0470233	0.0483375	0.19941
0	-1.21403	0	87.8193	0	0	0	0	0	1.50796	0.244878	150.796	162.826	0.117286	0.116533	0.0505235	0.0660097	0.233819
0	-1.21498	0	-2220.19	0	0	0	0	0	1.80956	1.13883	150.796	454.424	0.120637	0.108948	0.0268292	0.0821193	0.229586
0	-1.21355	0	815.657	0	0	0	0	0	2.11115	1.53578	150.796	147.927	0.123988	0.114085	0.0230147	0.0910705	0.238073
0	-1.21617	0	-472.424	0	0	0	0	0	2.41274	2.10834	150.796	340.552	0.127339	0.110947	0.0121763	0.0987711	0.238287
0	-2.4302	0	-855.496	0	0	0	0	0	2.71434	2.77348	150.796	305.433	0.13069	0.0992848	-0.00236563	0.10165	0.229975
0	-1.21498	0	-84.5632	0	0	0	0	0	3.01593	3.27153	150.796	245.836	0.134041	0.0898443	-0.0102242	0.100069	0.223886
0	-3.64542	0	-783.67	0	0	0	0	0	3.31752	3.75576	150.796	235.193	0.137392	0.0781512	-0.0175294	0.0956806	0.215543
0	-2.42853	0	-424.54	0	0	0	0	0	3.61911	4.20699	150.796	220.294	0.140743	0.065278	-0.0235149	0.088793	0.206021
0	-4.85945	0	-726.209	0	0	0	0	0	3.76991	4.38578	150.796	178.79	0.142419	0.0599256	-0.0246347	0.0845603	0.202344
0	-4.85802	0	54.3005	0	0	0	0	0	4.0715	4.69121	150.796	153.248	0.14577	0.0508935	-0.0247883	0.0756818	0.196663
0	-6.07371	0	-156.389	0	0	0	0	0	4.3731	4.98281	150.796	152.184	0.149121	0.0424514	-0.0243885	0.0668399	0.191572
0	-4.85778	0	-932.111	0	0	0	0	0	4.67469	5.24567	150.796	98.9723	0.152472	0.0351265	-0.0228394	0.0579658	0.187598
0	-6.07324	0	384.7	0	0	0	0	0	4.97628	5.43404	150.796	104.294	0.155823	0.0319136	-0.0183104	0.050224	0.187737
0	-7.2875	0	-1066.19	0	0	0	0	0	5.27787	5.73096	150.796	155.377	0.159174	0.0255755	-0.0181235	0.0436989	0.184749
0	-7.28893	0	-333.56	0	0	0	0	0	5.57946	5.96402	150.796	91.5227	0.162525	0.0229445	-0.0153823	0.0383268	0.18547
0	-7.28774	0	964.097	0	0	0	0	0	5.88106	6.03533	150.796	31.9276	0.165876	0.0274206	-0.00617083	0.0335914	0.193297
0	-6.07419	0	-36.6792	0	0	0	0	0	6.18265	6.13962	150.796	50.0183	0.169227	0.033786	0.00172113	0.0320649	0.203013
0	-8.50224	0	-175.543	0	0	0	0	0	6.48424	6.27904	150.796	110.679	0.172578	0.0417716	0.00820827	0.0335633	0.21435
0	-7.28917	0	-1889.79	0	0	0	0	0	6.78583	6.75687	150.796	267.121	0.175929	0.0372454	0.00115849	0.0360869	0.213174
0	-9.71794	0	480.468	0	0	0	0	0	7.08743	7.01867	150.796	72.3677	0.17928	0.038976	0.00275022	0.0362258	0.218256
0	-9.7177	0	-596.922	0	0	0	0	0	7.38902	7.26132	150.796	167.084	0.182631	0.0428657	0.00510817	0.0377575	0.225497
0	-8.50224	0	470.892	0	0	0	0	0	7.69061	7.63167	150.796	143.671	0.185982	0.041408	0.00235786	0.0390501	0.22739
0	-10.9324	0	68.6657	0	0	0	0	0	7.9922	7.77959	150.796	93.6522	0.189333	0.0490984	0.00850447	0.0405939	0.238432
0	-9.71818	0	126.127	0	0	0	0	0	8.2938	8.30745	150.796	346.938	0.192684	0.0428926	-0.000546036	0.0434386	0.235577
0	-9.71747	0	-491.578	0	0	0	0	0	8.59539	8.84914	150.796	184.111	0.196035	0.0316034	-0.0101499	0.0417532	0.227639
0	-10.9322	0	-94.14	0	0	0	0	0	8.89699	8.996	150.796	97.908	0.199386	0.0348719	-0.00396065	0.0388325	0.234258
0	-10.9324	0	375.124	0	0	0	0	0	9.19858	9.57707	150.796	319.268	0.202737	0.0214678	-0.0151397	0.0366075	0.224205
0	-12.1472	0	-1238.57	0	0	0	0	0	9.50017	9.85802	150.796	83.0088	0.206088	0.0165037	-0.0143141	0.0308177	0.222592
0	-10.9327	0	921.002	0	0	0	0	0	9.80177	9.98999	150.796	68.1114	0.209439	0.0187617	-0.00752892	0.0262907	0.228201
0	-10.9332	0	293.721	0	0	0	0	0	10.1034	10.1379	150.796	86.2017	0.21279	0.0228393	-0.00138226	0.0242216	0.23563
0	-9.7171	0	-1272.09	0	0	0	0	0	10.405	10.7381	150.796	338.424	0.216142	0.00959728	-0.0133274	0.0229247	0.225739
0	-9.71758	0	83.0309	0	0	0	0	0	10.7065	11.0776	150.796	123.45	0.219493	0.0028139	-0.0148432	0.0176571	0.222306
0	-12.1468	0	590.602	0	0	0	0	0	11.0081	11.1394	150.796	14.9002	0.222844	0.00781366	-0.00524849	0.0130622	0.230657
0	-12.1461	0	-1267.3	0	0	0	0	0	11.3097	11.4576	150.796	176.661	0.226195	0.00532643	-0.00591289	0.0112393	0.231521
0	-12.1474	0	260.202	0	0	0	0	0	11.7621	11.8247	150.796	204.33	0.231221	0.00703768	-0.00250355	0.00954123	0.238259
0	-10.933	0	365.547	0	0	0	0	0	12.0637	12.3249	150.796	260.736	0.234572	-0.00244564	-0.0104473	0.00800164	0.232127
0	-13.362	0	-759.728	0	0	0	0	0	12.3653	12.8975	150.796	269.249	0.237923	-0.0181431	-0.0212857	0.00314256	0.21978
0	-12.1468	0	379.912	0	0	0	0	0	12.6669	12.9443	150.796	-34.0548	0.241274	-0.0151119	-0.011095	-0.00401688	0.226162
0	-10.9329	0	102.185	0	0	0	0	0	12.9685	13.1018	150.796	168.148	0.244625	-0.0121801	-0.00533142	-0.00684871	0.232445
0	-8.50278	0	217.106	0	0	0	0	0	13.2701	13.7233	150.796	323.524	0.247976	-0.0279557	-0.018128	-0.00982776	0.220021
0	-12.1468	0	638.486	0	0	0	0	0	13.5717	14.0128	150.796	14.9002	0.251327	-0.034888	-0.017643	-0.017245	0.216439
0	-9.71732	0	-1516.3	0	0	0	0	0	13.8733	13.934	150.796	11.7064	0.254678	-0.0242886	-0.00242916	-0.0218594	0.23039
0	-8.50314	0	336.816	0	0	0	0	0	14.1749	13.9979	150.796	48.954	0.25803	-0.014675	0.00708046	-0.0217555	0.243355
0	-7.28864	0	834.81	0	0	0	0	0	14.4765	14.5236	150.796	323.524	0.261381	-0.0214615	-0.00188488	-0.0195766	0.239919
0	-9.71794	0	-414.963	0	0	0	0	0	14.7781	15.2483	150.796	327.782	0.264732	-0.0408382	-0.0188107	-0.0220275	0.223893
0	-7.28869	0	-223.427	0	0	0	0	0	15.0797	15.343	150.796	-62.789	0.268083	-0.0393832	-0.0105356	-0.0288477	0.228699
0	-6.073	0	1466.88	0	0	0	0	0	15.3812	15.3877	150.796	92.5865	0.271434	-0.0314696	-0.000259705	-0.0312099	0.239964
0	-7.28845	0	-831.554	0	0	0	0	0	15.6828	16.1348	150.796	424.625	0.274785	-0.0506188	-0.0180794	-0.0325394	0.224166
0	-6.07336	0	691.158	0	0	0	0	0	15.9844	16.4924	150.796	-44.6987	0.278136	-0.0611776	-0.0203189	-0.0408587	0.216958
0	-4.85921	0	523.564	0	0	0	0	0	16.286	16.1593	150.796	-54.2755	0.281487	-0.0400113	0.00506889	-0.0450802	0.241476
0	-3.64399	0	748.619	0	0	0	0	0	16.5876	16.6563	150.796	354.387	0.284838	-0.0459435	-0.00274704	-0.0431964	0.238894
0	-3.64399	0	-170.754	0	0	0	0	0	16.8892	17.2661	150.796	236.258	0.288189	-0.0608645	-0.0150754	-0.0457891	0.227324
0	-1.21498	0	815.657	0	0	0	0	0	17.1908	17.3385	150.796	13.8359	0.29154	-0.0564582	-0.0059063	-0.050552	0.235082
0	-1.21475	0	-874.65	0	0	0	0	0	17.4886	17.7439	143.256	235.193	0.289822	-0.0630307	-0.0102122	-0.0528185	0.226791
0	-1.21451	0	1768.55	0	0	0	0	0	17.7601	17.993	128.176	157.505	0.282785	-0.0654655	-0.00931595	-0.0561495	0.217319
0	-1.21523	0	-534.673	0	0	0	0	0	18.0013	18.2047	113.097	36.1824	0.275413	-0.0680081	-0.00813629	-0.0598718	0.207404
0	-4.85873	0	15.9933	0	0	0	0	0	18.2125	18.2154	98.017	6.3858	0.267705	-0.0621618	-0.000117416	-0.0620444	0.205543
0	0	0	379.912	0	0	0	0	0	18.3934	18.59	82.9373	236.258	0.259663	-0.0702678	-0.00786354	-0.0624042	0.189395
0	-1.21475	0	1399.84	0	0	0	0	0	18.5442	18.7273	67.8576	-53.2093	0.251285	-0.0733598	-0.00732315	-0.0660366	0.177925
0	-0.000228882	0	734.254	0	0	0	0	0	18.6648	18.574	52.778	4.2572	0.242572	-0.0634453	0.0036322	-0.0670775	0.179127
0	2.42926	0	863.541	0	0	-0	0	0	18.7553	18.8497	37.6983	173.47	0.233525	-0.0699267	-0.00377411	-0.0661526	0.163598
0	1.21451	0	68.6657	0	0	-0	0	0	18.8156	18.938	22.6186	-100.039	0.224142	-0.0735178	-0.00489456	-0.0686233	0.150624
0	2.42926	0	494.834	0	0	-0	0	0	18.8458	18.8177	7.53894	20.2198	0.214424	-0.0681162	0.00112198	-0.0692382	0.146307
0	3.64423	0	226.683	0	0	-0	0	0	18.8496	18.8858	0	6.3858	0.20944	-0.0707033	-0.00145172	-0.0692516	0.138736
0	-1.21521	0	-726.209	0	0	0	0	0	18.8496	18.6198	0	-212.845	0.20944	-0.0602004	0.0091906	-0.069391	0.149239
0	1.21474	0	-625.653	0	0	-0	0	0	18.8496	18.4101	0	34.0557	0.20944	-0.0467511	0.0175767	-0.0643277	0.162688
0	1.21486	0	1667.99	0	0	-0	0	0	18.8496	18.2473	0	-217.102	0.20944	-0.0343012	0.0240897	-0.0583909	0.175138
0	1.21474	0	930.578	0	0	-0	0	0	18.8496	18.0334	0	1.06621	0.20944	-0.0155247	0.0326461	-0.0481708	0.193915
0	1.21449	0	35.1469	0	0	-0	0	0	18.8496	18.1196	0	42.5663	0.20944	-0.0075343	0.0291981	-0.0367324	0.201905
0	2.42918	0	188.376	0	0	-0	0	0	18.8496	18.1739	0	11.7054	0.20944	0.000499487	0.0270271	-0.0265276	0.209939
0	4.85884	0	1275.34	0	0	-0	0	0	18.8496	18.0898	0	-39.3753	0.20944	0.0139139	0.0303899	-0.016476	0.223353
0	7.28842	0	705.523	0	0	-0	0	0	18.8496	18.4367	0	263.927	0.20944	0.0103792	0.0165125	-0.0061333	0.219819
0	4.85922	0	269.779	0	0	-0	0	0	18.8496	19.2796	0	442.718	0.20944	-0.0202721	-0.0172022	-0.00306989	0.189167
0	4.85855	0	-1257.72	0	0	-0	0	0	18.8496	19.6127	0	60.6594	0.20944	-0.0417505	-0.0305263	-0.0112243	0.167689
0	4.8588	0	59.0889	0	0	-0	0	0	18.8496	19.5095	0	-36.1843	0.20944	-0.0481281	-0.0263971	-0.021731	0.161311
0	3.64339	0	-467.635	0	0	-0	0	0	18.8496	19.5105	0	13.8359	0.20944	-0.0575817	-0.0264397	-0.031142	0.151858
0	9.71783	0	25.5701	0	0	-0	0	0	18.8496	19.5787	0	17.0288	0.20944	-0.0701922	-0.0291641	-0.0410281	0.139247
0	6.07347	0	772.561	0	0	-0	0	0	18.8496	19.5063	0	-35.12	0.20944	-0.0775284	-0.0262695	-0.051259	0.131911
0	6.07359	0	260.202	0	0	-0	0	0	18.8496	19.4669	0	-32.9914	0.20944	-0.0853644	-0.0246944	-0.06067	0.124075
0	7.28845	0	-142.024	0	0	-0	0	0	18.8496	19.4318	0	1.0643	0.20944	-0.092589	-0.0232896	-0.0692995	0.11685
0	9.71794	0	921.002	0	0	-0	0	0	18.8496	18.8646	0	-424.625	0.20944	-0.0772572	-0.000600281	-0.0766569	0.132182
0	7.28894	0	1059.87	0	0	-0	0	0	18.8496	18.308	0	-187.304	0.20944	-0.0525509	0.0216633	-0.0742142	0.156889
0	12.1472	0	-1023.09	0	0	-0	0	0	18.8496	18.1579	0	-58.5308	0.20944	-0.0380909	0.0276655	-0.0657564	0.171349
0	9.71747	0	303.297	0	0	-0	0	0	18.8496	18.2239	0	31.9271	0.20944	-0.0310158	0.0250262	-0.056042	0.178424
0	12.1469	0	619.332	0	0	-0	0	0	18.8496	18.1271	0	-39.3772	0.20944	-0.0177187	0.0289001	-0.0466188	0.191721
0	12.1472	0	68.6657	0	0	-0	0	0	18.8496	18.1654	0	20.2198	0.20944	-0.00897751	0.0273676	-0.0363451	0.200462
0	14.5764	0	-108.505	0	0	-0	0	0	18.8496	18.3027	0	115.999	0.20944	-0.00476986	0.0218761	-0.026646	0.20467
0	10.932	0	1706.3	0	0	-0	0	0	18.8496	18.6081	0	123.449	0.20944	-0.010422	0.00965889	-0.0200809	0.199018
0	14.5774	0	-376.656	0	0	-0	0	0	18.8496	18.5315	0	-46.8273	0.20944	-0.00366528	0.0127238	-0.0163891	0.205774
0	9.717	0	-946.476	0	0	-0	0	0	18.8496	18.6922	0	138.351	0.20944	-0.0056736	0.00629585	-0.0119694	0.203766
0	10.932	0	-702.267	0	0	-0	0	0	18.8496	18.9284	0	108.555	0.20944	-0.0137769	-0.00315453	-0.0106224	0.195663
0	8.50201	0	1509.98	0	0	-0	0	0	18.8496	19.0785	0	69.1757	0.20944	-0.021497	-0.00915665	-0.0123404	0.187943
0	13.3615	0	-539.462	0	0	-0	0	0	18.8496	19.0285	0	-70.2381	0.20944	-0.0229383	-0.00715599	-0.0157824	0.186501
0	8.50249	0	30.3585	0	0	-0	0	0	18.8496	19.2168	0	175.596	0.20944	-0.0331411	-0.0146906	-0.0184505	0.176298
0	7.28751	0	-683.114	0	0	-0	0	0	18.8496	19.1913	0	-84.0759	0.20944	-0.0378295	-0.013669	-0.0241605	0.17161
0	8.50201	0	1241.82	0	0	-0	0	0	18.8496	19.286	0	131.966	0.20944	-0.0462708	-0.0174577	-0.0288132	0.163169
0	6.07347	0	15.9933	0	0	-0	0	0	18.8496	19.336	0	-89.3936	0.20944	-0.0555601	-0.0194584	-0.0361017	0.153879
0	3.644	0	-247.369	0	0	-0	0	0	18.8496	19.2083	0	-5.32341	0.20944	-0.0565756	-0.0143501	-0.0422255	0.152864
0	-2.43044	0	-410.175	0	0	0	0	0	18.8496	19.1264	0	-78.7525	0.20944	-0.0584409	-0.0110723	-0.0473686	0.150999
0	-2.43091	0	-1406.16	0	0	0	0	0	18.8496	18.6389	0	-254.353	0.20944	-0.0412522	0.00842438	-0.0496766	0.168187
0	-6.07491	0	-1114.07	0	0	0	0	0	18.8496	18.3356	0	-96.8456	0.20944	-0.0246008	0.0205565	-0.0451573	0.184839
0	-8.50105	0	250.625	0	0	0	0	0	18.8496	18.2846	0	-38.311	0.20944	-0.0150652	0.0225998	-0.037665	0.194374
0	-10.9329	0	-89.3516	0	0	0	0	0	18.8496	18.1302	0	-94.717	0.20944	-0.000327615	0.0287724	-0.0291	0.209112
0	-7.28798	0	1246.61	0	0	0	0	0	18.8496	18.2824	0	183.046	0.20944	0.00416521	0.0226849	-0.0185197	0.213605
0	-10.932	0	2501.17	0	0	0	0	0	18.8496	18.4889	0	-21.2841	0.20944	0.00243368	0.0144266	-0.0119929	0.211873
0	-13.361	0	-1540.24	0	0	0	0	0	18.8496	18.4335	0	111.742	0.20944	0.0110439	0.0166402	-0.00559633	0.220483
0	-14.5769	0	-1267.3	0	0	0	0	0	18.8496	18.7635	0	131.964	0.20944	0.00241269	0.00344376	-0.00103107	0.211852
0	-12.146	0	154.857	0	0	0	0	0	18.8496	18.9795	0	85.1383	0.20944	-0.00593154	-0.00519775	-0.000733791	0.203508
0	-15.7909	0	2118.1	0	0	0	0	0	18.8496	18.9752	0	-59.597	0.20944	-0.00803089	-0.00502747	-0.00300343	0.201409
0	-18.2199	0	-1281.66	0	0	0	0	0	18.8496	18.9252	0	35.12	0.20944	-0.00722705	-0.00302673	-0.00420032	0.202212
0	-17.005	0	-501.154	0	0	0	0	0	18.8496	19.0274	0	36.1824	0.20944	-0.0128784	-0.00711334	-0.00576502	0.196561
0	-14.5779	0	140.492	0	0	0	0	0	18.8496	19.0838	0	37.2486	0.20944	-0.0178333	-0.00936951	-0.00846374	0.191606
0	-14.576	0	1323.23	0	0	0	0	0	18.8496	19.1615	0	54.2755	0.20944	-0.0244825	-0.0124771	-0.0120054	0.184957
0	-13.3638	0	806.08	0	0	0	0	0	18.8496	19.1572	0	19.1555	0.20944	-0.0286353	-0.0123067	-0.0163285	0.180804
0	-8.50487	0	-572.98	0	0	0	0	0	18.8496	19.3818	0	35.12	0.20944	-0.0434118	-0.0212889	-0.0221229	0.166028
0	-10.932	0	370.335	0	0	0	0	0	18.8496	19.0976	0	-122.387	0.20944	-0.0385451	-0.00992287	-0.0286222	0.170894
0	-9.71794	0	375.124	0	0	0	0	0	18.8496	18.9816	0	-59.5989	0.20944	-0.0370711	-0.00528282	-0.0317883	0.172368
0	-9.71507	0	308.086	0	0	0	0	0	18.8496	18.8784	0	-56.406	0.20944	-0.0345066	-0.00115364	-0.033353	0.174933
0	-9.71794	0	-261.734	0	0	0	0	0	18.8496	18.5943	0	-151.117	0.20944	-0.0225983	0.0102122	-0.0328105	0.186841
0	-9.71794	0	796.503	0	0	0	0	0	18.8496	18.5666	0	10.6411	0.20944	-0.0175392	0.0113191	-0.0288583	0.1919
0	-7.28893	0	1198.73	0	0	0	0	0	18.8496	18.408	0	-91.5241	0.20944	-0.00663886	0.0176618	-0.0243007	0.202801
0	-4.85992	0	389.489	0	0	0	0	0	18.8496	18.3473	0	-27.6699	0.20944	0.00238339	0.0200883	-0.0177049	0.211823
0	-4.85992	0	-1195.47	0	0	0	0	0	18.8496	18.5049	0	123.451	0.20944	0.00306969	0.013788	-0.0107183	0.212509
0	-1.21689	0	691.158	0	0	0	0	0	18.8496	18.7709	0	142.607	0.20944	-0.00349771	0.00314575	-0.00664346	0.205942
0	-2.42996	0	1117.33	0	0	0	0	0	18.8496	19.0455	0	161.764	0.20944	-0.0141603	-0.00783707	-0.0063232	0.195279
0	7.28798	0	-266.523	0	0	-0	0	0	18.8496	19.1157	0	-28.7342	0.20944	-0.0205037	-0.0106466	-0.00985714	0.188936
0	-0.00190735	0	1107.75	0	0	0	0	0	18.8496	19.1327	0	23.4108	0.20944	-0.0249716	-0.0113277	-0.013644	0.184468
0	1.21498	0	-51.0444	0	0	-0	0	0	18.8496	19.0114	0	-75.5596	0.20944	-0.0238673	-0.00647484	-0.0173924	0.185572
0	2.43187	0	-300.041	0	0	-0	0	0	18.8496	19.0455	0	46.8273	0.20944	-0.0274685	-0.00783707	-0.0196314	0.181971
0	3.64304	0	169.222	0	0	-0	0	0	18.8496	19.1072	0	61.7256	0.20944	-0.0313482	-0.0103061	-0.0210421	0.178091
0	3.64304	0	1174.79	0	0	-0	0	0	18.8496	19.0061	0	-91.5222	0.20944	-0.0309453	-0.00626198	-0.0246833	0.178494
0	4.85992	0	700.735	0	0	-0	0	0	18.8496	18.9891	0	51.0845	0.20944	-0.0320281	-0.0055809	-0.0264472	0.177411
0	6.07491	0	1514.76	0	0	-0	0	0	18.8496	19.2264	0	45.7611	0.20944	-0.0449094	-0.0150738	-0.0298356	0.16453
0	7.28607	0	-367.079	0	0	-0	0	0	18.8496	19.0849	0	-41.5058	0.20944	-0.0439539	-0.00941208	-0.0345419	0.165486
0	6.07491	0	518.776	0	0	-0	0	0	18.8496	19.0625	0	-32.9914	0.20944	-0.0465249	-0.00851807	-0.0380068	0.162915
0	3.64304	0	-79.7748	0	0	-0	0	0	18.8496	18.9838	0	-37.2486	0.20944	-0.0461425	-0.00536797	-0.0407745	0.163297
0	4.85992	0	-654.383	0	0	-0	0	0	18.8496	18.6262	0	-156.441	0.20944	-0.0323236	0.00893517	-0.0412588	0.177116
0	4.85802	0	758.196	0	0	-0	0	0	18.8496	18.7549	0	65.9828	0.20944	-0.0347099	0.00378433	-0.0384942	0.17473
0	6.07301	0	44.7237	0	0	-0	0	0	18.8496	18.7071	0	-12.7697	0.20944	-0.0311791	0.00569992	-0.036879	0.17826
0	6.073	0	1586.59	0	0	-0	0	0	18.8496	18.6549	0	-30.8628	0.20944	-0.026888	0.0077858	-0.0346738	0.182552
0	8.49915	0	226.683	0	0	-0	0	0	18.8496	18.7124	0	56.406	0.20944	-0.0263915	0.00548706	-0.0318785	0.183048
0	13.361	0	1083.81	0	0	-0	0	0	18.8496	19.0753	0	193.689	0.20944	-0.0401504	-0.00902893	-0.0311215	0.169289
0	9.71795	0	-79.7748	0	0	-0	0	0	18.8496	19.0604	0	-51.0826	0.20944	-0.0430654	-0.008433	-0.0346324	0.166374
0	9.72176	0	327.24	0	0	-0	0	0	18.8496	19.0487	0	11.7054	0.20944	-0.0454644	-0.00796471	-0.0374997	0.163975
0	12.1441	0	44.7237	0	0	-0	0	0	18.8496	19.0551	0	-1.06239	0.20944	-0.0486409	-0.00822021	-0.0404207	0.160799
0	12.146	0	-165.966	0	0	-0	0	0	18.8496	19.0795	0	19.1555	0.20944	-0.0526175	-0.00919922	-0.0434183	0.156822
0	12.1441	0	44.7237	0	0	-0	0	0	18.8496	19.0774	0	-11.7073	0.20944	-0.055913	-0.00911407	-0.0467989	0.153526
0	14.5779	0	968.886	0	0	-0	0	0	18.8496	19.0721	0	-11.7054	0.20944	-0.0590273	-0.00890129	-0.050126	0.150412
0	15.7909	0	456.526	0	0	-0	0	0	18.8496	19.0178	0	-17.0269	0.20944	-0.0597925	-0.00673027	-0.0530623	0.149647
0	15.7909	0	-94.14	0	0	-0	0	0	18.8496	19.0306	0	1.0643	0.20944	-0.0628105	-0.00724106	-0.0555694	0.146629
0	21.8639	0	-448.482	0	0	-0	0	0	18.8496	18.8784	0	-114.939	0.20944	-0.0590617	-0.00115364	-0.057908	0.150378
0	19.434	0	-189.908	0	0	-0	0	0	18.8496	18.7124	0	-107.485	0.20944	-0.0524149	0.00548706	-0.0579019	0.157025
0	18.2228	0	1682.36	0	0	-0	0	0	18.8496	18.2548	0	-199.011	0.20944	-0.0302728	0.0237918	-0.0540646	0.179167
0	21.8659	0	-1300.82	0	0	-0	0	0	18.8496	18.077	0	-13.8321	0.20944	-0.0134188	0.0309007	-0.0443195	0.196021
0	19.4359	0	753.407	0	0	-0	0	0	18.8496	18.1771	0	-4.25529	0.20944	-0.00704691	0.0268993	-0.0339462	0.202393
0	21.8659	0	-458.059	0	0	-0	0	0	18.8496	18.1728	0	35.12	0.20944	0.00309062	0.0270695	-0.0239789	0.21253
0	23.077	0	724.677	0	0	-0	0	0	18.8496	18.4868	0	202.202	0.20944	-0.000526724	0.0145117	-0.0150384	0.208913
0	23.0827	0	-534.673	0	0	-0	0	0	18.8496	19.2466	0	304.369	0.20944	-0.0289763	-0.0158826	-0.0130937	0.180463
0	24.2939	0	150.069	0	0	-0	0	0	18.8391	19.2615	-12.5607	-64.9166	0.200949	-0.0362952	-0.016897	-0.0193982	0.164654
0	21.8658	0	873.117	0	0	-0	0	0	18.7989	19.0732	-27.6402	-70.24	0.19045	-0.0357185	-0.0109703	-0.0247482	0.154731
0	26.7239	0	518.776	0	-0	-0	-0	0	18.7285	19.0295	-42.7196	-25.5432	0.179615	-0.0408327	-0.0120393	-0.0287934	0.138782
0	26.7258	0	-156.389	0	0	-0	-0	0	18.628	18.9689	-57.7991	-21.2841	0.168445	-0.0468123	-0.0136336	-0.0331788	0.121633
0	25.5108	0	-142.024	0	0	-0	-0	0	18.4973	18.9231	-72.8785	-46.8273	0.15694	-0.055568	-0.0170302	-0.0385378	0.101372
0	21.8639	0	-2047.81	0	0	-0	-0	0	18.3365	18.3548	-87.958	-353.325	0.1451	-0.0444045	-0.000731735	-0.0436728	0.100696
0	23.0789	0	39.9353	0	-0	-0	-0	0	18.1455	18.1111	-103.037	-35.1181	0.132925	-0.0417179	0.00137688	-0.0430948	0.0912073
0	20.6471	0	451.738	0	-0	-0	-0	0	17.9244	17.9738	-118.117	-153.248	0.120415	-0.0454608	-0.00197777	-0.043483	0.0749542
0	21.8659	0	1658.42	0	-0	-0	-0	0	17.6731	17.2576	-133.196	-436.333	0.10757	-0.0264387	0.0166187	-0.0430574	0.081131
0	23.0827	0	121.338	0	-0	-0	-0	0	17.3916	16.7553	-148.276	-170.277	0.0943893	-0.0102176	0.0254526	-0.0356701	0.0841717
0	20.6471	0	423.008	0	-0	-0	-0	0	17.0904	16.6361	-150.796	0	0.0893625	-0.00855818	0.0181735	-0.0267317	0.0808043
0	18.2209	0	-668.748	0	0	-0	-0	0	16.7888	16.6116	-150.796	-67.0452	0.0860115	-0.0144924	0.00708908	-0.0215814	0.0715192
0	10.9329	0	-1956.83	0	0	-0	-0	0	16.4872	16.1944	-150.796	-233.067	0.0826605	-0.00707693	0.0117126	-0.0187895	0.0755836
0	15.7948	0	1126.9	0	-0	-0	-0	0	16.1856	15.6889	-150.796	-244.771	0.0793096	0.00608797	0.0198693	-0.0137814	0.0853975
0	15.789	0	2587.37	0	-0	-0	-0	0	15.8841	15.2792	-150.796	-185.176	0.0759586	0.0180975	0.0241949	-0.00609737	0.0940561
0	13.361	0	-802.824	0	0	-0	-0	0	15.5825	15.2079	-150.796	-10.6421	0.0726076	0.0169472	0.0149834	0.00196382	0.0895548
0	13.3648	0	-1382.22	0	0	-0	-0	0	15.2809	14.8365	-150.796	-207.523	0.0692566	0.0252286	0.0177765	0.00745214	0.0944852
0	7.28798	0	293.721	0	-0	-0	-0	0	14.9793	14.6705	-150.796	-106.423	0.0659056	0.0255487	0.0123537	0.013195	0.0914543
0	9.71985	0	475.68	0	-0	-0	-0	0	14.6777	14.0266	-150.796	-389.507	0.0625546	0.0444323	0.0260443	0.0183879	0.106987
0	8.50105	0	-572.98	0	0	-0	-0	0	14.3761	13.7244	-150.796	-37.2477	0.0592036	0.0546565	0.0260704	0.0285861	0.11386
0	8.50105	0	284.144	0	-0	-0	-0	0	14.0745	13.6169	-150.796	-94.7161	0.0558526	0.055284	0.0183063	0.0369777	0.111137
0	7.29179	0	753.407	0	-0	-0	-0	0	13.7729	13.2604	-150.796	-207.523	0.0525017	0.0640583	0.0205033	0.043555	0.11656
0	4.85611	0	-27.1024	0	0	-0	-0	0	13.4713	13.055	-150.796	-44.6968	0.0491507	0.0676631	0.0166556	0.0510075	0.116814
0	4.85802	0	-798.035	0	0	-0	-0	0	13.1698	12.6697	-150.796	-294.789	0.0457997	0.0765711	0.020002	0.0565691	0.122371
0	4.86183	0	-1138.01	0	0	-0	-0	0	12.8682	12.2685	-150.796	-119.193	0.0424487	0.0887016	0.023987	0.0647146	0.13115
0	6.07491	0	1529.13	0	-0	-0	-0	0	12.5666	11.9918	-150.796	-214.973	0.0390977	0.0957	0.0229913	0.0727086	0.134798
0	3.64494	0	2165.99	0	-0	-0	-0	0	12.265	11.5384	-150.796	-128.77	0.0357467	0.111299	0.0290622	0.0822368	0.147046
0	7.28797	0	-261.734	0	0	-0	-0	0	11.9634	11.5235	-150.796	-36.1824	0.0323957	0.109055	0.0175946	0.0914602	0.141451
0	6.0749	0	35.1469	0	-0	-0	-0	0	11.6618	11.3352	-150.796	-84.074	0.0290447	0.110525	0.0130658	0.0974595	0.13957
0	6.0749	0	-482.001	0	0	-0	-0	0	11.3602	11.2256	-150.796	-54.2765	0.0256937	0.106863	0.00538681	0.101476	0.132556
0	7.28797	0	-1449.26	0	0	-0	-0	0	11.0586	11.249	-150.796	-12.7707	0.0223428	0.0944556	-0.00761326	0.102069	0.116798
0	6.07491	0	255.413	0	-0	-0	-0	0	10.757	10.9967	-150.796	-119.194	0.0189918	0.0896122	-0.00958797	0.0992002	0.108604
0	6.07491	0	691.158	0	-0	-0	-0	0	10.4555	10.8371	-150.796	-90.4608	0.0156408	0.0798947	-0.0152662	0.0951608	0.0955355
0	4.85802	0	39.9353	0	-0	-0	-0	0	10.1539	10.6732	-150.796	-83.0097	0.0122898	0.0683875	-0.0207742	0.0891616	0.0806773
0	7.29179	0	-242.581	0	0	-0	-0	0	9.85228	10.3337	-150.796	-219.231	0.0089388	0.0622049	-0.0192582	0.0814631	0.0711437
0	8.50487	0	2616.1	0	-0	-0	-0	0	9.55069	9.56962	-150.796	-393.764	0.00558781	0.0753537	-0.000757179	0.0761109	0.0809416
0	12.1479	0	-194.696	0	0	-0	-0	0	9.2491	9.1865	-150.796	-86.2026	0.00223682	0.0793945	0.00250408	0.0768904	0.0816313
0	8.50487	0	470.892	0	-0	-0	-0	0	8.94751	8.98642	-150.796	-183.046	-0.00111417	0.0752723	-0.00155647	0.0768288	0.0741581
0	10.9348	0	-764.516	0	0	-0	-0	0	8.64592	8.52242	-150.796	-183.046	-0.00446516	0.0821456	0.00494003	0.0772056	0.0776805
0	10.9329	0	399.066	0	-0	-0	-0	0	8.34433	8.52561	-150.796	6.38485	-0.00781614	0.07067	-0.00725124	0.0779213	0.0628539
0	12.146	0	154.857	0	-0	-0	-0	0	8.04274	8.38194	-150.796	-75.5606	-0.0111671	0.0611475	-0.013568	0.0747155	0.0499804
0	13.361	0	-520.308	0	0	-0	-0	0	7.74115	8.14356	-150.796	-173.469	-0.0145181	0.0531166	-0.0160961	0.0692127	0.0385985
0	14.576	0	355.97	0	-0	-0	-0	0	7.43957	7.55291	-150.796	-333.103	-0.0178691	0.0596528	-0.00453388	0.0641867	0.0417837
0	14.5817	0	2031.91	0	-0	-0	-0	0	7.13798	7.09742	-150.796	-141.542	-0.0212201	0.0653513	0.00162212	0.0637292	0.0441312
0	14.5779	0	-94.14	0	0	-0	-0	0	6.83639	7.11445	-150.796	4.2572	-0.0245711	0.0520129	-0.0111226	0.0631355	0.0274418
0	13.3629	0	-70.198	0	0	-0	-0	0	6.5348	6.90586	-150.796	-136.22	-0.0279221	0.0437241	-0.0148426	0.0585667	0.015802
0	15.7909	0	-70.198	0	0	-0	-0	0	6.23321	6.38971	-150.796	-280.956	-0.0312731	0.0475708	-0.00626019	0.053831	0.0162978
0	17.0078	0	1050.29	0	-0	-0	-0	0	5.93162	6.16197	-150.796	-51.0836	-0.0346241	0.0425496	-0.00921396	0.0517636	0.00792557
0	15.7909	0	54.3005	0	-0	-0	-0	0	5.63003	6.03852	-150.796	-94.7165	-0.0379751	0.0312282	-0.0163395	0.0475677	-0.00674686
0	19.434	0	-783.67	0	0	-0	-0	0	5.32844	5.43936	-150.796	-341.616	-0.041326	0.0380173	-0.00443674	0.0424541	-0.0033087
0	15.789	0	1524.34	0	-0	-0	-0	0	5.02685	5.05198	-150.796	-127.707	-0.044677	0.0406356	-0.00100521	0.0416408	-0.00404148
0	18.219	0	221.895	0	-0	-0	-0	0	4.72526	4.87532	-150.796	-116.001	-0.048028	0.0346276	-0.00600229	0.0406299	-0.0134004
0	18.2152	0	466.103	0	-0	-0	-0	0	4.42368	4.46879	-150.796	-207.523	-0.051379	0.0370118	-0.0018045	0.0388163	-0.0143673
0	18.2247	0	547.506	0	-0	-0	-0	0	4.12209	4.13036	-150.796	-188.368	-0.05473	0.0378302	-0.000331116	0.0381613	-0.0168998
0	19.4321	0	231.471	0	-0	-0	-0	0	3.8205	3.63869	-150.796	-222.423	-0.058081	0.0461672	0.00727221	0.038895	-0.0119138
0	19.4378	0	241.048	0	-0	-0	-0	0	3.51891	3.50886	-150.796	-41.5049	-0.061432	0.0414653	0.000402079	0.0410632	-0.0199667
0	19.4321	0	-448.482	0	0	-0	-0	0	3.21732	3.08742	-150.796	-268.184	-0.064783	0.0464215	0.00519583	0.0412257	-0.0183615
0	21.8658	0	236.26	0	-0	-0	-0	0	2.91573	2.76603	-150.796	-96.8444	-0.068134	0.0496153	0.00598812	0.0436272	-0.0185186
0	21.8658	0	408.642	0	-0	-0	-0	0	2.61414	2.63619	-150.796	-80.8814	-0.0714849	0.0441677	-0.000882015	0.0450497	-0.0273173
0	20.649	0	-156.389	0	0	-0	-0	0	2.31255	2.25839	-150.796	-217.102	-0.0748359	0.0469699	0.00216641	0.0448035	-0.0278661
0	20.6528	0	164.434	0	-0	-0	-0	0	2.01096	1.96254	-150.796	-106.423	-0.0781869	0.0477986	0.00193704	0.0458616	-0.0303883
0	21.8658	0	73.4541	0	-0	-0	-0	0	1.70937	1.80184	-150.796	-92.5877	-0.0815379	0.042265	-0.0036986	0.0459636	-0.0392729
0	20.649	0	159.645	0	-0	-0	-0	0	1.40945	1.55068	-145.788	-133.028	-0.0815311	0.0387476	-0.0056493	0.0443969	-0.0427836
0	21.8678	0	-46.256	0	0	-0	-0	0	1.13296	1.24312	-130.708	-145.799	-0.0745503	0.0380988	-0.00440654	0.0425053	-0.0364515
0	20.649	0	-386.233	0	0	-0	-0	0	0.886624	1.01538	-115.629	-117.065	-0.0672344	0.0356518	-0.00515012	0.0408019	-0.0315826
0	20.6509	0	54.3005	0	-0	-0	-0	0	0.670449	0.866386	-100.549	-54.2755	-0.0595834	0.030987	-0.00783745	0.0388244	-0.0285964
0	21.8658	0	226.683	0	-0	-0	-0	0	0.484433	0.756771	-85.4697	-59.5966	-0.0515972	0.0247728	-0.0108935	0.0356663	-0.0268245
0	19.4359	0	-108.505	0	0	-0	-0	0	0.328575	0.586495	-70.3903	-86.2023	-0.043276	0.0214449	-0.0103168	0.0317617	-0.0218311
0	20.6528	0	73.4541	0	-0	-0	-0	0	0.202875	0.479008	-55.3108	-50.0186	-0.0346197	0.0169365	-0.0110453	0.0279818	-0.0176832
0	18.2209	0	-726.209	0	0	-0	-0	0	0.107334	0.217208	-40.2314	-167.083	-0.0256283	0.0199214	-0.00439496	0.0243164	-0.00570692
0	18.2228	0	-640.018	0	0	-0	-0	0	0.0419519	-0.0860958	-25.1519	-123.45	-0.0163018	0.0288885	0.00512191	0.0237666	0.0125867
0	17.0059	0	-414.963	0	0	-0	-0	0	0.00672793	-0.256372	-10.0725	-93.6518	-0.00664023	0.0365322	0.010524	0.0260082	0.029892
0	18.2247	0	-702.267	0	0	-0	-0	0	0	-0.501144	0	-120.257	0	0.0506937	0.0200457	0.030648	0.0506937
0	15.7928	0	-429.328	0	0	-0	-0	0	0	-0.658649	0	-70.2388	0	0.0648387	0.026346	0.0384928	0.0648387
0	13.3648	0	-582.557	0	0	-0	-0	0	0	-0.837439	0	-94.716	0	0.0820802	0.0334976	0.0485827	0.0820802
0	14.5798	0	-1291.24	0	0	-0	-0	0	0	-0.78742	0	91.5234	0	0.0924374	0.0314968	0.0609406	0.0924374
0	12.1479	0	-1056.61	0	0	-0	-0	0	0	-0.566061	0	79.8168	0	0.0939028	0.0226425	0.0712604	0.0939028
0	9.71603	0	-515.52	0	0	-0	-0	0	0	-0.480923	0	56.4039	0	0.0984417	0.0192369	0.0792048	0.0984417
0	8.50677	0	-817.189	0	0	-0	-0	0	0	-0.296812	0	86.2022	0	0.0972976	0.0118725	0.0854251	0.0972976
0	6.073	0	-592.134	0	0	-0	-0	0	0	-0.179748	0	58.5324	0	0.0964677	0.00718991	0.0892778	0.0964677
0	4.85992	0	-874.65	0	0	-0	-0	0	0	-0.0488479	0	60.6608	0	0.0933143	0.00195392	0.0913604	0.0933143
0	2.42996	0	-778.882	0	0	-0	-0	0	0	0.0107487	0	21.2845	0	0.0913581	-0.000429947	0.091788	0.0913581
0	1.21689	0	-596.922	0	0	-0	-0	0	0	0.0288405	0	7.44958	0	0.090403	-0.00115362	0.0915566	0.090403
0	1.21307	0	-323.983	0	0	-0	-0	0	0	0.0320332	0	0	0	0.089837	-0.00128133	0.0911183	0.089837
0	-0.00190735	0	-161.178	0	0	0	-0	0	0	0.0203267	0	-7.44957	0	0.0898746	-0.000813068	0.0906877	0.0898746
0	-2.42805	0	39.9353	0	0	0	-0	0	0	-0.00415048	0	-13.8349	0	0.0906376	0.000166019	0.0904716	0.0906376
0	-1.21307	0	92.6077	0	0	0	-0	0	0	-0.0222423	0	-8.5138	0	0.09149	0.000889692	0.0906003	0.09149
0	-1.21307	0	97.3961	0	0	0	-0	0	0	-0.044591	0	-11.7065	0	0.0927809	0.00178364	0.0909972	0.0927809
0	-2.43378	0	169.222	0	0	0	-0	0	0	-0.0531048	0	-2.12845	0	0.0938095	0.00212419	0.0916853	0.0938095
0	-3.64304	0	288.932	0	0	0	-0	0	0	-0.0488479	0	3.19267	0	0.0943963	0.00195392	0.0924424	0.0943963
0	-2.42996	0	116.55	0	0	0	-0	0	0	-0.0392699	0	6.38536	0	0.0946936	0.0015708	0.0931228	0.0946936
0	-3.64685	0	20.7817	0	0	0	-0	0	0	-0.0190496	0	12.7707	0	0.0943966	0.000761985	0.0936347	0.0943966
0	-3.64304	0	-51.0444	0	0	0	-0	0	0	0.0160698	0	18.0918	0	0.0931436	-0.000642792	0.0937864	0.0931436
0	-2.42615	0	-65.4096	0	0	0	-0	0	0	0.040547	0	9.57802	0	0.0918258	-0.00162188	0.0934477	0.0918258
0	-3.64685	0	11.2049	0	0	0	-0	0	0	0.040547	0	-3.19268	0	0.0912189	-0.00162188	0.0928408	0.0912189
0	-2.42996	0	83.0309	0	0	0	-0	0	0	0.0192625	0	-12.7707	0	0.0915477	-0.000770499	0.0923182	0.0915477
0	-2.42615	0	-36.6792	0	0	0	-0	0	0	-0.00202203	0	-8.5138	0	0.0922137	8.0881e-05	0.0921328	0.0922137
0	-2.42996	0	-79.7748	0	0	0	-0	0	0	-0.0052147	0	0	0	0.0923935	0.000208588	0.0921849	0.0923935
0	-1.21689	0	-108.505	0	0	0	-0	0	0	0.00117065	0	3.19268	0	0.0921902	-4.6826e-05	0.092237	0.0921902
0	-2.42996	0	-118.082	0	0	0	-0	0	0	0.00649178	0	1.06423	0	0.0919298	-0.000259671	0.0921895	0.0919298
0	-2.42996	0	-7.94875	0	0	0	-0	0	0	0.00223488	0	-4.2569	0	0.0920066	-8.9395e-05	0.092096	0.0920066
0	-1.21689	0	15.9933	0	0	0	-0	0	0	-0.00627893	0	-4.2569	0	0.0923457	0.000251157	0.0920945	0.0923457
0	-1.21689	0	-3.16035	0	0	0	-0	0	0	-0.0052147	0	2.12845	0	0.0924012	0.000208588	0.0921926	0.0924012
0	-2.42996	0	-3.16035	0	0	0	-0	0	0	-0.00308625	0	1.06423	0	0.0923835	0.00012345	0.09226	0.0923835
0	-1.21307	0	-12.7372	0	0	0	-0	0	0	0.00436333	0	4.2569	0	0.0921069	-0.000174533	0.0922815	0.0921069
0	-1.21689	0	1.62806	0	0	0	-0	0	0	0.0032991	0	-1.06423	0	0.0920867	-0.000131964	0.0922186	0.0920867
0	-1.21689	0	-12.7372	0	0	0	-0	0	0	0.0032991	0	-2.12845	0	0.0920238	-0.000131964	0.0921558	0.0920238
0	-1.21689	0	-51.0444	0	0	0	-0	0	0	-0.000957801	0	-2.12845	0	0.0921619	3.8312e-05	0.0921236	0.0921619
0	0	0	-7.94875	0	0	0	-0	0	0	-0.000957801	0	0	0	0.0921757	3.8312e-05	0.0921374	0.0921757
0	0	0	-12.7372	0	0	0	-0	0	0	-0.00202203	0	0	0	0.0922397	8.0881e-05	0.0921589	0.0922397
0	0	0	-17.5256	0	0	0	-0	0	0	-0.000957801	0	2.12845	0	0.092234	3.8312e-05	0.0921956	0.092234
0	0	0	-17.5256	0	0	0	-0	0	0	-0.000957801	0	0	0	0.0922477	3.8312e-05	0.0922094	0.0922477
0	-1.21307	0	-46.256	0	0	0	-0	0	0	0.00223488	0	3.19268	0	0.0921338	-8.9395e-05	0.0922232	0.0921338
0	0	0	-36.6792	0	0	0	-0	0	0	0.00117065	0	-1.06423	0	0.0921442	-4.6826e-05	0.092191	0.0921442
0	-1.21307	0	-51.0444	0	0	0	-0	0	0	0.00223488	0	1.06423	0	0.0920848	-8.9395e-05	0.0921742	0.0920848
0	0	0	-36.6792	0	0	0	-0	0	0	-0.000957801	0	-1.06423	0	0.0921956	3.8312e-05	0.0921573	0.0921956
0	0	0	-17.5256	0	0	0	-0	0	0	-0.00308625	0	0	0	0.0923099	0.00012345	0.0921864	0.0923099
0	0	0	-22.314	0	0	0	-0	0	0	0.000106425	0	2.12845	0	0.092219	-4.257e-06	0.0922232	0.092219
0	0	0	15.9933	0	0	0	-0	0	0	-0.000957801	0	-1.06423	0	0.09226	3.8312e-05	0.0922217	0.09226
0	-1.21307	0	1.62806	0	0	0	-0	0	0	0.00223488	0	1.06423	0	0.0921308	-8.9395e-05	0.0922201	0.0921308
0	0	0	1.62806	0	0	0	-0	0	0	-0.00202203	0	-2.12845	0	0.0922842	8.0881e-05	0.0922033	0.0922842
0	-1.21689	0	-22.314	0	0	0	-0	0	0	-0.000957801	0	2.12845	0	0.0922784	3.8312e-05	0.0922401	0.0922784
