0	0	0	26.6235	0	0	0	0	0	0	0.00147927	0	0	0	-4.43782e-05	-4.43782e-05	0	-4.43782e-05
0.48	0	480	376.177	0.00402222	1.2e-05	1.2e-05	0	0.00403422	0	0.00360772	0	0	0	-0.00011267	-0.000108232	-4.43782e-06	-0.00011267
1.92	0	960	141.545	0.0163556	0.00019368	0.000192	1.68e-06	0.0165492	0	0.000415049	0	0	0	1.44947e-05	-1.24515e-05	2.69462e-05	1.44947e-05
4.32	0	1440	194.218	0.0248	0.0004386	0.000432	6.6e-06	0.0252386	0	-0.00277763	0	0	0	0.000107785	8.33288e-05	2.44559e-05	0.000107785
7.68	0	1920	127.18	0.0334222	0.0007848	0.000768	1.68e-05	0.034207	0	-0.00277763	0	0	0	0.000127643	8.33288e-05	4.43143e-05	0.000127643
12	0	2400	21.8351	0.0422222	0.0012342	0.0012	3.42e-05	0.0434564	0	0.00147927	0	0	0	1.34092e-05	-4.43782e-05	5.77874e-05	1.34092e-05
17.28	0	2880	45.7771	0.0512	0.00178872	0.001728	6.072e-05	0.0529887	0	0.00360772	0	0	0	-6.25127e-05	-0.000108232	4.57191e-05	-6.25127e-05
23.52	0	3360	-64.3561	0.0603556	0.00245028	0.002352	9.828e-05	0.0628058	0	-0.000649176	0	0	0	4.67407e-05	1.94753e-05	2.72654e-05	4.67407e-05
30.72	0	3840	414.484	0.0696889	0.0032208	0.003072	0.0001488	0.0729097	0	-0.00384185	0	0	0	0.000149609	0.000115256	3.43531e-05	0.000149609
38.88	1.21474	4320	1300.34	0.0792	0.00397951	0.00376653	0.000212985	0.0831795	0	-0.176246	0	0	0	0.00548208	0.00528739	0.000194689	0.00548208
48	-0.000238419	4800	289.986	0.0888889	0.00509278	0.00480002	0.000292756	0.0939817	0	-0.422082	0	0	0	0.0143648	0.0126625	0.00170233	0.0143648
58.08	2.42949	5280	2416.04	0.0987556	0.0059563	0.00556505	0.000391247	0.104712	0	-0.548725	0	0	0	0.020853	0.0164618	0.00439127	0.020853
69.12	8.50296	5760	4005.79	0.1088	0.00656722	0.0060617	0.000505518	0.115367	0	-0.489129	0	0	0	0.0225714	0.0146739	0.00789753	0.0225714
81.12	9.7177	6240	2406.46	0.119022	0.00777286	0.00714023	0.000632632	0.126795	0	-0.11665	0	0	0	0.0135847	0.00349949	0.0100852	0.0135847
94.08	13.3619	6720	3857.35	0.129422	0.00885118	0.00807181	0.000779367	0.138273	0	-0.31566	0	0	0	0.0204497	0.0094698	0.0109799	0.0204497
108	18.2209	7200	4680.95	0.14	0.00992191	0.00897791	0.000944	0.149922	0	-0.402926	0	0	0	0.0251819	0.0120878	0.0130941	0.0251819
122.88	25.5091	7680	4465.47	0.150756	0.0108631	0.00973709	0.00112602	0.161619	0	-0.399734	0	0	0	0.0275101	0.011992	0.0155181	0.0275101
138.72	37.6561	8160	4273.94	0.161689	0.0114301	0.0101064	0.0013237	0.173119	0	-0.346522	0	0	0	0.0282515	0.0103957	0.0178558	0.0282515
147	44.9445	8400	3684.96	0.167222	0.0116303	0.0102055	0.00142477	0.178853	0	-0.303953	0	0	0	0.028014	0.0091186	0.0188954	0.028014
164.28	53.4477	8880	4230.84	0.1728	0.011734	0.0102072	0.00152682	0.184534	0	-0.266705	0	0	0	0.0278084	0.00800116	0.0198072	0.0278084
182.25	76.5274	9000	6213.24	0.182083	0.0113998	0.00967226	0.00172758	0.193483	0	-0.2401	0	0	0	0.0285466	0.007203	0.0213436	0.0285466
200.25	111.755	9000	4508.57	0.187083	0.010859	0.00884952	0.00200952	0.197942	0	-0.00809875	0	0	0	0.0232558	0.000242963	0.0230128	0.0232558
218.25	142.123	9000	5370.48	0.190417	0.00979364	0.00761271	0.00218093	0.20021	0	0.023828	0	0	0	0.0221901	-0.00071484	0.022905	0.0221901
236.25	176.134	9000	3177.39	0.19375	0.00833673	0.00601155	0.00232518	0.202087	0	-0.0474751	0	0	0	0.0243236	0.00142425	0.0228993	0.0243236
254.25	215.006	9000	7482.17	0.197083	0.00635818	0.00392441	0.00243376	0.203441	0	-0.0783376	0	0	0	0.0256365	0.00235013	0.0232863	0.0256365
272.25	250.232	9000	4168.59	0.200417	0.00470478	0.00220175	0.00250303	0.205121	0	-0.262449	0	0	0	0.0318373	0.00787346	0.0239639	0.0318373
290.25	281.815	9000	3282.74	0.20375	0.00338378	0.000843512	0.00254027	0.207134	0	-0.234779	0	0	0	0.0326873	0.00704336	0.0256439	0.0326873
308.25	313.398	9000	10355.2	0.207083	0.00203431	-0.000514822	0.00254913	0.209118	0	-0.26032	0	0	0	0.0347026	0.0078096	0.026893	0.0347026
326.25	346.195	9000	5801.44	0.210417	0.000537492	-0.00199456	0.00253205	0.210954	0	-0.371	0	0	0	0.0398978	0.01113	0.0287678	0.0398978
344.25	376.564	9000	14008.8	0.21375	-0.000747268	-0.00323142	0.00248415	0.213003	0	-0.256063	0	0	0	0.0385863	0.0076819	0.0309044	0.0385863
362.25	402.073	9000	7855.66	0.217083	-0.00156593	-0.00398231	0.00241637	0.215517	0	-0.348651	0	0	0	0.0427726	0.0104595	0.032313	0.0427726
380.25	419.079	9000	7951.43	0.220417	-0.00154446	-0.0038829	0.00233844	0.218872	0	-0.861607	0	0	0	0.0609779	0.0258482	0.0351297	0.0609779
398.25	417.864	9000	4197.32	0.22375	0.000286921	-0.00196149	0.00224841	0.224037	0	-1.17023	0	0	0	0.0760225	0.035107	0.0409155	0.0760225
416.25	462.809	9000	3081.62	0.227083	-0.00246931	-0.00465591	0.0021866	0.224614	0	-1.41288	0	0	0	0.0905627	0.0423863	0.0481764	0.0905627
434.25	495.606	9000	9167.69	0.230417	-0.00404773	-0.00613564	0.00208791	0.226369	0	-1.80451	0	0	0	0.111501	0.0541353	0.0573656	0.111501
452.25	528.404	9000	3182.18	0.23375	-0.00565705	-0.00761545	0.0019584	0.228093	0	-1.72363	0	0	0	0.119969	0.0517089	0.0682597	0.119969
470.25	-2686.96	9000	1285.97	0.237083	0.317518	0.315721	0.00179687	0.554601	0	-1.7662	0	0	0	0.131581	0.052986	0.0785951	0.131581
488.25	-2832.73	9000	17494.7	0.240417	0.333693	0.332098	0.00159482	0.574109	0	-1.75875	0	0	0	0.1419	0.0527625	0.089138	0.1419
506.25	655.949	9000	7884.39	0.24375	-0.0136335	-0.01497	0.00133644	0.230116	0	-1.91093	0	0	0	0.15743	0.057328	0.100102	0.15743
524.25	710.612	9000	-1630.16	0.247083	-0.017623	-0.0186362	0.00101325	0.22946	0	-2.08759	0	0	0	0.174601	0.0626278	0.111973	0.174601
542.25	736.121	9000	-1352.44	0.250417	-0.0187485	-0.0193871	0.00063859	0.231668	0	-1.90987	0	0	0	0.181565	0.0572961	0.124269	0.181565
560.25	774.991	9000	19616	0.25375	-0.0212374	-0.0214742	0.000236768	0.232513	0	-1.70554	0	0	0	0.186463	0.0511661	0.135297	0.186463
578.25	805.36	9000	16561	0.257083	-0.0229117	-0.022711	-0.000200723	0.234172	0	-0.683882	0	0	0	0.165919	0.0205165	0.145403	0.165919
596.25	828.44	9000	3933.96	0.260417	-0.0238747	-0.023219	-0.00065566	0.236542	0	0.753887	0	0	0	0.123876	-0.0226166	0.146492	0.123876
623.25	847.875	9000	12337.6	0.26375	-0.0244929	-0.0233625	-0.00113048	0.239257	0	0.947575	0	0	0	0.113347	-0.0284273	0.141774	0.113347
641.25	869.741	9000	-1093.86	0.267083	-0.0253537	-0.0237491	-0.00160452	0.24173	0	2.05224	0	0	0	0.0735573	-0.0615672	0.135125	0.0735573
659.25	883.102	9000	8459	0.270417	-0.0253569	-0.0232852	-0.00207171	0.24506	0	2.49815	0	0	0	0.0461776	-0.0749445	0.121122	0.0461776
677.25	898.894	9000	3977.06	0.27375	-0.0255989	-0.0230644	-0.00253449	0.248151	0	1.69785	0	0	0	0.0565417	-0.0509356	0.107477	0.0565417
695.25	919.542	9000	5183.73	0.277083	-0.0263269	-0.0233292	-0.00299771	0.250756	0	2.03521	0	0	0	0.0360678	-0.0610564	0.0971242	0.0360678
713.25	947.48	9000	7008.12	0.282083	-0.0271179	-0.023423	-0.00369489	0.254966	0	2.74824	0	0	0	-0.00614309	-0.0824473	0.0763042	-0.00614309
731.25	949.913	9000	8219.58	0.28375	-0.0266954	-0.0227663	-0.00392912	0.257055	0	2.75144	0	0	0	-0.0144836	-0.0825431	0.0680595	-0.0144836
749.25	979.065	9000	6404.78	0.287083	-0.0282727	-0.0238815	-0.00439123	0.258811	0	1.84152	0	0	0	-0.00254549	-0.0552457	0.0527003	-0.00254549
767.25	1008.22	9000	5930.73	0.290417	-0.0298715	-0.024997	-0.00487444	0.260545	0	1.88729	0	0	0	-0.01423	-0.0566186	0.0423886	-0.01423
785.25	1049.52	9000	2205.35	0.29375	-0.0327129	-0.0273269	-0.00538603	0.261037	0	3.08454	0	0	0	-0.0632337	-0.0925362	0.0293025	-0.0632337
803.25	1094.46	9000	510.252	0.297083	-0.0359656	-0.0300214	-0.00594421	0.261118	0	3.46234	0	0	0	-0.094055	-0.10387	0.00981514	-0.094055
821.25	1139.41	9000	-1548.76	0.300417	-0.0392687	-0.0327161	-0.00655264	0.261148	0	2.68865	0	0	0	-0.0907148	-0.0806594	-0.0100554	-0.0907148
839.25	1183.14	9000	-9238.94	0.30375	-0.0425049	-0.0352887	-0.00721618	0.261245	0	3.02069	0	0	0	-0.116514	-0.0906206	-0.0258935	-0.116514
857.25	1213.51	9000	14712.7	0.307083	-0.0444983	-0.0365258	-0.00797248	0.262585	0	3.66029	0	0	0	-0.155356	-0.109809	-0.0455469	-0.155356
875.25	1302.18	9000	275.621	0.312083	-0.05184	-0.0426931	-0.00914693	0.260243	0	2.29169	0	0	0	-0.142439	-0.0687508	-0.0736877	-0.142439
893.251	1321.61	9000	-3377.93	0.31375	-0.0533101	-0.0437363	-0.00957386	0.26044	0	2.48857	0	0	0	-0.15522	-0.0746572	-0.0805628	-0.15522
911.251	1365.35	9000	2976.28	0.317083	-0.0567749	-0.0463098	-0.0104651	0.260309	0	3.83482	0	0	0	-0.212055	-0.115045	-0.0970108	-0.212055
929.251	1381.14	9000	21847.4	0.320417	-0.0574819	-0.0460887	-0.0113932	0.262935	0	4.18176	0	0	0	-0.247765	-0.125453	-0.122312	-0.247765
947.251	1367.78	9000	2243.65	0.32375	-0.0552552	-0.0429528	-0.0123024	0.268495	0	0.81029	0	0	0	-0.16629	-0.0243087	-0.141981	-0.16629
965.251	1349.55	9000	5830.17	0.327083	-0.052473	-0.0393303	-0.0131427	0.27461	0	0.781556	0	0	0	-0.168553	-0.0234467	-0.145106	-0.168553
983.251	1337.41	9000	-255.892	0.330417	-0.0502255	-0.0363161	-0.0139094	0.280191	0	-4.3363	0	0	0	-0.0212582	0.130089	-0.151347	-0.0212582
1001.25	1344.69	9000	2899.67	0.33375	-0.0498745	-0.0352441	-0.0146303	0.283876	0	-1.13511	0	0	0	-0.0933864	0.0340534	-0.12744	-0.0933864
1019.25	1368.99	9000	4048.88	0.337083	-0.0512157	-0.0358737	-0.015342	0.285868	0	1.87345	0	0	0	-0.185191	-0.0562035	-0.128988	-0.185191
1037.2	1381.14	8839.98	27277.4	0.340417	-0.0513489	-0.0352887	-0.0160602	0.289068	0	-0.0453466	0	0	0	-0.135509	0.0013604	-0.13687	-0.135509
1054.4	-921.974	8359.98	3593.98	0.334592	0.178249	0.197637	-0.0193881	0.512841	0	3.08773	0	0	0	-0.237749	-0.092632	-0.145117	-0.237749
1070.64	1320.4	7879.98	5557.23	0.329599	-0.042707	-0.0249763	-0.0177307	0.286892	0	0.448454	0	0	0	-0.175146	-0.0134536	-0.161693	-0.175146
1085.92	1333.77	7399.98	4666.59	0.327036	-0.0435174	-0.025537	-0.0179805	0.283519	0	-1.5789	0	0	0	-0.115671	0.0473669	-0.163038	-0.115671
1100.24	1330.12	6919.98	4724.05	0.321777	-0.0421719	-0.0236919	-0.01848	0.279605	0	3.35911	0	0	0	-0.265231	-0.100773	-0.164458	-0.265231
1113.6	1345.91	6439.98	1946.77	0.31634	-0.0428429	-0.0238875	-0.0189553	0.273497	0	1.62549	0	0	0	-0.223544	-0.0487646	-0.174779	-0.223544
1126	1362.91	5959.98	-4211.11	0.310725	-0.0437259	-0.0242994	-0.0194265	0.266999	0	-0.190081	0	0	0	-0.176141	0.00570244	-0.181844	-0.176141
1137.44	1393.28	5479.97	481.522	0.304932	-0.046069	-0.0261443	-0.0199247	0.258863	0	-0.719001	0	0	0	-0.158945	0.02157	-0.180515	-0.158945
1147.92	1411.5	4999.97	17911.3	0.298962	-0.0473259	-0.0268706	-0.0204553	0.251636	0	-3.24654	0	0	0	-0.0751269	0.0973961	-0.172523	-0.0751269
1157.44	1432.16	4519.97	8310.56	0.289673	-0.0487413	-0.0274718	-0.0212694	0.240932	0	-1.83537	0	0	0	-0.0881791	0.0550612	-0.14324	-0.0881791
1166	1416.36	4039.97	12165.2	0.286488	-0.0469967	-0.0254526	-0.0215441	0.239491	0	-1.67042	0	0	0	-0.0876216	0.0501126	-0.137734	-0.0876216
1173.6	1411.5	3559.97	-107.452	0.279984	-0.0462015	-0.0241586	-0.022043	0.233783	0	-3.13692	0	0	0	-0.031251	0.0941076	-0.125359	-0.031251
1180.24	1410.29	3079.97	-78.7214	0.273303	-0.0458449	-0.0233249	-0.02252	0.227458	0	-3.15076	0	0	0	-0.0114781	0.0945227	-0.106001	-0.0114781
1185.92	1406.65	2599.97	-3229.49	0.262947	-0.0452643	-0.0220733	-0.023191	0.217683	0	-2.63141	0	0	0	3.73498e-05	0.0789424	-0.0789051	3.73498e-05
1190.64	1403.01	2119.97	-294.2	0.255821	-0.0448755	-0.021237	-0.0236385	0.210946	0	-1.17768	0	0	0	-0.0304073	0.0353305	-0.0657378	-0.0304073
1194.4	1383.58	1639.97	15028.7	0.248517	-0.0429766	-0.0189179	-0.0240588	0.205541	0	-2.88576	0	0	0	0.0292422	0.0865729	-0.0573307	0.0292422
1197.2	1339.84	1159.97	3780.73	0.241036	-0.0386789	-0.0142639	-0.0244149	0.202357	0	-4.26606	0	0	0	0.0913053	0.127982	-0.0366766	0.0913053
1199.04	1274.25	679.965	9416.68	0.233377	-0.0321861	-0.00752094	-0.0246652	0.201191	0	-4.15858	0	0	0	0.112707	0.124757	-0.0120508	0.112707
1199.92	1228.09	199.964	2655.46	0.22554	-0.0276095	-0.00281753	-0.0247919	0.19793	0	-5.47077	0	0	0	0.179029	0.164123	0.0149057	0.179029
1200	1192.86	0	4293.09	0.222222	-0.0241083	0.000714429	-0.0248227	0.198114	0	-5.43458	0	0	0	0.211087	0.163037	0.0480495	0.211087
1200	1162.49	0	-9871.01	0.222222	-0.0210429	0.00375093	-0.0247938	0.201179	0	-4.42995	0	0	0	0.212349	0.132899	0.0794502	0.212349
1200	1124.83	0	12342.4	0.222222	-0.0171838	0.0075168	-0.0247006	0.205038	0	-4.32885	0	0	0	0.234654	0.129866	0.104788	0.234654
1200	1096.9	0	8851.65	0.222222	-0.014229	0.0103103	-0.0245393	0.207993	0	-5.61657	0	0	0	0.301269	0.168497	0.132772	0.301269
1200	1066.52	0	7850.88	0.222222	-0.0109697	0.0133476	-0.0243173	0.211252	0	-4.0926	0	0	0	0.288308	0.122778	0.16553	0.288308
1200	1054.38	0	-1376.38	0.222222	-0.00962167	0.0145622	-0.0241838	0.212601	0	-2.6942	0	0	0	0.258634	0.0808261	0.177808	0.258634
1200	1026.44	0	-11116	0.222222	-0.00650617	0.017356	-0.0238622	0.215716	0	-1.70767	0	0	0	0.243058	0.05123	0.191828	0.243058
1200	1027.65	0	10719.1	0.222222	-0.00627428	0.0172347	-0.023509	0.215948	0	-1.18513	0	0	0	0.23652	0.035554	0.200966	0.23652
1200	1061.66	0	11312.9	0.222222	-0.00918841	0.0138339	-0.0230223	0.213034	0	-1.33625	0	0	0	0.25246	0.0400876	0.212373	0.25246
1200	1062.88	0	7841.3	0.222222	-0.00917214	0.0137119	-0.022884	0.21305	0	-0.724322	0	0	0	0.238111	0.0217297	0.216381	0.238111
1200	1061.67	0	3708.91	0.222222	-0.00877903	0.0138332	-0.0226122	0.213443	0	2.30553	0	0	0	0.147105	-0.0691658	0.21627	0.147105
1200	1062.88	0	3139.09	0.222222	-0.00862366	0.0137119	-0.0223355	0.213599	0	2.77272	0	0	0	0.117637	-0.0831816	0.200818	0.117637
1200	1071.38	0	347.447	0.222222	-0.00920056	0.012862	-0.0220625	0.213022	0	2.65246	0	0	0	0.105001	-0.0795739	0.184575	0.105001
1200	1102.97	0	1171.05	0.222222	-0.0121153	0.00970338	-0.0218186	0.210107	0	2.74718	0	0	0	0.0860914	-0.0824154	0.168507	0.0860914
1200	1145.48	0	10259.4	0.222222	-0.0161929	0.00545228	-0.0216452	0.206029	0	3.17606	0	0	0	0.0566556	-0.0952819	0.151938	0.0566556
1200	1156.42	0	2238.87	0.222222	-0.0171889	0.00435823	-0.0215471	0.205033	0	6.108	0	0	0	-0.0541838	-0.18324	0.129056	-0.0541838
1200	-2125.77	0	10589.8	0.222222	0.311151	0.332577	-0.0214261	0.533373	0	5.83875	0	0	0	-0.106017	-0.175163	0.0691452	-0.106017
1200	1135.77	0	10537.2	0.222222	-0.0148838	0.0064235	-0.0213073	0.207338	0	3.12392	0	0	0	-0.0547168	-0.0937175	0.0390007	-0.0547168
1200	1128.48	0	10680.8	0.222222	-0.0140231	0.00715211	-0.0211752	0.208199	0	4.41908	0	0	0	-0.112258	-0.132572	0.0203146	-0.112258
1200	-3334.41	0	-4177.59	0.222222	0.432427	0.453441	-0.0210139	0.654649	0	7.1403	0	0	0	-0.225795	-0.214209	-0.0115859	-0.225795
1200	1065.32	0	19548.9	0.222222	-0.00731251	0.0134685	-0.020781	0.21491	0	5.53332	0	0	0	-0.219329	-0.166	-0.0533294	-0.219329
1200	1051.94	0	3842.98	0.222222	-0.00570691	0.0148059	-0.0205128	0.216515	0	3.15584	0	0	0	-0.176479	-0.0946753	-0.0818042	-0.176479
1200	1037.37	0	5595.54	0.222222	-0.00394752	0.0162631	-0.0202106	0.218275	0	3.38572	0	0	0	-0.202094	-0.101571	-0.100522	-0.202094
1200	1058.02	0	-3052.32	0.222222	-0.00569725	0.0141979	-0.0198951	0.216525	0	3.25375	0	0	0	-0.218816	-0.0976125	-0.121204	-0.218816
1200	1092.03	0	-2664.46	0.222222	-0.00882952	0.0107974	-0.0196269	0.213393	0	3.12604	0	0	0	-0.233997	-0.0937813	-0.140215	-0.233997
1200	1121.19	0	25213.6	0.222222	-0.0115441	0.00788147	-0.0194256	0.210678	0	2.56201	0	0	0	-0.235918	-0.0768602	-0.159058	-0.235918
1200	1134.55	0	-1994.08	0.222222	-0.012728	0.00654481	-0.0192728	0.209494	0	0.0429841	0	0	0	-0.172035	-0.00128952	-0.170745	-0.172035
1200	1145.48	0	-12456.7	0.222222	-0.0136945	0.00545228	-0.0191468	0.208528	0	-0.244357	0	0	0	-0.162329	0.0073307	-0.169659	-0.162329
1200	1163.7	0	1975.5	0.222222	-0.0154227	0.00362961	-0.0190523	0.2068	0	-0.0325759	0	0	0	-0.16765	0.000977278	-0.168627	-0.16765
1200	1201.35	0	515.041	0.222222	-0.0191358	-0.000135486	-0.0190004	0.203086	0	-0.0219337	0	0	0	-0.167924	0.00065801	-0.168582	-0.167924
1200	1239.02	0	-2051.54	0.222222	-0.0229271	-0.00390212	-0.0190249	0.199295	0	-0.561496	0	0	0	-0.15135	0.0168449	-0.168195	-0.15135
1200	-561.195	0	15488.4	0.222222	0.157003	0.17612	-0.0191163	0.379225	0	-2.64738	0	0	0	-0.0822119	0.0794213	-0.161633	-0.0822119
1200	1265.74	0	1458.36	0.222222	-0.025795	-0.00657394	-0.0192211	0.196427	0	-2.89853	0	0	0	-0.0579277	0.086956	-0.144884	-0.0579277
1200	1287.61	0	22881.7	0.222222	-0.0281301	-0.00876052	-0.0193696	0.194092	0	-3.24334	0	0	0	-0.0303518	0.0973003	-0.127652	-0.0303518
1200	1287.61	0	-18485.3	0.222222	-0.0283073	-0.00876128	-0.019546	0.193915	0	-5.61763	0	0	0	0.0634273	0.168529	-0.105102	0.0634273
1200	1274.24	0	2147.89	0.222222	-0.0271366	-0.00742385	-0.0197127	0.195086	0	-6.46582	0	0	0	0.125312	0.193975	-0.0686629	0.125312
1200	1263.31	0	10982.5	0.222222	-0.026182	-0.00633055	-0.0198515	0.19604	0	-5.26218	0	0	0	0.126222	0.157865	-0.0316431	0.126222
1200	1239.01	0	-3804.1	0.222222	-0.023869	-0.0039006	-0.0199684	0.198353	0	-4.67898	0	0	0	0.139032	0.14037	-0.00133751	0.139032
1200	1218.36	0	6926.71	0.222222	-0.0218679	-0.00183608	-0.0200318	0.200354	0	-5.51014	0	0	0	0.192561	0.165304	0.0272568	0.192561
1200	1192.86	0	11423	0.222222	-0.0193444	0.000714429	-0.0200588	0.202878	0	-5.76343	0	0	0	0.235059	0.172903	0.0621566	0.235059
1200	1235.38	0	7190.08	0.222222	-0.0235899	-0.00353821	-0.0200517	0.198632	0	-4.19157	0	0	0	0.205194	0.125747	0.0794469	0.205194
1200	1150.34	0	9215.57	0.222222	-0.0150148	0.00496551	-0.0199803	0.207207	0	-2.41218	0	0	0	0.172747	0.0723655	0.100382	0.172747
1200	1134.56	0	4020.15	0.222222	-0.0133333	0.00654404	-0.0198773	0.208889	0	-2.76338	0	0	0	0.198312	0.0829013	0.115411	0.198312
1200	1143.06	0	-11336.3	0.222222	-0.014056	0.00569412	-0.0197501	0.208166	0	-2.78041	0	0	0	0.215438	0.0834122	0.132026	0.215438
1200	1164.91	0	3728.06	0.222222	-0.0160872	0.00350906	-0.0195962	0.206135	0	-2.70591	0	0	0	0.238454	0.0811773	0.157276	0.238454
1200	1162.5	0	15354.3	0.222222	-0.015811	0.00375015	-0.0195611	0.206411	0	-2.1142	0	0	0	0.22882	0.063426	0.165394	0.22882
1200	1158.86	0	-4388.28	0.222222	-0.0153696	0.00411407	-0.0194837	0.206853	0	0.97631	0	0	0	0.144272	-0.0292893	0.173562	0.144272
1200	1163.72	0	-308.565	0.222222	-0.0157733	0.00362809	-0.0194014	0.206449	0	1.47543	0	0	0	0.121707	-0.0442629	0.16597	0.121707
1200	1178.28	0	-2204.77	0.222222	-0.0171608	0.00217164	-0.0193324	0.205061	0	1.3126	0	0	0	0.11826	-0.0393781	0.157638	0.11826
1200	1213.49	0	-8448.85	0.222222	-0.0206566	-0.00134933	-0.0193072	0.201566	0	1.3573	0	0	0	0.108951	-0.0407191	0.14967	0.108951
1200	1245.09	0	2976.28	0.222222	-0.023855	-0.00450865	-0.0193464	0.198367	0	1.51055	0	0	0	0.0961679	-0.0453165	0.141484	0.0961679
1200	1246.31	0	11887.5	0.222222	-0.0241313	-0.00463149	-0.0194998	0.198091	0	4.35416	0	0	0	-0.0106308	-0.130625	0.119994	-0.0106308
1200	1229.29	0	-897.538	0.222222	-0.0225109	-0.00292937	-0.0195815	0.199711	0	3.56876	0	0	0	-0.0123829	-0.107063	0.09468	-0.0123829
1200	1229.29	0	-897.538	0.222222	-0.0225109	-0.00292937	-0.0195815	0.199711	0	3.56876	0	0	0	-0.0123829	-0.107063	0.09468	-0.0123829
1200	1208.63	0	3091.2	0.222222	-0.0204901	-0.00086333	-0.0196268	0.201732	0	4.56168	0	0	0	-0.0641067	-0.136851	0.0727438	-0.0641067
1200	1189.19	0	-1002.88	0.222222	-0.0185476	0.00108064	-0.0196283	0.203675	0	5.54716	0	0	0	-0.123269	-0.166415	0.0431452	-0.123269
1200	1189.22	0	-6298.86	0.222222	-0.0185254	0.00107759	-0.019603	0.203697	0	5.25343	0	0	0	-0.147552	-0.157603	0.0100506	-0.147552
1200	1184.37	0	10738.3	0.222222	-0.0180162	0.00156282	-0.019579	0.204206	0	4.21794	0	0	0	-0.146757	-0.126538	-0.0202184	-0.146757
1200	1191.64	0	8262.68	0.222222	-0.0186944	0.000836487	-0.0195309	0.203528	0	3.1601	0	0	0	-0.149126	-0.094803	-0.0543231	-0.149126
1200	1189.23	0	-4666.01	0.222222	-0.0184457	0.00107681	-0.0195225	0.203777	0	3.24417	0	0	0	-0.161129	-0.0973252	-0.0638034	-0.161129
1200	1207.44	0	8779.83	0.222222	-0.0202542	-0.000743555	-0.0195107	0.201968	0	3.3506	0	0	0	-0.183828	-0.100518	-0.08331	-0.183828
1200	1222.01	0	-2156.89	0.222222	-0.0217348	-0.00220078	-0.019534	0.200487	0	2.70035	0	0	0	-0.183741	-0.0810106	-0.10273	-0.183741
1200	1230.52	0	-3665.24	0.222222	-0.0226351	-0.00305221	-0.0195829	0.199587	0	1.33815	0	0	0	-0.157145	-0.0401444	-0.117001	-0.157145
1200	1171.01	0	-4536.73	0.222222	-0.0168539	0.00289949	-0.0197534	0.205368	0	0.569776	0	0	0	-0.142096	-0.0170933	-0.125002	-0.142096
1200	1246.31	0	-902.327	0.222222	-0.0243551	-0.00463074	-0.0197244	0.197867	0	0.657042	0	0	0	-0.146423	-0.0197113	-0.126712	-0.146423
1200	1265.75	0	5921.15	0.222222	-0.0264014	-0.00657471	-0.0198267	0.195821	0	0.470803	0	0	0	-0.144647	-0.0141241	-0.130523	-0.144647
1200	1285.16	0	3981.84	0.222222	-0.028486	-0.00851562	-0.0199703	0.193736	0	-1.08084	0	0	0	-0.0993008	0.0324251	-0.131726	-0.0993008
1200	1294.89	0	936.42	0.222222	-0.0297308	-0.00948914	-0.0202417	0.192491	0	-2.45475	0	0	0	-0.0419545	0.0736426	-0.115597	-0.0419545
1200	1292.47	0	4149.44	0.222222	-0.0295831	-0.00924651	-0.0203365	0.192639	0	-2.71017	0	0	0	-0.0269278	0.081305	-0.108233	-0.0269278
1200	1296.1	0	5882.84	0.222222	-0.0301372	-0.00960967	-0.0205275	0.192085	0	-3.30826	0	0	0	0.00820514	0.0992478	-0.0910427	0.00820514
1200	1286.38	0	6639.41	0.222222	-0.0293502	-0.00863769	-0.0207125	0.192872	0	-3.78823	0	0	0	0.0433476	0.113647	-0.0702992	0.0433476
1200	1269.39	0	-1687.62	0.222222	-0.0278173	-0.00693938	-0.0208779	0.194405	0	-3.67968	0	0	0	0.0627215	0.11039	-0.0476688	0.0627215
1200	1251.14	0	3570.04	0.222222	-0.0261214	-0.00511443	-0.021007	0.196101	0	-4.2203	0	0	0	0.101698	0.126609	-0.0249107	0.101698
1200	1231.72	0	6222.82	0.222222	-0.0242655	-0.003172	-0.0210935	0.197957	0	-4.05109	0	0	0	0.122317	0.121533	0.000784665	0.122317
1200	1225.66	0	706.577	0.222222	-0.0237171	-0.00256621	-0.0211509	0.198505	0	-3.24973	0	0	0	0.120926	0.0974919	0.0234342	0.120926
1200	1229.32	0	-19174.9	0.222222	-0.0241273	-0.00293242	-0.0211949	0.198095	0	-3.40617	0	0	0	0.145335	0.102185	0.0431497	0.145335
1200	1245.07	0	4585.18	0.222222	-0.0257997	-0.00450714	-0.0212925	0.196423	0	-3.26676	0	0	0	0.171827	0.0980027	0.0738244	0.171827
1200	1239.01	0	-1127.38	0.222222	-0.025239	-0.00390137	-0.0213376	0.196983	0	-2.8102	0	0	0	0.167931	0.0843061	0.0836246	0.167931
1200	1242.66	0	1266.82	0.222222	-0.0256841	-0.00426605	-0.0214181	0.196538	0	-1.17555	0	0	0	0.133383	0.0352666	0.0981169	0.133383
1200	1245.07	0	189.429	0.222222	-0.0260105	-0.00450713	-0.0215034	0.196212	0	-0.708359	0	0	0	0.125077	0.0212508	0.103826	0.125077
1200	1254.82	0	-4718.68	0.222222	-0.0270745	-0.00548218	-0.0215924	0.195148	0	-0.793497	0	0	0	0.132121	0.0238049	0.108316	0.132121
1200	1269.38	0	7673.7	0.222222	-0.0286471	-0.00693787	-0.0217093	0.193575	0	0.0727824	0	0	0	0.109977	-0.00218347	0.11216	0.109977
1200	1279.11	0	3383.29	0.222222	-0.0297618	-0.00791138	-0.0218505	0.19246	0	1.6638	0	0	0	0.0597696	-0.049914	0.109684	0.0597696
1200	1279.1	0	-452.217	0.222222	-0.0299185	-0.00790984	-0.0220087	0.192304	0	2.54604	0	0	0	0.02119	-0.0763813	0.0975713	0.02119
1200	-3424.3	0	10939.4	0.222222	0.440262	0.46243	-0.0221681	0.662484	0	2.73547	0	0	0	0.000253163	-0.0820642	0.0823174	0.000253163
1200	1294.88	0	-10527	0.222222	-0.0319039	-0.0094876	-0.0224163	0.190318	0	3.18138	0	0	0	-0.0395441	-0.0954415	0.0558974	-0.0395441
1200	1274.25	0	-4742.63	0.222222	-0.030021	-0.00742461	-0.0225964	0.192201	0	2.88447	0	0	0	-0.0493864	-0.086534	0.0371476	-0.0493864
1200	1257.23	0	3196.55	0.222222	-0.0284536	-0.00572327	-0.0227303	0.193769	0	2.91533	0	0	0	-0.0674946	-0.0874598	0.0199653	-0.0674946
1200	1252.38	0	-3253.43	0.222222	-0.0280804	-0.00523804	-0.0228423	0.194142	0	2.446	0	0	0	-0.0706163	-0.0733801	0.00276385	-0.0706163
1200	1241.44	0	376.177	0.222222	-0.027085	-0.00414398	-0.022941	0.195137	0	1.30728	0	0	0	-0.0494354	-0.0392185	-0.0102169	-0.0494354
1200	1241.44	0	5456.67	0.222222	-0.0271715	-0.00414398	-0.0230275	0.195051	0	1.37327	0	0	0	-0.0589233	-0.041198	-0.0177253	-0.0589233
1200	1257.25	0	-18911.5	0.222222	-0.0288425	-0.00572479	-0.0231177	0.19338	0	1.08592	0	0	0	-0.0583862	-0.0325777	-0.0258085	-0.0583862
1200	1263.31	0	6423.93	0.222222	-0.02957	-0.00633057	-0.0232395	0.192652	0	0.876272	0	0	0	-0.0582099	-0.0262882	-0.0319218	-0.0582099
1200	1263.32	0	-1701.99	0.222222	-0.0297018	-0.00633209	-0.0233697	0.19252	0	0.498472	0	0	0	-0.051776	-0.0149542	-0.0368218	-0.051776
1200	1270.61	0	764.038	0.222222	-0.0305602	-0.00706145	-0.0234988	0.191662	0	0.494216	0	0	0	-0.0543039	-0.0148265	-0.0394774	-0.0543039
1200	1265.72	0	8171.7	0.222222	-0.0301411	-0.00657166	-0.0235694	0.192081	0	0.675134	0	0	0	-0.0612141	-0.020254	-0.0409601	-0.0612141
1200	1252.38	0	79.296	0.222222	-0.0290459	-0.00523804	-0.0238079	0.193176	0	0.0110573	0	0	0	-0.0466528	-0.000331719	-0.0463211	-0.0466528
1200	1277.89	0	-6001.98	0.222222	-0.0316496	-0.00778931	-0.0238603	0.190573	0	-0.0272548	0	0	0	-0.0455366	0.000817644	-0.0463543	-0.0455366
1200	1291.24	0	2147.89	0.222222	-0.0331466	-0.00912444	-0.0240221	0.189076	0	-0.0911083	0	0	0	-0.0435086	0.00273325	-0.0462418	-0.0435086
1200	1307.02	0	6055.22	0.222222	-0.0349105	-0.0107022	-0.0242083	0.187312	0	-0.820103	0	0	0	-0.0202524	0.0246031	-0.0448555	-0.0202524
1200	1299.76	0	-3334.84	0.222222	-0.0343934	-0.00997588	-0.0244175	0.187829	0	-1.55655	0	0	0	0.00793639	0.0466964	-0.03876	0.00793639
1200	1285.17	0	-1802.55	0.222222	-0.0331256	-0.00851714	-0.0246085	0.189097	0	-1.91093	0	0	0	0.0285809	0.057328	-0.0287471	0.0285809
1200	1276.67	0	4968.26	0.222222	-0.0324412	-0.00766724	-0.024774	0.189781	0	-1.75024	0	0	0	0.0351075	0.0525071	-0.0173996	0.0351075
1200	1274.22	0	-844.866	0.222222	-0.0324195	-0.00742156	-0.0249979	0.189803	0	-1.89816	0	0	0	0.0554315	0.0569449	-0.00151339	0.0554315
1200	1263.32	0	5475.83	0.222222	-0.0314042	-0.00633208	-0.0250721	0.190818	0	-1.72469	0	0	0	0.0559219	0.0517408	0.0041811	0.0559219
1200	1264.51	0	2454.34	0.222222	-0.0316499	-0.0064511	-0.0251988	0.190572	0	-0.858415	0	0	0	0.038596	0.0257524	0.0128435	0.038596
1200	1269.38	0	289.986	0.222222	-0.0323302	-0.00693787	-0.0253924	0.189892	0	-0.720065	0	0	0	0.0411975	0.021602	0.0195955	0.0411975
1200	1240.23	0	390.542	0.222222	-0.029574	-0.00402344	-0.0255505	0.192648	0	-0.61045	0	0	0	0.0422294	0.0183135	0.0239159	0.0422294
1200	1274.25	0	5518.92	0.222222	-0.0330154	-0.00742461	-0.0255908	0.189207	0	-0.399734	0	0	0	0.0377393	0.011992	0.0257472	0.0377393
1200	1273.01	0	5399.21	0.222222	-0.0330366	-0.00730103	-0.0257356	0.189186	0	-0.257127	0	0	0	0.035537	0.00771382	0.0278232	0.035537
1200	1266.95	0	1108.8	0.222222	-0.0325721	-0.00669525	-0.0258768	0.18965	0	0.161113	0	0	0	0.0239898	-0.00483339	0.0288232	0.0239898
1200	1271.8	0	-864.02	0.222222	-0.0331936	-0.00718048	-0.0260131	0.189029	0	0.199425	0	0	0	0.0215162	-0.00598275	0.0274989	0.0215162
1200	1291.26	0	-816.135	0.222222	-0.0353619	-0.00912598	-0.0262359	0.18686	0	0.135572	0	0	0	0.0227959	-0.00406715	0.0268631	0.0227959
1200	1287.6	0	4235.63	0.222222	-0.0350869	-0.00875976	-0.0263271	0.187135	0	0.521885	0	0	0	0.0107998	-0.0156566	0.0264563	0.0107998
1200	-2572.75	0	5940.3	0.222222	0.350767	0.377275	-0.0265084	0.572989	0	1.19873	0	0	0	-0.0137384	-0.035962	0.0222236	-0.0137384
1200	1330.12	0	572.502	0.222222	-0.0398322	-0.0130124	-0.0268198	0.18239	0	0.549555	0	0	0	-0.00374909	-0.0164867	0.0127376	-0.00374909
1200	1319.17	0	1156.69	0.222222	-0.0389932	-0.0119168	-0.0270764	0.183229	0	0.662363	0	0	0	-0.010437	-0.0198709	0.00943386	-0.010437
1200	1294.91	0	141.545	0.222222	-0.0367957	-0.00949065	-0.027305	0.185427	0	0.613409	0	0	0	-0.0128787	-0.0184023	0.00552353	-0.0128787
1200	1310.68	0	-4220.69	0.222222	-0.0384683	-0.0110684	-0.0273999	0.183754	0	0.619794	0	0	0	-0.0149105	-0.0185938	0.0036833	-0.0149105
1200	1282.75	0	8320.14	0.222222	-0.0358351	-0.00827454	-0.0275606	0.186387	0	0.612345	0	0	0	-0.0183643	-0.0183703	6.04285e-06	-0.0183643
1200	1277.91	0	649.116	0.222222	-0.0355132	-0.00779083	-0.0277224	0.186709	0	0.361187	0	0	0	-0.0137757	-0.0108356	-0.00294009	-0.0137757
1200	1286.39	0	529.406	0.222222	-0.0366014	-0.00863921	-0.0279621	0.185621	0	0.26115	0	0	0	-0.0147883	-0.00783451	-0.00695383	-0.0147883
1200	1283.94	0	-5743.4	0.222222	-0.0364421	-0.00839355	-0.0280485	0.18578	0	0.154728	0	0	0	-0.0123791	-0.00464183	-0.00773728	-0.0123791
1200	1294.89	0	390.542	0.222222	-0.0377104	-0.00948912	-0.0282213	0.184512	0	0.0536263	0	0	0	-0.0100956	-0.00160879	-0.00848686	-0.0100956
1200	1298.52	0	1496.66	0.222222	-0.0382658	-0.00985228	-0.0284135	0.183956	0	0.047241	0	0	0	-0.010162	-0.00141723	-0.00874476	-0.010162
1200	1293.67	0	2090.43	0.222222	-0.037974	-0.00936707	-0.0286069	0.184248	0	0.304783	0	0	0	-0.0186315	-0.0091435	-0.00948795	-0.0186315
1200	1305.82	0	-6691.51	0.222222	-0.0393796	-0.0105817	-0.028798	0.182843	0	0.170691	0	0	0	-0.0163831	-0.00512073	-0.0112624	-0.0163831
1200	1291.23	0	6218.03	0.222222	-0.0381179	-0.00912291	-0.028995	0.184104	0	-0.419954	0	0	0	0.000944243	0.0125986	-0.0116544	0.000944243
1200	4262.48	0	3991.42	0.222222	-0.332576	-0.306248	-0.0263279	-0.110354	0	-0.236907	0	0	0	0.000637204	0.00710722	-0.00647001	0.000637204
1200	1326.46	0	12414.2	0.222222	-0.0421679	-0.0126462	-0.0295217	0.180054	0	-0.133677	0	0	0	-0.00133836	0.00401032	-0.00534868	-0.00133836
1200	1336.2	0	-8817.56	0.222222	-0.0434041	-0.0136197	-0.0297844	0.178818	0	-0.438046	0	0	0	0.00907366	0.0131414	-0.00406771	0.00907366
1200	1328.9	0	1084.86	0.222222	-0.042941	-0.0128903	-0.0300507	0.179281	0	-0.435917	0	0	0	0.0117849	0.0130775	-0.00129258	0.0117849
1200	1327.68	0	2684.19	0.222222	-0.0430755	-0.0127682	-0.0303073	0.179147	0	-0.58278	0	0	0	0.0189851	0.0174834	0.00150172	0.0189851
1200	1328.9	0	1137.53	0.222222	-0.0434554	-0.0128903	-0.0305651	0.178767	0	-0.833938	0	0	0	0.0307732	0.0250181	0.00575506	0.0307732
1200	1325.26	0	-1481.72	0.222222	-0.0433485	-0.0125256	-0.0308229	0.178874	0	-0.508285	0	0	0	0.0254772	0.0152485	0.0102287	0.0254772
1200	1315.55	0	6668.14	0.222222	-0.0426286	-0.0115552	-0.0310734	0.179594	0	-0.589166	0	0	0	0.0310204	0.017675	0.0133455	0.0310204
1200	1327.71	0	-3306.11	0.222222	-0.0440855	-0.0127713	-0.0313142	0.178137	0	-0.296504	0	0	0	0.0256447	0.00889511	0.0167496	0.0256447
1200	1332.58	0	2770.38	0.222222	-0.0448252	-0.013258	-0.0315672	0.177397	0	0.0068004	0	0	0	0.0177531	-0.000204012	0.0179571	0.0177531
1200	1335.01	0	-4943.74	0.222222	-0.0453341	-0.0135007	-0.0318335	0.176888	0	-0.0783376	0	0	0	0.0202983	0.00235013	0.0179482	0.0202983
1200	1333.74	0	6878.83	0.222222	-0.0453425	-0.013374	-0.0319685	0.17688	0	-0.0623742	0	0	0	0.0200545	0.00187123	0.0181832	0.0200545
1199.88	1314.35	-239.453	-959.788	0.218209	-0.0437969	-0.0114466	-0.0323503	0.174412	0	0.61873	0	0	0	-0.00201706	-0.0185619	0.0165448	-0.00201706
1198.92	1311.92	-719.447	878.959	0.210032	-0.0438782	-0.0112998	-0.0325783	0.166154	0	0.550619	0	0	0	-0.00375317	-0.0165186	0.0127654	-0.00375317
1197	1315.55	-1199.44	-11.6837	0.201677	-0.0446637	-0.0118549	-0.0328088	0.157013	0	0.362252	0	0	0	-0.000901411	-0.0108675	0.00996614	-0.000901411
1194.12	1320.42	-1679.43	8684.06	0.193143	-0.0456779	-0.0126295	-0.0330484	0.147466	0	0.458032	0	0	0	-0.0061782	-0.013741	0.00756276	-0.0061782
1190.29	1322.83	-2159.43	821.499	0.184433	-0.0465682	-0.0132545	-0.0333137	0.137865	0	0.791134	0	0	0	-0.0192387	-0.023734	0.0044953	-0.0192387
1185.49	1327.68	-2639.42	8339.29	0.175544	-0.0478043	-0.0142196	-0.0335847	0.12774	0	0.48783	0	0	0	-0.0147523	-0.0146349	-0.000117417	-0.0147523
1179.73	1325.24	-3119.42	-2549.54	0.166478	-0.0484245	-0.0145513	-0.0338731	0.118053	0	-0.0261906	0	0	0	-0.00123702	0.000785717	-0.00202274	-0.00123702
1173.01	1317.98	-3599.41	912.478	0.157234	-0.0486606	-0.0144969	-0.0341637	0.108573	0	-0.305018	0	0	0	0.00783088	0.00915053	-0.00131965	0.00783088
1165.33	1303.41	-4079.4	-3535.95	0.147812	-0.0482577	-0.0138076	-0.0344501	0.0995541	0	-0.1092	0	0	0	0.00367791	0.003276	0.000401903	0.00367791
1156.69	1294.86	-4559.4	-978.941	0.138212	-0.048534	-0.0138169	-0.0347171	0.0896781	0	0.0749108	0	0	0	-0.00142967	-0.00224732	0.000817654	-0.00142967
1147.09	1276.66	-5039.39	-3037.95	0.128435	-0.0479303	-0.0129564	-0.0349739	0.0805044	0	0.118544	0	0	0	-0.00349463	-0.00355632	6.16918e-05	-0.00349463
1136.53	1269.38	-5519.39	-854.443	0.11848	-0.0485178	-0.0132844	-0.0352333	0.0699617	0	0.0068004	0	0	0	-0.000425766	-0.000204012	-0.000221754	-0.000425766
1125.02	1259.64	-5999.38	-8860.65	0.108347	-0.0489638	-0.0134628	-0.035501	0.0593827	0	-0.103879	0	0	0	0.00287616	0.00311637	-0.000240208	0.00287616
1112.54	1239.01	-6479.37	-3722.7	0.0980358	-0.0484217	-0.0126477	-0.035774	0.0496141	0	-0.293311	0	0	0	0.00918559	0.00879933	0.000386259	0.00918559
1099.1	1217.13	-6959.37	-8975.58	0.0875473	-0.0478297	-0.0118034	-0.0360263	0.0397176	0	-0.292247	0	0	0	0.0113126	0.00876741	0.00254521	0.0113126
1084.7	1190.46	-7439.36	-9258.09	0.076881	-0.0468297	-0.010576	-0.0362537	0.0300513	0	-0.244357	0	0	0	0.0115911	0.0073307	0.00426038	0.0115911
1069.34	1162.52	-7919.35	-13548.5	0.0660369	-0.0457737	-0.00931801	-0.0364557	0.0202633	0	-0.0772734	0	0	0	0.00786912	0.0023182	0.00555092	0.00786912
1053.02	1144.27	-8399.35	893.325	0.0550151	-0.0457603	-0.0091249	-0.0366354	0.00925474	0	0.28137	0	0	0	-0.00258938	-0.00844111	0.00585174	-0.00258938
1035.74	1129.7	-8879.34	-23096.6	0.0438155	-0.0462098	-0.00939553	-0.0368143	-0.00239433	0	0.279242	0	0	0	-0.0044947	-0.00837726	0.00388256	-0.0044947
1017.77	1135.79	-9000	-2822.48	0.0384768	-0.0488039	-0.0118013	-0.0370026	-0.0103271	0	-0.346522	0	0	0	0.0137298	0.0103957	0.00333412	0.0137298
999.775	1113.92	-9000	-6054.65	0.0351435	-0.0486271	-0.0114147	-0.0372124	-0.0134836	0	-0.141127	0	0	0	0.00975561	0.00423381	0.00552181	0.00975561
981.775	1109.04	-9000	-10373.8	0.0318103	-0.0501748	-0.0127264	-0.0374484	-0.0183646	0	0.902878	0	0	0	-0.0220236	-0.0270863	0.00506276	-0.0220236
963.776	1095.69	-9000	-3679.6	0.028477	-0.0509068	-0.0131912	-0.0377156	-0.0224299	0	0.660235	0	0	0	-0.0203212	-0.019807	-0.000514139	-0.0203212
945.776	1081.09	-9000	-14712.1	0.0251437	-0.0515194	-0.0135309	-0.0379884	-0.0263757	0	0.442068	0	0	0	-0.0168341	-0.0132621	-0.00357202	-0.0168341
927.776	1049.51	-9000	-10426.5	0.0218104	-0.0504274	-0.0121739	-0.0382535	-0.028617	0	1.12956	0	0	0	-0.0414393	-0.0338867	-0.00755258	-0.0414393
909.776	1005.8	-9000	-14621.1	0.018477	-0.0480827	-0.00960222	-0.0384804	-0.0296056	0	0.812419	0	0	0	-0.038479	-0.0243726	-0.0141064	-0.038479
891.776	965.698	-9000	9598.64	0.0151437	-0.0460555	-0.00739219	-0.0386633	-0.0309117	0	-0.477422	0	0	0	-0.00303961	0.0143227	-0.0173623	-0.00303961
873.776	926.819	-9000	-16684.9	0.0118105	-0.0441037	-0.00530423	-0.0387995	-0.0322933	0	-0.20498	0	0	0	-0.00751504	0.00614941	-0.0136644	-0.00751504
855.777	911.041	-9000	-5705.1	0.00847717	-0.0444338	-0.00552645	-0.0389073	-0.0359566	0	0.795391	0	0	0	-0.0384099	-0.0238617	-0.0145481	-0.0384099
837.777	902.527	-9000	-6447.3	0.00681052	-0.0445376	-0.00557499	-0.0389626	-0.037727	0	0.56339	0	0	0	-0.033836	-0.0169017	-0.0169343	-0.033836
819.777	872.192	-9000	11154.9	0.00347723	-0.0434027	-0.00434152	-0.0390612	-0.0399255	0	-0.481679	0	0	0	-0.00422642	0.0144504	-0.0186768	-0.00422642
801.777	846.68	-9000	-10613.2	0.000143947	-0.0427327	-0.00359023	-0.0391424	-0.0425887	0	-0.810525	0	0	0	0.00951236	0.0243157	-0.0148034	0.00951236
783.778	799.316	-9000	-25600.9	-0.00318935	-0.0398503	-0.000653882	-0.0391964	-0.0430397	0	-0.725387	0	0	0	0.0115947	0.0217616	-0.0101669	0.0115947
765.778	759.247	-9000	-8405.75	-0.00652264	-0.0376484	0.0015531	-0.0392015	-0.044171	0	-0.63812	0	0	0	0.0132141	0.0191436	-0.00592952	0.0132141
747.778	720.337	-9000	1702.56	-0.00985593	-0.0355158	0.00364412	-0.0391599	-0.0453717	0	-0.810525	0	0	0	0.0222437	0.0243157	-0.00207207	0.0222437
729.778	655.945	-9000	-8908.54	-0.0148559	-0.0316335	0.00738336	-0.0390168	-0.0464893	0	-1.60869	0	0	0	0.0567113	0.0482608	0.00845045	0.0567113
711.779	629.242	-9000	7161.34	-0.0165225	-0.0297893	0.00915365	-0.038943	-0.0463118	0	-1.23834	0	0	0	0.0504268	0.0371503	0.0132765	0.0504268
693.779	586.731	-9000	-4230.27	-0.0198558	-0.0271422	0.0116048	-0.038747	-0.046998	0	-0.301825	0	0	0	0.0280277	0.00905475	0.018973	0.0280277
675.779	530.823	-9000	2880.51	-0.0231891	-0.0231185	0.0153956	-0.0385142	-0.0463076	0	-0.577459	0	0	0	0.0382322	0.0173238	0.0209084	0.0382322
657.779	501.709	-9000	2823.05	-0.0265224	-0.0217022	0.016507	-0.0382092	-0.0482245	0	-0.695588	0	0	0	0.0456335	0.0208676	0.0247659	0.0456335
639.78	467.651	-9000	-10474.3	-0.0315223	-0.0204831	0.0172128	-0.037696	-0.0520054	0	-0.925461	0	0	0	0.0583526	0.0277638	0.0305888	0.0583526
621.78	457.947	-9000	-5642.85	-0.0348556	-0.020995	0.0163833	-0.0373782	-0.0558506	0	-2.17912	0	0	0	0.103839	0.0653735	0.0384658	0.103839
603.78	449.402	-9000	-12452	-0.0381889	-0.0216429	0.0154378	-0.0370807	-0.0598318	0	-2.11101	0	0	0	0.115139	0.0633302	0.0518087	0.115139
585.78	437.286	-9000	-19864.4	-0.0415222	-0.021954	0.0148494	-0.0368034	-0.0634762	0	-2.35897	0	0	0	0.13542	0.0707692	0.0646503	0.13542
567.78	433.655	-9000	-8827.13	-0.0448555	-0.0231228	0.0134126	-0.0365354	-0.0679783	0	-2.52073	0	0	0	0.155343	0.075622	0.0797205	0.155343
549.781	430.023	-9000	-1577.49	-0.0481888	-0.0243016	0.0119758	-0.0362773	-0.0724903	0	-0.990379	0	0	0	0.122414	0.0297114	0.0927026	0.122414
531.781	389.954	-9000	-4225.48	-0.0515221	-0.0218949	0.0141827	-0.0360777	-0.073417	0	-1.12979	0	0	0	0.131919	0.0338938	0.0980255	0.131919
513.781	385.071	-9000	-4742.63	-0.0548554	-0.0229628	0.012871	-0.0358338	-0.0778182	0	-2.0546	0	0	0	0.168173	0.0616381	0.106535	0.168173
495.781	371.674	-9000	-9042.61	-0.0581886	-0.023171	0.0124108	-0.0355818	-0.0813596	0	-1.25324	0	0	0	0.155808	0.0375973	0.118211	0.155808
477.782	351.074	-9000	-15099.9	-0.0615219	-0.0226646	0.0126707	-0.0353353	-0.0841865	0	-0.842451	0	0	0	0.149768	0.0252735	0.124495	0.149768
459.782	332.794	-9000	-26.0489	-0.0648552	-0.022386	0.0126988	-0.0350848	-0.0872413	0	-0.875442	0	0	0	0.156231	0.0262633	0.129968	0.156231
441.782	319.458	-9000	4695.32	-0.0681885	-0.0226026	0.0122324	-0.034835	-0.0907912	0	-0.284797	0	0	0	0.142746	0.00854392	0.134202	0.142746
423.782	301.27	-9000	-9392.17	-0.0715218	-0.0223384	0.0122513	-0.0345897	-0.0938602	0	-0.591294	0	0	0	0.153742	0.0177388	0.136003	0.153742
405.783	286.652	-9000	-14113.5	-0.0748551	-0.0224321	0.0119131	-0.0343451	-0.0972871	0	-0.579588	0	0	0	0.15745	0.0173876	0.140062	0.15745
387.783	272.095	-9000	-5096.97	-0.0781884	-0.0225374	0.0115688	-0.0341062	-0.100726	0	0.223902	0	0	0	0.135478	-0.00671707	0.142195	0.135478
369.783	269.653	-9000	-7328.36	-0.079855	-0.0230775	0.010913	-0.0339905	-0.102933	0	0.253701	0	0	0	0.133913	-0.00761102	0.141524	0.133913
351.783	250.275	-9000	-8635.6	-0.0831883	-0.0227134	0.0110508	-0.0337642	-0.105902	0	0.177076	0	0	0	0.134852	-0.00531229	0.140164	0.134852
333.783	234.436	-9000	-2204.77	-0.0865216	-0.0227077	0.0108347	-0.0335425	-0.109229	0	0.160049	0	0	0	0.134227	-0.00480146	0.139028	0.134227
315.784	218.628	-9000	-5274.14	-0.0898549	-0.0227131	0.0106156	-0.0333287	-0.112568	0	-0.0698238	0	0	0	0.140552	0.00209471	0.138458	0.140552
297.784	198.029	-9000	-5571.02	-0.0931882	-0.0222402	0.0108755	-0.0331157	-0.115428	0	0.0493694	0	0	0	0.137402	-0.00148108	0.138883	0.137402
279.784	171.234	-9000	-4196.75	-0.0965215	-0.0211424	0.011755	-0.0328974	-0.117664	0	0.270728	0	0	0	0.130178	-0.00812185	0.138299	0.130178
261.784	139.709	-9000	-9329.92	-0.0998548	-0.0195469	0.0131075	-0.0326544	-0.119402	0	0.187719	0	0	0	0.13112	-0.00563156	0.136752	0.13112
243.785	108.093	-9000	108.026	-0.103188	-0.0179151	0.0144691	-0.0323842	-0.121103	0	0.0812962	0	0	0	0.133436	-0.00243888	0.135874	0.133436
225.785	66.7725	-9000	-9947.62	-0.106521	-0.0152832	0.0168012	-0.0320845	-0.121805	0	0.304783	0	0	0	0.126036	-0.0091435	0.135179	0.126036
207.785	20.6604	-9000	510.252	-0.109855	-0.0121232	0.0196125	-0.0317356	-0.121978	0	0.283499	0	0	0	0.12475	-0.00850497	0.133255	0.12475
189.785	-29.1443	-9000	-2290.96	-0.113188	-0.00853875	0.0227929	-0.0313317	-0.121727	0	-0.0772734	0	0	0	0.134204	0.0023182	0.131886	0.134204
171.786	-76.5076	-9000	-14386.5	-0.116521	-0.00512758	0.0257293	-0.0308569	-0.121649	0	-0.220944	0	0	0	0.139642	0.00662831	0.133013	0.139642
154.118	-100.83	-8600.96	-782.617	-0.117194	-0.00397223	0.0263669	-0.0303391	-0.121166	0	1.78512	0	0	0	0.0777013	-0.0535536	0.131255	0.0777013
137.396	-115.417	-8120.96	-2281.39	-0.11238	-0.003709	0.0261054	-0.0298144	-0.116089	0	1.30196	0	0	0	0.0813065	-0.0390589	0.120365	0.0813065
121.634	-140.9	-7640.97	-4019.58	-0.107387	-0.00225775	0.0270295	-0.0292872	-0.109645	0	0.692161	0	0	0	0.0932669	-0.0207648	0.114032	0.0932669
106.832	-163.971	-7160.98	21.8351	-0.102217	-0.00093746	0.0278084	-0.0287459	-0.103155	0	1.39029	0	0	0	0.0675379	-0.0417088	0.109247	0.0675379
92.9907	-168.823	-6680.98	-13941.1	-0.0941292	-0.00173601	0.0261814	-0.0279174	-0.0958652	0	1.44883	0	0	0	0.0505204	-0.0434648	0.0939851	0.0505204
80.1089	-171.295	-6200.99	1721.72	-0.0913442	-0.00188309	0.0257725	-0.0276556	-0.0932273	0	0.852859	0	0	0	0.0640529	-0.0255858	0.0896387	0.0640529
68.187	-156.708	-5720.99	-7730.59	-0.085641	-0.00408018	0.0230736	-0.0271537	-0.0897212	0	0.245187	0	0	0	0.0782035	-0.0073556	0.0855591	0.0782035
57.2252	-144.562	-5241	-3574.26	-0.0767528	-0.00632567	0.0201787	-0.0265044	-0.0830784	0	-1.0255	0	0	0	0.118836	0.0307649	0.0880712	0.118836
47.2233	2718.54	-4761.01	-2535.17	-0.0737011	-0.292946	-0.266643	-0.0263026	-0.366647	0	-1.0404	0	0	0	0.12236	0.0312119	0.0911477	0.12236
38.1814	-142.151	-4281.01	251.678	-0.0642796	-0.00770718	0.0180332	-0.0257404	-0.0719868	0	-0.373128	0	0	0	0.109493	0.0111938	0.0982988	0.109493
30.0995	-125.122	-3801.02	-5192.74	-0.0577763	-0.00986422	0.0155222	-0.0253864	-0.0676406	0	-0.290118	0	0	0	0.108861	0.00870355	0.100158	0.108861
22.9775	-111.755	-3321.03	-3770.58	-0.0510953	-0.0117579	0.0134733	-0.0252312	-0.0628532	0	-0.525312	0	0	0	0.116787	0.0157594	0.101028	0.116787
16.8155	-91.095	-2841.03	-8228.58	-0.0442365	-0.0140755	0.0107911	-0.0248666	-0.0583121	0	-0.552982	0	0	0	0.123354	0.0165895	0.106765	0.123354
11.6135	-4422.79	-2361.04	-9689.05	-0.0372	0.414422	0.44344	-0.029018	0.377222	0	0.301591	0	0	0	0.0997929	-0.00904772	0.108841	0.0997929
7.37151	-74.1272	-1881.04	2492.65	-0.0299856	-0.0163575	0.00814987	-0.0245074	-0.0463432	0	-0.0293833	0	0	0	0.107941	0.000881498	0.10706	0.107941
4.08946	-4907.47	-1401.05	-11230.9	-0.0225935	0.461913	0.491156	-0.0292427	0.43932	0	-0.425275	0	0	0	0.120751	0.0127583	0.107993	0.120751
1.76738	-38.8794	-921.056	-1625.38	-0.0150236	-0.020237	0.00406468	-0.0243017	-0.0352606	0	-0.0208695	0	0	0	0.110995	0.000626084	0.110369	0.110995
0.405284	25.5432	-441.062	-21281.8	-0.00727599	-0.0267617	-0.00251379	-0.0242479	-0.0340377	0	1.85962	0	0	0	0.0521067	-0.0557885	0.107895	0.0521067
0	83.8318	0	-17479.8	0	-0.0327083	-0.00838318	-0.0243251	-0.0327083	0	3.23779	0	0	0	-0.00271405	-0.0971336	0.0944196	-0.00271405
0	120.27	0	-11901.3	0	-0.0364359	-0.012027	-0.024409	-0.0364359	0	3.92847	0	0	0	-0.0331479	-0.117854	0.0847062	-0.0331479
0	221.069	0	-4062.67	0	-0.0469787	-0.0221069	-0.0248718	-0.0469787	0	4.90862	0	0	0	-0.103148	-0.147259	0.0441108	-0.103148
0	256.317	0	-2185.62	0	-0.0509663	-0.0256317	-0.0253346	-0.0509663	0	4.47761	0	0	0	-0.118935	-0.134328	0.0153934	-0.118935
0	274.536	0	1238.09	0	-0.0533105	-0.0274536	-0.0258569	-0.0533105	0	4.25625	0	0	0	-0.138742	-0.127688	-0.011054	-0.138742
0	272.064	0	-5580.6	0	-0.05361	-0.0272064	-0.0264036	-0.05361	0	4.20623	0	0	0	-0.162635	-0.126187	-0.0364479	-0.162635
0	279.388	0	-14080	0	-0.054889	-0.0279388	-0.0269502	-0.054889	0	4.41376	0	0	0	-0.19459	-0.132413	-0.0621769	-0.19459
0	286.682	0	874.171	0	-0.0561832	-0.0286682	-0.027515	-0.0561832	0	3.16116	0	0	0	-0.182013	-0.0948349	-0.0871781	-0.182013
0	289.124	0	-5096.97	0	-0.056714	-0.0289124	-0.0278017	-0.056714	0	2.70993	0	0	0	-0.17796	-0.081298	-0.0966616	-0.17796
0	280.579	0	462.368	0	-0.0564329	-0.0280579	-0.028375	-0.0564329	0	2.93555	0	0	0	-0.201163	-0.0880664	-0.113097	-0.201163
0	262.421	0	-2472.92	0	-0.0551685	-0.0262421	-0.0289265	-0.0551685	0	2.78124	0	0	0	-0.214243	-0.0834371	-0.130806	-0.214243
0	239.288	0	-4838.39	0	-0.0533667	-0.0239288	-0.0294379	-0.0533667	0	2.11503	0	0	0	-0.209951	-0.0634509	-0.1465	-0.209951
0	223.48	0	-4436.17	0	-0.0522573	-0.022348	-0.0299092	-0.0522573	0	1.63507	0	0	0	-0.207594	-0.049052	-0.158542	-0.207594
0	197.968	0	-849.654	0	-0.0503522	-0.0197968	-0.0305555	-0.0503522	0	0.898621	0	0	0	-0.197388	-0.0269586	-0.170429	-0.197388
0	176.117	0	-3037.95	0	-0.0485522	-0.0176117	-0.0309405	-0.0485522	0	0.711317	0	0	0	-0.196915	-0.0213395	-0.175575	-0.196915
0	166.443	0	-4565.46	0	-0.0477609	-0.0166443	-0.0311166	-0.0477609	0	0.532528	0	0	0	-0.193685	-0.0159758	-0.177709	-0.193685
0	149.414	0	-2937.4	0	-0.0463812	-0.0149414	-0.0314398	-0.0463812	0	-0.0698238	0	0	0	-0.178034	0.00209471	-0.180128	-0.178034
0	144.531	0	-5187.95	0	-0.0461881	-0.0144531	-0.031735	-0.0461881	0	-0.863736	0	0	0	-0.152629	0.0259121	-0.178541	-0.152629
0	143.311	0	-6782.49	0	-0.0463539	-0.0143311	-0.0320229	-0.0463539	0	-1.448	0	0	0	-0.128945	0.0434399	-0.172385	-0.128945
0	136.047	0	136.757	0	-0.0459106	-0.0136047	-0.0323058	-0.0459106	0	-1.78748	0	0	0	-0.109335	0.0536245	-0.162959	-0.109335
0	136.017	0	-2472.92	0	-0.0461797	-0.0136017	-0.032578	-0.0461797	0	-1.78642	0	0	0	-0.098677	0.0535926	-0.15227	-0.098677
0	134.796	0	-7855.09	0	-0.0464621	-0.0134796	-0.0329825	-0.0464621	0	-2.55798	0	0	0	-0.0573771	0.0767395	-0.134117	-0.0573771
0	145.782	0	-2396.31	0	-0.0478364	-0.0145782	-0.0332582	-0.0478364	0	-2.75806	0	0	0	-0.0357237	0.0827417	-0.118465	-0.0357237
0	153.046	0	-7783.26	0	-0.0487085	-0.0153046	-0.033404	-0.0487085	0	-2.89534	0	0	0	-0.0233309	0.0868602	-0.110191	-0.0233309
0	157.928	0	-5341.18	0	-0.0495053	-0.0157928	-0.0337125	-0.0495053	0	-3.23589	0	0	0	0.00482277	0.0970768	-0.092254	0.00482277
0	165.253	0	-2434.62	0	-0.0505597	-0.0165253	-0.0340344	-0.0505597	0	-3.29443	0	0	0	0.0261984	0.0988328	-0.0726343	0.0261984
0	170.074	0	-5556.65	0	-0.0513747	-0.0170074	-0.0343672	-0.0513747	0	-3.13798	0	0	0	0.0410898	0.0941395	-0.0530498	0.0410898
0	174.896	0	-6581.37	0	-0.0522007	-0.0174896	-0.034711	-0.0522007	0	-3.42639	0	0	0	0.0688859	0.102792	-0.0339058	0.0688859
0	180.969	0	-2099.43	0	-0.0533388	-0.0180969	-0.0352419	-0.0533388	0	-2.7091	0	0	0	0.0765989	0.0812731	-0.00467419	0.0765989
0	173.737	0	-2827.26	0	-0.0529738	-0.0173737	-0.0356002	-0.0529738	0	-2.76338	0	0	0	0.0942838	0.0829013	0.0113825	0.0942838
0	166.412	0	-4814.45	0	-0.0525852	-0.0166412	-0.035944	-0.0525852	0	-2.88576	0	0	0	0.114957	0.0865729	0.0283842	0.114957
0	156.738	0	-4598.97	0	-0.0519445	-0.0156738	-0.0362707	-0.0519445	0	-2.37706	0	0	0	0.11635	0.0713119	0.0450379	0.11635
0	145.752	0	-3574.26	0	-0.0511533	-0.0145752	-0.0365781	-0.0511533	0	-2.13868	0	0	0	0.12295	0.0641603	0.0587894	0.12295
0	129.944	0	-4115.35	0	-0.0498555	-0.0129944	-0.0368611	-0.0498555	0	-1.99926	0	0	0	0.131481	0.0599779	0.0715034	0.131481
0	119.019	0	-5628.48	0	-0.0490156	-0.0119019	-0.0371137	-0.0490156	0	-1.45332	0	0	0	0.126428	0.0435995	0.0828285	0.126428
0	113.007	0	-5389.06	0	-0.0485334	-0.0113007	-0.0372328	-0.0485334	0	-1.13831	0	0	0	0.121338	0.0341492	0.0871884	0.121338
0	103.241	0	-2808.11	0	-0.0477743	-0.0103241	-0.0374502	-0.0477743	0	-0.607258	0	0	0	0.111415	0.0182177	0.0931978	0.111415
0	95.9473	0	-3181.61	0	-0.0472478	-0.00959473	-0.0376531	-0.0472478	0	-0.169861	0	0	0	0.101254	0.00509583	0.0961581	0.101254
0	92.3157	0	-4589.4	0	-0.0470741	-0.00923157	-0.0378426	-0.0470741	0	0.338839	0	0	0	0.0862873	-0.0101652	0.0964525	0.0862873
0	88.6841	0	-4191.96	0	-0.046892	-0.00886841	-0.0380236	-0.046892	0	0.654914	0	0	0	0.0742006	-0.0196474	0.093848	0.0742006
0	82.5806	0	-4493.63	0	-0.0465416	-0.00825806	-0.0382835	-0.0465416	0	1.45521	0	0	0	0.0419029	-0.0436563	0.0855593	0.0419029
0	82.6111	0	-4484.05	0	-0.0467086	-0.00826111	-0.0384475	-0.0467086	0	1.49778	0	0	0	0.0317158	-0.0449334	0.0766492	0.0317158
0	80.1697	0	-7127.25	0	-0.0466248	-0.00801697	-0.0386079	-0.0466248	0	1.98839	0	0	0	0.00755434	-0.0596516	0.067206	0.00755434
0	81.3904	0	-3516.8	0	-0.0469084	-0.00813904	-0.0387694	-0.0469084	0	2.50028	0	0	0	-0.0207895	-0.0750084	0.0542189	-0.0207895
0	86.2122	0	-3626.93	0	-0.0475583	-0.00862121	-0.038937	-0.0475583	0	2.58755	0	0	0	-0.0385018	-0.0776264	0.0391246	-0.0385018
0	191.956	0	-3693.97	0	-0.0583075	-0.0191956	-0.0391119	-0.0583075	0	2.73441	0	0	0	-0.0586788	-0.0820323	0.0233535	-0.0586788
0	91.1255	0	-2836.84	0	-0.0484043	-0.00911255	-0.0392917	-0.0484043	0	2.53966	0	0	0	-0.069182	-0.0761897	0.00700768	-0.069182
0	89.9048	0	-3761	0	-0.0484632	-0.00899048	-0.0394727	-0.0484632	0	1.83195	0	0	0	-0.0621893	-0.0549584	-0.00723095	-0.0621893
0	89.9048	0	-3851.98	0	-0.0486418	-0.00899048	-0.0396513	-0.0486418	0	1.41264	0	0	0	-0.0597909	-0.0423793	-0.0174117	-0.0597909
0	88.6841	0	-3708.33	0	-0.0487007	-0.00886841	-0.0398323	-0.0487007	0	1.13062	0	0	0	-0.059455	-0.0339187	-0.0255363	-0.059455
