0	0	0	-15.2271	0	0	0	0	0	0	0.00128771	0	2.12845	0	-5.15085e-05	-5.15085e-05	0	-5.15085e-05
0.48	0	480	80.5409	0.0107556	0.000117	0.0001152	1.8e-06	0.0108726	0	-0.00616186	0	1.06422	0	0.00026429	0.000246475	1.78151e-05	0.00026429
1.92	1.21403	960	123.637	0.0216889	0.000194633	0.000169433	2.52e-05	0.0218835	0	-0.0359602	0	-23.413	0	0.00151235	0.00143841	7.39424e-05	0.00151235
4.32	-1.21403	1440	1766.06	0.0328	0.00139073	0.00132817	6.25649e-05	0.0341907	0	-0.415889	0	-206.46	0	0.0174457	0.0166355	0.00081011	0.0174457
7.68	1.21403	1920	-436.607	0.0440889	0.00176738	0.00155183	0.000215551	0.0458563	0	-0.361613	0	77.6884	0	0.0178402	0.0144645	0.00337568	0.0178402
12	0	2400	-168.456	0.0555556	0.00330191	0.00288	0.000421905	0.0588575	0	-0.276475	0	38.3121	0	0.0164639	0.011059	0.00540488	0.0164639
17.28	1.21403	2880	-43.9576	0.0672	0.00465731	0.00385583	0.00080148	0.0718573	0	-0.230713	0	20.2202	0	0.0162156	0.00922854	0.00698711	0.0162156
23.52	1.21498	3360	80.5409	0.0790222	0.00668165	0.00535321	0.00132845	0.0857039	0	-0.161539	0	37.2479	0	0.0147372	0.00646155	0.00827561	0.0147372
30.72	2.42996	3840	27.8685	0.0910222	0.00883941	0.00678961	0.0020498	0.0998616	0	-0.0859788	0	34.0552	0	0.0125595	0.00343915	0.00912033	0.0125595
38.88	9.71746	4320	3614.38	0.1032	0.00990226	0.00699901	0.00290325	0.113102	0	-0.287117	0	-142.606	0	0.0212965	0.0114847	0.0098118	0.0212965
48	13.3619	4800	6037.31	0.115556	0.0121214	0.00831314	0.00380827	0.127677	0	0.0651412	0	264.992	0	0.00866705	-0.00260565	0.0112727	0.00866705
58.08	18.2209	5280	4787.54	0.128089	0.0145101	0.00956619	0.00494395	0.142599	0	0.50573	0	155.377	0	-0.010203	-0.0202292	0.0100262	-0.010203
69.12	27.9398	5760	7674.95	0.1408	0.0159947	0.00988325	0.00611141	0.156795	0	0.312041	0	-160.698	0	-0.00539085	-0.0124817	0.00709081	-0.00539085
81.12	41.2998	6240	8105.91	0.153689	0.0168826	0.00955685	0.00732572	0.170571	0	-0.0338317	0	-150.056	0	0.00715928	0.00135327	0.00580601	0.00715928
94.08	55.8777	6720	-843.621	0.166756	0.0176932	0.00916856	0.00852461	0.184449	0	-0.164731	0	-85.138	0	0.0127355	0.00658926	0.00614628	0.0127355
108	87.4591	7200	1957.6	0.18	0.0145209	0.00492983	0.00959107	0.194521	0	-0.479742	0	-104.294	0	0.0269565	0.0191897	0.00776682	0.0269565
122.88	139.693	7680	952.03	0.193422	0.00589927	-0.00403518	0.00993444	0.199322	0	-0.443558	0	40.4406	0	0.0284004	0.0177423	0.010658	0.0284004
138.72	197.999	8160	-1830.03	0.207022	-0.00509909	-0.0142271	0.00912798	0.201923	0	-0.427595	0	8.51381	0	0.0304008	0.0171038	0.013297	0.0304008
147	227.152	8400	4864.16	0.213889	-0.0109978	-0.0192366	0.00823879	0.202891	0	-0.424402	0	3.19263	0	0.0315559	0.0169761	0.0145798	0.0315559
164.28	270.883	8880	11730.7	0.227755	-0.0199871	-0.0255846	0.00559758	0.207768	0	-0.943744	0	-340.552	0	0.0554124	0.0377498	0.0176626	0.0554124
182.25	285.459	9000	12362.8	0.23375	-0.0223818	-0.0247701	0.00238827	0.211368	0	-1.18532	0	46.8259	0	0.0716032	0.0474129	0.0241903	0.0716032
200.25	296.391	9000	8450.67	0.237083	-0.0237017	-0.023074	-0.000627669	0.213382	0	-0.628734	0	267.121	0	0.0555832	0.0251493	0.0304338	0.0555832
218.25	317.042	9000	1339.89	0.240417	-0.0271965	-0.0237102	-0.00348625	0.21322	0	-0.591486	0	-42.569	0	0.0576262	0.0236594	0.0339668	0.0576262
236.25	347.41	9000	2082.09	0.24375	-0.0331939	-0.0266785	-0.00651546	0.210556	0	-0.626605	0	-26.6057	0	0.0626054	0.0250642	0.0375412	0.0626054
254.25	376.564	9000	114.06	0.247083	-0.039599	-0.0293553	-0.0102437	0.207484	0	-0.704294	0	-38.3121	0	0.0695907	0.0281717	0.041419	0.0695907
272.25	433.656	9000	3987.88	0.250417	-0.0530075	-0.0387374	-0.01427	0.197409	0	-0.984185	0	-167.083	0	0.0853506	0.0393674	0.0459832	0.0853506
290.25	464.024	9000	8900.78	0.25375	-0.0609381	-0.0417058	-0.0192323	0.192812	0	-1.68657	0	-405.47	0	0.120242	0.0674629	0.052779	0.120242
308.25	484.673	9000	9499.33	0.257083	-0.0667616	-0.0423417	-0.0244198	0.190322	0	-2.17399	0	-206.46	0	0.150701	0.0869595	0.0637414	0.150701
326.25	502.894	9000	2872.18	0.260417	-0.0720999	-0.0423947	-0.0297051	0.188317	0	-2.34639	0	-21.2846	0	0.171094	0.0938557	0.0772386	0.171094
344.25	521.115	9000	1924.08	0.26375	-0.07739	-0.0424476	-0.0349423	0.18636	0	-2.03457	0	185.175	0	0.17232	0.081383	0.0909371	0.17232
362.25	553.913	9000	-2045.51	0.267083	-0.0863494	-0.0459992	-0.0403502	0.180734	0	-1.96221	0	-26.6056	0	0.181336	0.0784883	0.102848	0.181336
380.25	590.355	9000	-532.375	0.270417	-0.0967365	-0.0504252	-0.0463113	0.17368	0	-2.13568	0	-62.7894	0	0.20038	0.0854271	0.114953	0.20038
398.25	617.078	9000	3590.44	0.27375	-0.10529	-0.0525189	-0.052771	0.16846	0	-1.68977	0	409.727	0	0.195249	0.0675906	0.127658	0.195249
416.25	619.508	9000	11591.9	0.277083	-0.108129	-0.0487821	-0.0593466	0.168955	0	1.21238	0	1846.43	0	0.0861348	-0.048495	0.13463	0.0861348
434.25	590.355	9000	11472.2	0.280417	-0.102574	-0.0374652	-0.0651089	0.177842	0	3.95063	0	1088.7	0	-0.0356182	-0.158025	0.122407	-0.0356182
452.25	555.127	9000	10035.6	0.28375	-0.0940561	-0.0246906	-0.0693655	0.189694	0	5.21706	0	473.58	0	-0.112358	-0.208682	0.0963246	-0.112358
470.25	541.766	9000	9322.16	0.285417	-0.0902326	-0.0193239	-0.0709087	0.195184	0	5.21067	0	-6.38533	0	-0.127753	-0.208427	0.0806735	-0.127753
488.25	512.613	9000	-1595.4	0.290417	-0.079318	-0.00584708	-0.0734709	0.211099	0	4.61045	0	-171.34	0	-0.148655	-0.184418	0.0357633	-0.148655
506.25	522.33	9000	1703.81	0.29375	-0.0779261	-0.00385932	-0.0740668	0.215824	0	4.57746	0	59.5965	0	-0.17472	-0.183098	0.00837836	-0.17472
524.25	547.839	9000	-4645.61	0.297083	-0.0802579	-0.00566142	-0.0745964	0.216825	0	4.56681	0	-2.12765	0	-0.201733	-0.182673	-0.0190608	-0.201733
542.25	573.349	9000	6109.14	0.300417	-0.0827786	-0.00746369	-0.0753149	0.217638	0	4.49445	0	-123.45	0	-0.226393	-0.179778	-0.046615	-0.226393
560.25	576.992	9000	21101.6	0.30375	-0.0802404	-0.00401821	-0.0762222	0.22351	0	2.63844	0	-1355.82	0	-0.177619	-0.105538	-0.0720811	-0.177619
578.25	552.699	9000	12559.1	0.307083	-0.070275	0.00613222	-0.0764072	0.236808	0	0.386537	0	-889.692	0	-0.0992866	-0.0154615	-0.0838251	-0.0992866
596.25	542.98	9000	4629.52	0.310417	-0.0626117	0.0127847	-0.0753964	0.247805	0	-0.150896	0	-126.643	0	-0.0788761	0.00603586	-0.0849119	-0.0788761
623.25	564.846	9000	-29.5923	0.315417	-0.0587958	0.014017	-0.0728129	0.256621	0	-0.95013	0	-222.423	0	-0.0432436	0.0380052	-0.0812488	-0.0432436
641.25	606.146	9000	176.309	0.31875	-0.0628469	0.00842502	-0.0712719	0.255903	0	-1.18319	0	65.982	0	-0.0273231	0.0473278	-0.0746509	-0.0273231
659.25	662.023	9000	3121.18	0.322083	-0.0711867	-0.000665581	-0.0705211	0.250897	0	-0.579779	0	274.57	0	-0.045347	0.0231912	-0.0685382	-0.045347
677.25	727.618	9000	808.378	0.325417	-0.0830495	-0.0120882	-0.0709613	0.242367	0	-0.95013	0	-329.91	0	-0.026933	0.0380052	-0.0649382	-0.026933
695.25	764.06	9000	10169.7	0.32875	-0.0893253	-0.0165143	-0.072811	0.239425	0	-2.69546	0	-970.573	0	0.0509052	0.107818	-0.0569132	0.0509052
713.25	793.211	9000	18056.2	0.332083	-0.0942042	-0.0191906	-0.0750136	0.237879	0	-2.9828	0	424.626	0	0.0807075	0.119312	-0.0386045	0.0807075
731.25	766.49	9000	16619.7	0.335417	-0.0854798	-0.00845744	-0.0770224	0.249937	0	-1.56312	0	318.203	0	0.0385128	0.0625249	-0.0240121	0.0385128
749.25	750.697	9000	5572.84	0.33875	-0.0781461	-0.000347256	-0.0777988	0.260604	0	-2.89447	0	-718.352	0	0.102984	0.115779	-0.0127944	0.102984
767.25	755.555	9000	-1312.88	0.342083	-0.0749186	0.00280683	-0.0777255	0.267165	0	-2.83062	0	295.855	0	0.118493	0.113225	0.0052684	0.118493
785.25	781.067	9000	1938.44	0.345417	-0.0763632	0.00100402	-0.0773672	0.269054	0	-2.08991	0	288.405	0	0.104492	0.0835966	0.0208952	0.104492
803.25	823.58	9000	-1930.59	0.34875	-0.0823501	-0.00487906	-0.0774711	0.2664	0	-2.0516	0	37.2479	0	0.115496	0.0820641	0.0334315	0.115496
821.25	864.88	9000	3058.93	0.352083	-0.0887634	-0.0104712	-0.0782922	0.26332	0	-2.49113	0	-390.57	0	0.145533	0.0996451	0.045888	0.145533
839.25	886.746	9000	15518.4	0.355417	-0.091102	-0.011399	-0.079703	0.264315	0	-4.30989	0	-1109.99	0	0.235357	0.172396	0.0629611	0.235357
857.25	902.537	9000	8168.15	0.35875	-0.0919528	-0.0108688	-0.0810839	0.266797	0	-5.23789	0	-38.3124	0	0.301005	0.209516	0.0914895	0.301005
875.25	924.404	9000	4754.02	0.362083	-0.0942866	-0.0117969	-0.0824898	0.267797	0	-3.34357	0	1005.69	0	0.253994	0.133743	0.120251	0.253994
893.251	953.555	9000	-403.088	0.365417	-0.09843	-0.0144731	-0.0839569	0.266987	0	-2.70717	0	83.0095	0	0.246939	0.108287	0.138652	0.246939
911.251	963.275	9000	5754.8	0.36875	-0.0984448	-0.0124858	-0.085959	0.270305	0	-1.71424	0	756.664	0	0.222756	0.0685697	0.154186	0.222756
929.251	991.214	9000	7105.13	0.372083	-0.102511	-0.0148712	-0.0876398	0.269572	0	0.421657	0	897.142	0	0.143889	-0.0168663	0.160756	0.143889
947.251	1003.36	9000	6664.6	0.375417	-0.102903	-0.0134662	-0.0894366	0.272514	0	-0.167924	0	-595.966	0	0.164923	0.00671696	0.158206	0.164923
965.251	1011.86	9000	4045.34	0.37875	-0.102299	-0.0111864	-0.0911124	0.276451	0	0.148151	0	461.874	0	0.153725	-0.00592603	0.159651	0.153725
983.251	1050.73	9000	310.384	0.382083	-0.108808	-0.0161959	-0.0926126	0.273275	0	0.838833	0	257.542	0	0.12391	-0.0335533	0.157463	0.12391
1001.25	1098.1	9000	-436.607	0.385417	-0.118075	-0.0232449	-0.0948301	0.267342	0	1.05593	0	91.5234	0	0.109816	-0.0422374	0.152053	0.109816
1019.25	1150.34	9000	1344.68	0.38875	-0.129463	-0.0314612	-0.0980016	0.259287	0	0.68452	0	-310.754	0	0.118519	-0.0273808	0.1459	0.118519
1037.2	1197.72	8839.98	2987.1	0.388518	-0.14067	-0.0385244	-0.102146	0.247848	0	0.146022	0	-181.982	0	0.137021	-0.00584089	0.142862	0.137021
1054.4	1201.36	8359.98	13612.6	0.381036	-0.142047	-0.0352716	-0.106776	0.238989	0	1.22728	0	618.315	0	0.0915062	-0.049091	0.140597	0.0915062
1070.64	1175.85	7879.98	11443.4	0.373377	-0.136111	-0.025251	-0.11086	0.237265	0	1.39755	0	117.065	0	0.0771719	-0.055902	0.133074	0.0771719
1085.92	1152.77	7399.98	5338.21	0.36554	-0.129745	-0.0160453	-0.1137	0.235795	0	2.04034	0	319.268	0	0.0421043	-0.0816137	0.123718	0.0421043
1100.24	1144.27	6919.98	2474.74	0.357525	-0.126036	-0.0105674	-0.115469	0.231489	0	2.23403	0	27.6697	0	0.0216166	-0.0893613	0.110978	0.0216166
1113.6	1141.84	6439.98	420.518	0.349332	-0.123502	-0.00677777	-0.116724	0.22583	0	2.36706	0	128.771	0	0.00287855	-0.0946824	0.097561	0.00287855
1126	1168.56	5959.98	1033.43	0.340962	-0.127966	-0.0102159	-0.11775	0.212996	0	2.41601	0	11.7064	0	-0.0133937	-0.0966406	0.0832469	-0.0133937
1137.44	1156.41	5479.97	11836.1	0.332414	-0.123439	-0.0045544	-0.118885	0.208975	0	4.13474	0	1235.57	0	-0.0980882	-0.16539	0.0673013	-0.0980882
1147.92	1101.75	4999.97	16686.7	0.323688	-0.10793	0.0110794	-0.119009	0.215758	0	4.23265	0	-835.417	0	-0.129613	-0.169306	0.0396929	-0.129613
1157.44	1050.73	4519.97	3628.75	0.314784	-0.0915047	0.0256089	-0.117114	0.223279	0	2.6842	0	-330.974	0	-0.0894185	-0.107368	0.0179494	-0.0894185
1166	1016.72	4039.97	1014.28	0.305703	-0.0776013	0.0358261	-0.113427	0.228101	0	3.44512	0	371.414	0	-0.137129	-0.137805	0.000675715	-0.137129
1173.6	1013.07	3559.97	1837.89	0.296443	-0.0702557	0.0385253	-0.108781	0.226188	0	3.61008	0	109.615	0	-0.164564	-0.144403	-0.020161	-0.164564
1180.24	1017.94	3079.97	-2629.7	0.287006	-0.0650164	0.0389521	-0.103968	0.22199	0	3.72714	0	-57.4679	0	-0.191431	-0.149086	-0.0423451	-0.191431
1185.92	1021.58	2599.97	10777.8	0.277391	-0.0596696	0.03944	-0.0991097	0.217722	0	2.12761	0	-972.702	0	-0.147932	-0.0851044	-0.0628274	-0.147932
1190.64	1010.65	2119.97	8019.71	0.267599	-0.050982	0.0431967	-0.0941788	0.216617	0	0.920778	0	-291.598	0	-0.109679	-0.0368311	-0.0728474	-0.109679
1194.4	1004.58	1639.97	5644.67	0.257628	-0.043229	0.0455566	-0.0887856	0.214399	0	2.07759	0	675.783	0	-0.162919	-0.0831036	-0.0798151	-0.162919
1197.2	982.702	1159.97	14407.4	0.24748	-0.0313708	0.0514787	-0.0828495	0.216109	0	0.411014	0	-1456.92	0	-0.108092	-0.0164406	-0.0916517	-0.108092
1199.04	924.408	679.965	9164.14	0.237154	-0.0104034	0.0659109	-0.0763143	0.226751	0	-2.62735	0	-1102.54	0	0.0167836	0.105094	-0.0883103	0.0167836
1199.92	911.037	199.964	-1394.29	0.22665	0.0012641	0.069331	-0.0680669	0.227915	0	-2.01542	0	509.764	0	0.007764	0.0806168	-0.0728528	0.007764
1200	897.682	0	1186.66	0.222222	0.0133027	0.0725563	-0.0592536	0.235525	0	-1.74298	0	-32.9908	0	0.00804256	0.0697191	-0.0616765	0.00804256
1200	902.538	0	2862.6	0.222222	0.0211703	0.0713908	-0.0502205	0.243393	0	-2.28041	0	-232.001	0	0.0409141	0.0912164	-0.0503024	0.0409141
1200	895.252	0	7651.01	0.222222	0.0318976	0.0731395	-0.0412419	0.25412	0	-2.74228	0	-245.836	0	0.0737196	0.109691	-0.0359718	0.0737196
1200	894.028	0	7627.06	0.222222	0.0413339	0.0734334	-0.0320994	0.263556	0	-2.95726	0	9.57823	0	0.0994459	0.11829	-0.0188444	0.0994459
1200	894.035	0	2536.99	0.222222	0.0504564	0.0734315	-0.0229751	0.272679	0	-2.78166	0	108.551	0	0.109964	0.111266	-0.00130201	0.109964
1200	924.404	0	554.593	0.222222	0.0521829	0.066143	-0.0139601	0.274405	0	-2.74654	0	-4.25696	0	0.125131	0.109862	0.0152698	0.125131
1200	963.276	0	-2639.27	0.222222	0.05083	0.0568138	-0.00598375	0.273052	0	-3.07432	0	-201.138	0	0.155102	0.122973	0.032129	0.155102
1200	1007.01	0	3283.98	0.222222	0.0471438	0.0463173	0.000826554	0.269366	0	-3.40849	0	-148.992	0	0.18747	0.13634	0.0511305	0.18747
1200	1026.44	0	18209.4	0.222222	0.0480348	0.0416554	0.00637943	0.270257	0	-0.869249	0	1882.61	0	0.104381	0.0347699	0.0696115	0.104381
1200	1034.94	0	13133.7	0.222222	0.0513641	0.0396138	0.0117504	0.273586	0	1.21557	0	468.259	0	0.0213546	-0.0486227	0.0699773	0.0213546
1200	993.645	0	2742.89	0.222222	0.0671566	0.0495253	0.0176313	0.289379	0	1.68383	0	288.405	0	-0.00520875	-0.0673531	0.0621444	-0.00520875
1200	1024.01	0	1210.6	0.222222	0.0658047	0.0422377	0.023567	0.288027	0	1.76364	0	-26.6056	0	-0.0188237	-0.0705458	0.0517221	-0.0188237
1200	1073.81	0	-6455.63	0.222222	0.0587495	0.0302855	0.028464	0.280972	0	1.72001	0	63.8536	0	-0.0273377	-0.0688005	0.0414627	-0.0273377
1200	1143.05	0	2699.8	0.222222	0.0453889	0.0136677	0.0317212	0.267611	0	1.97223	0	120.257	0	-0.0481425	-0.0788893	0.0307468	-0.0481425
1200	1228.08	0	-4037.49	0.222222	0.0259424	-0.00674027	0.0326826	0.248165	0	2.02864	0	71.3032	0	-0.0621874	-0.0811455	0.0189581	-0.0621874
1200	1287.6	0	3480.31	0.222222	0.0103976	-0.0210234	0.031421	0.23262	0	2.28512	0	174.533	0	-0.0848642	-0.0914046	0.00654041	-0.0848642
1200	1304.6	0	19622	0.222222	0.00337828	-0.0251048	0.0284831	0.225601	0	1.02507	0	-1177.03	0	-0.0479241	-0.0410029	-0.00692125	-0.0479241
1200	1260.88	0	21652.3	0.222222	0.0109889	-0.0146111	0.0255999	0.233211	0	-1.72808	0	-867.344	0	0.0617089	0.0691231	-0.00741427	0.0617089
1200	1205.01	0	2785.99	0.222222	0.0231188	-0.00120135	0.0243202	0.245341	0	-0.158346	0	983.344	0	0.00752888	0.00633384	0.00119504	0.00752888
1200	1172.21	0	4572.06	0.222222	0.0311502	0.00667037	0.0244798	0.253372	0	-0.227521	0	-336.295	0	0.0104446	0.00910083	0.00134375	0.0104446
1200	1153.98	0	1545.79	0.222222	0.0365033	0.0110438	0.0254595	0.258725	0	-0.797945	0	-141.542	0	0.0359133	0.0319178	0.00399553	0.0359133
1200	1151.56	0	2326.3	0.222222	0.0377758	0.0116261	0.0261497	0.259998	0	-0.636183	0	161.762	0	0.0318367	0.0254473	0.00638936	0.0318367
1200	1149.13	0	-168.456	0.222222	0.0398648	0.0122093	0.0276555	0.262087	0	-0.238163	0	89.3949	0	0.0202974	0.00952652	0.0107709	0.0202974
1200	1198.93	0	-2126.91	0.222222	0.0288192	0.00025708	0.0285622	0.251041	0	-0.611706	0	-329.91	0	0.036799	0.0244682	0.0123308	0.036799
1200	1211.07	0	9743.54	0.222222	0.0258088	-0.00265796	0.0284668	0.248031	0	-1.07252	0	-73.4314	0	0.0600638	0.0429006	0.0171631	0.0600638
1200	1181.93	0	23304.3	0.222222	0.032636	0.00433758	0.0282984	0.254858	0	0.770723	0	1106.79	0	-0.00944	-0.0308289	0.0213889	-0.00944
1200	1147.9	0	3820.28	0.222222	0.0416899	0.0125032	0.0291868	0.263912	0	1.26878	0	-125.579	0	-0.0358575	-0.0507512	0.0148937	-0.0358575
1200	1133.34	0	2345.46	0.222222	0.047058	0.0159987	0.0310593	0.26928	0	0.782429	0	-137.285	0	-0.022969	-0.0312972	0.00832818	-0.022969
1200	1158.84	0	-197.186	0.222222	0.0427554	0.00987838	0.0328771	0.264978	0	0.992081	0	88.3306	0	-0.0364136	-0.0396833	0.00326964	-0.0364136
1200	1188	0	-5770.89	0.222222	0.0368088	0.00287915	0.0339296	0.259031	0	0.978246	0	-2.12848	0	-0.0417776	-0.0391299	-0.00264773	-0.0417776
1200	1246.31	0	693.457	0.222222	0.0227569	-0.0111138	0.0338706	0.244979	0	1.22621	0	19.156	0	-0.0582521	-0.0490484	-0.00920363	-0.0582521
1200	1299.75	0	-1284.15	0.222222	0.00797636	-0.0239403	0.0319167	0.230199	0	1.26027	0	91.5233	0	-0.0667991	-0.0504106	-0.0163885	-0.0667991
1200	1345.91	0	3111.6	0.222222	-0.00653142	-0.0350181	0.0284867	0.215691	0	1.82324	0	120.257	0	-0.0982079	-0.0729297	-0.0252782	-0.0982079
1200	1350.77	0	14364.3	0.222222	-0.00988645	-0.0361845	0.0262981	0.212336	0	0.818613	0	-1004.63	0	-0.0634925	-0.0327445	-0.030748	-0.0634925
1200	1290.02	0	6746	0.222222	-0.00132704	-0.0216057	0.0202786	0.220895	0	-1.99733	0	-146.863	0	0.0541907	0.0798931	-0.0257024	0.0541907
1200	1260.89	0	3623.96	0.222222	0.0032199	-0.0146129	0.0178328	0.225442	0	-1.63762	0	95.7803	0	0.0509946	0.0655048	-0.0145102	0.0509946
1200	1230.52	0	-393.511	0.222222	0.00899087	-0.00732533	0.0163162	0.231213	0	-1.31303	0	228.808	0	0.0475494	0.0525212	-0.00497181	0.0475494
1200	1226.86	0	2465.17	0.222222	0.00899073	-0.00644643	0.0154372	0.231213	0	-1.12679	0	5.32114	0	0.0474353	0.0450716	0.00236362	0.0474353
1200	1231.74	0	3006.26	0.222222	0.00697828	-0.00761645	0.0145947	0.2292	0	-1.22257	0	-69.1746	0	0.058107	0.0489029	0.00920418	0.058107
1200	1237.82	0	3719.73	0.222222	0.0045672	-0.00907582	0.013643	0.226789	0	-1.32687	0	2.12848	0	0.0699335	0.0530746	0.0168589	0.0699335
1200	1217.14	0	3935.21	0.222222	0.00837694	-0.00411363	0.0124906	0.230599	0	-0.332879	0	604.48	0	0.0369667	0.0133152	0.0236516	0.0369667
1200	1202.58	0	5606.36	0.222222	0.0114127	-0.000618164	0.0120308	0.233635	0	0.741988	0	394.828	0	-0.00607083	-0.0296795	0.0236087	-0.00607083
1200	1185.58	0	2757.26	0.222222	0.0155608	0.00346143	0.0120994	0.237783	0	0.78775	0	-57.4681	0	-0.0126629	-0.03151	0.0188471	-0.0126629
1200	1186.8	0	961.607	0.222222	0.0157737	0.00316846	0.0126053	0.237996	0	0.422721	0	-197.946	0	-0.002287	-0.0169088	0.0146218	-0.002287
1200	1208.63	0	339.115	0.222222	0.0107313	-0.00207202	0.0128033	0.232954	0	0.619603	0	196.882	0	-0.0114304	-0.0247841	0.0133537	-0.0114304
1200	1241.44	0	961.607	0.222222	0.00252339	-0.00994556	0.0124689	0.224746	0	0.678135	0	-55.3397	0	-0.0199675	-0.0271254	0.00715787	-0.0199675
1200	1274.25	0	3815.5	0.222222	-0.00686847	-0.0178209	0.0109525	0.215354	0	0.640887	0	-79.8169	0	-0.0226741	-0.0256355	0.00296135	-0.0226741
1200	1287.61	0	12013.2	0.222222	-0.0125389	-0.0210271	0.00848818	0.209683	0	-0.380769	0	-475.709	0	0.0159846	0.0152308	0.000753872	0.0159846
1200	1271.81	0	2058.15	0.222222	-0.0112109	-0.017235	0.00602402	0.211011	0	0.189656	0	285.212	0	-0.00540337	-0.00758622	0.00218285	-0.00540337
1200	1254.81	0	1105.26	0.222222	-0.00919293	-0.0131536	0.00396063	0.213029	0	0.23116	0	-27.6699	0	-0.00840902	-0.00924641	0.000837393	-0.00840902
1200	1256.02	0	-91.8416	0.222222	-0.011201	-0.0134447	0.00224365	0.211021	0	0.124738	0	-25.5414	0	-0.00529644	-0.00498951	-0.000306926	-0.00529644
1200	1263.31	0	726.975	0.222222	-0.0146668	-0.0151934	0.000526556	0.207555	0	0.0832331	0	-45.7617	0	-0.00439745	-0.00332932	-0.00106812	-0.00439745
1200	1274.25	0	2273.63	0.222222	-0.0192846	-0.0178209	-0.00146371	0.202938	0	-0.0168041	0	-87.2665	0	-0.000857045	0.000672165	-0.00152921	-0.000857045
1200	1269.39	0	5908.03	0.222222	-0.0192302	-0.0166527	-0.00257752	0.202992	0	-0.271154	0	-254.35	0	0.00936736	0.0108462	-0.0014788	0.00936736
1200	1254.81	0	6401.23	0.222222	-0.0177779	-0.0131554	-0.00462248	0.204444	0	-1.32261	0	-545.947	0	0.054569	0.0529043	0.00166465	0.054569
1200	1243.89	0	1445.24	0.222222	-0.0169275	-0.0105333	-0.00639417	0.205295	0	-0.123227	0	752.407	0	0.0131884	0.00492907	0.00825937	0.0131884
1200	1251.17	0	717.399	0.222222	-0.0200999	-0.0122801	-0.00781978	0.202122	0	-0.0455382	0	-102.166	0	0.0102807	0.00182153	0.00845917	0.0102807
1200	1246.29	0	1234.55	0.222222	-0.0204649	-0.0111101	-0.0093548	0.201757	0	0.0576916	0	110.679	0	0.00644708	-0.00230767	0.00875475	0.00644708
1200	1242.65	0	5419.61	0.222222	-0.0209623	-0.0102367	-0.0107256	0.20126	0	-0.39354	0	-332.038	0	0.0245078	0.0157416	0.00876618	0.0245078
1200	1231.73	0	3221.73	0.222222	-0.0194196	-0.00761461	-0.011805	0.202803	0	0.411014	0	549.14	0	-0.0060794	-0.0164406	0.0103612	-0.0060794
1200	1228.08	0	2709.37	0.222222	-0.019478	-0.00673939	-0.0127387	0.202744	0	0.765401	0	57.4681	0	-0.0236117	-0.0306161	0.00700433	-0.0236117
1200	1232.95	0	-972.908	0.222222	-0.0214703	-0.00790758	-0.0135628	0.200752	0	0.617474	0	-52.1471	0	-0.0219997	-0.024699	0.00269926	-0.0219997
1200	1258.45	0	-5723	0.222222	-0.028762	-0.0140288	-0.0147332	0.19346	0	0.58874	0	-12.7707	0	-0.0245073	-0.0235496	-0.00095769	-0.0245073
1200	1276.68	0	2177.86	0.222222	-0.0351451	-0.0184032	-0.0167419	0.187077	0	0.29395	0	-263.928	0	-0.0161555	-0.011758	-0.00439754	-0.0161555
1200	1300.97	0	3288.77	0.222222	-0.0435121	-0.0242333	-0.0192788	0.17871	0	-0.54466	0	-429.947	0	0.0168511	0.0217864	-0.00493525	0.0168511
1200	1302.2	0	-364.781	0.222222	-0.0468905	-0.024528	-0.0223624	0.175332	0	-0.718129	0	89.3949	0	0.0278464	0.0287251	-0.000878703	0.0278464
1200	1302.18	0	2967.95	0.222222	-0.048418	-0.0245225	-0.0238954	0.173804	0	-0.427595	0	290.534	0	0.0183795	0.0171038	0.00127568	0.0183795
1200	1286.38	0	952.03	0.222222	-0.0490783	-0.0207305	-0.0283479	0.173144	0	-0.36587	0	-148.992	0	0.0182742	0.0146348	0.00363944	0.0182742
1200	1274.23	0	2944.01	0.222222	-0.0486275	-0.0178154	-0.030812	0.173595	0	-0.0178683	0	158.57	0	0.0059811	0.000714734	0.00526637	0.0059811
1200	1270.59	0	1684.66	0.222222	-0.0499084	-0.016942	-0.0329664	0.172314	0	-0.2222	0	-111.744	0	0.0145393	0.00888798	0.00565134	0.0145393
1200	1264.51	0	923.3	0.222222	-0.0504939	-0.0154827	-0.0350112	0.171728	0	-0.54466	0	-151.12	0	0.029285	0.0217864	0.00749856	0.029285
1200	1268.17	0	-302.531	0.222222	-0.0532903	-0.0163616	-0.0369287	0.168932	0	-0.454201	0	77.6885	0	0.0288962	0.018168	0.0107282	0.0288962
1200	1268.17	0	133.213	0.222222	-0.0554611	-0.0163597	-0.0391014	0.166761	0	-0.279668	0	80.8811	0	0.0243592	0.0111867	0.0131725	0.0243592
1200	1271.82	0	880.204	0.222222	-0.0584925	-0.0172368	-0.0412557	0.16373	0	-0.263704	0	-31.9268	0	0.025255	0.0105482	0.0147068	0.025255
1200	1259.68	0	-307.32	0.222222	-0.057606	-0.0143236	-0.0432824	0.164616	0	-0.134933	0	83.0096	0	0.0215491	0.00539732	0.0161517	0.0215491
1200	1252.38	0	2972.74	0.222222	-0.0575527	-0.0125713	-0.0449814	0.164669	0	0.0853615	0	318.203	0	0.0138406	-0.00341446	0.0172551	0.0138406
1200	1243.87	0	851.474	0.222222	-0.0573194	-0.0105296	-0.0467897	0.164903	0	0.38973	0	-4.25693	0	0.000227818	-0.0155892	0.015817	0.000227818
1200	1259.67	0	190.674	0.222222	-0.062517	-0.01432	-0.048197	0.159705	0	0.244995	0	-40.4406	0	0.0039917	-0.00979981	0.0137915	0.0039917
1200	1275.47	0	-10.4387	0.222222	-0.0682101	-0.0181139	-0.0500962	0.154012	0	0.180078	0	-40.4406	0	0.00519187	-0.0072031	0.012395	0.00519187
1200	1290.04	0	540.228	0.222222	-0.0740605	-0.0216094	-0.0524511	0.148162	0	0.189656	0	40.4406	0	0.00382088	-0.00758622	0.0114071	0.00382088
1200	1300.96	0	382.21	0.222222	-0.0794383	-0.0242314	-0.0552069	0.142784	0	0.360996	0	11.7065	0	-0.00464957	-0.0144398	0.00979026	-0.00464957
1200	1288.8	0	-5866.66	0.222222	-0.0795851	-0.0213127	-0.0582724	0.142637	0	0.227968	0	-157.505	0	-0.00156785	-0.00911871	0.00755086	-0.00156785
1200	1287.61	0	2201.8	0.222222	-0.0819821	-0.0210271	-0.060955	0.14024	0	0.124738	0	-24.4772	0	0.0014298	-0.00498951	0.00641931	0.0014298
1200	1280.32	0	-613.778	0.222222	-0.0828234	-0.0192766	-0.0635468	0.139399	0	0.0289576	0	-93.6518	0	0.00451896	-0.0011583	0.00567727	0.00451896
1200	1268.16	0	386.999	0.222222	-0.0822413	-0.0163579	-0.0658834	0.139981	0	-0.233906	0	-121.322	0	0.0152844	0.00935624	0.00592815	0.0152844
1200	1262.08	0	2383.76	0.222222	-0.0827195	-0.0149004	-0.0678192	0.139503	0	-0.0168041	0	164.955	0	0.00784731	0.000672165	0.00717514	0.00784731
1200	1245.1	0	56.5989	0.222222	-0.0802695	-0.0108245	-0.069445	0.141953	0	0.139637	0	15.9634	0	0.00126905	-0.00558548	0.00685453	0.00126905
1200	1236.57	0	597.689	0.222222	-0.079648	-0.00877734	-0.0708707	0.142574	0	0.117288	0	22.3487	0	0.00145927	-0.00469153	0.0061508	0.00145927
1200	1228.09	0	-1159.66	0.222222	-0.0787459	-0.00674121	-0.0720047	0.143476	0	0.0672697	0	-109.615	0	0.0025775	-0.00269079	0.00526829	0.0025775
1200	1220.78	0	37.4453	0.222222	-0.0777978	-0.00498706	-0.0728107	0.144424	0	-0.302016	0	-64.9177	0	0.0178584	0.0120807	0.00577777	0.0178584
1200	1212.28	0	3.92649	0.222222	-0.0764001	-0.00294727	-0.0734529	0.145822	0	-0.204108	0	76.6242	0	0.0156903	0.00816431	0.00752602	0.0156903
1200	1211.07	0	746.129	0.222222	-0.0764614	-0.00265796	-0.0738034	0.145761	0	0.247124	0	162.826	0	-0.0019995	-0.00988495	0.00788545	-0.0019995
1200	1217.15	0	133.213	0.222222	-0.0782876	-0.00411548	-0.0741721	0.143935	0	0.156665	0	-46.8259	0	0.000267024	-0.00626658	0.00653361	0.000267024
1200	1226.87	0	-522.798	0.222222	-0.0812259	-0.00644824	-0.0747776	0.140996	0	0.0928111	0	-31.9268	0	0.00197696	-0.00371244	0.0056894	0.00197696
1200	1247.5	0	195.463	0.222222	-0.0870927	-0.0113994	-0.0756933	0.13513	0	0.167307	0	20.2203	0	-0.00172257	-0.00669227	0.00496971	-0.00172257
1200	1257.23	0	-6024.67	0.222222	-0.0908545	-0.0137358	-0.0771187	0.131368	0	0.124738	0	-20.2203	0	-0.000956601	-0.00498951	0.00403291	-0.000956601
1200	1258.42	0	-2174.8	0.222222	-0.0928574	-0.0140215	-0.0788359	0.129365	0	0.108774	0	-19.1561	0	-0.00107607	-0.00435098	0.00327491	-0.00107607
1200	1249.97	0	-369.569	0.222222	-0.0926911	-0.0119927	-0.0806984	0.129531	0	-0.0455382	0	-91.5234	0	0.00463216	0.00182153	0.00281063	0.00463216
1200	1247.53	0	-0.861918	0.222222	-0.0936766	-0.0114067	-0.0822699	0.128546	0	-0.0976852	0	8.5138	0	0.00717325	0.00390741	0.00326584	0.00717325
1200	1232.94	0	-192.398	0.222222	-0.0916193	-0.00790576	-0.0837136	0.130603	0	-0.100878	0	7.44957	0	0.00791899	0.00403512	0.00388388	0.00791899
1200	1232.94	0	3456.37	0.222222	-0.0926078	-0.00790576	-0.084702	0.129614	0	-0.096621	0	-62.7893	0	0.00815285	0.00386484	0.00428801	0.00815285
1200	1228.09	0	-518.01	0.222222	-0.0923584	-0.00674121	-0.0856172	0.129864	0	-0.251998	0	-78.7527	0	0.0151775	0.0100799	0.00509761	0.0151775
1200	1225.65	0	-570.682	0.222222	-0.0925969	-0.00615527	-0.0864416	0.129625	0	-0.196658	0	90.4591	0	0.0145813	0.00786633	0.00671495	0.0145813
1200	1222.02	0	-1121.35	0.222222	-0.0924585	-0.00528369	-0.0871748	0.129764	0	0.0885542	0	139.413	0	0.00391534	-0.00354217	0.0074575	0.00391534
1200	1214.72	0	463.613	0.222222	-0.0911861	-0.0035332	-0.0876529	0.131036	0	0.240738	0	50.0186	0	-0.00300985	-0.00962954	0.00661968	-0.00300985
1200	1202.58	0	-1901.86	0.222222	-0.0886216	-0.000618164	-0.0880034	0.133601	0	0.343968	0	85.138	0	-0.00863775	-0.0137587	0.00512097	-0.00863775
1200	1188	0	-1604.98	0.222222	-0.0852197	0.00287915	-0.0880988	0.137003	0	0.0332145	0	-280.955	0	0.00181798	-0.00132858	0.00314656	0.00181798
1200	1189.21	0	-494.067	0.222222	-0.0852035	0.00258984	-0.0877934	0.137019	0	0.147087	0	56.4039	0	-0.00310859	-0.00588346	0.00277487	-0.00310859
1200	1184.34	0	80.5409	0.222222	-0.0837482	0.00375806	-0.0875063	0.138474	0	0.267344	0	72.3673	0	-0.00894508	-0.0106938	0.00174868	-0.00894508
1200	1195.28	0	123.637	0.222222	-0.0860138	0.00113232	-0.0871462	0.136208	0	0.181142	0	-84.0738	0	-0.00709467	-0.00724567	0.000151001	-0.00709467
1200	1209.87	0	128.425	0.222222	-0.0894644	-0.00236865	-0.0870957	0.132758	0	0.130059	0	14.8991	0	-0.00594026	-0.00520236	-0.000737904	-0.00594026
1200	1225.65	0	310.384	0.222222	-0.0936563	-0.00615527	-0.087501	0.128566	0	0.19072	0	12.7707	0	-0.00929072	-0.00762879	-0.00166193	-0.00929072
1200	1242.66	0	-58.3228	0.222222	-0.0986183	-0.0102385	-0.0883798	0.123604	0	0.175821	0	-51.0828	0	-0.00994762	-0.00703283	-0.0029148	-0.00994762
1200	1239.01	0	-580.259	0.222222	-0.098932	-0.00936328	-0.0895688	0.12329	0	-0.176438	0	-211.781	0	0.00350923	0.00705752	-0.00354829	0.00350923
1200	1254.81	0	-173.244	0.222222	-0.103308	-0.0131536	-0.090154	0.118915	0	-0.221135	0	-44.6974	0	0.00582644	0.00884541	-0.00301898	0.00582644
1200	1229.29	0	-513.221	0.222222	-0.0986668	-0.00703052	-0.0916363	0.123555	0	-0.353099	0	-90.4592	0	0.0130473	0.014124	-0.00107665	0.0130473
1200	1220.79	0	-628.143	0.222222	-0.0974331	-0.00499072	-0.0924423	0.124789	0	-0.337136	0	32.991	0	0.0145785	0.0134854	0.00109303	0.0145785
1200	1196.5	0	-915.447	0.222222	-0.0921538	0.000839355	-0.0929932	0.130068	0	-0.213686	0	45.7617	0	0.0114302	0.00854743	0.00288278	0.0114302
1200	1200.15	0	1311.16	0.222222	-0.0929789	-3.58887e-05	-0.092943	0.129243	0	-0.28286	0	-27.6698	0	0.0156038	0.0113144	0.00428941	0.0156038
1200	1192.86	0	2158.71	0.222222	-0.0911596	0.0017146	-0.0928742	0.131063	0	-0.183887	0	-23.413	0	0.0129749	0.0073555	0.00561942	0.0129749
1200	1186.78	0	995.126	0.222222	-0.0895949	0.00317212	-0.0927671	0.132627	0	-0.316916	0	-133.028	0	0.0188477	0.0126766	0.00617108	0.0188477
1200	1172.21	0	-1542.73	0.222222	-0.0853026	0.00666943	-0.091972	0.13692	0	-0.788367	0	-227.744	0	0.0416467	0.0315347	0.010112	0.0416467
1200	1168.58	0	-403.088	0.222222	-0.0834877	0.00754102	-0.0910287	0.138735	0	-0.458458	0	325.653	0	0.0331678	0.0183383	0.0148295	0.0331678
1200	1166.12	0	-2706.31	0.222222	-0.0819733	0.00813061	-0.0901039	0.140249	0	-0.0934283	0	110.679	0	0.0205543	0.00373713	0.0168172	0.0205543
1200	1173.46	0	152.367	0.222222	-0.0827185	0.00636914	-0.0890876	0.139504	0	0.555749	0	334.167	0	-0.00579727	-0.02223	0.0164327	-0.00579727
1200	1167.33	0	-2150.85	0.222222	-0.0804129	0.00784131	-0.0882542	0.141809	0	0.486574	0	-139.414	0	-0.0065755	-0.019463	0.0128875	-0.0065755
1200	1183.14	0	2082.09	0.222222	-0.0834823	0.00404736	-0.0875297	0.13874	0	0.415271	0	-13.835	0	-0.00647041	-0.0166109	0.0101404	-0.00647041
1200	1191.64	0	-101.418	0.222222	-0.0850164	0.00200757	-0.087024	0.137206	0	0.36206	0	-90.4592	0	-0.00694534	-0.0144824	0.00753707	-0.00694534
1200	1202.56	0	1445.24	0.222222	-0.0874242	-0.000614502	-0.0868097	0.134798	0	0.374831	0	21.2845	0	-0.00960298	-0.0149932	0.00539025	-0.00960298
1200	1211.06	0	-9558.52	0.222222	-0.089614	-0.0026543	-0.0869597	0.132608	0	0.0247007	0	-138.349	0	0.00278858	-0.000988027	0.0037766	0.00278858
1200	1214.72	0	-939.389	0.222222	-0.0908069	-0.0035332	-0.0872737	0.131415	0	-0.198787	0	-55.3397	0	0.0120843	0.00795146	0.00413284	0.0120843
1200	1212.3	0	846.685	0.222222	-0.0905202	-0.00295093	-0.0875693	0.131702	0	-0.16686	0	39.3763	0	0.0120223	0.00667439	0.00534791	0.0120223
1200	1194.08	0	6736.42	0.222222	-0.086298	0.00142163	-0.0877196	0.135924	0	-0.224328	0	6.38539	0	0.0155138	0.00897312	0.00654063	0.0155138
1200	1196.52	0	-771.795	0.222222	-0.0867424	0.000835693	-0.0875781	0.13548	0	-0.246677	0	-60.6608	0	0.0176387	0.00986707	0.00777166	0.0176387
1200	1189.19	0	-637.72	0.222222	-0.0847888	0.00259351	-0.0873823	0.137433	0	-0.507412	0	-107.487	0	0.0300079	0.0202965	0.00971147	0.0300079
1200	1178.31	0	-1470.9	0.222222	-0.0818354	0.00520459	-0.08704	0.140387	0	-0.287117	0	217.102	0	0.0242311	0.0114847	0.0127464	0.0242311
1200	1185.56	0	-1298.52	0.222222	-0.0830148	0.00346509	-0.0864799	0.139207	0	0.0715266	0	93.6518	0	0.010813	-0.00286106	0.0136741	0.010813
1200	1172.18	0	-5148.4	0.222222	-0.0797346	0.00667676	-0.0864113	0.142488	0	0.14283	0	53.2113	0	0.00747747	-0.00571319	0.0131907	0.00747747
1200	1179.5	0	-7164.31	0.222222	-0.0807677	0.00491895	-0.0856866	0.141455	0	0.154536	0	53.2112	0	0.00627675	-0.00618144	0.0124582	0.00627675
1200	1177.06	0	-206.763	0.222222	-0.0794939	0.00550488	-0.0849987	0.142728	0	0.309913	0	64.9177	0	-0.00113692	-0.0123965	0.0112596	-0.00113692
1199.88	1163.71	-239.453	-115.784	0.216879	-0.0753932	0.00868055	-0.0840737	0.141486	0	0.482318	0	57.4681	0	-0.0102374	-0.0192927	0.00905531	-0.0102374
1198.92	1157.64	-719.447	104.483	0.206035	-0.0729765	0.00990794	-0.0828844	0.133058	0	0.459969	0	-36.1837	0	-0.0122788	-0.0183988	0.0061199	-0.0122788
1197	1151.52	-1199.44	353.48	0.195013	-0.0708884	0.0109159	-0.0818043	0.124125	0	0.397179	0	-24.4772	0	-0.0124122	-0.0158872	0.00347503	-0.0124122
1194.12	1174.62	-1679.43	5716.49	0.183813	-0.0759805	0.00468056	-0.080661	0.107833	0	0.376959	0	18.0918	0	-0.0138715	-0.0150784	0.00120689	-0.0138715
1190.29	1180.68	-2159.43	99.6946	0.172436	-0.0779802	0.0023054	-0.0802856	0.0944557	0	0.355675	0	-47.8901	0	-0.0153617	-0.014227	-0.00113469	-0.0153617
1185.49	1192.86	-2639.42	-134.937	0.160881	-0.0819287	-0.00176868	-0.08016	0.078952	0	0.103453	0	-162.826	0	-0.00713868	-0.00413813	-0.00300055	-0.00713868
1179.73	1198.93	-3119.42	-2524.35	0.149148	-0.0851034	-0.00460831	-0.0804951	0.0640443	0	-0.679816	0	-406.534	0	0.0247016	0.0271927	-0.00249106	0.0247016
1173.01	1188	-3599.41	-2706.31	0.137237	-0.0848098	-0.00359874	-0.081211	0.0524272	0	-0.299888	0	411.855	0	0.0136791	0.0119955	0.00168362	0.0136791
1165.33	1178.28	-4079.4	-3189.94	0.125148	-0.0847161	-0.00310887	-0.0816072	0.0404323	0	-0.100878	0	-121.322	0	0.00655707	0.00403512	0.00252195	0.00655707
1156.69	1147.9	-4559.4	-1322.46	0.112882	-0.0796034	0.00210911	-0.0817125	0.0332787	0	-0.595743	0	-197.946	0	0.0278477	0.0238297	0.00401797	0.0278477
1147.09	1126.01	-5039.39	-958.543	0.100438	-0.0762404	0.00506057	-0.081301	0.0241977	0	-0.705358	0	6.38533	0	0.0361547	0.0282143	0.00794043	0.0361547
1136.53	1106.61	-5519.39	-4214.66	0.0878163	-0.0733832	0.00718104	-0.0805643	0.0144331	0	0.19072	0	571.489	0	0.00357002	-0.00762879	0.0111988	0.00357002
1125.02	1100.57	-5999.38	-9175.44	0.0750167	-0.0738476	0.00586676	-0.0797144	0.00116903	0	0.527015	0	-141.542	0	-0.0124596	-0.0210806	0.00862098	-0.0124596
1112.54	1090.84	-6479.37	-5751.73	0.0620393	-0.0739549	0.00520834	-0.0791632	-0.0119156	0	0.0300218	0	-71.3031	0	0.00553509	-0.00120087	0.00673596	0.00553509
1099.1	1090.81	-6959.37	-4861.09	0.0488841	-0.0765112	0.0019904	-0.0785016	-0.027627	0	0.769658	0	432.075	0	-0.0251532	-0.0307863	0.00563315	-0.0251532
1084.7	1037.35	-7439.36	3513.83	0.0355512	-0.0662128	0.0113631	-0.0775759	-0.0306616	0	0.452519	0	-354.387	0	-0.0171973	-0.0181008	0.000903454	-0.0171973
1069.34	1003.31	-7919.35	-1408.65	0.0220405	-0.0601855	0.0158473	-0.0760327	-0.038145	0	-0.314787	0	-274.57	0	0.012258	0.0125915	-0.000333452	0.012258
1053.02	976.623	-8399.35	-8648.72	0.00835204	-0.0555647	0.0183358	-0.0739005	-0.0472126	0	1.13469	0	1079.12	0	-0.0449433	-0.0453875	0.00044422	-0.0449433
1035.74	958.435	-8879.34	-13925.5	-0.00551419	-0.0529816	0.0185543	-0.0715358	-0.0584958	0	1.34753	0	-551.269	0	-0.0625576	-0.0539013	-0.00865625	-0.0625576
1017.77	946.274	-9000	-10439.6	-0.0115232	-0.0521173	0.0171603	-0.0692776	-0.0636405	0	0.121545	0	-290.533	0	-0.0187969	-0.00486181	-0.0139351	-0.0187969
999.775	931.671	-9000	-3984.81	-0.0148565	-0.0508681	0.016345	-0.0672131	-0.0657246	0	0.745181	0	416.112	0	-0.0450942	-0.0298072	-0.0152869	-0.0450942
981.775	898.91	-9000	2144.34	-0.0181897	-0.0451807	0.0198876	-0.0650683	-0.0633705	0	1.13043	0	-67.0462	0	-0.0663321	-0.0452172	-0.0211149	-0.0663321
963.776	904.983	-9000	-843.621	-0.0198564	-0.0475552	0.0162701	-0.0638253	-0.0674116	0	1.09212	0	-38.3121	0	-0.0681909	-0.0436847	-0.0245062	-0.0681909
945.776	799.271	-9000	2953.58	-0.0248563	-0.0236127	0.0351613	-0.0587739	-0.048469	0	0.638759	0	-275.634	0	-0.0591034	-0.0255503	-0.0335531	-0.0591034
927.776	749.496	-9000	-5344.72	-0.0281896	-0.0113627	0.0427871	-0.0541498	-0.0395523	0	-0.164731	0	-380.993	0	-0.0295289	0.00658926	-0.0361181	-0.0295289
909.776	726.41	-9000	-10544.9	-0.0315229	-0.00469097	0.0440079	-0.0486989	-0.0362139	0	2.14889	0	1726.17	0	-0.122848	-0.0859558	-0.0368921	-0.122848
891.776	738.525	-9000	-18402.7	-0.0348562	-0.00657119	0.0367802	-0.0433514	-0.0414274	0	0.805842	0	-1708.08	0	-0.0831142	-0.0322337	-0.0508805	-0.0831142
873.776	753.128	-9000	-10497	-0.0381895	-0.0099701	0.0289556	-0.0389257	-0.0481596	0	-0.920331	0	-46.8259	0	-0.0138643	0.0368133	-0.0506775	-0.0138643
855.777	747.07	-9000	-1844.4	-0.0415228	-0.00935149	0.0260896	-0.035441	-0.0508743	0	0.424849	0	505.507	0	-0.0646686	-0.016994	-0.0476746	-0.0646686
837.777	723.984	-9000	1301.58	-0.0448561	-0.00498594	0.0273104	-0.0322963	-0.0498421	0	0.406758	0	-84.0738	0	-0.0666919	-0.0162703	-0.0504216	-0.0666919
819.777	682.663	-9000	-2040.72	-0.0481894	0.00418173	0.0329074	-0.0287257	-0.0440077	0	0.0374714	0	-148.992	0	-0.0537001	-0.00149885	-0.0522013	-0.0537001
801.777	640.121	-9000	-901.082	-0.0515227	0.0143777	0.0387974	-0.0244197	-0.037145	0	-1.00973	0	-639.599	0	-0.0108143	0.040389	-0.0512033	-0.0108143
783.778	620.727	-9000	-4789.27	-0.054856	0.0195902	0.039132	-0.0195419	-0.0352658	0	-0.284989	0	758.792	0	-0.0336432	0.0113996	-0.0450428	-0.0336432
765.778	612.198	-9000	-14859.3	-0.0581893	0.022183	0.0368592	-0.0146762	-0.0360062	0	1.19748	0	354.387	0	-0.0946162	-0.0478991	-0.0467171	-0.0946162
747.778	612.244	-9000	-12704.5	-0.0615226	0.0222879	0.0325283	-0.0102404	-0.0392347	0	-0.113649	0	-589.581	0	-0.0471914	0.00454594	-0.0517373	-0.0471914
729.778	614.624	-9000	-2409.43	-0.0648559	0.0213282	0.0276371	-0.0063089	-0.0435277	0	0.580226	0	552.333	0	-0.0746891	-0.023209	-0.05148	-0.0746891
711.779	564.835	-9000	-1992.84	-0.0681892	0.0318319	0.0352666	-0.00343462	-0.0363572	0	0.927164	0	-87.2666	0	-0.0933506	-0.0370865	-0.056264	-0.0933506
693.779	551.483	-9000	23.0801	-0.0715224	0.0349526	0.034151	0.00080162	-0.0365698	0	0.794135	0	-114.936	0	-0.0935381	-0.0317654	-0.0617727	-0.0935381
675.779	521.133	-9000	1971.96	-0.0748557	0.0423423	0.037115	0.00522732	-0.0325134	0	0.572777	0	-119.193	0	-0.0891421	-0.0229111	-0.066231	-0.0891421
657.779	493.179	-9000	-2663.21	-0.078189	0.0494545	0.039504	0.0099505	-0.0287345	0	0.486574	0	63.8535	0	-0.0886805	-0.019463	-0.0692175	-0.0886805
639.78	483.475	-9000	-14935.9	-0.0815223	0.0523948	0.0375132	0.0148817	-0.0291275	0	1.66148	0	527.856	0	-0.140537	-0.0664592	-0.0740781	-0.140537
621.78	491.959	-9000	-12996.6	-0.0848556	0.0505567	0.0311571	0.0193997	-0.0342989	0	-0.0508593	0	-1243.02	0	-0.0806047	0.00203437	-0.082639	-0.0806047
603.78	507.767	-9000	-3405.42	-0.0881889	0.0461478	0.0230432	0.0231046	-0.0420411	0	-0.88734	0	-52.147	0	-0.0444873	0.0354936	-0.0799809	-0.0444873
585.78	476.181	-9000	-312.108	-0.0915222	0.0522012	0.0263038	0.0258974	-0.039321	0	-0.621284	0	68.1105	0	-0.0503993	0.0248514	-0.0752507	-0.0503993
567.78	466.431	-9000	2695.01	-0.0948555	0.0533744	0.024324	0.0290504	-0.0414811	0	-0.506348	0	83.0096	0	-0.0513648	0.0202539	-0.0716188	-0.0513648
549.781	434.891	-9000	200.251	-0.0981888	0.0598206	0.0275736	0.032247	-0.0383681	0	-0.371191	0	55.3397	0	-0.0539725	0.0148476	-0.0688201	-0.0539725
531.781	404.541	-9000	-2232.26	-0.101522	0.0663341	0.0305376	0.0357965	-0.0351879	0	-0.148768	0	14.8992	0	-0.0612648	0.00595072	-0.0672155	-0.0612648
513.781	408.142	-9000	-14380.4	-0.104855	0.0648877	0.0253534	0.0395344	-0.0399676	0	-2.78379	0	-1664.45	0	0.0479404	0.111352	-0.0634112	0.0479404
495.781	444.595	-9000	-16089.9	-0.108189	0.0545797	0.0122846	0.042295	-0.053609	0	-3.37231	0	328.845	0	0.0909359	0.134892	-0.0439564	0.0909359
477.782	468.872	-9000	-9754.84	-0.111522	0.045488	0.00213829	0.0433498	-0.0660339	0	-2.64118	0	75.5599	0	0.0799581	0.105647	-0.0256892	0.0799581
459.782	504.15	-9000	-6058.19	-0.114855	0.0325054	-0.0106485	0.0431538	-0.0823498	0	-3.54471	0	-238.386	0	0.133942	0.141788	-0.00784671	0.133942
441.782	508.987	-9000	-1983.26	-0.118189	0.0254866	-0.0161293	0.0416159	-0.0927019	0	-3.06794	0	376.736	0	0.135839	0.122718	0.0131214	0.135839
423.782	501.648	-9000	-2687.16	-0.121522	0.0207953	-0.0186878	0.0394831	-0.100727	0	-2.20272	0	201.138	0	0.117646	0.0881089	0.0295368	0.117646
405.783	476.181	-9000	-5569.78	-0.124855	0.0202982	-0.0168956	0.0371938	-0.104557	0	-2.74867	0	-393.763	0	0.153157	0.109947	0.0432097	0.153157
387.783	449.417	-9000	-3328.8	-0.128188	0.0203915	-0.0147922	0.0351838	-0.107797	0	-2.93278	0	98.9728	0	0.177862	0.117311	0.060551	0.177862
369.783	393.585	-9000	-4918.55	-0.131522	0.0278328	-0.00571253	0.0335453	-0.103689	0	-2.60606	0	95.7801	0	0.181697	0.104243	0.0774549	0.181697
351.783	355.881	-9000	-3587.38	-0.134855	0.0319136	-0.000983401	0.032897	-0.102941	0	-2.77421	0	-117.064	0	0.204213	0.110968	0.0932445	0.204213
333.783	300.018	-9000	-1533.15	-0.138188	0.0411423	0.00810363	0.0330387	-0.0970459	0	-2.85829	0	-32.9912	0	0.224374	0.114331	0.110043	0.224374
315.784	247.787	-9000	-2007.2	-0.141522	0.0506182	0.0163191	0.0342991	-0.0909033	0	-2.72313	0	106.422	0	0.236032	0.108925	0.127107	0.236032
297.784	196.747	-9000	-3367.11	-0.144855	0.0608349	0.0242489	0.036586	-0.0840199	0	-2.56456	0	92.5877	0	0.24583	0.102582	0.143247	0.24583
279.784	160.324	-9000	-5392.6	-0.148188	0.0684066	0.0286704	0.0397362	-0.0797815	0	-1.96008	0	351.194	0	0.236278	0.0784032	0.157875	0.236278
261.784	137.283	-9000	-7796.38	-0.151521	0.073247	0.0298803	0.0433667	-0.0782744	0	-0.933102	0	471.452	0	0.205293	0.0373241	0.167969	0.205293
243.785	125.137	-9000	-6575.34	-0.154855	0.0755888	0.0284753	0.0471135	-0.0792659	0	-0.367998	0	368.222	0	0.187697	0.0147199	0.172977	0.187697
225.785	122.696	-9000	-5502.74	-0.158188	0.0753344	0.0247413	0.0505931	-0.0828536	0	0.823934	0	544.883	0	0.140286	-0.0329573	0.173244	0.140286
207.785	125.122	-9000	-5866.66	-0.161521	0.0733537	0.0198391	0.0535146	-0.0881676	0	1.51994	0	333.103	0	0.106414	-0.0607975	0.167211	0.106414
189.785	129.974	-9000	-6058.19	-0.164855	0.070196	0.0143546	0.0558414	-0.0946586	0	2.2766	0	401.213	0	0.0659613	-0.0910641	0.157025	0.0659613
171.786	132.416	-9000	-4037.49	-0.168188	0.0670405	0.00944874	0.0575918	-0.101147	0	2.65547	0	38.3124	0	0.0361254	-0.106219	0.142344	0.0361254
154.118	139.679	-8600.96	-3970.45	-0.162592	0.0620495	0.00346528	0.0585842	-0.100543	0	2.42027	0	-136.221	0	0.0298973	-0.0968109	0.126708	0.0298973
137.396	162.781	-8120.96	-9644.71	-0.155022	0.0526332	-0.00609236	0.0587256	-0.102389	0	3.09286	0	485.287	0	-0.0120899	-0.123714	0.111625	-0.0120899
121.634	189.499	-7640.97	-11746.8	-0.147274	0.0413567	-0.0162875	0.0576442	-0.105918	0	3.75162	0	188.368	0	-0.0584084	-0.150065	0.0916563	-0.0584084
106.832	206.512	-7160.98	-5526.68	-0.139349	0.0314082	-0.0239232	0.0553314	-0.107941	0	3.5973	0	-105.358	0	-0.0745987	-0.143892	0.0692934	-0.0745987
92.9907	188.278	-6680.98	-3271.34	-0.131246	0.0291844	-0.022869	0.0520534	-0.102061	0	3.60582	0	13.835	0	-0.0965072	-0.144233	0.0477256	-0.0965072
80.1089	177.368	-6200.99	875.416	-0.122965	0.0257177	-0.0233422	0.0490599	-0.097247	0	3.61114	0	1.06454	0	-0.118368	-0.144446	0.0260779	-0.118368
68.187	148.193	-5720.99	-2232.26	-0.114506	0.0270685	-0.0192015	0.04627	-0.0874375	0	3.3238	0	-225.616	0	-0.128356	-0.132952	0.00459623	-0.128356
57.2252	122.696	-5241	-5780.46	-0.105869	0.0283097	-0.015713	0.0440227	-0.0775597	0	2.75763	0	-219.231	0	-0.124611	-0.110305	-0.0143057	-0.124611
47.2233	111.771	-4761.01	-9553.73	-0.0970551	0.0266003	-0.0154914	0.0420916	-0.0704548	0	2.66292	0	-69.1745	0	-0.137292	-0.106517	-0.0307749	-0.137292
38.1814	103.256	-4281.01	-7078.12	-0.088063	0.0244857	-0.015618	0.0401037	-0.0635773	0	1.91157	0	-444.846	0	-0.122296	-0.0764629	-0.0458329	-0.122296
30.0995	92.3157	-3801.02	-13576	-0.0788931	0.0232304	-0.0149319	0.0381622	-0.0556628	0	3.19503	0	1407.97	0	-0.18473	-0.127801	-0.0569288	-0.18473
22.9775	75.3326	-3321.03	-36660.9	-0.0695455	0.0237845	-0.0125652	0.0363497	-0.045761	0	6.66014	0	1384.56	0	-0.348746	-0.266406	-0.0823406	-0.348746
16.8155	49.8199	-2841.03	-16156.9	-0.06002	0.0269933	-0.00792105	0.0349144	-0.0330267	0	7.41255	0	92.5879	0	-0.420783	-0.296502	-0.124281	-0.420783
11.6135	14.5874	-2361.04	-11861.7	-0.0503169	0.0334249	-0.000713727	0.0341386	-0.0168919	0	7.38275	0	1.06382	0	-0.463974	-0.29531	-0.168664	-0.463974
7.37151	-10.9253	-1881.04	-14634.2	-0.0404359	0.0386259	0.00439124	0.0342346	-0.00181003	0	7.52749	0	137.285	0	-0.514082	-0.3011	-0.212983	-0.514082
4.08946	-37.6282	-1401.05	-12819.4	-0.0303771	0.0449886	0.0100122	0.0349764	0.0146115	0	7.59985	0	-68.1105	0	-0.562563	-0.303994	-0.258569	-0.562563
1.76738	-54.6265	-921.056	-16587.9	-0.0201406	0.0499263	0.0135345	0.0363918	0.0297857	0	6.07056	0	-967.381	0	-0.545305	-0.242823	-0.302482	-0.545305
0.405284	-66.8335	-441.062	-14390	-0.00972634	0.054246	0.0161373	0.0381087	0.0445196	0	4.99783	0	-251.156	0	-0.536354	-0.199913	-0.336441	-0.536354
0	-69.2444	0	-16267.1	0	0.0567937	0.0166187	0.040175	0.0567937	0	4.24755	0	-340.552	0	-0.535101	-0.169902	-0.365199	-0.535101
0	-80.1696	0	-17411.5	0	0.0616203	0.0192407	0.0423796	0.0616203	0	3.52281	0	-499.121	0	-0.530919	-0.140912	-0.390007	-0.530919
0	-108.17	0	-6508.3	0	0.0709274	0.0259607	0.0449667	0.0709274	0	1.91583	0	-851.38	0	-0.48551	-0.0766332	-0.408877	-0.48551
0	-120.254	0	-13039.7	0	0.0771992	0.0288611	0.0483381	0.0771992	0	0.785622	0	-589.581	0	-0.450175	-0.0314249	-0.41875	-0.450175
0	-112.946	0	-14806.6	0	0.078998	0.0271069	0.051891	0.078998	0	-1.12466	0	-1037.62	0	-0.375859	0.0449865	-0.420846	-0.375859
0	-115.387	0	-8222.55	0	0.082991	0.0276929	0.0552982	0.082991	0	-2.38045	0	-454.424	0	-0.316476	0.0952179	-0.411694	-0.316476
0	-104.507	0	-13892	0	0.0838054	0.0250818	0.0587236	0.0838054	0	-2.73271	0	-157.505	0	-0.287519	0.109308	-0.396827	-0.287519
0	-76.5381	0	-10635.9	0	0.0799902	0.0183691	0.061621	0.0799902	0	-2.16973	0	461.874	0	-0.293945	0.0867893	-0.380734	-0.293945
0	-43.7012	0	-8806.74	0	0.0741683	0.0104883	0.0636801	0.0741683	0	-1.88558	0	19.1561	0	-0.293087	0.0754233	-0.368511	-0.293087
0	-10.9406	0	-6857.86	0	0.0674172	0.00262574	0.0647915	0.0674172	0	-1.94412	0	-58.5324	0	-0.279432	0.0777646	-0.357197	-0.279432
0	18.2495	0	-5713.43	0	0.0604849	-0.00437988	0.0648647	0.0604849	0	-2.53157	0	-409.727	0	-0.243737	0.101263	-0.344999	-0.243737
0	24.2615	0	-963.331	0	0.0583856	-0.00582275	0.0642083	0.0583856	0	-4.32053	0	-1048.26	0	-0.154766	0.172821	-0.327588	-0.154766
0	6.04248	0	291.231	0	0.0621202	-0.0014502	0.0635704	0.0621202	0	-5.59654	0	-382.057	0	-0.0751212	0.223861	-0.298983	-0.0751212
0	-9.70459	0	-4099.74	0	0.0659181	0.0023291	0.063589	0.0659181	0	-5.11019	0	408.663	0	-0.0612291	0.204407	-0.265637	-0.0612291
0	-25.528	0	-2347.18	0	0.0701892	0.00612671	0.0640625	0.0701892	0	-4.2024	0	380.993	0	-0.0684597	0.168096	-0.236556	-0.0684597
0	-37.6434	0	61.3873	0	0.0739539	0.00903442	0.0649194	0.0739539	0	-3.85014	0	146.863	0	-0.0579518	0.154006	-0.211958	-0.0579518
0	-43.7622	0	1148.35	0	0.0765512	0.0105029	0.0660483	0.0765512	0	-3.56493	0	145.799	0	-0.0466777	0.142597	-0.189275	-0.0466777
0	-53.4363	0	1718.17	0	0.0802399	0.0128247	0.0674152	0.0802399	0	-3.20416	0	186.239	0	-0.0402426	0.128166	-0.168409	-0.0402426
0	-58.3038	0	655.149	0	0.083048	0.0139929	0.0690551	0.083048	0	-3.06155	0	13.835	0	-0.0271082	0.122462	-0.14957	-0.0271082
0	-60.6842	0	1861.83	0	0.085387	0.0145642	0.0708228	0.085387	0	-3.12115	0	5.32126	0	-0.00616026	0.124846	-0.131006	-0.00616026
0	-58.3343	0	2383.76	0	0.0857333	0.0140002	0.071733	0.0857333	0	-3.01686	0	104.294	0	-0.000968568	0.120674	-0.121643	-0.000968568
0	-54.7028	0	3336.66	0	0.0874856	0.0131287	0.0743569	0.0874856	0	-2.49751	0	210.716	0	0.00406533	0.0999005	-0.0958352	0.00406533
0	-51.0254	0	3901.69	0	0.088207	0.0122461	0.0759609	0.088207	0	-2.03777	0	237.322	0	-6.67572e-06	0.0815107	-0.0815174	-6.67572e-06
0	-48.5535	0	3882.53	0	0.0891445	0.0116528	0.0774917	0.0891445	0	-1.64613	0	173.469	0	-0.00409996	0.0658453	-0.0699453	-0.00409996
0	-46.1273	0	3710.15	0	0.0899834	0.0110706	0.0789128	0.0899834	0	-1.45564	0	69.1745	0	-0.00220698	0.0582255	-0.0604324	-0.00220698
0	-41.3361	0	3341.44	0	0.0901633	0.00992065	0.0802426	0.0901633	0	-1.36092	0	52.1471	0	0.00261049	0.0544368	-0.0518263	0.00261049
0	-33.9813	0	2891.33	0	0.0895828	0.00815552	0.0814273	0.0895828	0	-1.12679	0	146.863	0	0.00114903	0.0450716	-0.0439226	0.00114903
0	-27.9083	0	2465.17	0	0.0891274	0.006698	0.0824294	0.0891274	0	-0.710679	0	216.038	0	-0.00933492	0.0284272	-0.0377621	-0.00933492
0	-21.8658	0	2829.08	0	0.0884604	0.0052478	0.0832126	0.0884604	0	-0.3382	0	177.726	0	-0.0205543	0.013528	-0.0340823	-0.0205543
0	-16.9983	0	2331.09	0	0.0879303	0.00407959	0.0838507	0.0879303	0	-0.0615016	0	119.193	0	-0.0300655	0.00246006	-0.0325256	-0.0300655
0	-13.3362	0	1459.6	0	0.0875067	0.00320068	0.084306	0.0875067	0	0.0183153	0	9.57803	0	-0.0330999	-0.000732613	-0.0323673	-0.0330999
0	-7.2937	0	789.225	0	0.0863842	0.00175049	0.0846337	0.0863842	0	-0.021061	0	-10.6423	0	-0.0315485	0.000842441	-0.032391	-0.0315485
0	-3.64685	0	501.92	0	0.0856912	0.000875244	0.0848159	0.0856912	0	0.0257649	0	30.8625	0	-0.0333431	-0.0010306	-0.0323125	-0.0333431
0	1.20545	0	377.422	0	0.0845996	-0.000289307	0.0848889	0.0845996	0	0.0683339	0	13.8349	0	-0.0352866	-0.00273336	-0.0325533	-0.0352866
0	3.64685	0	-67.8996	0	0.0839588	-0.000875244	0.084834	0.0839588	0	0.0566274	0	-9.57803	0	-0.035222	-0.0022651	-0.0329569	-0.035222
0	6.08826	0	-5.65032	0	0.0832272	-0.00146118	0.0846884	0.0832272	0	0.0236364	0	-15.9634	0	-0.034191	-0.000945458	-0.0332456	-0.034191
0	6.05774	0	-331.262	0	0.0830343	-0.00145386	0.0844882	0.0830343	0	0.0236364	0	2.12845	0	-0.0343265	-0.000945458	-0.033381	-0.0343265
0	8.51441	0	-197.186	0	0.0822261	-0.00204346	0.0842696	0.0822261	0	0.0129942	0	-6.38535	0	-0.0340298	-0.000519768	-0.0335101	-0.0340298
0	8.48389	0	-393.511	0	0.0819597	-0.00203613	0.0839958	0.0819597	0	0.00980151	0	-3.19268	0	-0.0339801	-0.000392061	-0.033588	-0.0339801
0	10.9253	0	-585.047	0	0.0810826	-0.00262207	0.0837047	0.0810826	0	0.00554461	0	2.12845	0	-0.0338495	-0.000221785	-0.0336277	-0.0338495
0	10.9253	0	-939.389	0	0.080773	-0.00262207	0.083395	0.080773	0	0.0619485	0	34.0552	0	-0.0362059	-0.00247794	-0.033728	-0.0362059
0	9.71985	0	-795.737	0	0.0807707	-0.00233276	0.0831034	0.0807707	0	0.0938753	0	4.2569	0	-0.0379377	-0.00375501	-0.0341827	-0.0379377
0	7.30896	0	-642.508	0	0.0810579	-0.00175415	0.0828121	0.0810579	0	0.054499	0	-22.3487	0	-0.0368748	-0.00217996	-0.0346949	-0.0368748
0	7.30896	0	-618.566	0	0.080821	-0.00175415	0.0825752	0.080821	0	0.0278933	0	-8.5138	0	-0.0360833	-0.00111573	-0.0349676	-0.0360833
0	6.073	0	-608.989	0	0.0808805	-0.00145752	0.082338	0.0808805	0	0.0151226	0	-9.57803	0	-0.0357303	-0.000604906	-0.0351254	-0.0357303
0	6.073	0	-441.395	0	0.0807169	-0.00145752	0.0821744	0.0807169	0	-0.0178683	0	-17.0276	0	-0.0344535	0.000714734	-0.0351682	-0.0344535
0	3.64685	0	-24.8039	0	0.0811167	-0.000875244	0.081992	0.0811167	0	-0.0274464	0	0	0	-0.0339344	0.00109785	-0.0350323	-0.0339344
0	3.67737	0	291.231	0	0.0809819	-0.000882568	0.0818645	0.0809819	0	-0.0168041	0	6.38535	0	-0.0342082	0.000672165	-0.0348804	-0.0342082
0	4.83704	0	473.19	0	0.080612	-0.00116089	0.0817729	0.080612	0	-0.000840738	0	7.44958	0	-0.0347714	3.36295e-05	-0.0348051	-0.0347714
0	1.2207	0	171.521	0	0.081371	-0.000292969	0.081664	0.081371	0	0.01193	0	6.38535	0	-0.0352964	-0.000477199	-0.0348192	-0.0352964
