0	-1.2145	0	2.53785	0	0	0	0	0	0	0.000106428	0	0	0	0	-0	0	0
0	0	0	98.3059	0	0	0	-0	0	0.0150796	-0.00308625	15.0796	0	0.015331	0	0	0	0.015331
0	2.42925	0	-256.036	0	0	-0	0	0	0.0603186	0.0288405	30.1593	0	0.0311646	0	0	0	0.0311646
0	-1.21498	0	-476.302	0	0	0	-0	0	0.135717	0.156548	45.2389	0	0.0475009	0	-0	0	0.0475009
0	0	0	-548.129	0	0	0	0	0	0.241274	0.314053	60.3186	0	0.0643398	0	-0	0	0.0643398
0	-1.21498	0	-193.787	0	0	0	0	0	0.376991	0.284255	75.3982	0	0.0816814	0	0	-0	0.0816814
0	-1.2145	0	342.514	0	0	0	0	0	0.542867	0.268291	90.4779	0	0.0995257	0	0	0	0.0995257
0	-2.42949	0	-145.903	0	0	0	0	0	0.738903	0.28319	105.558	0	0.117873	0	0	0	0.117873
0	-1.21498	0	-198.575	0	0	0	0	0	0.965097	0.294897	120.637	0	0.136722	0	0	0	0.136722
0	-1.21498	0	-165.056	0	0	0	0	0	1.22145	0.304475	135.717	0	0.156074	0	0	0	0.156074
0	-3.64447	0	308.996	0	0	0	0	0	1.50796	0.297025	150.796	0	0.175929	0	0	0	0.175929
0	-1.2145	0	-485.879	0	0	0	0	0	1.80956	0.35875	150.796	0	0.180956	0	0	0	0.180956
0	-0.000238419	0	-452.36	0	0	0	0	0	2.11115	1.14202	150.796	0	0.185982	0	0	0	0.185982
0	-0.000238419	0	1424.69	0	0	0	0	0	2.41274	1.68265	150.796	0	0.191009	0	0	0	0.191009
0	-1.2145	0	-667.839	0	0	0	0	0	2.71434	1.92423	150.796	0	0.196035	0	0	0	0.196035
0	0	0	-222.517	0	0	0	0	0	3.01593	2.47017	150.796	0	0.201062	0	0	0	0.201062
0	-1.21522	0	-203.363	0	0	0	0	0	3.31752	2.78412	150.796	0	0.206088	0	0	0	0.206088
0	-1.21474	0	-294.343	0	0	0	0	0	3.61911	3.33858	150.796	0	0.211115	0	0	0	0.211115
0	-2.42949	0	-40.5578	0	0	0	0	0	3.76991	3.57803	150.796	0	0.213628	0	0	0	0.213628
0	-2.42996	0	-418.842	0	0	0	0	0	4.0715	4.05161	150.796	0	0.218655	0	0	0	0.218655
0	-1.21498	0	-179.421	0	0	0	0	0	4.3731	4.61139	150.796	0	0.223681	0	-0	0	0.223681
0	-1.21474	0	979.372	0	0	0	0	0	4.67469	4.90618	150.796	0	0.228708	0	-0	0	0.228708
0	-1.21546	0	-509.821	0	0	0	0	0	4.97628	5.54791	150.796	0	0.233734	0	-0	0	0.233734
0	-3.64447	0	-797.126	0	0	0	0	0	5.27787	6.15026	150.796	0	0.238761	0	-0	0	0.238761
0	-1.2145	0	241.958	0	0	0	0	0	5.57946	6.62278	150.796	0	0.243788	0	-0	0	0.243788
0	-2.42996	0	-576.859	0	0	0	0	0	5.88106	7.30176	150.796	0	0.248814	0	-0	0	0.248814
0	-2.42949	0	-21.4042	0	0	0	0	0	6.18265	7.93497	150.796	0	0.253841	0	-0	0	0.253841
0	-1.2145	0	-208.152	0	0	0	0	0	6.48424	8.61927	150.796	0	0.258867	0	-0	0	0.258867
0	-1.21546	0	-394.9	0	0	0	0	0	6.78583	9.36954	150.796	0	0.263894	0	-0	0	0.263894
0	-2.42901	0	610.665	0	0	0	0	0	7.08743	9.99424	150.796	0	0.26892	0	-0	-0	0.26892
0	-4.85897	0	-931.201	0	0	0	0	0	7.38902	10.4891	150.796	0	0.273947	0	-0	-0	0.273947
0	-2.42901	0	-835.433	0	0	0	0	0	7.69061	11.3767	150.796	0	0.278973	0	-0	-0	0.278973
0	-2.42995	0	380.822	0	0	0	0	0	7.9922	12.0886	150.796	0	0.284	0	-0	-0	0.284
0	-0.000480652	0	-251.248	0	0	0	0	0	8.2938	12.9411	150.796	0	0.289026	0	-0	-0	0.289026
0	-3.64447	0	955.43	0	0	0	0	0	8.59539	13.7307	150.796	0	0.294053	0	-0	-0	0.294053
0	-3.64447	0	-1309.48	0	0	0	0	0	8.89699	14.4001	150.796	0	0.29908	0	-0	-0	0.29908
0	-1.21498	0	-524.187	0	0	0	0	0	9.19858	15.3899	150.796	0	0.304106	0	-0	-0	0.304106
0	1.21498	0	720.798	0	0	-0	0	0	9.50017	16.3179	150.796	0	0.309133	0	-0	-0	0.309133
0	1.21498	0	572.358	0	0	-0	0	0	9.80177	16.7723	150.796	0	0.314159	0	-0	-0	0.314159
0	-1.21451	0	-1577.64	0	0	0	0	0	10.1034	17.7067	150.796	0	0.319186	0	-0	-0	0.319186
0	-1.21451	0	352.091	0	0	0	0	0	10.405	18.9242	150.796	0	0.324212	0	-0	-0	0.324212
0	-1.21356	0	716.01	0	0	0	0	0	10.7065	19.551	150.796	0	0.329239	0	-0	-0	0.329239
0	-1.21498	0	55.2103	0	0	0	0	0	11.0081	20.214	150.796	0	0.334265	0	-0	-0	0.334265
0	-1.21545	0	-940.778	0	0	0	0	0	11.3097	21.1218	150.796	0	0.339292	0	-0	-0	0.339292
0	4.8604	0	-1036.55	0	0	-0	0	0	11.7621	22.4744	150.796	0	0.346832	0	-0	-0	0.346832
0	8.50392	0	562.781	0	0	-0	0	0	12.0637	23.3301	150.796	0	0.351858	0	-0	-0	0.351858
0	10.932	0	-969.508	0	0	-0	0	0	12.3653	24.4156	150.796	0	0.356885	0	-0	-0	0.356885
0	15.7919	0	-1213.72	0	0	-0	0	0	12.6669	25.6011	150.796	0	0.361912	0	-0	-0	0.361912
0	18.2209	0	1185.27	0	0	-0	0	0	12.9685	26.2641	150.796	0	0.366938	0	-0	-0	0.366938
0	21.863	0	-179.421	0	0	-0	0	0	13.2701	27.0048	150.796	0	0.371965	0	-0	-0	0.371965
0	31.5828	0	294.63	0	-0	-0	-0	0	13.5717	27.7508	150.796	0	0.376991	0	-0	-0	0.376991
0	30.3678	0	548.416	0	-0	-0	-0	0	13.8733	28.5533	150.796	0	0.382018	0	-0	-0	0.382018
0	32.7969	0	-797.126	0	0	-0	-0	0	14.1749	29.5845	150.796	0	0.387044	0	-0	-0	0.387044
0	38.8708	0	1956.21	0	-0	-0	-0	0	14.4765	31.0893	150.796	0	0.392071	0	-0	-0	0.392071
0	40.0848	0	-375.746	0	0	-0	-0	0	14.7781	32.1014	150.796	0	0.397097	0	-0	-0	0.397097
0	42.5167	0	-160.268	0	0	-0	-0	0	15.0797	33.0911	150.796	0	0.402124	0	-0	-0	0.402124
0	37.6568	0	1012.89	0	-0	-0	-0	0	15.3812	34.1202	150.796	0	0.407151	0	-0	-0	0.407151
0	30.3679	0	-409.265	0	0	-0	-0	0	15.6828	34.6023	150.796	0	0.412177	0	-0	-0	0.412177
0	27.9388	0	-1338.22	0	0	-0	-0	0	15.9844	34.6023	150.796	0	0.417204	0	-0	-0	0.417204
0	30.3669	0	-54.923	0	0	-0	-0	0	16.286	34.6023	150.796	0	0.42223	0	-0	-0	0.42223
0	23.0789	0	380.822	0	-0	-0	-0	0	16.5876	34.6023	150.796	0	0.427257	0	-0	-0	0.427257
0	4.858	0	-1151.47	0	0	-0	-0	0	16.8892	34.6023	150.796	0	0.432283	0	-0	-0	0.432283
0	13.361	0	246.746	0	-0	-0	-0	0	17.1908	34.6023	150.796	0	0.43731	0	-0	-0	0.43731
0	10.931	0	514.897	0	-0	-0	-0	0	17.4886	34.6023	143.256	0	0.434733	0	-0	-0	0.434733
0	9.71985	0	3670.45	0	-0	-0	-0	0	17.7601	31.4299	128.176	0	0.424177	0	-0	-0	0.424177
0	1.21497	0	-370.958	0	0	-0	-0	0	18.0013	34.1894	113.097	0	0.413119	0	-0	-0	0.413119
0	-6.073	0	-1175.41	0	0	0	-0	0	18.2125	34.6023	98.017	0	0.401558	0	-0	-0	0.401558
0	-2.42996	0	74.3639	0	0	0	-0	0	18.3934	34.6023	82.9373	0	0.389494	0	-0	-0	0.389494
0	-2.42807	0	-241.671	0	0	0	-0	0	18.5442	34.6023	67.8576	0	0.376928	0	-0	-0	0.376928
0	-7.28989	0	1127.81	0	0	0	-0	0	18.6648	34.6023	52.778	0	0.363859	0	-0	-0	0.363859
0	-8.50296	0	2444.62	0	0	0	-0	0	18.7553	34.6023	37.6983	0	0.350287	0	-0	-0	0.350287
0	-8.50296	0	-1175.41	0	0	0	-0	0	18.8156	34.6023	22.6186	0	0.336212	0	-0	-0	0.336212
0	-10.931	0	-1706.92	0	0	0	-0	0	18.8458	34.6023	7.53894	0	0.321635	0	-0	-0	0.321635
0	-4.85992	0	2171.68	0	0	0	-0	0	18.8496	34.6023	0	0	0.314159	0	-0	-0	0.314159
0	-7.28607	0	1486.94	0	0	0	-0	0	18.8496	34.6023	0	0	0.314159	0	-0	-0	0.314159
0	-17.004	0	2037.61	0	0	0	-0	0	18.8496	34.6023	0	0	0.314159	0	-0	-0	0.314159
0	-17.0059	0	1759.88	0	0	0	-0	0	18.8496	34.6023	0	0	0.314159	0	-0	-0	0.314159
0	-3.64304	0	1017.68	0	0	0	-0	0	18.8496	34.6023	0	0	0.314159	0	-0	-0	0.314159
0	-1.21307	0	912.335	0	0	0	-0	0	18.8496	34.6023	0	0	0.314159	0	-0	-0	0.314159
0	6.07492	0	1702.42	0	-0	-0	-0	0	18.8496	34.6023	0	0	0.314159	0	-0	-0	0.314159
0	18.2247	0	2760.66	0	-0	-0	-0	0	18.8496	34.6023	0	0	0.314159	0	-0	-0	0.314159
0	31.5857	0	-1692.56	0	0	-0	-0	0	18.8496	34.6023	0	0	0.314159	0	-0	-0	0.314159
0	17.0059	0	1146.97	0	-0	-0	-0	0	18.8496	34.6023	0	0	0.314159	0	-0	-0	0.314159
0	23.0751	0	730.375	0	-0	-0	-0	0	18.8496	34.6023	0	0	0.314159	0	-0	-0	0.314159
0	25.5089	0	2348.86	0	-0	-0	-0	0	18.8496	34.6023	0	0	0.314159	0	-0	-0	0.314159
0	25.5127	0	-940.778	0	0	-0	-0	0	18.8496	34.6023	0	0	0.314159	0	-0	-0	0.314159
0	32.7988	0	1941.84	0	-0	-0	-0	0	18.8496	34.6023	0	0	0.314159	0	-0	-0	0.314159
0	29.1519	0	476.59	0	-0	-0	-0	0	18.8496	34.6023	0	0	0.314159	0	-0	-0	0.314159
0	17.0021	0	-596.013	0	0	-0	-0	0	18.8496	34.6023	0	0	0.314159	0	-0	-0	0.314159
0	17.0097	0	5643.28	0	-0	-0	-0	0	18.8496	34.6023	0	0	0.314159	0	-0	-0	0.314159
0	14.5798	0	-1304.7	0	0	-0	-0	0	18.8496	34.6023	0	0	0.314159	0	-0	-0	0.314159
0	12.146	0	1482.15	0	-0	-0	-0	0	18.8496	34.6023	0	0	0.314159	0	-0	-0	0.314159
0	20.6528	0	1735.94	0	-0	-0	-0	0	18.8496	34.6023	0	0	0.314159	0	-0	-0	0.314159
0	12.146	0	423.917	0	-0	-0	-0	0	18.8496	34.6023	0	0	0.314159	0	-0	-0	0.314159
0	8.50677	0	-2511.37	0	0	-0	-0	0	18.8496	34.6023	0	0	0.314159	0	-0	-0	0.314159
0	7.28607	0	1563.56	0	-0	-0	-0	0	18.8496	34.6023	0	0	0.314159	0	-0	-0	0.314159
0	4.85992	0	4656.87	0	-0	-0	-0	0	18.8496	34.6023	0	0	0.314159	0	-0	-0	0.314159
0	-8.50296	0	581.935	0	0	0	-0	0	18.8496	34.6023	0	0	0.314159	0	-0	-0	0.314159
0	3.63922	0	1309.77	0	-0	-0	-0	0	18.8496	34.6023	0	0	0.314159	0	-0	-0	0.314159
0	-2.42615	0	993.737	0	0	0	-0	0	18.8496	34.6023	0	0	0.314159	0	-0	-0	0.314159
0	-3.63922	0	1032.04	0	0	0	-0	0	18.8496	34.6023	0	0	0.314159	0	-0	-0	0.314159
0	-4.85992	0	438.283	0	0	0	-0	0	18.8496	34.6023	0	0	0.314159	0	-0	-0	0.314159
0	3.64304	0	2918.68	0	-0	-0	-0	0	18.8496	34.6023	0	0	0.314159	0	-0	-0	0.314159
0	-3.64685	0	998.526	0	0	0	-0	0	18.8496	34.6023	0	0	0.314159	0	-0	-0	0.314159
0	1.21689	0	241.958	0	-0	-0	-0	0	18.8496	34.6023	0	0	0.314159	0	-0	-0	0.314159
0	10.9367	0	4910.65	0	-0	-0	-0	0	18.8496	34.6023	0	0	0.314159	0	-0	-0	0.314159
0	17.0097	0	337.726	0	-0	-0	-0	0	18.8496	34.6023	0	0	0.314159	0	-0	-0	0.314159
0	24.2996	0	3454.98	0	-0	-0	-0	0	18.8496	34.6023	0	0	0.314159	0	-0	-0	0.314159
0	25.5089	0	701.645	0	-0	-0	-0	0	18.8496	34.6023	0	0	0.314159	0	-0	-0	0.314159
0	30.3688	0	26.4799	0	-0	-0	-0	0	18.8496	34.6023	0	0	0.314159	0	-0	-0	0.314159
0	30.3688	0	2181.26	0	-0	-0	-0	0	18.8496	34.6023	0	0	0.314159	0	-0	-0	0.314159
0	27.9427	0	893.181	0	-0	-0	-0	0	18.8496	34.6023	0	0	0.314159	0	-0	-0	0.314159
0	23.0789	0	830.932	0	-0	-0	-0	0	18.8496	34.6023	0	0	0.314159	0	-0	-0	0.314159
0	19.4435	0	998.526	0	-0	-0	-0	0	18.8496	34.6023	0	0	0.314159	0	-0	-0	0.314159
0	17.0059	0	1884.38	0	-0	-0	-0	0	18.8496	34.6023	0	0	0.314159	0	-0	-0	0.314159
0	13.3629	0	-107.595	0	0	-0	-0	0	18.8496	34.6023	0	0	0.314159	0	-0	-0	0.314159
0	12.1498	0	4340.83	0	-0	-0	-0	0	18.8496	34.6023	0	0	0.314159	0	-0	-0	0.314159
0	9.71985	0	730.375	0	-0	-0	-0	0	18.8496	34.6023	0	0	0.314159	0	-0	-0	0.314159
0	17.0059	0	1309.77	0	-0	-0	-0	0	18.8496	34.6023	0	0	0.314159	0	-0	-0	0.314159
0	9.71985	0	1362.44	0	-0	-0	-0	0	18.8496	34.6023	0	0	0.314159	0	-0	-0	0.314159
0	6.06918	0	347.303	0	-0	-0	-0	0	18.8496	34.6023	0	0	0.314159	0	-0	-0	0.314159
0	6.073	0	2549.97	0	-0	-0	-0	0	18.8496	34.6023	0	0	0.314159	0	-0	-0	0.314159
0	0	0	1376.81	0	0	0	-0	0	18.8496	34.6023	0	0	0.314159	0	-0	-0	0.314159
0	-7.28607	0	1927.48	0	0	0	-0	0	18.8496	34.6023	0	0	0.314159	0	-0	-0	0.314159
0	-9.71985	0	1352.87	0	0	0	-0	0	18.8496	34.6023	0	0	0.314159	0	-0	-0	0.314159
0	-9.71985	0	4197.18	0	0	0	-0	0	18.8496	34.6023	0	0	0.314159	0	-0	-0	0.314159
0	-4.85229	0	366.457	0	0	0	-0	0	18.8496	34.6023	0	0	0.314159	0	-0	-0	0.314159
0	2.42615	0	2861.21	0	-0	-0	-0	0	18.8496	27.2783	0	0	0.314159	0	-0	-0	0.314159
0	8.49915	0	912.335	0	-0	-0	-0	0	18.8496	15.8251	0	0	0.314159	0	0	-0	0.314159
0	9.71985	0	1089.51	0	-0	-0	-0	0	18.8496	34.6023	0	0	0.314159	0	-0	-0	0.314159
0	12.1536	0	457.436	0	-0	-0	-0	0	18.8496	24.3815	0	0	0.314159	0	-0	-0	0.314159
0	18.219	0	3115	0	-0	-0	-0	0	18.8496	34.6023	0	0	0.314159	0	-0	-0	0.314159
0	19.4321	0	1458.21	0	-0	-0	-0	0	18.8496	34.6023	0	0	0.314159	0	-0	-0	0.314159
0	26.7181	0	969.795	0	-0	-0	-0	0	18.8496	34.6023	0	0	0.314159	0	-0	-0	0.314159
0	21.8582	0	711.222	0	-0	-0	-0	0	18.8496	34.6023	0	0	0.314159	0	-0	-0	0.314159
0	15.7928	0	2449.41	0	-0	-0	-0	0	18.8496	34.6023	0	0	0.314159	0	-0	-0	0.314159
0	14.5721	0	3771.01	0	-0	-0	-0	0	18.8496	34.6023	0	0	0.314159	0	-0	-0	0.314159
0	13.3667	0	1132.6	0	-0	-0	-0	0	18.8496	34.6023	0	0	0.314159	0	-0	-0	0.314159
0	14.5798	0	682.491	0	-0	-0	-0	0	18.8496	34.6023	0	0	0.314159	0	-0	-0	0.314159
0	0	0	2549.97	0	0	0	-0	0	18.8496	34.6023	0	0	0.314159	0	-0	-0	0.314159
0	10.9253	0	1472.58	0	-0	-0	-0	0	18.8496	34.6023	0	0	0.314159	0	-0	-0	0.314159
0	9.71985	0	2415.89	0	-0	-0	-0	0	18.8496	34.6023	0	0	0.314159	0	-0	-0	0.314159
0	6.073	0	-677.415	0	0	-0	-0	0	18.8496	12.8208	0	0	0.314159	0	0	-0	0.314159
0	7.30133	0	1735.94	0	-0	-0	-0	0	18.8496	26.2439	0	0	0.314159	0	-0	-0	0.314159
0	3.64685	0	2066.34	0	-0	-0	-0	0	18.8496	30.4657	0	0	0.314159	0	-0	-0	0.314159
0	3.64685	0	2549.97	0	-0	-0	-0	0	18.8496	34.6023	0	0	0.314159	0	-0	-0	0.314159
0	3.64685	0	2583.49	0	-0	-0	-0	0	18.8496	34.6023	0	0	0.314159	0	-0	-0	0.314159
0	-6.08063	0	-744.453	0	0	0	-0	0	18.8496	27.7604	0	0	0.314159	0	-0	-0	0.314159
0	-0.00762939	0	5255.42	0	0	0	-0	0	18.8496	34.6023	0	0	0.314159	0	-0	-0	0.314159
0	4.86755	0	2602.64	0	-0	-0	-0	0	18.8496	34.6023	0	0	0.314159	0	-0	-0	0.314159
0	9.71985	0	1750.31	0	-0	-0	-0	0	18.8496	34.6023	0	0	0.314159	0	-0	-0	0.314159
0	14.5721	0	859.662	0	-0	-0	-0	0	18.8496	34.6023	0	0	0.314159	0	-0	-0	0.314159
0	15.7852	0	529.262	0	-0	-0	-0	0	18.8496	34.6023	0	0	0.314159	0	-0	-0	0.314159
0	23.0713	0	1099.08	0	-0	-0	-0	0	18.8496	7.52631	0	0	0.314159	0	0	-0	0.314159
0	35.2325	0	3876.36	0	-0	-0	-0	0	18.8496	20.744	0	0	0.314159	0	-0	-0	0.314159
0	29.1595	0	3004.87	0	-0	-0	-0	0	18.8496	28.9949	0	0	0.314159	0	-0	-0	0.314159
0	30.365	0	1822.13	0	-0	-0	-0	0	18.8496	34.6023	0	0	0.314159	0	-0	-0	0.314159
0	24.3073	0	601.088	0	-0	-0	-0	0	18.8496	34.6023	0	0	0.314159	0	-0	-0	0.314159
0	18.219	0	-773.184	0	0	-0	-0	0	18.8496	25.4255	0	0	0.314159	0	-0	-0	0.314159
0	35.2249	0	3478.92	0	-0	-0	-0	0	18.8496	22.1477	0	0	0.314159	0	-0	-0	0.314159
0	27.9388	0	2224.36	0	-0	-0	-0	0	18.8496	34.6023	0	0	0.314159	0	-0	-0	0.314159
0	20.6528	0	2827.7	0	-0	-0	-0	0	18.8496	34.6023	0	0	0.314159	0	-0	-0	0.314159
0	21.8735	0	1870.02	0	-0	-0	-0	0	18.8496	34.6023	0	0	0.314159	0	-0	-0	0.314159
0	27.9465	0	2066.34	0	-0	-0	-0	0	18.8496	34.6023	0	0	0.314159	0	-0	-0	0.314159
0	25.5051	0	227.593	0	-0	-0	-0	0	18.8496	34.6023	0	0	0.314159	0	-0	-0	0.314159
0	14.5721	0	701.645	0	-0	-0	-0	0	18.8496	34.6023	0	0	0.314159	0	-0	-0	0.314159
0	3.65448	0	1659.33	0	-0	-0	-0	0	18.8496	34.6023	0	0	0.314159	0	-0	-0	0.314159
0	6.06537	0	2061.55	0	-0	-0	-0	0	18.8496	26.0598	0	0	0.314159	0	-0	-0	0.314159
0	9.70459	0	2530.81	0	-0	-0	-0	0	18.8391	34.6023	-12.5607	0	0.301424	-0	-0	-0	0.301424
0	8.49915	0	1836.5	0	-0	-0	-0	0	18.7989	34.6023	-27.6402	0	0.285675	-0	-0	-0	0.285675
0	7.28607	0	7438.93	0	-0	-0	-0	0	18.7285	34.6023	-42.7196	0	0.269423	-0	-0	-0	0.269423
0	8.49915	0	-461.937	0	0	-0	-0	0	18.628	34.6023	-57.7991	0	0.252668	-0	-0	-0	0.252668
0	18.2266	0	2885.16	0	-0	-0	-0	0	18.4973	34.6023	-72.8785	0	0.23541	-0	-0	-0	0.23541
0	25.5203	0	2267.45	0	-0	-0	-0	0	18.3365	34.6023	-87.958	0	0.21765	-0	-0	-0	0.21765
0	27.9312	0	1621.02	0	-0	-0	-0	0	18.1455	34.6023	-103.037	0	0.199388	-0	-0	-0	0.199388
0	21.843	0	854.874	0	-0	-0	-0	0	17.9244	34.6023	-118.117	0	0.180622	-0	-0	-0	0.180622
0	17.0059	0	-2180.97	0	0	-0	-0	0	17.6731	34.6023	-133.196	0	0.161355	-0	-0	-0	0.161355
0	16.9983	0	2775.02	0	-0	-0	-0	0	17.3916	34.6023	-148.276	0	0.141584	-0	-0	-0	0.141584
0	15.7852	0	4292.95	0	-0	-0	-0	0	17.0904	34.6023	-150.796	0	0.134044	-0	-0	-0	0.134044
0	13.3667	0	5604.97	0	-0	-0	-0	0	16.7888	34.6023	-150.796	0	0.129017	-0	-0	-0	0.129017
0	9.72748	0	874.027	0	-0	-0	-0	0	16.4872	34.6023	-150.796	0	0.123991	-0	-0	-0	0.123991
0	8.5144	0	1156.54	0	-0	-0	-0	0	16.1856	34.6023	-150.796	0	0.118964	-0	-0	-0	0.118964
0	-1.21307	0	2875.58	0	0	0	-0	0	15.8841	34.6023	-150.796	0	0.113938	-0	-0	-0	0.113938
0	1.20544	0	1506.1	0	-0	-0	-0	0	15.5825	34.6023	-150.796	0	0.108911	-0	-0	-0	0.108911
0	4.85229	0	4699.96	0	-0	-0	-0	0	15.2809	34.6023	-150.796	0	0.103885	-0	-0	-0	0.103885
0	-3.63922	0	-323.074	0	0	0	-0	0	14.9793	34.6023	-150.796	0	0.0988584	-0	-0	-0	0.0988584
0	3.63922	0	160.555	0	-0	-0	-0	0	14.6777	34.6023	-150.796	0	0.0938319	-0	-0	-0	0.0938319
0	4.85229	0	2018.46	0	-0	-0	-0	0	14.3761	34.6023	-150.796	0	0.0888055	-0	-0	-0	0.0888055
0	-3.63922	0	227.593	0	0	0	-0	0	14.0745	34.6023	-150.796	0	0.083779	-0	-0	-0	0.083779
0	3.66211	0	4029.59	0	-0	-0	-0	0	13.7729	34.6023	-150.796	0	0.0787525	-0	-0	-0	0.0787525
0	-1.2207	0	2664.89	0	0	0	-0	0	13.4713	34.6023	-150.796	0	0.073726	-0	-0	-0	0.073726
0	-1.21307	0	3713.55	0	0	0	-0	0	13.1698	34.6023	-150.796	0	0.0686995	-0	-0	-0	0.0686995
0	-1.2207	0	811.778	0	0	0	-0	0	12.8682	34.6023	-150.796	0	0.063673	-0	-0	-0	0.063673
0	1.21307	0	1597.08	0	-0	-0	-0	0	12.5666	34.6023	-150.796	0	0.0586466	-0	-0	-0	0.0586466
0	-2.44141	0	1400.75	0	0	0	-0	0	12.265	34.6023	-150.796	0	0.0536201	-0	-0	-0	0.0536201
0	7.2937	0	562.781	0	-0	-0	-0	0	11.9634	34.6023	-150.796	0	0.0485936	-0	-0	-0	0.0485936
0	6.08826	0	2526.03	0	-0	-0	-0	0	11.6618	34.6023	-150.796	0	0.0435671	-0	-0	-0	0.0435671
0	14.5874	0	2186.05	0	-0	-0	-0	0	11.3602	34.6023	-150.796	0	0.0385406	-0	-0	-0	0.0385406
0	16.9983	0	562.781	0	-0	-0	-0	0	11.0586	34.6023	-150.796	0	0.0335141	-0	-0	-0	0.0335141
0	18.219	0	1304.98	0	-0	-0	-0	0	10.757	34.6023	-150.796	0	0.0284877	-0	-0	-0	0.0284877
0	26.7029	0	4302.52	0	-0	-0	-0	0	10.4555	34.6023	-150.796	0	0.0234612	-0	-0	-0	0.0234612
0	26.7181	0	438.283	0	-0	-0	-0	0	10.1539	34.6023	-150.796	0	0.0184347	-0	-0	-0	0.0184347
0	25.4974	0	-260.824	0	0	-0	-0	0	9.85228	34.6023	-150.796	0	0.0134082	-0	-0	-0	0.0134082
0	24.3225	0	2473.35	0	-0	-0	-0	0	9.55069	34.6023	-150.796	0	0.00838172	-0	-0	-0	0.00838172
0	24.292	0	1592.29	0	-0	-0	-0	0	9.2491	34.6023	-150.796	0	0.00335523	-0	-0	-0	0.00335523
0	21.8658	0	2075.92	0	-0	-0	-0	0	8.94751	34.6023	-150.796	0	-0.00167125	-0	-0	-0	-0.00167125
0	20.6604	0	1247.52	0	-0	-0	-0	0	8.64592	34.6023	-150.796	0	-0.00669773	-0	-0	-0	-0.00669773
0	18.2343	0	1496.52	0	-0	-0	-0	0	8.34433	34.6023	-150.796	0	-0.00921098	-0	-0	-0	-0.00921098
0	20.6604	0	1635.38	0	-0	-0	-0	0	8.04274	34.6023	-150.796	0	-0.0167507	-0	-0	-0	-0.0167507
0	15.7928	0	936.277	0	-0	-0	-0	0	7.74115	34.6023	-150.796	0	-0.0217772	-0	-0	-0	-0.0217772
0	17.0136	0	3009.66	0	-0	-0	-0	0	7.43957	34.6023	-150.796	0	-0.0268037	-0	-0	-0	-0.0268037
0	12.146	0	2080.71	0	-0	-0	-0	0	7.13798	34.6023	-150.796	0	-0.0318302	-0	-0	-0	-0.0318302
0	10.9406	0	1439.06	0	-0	-0	-0	0	6.83639	34.6023	-150.796	0	-0.0368567	-0	-0	-0	-0.0368567
0	15.7928	0	-567.282	0	0	-0	-0	0	6.5348	34.6023	-150.796	0	-0.0418831	-0	-0	-0	-0.0418831
0	19.4397	0	998.526	0	-0	-0	-0	0	6.23321	34.6023	-150.796	0	-0.0469096	-0	-0	-0	-0.0469096
0	17.0288	0	1146.97	0	-0	-0	-0	0	5.93162	34.1809	-150.796	0	-0.0519361	-0	-0	-0	-0.0519361
0	18.2343	0	59.9987	0	-0	-0	-0	0	5.63003	33.4349	-150.796	0	-0.0569626	-0	-0	-0	-0.0569626
0	16.9983	0	490.955	0	-0	-0	-0	0	5.32844	32.1514	-150.796	0	-0.0619891	-0	-0	-0	-0.0619891
0	19.4397	0	979.372	0	-0	-0	-0	0	5.02685	31.5086	-150.796	0	-0.0670156	-0	-0	-0	-0.0670156
0	15.7928	0	419.129	0	-0	-0	-0	0	4.72526	30.6498	-150.796	0	-0.072042	-0	-0	-0	-0.072042
0	15.7776	0	1319.35	0	-0	-0	-0	0	4.42368	30.1975	-150.796	0	-0.0770685	-0	-0	-0	-0.0770685
0	14.5721	0	237.17	0	-0	-0	-0	0	4.12209	29.8069	-150.796	0	-0.082095	-0	-0	-0	-0.082095
0	9.73511	0	452.648	0	-0	-0	-0	0	3.8205	28.7906	-150.796	0	-0.0871215	-0	-0	-0	-0.0871215
0	13.3667	0	2195.63	0	-0	-0	-0	0	3.51891	27.7647	-150.796	0	-0.092148	-0	-0	-0	-0.092148
0	8.5144	0	-667.839	0	0	-0	-0	0	3.21732	27.2304	-150.796	0	-0.0971744	-0	-0	-0	-0.0971744
0	8.48389	0	783.048	0	-0	-0	-0	0	2.91573	26.7164	-150.796	0	-0.102201	-0	-0	-0	-0.102201
0	8.5144	0	1755.09	0	-0	-0	-0	0	2.61414	25.8171	-150.796	0	-0.107227	-0	-0	-0	-0.107227
0	7.30896	0	1544.4	0	-0	-0	-0	0	2.31255	24.8838	-150.796	0	-0.112254	-0	-0	-0	-0.112254
0	8.49915	0	352.091	0	-0	-0	-0	0	2.01096	24.2006	-150.796	0	-0.11728	-0	-0	-0	-0.11728
0	9.71985	0	447.859	0	-0	-0	-0	0	1.70937	23.2364	-150.796	0	-0.122307	-0	-0	-0	-0.122307
0	10.9253	0	1065.56	0	-0	-0	-0	0	1.40945	22.2829	-145.788	0	-0.122297	-0	-0	-0	-0.122297
0	7.27844	0	677.703	0	-0	-0	-0	0	1.13296	21.3772	-130.708	0	-0.111825	-0	-0	-0	-0.111825
0	4.85229	0	-562.494	0	0	-0	-0	0	0.886624	20.5918	-115.629	0	-0.100852	-0	-0	-0	-0.100852
0	6.08826	0	2209.99	0	-0	-0	-0	0	0.670449	20.0054	-100.549	0	-0.089375	-0	-0	-0	-0.089375
0	7.29371	0	859.662	0	-0	-0	-0	0	0.484433	19.0231	-85.4697	0	-0.0773958	-0	-0	-0	-0.0773958
0	9.71985	0	-696.569	0	0	-0	-0	0	0.328575	18.5144	-70.3903	0	-0.064914	-0	-0	-0	-0.064914
0	13.3514	0	1070.35	0	-0	-0	-0	0	0.202875	17.9515	-55.3108	0	-0.0519296	-0	-0	-0	-0.0519296
0	13.3514	0	160.555	0	-0	-0	-0	0	0.107334	17.2874	-40.2314	0	-0.0384425	-0	-0	-0	-0.0384425
0	18.2343	0	-184.21	0	0	-0	-0	0	0.0419519	16.8617	-25.1519	0	-0.0244527	-0	-0	-0	-0.0244527
0	18.2343	0	960.219	0	-0	-0	-0	0	0.00672793	16.5382	-10.0725	0	-0.00996035	-0	-0	-0	-0.00996035
0	18.219	0	572.358	0	-0	-0	-0	0	0	15.7953	0	0	0	0	-0	-0	0
0	19.4397	0	1415.12	0	-0	-0	-0	0	0	15.0142	0	0	0	0	-0	-0	0
0	21.8658	0	-1098.79	0	0	-0	-0	0	0	14.5044	0	0	0	0	-0	-0	0
0	21.8658	0	12.1147	0	-0	-0	-0	0	0	14.3427	0	0	0	0	-0	-0	0
0	25.5127	0	141.402	0	-0	-0	-0	0	0	13.918	0	0	0	0	-0	-0	0
0	25.4974	0	1707.21	0	-0	-0	-0	0	0	13.0603	0	0	0	0	-0	-0	0
0	27.9388	0	160.555	0	-0	-0	-0	0	0	12.5973	0	0	0	0	-0	-0	0
0	26.7181	0	-251.248	0	0	-0	-0	0	0	12.1908	0	0	0	0	-0	-0	0
0	27.9388	0	-2.25055	0	0	-0	-0	0	0	11.6151	0	0	0	0	-0	-0	0
0	29.1443	0	893.181	0	-0	-0	-0	0	0	11.0808	0	0	0	0	-0	-0	0
0	24.292	0	-490.668	0	0	-0	-0	0	0	10.8573	0	0	0	0	-0	-0	0
0	26.7181	0	1448.64	0	-0	-0	-0	0	0	10.2678	0	0	0	0	-0	-0	0
0	25.528	0	213.228	0	-0	-0	-0	0	0	9.61325	0	0	0	0	-0	-0	0
0	24.292	0	-404.476	0	0	-0	-0	0	0	9.24929	0	0	0	0	-0	-0	0
0	25.4974	0	-50.1346	0	0	-0	-0	0	0	8.67141	0	0	0	0	-0	-0	0
0	25.5127	0	1534.83	0	-0	-0	-0	0	0	8.46282	0	0	0	0	-0	-0	0
0	20.6451	0	203.651	0	-0	-0	-0	0	0	7.80088	0	0	0	0	-0	-0	0
0	21.8811	0	-1146.68	0	0	-0	-0	0	0	7.24322	0	0	0	0	-0	-0	0
0	21.8811	0	864.451	0	-0	-0	-0	0	0	6.95907	0	0	0	0	-0	-0	0
0	20.6604	0	1592.29	0	-0	-0	-0	0	0	6.2801	0	0	0	0	-0	-0	0
0	19.4244	0	-706.146	0	0	-0	-0	0	0	5.97573	0	0	0	0	-0	-0	0
0	19.4244	0	577.146	0	-0	-0	-0	0	0	5.67881	0	0	0	0	-0	-0	0
0	18.219	0	150.978	0	-0	-0	-0	0	0	5.11477	0	0	0	0	-0	-0	0
0	19.455	0	452.648	0	-0	-0	-0	0	0	4.70398	0	0	0	0	-0	-0	0
0	15.7928	0	395.187	0	-0	-0	-0	0	0	4.41026	0	0	0	0	-0	-0	0
0	19.4397	0	16.9031	0	-0	-0	-0	0	0	4.01862	0	0	0	0	-0	-0	0
0	18.2495	0	-557.705	0	0	-0	-0	0	0	3.48651	0	0	0	0	-0	-0	0
0	16.9983	0	347.303	0	-0	-0	-0	0	0	3.09913	0	0	0	0	-0	-0	0
0	15.7928	0	-69.2882	0	0	-0	-0	0	0	2.67876	0	0	0	0	-0	-0	0
0	16.9983	0	136.613	0	-0	-0	-0	0	0	2.35204	0	0	0	0	-0	-0	0
0	17.0135	0	701.645	0	-0	-0	-0	0	0	1.95402	0	0	0	0	-0	-0	0
0	16.9983	0	141.402	0	-0	-0	-0	0	0	1.63156	0	0	0	0	-0	-0	0
0	15.7928	0	304.207	0	-0	-0	-0	0	0	1.40488	0	0	0	0	-0	-0	0
0	14.5874	0	160.555	0	-0	-0	-0	0	0	1.07072	0	0	0	0	-0	-0	0
0	14.5721	0	-414.053	0	0	-0	-0	0	0	0.602458	0	0	0	0	-0	-0	0
0	13.382	0	-308.708	0	0	-0	-0	0	0	0.41409	0	0	0	0	-0	-0	0
0	13.3667	0	-667.839	0	0	-0	-0	0	0	0.201245	0	0	0	0	-0	-0	0
0	10.9253	0	-404.476	0	0	-0	-0	0	0	-0.0137285	0	0	0	0	0	-0	0
0	9.73511	0	-658.262	0	0	-0	-0	0	0	-0.184005	0	0	0	0	0	-0	0
0	9.71985	0	-514.61	0	0	-0	-0	0	0	-0.385143	0	0	0	0	0	-0	0
0	7.2937	0	-490.668	0	0	-0	-0	0	0	-0.529878	0	0	0	0	0	-0	0
0	7.2937	0	-16.6158	0	0	-0	-0	0	0	-0.593731	0	0	0	0	0	-0	0
0	6.073	0	-117.172	0	0	-0	-0	0	0	-0.622465	0	0	0	0	0	-0	0
0	4.86755	0	-26.1926	0	0	-0	-0	0	0	-0.653328	0	0	0	0	0	-0	0
0	3.64685	0	-131.537	0	0	-0	-0	0	0	-0.689511	0	0	0	0	0	-0	0
0	2.44141	0	-126.749	0	0	-0	-0	0	0	-0.725695	0	0	0	0	0	-0	0
0	1.2207	0	26.4799	0	-0	-0	-0	0	0	-0.744851	0	0	0	0	0	-0	0
0	1.2207	0	-74.0766	0	0	-0	-0	0	0	-0.764007	0	0	0	0	0	-0	0
0	2.41089	0	64.7871	0	-0	-0	-0	0	0	-0.783163	0	0	0	0	0	-0	0
0	1.2207	0	-270.401	0	0	-0	-0	0	0	-0.782099	0	0	0	0	0	-0	0
