0	0	0	-3.87861	0	0	0	0	0	0	0.000308625	0	-1.06423	0	-1.2345e-05	-1.2345e-05	0	-1.2345e-05
0.48	1.21498	480	77.5242	0.00542222	-0.000149696	-0.000176395	2.66996e-05	0.00527253	0	0.0173362	0	18.0918	0	-0.000692108	-0.000693449	1.34093e-06	-0.000692108
1.92	1.21498	960	-13.4554	0.0110222	0.000227104	0.000169205	5.78996e-05	0.0112493	0	-0.0773798	0	-34.0552	0	0.0031745	0.00309519	7.93061e-05	0.0031745
4.32	0	1440	-80.4931	0.0168	0.0011931	0.0010368	0.0001563	0.0179931	0	-0.0646091	0	11.7065	0	0.00312476	0.00258436	0.000540392	0.00312476
7.68	0	1920	-46.9742	0.0227556	0.00217921	0.0018432	0.00033601	0.0249348	0	-0.0337466	0	14.8992	0	0.00223002	0.00134986	0.000880157	0.00223002
12	0	2400	24.8518	0.0288889	0.00358831	0.00288	0.000708309	0.0324772	0	0.0130793	0	23.413	0	0.000489224	-0.000523173	0.0010124	0.000489224
17.28	0	2880	15.275	0.0352	0.00538591	0.0041472	0.00123871	0.0405859	0	0.0332996	0	3.19267	0	-0.000449145	-0.00133198	0.000882839	-0.000449145
23.52	0.000476837	3360	-23.0322	0.0416889	0.0076346	0.00564469	0.00198991	0.0493235	0	0.0173362	0	-9.57802	0	8.74809e-06	-0.000693449	0.000702197	8.74809e-06
30.72	0	3840	20.0634	0.0483556	0.0103731	0.0073728	0.0030003	0.0587287	0	0.0077582	0	-2.12845	0	0.0003102	-0.000310328	0.000620528	0.0003102
38.88	0	4320	139.773	0.0552	0.0136638	0.0093312	0.00433259	0.0688638	0	-0.00288405	0	-5.32113	0	0.000705305	0.000115362	0.000589943	0.000705305
48	1.21403	4800	393.559	0.0622222	0.0171809	0.0112286	0.0059523	0.0794032	0	-0.0007556	0	4.2569	0	0.000643856	3.0224e-05	0.000613632	0.000643856
58.08	1.21498	5280	1011.26	0.0694222	0.0215697	0.0136476	0.00792212	0.090992	0	0.0205289	0	9.57803	0	-0.00023811	-0.000821156	0.000583046	-0.00023811
69.12	3.64494	5760	1619.39	0.0768	0.0259944	0.015714	0.0102804	0.102794	0	0.0460703	0	12.7707	0	-0.00142125	-0.00184281	0.000421561	-0.00142125
81.12	6.07443	6240	1973.73	0.0843556	0.031028	0.0180109	0.0130171	0.115384	0	-0.0156548	0	-51.0828	0	0.000803256	0.00062619	0.000177066	0.000803256
94.08	9.71651	6720	2754.24	0.0920889	0.0363933	0.0202472	0.0161461	0.128482	0	-0.112499	0	-35.1194	0	0.00495614	0.00449997	0.000456169	0.00495614
108	10.932	7200	3630.52	0.1	0.0429537	0.0232963	0.0196574	0.142954	0	-0.0986643	0	11.7065	0	0.00507135	0.00394657	0.00112478	0.00507135
122.88	18.2204	7680	4066.26	0.108089	0.0487076	0.0251183	0.0235893	0.156797	0	-0.212536	0	-84.0738	0	0.0103076	0.00850146	0.00180616	0.0103076
138.72	25.5089	8160	5426.17	0.116356	0.0550295	0.0271707	0.0278588	0.171385	0	-0.345565	0	-50.0186	0	0.017153	0.0138226	0.00333041	0.017153
147	29.1524	8400	5866.7	0.120556	0.0584064	0.0282834	0.030123	0.178962	0	-0.37217	0	-26.6056	0	0.0192539	0.0148868	0.0043671	0.0192539
164.28	40.0853	8880	834.092	0.129089	0.0647168	0.0298067	0.0349101	0.193806	0	-0.365785	0	5.32112	0	0.0212283	0.0146314	0.00659693	0.0212283
182.25	65.5947	9000	2404.69	0.13375	0.0678602	0.0279973	0.0398629	0.20161	0	-0.42751	0	-27.6698	0	0.0259942	0.0171004	0.0088938	0.0259942
200.25	103.252	9000	-1627.15	0.137083	0.0676485	0.0232795	0.044369	0.204732	0	-0.42006	0	5.32112	0	0.0282549	0.0168024	0.0114525	0.0282549
218.25	150.624	9000	3956.13	0.140417	0.0641733	0.0162303	0.047943	0.20459	0	-0.500941	0	-48.9544	0	0.0341063	0.0200377	0.0140686	0.0341063
236.25	193.141	9000	5598.55	0.14375	0.0606884	0.0103462	0.0503422	0.204438	0	-0.608428	0	-36.1837	0	0.0416253	0.0243371	0.0172882	0.0416253
254.25	229.583	9000	8648.77	0.147083	0.0577779	0.00592008	0.0518578	0.204861	0	-0.638227	0	-1.06424	0	0.046554	0.0255291	0.021025	0.046554
272.25	252.661	9000	7308.01	0.150417	0.0575071	0.0047013	0.0528059	0.207924	0	-0.806374	0	-126.643	0	0.0572338	0.032255	0.0249788	0.0572338
290.25	275.742	9000	4367.93	0.15375	0.0571053	0.00348173	0.0536236	0.210855	0	-0.979843	0	-61.725	0	0.069346	0.0391937	0.0301523	0.069346
308.25	302.465	9000	2423.84	0.157083	0.055578	0.00138839	0.0541896	0.212661	0	-0.86065	0	92.5876	0	0.0703775	0.034426	0.0359515	0.0703775
326.25	340.122	9000	1494.89	0.160417	0.0509071	-0.00332941	0.0542365	0.211324	0	-0.92876	0	-81.9454	0	0.0782243	0.0371504	0.0410739	0.0782243
344.25	381.421	9000	2352.02	0.16375	0.0445519	-0.00892104	0.0534729	0.208302	0	-1.16502	0	-103.23	0	0.0936463	0.0466007	0.0470456	0.0936463
362.25	427.581	9000	3352.79	0.167083	0.0360005	-0.0156796	0.0516801	0.203084	0	-0.938338	0	156.441	0	0.0913585	0.0375335	0.053825	0.0913585
380.25	461.593	9000	5119.71	0.170417	0.0293599	-0.0195225	0.0488824	0.199776	0	-1.06498	0	-207.524	0	0.101812	0.0425992	0.0592123	0.101812
398.25	488.319	9000	7801.22	0.17375	0.0239248	-0.0216166	0.0455414	0.197675	0	-1.36935	0	51.0828	0	0.121443	0.054774	0.0666686	0.121443
416.25	505.325	9000	6221.05	0.177083	0.0205949	-0.021378	0.0419729	0.197678	0	-0.0156548	0	710.902	0	0.0735825	0.00062619	0.0729563	0.0735825
434.25	515.042	9000	2414.27	0.180417	0.0191511	-0.0193902	0.0385413	0.199568	0	0.221667	0	-93.6518	0	0.0631906	-0.0088667	0.0720573	0.0631906
452.25	525.975	9000	5220.27	0.18375	0.0176741	-0.0176941	0.0353682	0.201424	0	0.0120151	0	-19.1561	0	0.0708182	-0.000480604	0.0712988	0.0708182
470.25	530.831	9000	9970.37	0.187083	0.018011	-0.0145396	0.0325506	0.205094	0	0.541999	0	324.589	0	0.0489306	-0.02168	0.0706105	0.0489306
488.25	522.33	9000	8797.21	0.190417	0.0222009	-0.00817923	0.0303802	0.212618	0	0.653743	0	-91.5235	0	0.040599	-0.0261497	0.0667487	0.040599
506.25	512.613	9000	7528.28	0.19375	0.0277912	-0.00152728	0.0293184	0.221541	0	0.513265	0	70.2389	0	0.0429278	-0.0205306	0.0634584	0.0429278
524.25	508.968	9000	3438.98	0.197083	0.03296	0.00366756	0.0292925	0.230043	0	1.21672	0	288.405	0	0.010465	-0.0486687	0.0591337	0.010465
542.25	521.116	9000	1983.31	0.200417	0.0350829	0.00507201	0.0300109	0.2355	0	1.07411	0	-169.212	0	0.00878908	-0.0429645	0.0517536	0.00878908
560.25	557.56	9000	-659.89	0.20375	0.0313174	0.000645469	0.0306719	0.235067	0	0.531357	0	-261.799	0	0.0248975	-0.0212543	0.0461517	0.0248975
578.25	587.925	9000	2040.77	0.207083	0.028346	-0.00232204	0.0306681	0.235429	0	0.429191	0	72.3673	0	0.0263196	-0.0171677	0.0434872	0.0263196
596.25	626.798	9000	2826.07	0.210417	0.0227651	-0.00733153	0.0300966	0.233182	0	1.30292	0	458.681	0	-0.0124499	-0.0521168	0.0396669	-0.0124499
623.25	662.023	9000	10870.6	0.215417	0.018551	-0.00930542	0.0278564	0.233968	0	0.604789	0	-356.515	0	0.0048793	-0.0241915	0.0290708	0.0048793
641.25	676.6	9000	7394.2	0.21875	0.0178313	-0.0084841	0.0263154	0.236581	0	0.589889	0	123.45	0	0.00226158	-0.0235956	0.0258572	0.00226158
659.25	697.252	9000	4952.12	0.222083	0.015718	-0.00912047	0.0248385	0.237801	0	0.432384	0	-227.744	0	0.00481174	-0.0172954	0.0221071	0.00481174
677.25	708.183	9000	2605.8	0.225417	0.0161474	-0.00742395	0.0235714	0.241564	0	-0.343436	0	-329.91	0	0.034588	0.0137374	0.0208505	0.034588
695.25	743.406	9000	-1957.55	0.22875	0.0106408	-0.0115574	0.0221982	0.239391	0	0.0407492	0	429.947	0	0.0214185	-0.00162997	0.0230484	0.0214185
713.25	779.853	9000	4013.59	0.232083	0.00412716	-0.0159846	0.0201118	0.236211	0	-0.04971	0	-284.148	0	0.0242113	0.0019884	0.0222229	0.0242113
731.25	801.712	9000	9912.91	0.235417	0.000449594	-0.0169108	0.0173604	0.235866	0	-1.26186	0	-570.425	0	0.0749208	0.0504745	0.0244463	0.0749208
749.25	800.503	9000	15333.4	0.23875	0.00237269	-0.0123006	0.0146733	0.241123	0	-0.37217	0	821.582	0	0.0467	0.0148868	0.0318132	0.0467
767.25	774.991	9000	12072.5	0.242083	0.011164	-0.00185789	0.0130219	0.253247	0	0.316384	0	-87.2665	0	0.0190634	-0.0126553	0.0317187	0.0190634
785.25	756.769	9000	5426.17	0.245417	0.0198735	0.00683547	0.013038	0.26529	0	-0.671217	0	-344.809	0	0.0585975	0.0268487	0.0317488	0.0585975
803.25	764.058	9000	-521.026	0.24875	0.0237147	0.00940614	0.0143086	0.272465	0	-0.280647	0	243.708	0	0.0465614	0.0112259	0.0353355	0.0465614
821.25	790.784	9000	-1416.46	0.252083	0.0231495	0.00731197	0.0158375	0.275233	0	-0.262555	0	-158.57	0	0.0469916	0.0105022	0.0364894	0.0469916
839.25	833.299	9000	-161.896	0.255417	0.0182516	0.00142843	0.0168232	0.273668	0	-0.544575	0	-25.5414	0	0.0606172	0.021783	0.0388342	0.0606172
857.25	864.882	9000	-492.296	0.257083	0.0129506	-0.00399168	0.0169422	0.270034	0	-0.618006	0	-73.4315	0	0.0651881	0.0247202	0.0404679	0.0651881
875.25	937.763	9000	5009.58	0.262083	-0.000365035	-0.015003	0.014638	0.261718	0	-0.198701	0	449.103	0	0.0545559	0.00794806	0.0466078	0.0545559
893.251	968.128	9000	12685.4	0.265417	-0.00599338	-0.0179706	0.0119773	0.259423	0	0.333411	0	58.5324	0	0.0330429	-0.0133364	0.0463793	0.0330429
911.251	960.848	9000	17660.5	0.26875	-0.00271698	-0.0119033	0.00918637	0.266033	0	-0.46795	0	-361.837	0	0.0644154	0.018718	0.0456974	0.0644154
929.251	941.406	9000	8931.28	0.272083	0.00468384	-0.00291735	0.0076012	0.276767	0	-0.0965359	0	385.249	0	0.0524081	0.00386143	0.0485466	0.0524081
947.251	930.474	9000	503.692	0.275417	0.0113941	0.00402633	0.00736778	0.286811	0	0.173777	0	-35.1194	0	0.0412584	-0.00695109	0.0482095	0.0412584
965.251	958.415	9000	-4370.9	0.27875	0.00959206	0.00164057	0.0079515	0.288342	0	-0.0380035	0	-118.129	0	0.048968	0.00152014	0.0474478	0.048968
983.251	1005.79	9000	824.515	0.282083	0.00260777	-0.00540844	0.00801621	0.284691	0	0.0152078	0	104.294	0	0.0472208	-0.000608311	0.0478291	0.0472208
1001.25	1064.1	9000	862.822	0.285417	-0.00829838	-0.015083	0.00678458	0.277118	0	-0.225307	0	-195.817	0	0.0568842	0.00901228	0.0478719	0.0568842
1019.25	1141.84	9000	-4232.04	0.28875	-0.0257724	-0.0294214	0.00364902	0.262978	0	-0.679731	0	-180.918	0	0.0772335	0.0271892	0.0500443	0.0772335
1037.2	1186.78	8839.98	3376.73	0.290296	-0.0373637	-0.0359005	-0.00146318	0.252932	0	-0.128463	0	444.846	0	0.0589419	0.00513851	0.0538034	0.0589419
1054.4	1200.15	8359.98	23392.3	0.288147	-0.0426161	-0.0349796	-0.00763654	0.245531	0	-0.473272	0	-770.499	0	0.072228	0.0189309	0.0532971	0.072228
1070.64	1138.19	7879.98	26308.4	0.285821	-0.0290283	-0.0162125	-0.0128158	0.256793	0	-1.86741	0	-30.8627	0	0.134923	0.0746963	0.0602266	0.134923
1085.92	1070.17	7399.98	7298.44	0.283318	-0.0108303	0.0037795	-0.0146098	0.272488	0	0.739945	0	1240.89	0	0.0377338	-0.0295978	0.0673316	0.0377338
1100.24	1002.15	6919.98	1988.1	0.280636	0.00992154	0.023542	-0.0136204	0.290558	0	0.706954	0	-279.891	0	0.0338731	-0.0282782	0.0621512	0.0338731
1113.6	1016.72	6439.98	-3422.8	0.277777	0.0133258	0.0232511	-0.00992522	0.291103	0	0.152493	0	-187.304	0	0.0529113	-0.00609971	0.059011	0.0529113
1126	1033.72	5959.98	-109.223	0.27474	0.0161004	0.0221457	-0.0060453	0.29084	0	0.17697	0	60.6608	0	0.0511258	-0.0070788	0.0582046	0.0511258
1137.44	1079.88	5479.97	-3164.22	0.271525	0.011308	0.0138129	-0.00250493	0.282833	0	0.0364923	0	-138.349	0	0.0556895	-0.00145969	0.0571491	0.0556895
1147.92	1138.19	4999.97	-942.406	0.268133	0.00167891	0.00233335	-0.000654437	0.269811	0	0.284457	0	146.863	0	0.0452486	-0.0113783	0.0566269	0.0452486
1157.44	1173.42	4519.97	2308.92	0.264562	-0.00451399	-0.00383587	-0.000678123	0.260048	0	0.496238	0	250.093	0	0.0351856	-0.0198495	0.0550351	0.0351856
1166	1156.41	4039.97	34630.6	0.260814	0.000997573	0.00229998	-0.00130241	0.261812	0	1.43701	0	178.79	0	-0.0077088	-0.0574805	0.0497717	-0.0077088
1173.6	1094.47	3559.97	18819.3	0.256888	0.0186842	0.0189903	-0.00030605	0.275572	0	0.725046	0	-156.441	0	0.0138144	-0.0290018	0.0428162	0.0138144
1180.24	1055.6	3079.97	628.191	0.252784	0.0333279	0.029914	0.00341386	0.286112	0	1.71371	0	490.608	0	-0.0315767	-0.0685484	0.0369718	-0.0315767
1185.92	1043.45	2599.97	-3844.18	0.248503	0.0426507	0.0341918	0.00845896	0.291154	0	1.59345	0	-142.606	0	-0.0371157	-0.0637381	0.0266224	-0.0371157
1190.64	1083.53	2119.97	1432.64	0.244044	0.0395494	0.0257065	0.013843	0.283593	0	1.41573	0	-197.946	0	-0.0396281	-0.0566291	0.0170011	-0.0396281
1194.4	1118.76	1639.97	-4437.94	0.239406	0.0359788	0.0181517	0.0178271	0.275385	0	1.58068	0	63.8533	0	-0.0550239	-0.0632273	0.00820338	-0.0550239
1197.2	1181.92	1159.97	-2900.86	0.234592	0.0238927	0.00366574	0.020227	0.258484	0	1.58707	0	54.2753	0	-0.0646198	-0.0634827	-0.00113705	-0.0646198
1199.04	1241.44	679.965	-501.873	0.229599	0.00997654	-0.0101776	0.0201542	0.239576	0	1.36571	0	-137.285	0	-0.0650356	-0.0546284	-0.0104072	-0.0650356
1199.92	1271.82	199.964	609.037	0.224429	0.000799332	-0.0172568	0.0180561	0.225228	0	0.928313	0	-323.524	0	-0.0553924	-0.0371325	-0.0182599	-0.0553924
1200	1256.02	0	26878.2	0.222222	0.00171287	-0.0134447	0.0151576	0.223935	0	1.01877	0	207.524	0	-0.0642294	-0.0407509	-0.0234786	-0.0642294
1200	1183.14	0	21596.6	0.222222	0.0175715	0.00404736	0.0135241	0.239794	0	-0.149747	0	-945.032	0	-0.0229308	0.00598989	-0.0289207	-0.0229308
1200	1117.55	0	3166.04	0.222222	0.0346921	0.0197889	0.0149031	0.256914	0	-1.11606	0	-192.625	0	0.0189414	0.0446425	-0.0257012	0.0189414
1200	1078.66	0	1164.49	0.222222	0.0476866	0.0291209	0.0185657	0.269909	0	-0.78509	0	208.588	0	0.0120316	0.0314036	-0.0193719	0.0120316
1200	1051.94	0	3860.36	0.222222	0.0591951	0.0355333	0.0236618	0.281417	0	-0.529676	0	60.6608	0	0.00594135	0.021187	-0.0152457	0.00594135
1200	1048.3	0	8385.4	0.222222	0.0659915	0.0364076	0.0295839	0.288214	0	-0.610557	0	-138.349	0	0.0121822	0.0244223	-0.01224	0.0121822
1200	1028.87	0	11871.4	0.222222	0.0768202	0.0410713	0.0357489	0.299042	0	-0.787218	0	194.753	0	0.0240263	0.0314887	-0.00746244	0.0240263
1200	1011.86	0	4837.2	0.222222	0.0879899	0.0451527	0.0428372	0.310212	0	-0.189123	0	105.358	0	0.0033476	0.00756494	-0.00421734	0.0033476
1200	1020.37	0	2452.57	0.222222	0.0935718	0.043112	0.0504598	0.315794	0	-0.583951	0	-238.386	0	0.0207448	0.023358	-0.00261327	0.0207448
1200	1027.66	0	-3571.24	0.222222	0.0984966	0.0413615	0.0571351	0.320719	0	-0.966008	0	-206.46	0	0.0400575	0.0386403	0.00141722	0.0400575
1200	1098.1	0	963.379	0.222222	0.0878282	0.0244554	0.0633728	0.31005	0	-1.26825	0	-286.277	0	0.0579911	0.0507299	0.00726116	0.0579911
1200	1158.85	0	963.379	0.222222	0.0766693	0.00987653	0.0667927	0.298891	0	-1.82164	0	-233.065	0	0.0886974	0.0728658	0.0158316	0.0886974
1200	1229.29	0	6905.79	0.222222	0.0605824	-0.00703052	0.0676129	0.282805	0	-1.15331	0	654.499	0	0.0728525	0.0461325	0.02672	0.0728525
1200	1281.52	0	7446.88	0.222222	0.0462442	-0.019565	0.0658092	0.268466	0	0.0545841	0	170.276	0	0.0283437	-0.00218336	0.030527	0.0283437
1200	1310.67	0	9118.03	0.222222	0.0356707	-0.0265614	0.0622321	0.257893	0	-1.6386	0	-989.729	0	0.0978538	0.0655439	0.0323099	0.0978538
1200	1325.26	0	3108.58	0.222222	0.0275967	-0.0300624	0.0576591	0.249819	0	-1.54175	0	525.727	0	0.105098	0.0616702	0.0434281	0.105098
1200	1324.04	0	5976.84	0.222222	0.0229276	-0.0297694	0.0526971	0.24515	0	-0.264683	0	464.002	0	0.0608268	0.0105873	0.0502394	0.0608268
1200	1307.04	0	8605.67	0.222222	0.02224	-0.0256898	0.0479298	0.244462	0	-0.354078	0	-173.469	0	0.0657384	0.0141631	0.0515753	0.0657384
1200	1277.89	0	8897.76	0.222222	0.0251483	-0.0186943	0.0438426	0.247371	0	-0.931953	0	-210.717	0	0.0920794	0.0372781	0.0548013	0.0920794
1200	1263.31	0	2873.95	0.222222	0.0257505	-0.0151952	0.0409457	0.247973	0	-0.39239	0	312.882	0	0.0754085	0.0156956	0.0597129	0.0754085
1200	1268.17	0	-3700.53	0.222222	0.0220771	-0.0163606	0.0384377	0.244299	0	-0.210408	0	-1.06421	0	0.0699345	0.00841632	0.0615181	0.0699345
1200	1215.94	0	-1038.17	0.222222	0.0310587	-0.00382617	0.0348849	0.253281	0	-0.312574	0	-46.8259	0	0.0754495	0.0125029	0.0629466	0.0754495
1200	1265.73	0	2768.61	0.222222	0.017427	-0.0157756	0.0332026	0.239649	0	-0.869163	0	-384.185	0	0.100106	0.0347665	0.0653393	0.100106
1200	1239.01	0	18230.4	0.222222	0.0213802	-0.00936328	0.0307434	0.243602	0	0.964497	0	1421.8	0	0.0307388	-0.0385799	0.0693187	0.0307388
1200	1202.58	0	6810.02	0.222222	0.0289046	-0.000618135	0.0295228	0.251127	0	2.46931	0	260.735	0	-0.038973	-0.0987724	0.0597995	-0.038973
1200	1188	0	345.675	0.222222	0.0325906	0.00287918	0.0297114	0.254813	0	1.86802	0	-263.928	0	-0.0287253	-0.074721	0.0459957	-0.0287253
1200	1194.07	0	1044.78	0.222222	0.0316392	0.00142348	0.0302157	0.253861	0	1.97977	0	229.873	0	-0.0440488	-0.0791907	0.0351419	-0.0440488
1200	1211.07	0	-3528.14	0.222222	0.0275764	-0.00265793	0.0302343	0.249799	0	2.68216	0	328.846	0	-0.0851436	-0.107286	0.0221427	-0.0851436
1200	1226.86	0	7145.21	0.222222	0.0231261	-0.0064464	0.0295725	0.245348	0	2.10322	0	-617.251	0	-0.0781939	-0.0841287	0.00593481	-0.0781939
1200	1229.3	0	8394.98	0.222222	0.0214169	-0.00703233	0.0284493	0.243639	0	0.711211	0	-442.718	0	-0.0322851	-0.0284484	-0.00383663	-0.0322851
1200	1220.79	0	7561.8	0.222222	0.0222156	-0.00498888	0.0272044	0.244438	0	1.82865	0	773.692	0	-0.082281	-0.0731459	-0.00913513	-0.082281
1200	1208.66	0	6125.28	0.222222	0.024441	-0.0020775	0.0265185	0.246663	0	1.91166	0	-317.139	0	-0.0977737	-0.0764663	-0.0213075	-0.0977737
1200	1198.93	0	6757.35	0.222222	0.0264782	0.00025708	0.0262211	0.2487	0	0.921928	0	-438.461	0	-0.0680007	-0.0368771	-0.0311236	-0.0680007
1200	1185.56	0	5952.9	0.222222	0.0301419	0.00346509	0.0266769	0.252364	0	0.672899	0	-22.3488	0	-0.0628911	-0.026916	-0.0359751	-0.0628911
1200	1171	0	2112.6	0.222222	0.034312	0.00696059	0.0273514	0.256534	0	0.352567	0	-349.066	0	-0.0542014	-0.0141027	-0.0400987	-0.0542014
1200	1167.35	0	2217.94	0.222222	0.0364932	0.0078358	0.0286574	0.258715	0	-0.434959	0	-261.799	0	-0.0232386	0.0173984	-0.0406369	-0.0232386
1200	1183.14	0	-3690.95	0.222222	0.0338409	0.00404736	0.0297935	0.256063	0	-0.261491	0	138.349	0	-0.0276729	0.0104596	-0.0381325	-0.0276729
1200	1209.85	0	2318.5	0.222222	0.0278115	-0.00236499	0.0301765	0.250034	0	0.068419	0	173.469	0	-0.0397697	-0.00273676	-0.0370329	-0.0397697
1200	1225.64	0	508.481	0.222222	0.0234098	-0.00615343	0.0295632	0.245632	0	0.711211	0	370.35	0	-0.0667092	-0.0284484	-0.0382608	-0.0667092
1200	1213.51	0	18254.3	0.222222	0.0252466	-0.00324205	0.0284887	0.247469	0	-1.20759	0	-1578.25	0	0.00679711	0.0483035	-0.0415064	0.00679711
1200	1188	0	9702.21	0.222222	0.0310463	0.00287915	0.0281671	0.253269	0	-1.88869	0	443.782	0	0.0446615	0.0755476	-0.0308862	0.0446615
1200	1168.56	0	2021.62	0.222222	0.0364122	0.00754652	0.0288656	0.258634	0	-0.754227	0	268.185	0	0.0080162	0.0301691	-0.0221529	0.0080162
1200	1170.97	0	2414.27	0.222222	0.0370892	0.00696606	0.0301231	0.259311	0	-1.25441	0	-315.011	0	0.0331045	0.0501765	-0.017072	0.0331045
1200	1180.72	0	2950.57	0.222222	0.0353314	0.00462779	0.0307036	0.257554	0	-1.5226	0	-268.185	0	0.0475952	0.0609039	-0.0133088	0.0475952
1200	1235.39	0	-7521.67	0.222222	0.022153	-0.00849352	0.0306466	0.244375	0	-1.64605	0	-85.1378	0	0.0665718	0.0658419	0.000729859	0.0665718
1200	1276.68	0	2854.8	0.222222	0.0105367	-0.0184032	0.0289398	0.232759	0	-2.0164	0	-208.588	0	0.0917474	0.0806559	0.0110914	0.0917474
1200	1313.11	0	2035.98	0.222222	-0.00166218	-0.0271465	0.0254843	0.22056	0	-2.6528	0	-235.194	0	0.130506	0.106112	0.0243935	0.130506
1200	1316.76	0	10300.8	0.222222	-0.0071349	-0.0280217	0.0208868	0.215087	0	-1.17353	0	1100.41	0	0.086115	0.0469413	0.0391737	0.086115
1200	1288.83	0	9903.33	0.222222	-0.00488289	-0.0213182	0.0164353	0.217339	0	0.601596	0	540.626	0	0.0184476	-0.0240638	0.0425114	0.0184476
1200	1266.96	0	2213.15	0.222222	-0.00289623	-0.0160704	0.0131742	0.219326	0	0.50688	0	67.0462	0	0.0191119	-0.0202752	0.0393871	0.0191119
1200	1258.46	0	1911.48	0.222222	-0.00343749	-0.0140306	0.0105931	0.218785	0	0.862331	0	129.836	0	0.00117573	-0.0344932	0.035669	0.00117573
1200	1256.03	0	44.0054	0.222222	-0.00519138	-0.0134465	0.00825515	0.217031	0	0.970882	0	24.4771	0	-0.00859252	-0.0388353	0.0302428	-0.00859252
1200	1258.46	0	-90.0699	0.222222	-0.00799214	-0.0140306	0.00603848	0.21423	0	0.962368	0	-11.7064	0	-0.0140868	-0.0384947	0.0244079	-0.0140868
1200	1254.8	0	412.712	0.222222	-0.00828246	-0.0131517	0.00486926	0.21394	0	0.968754	0	6.38527	0	-0.0172294	-0.0387501	0.0215208	-0.0172294
1200	1271.82	0	3917.82	0.222222	-0.0147782	-0.0172368	0.00245865	0.207444	0	0.727174	0	-120.257	0	-0.0130147	-0.029087	0.0160722	-0.0130147
1200	1251.15	0	3884.3	0.222222	-0.0123505	-0.0122765	-7.40375e-05	0.209872	0	1.47745	0	503.378	0	-0.0481296	-0.0590981	0.0109685	-0.0481296
1200	1224.43	0	3941.77	0.222222	-0.00774163	-0.00586412	-0.0018775	0.214481	0	1.06134	0	-428.883	0	-0.0403882	-0.0424536	0.00206545	-0.0403882
1200	1213.52	0	297.791	0.222222	-0.00592862	-0.0032439	-0.00268472	0.216294	0	0.800606	0	21.2845	0	-0.0354808	-0.0320242	-0.00345654	-0.0354808
1200	1207.41	0	1030.42	0.222222	-0.00478592	-0.00177905	-0.00300687	0.217436	0	0.944276	0	-29.7983	0	-0.0465516	-0.0377711	-0.00878058	-0.0465516
1200	1225.65	0	1126.18	0.222222	-0.00965366	-0.00615527	-0.00349838	0.212569	0	1.01558	0	139.413	0	-0.0548651	-0.0406232	-0.0142419	-0.0548651
1200	1246.31	0	700.017	0.222222	-0.0158584	-0.0111156	-0.00474277	0.206364	0	1.38593	0	151.12	0	-0.0764303	-0.0554372	-0.0209931	-0.0764303
1200	1271.8	0	7853.89	0.222222	-0.0240452	-0.0172313	-0.00681387	0.198177	0	1.15819	0	-222.423	0	-0.0756201	-0.0463274	-0.0292927	-0.0756201
1200	1271.81	0	11205.8	0.222222	-0.0271401	-0.017235	-0.00990518	0.195082	0	-0.775512	0	-1144.04	0	-0.00285238	0.0310205	-0.0338728	-0.00285238
1200	1265.75	0	-6889.6	0.222222	-0.0285568	-0.0157793	-0.0127775	0.193665	0	-1.36403	0	46.826	0	0.0272474	0.0545611	-0.0273137	0.0272474
1200	1262.09	0	-7014.1	0.222222	-0.0289947	-0.0149022	-0.0140925	0.193228	0	-1.19269	0	171.34	0	0.0244859	0.0477075	-0.0232217	0.0244859
1200	1246.31	0	221.176	0.222222	-0.0286907	-0.0111156	-0.0175751	0.193532	0	-1.23419	0	11.7065	0	0.036992	0.0493677	-0.0123757	0.036992
1200	1258.47	0	-2642.29	0.222222	-0.0336295	-0.0140325	-0.0195971	0.188593	0	-1.31614	0	-3.19266	0	0.0479112	0.0526455	-0.00473431	0.0479112
1200	1264.53	0	-1579.26	0.222222	-0.0373991	-0.0154881	-0.0219109	0.184823	0	-1.56836	0	-121.322	0	0.0662896	0.0627344	0.00355522	0.0662896
1200	1269.38	0	-573.699	0.222222	-0.041216	-0.0166509	-0.0245651	0.181006	0	-1.6088	0	3.1929	0	0.0774483	0.064352	0.0130963	0.0774483
1200	1276.68	0	1116.61	0.222222	-0.0457677	-0.0184032	-0.0273645	0.176455	0	-1.53537	0	46.8259	0	0.084084	0.0614147	0.0226693	0.084084
1200	1270.58	0	9467.58	0.222222	-0.0473473	-0.0169402	-0.0304071	0.174875	0	-0.0145905	0	1058.9	0	0.0310795	0.000583621	0.0304958	0.0310795
1200	1246.3	0	216.388	0.222222	-0.0441732	-0.011112	-0.0330613	0.178049	0	1.29334	0	320.332	0	-0.0241131	-0.0517337	0.0276206	-0.0241131
1200	1232.95	0	-832.272	0.222222	-0.0427235	-0.00790758	-0.0348159	0.179499	0	1.02729	0	-83.0096	0	-0.0206818	-0.0410914	0.0204097	-0.0206818
1200	1220.79	0	178.081	0.222222	-0.0409769	-0.00498891	-0.035988	0.181245	0	1.06241	0	10.6423	0	-0.0283237	-0.0424962	0.0141725	-0.0283237
1200	1214.72	0	417.501	0.222222	-0.0402557	-0.0035332	-0.0367225	0.181966	0	1.07837	0	2.12836	0	-0.0353782	-0.0431347	0.00775659	-0.0353782
1200	1246.3	0	829.304	0.222222	-0.0481289	-0.011112	-0.037017	0.174093	0	1.06134	0	-17.0275	0	-0.0379322	-0.0424536	0.00452148	-0.0379322
1200	1245.1	0	211.6	0.222222	-0.0492591	-0.0108245	-0.0384346	0.172963	0	1.00174	0	-8.51381	0	-0.0448673	-0.0400698	-0.00479752	-0.0448673
1200	1262.1	0	1930.64	0.222222	-0.0552636	-0.0149041	-0.0403596	0.166959	0	1.04219	0	10.6422	0	-0.0525848	-0.0416874	-0.0108974	-0.0525848
1200	1266.94	0	7489.97	0.222222	-0.0589103	-0.0160668	-0.0428436	0.163312	0	0.211025	0	-469.323	0	-0.024506	-0.00844101	-0.016065	-0.024506
1200	1260.86	0	-4504.98	0.222222	-0.0600563	-0.0146074	-0.0454489	0.162166	0	-0.44773	0	-163.891	0	0.00206266	0.0179092	-0.0158465	0.00206266
1200	1252.37	0	-233.722	0.222222	-0.0604276	-0.0125676	-0.04786	0.161795	0	-0.423253	0	-15.9634	0	0.00364864	0.0169301	-0.0132815	0.00364864
1200	1249.94	0	771.843	0.222222	-0.0618676	-0.0119854	-0.0498822	0.160355	0	-0.593529	0	-124.514	0	0.0131365	0.0237412	-0.0106047	0.0131365
1200	1253.57	0	278.637	0.222222	-0.0647611	-0.0128569	-0.0519042	0.157461	0	-0.490299	0	102.166	0	0.0125653	0.019612	-0.0070467	0.0125653
1200	1251.17	0	-1138.73	0.222222	-0.0663296	-0.012282	-0.0540476	0.155893	0	-0.532868	0	-62.7893	0	0.0171492	0.0213147	-0.00416556	0.0171492
1200	1253.59	0	-5548.85	0.222222	-0.068882	-0.0128606	-0.0560214	0.15334	0	-0.57118	0	-17.0276	0	0.0219427	0.0228472	-0.000904501	0.0219427
1200	1245.1	0	-923.252	0.222222	-0.0688681	-0.0108245	-0.0580437	0.153354	0	-0.346629	0	130.9	0	0.0161068	0.0138652	0.00224163	0.0161068
1200	1222	0	1178.86	0.222222	-0.0651031	-0.00528003	-0.059823	0.157119	0	-1.00219	0	-276.699	0	0.0455457	0.0400877	0.00545799	0.0455457
1200	1223.22	0	1284.2	0.222222	-0.0664222	-0.005573	-0.0608492	0.1558	0	-0.374299	0	412.919	0	0.0257982	0.0149719	0.0108262	0.0257982
1200	1215.91	0	1514.05	0.222222	-0.0654269	-0.00381885	-0.0616081	0.156795	0	-0.0699302	0	65.9819	0	0.0151541	0.00279721	0.0123569	0.0151541
1200	1203.78	0	1102.24	0.222222	-0.0631285	-0.000907471	-0.062221	0.159094	0	0.25253	0	154.313	0	0.00217079	-0.0101012	0.012272	0.00217079
1200	1190.4	0	1887.54	0.222222	-0.0599228	0.0023042	-0.062227	0.162299	0	0.261044	0	-64.9177	0	9.47658e-05	-0.0104418	0.0105365	9.47658e-05
1200	1189.22	0	5.6982	0.222222	-0.0592089	0.00258618	-0.0617951	0.163013	0	0.220603	0	2.12842	0	0.000273833	-0.00882413	0.00909796	0.000273833
1200	1200.13	0	977.744	0.222222	-0.0614933	-3.22266e-05	-0.0614611	0.160729	0	0.140786	0	-72.3673	0	0.00216524	-0.00563145	0.00779669	0.00216524
1200	1217.15	0	805.362	0.222222	-0.0657766	-0.00411548	-0.0616611	0.156446	0	0.0737402	0	-15.9634	0	0.00415561	-0.00294961	0.00710522	0.00415561
1200	1260.86	0	-884.945	0.222222	-0.0769548	-0.0146074	-0.0623474	0.145267	0	0.0173362	0	22.3487	0	0.00620559	-0.000693449	0.00689904	0.00620559
1200	1218.38	0	-564.122	0.222222	-0.0678094	-0.00441211	-0.0633973	0.154413	0	-0.026297	0	-58.5324	0	0.0078022	0.00105188	0.00675032	0.0078022
1200	1228.09	0	1111.82	0.222222	-0.0710677	-0.00674121	-0.0643265	0.151155	0	-0.348757	0	-154.313	0	0.0213628	0.0139503	0.00741255	0.0213628
1200	1224.44	0	374.405	0.222222	-0.0712916	-0.00586597	-0.0654256	0.150931	0	-0.423253	0	-1.06427	0	0.0266555	0.0169301	0.00972539	0.0266555
1200	1223.22	0	671.286	0.222222	-0.0720245	-0.005573	-0.0664515	0.150198	0	-0.393455	0	12.7707	0	0.027952	0.0157382	0.0122138	0.027952
1200	1223.24	0	-6884.81	0.222222	-0.0730543	-0.00557666	-0.0674777	0.149168	0	-0.262555	0	92.5876	0	0.0249618	0.0105022	0.0144596	0.0249618
1200	1218.34	0	-793.965	0.222222	-0.0727838	-0.00440112	-0.0683827	0.149438	0	-0.106114	0	70.2389	0	0.0200209	0.00424456	0.0157763	0.0200209
1200	1213.49	0	-219.357	0.222222	-0.0722811	-0.00323657	-0.0690445	0.149941	0	-0.14549	0	-34.0552	0	0.0222486	0.00581961	0.016429	0.0222486
1200	1213.5	0	-377.374	0.222222	-0.0728248	-0.00324023	-0.0695845	0.149397	0	-0.0656733	0	65.982	0	0.0198874	0.00262693	0.0172604	0.0198874
1200	1206.21	0	2644.11	0.222222	-0.0714443	-0.00148975	-0.0699546	0.150778	0	0.273814	0	203.267	0	0.00629322	-0.0109526	0.0172458	0.00629322
1200	1201.34	0	82.3127	0.222222	-0.0704765	-0.000321533	-0.070155	0.151746	0	0.490916	0	67.0462	0	-0.00448391	-0.0196367	0.0151527	-0.00448391
1200	1186.78	0	479.75	0.222222	-0.0670126	0.00317212	-0.0701847	0.15521	0	0.550513	0	7.44957	0	-0.00996972	-0.0220205	0.0120508	-0.00996972
1200	1190.41	0	163.716	0.222222	-0.0674529	0.00230054	-0.0697534	0.154769	0	0.548385	0	17.0276	0	-0.0131302	-0.0219354	0.00880519	-0.0131302
1200	1190.43	0	838.88	0.222222	-0.0671952	0.00229687	-0.069492	0.155027	0	0.58244	0	8.51381	0	-0.0178593	-0.0232976	0.00543826	-0.0178593
1200	1203.78	0	1092.67	0.222222	-0.0702108	-0.000907471	-0.0693033	0.152011	0	0.580311	0	6.38533	0	-0.0212433	-0.0232125	0.00196916	-0.0212433
1200	1217.16	0	1083.09	0.222222	-0.0737925	-0.00411914	-0.0696734	0.14843	0	0.212089	0	-288.405	0	-0.00975683	-0.00848358	-0.00127325	-0.00975683
1200	1226.85	0	10.4866	0.222222	-0.0769015	-0.00644458	-0.0704569	0.145321	0	-0.431767	0	-179.854	0	0.0161169	0.0172707	-0.00115378	0.0161169
1200	1231.7	0	-923.252	0.222222	-0.0791408	-0.00760913	-0.0715317	0.143081	0	-0.290225	0	42.569	0	0.0127489	0.011609	0.0011399	0.0127489
1200	1229.29	0	503.692	0.222222	-0.0797095	-0.00703052	-0.072679	0.142513	0	-0.486042	0	-98.9729	0	0.0226135	0.0194417	0.00317178	0.0226135
1200	1226.87	0	-233.722	0.222222	-0.0803234	-0.00644824	-0.0738752	0.141899	0	-0.281711	0	146.863	0	0.0171841	0.0112684	0.00591563	0.0171841
1200	1218.35	0	-4361.33	0.222222	-0.079452	-0.00440479	-0.0750472	0.14277	0	-0.371106	0	-94.7161	0	0.0224342	0.0148442	0.00758993	0.0224342
1200	1224.46	0	-1009.44	0.222222	-0.081481	-0.00586963	-0.0756114	0.140741	0	-0.169967	0	153.248	0	0.0164716	0.0067987	0.0096729	0.0164716
1200	1215.94	0	771.843	0.222222	-0.0804399	-0.00382617	-0.0766137	0.141782	0	0.0769328	0	114.936	0	0.0072195	-0.00307731	0.0102968	0.0072195
1200	1214.74	0	-1306.32	0.222222	-0.0808121	-0.00353687	-0.0772752	0.14141	0	-0.235949	0	-168.148	0	0.0197074	0.00943798	0.0102694	0.0197074
1200	1211.09	0	-722.139	0.222222	-0.0805254	-0.00266162	-0.0778638	0.141697	0	-0.121013	0	109.615	0	0.0165097	0.00484052	0.0116692	0.0165097
1200	1204.99	0	-1789.95	0.222222	-0.0794068	-0.00119678	-0.07821	0.142815	0	0.109924	0	129.835	0	0.00769497	-0.00439695	0.0120919	0.00769497
1200	1206.21	0	48.7938	0.222222	-0.0797787	-0.00148975	-0.078289	0.142444	0	0.120566	0	-41.5048	0	0.0064533	-0.00482264	0.0112759	0.0064533
1200	1196.5	0	1236.32	0.222222	-0.077552	0.000839355	-0.0783914	0.14467	0	0.453669	0	224.552	0	-0.00791985	-0.0181467	0.0102269	-0.00791985
1200	1190.43	0	-291.183	0.222222	-0.0759061	0.00229687	-0.078203	0.146316	0	0.421742	0	-86.2023	0	-0.00952762	-0.0168697	0.00734205	-0.00952762
1200	1190.4	0	1638.54	0.222222	-0.0755163	0.0023042	-0.0778205	0.146706	0	0.43132	0	23.413	0	-0.0123997	-0.0172528	0.00485311	-0.0123997
1200	1185.55	0	96.6779	0.222222	-0.074163	0.00346875	-0.0776317	0.148059	0	0.436641	0	-12.7707	0	-0.0152547	-0.0174656	0.00221091	-0.0152547
1200	1202.59	0	690.44	0.222222	-0.0780404	-0.000621826	-0.0774186	0.144182	0	0.357888	0	-53.2113	0	-0.0146478	-0.0143155	-0.000332307	-0.0146478
1200	1214.72	0	723.959	0.222222	-0.0812248	-0.0035332	-0.0776916	0.140997	0	0.286585	0	-28.7341	0	-0.0138153	-0.0114634	-0.00235193	-0.0138153
1200	1217.16	0	-679.044	0.222222	-0.0824481	-0.00411914	-0.078329	0.139774	0	0.209961	0	-34.0552	0	-0.0123422	-0.00839844	-0.00394373	-0.0123422
1200	1218.35	0	63.159	0.222222	-0.0834685	-0.00440479	-0.0790637	0.138754	0	0.0737402	0	-86.2022	0	-0.00800305	-0.00294961	-0.00505344	-0.00800305
1200	1224.43	0	896.341	0.222222	-0.0856852	-0.0058623	-0.0798229	0.136537	0	-0.143362	0	-38.3121	0	0.000774956	0.00573447	-0.00495952	0.000774956
1200	1222	0	-2675.81	0.222222	-0.0859829	-0.00528003	-0.0807029	0.136239	0	-0.160389	0	-63.8535	0	0.00217575	0.00641557	-0.00423982	0.00217575
1200	1209.88	0	-4145.85	0.222222	-0.0838579	-0.00237231	-0.0814855	0.138364	0	-0.196573	0	105.358	0	0.00501006	0.00786292	-0.00285286	0.00501006
1200	1201.34	0	-176.261	0.222222	-0.0822025	-0.000321533	-0.0818809	0.14002	0	-0.0284255	0	7.44957	0	-0.0010185	0.00113702	-0.00215552	-0.0010185
1200	1202.61	0	-262.452	0.222222	-0.0825359	-0.000625488	-0.0819104	0.139686	0	-0.177417	0	-91.5234	0	0.00528412	0.00709668	-0.00181256	0.00528412
1200	1174.62	0	283.426	0.222222	-0.0762873	0.00609082	-0.0823781	0.145935	0	-0.20083	0	17.0276	0	0.00740646	0.0080332	-0.000626736	0.00740646
1200	1191.64	0	-1282.38	0.222222	-0.0795502	0.00200757	-0.0815577	0.142672	0	-0.0699302	0	88.3307	0	0.00324775	0.00279721	0.000450537	0.00324775
1200	1184.36	0	-300.76	0.222222	-0.077372	0.00375439	-0.0811264	0.14485	0	0.0428776	0	18.0918	0	-0.00112913	-0.00171511	0.00058597	-0.00112913
1200	1174.62	0	0.909793	0.222222	-0.0743369	0.00609082	-0.0804277	0.147885	0	0.106731	0	54.2755	0	-0.00396927	-0.00426925	0.000299971	-0.00396927
1200	1175.84	0	934.648	0.222222	-0.0735909	0.00579785	-0.0793888	0.148631	0	0.303613	0	94.716	0	-0.0127914	-0.0121445	-0.000646913	-0.0127914
1200	1169.78	0	1710.37	0.222222	-0.0710252	0.00725171	-0.0782769	0.151197	0	0.779321	0	220.295	0	-0.0344077	-0.0311729	-0.00323483	-0.0344077
1199.88	1178.27	-239.453	470.173	0.21954	-0.071954	0.00518689	-0.0771409	0.147585	0	0.699505	0	-57.4682	0	-0.0358239	-0.0279802	-0.00784372	-0.0358239
1198.92	1184.37	-719.447	1312.93	0.214029	-0.0728164	0.00349192	-0.0763083	0.141212	0	0.645229	0	-12.7707	0	-0.0377254	-0.0258092	-0.0119162	-0.0377254
1197	1187.97	-1199.44	1174.07	0.211207	-0.0735911	0.00242622	-0.0760173	0.137615	0	0.609045	0	-36.1837	0	-0.0382137	-0.0243618	-0.0138519	-0.0382137
1194.12	1189.19	-1679.43	-1890.51	0.202474	-0.0747354	0.00118324	-0.0759186	0.127738	0	-0.0560953	0	-171.34	0	-0.015059	0.00224381	-0.0173028	-0.015059
1190.29	1203.78	-2159.43	-1521.8	0.19643	-0.0792891	-0.00323903	-0.07605	0.11714	0	-0.330665	0	-230.937	0	-0.0036087	0.0132266	-0.0168353	-0.0036087
1185.49	1201.37	-2639.42	-530.603	0.190208	-0.0804232	-0.00381214	-0.076611	0.109784	0	-0.632905	0	-130.9	0	0.0109789	0.0253162	-0.0143373	0.0109789
1179.73	1197.72	-3119.42	-439.623	0.183808	-0.0815718	-0.004319	-0.0772528	0.102236	0	-0.762741	0	-58.5325	0	0.0201837	0.0305096	-0.010326	0.0201837
1173.01	1195.28	-3599.41	-267.241	0.17723	-0.0833341	-0.00534557	-0.0779886	0.0938963	0	-0.904283	0	-62.7893	0	0.0306581	0.0361713	-0.00551325	0.0306581
1165.33	1178.28	-4079.4	-2398.08	0.170475	-0.0818439	-0.00310887	-0.0787351	0.0886312	0	-0.83298	0	90.4592	0	0.0332891	0.0333192	-3.00885e-05	0.0332891
1156.69	1169.77	-4559.4	-5625.46	0.163542	-0.0823547	-0.00313869	-0.079216	0.0811874	0	-0.0646091	0	427.819	0	0.0065305	0.00258436	0.00394613	0.0065305
1147.09	1168.56	-5039.39	-607.217	0.156431	-0.0849129	-0.00515306	-0.0797598	0.0715185	0	-0.0848294	0	-125.579	0	0.00741089	0.00339318	0.00401771	0.00741089
1136.53	1157.59	-5519.39	-3159.44	0.149143	-0.0856548	-0.00505406	-0.0806007	0.0634881	0	-0.0252328	0	42.569	0	0.00548492	0.00100931	0.00447561	0.00548492
1125.02	1141.82	-5999.38	-5204.08	0.141676	-0.0854678	-0.00403192	-0.0814359	0.0562086	0	0.217411	0	44.6975	0	-0.00466326	-0.00869642	0.00403317	-0.00466326
1112.54	1121.22	-6479.37	-2541.73	0.134032	-0.084192	-0.00208292	-0.0821091	0.0498403	0	0.30787	0	55.3397	0	-0.00969145	-0.0123148	0.00262334	-0.00969145
1099.1	1110.26	-6959.37	-6372.46	0.12621	-0.0852661	-0.00267879	-0.0825873	0.0409443	0	0.447283	0	110.679	0	-0.0172014	-0.0178913	0.000689923	-0.0172014
1084.7	1100.51	-7439.36	2217.94	0.118211	-0.0868971	-0.00379436	-0.0831028	0.0313137	0	0.831469	0	136.221	0	-0.0359964	-0.0332587	-0.00273767	-0.0359964
1069.34	1078.64	-7919.35	-1258.44	0.110033	-0.0858766	-0.0022326	-0.083644	0.0241567	0	0.736753	0	-46.8259	0	-0.0370529	-0.0294701	-0.00758281	-0.0370529
1053.02	1053.19	-8399.35	163.716	0.101678	-0.0838056	-4.06348e-05	-0.0837649	0.0178726	0	0.595211	0	-60.6608	0	-0.0355691	-0.0238084	-0.0117607	-0.0355691
1035.74	1041.02	-8879.34	695.228	0.0931452	-0.0850116	-0.0012651	-0.0837465	0.00813359	0	0.546256	0	-28.734	0	-0.0371215	-0.0218502	-0.0152713	-0.0371215
1017.77	1015.49	-9000	1456.58	0.0884768	-0.0833696	0.00054895	-0.0839185	0.00510728	0	0.200383	0	-317.139	0	-0.0264779	-0.00801532	-0.0184626	-0.0264779
999.775	996.063	-9000	-8249.51	0.0851435	-0.0828497	0.000890874	-0.0837406	0.00229383	0	0.430256	0	535.305	0	-0.0359588	-0.0172102	-0.0187486	-0.0359588
981.775	991.226	-9000	-13320.4	0.0818103	-0.0861614	-0.00226818	-0.0838933	-0.00435119	0	0.918735	0	-202.203	0	-0.0601516	-0.0367494	-0.0234022	-0.0601516
963.776	1009.43	-9000	-9221.56	0.078477	-0.0954806	-0.010957	-0.0845236	-0.0170037	0	-0.741456	0	-776.884	0	0.00339356	0.0296583	-0.0262647	0.00339356
945.776	1004.59	-9000	-1665.45	0.0751437	-0.100622	-0.0141161	-0.0865057	-0.0254781	0	-0.714851	0	141.542	0	0.00712288	0.028594	-0.0214711	0.00712288
927.776	976.669	-9000	283.426	0.0718104	-0.100456	-0.0117344	-0.0887216	-0.0286456	0	-0.608428	0	-8.51381	0	0.00681028	0.0243371	-0.0175268	0.00681028
909.776	942.612	-9000	-3844.18	0.068477	-0.0983726	-0.00788054	-0.090492	-0.0298955	0	-1.05221	0	-317.139	0	0.0285921	0.0420884	-0.0134964	0.0285921
891.776	909.836	-9000	-5295.06	0.0651437	-0.09598	-0.00433428	-0.0916458	-0.0308363	0	-1.58007	0	74.4957	0	0.0578266	0.0632026	-0.00537603	0.0578266
873.776	887.939	-9000	-11577.5	0.0618105	-0.0957284	-0.0033991	-0.0923293	-0.033918	0	0.915542	0	1154.68	0	-0.0365401	-0.0366217	8.15893e-05	-0.0365401
855.777	879.456	-9000	-5965.44	0.0584772	-0.0986623	-0.00568291	-0.0929794	-0.0401852	0	0.433448	0	-704.517	0	-0.0234169	-0.0173379	-0.00607893	-0.0234169
837.777	869.736	-9000	-4677.36	0.0568105	-0.0989631	-0.00551011	-0.093453	-0.0421526	0	-0.438152	0	-871.6	0	0.0101468	0.0175261	-0.00737928	0.0101468
819.777	830.872	-9000	-5338.16	0.0518106	-0.0975473	-0.00266263	-0.0948847	-0.0457367	0	0.780386	0	773.692	0	-0.0353729	-0.0312154	-0.00415745	-0.0353729
801.777	810.211	-9000	-324.702	0.0484773	-0.0974599	-0.00202409	-0.0954358	-0.0489826	0	1.37316	0	127.707	0	-0.0651613	-0.0549264	-0.010235	-0.0651613
783.778	774.994	-9000	-6583.15	0.045144	-0.0935536	0.00210812	-0.0956617	-0.0484096	0	-0.0614164	0	-969.509	0	-0.0146221	0.00245666	-0.0170787	-0.0146221
765.778	753.113	-9000	-5419.56	0.0418107	-0.0921834	0.00303964	-0.095223	-0.0503727	0	-1.18843	0	-122.386	0	0.0338409	0.0475372	-0.0136963	0.0338409
747.778	745.85	-9000	-14335.6	0.0384774	-0.0943127	0.000462861	-0.0947756	-0.0558353	0	0.78145	0	1179.16	0	-0.0401959	-0.031258	-0.00893791	-0.0401959
729.778	748.26	-9000	-12549.5	0.0351441	-0.0992165	-0.00443569	-0.0947808	-0.0640723	0	0.483467	0	-657.691	0	-0.0340444	-0.0193387	-0.0147057	-0.0340444
711.779	754.318	-9000	-8895.94	0.0318108	-0.105983	-0.0102095	-0.0957736	-0.0741723	0	-0.209344	0	-30.8625	0	-0.00724694	0.00837375	-0.0156207	-0.00724694
693.779	753.128	-9000	-171.473	0.0284776	-0.111875	-0.0142438	-0.0976314	-0.0833976	0	0.743138	0	455.488	0	-0.0455811	-0.0297255	-0.0158556	-0.0455811
675.779	734.909	-9000	2069.5	0.0268109	-0.11085	-0.0120312	-0.0988184	-0.0840387	0	0.632458	0	-110.679	0	-0.0433834	-0.0252983	-0.018085	-0.0433834
657.779	665.68	-9000	-1464.34	0.021811	-0.103096	-0.00189615	-0.1012	-0.0812852	0	0.268493	0	-130.9	0	-0.0335687	-0.0107397	-0.0228289	-0.0335687
639.78	632.843	-9000	-2436.39	0.0184777	-0.0997637	0.00166477	-0.101428	-0.081286	0	-0.242335	0	-336.295	0	-0.0142229	0.00969339	-0.0239163	-0.0142229
621.78	587.952	-9000	-6602.3	0.0151444	-0.092727	0.00811873	-0.100846	-0.0775826	0	-0.676539	0	68.1104	0	0.00610621	0.0270615	-0.0209553	0.00610621
603.78	566.055	-9000	-12932.6	0.0118111	-0.0903267	0.00905392	-0.0993806	-0.0785156	0	1.73287	0	1533.55	0	-0.0888384	-0.0693147	-0.0195237	-0.0888384
585.78	574.554	-9000	-11764.2	0.00847782	-0.0954059	0.00269418	-0.0981001	-0.0869281	0	1.29334	0	-918.426	0	-0.0830913	-0.0517337	-0.0313576	-0.0830913
567.78	573.318	-9000	-6592.72	0.00514453	-0.0990879	-0.00132911	-0.0977588	-0.0939434	0	0.626073	0	-26.6057	0	-0.0622386	-0.0250429	-0.0371956	-0.0622386
549.781	558.777	-9000	-4504.98	0.00181124	-0.100271	-0.00215906	-0.0981124	-0.0984602	0	1.13371	0	95.7803	0	-0.087536	-0.0453483	-0.0421876	-0.087536
531.781	529.633	-9000	-2302.31	-0.00152206	-0.097966	0.00051561	-0.0984816	-0.0994881	0	0.810184	0	-272.442	0	-0.081244	-0.0324074	-0.0488366	-0.081244
513.781	508.972	-9000	-4753.98	-0.00485534	-0.0972271	0.00115417	-0.0983813	-0.102082	0	0.130144	0	-327.781	0	-0.0578467	-0.00520576	-0.052641	-0.0578467
495.781	473.77	-9000	-2565.67	-0.00818863	-0.0927701	0.0052827	-0.0980528	-0.100959	0	0.765486	0	554.461	0	-0.0842839	-0.0306195	-0.0536645	-0.0842839
477.782	442.154	-9000	-7483.36	-0.0115219	-0.0885093	0.00855064	-0.09706	-0.100031	0	0.810184	0	-264.992	0	-0.0915938	-0.0324074	-0.0591865	-0.0915938
459.782	413.01	-9000	-7440.27	-0.0148552	-0.0842978	0.0112253	-0.0955231	-0.099153	0	-0.133784	0	-315.011	0	-0.0568094	0.00535135	-0.0621607	-0.0568094
441.782	382.66	-9000	-3848.97	-0.0181885	-0.0794	0.0141893	-0.0935893	-0.0975885	0	0.869781	0	653.434	0	-0.0971996	-0.0347912	-0.0624084	-0.0971996
423.782	357.132	-9000	-3801.08	-0.0215218	-0.0751886	0.0159961	-0.0911847	-0.0967104	0	0.815505	0	-315.011	0	-0.101029	-0.0326202	-0.0684093	-0.101029
405.783	323.074	-9000	-5577.58	-0.0248551	-0.0684117	0.01985	-0.0882616	-0.0932668	0	-0.0582238	0	-310.754	0	-0.0692844	0.00232895	-0.0716134	-0.0692844
387.783	297.577	-9000	-3772.35	-0.0281884	-0.0632184	0.0216494	-0.0848678	-0.0914068	0	0.498366	0	409.727	0	-0.0916393	-0.0199346	-0.0717046	-0.0916393
369.783	270.889	-9000	-6832.14	-0.0315217	-0.0574384	0.0237345	-0.0811728	-0.08896	0	0.680349	0	-177.726	0	-0.102988	-0.0272139	-0.0757739	-0.102988
351.783	263.596	-9000	-8072.34	-0.034855	-0.0561594	0.021165	-0.0773245	-0.0910144	0	-0.190188	0	-372.479	0	-0.0707544	0.00760751	-0.0783619	-0.0707544
333.783	257.507	-9000	-10284.6	-0.0381882	-0.0555492	0.0183063	-0.0738555	-0.0937375	0	0.315319	0	423.562	0	-0.0900794	-0.0126128	-0.0774666	-0.0900794
315.784	251.434	-9000	-3298.3	-0.0415215	-0.0554924	0.0154438	-0.0709362	-0.0970139	0	0.511137	0	-37.2479	0	-0.100503	-0.0204455	-0.0800577	-0.100503
297.784	233.215	-9000	-1756.43	-0.0448548	-0.052852	0.0154965	-0.0683485	-0.0977068	0	0.145043	0	-119.193	0	-0.0881855	-0.00580173	-0.0823838	-0.0881855
279.784	212.585	-9000	-2077.26	-0.0481881	-0.0495513	0.0161277	-0.065679	-0.0977394	0	0.0960889	0	30.8625	0	-0.0868582	-0.00384356	-0.0830146	-0.0868582
261.784	206.512	-9000	-11184.8	-0.0515214	-0.0497349	0.0132653	-0.0630002	-0.101256	0	0.199319	0	68.1104	0	-0.0916693	-0.00797275	-0.0836965	-0.0916693
243.785	211.365	-9000	-8417.1	-0.0548547	-0.0532367	0.00778077	-0.0610175	-0.108091	0	-0.108242	0	-238.386	0	-0.0803552	0.00432969	-0.0846849	-0.0803552
225.785	208.923	-9000	-3250.42	-0.058188	-0.0558545	0.00404676	-0.0599013	-0.114043	0	-0.298739	0	-40.4406	0	-0.0716357	0.0119495	-0.0835853	-0.0716357
207.785	189.453	-9000	-1751.65	-0.0615213	-0.0548131	0.00439967	-0.0592127	-0.116334	0	-0.389198	0	-54.2755	0	-0.0661164	0.0155679	-0.0816843	-0.0661164
189.785	170.074	-9000	-2431.6	-0.0648546	-0.0537842	0.00473061	-0.0585148	-0.118639	0	-0.477528	0	-42.569	0	-0.0601107	0.0191011	-0.0792118	-0.0601107
171.786	162.72	-9000	-10902.3	-0.0681879	-0.0555847	0.0021758	-0.0577605	-0.123773	0	-0.226371	0	196.882	0	-0.0674546	0.00905485	-0.0765095	-0.0674546
154.118	161.53	-8600.96	-9800.95	-0.0670259	-0.0593337	-0.00177885	-0.0575548	-0.12636	0	0.178034	0	153.248	0	-0.0830261	-0.00712137	-0.0759047	-0.0830261
137.396	159.149	-8120.96	-7248.73	-0.0647892	-0.0631935	-0.00522077	-0.0579727	-0.127983	0	0.198255	0	18.0918	0	-0.0849095	-0.00793018	-0.0769793	-0.0849095
121.634	142.12	-7640.97	-2613.56	-0.0623748	-0.0637737	-0.00491667	-0.058857	-0.126148	0	0.130144	0	-80.8811	0	-0.0834129	-0.00520576	-0.0782072	-0.0834129
106.832	123.932	-7160.98	-2718.9	-0.0597826	-0.0638086	-0.00410386	-0.0597048	-0.123591	0	0.0311712	0	-34.0552	0	-0.0800401	-0.00124685	-0.0787933	-0.0800401
92.9907	100.8	-6680.98	-4897.63	-0.0570126	-0.062209	-0.00187413	-0.0603349	-0.119222	0	0.445155	0	254.35	0	-0.0972654	-0.0178062	-0.0794592	-0.0972654
80.1089	77.6977	-6200.99	-4730.03	-0.0540649	-0.0599093	0.000578668	-0.0604879	-0.113974	0	0.494109	0	-55.3397	0	-0.102207	-0.0197644	-0.082443	-0.102207
68.187	61.9202	-5720.99	-6425.13	-0.0509394	-0.0588406	0.00150405	-0.0603446	-0.10978	0	0.465375	0	73.4315	0	-0.103716	-0.018615	-0.0851012	-0.103716
57.2252	57.0679	-5241	-6405.97	-0.0476361	-0.0600718	3.77563e-05	-0.0601095	-0.107708	0	0.808056	0	120.257	0	-0.120883	-0.0323222	-0.0885607	-0.120883
47.2233	53.4363	-4761.01	-5529.7	-0.044155	-0.0616736	-0.00149111	-0.0601825	-0.105829	0	0.449412	0	-263.928	0	-0.111101	-0.0179765	-0.0931249	-0.111101
38.1814	51.0559	-4281.01	-3633.49	-0.0404962	-0.0635405	-0.00308988	-0.0604506	-0.104037	0	0.270622	0	15.9634	0	-0.106062	-0.0108249	-0.0952371	-0.106062
30.0995	57.0984	-3801.02	-4931.15	-0.0366596	-0.0673332	-0.00647974	-0.0608535	-0.103993	0	0.414292	0	67.0462	0	-0.113662	-0.0165717	-0.0970907	-0.113662
22.9775	55.8777	-3321.03	-5864.88	-0.0326452	-0.0697816	-0.00789604	-0.0618856	-0.102427	0	0.371723	0	-90.4591	0	-0.114589	-0.0148689	-0.0997201	-0.114589
16.8155	58.2886	-2841.03	-5007.76	-0.028453	-0.0732435	-0.00995352	-0.06329	-0.101697	0	0.164199	0	-77.6884	0	-0.108129	-0.00656797	-0.101561	-0.108129
11.6135	58.3191	-2361.04	-4203.31	-0.0240831	-0.0762133	-0.0112093	-0.065004	-0.100296	0	0.0801255	0	-75.56	0	-0.105726	-0.00320502	-0.102521	-0.105726
7.37151	60.6995	-1881.04	-4069.23	-0.0195354	-0.0797157	-0.0127987	-0.066917	-0.0992511	0	0.119502	0	27.6698	0	-0.107817	-0.00478007	-0.103036	-0.107817
4.08946	74.0967	-1401.05	-8287.82	-0.0148099	-0.0859847	-0.0168017	-0.069183	-0.100795	0	-0.605236	0	-496.993	0	-0.0788608	0.0242094	-0.10307	-0.0788608
1.76738	86.2732	-921.056	-8297.39	-0.0123805	-0.0906147	-0.0200315	-0.0705831	-0.102995	0	-1.20759	0	-602.351	0	-0.0529511	0.0483035	-0.101255	-0.0529511
0.405284	97.168	-441.062	-4342.17	-0.00482564	-0.099295	-0.023223	-0.0760719	-0.104121	0	-1.80675	0	-26.6054	0	-0.0151057	0.0722698	-0.0873756	-0.0151057
0	105.682	0	-3255.2	0	-0.105434	-0.0253638	-0.0800703	-0.105434	0	-2.08344	0	-177.726	0	0.00709958	0.0833378	-0.0762382	0.00709958
0	99.6094	0	-1210.56	0	-0.108204	-0.0239062	-0.0842976	-0.108204	0	-2.3495	0	-43.6332	0	0.0309098	0.09398	-0.0630702	0.0309098
0	94.7266	0	-3652.64	0	-0.110944	-0.0227344	-0.0882093	-0.110944	0	-2.13772	0	97.9087	0	0.0361939	0.0855088	-0.0493149	0.0361939
0	94.7571	0	-7507.31	0	-0.114716	-0.0227417	-0.0919746	-0.114716	0	-2.15049	0	-40.4406	0	0.0494481	0.0860196	-0.0365715	0.0494481
0	104.462	0	-12056.3	0	-0.120908	-0.0250708	-0.0958375	-0.120908	0	-2.02491	0	179.854	0	0.0574907	0.0809965	-0.0235058	0.0574907
0	110.504	0	-5539.27	0	-0.126635	-0.026521	-0.100114	-0.126635	0	-1.6801	0	86.2024	0	0.055072	0.0672041	-0.0121321	0.055072
0	102.081	0	-3212.11	0	-0.12901	-0.0244995	-0.10451	-0.12901	0	-1.83122	0	-73.4316	0	0.0714305	0.0732489	-0.00181844	0.0714305
0	86.3037	0	-2331.04	0	-0.129183	-0.0207129	-0.10847	-0.129183	0	-1.62689	0	139.414	0	0.0740498	0.0650757	0.00897415	0.0740498
0	69.2444	0	-6429.92	0	-0.128345	-0.0166187	-0.111726	-0.128345	0	-1.24377	0	196.882	0	0.0679276	0.0497508	0.0181768	0.0679276
0	66.803	0	-9360.42	0	-0.13048	-0.0160327	-0.114447	-0.13048	0	-0.760612	0	247.964	0	0.0553583	0.0304245	0.0249338	0.0553583
0	61.9202	0	-10653.3	0	-0.131884	-0.0148608	-0.117023	-0.131884	0	-0.449859	0	120.257	0	0.0469204	0.0179943	0.028926	0.0469204
0	52.2156	0	-4710.88	0	-0.131935	-0.0125317	-0.119403	-0.131935	0	-0.219986	0	146.863	0	0.0401756	0.00879944	0.0313761	0.0401756
0	44.9524	0	-5007.76	0	-0.131236	-0.0107886	-0.120447	-0.131236	0	-0.00181983	0	218.166	0	0.0321089	7.2793e-05	0.0320361	0.0321089
0	13.3667	0	-3422.8	0	-0.125672	-0.00320801	-0.122464	-0.125672	0	0.175906	0	-21.2845	0	0.0239786	-0.00703623	0.0310148	0.0239786
0	3.66211	0	-8010.09	0	-0.123731	-0.000878907	-0.122852	-0.123731	0	0.407907	0	197.946	0	0.013541	-0.0163163	0.0298572	0.013541
0	1.19019	0	-10246.3	0	-0.123236	-0.000285645	-0.12295	-0.123236	0	0.812312	0	155.377	0	-0.00582978	-0.0324925	0.0266627	-0.00582978
0	0	0	-7785.03	0	-0.122999	0	-0.122999	-0.122999	0	0.800606	0	-23.413	0	-0.0102705	-0.0320242	0.0217537	-0.0102705
0	-6.01196	0	-4198.52	0	-0.121506	0.00144287	-0.122949	-0.121506	0	1.02941	0	157.505	0	-0.0244404	-0.0411766	0.0167362	-0.0244404
0	-18.2495	0	-3786.72	0	-0.11823	0.00437988	-0.12261	-0.11823	0	1.23268	0	58.5322	0	-0.0391818	-0.0493072	0.0101255	-0.0391818
0	-23.0408	0	-5548.85	0	-0.116254	0.00552978	-0.121784	-0.116254	0	1.14116	0	-26.6055	0	-0.0427222	-0.0456463	0.00292416	-0.0427222
0	-23.0713	0	-8441.05	0	-0.115275	0.00553711	-0.120812	-0.115275	0	1.39764	0	153.248	0	-0.0601379	-0.0559055	-0.00423248	-0.0601379
0	-17.0593	0	-7890.38	0	-0.115844	0.00409424	-0.119938	-0.115844	0	1.46149	0	-25.5414	0	-0.0713461	-0.0584596	-0.0128865	-0.0713461
0	-10.9253	0	-5477.02	0	-0.116708	0.00262207	-0.11933	-0.116708	0	1.17841	0	-129.836	0	-0.0683319	-0.0471362	-0.0211957	-0.0683319
0	-9.73511	0	-3480.26	0	-0.116533	0.00233643	-0.118869	-0.116533	0	1.12413	0	-4.25696	0	-0.0730813	-0.0449652	-0.0281161	-0.0730813
0	-9.70459	0	-4169.79	0	-0.116102	0.0023291	-0.118431	-0.116102	0	0.844239	0	-199.01	0	-0.0683878	-0.0337696	-0.0346182	-0.0683878
0	-6.04248	0	-5836.15	0	-0.116592	0.0014502	-0.118042	-0.116592	0	0.34831	0	-255.414	0	-0.0528945	-0.0139324	-0.0389621	-0.0528945
0	2.44141	0	-6908.76	0	-0.118458	-0.000585938	-0.117872	-0.118458	0	-0.0986643	0	-211.781	0	-0.0363998	0.00394657	-0.0403464	-0.0363998
0	7.32422	0	-5366.89	0	-0.1198	-0.00175781	-0.118042	-0.1198	0	-0.450923	0	-167.083	0	-0.0211619	0.0180369	-0.0391989	-0.0211619
0	4.91333	0	-4375.69	0	-0.119513	-0.0011792	-0.118334	-0.119513	0	-0.756355	0	-140.478	0	-0.00574424	0.0302542	-0.0359985	-0.00574424
0	2.44141	0	-3695.74	0	-0.119114	-0.000585937	-0.118528	-0.119114	0	-0.914925	0	-62.7893	0	0.00542402	0.036597	-0.031173	0.00542402
0	0	0	-3992.62	0	-0.118553	0	-0.118553	-0.118553	0	-1.08839	0	-102.166	0	0.0180662	0.0435358	-0.0254695	0.0180662
0	-1.19019	0	-5639.83	0	-0.118267	0.000285645	-0.118552	-0.118267	0	-1.2906	0	-87.2664	0	0.0330295	0.0516239	-0.0185944	0.0330295
0	0	0	-5524.91	0	-0.118504	0	-0.118504	-0.118504	0	-1.32891	0	-7.44975	0	0.0423982	0.0531563	-0.0107582	0.0423982
0	-4.88281	0	-4437.94	0	-0.11726	0.00117187	-0.118432	-0.11726	0	-1.42788	0	-58.5325	0	0.0544519	0.0571153	-0.00266341	0.0544519
0	-9.70459	0	-3379.7	0	-0.115859	0.0023291	-0.118188	-0.115859	0	-1.52366	0	-37.2479	0	0.067026	0.0609465	0.00607948	0.067026
0	-15.8081	0	-3566.45	0	-0.113933	0.00379395	-0.117727	-0.113933	0	-1.4215	0	89.3948	0	0.072043	0.0568599	0.0151831	0.072043
0	-20.6299	0	-4562.44	0	-0.11207	0.00495117	-0.117022	-0.11207	0	-1.12138	0	179.854	0	0.0682067	0.0448554	0.0233513	0.0682067
0	-23.1018	0	-3892.06	0	-0.110628	0.00554443	-0.116173	-0.110628	0	-0.595657	0	275.634	0	0.0531557	0.0238263	0.0293294	0.0531557
0	-25.5127	0	-3092.4	0	-0.109078	0.00612305	-0.115201	-0.109078	0	-0.026297	0	271.377	0	0.0330612	0.00105188	0.0320094	0.0330612
0	-25.5127	0	-2795.52	0	-0.108568	0.00612305	-0.114691	-0.108568	0	0.155685	0	181.982	0	0.0258608	-0.00622742	0.0320883	0.0258608
0	-25.5127	0	-2273.58	0	-0.107012	0.00612305	-0.113135	-0.107012	0	0.45899	0	86.2023	0	0.0113154	-0.0183596	0.029675	0.0113154
0	-26.7029	0	-2536.94	0	-0.105657	0.00640869	-0.112066	-0.105657	0	0.617559	0	74.4958	0	0.00196648	-0.0247024	0.0266689	0.00196648
0	-26.7334	0	-2105.99	0	-0.104581	0.00641601	-0.110997	-0.104581	0	0.629266	0	-21.2845	0	-0.00230611	-0.0251706	0.0228645	-0.00230611
0	-27.9236	0	-2134.72	0	-0.103202	0.00670166	-0.109904	-0.103202	0	0.583504	0	-14.8992	0	-0.00415865	-0.0233402	0.0191815	-0.00415865
0	-29.1748	0	-2015.01	0	-0.101785	0.00700195	-0.108787	-0.101785	0	0.553706	0	-21.2845	0	-0.0064422	-0.0221482	0.015706	-0.0064422
0	-30.365	0	-1727.7	0	-0.100284	0.0072876	-0.107572	-0.100284	0	0.497302	0	-23.4129	0	-0.0074093	-0.0198921	0.0124828	-0.0074093
0	-34.0576	0	-1512.23	0	-0.0980866	0.00817383	-0.10626	-0.0980866	0	0.470696	0	-10.6423	0	-0.009281	-0.0188278	0.00954685	-0.009281
0	-37.6282	0	-2153.87	0	-0.0958436	0.00903076	-0.104874	-0.0958436	0	0.460054	0	-4.2569	0	-0.0116603	-0.0184022	0.00674183	-0.0116603
0	-41.2903	0	-1631.94	0	-0.093459	0.00990967	-0.103369	-0.093459	0	0.40365	0	-48.9543	0	-0.0121421	-0.016146	0.00400385	-0.0121421
0	-43.7317	0	-980.713	0	-0.0912452	0.0104956	-0.101741	-0.0912452	0	0.248273	0	-60.6609	0	-0.00806482	-0.00993092	0.0018661	-0.00806482
