2.263	325.87	1612.78	ÿþþ83	-0.0692886	-0.0167515	-0.0525371	-0.0770044	58.6126	58.5336	0	-0.0482901	0	0.0220498
451.996	388.525	460.746	2757.21	0.0888224	0.0584284	0.0126942	0.0457342	0.147251	-0.618197	-0.300793	-7.31615	-308.625	-0.0117463	-0.0637343	-0.00952213	-0.0542122	-0.0754806	59.0626	59.1253	0	-0.0352346	0	0.0220576
453.886	432.519	1890.38	2934.38	0.105057	0.0519118	0.00427343	0.0476384	0.156969	-0.543301	-0.534922	-3.62912	-234.13	-0.00845609	-0.0554158	-0.000251355	-0.0551644	-0.0638719	59.5126	59.3198	0	-0.0310035	0	0.0217569
454.424	387.045	537.733	3872.91	0.0901274	0.0617552	0.0134758	0.0482794	0.151883	-0.596843	-0.816942	-7.24273	-282.02	-0.0114601	-0.0485866	0.00660298	-0.0551895	-0.0600466	59.9626	59.9164	0	-0.01834	0	0.0212219
456.384	438.658	1960.04	4538.5	0.106294	0.053846	0.00354526	0.0503007	0.16014	-0.511975	-1.22986	-4.69014	-412.919	-0.00881537	-0.0329927	0.0215366	-0.0545293	-0.041808	60.4126	60.106	0	-0.0144704	0	0.020405
456.756	389.058	371.869	2364.56	0.0887163	0.0643721	0.0135395	0.0508325	0.153088	-0.55122	-1.66832	-8.96123	-438.461	-0.0120988	-0.0188625	0.0335131	-0.0523756	-0.0309614	60.8626	60.7329	0	-0.00244915	0	0.0191751
458.676	439.266	1919.71	2378.93	0.10627	0.0567454	0.00388195	0.0528635	0.163015	-0.445821	-1.86627	-2.31657	-197.946	-0.00649795	-0.00641089	0.0426134	-0.0490243	-0.0129088	61.3126	60.914	0	0.000722951	0	0.0175068
459.048	391.672	372.691	3212.11	0.08915	0.066921	0.0134753	0.0534458	0.156071	-0.454166	-1.8237	-5.0614	42.569	-0.00842055	-0.00367695	0.041086	-0.044763	-0.0120975	61.7626	61.5445	0	0.0105852	0	0.0156405
460.907	446.927	1858.87	1488.28	0.106007	0.0582632	0.00279617	0.055467	0.164271	-0.358667	-1.69173	-2.63729	131.964	-0.00574339	-0.000662327	0.039992	-0.0406544	-0.00640572	62.2126	61.733	0	0.0131888	0	0.0138168
461.061	395.302	153.417	-817.333	0.0870863	0.0690382	0.0131517	0.0558865	0.156124	-0.362947	-1.50337	-3.57706	188.368	-0.00641745	-0.00244254	0.0342126	-0.0366552	-0.00885998	62.6626	62.3949	0	0.0212154	0	0.0121251
462.821	453.408	1759.87	-984.927	0.105262	0.0597417	0.00188243	0.0578592	0.165003	-0.283466	1.07312	0.67727	2576.49	-0.00269811	-0.0739315	-0.0406976	-0.0332339	-0.0766297	63.1126	62.587	0	0.0232555	0	0.0106217
462.784	402.305	-36.9994	2058.1	0.0852896	0.0702374	0.0120958	0.0581416	0.155527	-0.358959	0.248348	-1.8887	-824.775	-0.00524756	-0.0555229	-0.0182192	-0.0373037	-0.0607704	63.5626	63.2767	0	0.0313221	0	0.0116949
464.338	471.435	1554.62	2465.12	0.103262	0.0585366	-0.00141937	0.059956	0.161799	-0.326697	-1.95779	-1.72863	-2206.14	-0.00478238	0.00980724	0.0489328	-0.0391256	0.00502486	64.0126	63.4663	0	0.0335872	0	0.0119432
463.754	421.926	-584.256	4330.2	0.0793886	0.0681086	0.00836556	0.0597431	0.147497	-0.32439	-2.68998	-4.69357	-732.187	-0.00673339	0.0367353	0.0709676	-0.0342323	0.030002	64.4626	64.2044	0	0.0409572	0	0.00998542
464.709	494.11	955.415	7263.1	0.096673	0.0551178	-0.00588014	0.0609979	0.151791	-0.219272	-2.42499	-2.62809	264.992	-0.00418841	0.0390359	0.0661714	-0.0271355	0.0348475	64.9126	64.411	0	0.0424642	0	0.00729544
463.431	442.891	-1278.61	8464.99	0.0716137	0.0642238	0.00410793	0.0601159	0.135837	-0.178185	-2.02697	-4.44157	398.02	-0.00494088	0.034945	0.0554634	-0.0205184	0.0300042	65.3626	65.1648	0	0.0461355	0	0.00487045
463.744	515.897	313.148	7490.55	0.0893579	0.0503014	-0.0104307	0.0607321	0.139659	-0.104134	-1.78858	-2.02749	238.386	-0.00250871	0.0355613	0.0505334	-0.014972	0.0330526	65.8126	65.3689	0	0.0467161	0	0.00284349
461.793	458.975	-1950.87	5876.86	0.0638409	0.0597311	0.000563672	0.0591675	0.123572	-0.0585164	-1.93331	-1.27291	-144.735	-0.00149879	0.0463252	0.0562439	-0.00991871	0.0448264	66.2626	66.1469	0	0.0475367	0	0.00105491
461.604	528.114	-188.699	5168.17	0.0833856	0.0459501	-0.0133019	0.059252	0.129336	0.0031202	-2.21959	0.534566	-286.277	0.000391046	0.062387	0.0666813	-0.00429431	0.0627781	66.7126	66.3547	0	0.0473542	0	-0.000878407
459.266	467.287	-2337.96	3748.41	0.0590721	0.0556526	-0.00160416	0.0572567	0.114725	0.0848627	-2.32282	2.71141	-103.23	0.00275053	0.0746043	0.0722305	0.00237382	0.0773548	67.1626	67.1386	0	0.0449254	0	-0.003098
458.808	528.929	-458.793	3310.27	0.0798667	0.0429918	-0.0140243	0.0570161	0.122859	0.144153	-2.19618	2.85914	126.643	0.0035078	0.0798068	0.0702099	0.00959687	0.0833146	67.6126	67.3476	0	0.0437925	0	-0.00542082
456.43	465.785	-2378.04	-151.745	0.0581013	0.0530413	-0.00187114	0.0549125	0.111143	0.246078	-1.90245	6.20747	293.726	0.00687252	0.0810738	0.0644559	0.0166179	0.0879463	68.0626	68.1099	0	0.0379865	0	-0.007617
455.999	526.802	-430.416	-261.878	0.0796619	0.0404712	-0.0141606	0.0546318	0.120133	0.273969	-1.57786	2.60997	324.589	0.00478408	0.0786184	0.0555549	0.0230635	0.0834025	68.5126	68.3237	0	0.0359511	0	-0.00951945
453.666	466.207	-2333	3106.76	0.05809	0.0499995	-0.00250824	0.0525077	0.108089	0.373	-1.4459	6.54354	131.964	0.0085068	0.0831859	0.054567	0.0286189	0.0916927	68.9626	69.0955	0	0.0273851	0	-0.0110973
453.205	523.902	-461.345	1730.1	0.0788008	0.0379921	-0.0141394	0.0521315	0.116793	0.374803	-1.42142	6.24567	24.4771	0.00832825	0.0879624	0.0538867	0.0340756	0.0962906	69.4126	69.3069	0	0.0247335	0	-0.0125432
450.946	462.675	-2258.72	-1126.18	0.0584116	0.0476647	-0.00234586	0.0500106	0.106076	0.47957	-1.34267	10.0617	78.7528	0.0120363	0.0941315	0.0546672	0.0394643	0.106168	69.8626	70.0546	0	0.0142916	0	-0.0139646
450.575	520.901	-370.595	303.154	0.0793222	0.0355935	-0.0140652	0.0496587	0.114916	0.466095	-1.16601	3.15547	176.661	0.00728248	0.0938941	0.0489631	0.044931	0.101177	70.3126	70.2769	0	0.0108894	0	-0.0153073
448.391	465.602	-2184.94	2211.33	0.0587582	0.0441066	-0.00344236	0.0475489	0.102865	0.574848	-0.830777	10.2421	335.231	0.0132153	0.0919961	0.0421688	0.0498273	0.105211	70.7626	71.0294	0	-0.00150776	0	-0.0164733
447.913	522.824	-477.742	384.557	0.0776386	0.0320503	-0.0149823	0.0470326	0.109689	0.542402	-0.606225	7.7668	224.551	0.0112046	0.088503	0.0344588	0.0540442	0.0997076	71.2126	71.2649	0	-0.00558373	0	-0.0173041
445.651	466.063	-2261.49	863.397	0.0574004	0.0407029	-0.00408229	0.0447852	0.0981033	0.639923	-0.445527	11.6857	160.698	0.0149007	0.0900536	0.0325635	0.0574901	0.104954	71.6626	72.0149	0	-0.0190189	0	-0.0179103
445.141	524.192	-510.546	1332.66	0.0767607	0.0283626	-0.0158103	0.0441729	0.105123	0.588324	-0.29015	6.74151	155.377	0.0110313	0.0871007	0.0263542	0.0607465	0.0981319	72.1126	72.2505	0	-0.0233426	0	-0.0183558
442.819	469.898	-2321.83	61.3394	0.0562054	0.0363856	-0.00541573	0.0418013	0.092591	0.681113	0.0408237	13.7919	330.974	0.0167625	0.0825906	0.0192087	0.0633819	0.0993531	72.5626	73.0017	0	-0.037352	0	-0.018646
442.17	522.68	-648.834	437.229	0.0746741	0.024887	-0.0161019	0.040989	0.0995611	0.614518	0.554844	6.32931	514.021	0.0110475	0.067093	0.00179021	0.0653027	0.0781405	73.0126	73.2542	0	-0.042049	0	-0.0186052
439.874	469.114	-2295.62	1500.25	0.0559513	0.0327259	-0.00584781	0.0385737	0.0886772	0.67168	1.25723	12.3746	702.389	0.0157128	0.0479152	-0.0175666	0.0654818	0.063628	73.4626	73.9861	0	-0.0552622	0	-0.0180503
439.23	477.357	-643.938	1648.7	0.0741841	0.0300711	-0.00762538	0.0376965	0.104255	0.568492	1.9245	7.4229	667.269	0.0112652	0.0230448	-0.0406803	0.0637251	0.03431	73.9126	74.2349	0	-0.0594409	0	-0.0167931
438.327	480.259	-903.735	655.102	0.0711301	0.0281663	-0.00838643	0.0365527	0.0992964	0.520115	2.10861	7.46563	184.111	0.0107561	0.0120021	-0.0476549	0.0596571	0.0227583	74.3626	74.7386	0	-0.0669305	0	-0.0148686
437.327	529.893	-1000.01	-0.909799	0.0698752	0.0167815	-0.0185132	0.0352947	0.0866567	0.458014	2.13948	5.82079	30.8626	0.00896956	0.00444772	-0.0504439	0.0548916	0.0134173	74.8126	75.2278	0	-0.0731731	0	-0.01276
434.775	472.902	-2551.94	532.997	0.052159	0.0248922	-0.00762552	0.0325178	0.0770512	0.430184	2.231	7.96166	91.5232	0.0100876	-0.00417726	-0.0540245	0.0498472	0.00591034	75.2626	75.9562	0	-0.0809093	0	-0.0106205
433.979	519.343	-796.008	511.449	0.0715219	0.0143011	-0.0170729	0.0313739	0.085823	0.31726	2.28527	3.52986	54.2755	0.00587835	-0.0145957	-0.0590404	0.0444447	-0.00871735	75.7126	76.199	0	-0.0829463	0	-0.0083895
431.732	465.828	-2246.37	-175.687	0.0549908	0.0219938	-0.00681919	0.028813	0.0769846	0.265751	2.22142	4.63458	-63.8535	0.00604252	-0.0201294	-0.0586701	0.0385407	-0.0140869	76.1626	76.902	0	-0.0872379	0	-0.00610422
431.136	514.539	-596.67	-534.817	0.0732103	0.0111095	-0.0166807	0.0277901	0.0843197	0.171896	2.18204	1.37225	-39.3763	0.00282479	-0.0276308	-0.0603045	0.0326737	-0.024806	76.6126	77.1545	0	-0.0882182	0	-0.0038828
429.019	460.551	-2116.92	-458.202	0.0559266	0.0189815	-0.00630651	0.025288	0.0749082	0.108094	2.22036	1.46209	38.3122	0.00217578	-0.0367246	-0.0633679	0.0266432	-0.0345489	77.0626	77.866	0	-0.0894283	0	-0.00170076
428.567	505.857	-451.501	-372.011	0.0743476	0.00888409	-0.015458	0.024342	0.0832317	0.0301317	2.22568	-0.0454812	5.32103	0.000304476	-0.0455599	-0.0658664	0.0203065	-0.0452554	77.5126	78.1124	0	-0.0893003	0	0.000519602
426.703	454.433	-1864.3	-632.979	0.0583047	0.0164774	-0.00554591	0.0220234	0.0747821	-0.0515447	2.18098	-1.11087	-44.6975	-0.0013133	-0.0532559	-0.0669758	0.0137198	-0.0545692	77.9626	78.801	0	-0.08741	0	0.00274528
426.426	500.595	-276.736	-829.304	0.075893	0.00635779	-0.0148337	0.0211915	0.0822508	-0.112025	2.19588	-1.10723	14.8993	-0.00198288	-0.0622149	-0.0692372	0.00702225	-0.0641978	78.4126	79.0523	0	-0.0861722	0	0.00492626
424.711	451.562	-1715.06	738.899	0.059594	0.0135963	-0.00537015	0.0189664	0.0731903	-0.208784	2.14693	-3.15779	-48.9545	-0.00442502	-0.0705727	-0.0706713	9.85301e-05	-0.0749978	78.8626	79.7408	0	-0.0812682	0	0.00712214
424.512	497.859	-199.429	1035.78	0.0763974	0.00349155	-0.0146693	0.0181609	0.079889	-0.253953	1.75423	-2.94101	-392.699	-0.00478237	-0.067214	-0.0602454	-0.0069686	-0.0719963	79.3126	79.9933	0	-0.078928	0	0.00926907
422.872	445.402	-1639.5	-1205.19	0.0600931	0.0114546	-0.00450586	0.0159605	0.0715477	-0.351318	1.26468	-6.45414	-489.544	-0.0082063	-0.0614732	-0.04848	-0.0129931	-0.0696795	79.7626	80.6722	0	-0.0714444	0	0.0110233
422.854	491.714	-18.5197	118.8	0.0781005	0.00151263	-0.013772	0.0152846	0.0796131	-0.351843	1.03162	-1.89232	-233.065	-0.00517091	-0.0593449	-0.0415038	-0.0178411	-0.0645159	80.2126	80.9125	0	-0.0684905	0	0.012288
421.395	442.988	-1458.53	714.957	0.0618303	0.00890017	-0.00431865	0.0132188	0.0707304	-0.434494	0.93158	-6.61729	-100.037	-0.00923924	-0.0629738	-0.0409822	-0.0219915	-0.072213	80.6626	81.589	0	-0.0594803	0	0.0133196
421.445	485.988	49.3479	-697.622	0.0785936	-0.000337718	-0.0129087	0.012571	0.0782559	-0.419486	0.842185	-3.99734	-89.3949	-0.00732585	-0.0639399	-0.0378501	-0.0260897	-0.0712657	81.1126	81.8342	0	-0.0559856	0	0.0142512
420.157	434.881	-1287.74	-70.3417	0.0634986	0.00768993	-0.00294478	0.0106347	0.0711885	-0.499087	0.699579	-6.23547	-142.606	-0.00970239	-0.0658347	-0.03596	-0.0298748	-0.0755371	81.5626	82.4949	0	-0.0460126	0	0.0150934
420.452	482.963	294.791	1210.56	0.0811369	-0.00230922	-0.0125022	0.010193	0.0788276	-0.467354	0.383504	-2.94059	-316.075	-0.00715322	-0.0589965	-0.0255257	-0.0334708	-0.0661497	82.0126	82.7256	0	-0.0423688	0	0.0157929
419.255	432.093	-1196.98	377.374	0.06434	0.00575001	-0.00256765	0.00831766	0.07009	-0.542094	-0.0336721	-8.68915	-417.176	-0.011816	-0.051276	-0.0152527	-0.0360233	-0.063092	82.4626	83.3959	0	-0.0315239	0	0.0161764
419.634	478.58	379.065	-1478.13	0.0819218	-0.00385673	-0.0117892	0.00793251	0.078065	-0.483703	-0.124131	-3.30141	-90.4591	-0.00757542	-0.0483358	-0.0107872	-0.0375486	-0.0559112	82.9126	83.623	0	-0.0278579	0	0.0161428
418.569	426.531	-1064.98	-1286.6	0.0656797	0.00457158	-0.00159255	0.00616412	0.0702512	-0.540232	-0.000681103	-5.17284	123.45	-0.00945114	-0.0548138	-0.0161865	-0.0386273	-0.064265	83.3626	84.2934	0	-0.0171188	0	0.0160186
419.116	473.783	547.251	-101.466	0.0836946	-0.00500822	-0.0109335	0.00592524	0.0786864	-0.481752	-0.178407	-0.93449	-177.726	-0.00597579	-0.0493463	-0.00910034	-0.040246	-0.0553221	83.8126	84.5168	0	-0.0135392	0	0.016018
418.198	467.669	-918.113	-32.0344	0.0672428	-0.00560902	-0.00989424	0.00428522	0.0616338	-0.536691	-0.562592	-6.27865	-384.185	-0.010149	-0.040379	0.000777023	-0.041156	-0.050528	84.2626	85.1799	0	-0.00303494	0	0.0158396
417.465	461.697	-733.322	-1684.03	0.0691602	-0.00604544	-0.00884653	0.00280109	0.0631148	-0.51542	-0.871217	-5.62615	-308.625	-0.00947766	-0.0304044	0.0106739	-0.0410783	-0.039882	84.7126	85.6232	0	0.00373769	0	0.015277
416.911	411.117	-553.128	-1557.14	0.07106	0.00263291	0.0011588	0.00147411	0.0736929	-0.484054	-0.955291	-3.12815	-84.0738	-0.00746381	-0.0258738	0.0141371	-0.0400109	-0.0333376	85.1626	86.0677	0	0.0101415	0	0.0144057
417.928	457.896	1016.82	-319.339	0.0886921	-0.00634571	-0.00799363	0.00164793	0.0823464	-0.403942	-0.865896	0.49203	89.3949	-0.00416023	-0.0247386	0.0138586	-0.0385972	-0.0288988	85.6126	86.2827	0	0.0130336	0	0.0134504
417.498	408.01	-430.734	-431.866	0.0725284	0.00234647	0.00189758	0.000448882	0.0748749	-0.425465	-0.850997	-3.69458	14.8992	-0.00719044	-0.0244454	0.012766	-0.0372113	-0.0316358	86.0626	86.929	0	0.0211667	0	0.0125846
418.617	456.894	1119.59	-1485.31	0.0899616	-0.00692178	-0.0076553	0.000733519	0.0830398	-0.355781	-0.906337	-0.306886	-55.3398	-0.00415772	-0.0194181	0.0165167	-0.0359347	-0.0235758	86.5126	87.1392	0	0.0236329	0	0.0117336
418.223	404.937	-393.848	-2363.99	0.0730727	0.0022425	0.00265728	-0.000414775	0.0753152	-0.371392	-1.0532	-2.20726	-146.863	-0.00559809	-0.0138289	0.0204542	-0.0342831	-0.0194269	86.9626	87.7975	0	0.0307611	0	0.0108272
419.443	451.647	1219.41	-2251.46	0.0912235	-0.00645697	-0.00644078	-1.61839e-05	0.0847666	-0.30066	-1.2405	1.27766	-187.304	-0.00248889	-0.00404233	0.0281953	-0.0322376	-0.00653122	87.4126	88.004	0	0.03278	0	0.00977402
419.216	400.102	-226.401	-745.507	0.0751171	0.00284065	0.00382295	-0.000982301	0.0779577	-0.296366	-1.3448	-1.01376	-104.294	-0.00396879	0.00203484	0.031453	-0.0294181	-0.00193395	87.8626	88.6515	0	0.0383053	0	0.00853352
420.593	451.177	1376.72	485.113	0.0931844	-0.00652563	-0.00611677	-0.000408859	0.0866588	-0.226402	-1.44483	0.325763	-100.037	-0.0022984	0.0102802	0.036553	-0.0262728	0.00798177	88.3126	88.8484	0	0.0397208	0	0.00718872
420.392	400.813	-201.424	-293.002	0.0756122	0.00258928	0.00391566	-0.00132638	0.0782015	-0.208202	-1.48102	-1.78536	-36.1837	-0.0035036	0.015567	0.0381845	-0.0226175	0.0120634	88.7626	89.5019	0	0.0434746	0	0.00574388
421.757	448.62	1365.5	-99.0721	0.0932754	-0.00611163	-0.0053726	-0.000739027	0.0871637	-0.145184	-1.54487	0.11744	-63.8534	-0.00153486	0.0231916	0.0419906	-0.0187991	0.0216567	89.2126	89.7025	0	0.0443294	0	0.00426287
421.646	396.925	-111.568	-180.475	0.0768429	0.00339927	0.00494418	-0.00154492	0.0802421	-0.11134	-1.63746	-0.690434	-92.5876	-0.0016974	0.0311836	0.0457836	-0.0146	0.0294862	89.6626	90.3427	0	0.0460696	0	0.00271799
423.143	444.698	1497.56	-1415.88	0.0949994	-0.00511433	-0.00431104	-0.000803289	0.089885	-0.055014	-1.59702	0.175173	40.4404	-0.000494484	0.0362385	0.0462601	-0.0100217	0.035744	90.1126	90.5336	0	0.0462759	0	0.00108053
423.164	393.306	21.266	-781.42	0.0786001	0.00452164	0.00597159	-0.00144995	0.0831217	-0.00814606	-1.57254	0.0710977	24.4772	-4.31133e-05	0.0415362	0.0469319	-0.00539564	0.0414931	90.5626	91.175	0	0.0459446	0	-0.000516485
424.786	443.225	1621.35	-544.394	0.096679	-0.00424206	-0.00368785	-0.000554207	0.092437	0.0339018	-1.58531	0.0611143	-12.7707	0.00041743	0.047874	0.0485764	-0.000702449	0.0482914	91.0126	91.3659	0	0.0455458	0	-0.00208903
424.866	391.499	79.9682	-963.379	0.0795674	0.00556589	0.00667328	-0.00110739	0.0851333	0.0921283	-1.57467	0.686527	10.6422	0.00148133	0.0541591	0.050004	0.00415519	0.0556405	91.4626	92.011	0	0.0431756	0	-0.00367434
426.556	438.542	1690.66	-965.773	0.097777	-0.00250357	-0.00239717	-0.000106394	0.0952735	0.122275	-1.57148	-0.240966	3.19278	0.00119797	0.0599682	0.0508126	0.00915559	0.0611661	91.9126	92.1994	0	0.0421864	0	-0.00524901
426.795	387.976	238.891	-685.651	0.0816905	0.00729788	0.00776385	-0.00046597	0.0889884	0.190272	-1.5023	0.900824	69.1745	0.00271468	0.0650141	0.0507772	0.0142368	0.0677288	92.3626	92.83	0	0.0378856	0	-0.00682049
428.61	439.394	1814.82	1507.44	0.0995369	-0.0014581	-0.00215671	0.000698608	0.0980788	0.206945	-1.19048	-0.45684	311.818	0.00199483	0.0612375	0.0419229	0.0193146	0.0632323	92.8126	93.0184	0	0.0363172	0	-0.00832279
428.84	390.226	229.962	1579.26	0.0819699	0.00809782	0.00772272	0.000375101	0.0900678	0.276552	-0.805235	2.89974	385.249	0.00500596	0.0559605	0.0324536	0.0235069	0.0609665	93.2626	93.6574	0	0.030238	0	-0.00951327
430.604	437.568	1764.13	-307.368	0.0993429	0.000140797	-0.00139271	0.00153351	0.0994837	0.265733	-0.360389	1.06187	444.846	0.0036605	0.0455359	0.0187837	0.0267522	0.0491964	93.7126	93.8447	0	0.028306	0	-0.0103185
430.908	390.409	303.932	310.336	0.0831748	0.00942449	0.00809988	0.0013246	0.0925993	0.314035	-0.0964614	1.76833	263.928	0.00466816	0.0409455	0.0123149	0.0286306	0.0456136	94.1626	94.4728	0	0.021598	0	-0.0106789
432.683	436.776	1774.77	633.554	0.0998461	0.00172089	-0.000818695	0.00253958	0.101567	0.281564	-0.004938	0.109562	91.5234	0.00320153	0.0384571	0.00859507	0.0298621	0.0416587	94.6126	94.6733	0	0.0194372	0	-0.0107754
433.028	389.697	345.64	-89.4953	0.0840309	0.0110831	0.00866634	0.00241678	0.095114	0.319573	0.141925	2.40951	146.863	0.00515716	0.036051	0.00532945	0.0307216	0.0412082	95.0626	95.293	0	0.0127567	0	-0.0107803
434.842	435.044	1813.79	389.345	0.10068	0.00367638	-4.03503e-05	0.00371673	0.104356	0.280521	0.303687	-0.260783	161.762	0.00294305	0.0305596	-0.000694984	0.0312545	0.0335026	95.5126	95.4947	0	0.0106106	0	-0.0106384
435.259	387.058	416.314	-448.626	0.0852292	0.0133509	0.00964017	0.00371068	0.09858	0.307682	0.422881	2.01287	119.193	0.0047606	0.0277291	-0.00345595	0.031185	0.0324897	95.9626	96.1096	0	0.00425614	0	-0.0103347
437.171	434.049	1912.72	-1236.32	0.10221	0.00578111	0.000624408	0.00515671	0.107991	0.262078	0.459064	-0.623958	36.1837	0.002496	0.0249298	-0.0059096	0.0308394	0.0274258	96.4126	96.3065	0	0.00230447	0	-0.00991181
437.634	388.747	463.177	243.299	0.0861898	0.0150278	0.00977745	0.00525037	0.101218	0.283117	0.398403	0.709021	-60.6608	0.00361843	0.0267899	-0.00345859	0.0302485	0.0304083	96.8626	96.9334	0	-0.00362194	0	-0.00945274
439.511	433.988	1876.91	319.913	0.102246	0.00782171	0.00110472	0.00671698	0.110067	0.243065	0.448422	-0.123726	50.0186	0.00261824	0.0237419	-0.00616071	0.0299026	0.0263601	97.3126	97.1399	0	-0.00549223	0	-0.00905434
439.994	387.344	482.872	58.9452	0.0868457	0.0174128	0.0105301	0.00688269	0.104258	0.260159	0.575065	1.52657	126.643	0.00390837	0.0198394	-0.00944717	0.0292865	0.0237477	97.7626	97.7536	0	-0.0107734	0	-0.00860592
441.932	434.888	1938.22	1038.17	0.103375	0.00987105	0.00140884	0.00846221	0.113246	0.217468	0.683616	-0.291679	108.551	0.00222186	0.0143574	-0.0139844	0.0283418	0.0165793	98.2126	97.9541	0	-0.0123838	0	-0.00803085
442.406	390.147	473.406	1454.76	0.0871871	0.0191254	0.0104519	0.00867354	0.106312	0.225288	0.826222	1.66011	142.606	0.00360994	0.00891537	-0.018028	0.0269434	0.0125253	98.6626	98.575	0	-0.0169457	0	-0.00734724
444.276	438.081	1870.6	413.287	0.103058	0.0114804	0.00123908	0.0102413	0.114538	0.181054	0.913488	0.404399	87.2664	0.00228131	0.00316756	-0.021973	0.0251406	0.00544887	99.1126	98.7804	0	-0.0182849	0	-0.00652101
444.669	392.972	392.433	1792.35	0.0867065	0.0207666	0.0103395	0.0104272	0.107473	0.176767	0.902846	1.08734	-10.6422	0.00268897	0.00116091	-0.0217824	0.0229433	0.00384989	99.5626	99.4085	0	-0.0218073	0	-0.00560753
446.47	441.935	1800.68	3916	0.102687	0.0128851	0.000906958	0.0119781	0.115572	0.135705	0.866662	0.403677	-36.1837	0.00177695	-0.00116368	-0.0219287	0.020765	0.000613263	100.013	99.6139	0	-0.0227735	0	-0.00470468
446.763	397.887	293.027	2572.86	0.0859897	0.0218893	0.00977518	0.0121141	0.107879	0.126568	0.884754	1.69743	18.0919	0.00253793	-0.00417342	-0.0227456	0.0185722	-0.00163549	100.463	100.236	0	-0.0251612	0	-0.00383802
448.431	446.616	1668.11	925.646	0.101577	0.0139434	0.000363019	0.0135804	0.115521	0.0915495	0.782589	0.416808	-102.166	0.00129509	-0.00443356	-0.0207312	0.0162976	-0.00313847	100.913	100.447	0	-0.0257855	0	-0.00295326
448.595	399.59	163.956	1229.71	0.0848948	0.0234358	0.0098009	0.0136349	0.108331	0.0784605	0.560166	0.563265	-222.423	0.00124729	-0.000226655	-0.0144512	0.0142245	0.00102064	101.363	101.085	0	-0.0271701	0	-0.00217067
450.224	447.613	1629.47	1677.43	0.10148	0.0156272	0.000522192	0.015105	0.117107	0.0566261	0.482477	0.0436885	-77.6884	0.000658304	3.84916e-06	-0.0127755	0.0127794	0.000662153	101.813	101.292	0	-0.0275027	0	-0.00161051
450.372	401.523	147.602	1440.4	0.0850422	0.024953	0.00976967	0.0151833	0.109995	0.0477304	0.404789	0.347009	-77.6884	0.000761677	0.000790079	-0.0107117	0.0115018	0.00155176	102.263	101.925	0	-0.0282168	0	-0.00112803
451.956	451.964	1583.97	1256.05	0.101295	0.0166472	-1.59302e-06	0.0166488	0.117942	0.0333996	0.267504	-0.0203901	-137.285	0.000357513	0.00340753	-0.00702312	0.0104307	0.00376505	102.713	102.136	0	-0.0283697	0	-0.000723243
451.982	405.134	26.0539	999.867	0.0839898	0.026018	0.00936949	0.0166485	0.110008	0.0279414	0.256861	0.137311	-10.6423	0.000402001	0.00286074	-0.0068676	0.00972834	0.00326274	103.163	102.785	0	-0.0286653	0	-0.00045574
453.466	451.108	1484.07	-2821.28	0.100465	0.0185256	0.000471649	0.018054	0.118991	0.0195746	0.52611	-0.0749915	269.249	0.000167502	-0.00615449	-0.0151961	0.00904158	-0.00598699	103.613	102.999	0	-0.0287078	0	-0.000198878
453.527	401.731	60.7099	-1492.5	0.084661	0.0284839	0.0103591	0.0181247	0.113145	0.00437278	0.823029	-0.0133363	296.919	3.96956e-05	-0.0170377	-0.0245597	0.00752197	-0.016998	104.062	103.645	0	-0.0284964	0	0.000327232
455.123	455.782	1595.98	3406.04	0.102015	0.0195467	-0.000131915	0.0196786	0.121562	-0.0164913	0.997562	0.000375751	174.533	-0.000182987	-0.0253556	-0.0304216	0.005066	-0.0255386	104.512	103.855	0	-0.0282546	0	0.00115026
455.05	412.364	-72.42	3499.41	0.0834639	0.0281961	0.00853725	0.0196588	0.11166	-0.051267	0.882626	-0.982647	-114.936	-0.00122473	-0.0259929	-0.0280168	0.00202384	-0.0272177	104.962	104.514	0	-0.0268405	0	0.00214782
456.331	463.553	1280.84	2788.34	0.0987374	0.0194949	-0.00144447	0.0209394	0.118232	-0.0692556	0.686808	-0.924554	-195.817	-0.00138588	-0.0234598	-0.0226819	-0.000777834	-0.0248456	105.412	104.738	0	-0.0261596	0	0.00303045
456.03	415.325	-301.41	1847.41	0.0811009	0.0288636	0.00814088	0.0207227	0.109965	-0.101656	0.546331	-1.66642	-140.478	-0.00224045	-0.0224856	-0.0194396	-0.00304603	-0.0247261	105.862	105.395	0	-0.0237168	0	0.00371726
457.228	465.289	1198.32	1090.85	0.0979865	0.0203316	-0.00161226	0.0219439	0.118318	-0.104965	0.463321	-0.838	-83.0095	-0.00172495	-0.0220386	-0.0170486	-0.00498999	-0.0237635	106.312	105.61	0	-0.0228	0	0.00426359
456.88	416.208	-347.982	911.281	0.0807409	0.0298365	0.00813447	0.021702	0.110577	-0.134727	0.484606	-1.62693	21.2845	-0.00258159	-0.0252748	-0.01858	-0.00669484	-0.0278564	106.762	106.271	0	-0.0196766	0	0.00472691
458.057	472.803	1177.08	2050.92	0.097904	0.0199731	-0.00294912	0.0229222	0.117877	-0.132949	0.371798	-0.693212	-112.808	-0.00193935	-0.0236952	-0.0151424	-0.00855284	-0.0256346	107.212	106.487	0	-0.0185497	0	0.00521152
457.482	423.409	-574.942	3003.81	0.0783307	0.0292945	0.00681468	0.0224798	0.107625	-0.165882	-0.014516	-2.46616	-386.314	-0.00348724	-0.0146081	-0.00454098	-0.0100671	-0.0180953	107.662	107.178	0	-0.0146917	0	0.00558331
458.442	476.883	959.993	856.214	0.0955633	0.0198139	-0.00368817	0.023502	0.115377	-0.14767	-0.466812	-1.6334	-452.296	-0.00272972	-0.000946934	0.00957425	-0.0105212	-0.00367665	108.112	107.392	0	-0.013501	0	0.0055688
457.744	424.869	-697.648	446.806	0.0770158	0.0295238	0.00657505	0.0229488	0.10654	-0.154546	-0.671143	-1.95332	-204.331	-0.00301939	0.00593416	0.0154979	-0.00956376	0.00291477	108.562	108.08	0	-0.00999417	0	0.00510199
458.66	483.361	915.571	2963.11	0.09511	0.0189949	-0.00494015	0.0239351	0.114105	-0.118697	-0.576427	-0.579098	94.716	-0.00170492	0.00571795	0.0137319	-0.00801396	0.00401303	109.012	108.295	0	-0.00904143	0	0.00443084
457.763	431.329	-896.676	2345.41	0.0748079	0.0284809	0.00528682	0.023194	0.103289	-0.118991	-0.322077	-2.13039	254.35	-0.00274238	-0.000548178	0.00609259	-0.00664077	-0.00329056	109.462	109	0	-0.00632224	0	0.00385442
458.481	484.883	717.383	820.301	0.0928748	0.0187066	-0.00528043	0.0239871	0.111581	-0.0969623	-0.115617	-0.986375	206.46	-0.00173494	-0.00547186	0.000559653	-0.00603151	-0.0072068	109.912	109.214	0	-0.00556695	0	0.00353234
457.536	432.439	-944.53	398.922	0.0742341	0.0282145	0.00501953	0.023195	0.102449	-0.107059	-0.0368648	-1.4405	78.7527	-0.00214988	-0.00808139	-0.00210584	-0.00597555	-0.0102313	110.362	109.91	0	-0.00318955	0	0.00341672
458.216	489.271	680.298	968.742	0.0924138	0.017737	-0.00621093	0.0239479	0.110151	-0.094492	-0.0677273	-0.525381	-30.8625	-0.00140016	-0.00698907	-0.000802941	-0.00618613	-0.00838924	110.812	110.131	0	-0.00244238	0	0.00337986
457.133	438.493	-1083.79	2371.74	0.0726121	0.0267442	0.00372788	0.0230163	0.0993563	-0.106309	-0.203948	-1.51227	-136.221	-0.0021894	-0.00333726	0.00292917	-0.00626643	-0.00552665	111.262	110.843	0	-8.17415e-05	0	0.00331213
457.623	496.481	489.954	1811.5	0.0901889	0.0158039	-0.00777158	0.0235755	0.105993	-0.0896525	-0.382738	-0.9614	-178.79	-0.00163707	0.00281905	0.00879256	-0.00597351	0.00118198	111.712	111.069	0	0.00062038	0	0.00310818
456.461	441.579	-1161.17	226.539	0.0716281	0.0253863	0.00297654	0.0224097	0.0970143	-0.0902062	-0.488096	-1.45041	-105.358	-0.00196923	0.00684245	0.0119367	-0.00509425	0.00487322	111.811	111.791	0	0.00258592	0	0.00272544
457.001	499.538	539.091	133.165	0.0906196	0.0143487	-0.0085075	0.0228562	0.104968	-0.066372	-0.500867	-0.363099	-12.7707	-0.000979532	0.00913427	0.0130348	-0.00390058	0.00815473	112.268	112.012	0	0.00308052	0	0.00223735
455.739	446.558	-1261.17	70.9163	0.0703831	0.0234163	0.0018362	0.0215801	0.0937994	-0.0592483	-0.473197	-0.771395	27.6698	-0.00117258	0.00982137	0.0124185	-0.0025971	0.00864879	112.726	112.742	0	0.00434961	0	0.00173648
456.118	500.594	378.44	-204.417	0.0886712	0.0129602	-0.00889531	0.0218555	0.101631	-0.0393959	-0.434885	-0.2188	38.3122	-0.000583599	0.0105094	0.0118647	-0.00135525	0.00992582	113.183	112.977	0	0.00464567	0	0.00126328
454.817	446.38	-1301.13	300.76	0.0697683	0.0222086	0.00168743	0.0205212	0.091977	-0.0299456	-0.401894	-0.365315	32.991	-0.000576272	0.0109897	0.0111585	-0.000168783	0.0104134	113.641	113.694	0	0.00524009	0	0.000828397
455.194	504.621	376.905	1988.67	0.0884829	0.0108888	-0.00988553	0.0207743	0.0993717	-0.0151856	-0.549821	-0.0774114	-147.927	-0.000220337	0.0169861	0.0160391	0.000947062	0.0167658	114.099	113.923	0	0.00533747	0	0.000426503
453.762	452.035	-1431.55	1833.05	0.0681239	0.0196368	0.000345337	0.0192915	0.0877607	0.0015122	-0.696684	0.0566118	-146.863	5.45434e-05	0.0234969	0.0209459	0.00255097	0.0235514	114.556	114.652	0	0.00524749	0	-0.000123318
453.958	510.073	196.266	430.047	0.0862471	0.00812029	-0.011223	0.0193433	0.0943674	0.0219902	-0.621124	0.264038	75.56	0.000420361	0.023939	0.0192934	0.00464556	0.0243594	115.014	114.887	0	0.00505532	0	-0.000820003
452.35	455.938	-1608.51	655.102	0.0658961	0.0169423	-0.000717572	0.0176599	0.0828384	0.0467671	-0.473197	0.739331	147.927	0.00101252	0.0221738	0.0155989	0.0065749	0.0231864	115.472	115.627	0	0.00398816	0	-0.00144113
452.415	511.57	65.26	511.449	0.0845057	0.00572114	-0.0118311	0.0175522	0.0902268	0.0561188	-0.312499	0.501045	160.698	0.000957573	0.0191933	0.0110585	0.0081348	0.0201509	115.929	115.864	0	0.00353489	0	-0.00191432
450.75	457.315	-1665.46	-326.521	0.0649671	0.0144644	-0.00131311	0.0157776	0.0794315	0.074868	-0.142223	1.19769	170.276	0.00163033	0.0157534	0.00651273	0.00924065	0.0173837	116.387	116.596	0	0.00190474	0	-0.00222682
450.76	517.201	10.8073	-472.568	0.0835942	0.00229255	-0.013288	0.0155806	0.0858868	0.0714397	-0.0858191	0.485878	56.4039	0.00111769	0.0146097	0.00471777	0.00989192	0.0157274	116.844	116.838	0	0.00133238	0	-0.00236905
448.907	459.181	-1853.47	-302.579	0.0625368	0.0115325	-0.00205484	0.0135874	0.0740693	0.0851155	-0.147544	1.26171	-61.725	0.00178687	0.0173435	0.00697979	0.0103637	0.0191304	117.302	117.596	0	-0.000529963	0	-0.00245487
448.846	513.354	-61.2952	-802.967	0.0824385	0.000377483	-0.0129017	0.0132792	0.082816	0.0804335	-0.162443	0.568362	-14.8991	0.00127261	0.018348	0.0072863	0.0110617	0.0196206	117.76	117.825	0	-0.00112413	0	-0.00260241
447.097	455.4	-1748.49	-2390.32	0.0633681	0.00968328	-0.00166063	0.0113439	0.0730514	0.0968234	-0.0538924	1.32262	108.551	0.00195756	0.0163118	0.00452147	0.0117903	0.0182693	118.217	118.558	0	-0.00315147	0	-0.00276485
447.138	459.908	40.6282	-2826.07	0.0832547	0.00854079	-0.00255402	0.0110948	0.0917955	0.0880414	0.0961634	0.177881	150.056	0.00109682	0.0119988	-0.000243661	0.0122425	0.0130956	118.675	118.791	0	-0.00380865	0	-0.00281875
447.036	466.793	-101.717	-1444.61	0.0816543	0.00676022	-0.00395149	0.0107117	0.0884145	0.0866165	0.268568	0.153288	172.404	0.0010646	0.00675955	-0.00545854	0.0122181	0.00782415	119.133	119.28	0	-0.00514065	0	-0.00272258
446.718	515.627	-317.855	-443.837	0.0791939	-0.00366269	-0.0137817	0.010119	0.0755312	0.0801362	0.260054	0.452929	-8.51381	0.00119235	0.0062747	-0.00539754	0.0116722	0.00746705	119.59	119.78	0	-0.00636794	0	-0.00245401
444.878	461.828	-1840.25	-252.301	0.0619376	0.00466174	-0.00338999	0.00805173	0.0665993	0.0802973	0.199393	1.17078	-60.6608	0.00167271	0.0075596	-0.00357288	0.0111325	0.00923232	120.048	120.493	0	-0.00793165	0	-0.00219396
444.699	463.517	-179.057	-513.269	0.0803621	0.00377955	-0.00376368	0.00754323	0.0841417	0.0664048	0.160017	0.48559	-39.3763	0.00106156	0.00796683	-0.00280836	0.0107752	0.00902839	120.505	120.741	0	-0.00842559	0	-0.00199457
444.466	469.539	-233.052	-1018.45	0.079719	0.00196404	-0.00501464	0.00697868	0.0816831	0.0620994	0.0695578	0.432033	-90.4592	0.000978016	0.0102706	-0.00022375	0.0104944	0.0112486	120.963	121.213	0	-0.0092921	0	-0.00183455
444.043	512.913	-422.722	-1142.94	0.0775333	-0.00754743	-0.0137739	0.00622648	0.0699859	0.0611435	-0.0326079	0.414896	-102.166	0.000955969	0.0132845	0.00281254	0.010472	0.0142405	121.421	121.711	0	-0.0101705	0	-0.00176499
442.267	460.794	-1776.43	2979.87	0.0621631	0.000454989	-0.00370541	0.0041604	0.0626181	0.0683483	-0.00813068	0.878765	24.4772	0.00134527	0.0130476	0.00229437	0.0107532	0.0143929	121.878	122.402	0	-0.0114126	0	-0.0017976
442.103	510.719	-163.991	3049.3	0.0800487	-0.0101187	-0.0137233	0.00360459	0.0699301	0.0624913	0.00464002	0.834957	12.7707	0.00125099	0.0127182	0.00173554	0.0109827	0.0139692	122.336	122.642	0	-0.0118467	0	-0.00180573
440.387	455.941	-1715.88	-1193.22	0.0624877	-0.00156468	-0.00311077	0.0015461	0.0609231	0.0693572	-0.0421859	1.38457	-46.8259	0.00169368	0.0145025	0.00334629	0.0111562	0.0161962	122.794	123.34	0	-0.0131043	0	-0.00180109
440.363	456.74	-23.9282	-1286.6	0.0812828	-0.00219596	-0.00327544	0.00107948	0.0790868	0.0641775	-0.0464428	0.286545	-4.2569	0.000904113	0.0148095	0.00331861	0.0114909	0.0157136	123.251	123.582	0	-0.0135496	0	-0.00184328
440.313	459.315	-49.588	-1284.2	0.0809885	-0.00321214	-0.0038003	0.000588163	0.0777764	0.0661795	-0.0177087	0.290302	28.7341	0.000928863	0.0143394	0.00251665	0.0118227	0.0152682	123.709	124.047	0	-0.0144285	0	-0.00188972
440.183	503.172	-130.682	-1284.2	0.0800633	-0.0125798	-0.0125979	1.81182e-05	0.0674835	0.067548	0.028053	0.320988	45.7617	0.000964525	0.0132592	0.00118485	0.0120744	0.0142238	124.166	124.522	0	-0.0153341	0	-0.00190743
438.685	448.45	-1497.28	-1801.35	0.0646016	-0.00382451	-0.00195294	-0.00187157	0.0607771	0.0731931	0.202586	0.819601	174.533	0.00135966	0.00831109	-0.00388178	0.0121929	0.00967074	124.624	125.205	0	-0.0166191	0	-0.00187937
438.879	449.426	194.071	-2335.26	0.0834303	-0.00427377	-0.00210926	-0.00216451	0.0791565	0.0601242	0.29943	0.125863	96.8445	0.000751956	0.0046255	-0.00717919	0.0118047	0.00537746	125.082	125.442	0	-0.0170161	0	-0.00167679
439.043	449.237	163.66	-2337.65	0.0831227	-0.00451967	-0.00203877	-0.0024809	0.078603	0.0513448	0.381376	0.0591715	81.9453	0.000609946	0.00118585	-0.00990093	0.0110868	0.00179579	125.539	125.905	0	-0.0176533	0	-0.00137736
439.212	490.198	169.27	-2893.11	0.0832164	-0.0129839	-0.0101971	-0.00278672	0.0702325	0.0398385	0.311137	0.0394742	-70.2389	0.000468966	0.00195773	-0.00813895	0.0100967	0.00242669	125.997	126.363	0	-0.0181093	0	-0.000995983
438.106	435.703	-1106.37	-2950.57	0.0688378	-0.0038356	0.000480688	-0.00431629	0.0650022	0.0325229	0.153632	0.201	-157.505	0.000495365	0.00564952	-0.00363326	0.00928278	0.00614489	126.455	127.028	0	-0.0185652	0	-0.000684846
438.686	481.609	579.819	-395.953	0.0876805	-0.0128289	-0.00858471	-0.00424418	0.0748517	0.0254126	0.0770073	-0.0556533	-76.6242	0.00024526	0.00737162	-0.00154784	0.00891946	0.00761688	126.912	127.258	0	-0.0186871	0	-0.000531214
437.841	478.712	-844.455	-395.953	0.0716989	-0.0137061	-0.00817419	-0.00553189	0.0579928	0.024747	0.120641	0.195548	43.6332	0.000405331	0.00588787	-0.00287681	0.00876467	0.0062932	127.37	127.925	0	-0.01899	0	-0.000454207
437.081	425.845	-760.039	-767.054	0.0724961	-0.00451066	0.00224736	-0.00675802	0.0679854	0.0208162	0.131283	0.14553	10.6423	0.000328312	0.005163	-0.003314	0.00847699	0.00549131	127.827	128.393	0	-0.0191463	0	-0.000333566
437.961	470.77	880.034	-767.054	0.0908821	-0.0129825	-0.00656163	-0.00642092	0.0778996	0.0157595	0.131283	-0.0297079	0	0.0001553	0.00467989	-0.0034657	0.00814559	0.00483519	128.285	128.611	0	-0.0191903	0	-0.000202283
437.45	417.21	-511.796	-597.066	0.0753225	-0.00335726	0.0040479	-0.00740516	0.0719653	0.0121866	0.121705	0.0419724	-9.57803	0.000163388	0.00451348	-0.00328555	0.00779902	0.00467686	128.743	129.264	0	-0.0192367	0	-7.10005e-05
438.601	423.186	1151.75	-1478.13	0.0940196	-0.00371494	0.00308303	-0.00679798	0.0903047	0.00841603	0.189815	-0.0529816	68.1104	5.81904e-05	0.00202849	-0.00544198	0.00747047	0.00208668	129.2	129.47	0	-0.0192263	0	5.07043e-05
439.575	424.117	973.504	-2363.99	0.0922194	-0.00324402	0.0030915	-0.00633552	0.0889754	0.00283879	0.303687	-0.0404097	113.872	4.60235e-06	-0.00209918	-0.00902546	0.00692627	-0.00209458	129.658	129.923	0	-0.0191173	0	0.00024052
440.525	465.904	950.144	-1497.29	0.0921358	-0.0109477	-0.00507588	-0.0058718	0.0811882	-0.00607542	0.367541	-0.00406722	63.8535	-7.02161e-05	-0.00518476	-0.0112085	0.00602373	-0.00525498	130.115	130.36	0	-0.0188793	0	0.000544207
440.181	415.116	-344.284	-1973.73	0.0776896	-0.0016202	0.00501298	-0.00663318	0.0760694	-0.0195984	0.37499	-0.154749	7.44954	-0.000320927	-0.00693479	-0.0118377	0.00490288	-0.00725572	130.573	130.999	0	-0.0182967	0	0.000911748
441.414	413.612	1232.88	-2895.5	0.0954419	-0.000320885	0.00556035	-0.00588123	0.095121	-0.0271203	0.134475	0.0518322	-240.515	-0.000266781	-0.00112876	-0.00484787	0.00371911	-0.00139554	131.031	131.219	0	-0.0180138	0	0.00128674
442.7	417.149	1286.65	-1803.74	0.0962776	6.31297e-05	0.00511031	-0.00504718	0.0963407	-0.0309823	-0.0506997	0.160195	-185.175	-0.000237451	0.00382585	0.000591523	0.00323432	0.00358839	131.488	131.638	0	-0.0174181	0	0.00142121
443.885	458.578	1184.84	-664.104	0.0953658	-0.00721927	-0.00293864	-0.00428063	0.0881466	-0.0301145	0.0206034	0.0380488	71.3031	-0.00030924	0.00177194	-0.00152154	0.00329348	0.0014627	131.946	132.077	0	-0.0168171	0	0.00137051
443.789	409.029	-96.1456	-142.168	0.0811148	0.00223046	0.00695189	-0.00472143	0.0833453	-0.0350402	0.0759431	-0.276163	55.3397	-0.000573445	-0.000188179	-0.0033295	0.00314132	-0.000761624	132.404	132.704	0	-0.0159449	0	0.00139112
445.235	409.054	1445.72	-695.228	0.0985144	0.00355745	0.00723609	-0.00367864	0.102072	-0.0325318	0.0887138	-0.0779255	12.7707	-0.000413415	-0.000828998	-0.00363737	0.00280837	-0.00124241	132.861	132.915	0	-0.0156348	0	0.00146706
446.69	416.171	1455.26	1232.1	0.0988899	0.00351059	0.00610382	-0.00259323	0.1024	-0.0351883	0.139797	-0.0186359	51.0828	-0.000403405	-0.00280491	-0.00524955	0.00244463	-0.00320832	133.319	133.327	0	-0.0149939	0	0.00155577
447.936	457.932	1245.79	2223.3	0.0967932	-0.00367697	-0.00199932	-0.00167766	0.0931162	-0.0401029	0.30688	-0.271298	167.083	-0.000626453	-0.00848981	-0.0104095	0.00191968	-0.00911626	133.776	133.767	0	-0.0142483	0	0.00169557
447.893	410.103	-42.6951	940.011	0.0824687	0.0055804	0.00755796	-0.00197756	0.0880492	-0.0548821	0.444165	-0.769313	137.285	-0.00112268	-0.0140927	-0.0149714	0.000878731	-0.0152154	134.234	134.383	0	-0.0130147	0	0.00200245
449.34	453.042	1446.77	63.7337	0.0992863	-0.0015843	-0.000740442	-0.000843862	0.097702	-0.0607358	0.356899	-0.264857	-87.2665	-0.000851413	-0.0131474	-0.012529	-0.000618411	-0.0139989	134.692	134.598	0	-0.0124886	0	0.00244662
449.461	405.72	121.066	49.3684	0.0845787	0.00779317	0.0087481	-0.000954928	0.0923718	-0.0794002	0.136604	-0.604968	-220.295	-0.00128554	-0.00835144	-0.00648012	-0.00187131	-0.00963697	135.149	135.222	0	-0.0107377	0	0.00280351
451.056	410.244	1595.03	1687	0.101251	0.00851957	0.00816229	0.000357287	0.109771	-0.074299	-0.0836907	-0.0792163	-220.295	-0.000878355	-0.00223758	0.00028175	-0.00251933	-0.00311593	135.607	135.439	0	-0.0101019	0	0.00294012
452.523	415.093	1467.41	1409.28	0.100105	0.00906776	0.00748613	0.00158163	0.109173	-0.0732625	-0.198627	-0.42697	-114.936	-0.00109867	0.00126978	0.00376093	-0.00249115	0.000171108	136.065	135.86	0	-0.00889765	0	0.00285643
453.852	456.557	1328.43	73.3105	0.0988069	0.00216339	-0.000541156	0.00270455	0.10097	-0.0690786	-0.26248	-0.390132	-63.8535	-0.00102763	0.003687	0.00580206	-0.00211506	0.00265937	136.522	136.289	0	-0.00775786	0	0.0026578
453.899	408.804	47.4679	87.6757	0.0845828	0.0116423	0.00901894	0.00262338	0.0962251	-0.0691735	-0.314628	-0.539241	-52.147	-0.00112809	0.00582877	0.00736362	-0.00153485	0.00470068	136.98	136.911	0	-0.00626768	0	0.00239532
455.433	454.94	1534.09	1016.63	0.101385	0.00407493	9.87122e-05	0.00397622	0.10546	-0.053157	-0.502995	-0.074132	-188.368	-0.000640054	0.0126967	0.0134952	-0.00079849	0.0120566	137.437	137.128	0	-0.00581525	0	0.00208069
455.543	408.494	110.017	1016.63	0.0855823	0.0134008	0.00940976	0.00399102	0.098983	-0.0448911	-0.558335	-0.438456	-55.3397	-0.000791094	0.0159543	0.0154033	0.000551026	0.0151633	137.895	137.764	0	-0.00481276	0	0.0015777
457.1	451.931	1557.13	-17.6692	0.10195	0.00643637	0.00103389	0.00540249	0.108386	-0.0250697	-0.521087	-0.10218	37.2479	-0.000346672	0.0169719	0.0148805	0.00209136	0.0166252	138.353	137.983	0	-0.00458988	0	0.00101936
457.317	405.178	216.204	181.05	0.0870905	0.0159853	0.0104277	0.00555757	0.103076	-0.0126674	-0.463619	-0.0982366	57.4681	-0.00020624	0.017108	0.0135286	0.00357941	0.0169017	138.81	138.608	0	-0.00427808	0	0.000498275
458.989	408.852	1672.83	1392.52	0.103585	0.0171493	0.0100276	0.00712173	0.120734	0.00117566	-0.260352	-0.0158632	203.267	2.48749e-06	0.0127781	0.00784583	0.00493227	0.0127806	139.268	138.826	0	-0.00427055	0	3.4656e-05
460.561	415.527	1571.54	1232.1	0.102751	0.0176327	0.00900688	0.00862586	0.120383	0.00814308	-0.137966	0.00997981	122.386	9.71319e-05	0.0101001	0.00438328	0.00571685	0.0101973	139.726	139.244	0	-0.00436488	0	-0.000225696
461.937	459.408	1375.87	482.719	0.100831	0.0104826	0.000505749	0.0099769	0.111314	0.0120173	-0.152865	0.0311163	-14.8992	0.000154269	0.0111017	0.00494648	0.00615518	0.0112559	140.183	139.681	0	-0.00452391	0	-0.000363662
461.957	411.808	19.9639	1294.35	0.0857694	0.0200826	0.0100298	0.0100528	0.105852	0.017773	-0.225233	0.130234	-72.3673	0.0002843	0.01394	0.00729017	0.00664982	0.0142243	140.641	140.314	0	-0.00485087	0	-0.000516528
463.459	415.803	1502.29	2546.52	0.102518	0.0210884	0.00953113	0.0115572	0.123606	0.0222056	-0.316756	0.0664855	-91.5234	0.000291053	0.0175477	0.0101688	0.00737884	0.0178387	141.098	140.53	0	-0.00501126	0	-0.00074176
464.85	424.638	1390.53	2046.13	0.101534	0.0210293	0.0080424	0.0129869	0.122563	0.0310466	-0.211398	0.201257	105.358	0.000479133	0.0156691	0.00727333	0.00839572	0.0161482	141.556	140.952	0	-0.00545753	0	-0.00105852
465.976	468.32	1126.82	1303.93	0.0988121	0.0137246	-0.000468658	0.0141933	0.112537	0.0376299	-0.120939	0.245678	90.4591	0.000581895	0.0138801	0.00475705	0.00912306	0.014462	142.014	141.404	0	-0.00603127	0	-0.00126991
465.752	420.117	-224.189	2163.45	0.0837594	0.0232501	0.00912711	0.014123	0.107009	0.0452978	-0.0719842	0.475091	48.9543	0.000820036	0.0131172	0.00351846	0.00959876	0.0139373	142.471	142.041	0	-0.0069184	0	-0.00139085
467.028	469.295	1275.67	3121.13	0.100661	0.0150385	-0.000453522	0.015492	0.115699	0.0429642	-0.0634704	0.26466	8.5138	0.000653819	0.0131436	0.00319304	0.00995061	0.0137975	142.929	142.26	0	-0.00723825	0	-0.00146284
466.784	423.244	-243.769	3588	0.0837329	0.024132	0.00870803	0.015424	0.107865	0.0500054	0.0440164	0.703663	107.487	0.00102472	0.0104496	0.00017967	0.0102699	0.0114743	143.387	142.914	0	-0.00823573	0	-0.00152631
467.974	427.905	1190.18	2309.49	0.0998862	0.0247441	0.00801393	0.0167302	0.12463	0.0443381	0.0972276	0.417055	53.2113	0.000770682	0.00870119	-0.00158669	0.0102879	0.00947187	143.844	143.138	0	-0.00856878	0	-0.00148229
469.029	430.915	1054.93	-1906.69	0.0985788	0.0255551	0.0076228	0.0179323	0.124134	0.0423097	0.089778	0.29859	-7.44958	0.000669168	0.00870516	-0.00142405	0.0101292	0.00937433	144.302	143.576	0	-0.00917448	0	-0.00138506
469.995	474.922	966.199	-1552.35	0.0977717	0.0180904	-0.000985291	0.0190757	0.115862	0.0402989	0.189815	-0.056127	100.037	0.000410348	0.00550132	-0.00448549	0.00998681	0.00591167	144.759	144.026	0	-0.00975811	0	-0.00129529
469.596	426.488	-398.898	2015.01	0.0825301	0.0275496	0.00862167	0.0189279	0.11008	0.0385637	0.2111	0.207436	21.2845	0.000566776	0.00436218	-0.00517608	0.00953826	0.00492895	145.217	144.683	0	-0.0104846	0	-0.00110547
470.703	434.283	1106.52	2208.94	0.0994619	0.0275052	0.007284	0.0202212	0.126967	0.0294185	0.20365	0.158878	-7.44957	0.000432791	0.0037937	-0.00522695	0.00902065	0.00422649	145.675	144.908	0	-0.0106855	0	-0.00089437
471.576	440.105	872.895	1691.79	0.0970277	0.0276079	0.00629413	0.0213138	0.124636	0.0243317	0.156824	0.150108	-46.8259	0.000370425	0.00452318	-0.00397478	0.00849795	0.0048936	146.132	145.365	0	-0.0110009	0	-0.00069072
472.274	490.676	698.452	1703.76	0.0952188	0.0185777	-0.00368024	0.0222579	0.113796	0.0202831	0.0674293	0.109326	-89.3949	0.000298252	0.00668609	-0.00141439	0.00810048	0.00698434	146.59	145.821	0	-0.0112447	0	-0.000533896
471.404	438.224	-870.075	-276.243	0.0776296	0.0283419	0.00663605	0.0217059	0.105971	0.0200859	-0.0836907	0.233969	-151.12	0.000379156	0.0110723	0.0031133	0.00795904	0.0114515	147.048	146.507	0	-0.0115648	0	-0.000466466
472.159	439.723	754.795	-2124.57	0.0958235	0.0291885	0.00648727	0.0227013	0.125012	0.0208897	-0.263545	0.0384437	-179.854	0.000257737	0.0168034	0.00853303	0.00827037	0.0170611	147.505	146.737	0	-0.0116911	0	-0.000550157
472.87	448.76	710.603	427.652	0.0954641	0.0284962	0.00482187	0.0236744	0.12396	0.0284386	-0.195434	-0.0248996	68.1104	0.000299384	0.0158399	0.00671619	0.00912367	0.0161392	147.963	147.191	0	-0.0120607	0	-0.000813702
473.303	502.233	433.723	3264.78	0.0924679	0.0186118	-0.00578589	0.0243976	0.11108	0.0346694	0.102549	0.179095	297.983	0.000504613	0.00775891	-0.00203638	0.00979529	0.00826352	148.42	147.674	0	-0.0125483	0	-0.00100914
472.078	450.937	-1225.68	2848.19	0.0738031	0.0277579	0.00422819	0.0235298	0.101561	0.0352194	0.311137	0.587988	208.588	0.000783319	0.00131413	-0.00827752	0.00959165	0.00209745	148.878	148.377	0	-0.0131857	0	-0.000906587
472.441	502.826	363.434	925.646	0.0915273	0.018087	-0.00607697	0.024164	0.109614	0.0233965	0.200457	0.199575	-110.679	0.000393011	0.00345207	-0.00531183	0.0087639	0.00384508	149.336	148.612	0	-0.0133252	0	-0.00059545
471.192	452.963	-1249.28	1768.41	0.0733768	0.0268982	0.00364579	0.0232524	0.100275	0.0191416	-0.132645	0.21962	-333.103	0.000359097	0.0127863	0.0045536	0.00823271	0.0131454	149.793	149.319	0	-0.0136044	0	-0.000394993
471.486	507.376	294.128	3980.65	0.0905803	0.0166213	-0.00717803	0.0237993	0.107202	0.0217615	-0.236939	0.146274	-104.294	0.00033931	0.0164491	0.00776102	0.00868808	0.0167884	150.251	149.565	0	-0.0137344	0	-0.000527638
470.091	455.817	-1394.85	3204.93	0.0715556	0.0255773	0.00285474	0.0227226	0.0971329	0.0315898	0.0237961	0.567369	260.735	0.000729243	0.00969799	0.000233811	0.00946418	0.0104272	150.709	150.274	0	-0.0142765	0	-0.000764577
470.293	508.384	201.605	875.368	0.0893313	0.0155326	-0.00761826	0.0231508	0.104864	0.0284536	0.186623	0.288598	162.826	0.000508549	0.00474249	-0.00474507	0.00948756	0.00525104	151.166	150.511	0	-0.0144519	0	-0.000740781
468.859	455.157	-1433.34	161.896	0.0708999	0.0247486	0.00274053	0.0220081	0.0956485	0.0251517	0.220678	0.320016	34.0552	0.000492808	0.00314727	-0.00586578	0.00901305	0.00364008	151.624	151.226	0	-0.0148482	0	-0.000554158
469.072	460.626	212.085	430.047	0.0892216	0.0241083	0.00168915	0.0224192	0.11333	0.0168686	0.233448	0.0610065	12.7707	0.000228099	0.00192908	-0.0064974	0.00842647	0.00215718	152.081	151.468	0	-0.0149288	0	-0.000333481
469.114	466.784	42.8034	240.905	0.0873486	0.0231385	0.000465979	0.0226725	0.110487	0.01013	0.282403	0.0230025	48.9544	0.00012789	-0.000391451	-0.00816818	0.00777673	-0.00026356	152.539	151.948	0	-0.0149769	0	-0.000100032
468.965	517.81	-149.344	786.783	0.085186	0.0129734	-0.00976901	0.0227424	0.0981594	0.00169703	0.388825	-0.0425722	106.423	-9.5256e-06	-0.00465393	-0.0116138	0.00695991	-0.00466346	152.997	152.439	0	-0.0148875	0	0.000182371
467.226	464.959	-1738.87	1177.04	0.0672026	0.0217305	0.000453375	0.0212771	0.0889331	-0.0120195	0.476092	-0.260754	87.2664	-0.000307386	-0.00884481	-0.0146433	0.00579853	-0.00915219	153.454	153.158	0	-0.0144769	0	0.000571196
467.12	471.043	-106.363	327.096	0.0853218	0.0205603	-0.000784735	0.0213451	0.105882	-0.0244257	0.458	-0.324841	-18.0918	-0.000487957	-0.0101386	-0.0144728	0.0043342	-0.0106265	153.912	153.406	0	-0.0142163	0	0.00104729
466.823	475.441	-297.082	39.7916	0.0831477	0.0195036	-0.00172375	0.0212274	0.102651	-0.0390734	0.401596	-0.423126	-56.4039	-0.000716233	-0.0103332	-0.0132201	0.00288692	-0.0110494	154.37	153.9	0	-0.0134726	0	0.00150529
466.386	526.379	-436.942	1028.6	0.0815128	0.00897023	-0.0119986	0.0209688	0.090483	-0.052271	0.205779	-0.540202	-195.817	-0.000940924	-0.00617658	-0.00774149	0.00156491	-0.0071175	154.827	154.393	0	-0.0125327	0	0.00190688
464.36	473.946	-2025.44	2029.37	0.0634878	0.017252	-0.00191706	0.019169	0.0807397	-0.0665152	-0.0517639	-1.25948	-257.543	-0.00157871	0.000348222	-0.00044254	0.000790762	-0.00123049	155.285	155.119	0	-0.0109989	0	0.00211266
463.953	477.455	-407.107	1469.13	0.0813938	0.016181	-0.00270046	0.0188815	0.0975749	-0.0580804	-0.169893	-0.846053	-118.129	-0.00120937	0.00410088	0.00335437	0.000746508	0.00289151	155.742	155.375	0	-0.0104711	0	0.0020609
463.434	484.308	-518.707	181.05	0.0800578	0.0143017	-0.00417471	0.0184764	0.0943595	-0.0538085	-0.15393	-0.738641	15.9634	-0.0010903	0.00408557	0.00300363	0.00108195	0.00299527	156.2	155.861	0	-0.0095528	0	0.00189101
462.698	533.415	-736.295	-249.907	0.0775038	0.00370682	-0.0141434	0.0178502	0.0812106	-0.0503324	-0.0953972	-0.589676	58.5324	-0.000952366	0.00273425	0.00135194	0.00138231	0.00178188	156.658	156.372	0	-0.00866517	0	0.00173708
460.427	477.5	-2270.98	-563.547	0.0600312	0.0123141	-0.00341463	0.0157287	0.0723452	-0.0534095	-0.047507	-0.928067	47.8901	-0.00121215	0.00134043	-0.000177073	0.0015175	0.00012828	157.115	157.103	0	-0.00746536	0	0.00164168
459.879	479.185	-548.2	-530.028	0.0790717	0.0113553	-0.00386124	0.0152165	0.0904269	-0.0462049	-0.0560208	-0.423984	-8.5138	-0.000796044	0.00179427	0.000294477	0.0014998	0.000998228	157.573	157.359	0	-0.0070571	0	0.00159417
459.273	486.914	-605.591	-403.136	0.0783218	0.00910927	-0.00552803	0.0146373	0.0874311	-0.0450556	-0.0751769	-0.426654	-19.1561	-0.000785054	0.00243288	0.000903639	0.00152924	0.00164783	158.031	157.847	0	-0.00630641	0	0.00153815
458.422	533.469	-851.353	-676.075	0.0754335	-0.00120136	-0.0150095	0.0138081	0.0742321	-0.0438947	-0.0890118	-0.474068	-13.8349	-0.000803764	0.00297312	0.00135351	0.00161961	0.00216936	158.488	158.367	0	-0.00554649	0	0.00146297
456.114	476.957	-2307.6	-692.834	0.0588256	0.00738823	-0.00416845	0.0115567	0.0662139	-0.0459629	-0.090076	-0.765551	-1.06423	-0.00102107	0.00307835	0.00132339	0.00175496	0.00205728	158.946	159.089	0	-0.00455394	0	0.00137396
455.548	527.214	-566.338	-649.738	0.0780681	-0.00340179	-0.0143332	0.0109314	0.0746663	-0.0382383	-0.0453786	-0.338947	44.6975	-0.000650835	0.0021015	0.000214208	0.0018873	0.00145067	159.403	159.343	0	-0.00422825	0	0.00128389
453.413	472.383	-2135.53	-759.872	0.0602372	0.00498743	-0.00379399	0.00878143	0.0652246	-0.0415539	-0.0560208	-0.662209	-10.6422	-0.000903183	0.00234273	0.000434007	0.00190872	0.00143954	159.861	160.073	0	-0.00332309	0	0.00123851
452.967	475.495	-445.245	-326.521	0.0789357	0.00370682	-0.00450551	0.00821233	0.0826425	-0.0354949	-0.133709	-0.287733	-77.6884	-0.00058621	0.00489855	0.00294643	0.00195212	0.00431234	160.319	160.33	0	-0.00302026	0	0.00118249
452.422	482.869	-545.733	-259.484	0.0777181	0.00144697	-0.00608953	0.0075365	0.079165	-0.0318211	-0.192242	-0.30207	-58.5324	-0.000554948	0.00705938	0.00481262	0.00224676	0.00650443	160.776	160.819	0	-0.00250715	0	0.00104878
451.642	526.388	-779.518	-1253.08	0.0749761	-0.00832608	-0.0149492	0.00662307	0.06665	-0.0264428	-0.247581	-0.282561	-55.3397	-0.000482183	0.00936218	0.00663416	0.00272802	0.00888	161.234	161.332	0	-0.0020674	0	0.000856536
449.501	470.013	-2140.84	-1688.82	0.0594538	0.000278448	-0.00410225	0.0043807	0.0597323	-0.0205737	-0.322077	-0.305496	-74.4958	-0.00043226	0.0124365	0.0090451	0.00339144	0.0120043	161.691	162.038	0	-0.0016378	0	0.000608955
449.098	519.201	-403.155	1107.61	0.0786868	-0.0102552	-0.0140206	0.00376536	0.0684316	-0.0082227	-0.459362	-0.0499526	-137.285	-0.000124665	0.0178301	0.0135342	0.00429595	0.0177055	162.149	162.289	0	-0.00156571	0	0.000286878
447.162	463.488	-1935.94	363.009	0.0612974	-0.00160281	-0.00326509	0.00166227	0.0596945	0.00685774	-0.637088	0.117258	-177.726	0.000154369	0.0249677	0.0193184	0.00564937	0.0251221	162.607	163	0	-0.00168844	0	-0.000172484
446.947	511.313	-215.383	-2830.86	0.0803748	-0.0117006	-0.0128732	0.00117251	0.0686741	0.0261335	-0.525344	0.233808	111.744	0.000446244	0.0241255	0.0165443	0.00758121	0.0245718	163.064	163.24	0	-0.00188208	0	-0.000809572
445.239	453.599	-1707.79	-2601.01	0.0634762	-0.00243038	-0.00167192	-0.000758463	0.0610458	0.0474233	-0.200755	0.454105	324.589	0.000829662	0.016681	0.00744536	0.00923564	0.0175107	163.522	163.954	0	-0.00283512	0	-0.00133492
445.313	502.342	74.1377	-2945.78	0.0832891	-0.012415	-0.0114058	-0.00100925	0.0708741	0.0485407	-0.037929	0.066703	162.826	0.00058381	0.0125743	0.00259409	0.00998017	0.0131581	163.98	164.187	0	-0.00319316	0	-0.00153567
443.868	446.332	-1444.74	-2711.15	0.0661451	-0.00321294	-0.000492822	-0.00272012	0.0629322	0.0556113	0.0642366	0.44942	102.166	0.000917516	0.00998082	-0.000258761	0.0102396	0.0108983	164.437	164.896	0	-0.00430899	0	-0.0015736
444.154	496.795	286.047	-1107.03	0.0854291	-0.0133221	-0.0105281	-0.00279404	0.072107	0.0478641	0.0546586	0.00322337	-9.57803	0.000533972	0.0100099	-0.000203836	0.0102137	0.0105438	164.895	165.129	0	-0.00466089	0	-0.00150936
442.871	441.651	-1283.04	-300.185	0.0677572	-0.00412909	0.000244159	-0.00437325	0.0636281	0.0518424	-0.0762411	0.558459	-130.9	0.000948332	0.0140358	0.0038425	0.0101933	0.0149842	165.352	165.832	0	-0.00568365	0	-0.00145471
443.296	492.973	424.232	-1198.01	0.0868055	-0.0142722	-0.00993555	-0.00433663	0.0725333	0.0488155	-0.213526	0.218651	-137.285	0.000688161	0.0184478	0.00787025	0.0105776	0.019136	165.81	166.054	0	-0.00602394	0	-0.00153095
442.125	439.806	-1170.67	-597.066	0.0688676	-0.00536308	0.000463879	-0.00582696	0.0635045	0.0620428	-0.267802	0.624396	-54.2755	0.00110563	0.0212599	0.00989533	0.0113646	0.0223656	166.268	166.757	0	-0.0072504	0	-0.00174447
442.601	487.531	475.694	-1324.9	0.0872486	-0.0147434	-0.00898602	-0.00575738	0.0725052	0.0639076	-0.273123	0.231094	-5.32108	0.000864147	0.022465	0.0101109	0.0123541	0.0233292	166.725	166.987	0	-0.00771226	0	-0.00201227
441.594	430.782	-1006.92	-3113.37	0.0705886	-0.00494291	0.00216237	-0.00710528	0.0656457	0.0804197	-0.24226	0.728748	30.8625	0.00137938	0.0230456	0.0096804	0.0133652	0.024425	167.183	167.671	0	-0.00927486	0	-0.0022854
442.344	479.016	749.856	-2038.38	0.0902472	-0.0141155	-0.00733453	-0.00678092	0.0761317	0.0788434	-0.0794338	-0.247167	162.826	0.000711259	0.0190816	0.00474831	0.0143333	0.0197928	167.641	167.887	0	-0.00982144	0	-0.00252766
441.596	425.602	-747.226	-1375.18	0.0734746	-0.00468222	0.00319888	-0.0078811	0.0687924	0.0907478	0.0216676	0.582387	101.101	0.00139657	0.0168805	0.00207241	0.0148081	0.0182771	168.098	168.567	0	-0.0115945	0	-0.00260709
442.506	476.167	909.238	-721.565	0.0920481	-0.0141335	-0.00673224	-0.00740127	0.0779146	0.080781	0.0674293	-0.0135141	45.7617	0.000888558	0.0154159	0.000400552	0.0150153	0.0163044	168.556	168.784	0	-0.0121567	0	-0.00258542
441.848	423.716	-658.035	-580.307	0.0745121	-0.00478473	0.00362637	-0.00841111	0.0697274	0.0884712	0.136604	0.750709	69.1746	0.00148349	0.0136114	-0.00144398	0.0150554	0.0150949	169.013	169.466	0	-0.0138723	0	-0.00251799
442.817	471.272	969.803	-1030.42	0.0927788	-0.0135581	-0.00569092	-0.00786715	0.0792207	0.0756702	0.125962	0.0876291	-10.6422	0.000899199	0.0134022	-0.00150875	0.014911	0.0143014	169.471	169.682	0	-0.0143872	0	-0.00238139
442.314	419.342	-503.686	-1152.52	0.0763134	-0.00412646	0.00459433	-0.00872079	0.072187	0.080175	0.157888	0.565666	31.9268	0.00126794	0.0124287	-0.0023314	0.0147601	0.0136967	169.929	170.348	0	-0.0158885	0	-0.00225543
443.422	471.363	1108.52	-1068.72	0.0944321	-0.0136199	-0.00558823	-0.00803164	0.0808122	0.0678011	0.187687	-0.056232	29.7983	0.000715858	0.0109304	-0.00359657	0.014527	0.0116463	170.386	170.564	0	-0.016342	0	-0.00209754
442.919	417.159	-502.995	-652.133	0.0764332	-0.00371781	0.00515207	-0.00886987	0.0727154	0.06994	0.191944	0.477917	4.2569	0.00109572	0.0105072	-0.00366011	0.0141673	0.0116029	170.844	171.248	0	-0.0176478	0	-0.00190985
444.1	465.11	1180.43	-1272.23	0.0953566	-0.0122991	-0.00420204	-0.00809706	0.0830575	0.0575286	0.261118	-0.0184244	69.1746	0.000626924	0.00769362	-0.00610769	0.0138013	0.00832054	171.302	171.45	0	-0.0179965	0	-0.00171791
443.796	411.884	-304.084	-1291.38	0.0788056	-0.00234511	0.00638226	-0.00872737	0.0764605	0.0554157	0.305816	0.294175	44.6975	0.000811846	0.00567854	-0.007512	0.0131905	0.00649039	171.759	172.112	0	-0.0189609	0	-0.00145679
445.145	416.4	1349.71	-707.199	0.0974311	-0.00202107	0.00574896	-0.00777003	0.09541	0.0416518	0.341999	-0.113134	36.1837	0.000387376	0.00342892	-0.00901043	0.0124393	0.00381629	172.217	172.317	0	-0.0191958	0	-0.00115098
446.364	422.003	1218.79	-939.437	0.0962021	-0.00203558	0.0048721	-0.00690769	0.0941665	0.0324945	0.371798	-0.0461023	29.7983	0.000330316	0.0013592	-0.0101791	0.0115383	0.00168952	172.674	172.754	0	-0.0195496	0	-0.000808976
447.417	464.031	1052.82	-1423.07	0.094553	-0.00949968	-0.00332281	-0.00617687	0.0850533	0.0223002	0.466514	-0.0397099	94.716	0.000221306	-0.00280602	-0.0133264	0.0105204	-0.00258471	173.132	173.202	0	-0.0197455	0	-0.000437178
447.168	413.998	-248.546	-1497.29	0.0800473	-4.12595e-05	0.00663403	-0.00667529	0.0800061	0.00901262	0.512275	0.00597013	45.7616	0.00010412	-0.00591013	-0.0150979	0.00918775	-0.00580601	173.59	173.84	0	-0.0197268	0	2.93356e-05
448.474	415.305	1305.94	-565.941	0.0975612	0.000953584	0.00663377	-0.00568019	0.0985148	-0.00516203	0.448422	-0.0281842	-63.8534	-7.61453e-05	-0.00592956	-0.0136075	0.00767796	-0.0060057	174.047	174.06	0	-0.0196077	0	0.000541611
449.749	421.576	1274.56	-379.194	0.0974486	0.000949509	0.00563463	-0.00468512	0.0983981	-0.0178264	0.458	-0.0672857	9.57802	-0.000242929	-0.00795758	-0.0142748	0.00631721	-0.00820051	174.505	174.483	0	-0.0191892	0	0.000990033
450.837	461	1088.58	-1159.7	0.0955838	-0.00587247	-0.00203254	-0.00383993	0.0897113	-0.0313685	0.429266	-0.116639	-28.7341	-0.000426299	-0.0089293	-0.013819	0.00488973	-0.0093556	174.963	174.931	0	-0.0185402	0	0.00144803
450.706	412.263	-131.424	-937.043	0.0820038	0.00354382	0.00768863	-0.00414481	0.0855476	-0.0489339	0.345192	-0.315664	-84.0738	-0.000754152	-0.00831595	-0.0118238	0.00350783	-0.0090701	175.42	175.554	0	-0.01737	0	0.0018773
452.09	455.685	1383.93	-302.579	0.0990973	-0.00371056	-0.000719043	-0.00299151	0.0953868	-0.0524006	0.357963	0.0030039	12.7707	-0.000580226	-0.00998545	-0.0123109	0.00232545	-0.0105657	175.878	175.775	0	-0.0168787	0	0.00222249
452.132	408.947	42.3581	233.722	0.0841988	0.0055376	0.00863697	-0.00309937	0.0897364	-0.0704321	0.241962	-0.52016	-116.001	-0.00112935	-0.00827747	-0.00937183	0.00109436	-0.00940682	176.335	176.406	0	-0.0152515	0	0.00258045
453.63	413.399	1497.72	1196.19	0.100647	0.0062423	0.00804613	-0.00180383	0.106889	-0.0690769	-0.000681103	-0.159984	-242.643	-0.000874177	-0.0018947	-0.00205187	0.000157175	-0.00276888	176.793	176.627	0	-0.0146276	0	0.00282242
455.001	419.89	1371.18	2438.78	0.0994948	0.00642538	0.00702228	-0.000596906	0.10592	-0.0702736	-0.13903	-0.375838	-138.349	-0.00103138	0.00201469	0.0020627	-4.80122e-05	0.000983313	177.251	177.053	0	-0.0134243	0	0.00282174
456.182	462.056	1181.31	1241.68	0.0976039	-0.000718307	-0.00117474	0.000456437	0.0968856	-0.068034	-0.0953972	-0.633488	43.6332	-0.00117826	0.000979152	0.000820894	0.000158258	-0.000199106	177.708	177.489	0	-0.0122544	0	0.0026827
456.061	413.041	-121.513	-719.17	0.0831056	0.00888424	0.00860402	0.000280225	0.0919898	-0.0733925	-0.0655988	-0.840233	29.7983	-0.00137563	6.53861e-06	-0.000233809	0.000240347	-0.00136909	178.166	178.115	0	-0.0106354	0	0.00258731
457.463	416.167	1402.44	-41.6112	0.100298	0.00983	0.00825917	0.00157083	0.110128	-0.0633467	-0.0890118	-0.00495548	-23.413	-0.000707156	0.000986919	0.000769952	0.000216967	0.000279762	178.624	178.335	0	-0.010081	0	0.00252171
458.778	419.864	1315.11	1150.7	0.0995713	0.0105926	0.00778294	0.0028097	0.110164	-0.06177	-0.296536	-0.135765	-207.524	-0.000776844	0.00733693	0.00704297	0.000293962	0.00656009	179.081	178.764	0	-0.00903773	0	0.0024327
459.989	420.257	1210.42	1868.96	0.0986322	0.0119236	0.00794645	0.00397715	0.110556	-0.0545232	-0.514702	-0.312077	-218.166	-0.000813865	0.0148036	0.0138054	0.000998259	0.0139898	179.539	179.194	0	-0.00811909	0	0.00213616
461.197	426.185	1208.36	734.11	0.0988331	0.0121716	0.00700251	0.00516911	0.111005	-0.0406924	-0.474261	-0.316335	40.4406	-0.000663028	0.0153859	0.0130071	0.00237879	0.0147228	179.996	179.608	0	-0.00744723	0	0.00162146
462.23	464.725	1032.91	-206.811	0.0970749	0.00572054	-0.000498944	0.00621949	0.102795	-0.0283566	-0.340169	-0.165918	134.092	-0.000425685	0.0130339	0.00935437	0.0036795	0.0126082	180.454	180.055	0	-0.00693448	0	0.0011472
462.07	418.284	-159.772	1354.21	0.0837933	0.0149019	0.00875726	0.00614465	0.0986952	-0.0212168	-0.15393	-0.186461	186.239	-0.00036005	0.00859632	0.00398138	0.00461494	0.00823627	180.912	180.675	0	-0.00643435	0	0.000807029
463.356	462.925	1285.32	2424.42	0.100088	0.00754441	8.61755e-05	0.00745824	0.107632	-0.0146347	0.0078327	-0.108725	161.762	-0.000235091	0.00433906	-0.000674022	0.00501308	0.00410396	181.369	180.902	0	-0.00628603	0	0.000653099
463.263	415.506	-93.0928	2096.41	0.084755	0.0170225	0.00955131	0.00747116	0.101777	-0.0169633	0.14831	-0.259186	140.478	-0.000361271	-1.25365e-05	-0.00495821	0.00494567	-0.000373808	181.827	181.534	0	-0.00586846	0	0.000660932
464.646	465.509	1383.51	1789.95	0.101418	0.00873119	-0.000172668	0.00890386	0.110149	-0.0189532	0.118512	-0.15949	-29.7983	-0.000316918	0.000325894	-0.00412396	0.00444985	8.97568e-06	182.285	181.751	0	-0.0056925	0	0.000809242
464.484	417.284	-161.757	1433.22	0.0842183	0.018318	0.00944001	0.00887796	0.102536	-0.0254324	0.0461448	-0.334176	-72.3673	-0.000505367	0.00189014	-0.00214732	0.00403746	0.00138477	182.742	182.41	0	-0.0050817	0	0.000927755
465.823	464.686	1338.77	1095.63	0.101139	0.0105214	0.000227441	0.010294	0.11166	-0.0238209	0.102549	-0.149266	56.4039	-0.000364187	3.1637e-05	-0.00379109	0.00382273	-0.00033255	183.2	182.628	0	-0.00486875	0	0.000973899
465.697	414.847	-126.543	1325.48	0.0848341	0.020498	0.0101699	0.0103281	0.105332	-0.030209	0.12809	-0.334069	25.5414	-0.000558368	-0.00130536	-0.00474898	0.00344362	-0.00186373	183.657	183.278	0	-0.00416916	0	0.00107645
467.121	466.827	1424.29	2584.83	0.102329	0.0119124	5.88318e-05	0.0118536	0.114242	-0.0302061	0.0908423	-0.159028	-37.2479	-0.000441642	-0.00066273	-0.00363145	0.00296872	-0.00110437	184.115	183.488	0	-0.00391598	0	0.00120454
466.939	418.016	-181.617	2237.67	0.0844523	0.0216471	0.00978469	0.0118624	0.106099	-0.0373798	-0.0634704	-0.535593	-154.313	-0.000772393	0.00338829	0.000782718	0.00260557	0.0026159	184.573	184.153	0	-0.00305532	0	0.00129538
468.277	469.851	1337.56	781.994	0.10158	0.0130152	-0.000314862	0.0133301	0.114595	-0.0316491	-0.181599	-0.243228	-118.129	-0.000513809	0.00718235	0.00449851	0.00268385	0.00666854	185.03	184.367	0	-0.00279191	0	0.00123191
468.011	419.43	-266.198	983.107	0.0837109	0.022999	0.00971609	0.0132829	0.10671	-0.0306314	-0.183728	-0.324743	-2.12845	-0.000556844	0.00772659	0.00459289	0.0031337	0.00716975	185.488	185.041	0	-0.00208393	0	0.00105031
469.312	471.14	1301.29	1277.59	0.101368	0.0143748	-0.000365521	0.0147403	0.115743	-0.022324	-0.228425	-0.104918	-44.6975	-0.00031799	0.00977602	0.00618304	0.00359299	0.00945803	185.946	185.254	0	-0.00189865	0	0.000866583
469.013	421.817	-298.426	1770.8	0.0835385	0.0241247	0.00943923	0.0146854	0.107663	-0.0185267	-0.260352	-0.219963	-31.9268	-0.000352494	0.0114661	0.00725476	0.00421129	0.0111136	186.403	185.927	0	-0.00146925	0	0.000638158
470.249	479.427	1235.28	2304.71	0.100808	0.0142657	-0.00183559	0.0161013	0.115074	-0.00950316	-0.12626	-0.0690051	134.092	-0.000151594	0.00843946	0.0035027	0.00493677	0.00828787	186.861	186.145	0	-0.0013871	0	0.000377806
469.701	428.662	-547.684	2038.95	0.0808963	0.0240339	0.00820789	0.015826	0.10493	-0.0071226	0.138732	-0.111408	264.992	-0.000153412	0.000911386	-0.00437565	0.00528704	0.000757974	187.318	186.845	0	-0.00121086	0	0.000251546
470.73	482.173	1029.31	1007.05	0.0986091	0.0147686	-0.00228859	0.0170572	0.113378	-0.0101238	0.150439	-0.0864054	11.7065	-0.00017009	3.25912e-05	-0.00481688	0.00484947	-0.000137499	187.776	187.063	0	-0.00112599	0	0.000390278
470.102	427.219	-628.82	-3716.71	0.080069	0.0252905	0.00857656	0.0167139	0.105359	-0.0162783	-0.0677273	-0.203084	-218.166	-0.000316259	0.00591125	0.00154347	0.00436778	0.00559499	188.234	187.755	0	-0.000751711	0	0.000540717
471.174	481.902	1072.77	-2419.05	0.0991742	0.0158548	-0.00214555	0.0180004	0.115029	-0.0125572	-0.395509	0.072617	-327.781	-9.1113e-05	0.0160107	0.0114885	0.00452213	0.0159196	188.691	187.977	0	-0.000646581	0	0.00047299
470.55	433.131	-624.584	2735.66	0.080199	0.0251623	0.00748375	0.0176785	0.105361	-0.00209766	-0.491289	-0.0114728	-95.7803	-3.09559e-05	0.0203467	0.0146757	0.00567098	0.0203158	189.149	188.688	0	-0.000591545	0	7.74813e-05
471.44	489.836	890.416	1586.45	0.0971972	0.0151219	-0.00367924	0.0188011	0.112319	0.0117326	-0.329527	0.113259	161.762	0.000205868	0.0173763	0.0102378	0.00713856	0.0175822	189.607	188.915	0	-0.000685523	0	-0.000413808
470.573	437.363	-867.595	695.803	0.0775031	0.0248912	0.00664195	0.0182492	0.102394	0.0237932	-0.114553	0.337012	214.973	0.000489043	0.0123127	0.00415039	0.00816234	0.0128018	190.064	189.625	0	-0.00121352	0	-0.000743334
471.332	496.325	759.021	1538.56	0.0957172	0.0142468	-0.00499873	0.0192455	0.109964	0.0245531	0.0578513	0.138028	172.404	0.000364831	0.00757843	-0.000998945	0.00857738	0.00794326	190.522	189.85	0	-0.00140628	0	-0.000857888
470.261	447.32	-1070.24	2728.48	0.0751939	0.0230839	0.0045882	0.0184957	0.0982778	0.0262821	0.173852	0.388138	116.001	0.000550781	0.00405039	-0.00442709	0.00847748	0.00460117	190.979	190.576	0	-0.00198712	0	-0.000800036
470.71	502.484	448.782	-115.831	0.092155	0.0128291	-0.00635479	0.0191839	0.104984	0.0188739	0.201522	0.206792	27.6699	0.000347571	0.00255534	-0.00547943	0.00803477	0.00290291	191.437	190.816	0	-0.00213765	0	-0.000626184
469.444	448.179	-1265.98	-1150.13	0.0728677	0.0224838	0.0042531	0.0182307	0.0953515	0.0148084	0.124897	0.178999	-76.6242	0.00028387	0.00418416	-0.00330267	0.00748683	0.00446803	191.895	191.54	0	-0.00244493	0	-0.000424663
469.857	504.129	413.151	1687	0.0916012	0.0120143	-0.00685439	0.0188687	0.103615	0.00978265	-0.0123876	0.0251181	-137.285	0.000125442	0.00782167	0.000665107	0.00715656	0.00794711	192.352	191.775	0	-0.00251555	0	-0.000299765
468.533	451.323	-1324.67	832.272	0.0720468	0.0212824	0.00344185	0.0178405	0.0933291	0.0113922	-0.0198372	0.173706	-7.44958	0.000242384	0.00815995	0.00093688	0.00722307	0.00840234	192.81	192.496	0	-0.00274066	0	-0.000312153
468.842	508.732	309.2	370.191	0.0902581	0.0103788	-0.007978	0.0183568	0.100637	0.0109405	0.186623	0.0751563	206.46	0.000171666	0.0020463	-0.00527046	0.00731676	0.00221797	193.268	192.733	0	-0.00281927	0	-0.00033199
467.366	455.189	-1475.89	760.446	0.0701505	0.0195955	0.00243539	0.0171601	0.089746	0.00615584	0.240898	0.0779357	54.2755	0.000120355	-0.000252552	-0.00704227	0.00678971	-0.000132197	193.725	193.47	0	-0.00292639	0	-0.000145367
467.546	507.96	179.816	-836.486	0.0885805	0.00944258	-0.00808282	0.0175254	0.0980231	-0.00139283	0.212164	-0.0245163	-28.7341	-3.18201e-05	-0.000321216	-0.0064067	0.00608549	-0.000353036	194.183	193.708	0	-0.00290366	0	9.55306e-05
466.083	453.818	-1462.88	-1087.88	0.0700574	0.018766	0.00245306	0.016313	0.0888235	-0.00876579	0.224935	-0.113911	12.7707	-0.000173338	-0.0015662	-0.00701101	0.00544482	-0.00173953	194.64	194.43	0	-0.00268138	0	0.000307695
466.293	510.633	209.995	-51.188	0.0886838	0.00781296	-0.00886797	0.0166809	0.0964968	-0.0143196	0.239834	-0.0664584	14.8991	-0.000203412	-0.00288089	-0.0076246	0.00474371	-0.0030843	195.098	194.672	0	-0.0025527	0	0.000532629
464.735	455.848	-1557.56	-316.944	0.0687558	0.0171282	0.0017775	0.0153507	0.0858841	-0.0245027	0.22387	-0.352659	-15.9634	-0.000507358	-0.00346994	-0.00745119	0.00398125	-0.0039773	195.556	195.41	0	-0.00198254	0	0.000772463
464.724	508.573	-11.3139	-731.141	0.0859343	0.00684762	-0.00876975	0.0156174	0.0927819	-0.028474	0.227063	-0.200895	3.19269	-0.000450308	-0.00442998	-0.00766611	0.00323614	-0.00488029	196.013	195.648	0	-0.00174544	0	0.000996333
462.823	457.538	-1900.63	2647.08	0.06459	0.0153589	0.00105698	0.0143019	0.0799488	-0.0399109	0.220678	-0.57229	-6.38536	-0.000824981	-0.00534814	-0.00781766	0.00246952	-0.00617312	196.471	196.371	0	-0.000861662	0	0.0012234
462.247	514.107	-576.549	2386.11	0.0791952	0.00408849	-0.010372	0.0144604	0.0832837	-0.0426322	0.201522	-0.676042	-19.1561	-0.000924386	-0.00563686	-0.00732462	0.00168776	-0.00656124	196.928	196.613	0	-0.000511022	0	0.00144407
459.649	460.168	-2597.68	-807.756	0.0562571	0.012801	-0.000103687	0.0129047	0.069058	-0.0555553	0.193008	-1.29834	-8.51381	-0.00148284	-0.0065016	-0.0074569	0.000955296	-0.00798444	197.384	197.344	0	0.000691636	0	0.0016456
458.447	514.711	-1202.29	-94.2837	0.0715388	0.0016363	-0.0112528	0.0128891	0.0731751	-0.055928	0.113191	-0.611398	-79.8169	-0.00102902	-0.00486396	-0.00507357	0.000209606	-0.00589299	197.84	197.592	0	0.00114695	0	0.0018386
455.269	460.636	-3178.06	985.501	0.0489972	0.0101277	-0.00107344	0.0112012	0.059125	-0.067473	-0.0773053	-1.42637	-190.496	-0.00170062	-2.78177e-06	0.000294969	-0.000297751	-0.0017034	198.294	198.325	0	0.00257813	0	0.00195179
453.477	517.401	-1791.92	1289.56	0.064067	-0.00174468	-0.0127849	0.0110402	0.0623223	-0.0586252	-0.226297	-1.01394	-148.992	-0.00132735	0.0047619	0.00503015	-0.000268254	0.00343454	198.747	198.565	0	0.00302874	0	0.00187449
449.626	463.759	-3850.78	85.2815	0.0404776	0.00629592	-0.00282652	0.00912244	0.0467736	-0.0590244	-0.235875	-1.57958	-9.57802	-0.00170888	0.00554027	0.00530551	0.000234761	0.0038314	199.199	199.305	0	0.00424726	0	0.00164819
447.131	514.28	-2494.68	-1205.19	0.0550835	-0.00473116	-0.0134296	0.00869846	0.0503523	-0.0462592	-0.234811	-0.853857	1.06421	-0.00108323	0.00642186	0.00565654	0.000765312	0.00533863	199.649	199.554	0	0.00459871	0	0.00141232
442.754	457.017	-4377.41	-2201.18	0.0333536	0.00383145	-0.00285256	0.00668402	0.037185	-0.0438004	-0.220976	-1.07767	13.8349	-0.00120512	0.00664623	0.00531526	0.00133097	0.0054411	200.096	200.275	0	0.00544791	0	0.00117751
439.829	506.87	-2925.37	-4329.63	0.0489457	-0.00715218	-0.0134083	0.00625613	0.0417935	-0.0327202	-0.07092	-0.515271	150.056	-0.000707071	0.00300849	0.00114599	0.00186249	0.00230142	200.542	200.512	0	0.00567439	0	0.000956531
435.025	450.914	-4804.11	-4533.13	0.0271811	0.0010669	-0.00317798	0.00424489	0.028248	-0.0342225	-0.0123876	-0.723606	58.5324	-0.000862654	0.00132204	-0.000655047	0.00197709	0.000459391	200.985	201.235	0	0.00631522	0	0.000885611
431.616	498.461	-3408.77	-2696.78	0.0420536	-0.00960078	-0.013369	0.00376819	0.0324528	-0.0307718	-0.0783695	-0.416176	-65.982	-0.000619359	0.00333952	0.00142793	0.00191159	0.00272016	201.425	201.48	0	0.00652935	0	0.000873224
426.387	493.17	-5228.56	216.963	0.0208654	-0.0115936	-0.0133565	0.00176284	0.00927179	-0.0316152	-0.0134518	-0.833616	64.9177	-0.000907023	0.00150948	-0.000544901	0.00205438	0.000602457	201.862	202.18	0	0.0070853	0	0.000794854
420.967	440.59	-5419.81	-415.107	0.0177368	-0.00416522	-0.00392459	-0.00024063	0.0135716	-0.0314465	0.194072	-1.02778	207.524	-0.00103459	-0.00476567	-0.00676556	0.00199989	-0.00580026	202.295	202.651	0	0.00745345	0	0.000781402
416.821	440.025	-4146.58	-4109.36	0.0311159	-0.00547014	-0.00464082	-0.000829319	0.0256458	-0.0350785	0.202586	-0.900784	8.51379	-0.000990285	-0.0058066	-0.00712993	0.00132333	-0.00679688	202.726	202.883	0	0.00767969	0	0.000975475
412.329	445.292	-4491.81	-2399.9	0.0264482	-0.00811803	-0.00659259	-0.00152544	0.0183302	-0.0421983	0.15576	-0.85004	-46.8259	-0.00103556	-0.00532841	-0.00593875	0.000610341	-0.00636397	203.152	203.337	0	0.00821477	0	0.00117806
407.304	487.728	-5025.01	-1128.58	0.0195932	-0.0185992	-0.0160848	-0.00251433	0.000994038	-0.0486353	0.089778	-1.29238	-65.982	-0.00140198	-0.00413593	-0.0041524	1.64664e-05	-0.00553791	203.575	203.813	0	0.00884961	0	0.00133382
400.581	433.566	-6723.29	-1640.94	-0.000521645	-0.0115241	-0.00659703	-0.00492706	-0.0120457	-0.0574992	-0.111361	-2.19979	-201.139	-0.00210541	0.00121707	0.00161584	-0.000398774	-0.000888339	203.993	204.475	0	0.00979202	0	0.0014236
395.147	477.561	-5433.17	-903.524	0.012807	-0.0223994	-0.0164828	-0.00591661	-0.00959243	-0.0489372	-0.250774	-1.50622	-139.413	-0.0015479	0.00581791	0.0060551	-0.00023719	0.00427002	204.407	204.699	0	0.0100853	0	0.00131224
387.954	424.642	-7193.61	-2328.07	-0.0080857	-0.0157266	-0.00733755	-0.00838903	-0.0238123	-0.0454527	-0.208205	-1.90544	42.569	-0.00177532	0.00525089	0.00488257	0.000368321	0.00347557	204.816	205.356	0	0.0107828	0	0.00106146
381.997	421.443	-5957.06	-5047.89	0.00455059	-0.0173789	-0.00788926	-0.00948966	-0.0128283	-0.0349183	-0.0964614	-1.14648	111.744	-0.0011523	0.00270287	0.00184629	0.000856578	0.00155057	205.22	205.578	0	0.0109725	0	0.000853259
375.73	419.73	-6266.99	-5804.46	-5.36092e-05	-0.0194731	-0.00880007	-0.010673	-0.0195267	-0.0322313	-0.0868834	-0.961175	9.57803	-0.000998908	0.00268077	0.00163956	0.00104121	0.00168186	205.619	206.007	0	0.011297	0	0.000756797
369.098	456.314	-6631.54	-4566.65	-0.00533221	-0.0294363	-0.0174432	-0.0119931	-0.0347685	-0.029919	-0.0953972	-0.930456	-8.5138	-0.000952738	0.00316951	0.00196434	0.00120516	0.00221677	206.012	206.443	0	0.0115892	0	0.000669914
360.903	405.24	-8195.06	-2917.05	-0.0242223	-0.0234768	-0.00886727	-0.0146095	-0.0476991	-0.0292395	-0.047507	-1.27324	47.8901	-0.00117371	0.00194962	0.000548025	0.0014016	0.000775911	206.4	207.064	0	0.0119459	0	0.000574517
353.858	405.043	-7045.47	-2823.67	-0.0127538	-0.0261766	-0.010237	-0.0159396	-0.0389305	-0.0257731	-0.0304794	-1.03177	17.0276	-0.000974214	0.00159759	0.00014119	0.0014564	0.000623377	206.782	207.276	0	0.012058	0	0.00052701
346.381	403.651	-7476.47	-2859.59	-0.0189272	-0.0289292	-0.011454	-0.0174752	-0.0478563	-0.0253852	-0.13903	-1.10506	-108.551	-0.00101877	0.00487988	0.00340936	0.00147052	0.00386111	207.158	207.692	0	0.0122643	0	0.00049653
338.502	437.825	-7878.9	-2840.43	-0.0248577	-0.0390579	-0.0198646	-0.0191933	-0.0639156	-0.0210385	-0.20182	-0.984688	-62.7893	-0.00089022	0.00723489	0.00542344	0.00181145	0.00634467	207.528	208.101	0	0.0124107	0	0.0003575
329.106	386.911	-9396.68	-3716.71	-0.0434621	-0.033734	-0.011561	-0.022173	-0.0771961	-0.0147605	-0.295471	-0.849177	-93.6518	-0.000730123	0.0107751	0.00842133	0.0023538	0.010045	207.89	208.687	0	0.0125019	0	0.00015568
320.822	382.488	-8283.3	-3022.39	-0.0326251	-0.0362402	-0.0123331	-0.0239071	-0.0688653	-0.00369081	-0.227361	-0.201238	68.1104	-0.000175168	0.00990604	0.00671011	0.00319593	0.00973087	208.246	208.885	0	0.0124742	0	-0.000139791
312.209	381.045	-8613.67	-3728.68	-0.037891	-0.0395244	-0.0137673	-0.0257571	-0.0774154	0.00460388	-0.115617	0.248614	111.744	0.000216897	0.00747358	0.00360664	0.00386694	0.00769048	208.595	209.262	0	0.0123358	0	-0.000367152
303.163	373.312	-9045.32	-5610.52	-0.0443621	-0.0418519	-0.0140298	-0.0278222	-0.0862141	0.00918822	-0.0453786	0.506684	70.2389	0.000439881	0.00586461	0.001637	0.00422761	0.00630449	208.937	209.653	0	0.0121475	0	-0.00048277
293.872	368.592	-9291.44	-5893.04	-0.0488175	-0.0448707	-0.014944	-0.0299266	-0.0936882	0.0109745	-0.0251583	0.542427	20.2203	0.000483557	0.00547529	0.00108398	0.00439131	0.00595885	209.271	210.017	0	0.0119548	0	-0.000528148
284.233	358.633	-9638.82	-6070.21	-0.0544622	-0.0470483	-0.01488	-0.0321682	-0.10151	0.0122258	-0.00813068	0.646484	17.0276	0.000566831	0.0051104	0.000610694	0.00449971	0.00567723	209.597	210.391	0	0.0117482	0	-0.000553306
274.402	354.645	-9831.25	-5624.89	-0.0584209	-0.0504488	-0.0160486	-0.0344003	-0.10887	0.0125381	0.0269888	0.690932	35.1194	0.000599934	0.00412726	-0.000433519	0.00456077	0.00472719	209.915	210.734	0	0.0115556	0	-0.000561437
264.186	375.964	-10215.9	-4885.08	-0.0645871	-0.0591632	-0.0223556	-0.0368075	-0.12375	0.0118462	0.0621082	0.736224	35.1194	0.00062244	0.00300956	-0.00150786	0.00451742	0.003632	210.224	211.095	0	0.0113626	0	-0.000534448
252.79	330.07	-11395.9	-4449.34	-0.0798081	-0.0556169	-0.015456	-0.0401609	-0.135425	0.0111634	0.196201	0.890731	134.092	0.000717859	-0.00118448	-0.00555111	0.00436664	-0.000466619	210.526	211.576	0	0.0111355	0	-0.00047234
242.318	348.978	-10472	-2869.16	-0.0714814	-0.0638113	-0.0213321	-0.0424793	-0.135293	0.000986655	0.219614	0.017799	23.413	2.28288e-05	-0.00274728	-0.00655881	0.00381153	-0.00272445	210.818	211.74	0	0.0110901	0	-0.00027614
230.975	306.513	-11343.6	-2076.68	-0.0832665	-0.0607868	-0.0151077	-0.0456791	-0.144053	-0.0082171	0.150439	-0.808961	-69.1747	-0.000630608	-0.00160403	-0.00475968	0.00315564	-0.00223464	211.101	212.176	0	0.0110655	0	-5.6526e-05
220.664	295.166	-10310.5	-1882.75	-0.0736971	-0.0628456	-0.0149004	-0.0479452	-0.136543	-0.0152103	0.0716862	-1.42423	-78.7527	-0.00111849	7.27822e-05	-0.00260689	0.00267968	-0.00104571	211.376	212.321	0	0.0110791	0	9.39129e-05
210.426	280.634	-10238.2	-2660.87	-0.0747905	-0.0642218	-0.0140415	-0.0501803	-0.139012	-0.0188606	0.0525302	-1.84313	-19.1561	-0.00143832	0.000277264	-0.00214172	0.00241899	-0.00116105	211.641	212.578	0	0.0111217	0	0.000165599
200.359	275.649	-10067	-4324.84	-0.0747524	-0.0673446	-0.015058	-0.0522865	-0.142097	-0.0217123	0.145118	-2.16371	92.5876	-0.00168372	-0.00280009	-0.0050049	0.00220481	-0.00448381	211.898	212.812	0	0.0111726	0	0.000218129
190.166	234.883	-10193.2	-5902.62	-0.0780425	-0.0634887	-0.00894345	-0.0545452	-0.141531	-0.0291325	0.280274	-2.99375	135.157	-0.00231953	-0.00757788	-0.00928221	0.00170432	-0.00989741	212.145	213.085	0	0.0112717	0	0.000363247
180.957	211.616	-9208.09	-6905.79	-0.0688014	-0.0620184	-0.00613169	-0.0558868	-0.13082	-0.0391502	0.340935	-3.54256	60.6608	-0.00279671	-0.0106265	-0.0114026	0.000776104	-0.0134232	212.384	213.18	0	0.0113331	0	0.000643521
172.196	188.097	-8761.35	-7296.04	-0.0654602	-0.0599868	-0.00318024	-0.0568065	-0.125447	-0.0512911	0.321779	-4.30718	-19.1561	-0.00344135	-0.0115563	-0.0111921	-0.000364152	-0.0149976	212.613	213.326	0	0.011477	0	0.000984457
163.892	170.596	-8303.92	-7473.21	-0.0619154	-0.0586244	-0.00134084	-0.0572836	-0.12054	-0.0609518	0.303687	-4.76929	-18.0918	-0.00385677	-0.0124225	-0.0109392	-0.00148336	-0.0162793	212.833	213.449	0	0.011638	0	0.00130624
155.862	140.554	-8030.68	-6379.06	-0.0603665	-0.0544231	0.00306159	-0.0574847	-0.11479	-0.0699674	0.349449	-5.29077	45.7617	-0.0043046	-0.0151598	-0.0125825	-0.00257728	-0.0194644	213.045	213.58	0	0.011848	0	0.00160992
193.181	119.505	-9000	-5967.26	-0.0642257	-0.0422903	0.0147351	-0.0570254	-0.106516	-0.0994315	0.428202	0	78.7527	-0.00110479	-0.0196645	-0.015829	-0.00383553	-0.0207693	213.247	213.626	0	0.011938	0	0.00195937
186	101.727	-9000	-4128.51	-0.0655555	-0.0379605	0.0168547	-0.0548152	-0.103516	-0.0746649	0.460128	0	31.9268	-0.00082961	-0.0214622	-0.0160438	-0.00541843	-0.0222918	213.441	213.685	0	0.0120793	0	0.00238757
178.701	84.9503	-9000	-3692.77	-0.0669072	-0.0335368	0.0187502	-0.052287	-0.100444	-0.0516415	0.425009	0	-35.1194	-0.000573794	-0.0213223	-0.0142995	-0.00702281	-0.0218961	213.625	213.732	0	0.0122135	0	0.0028477
171.305	66.7974	-9000	-4171.61	-0.0682768	-0.0285728	0.0209016	-0.0494744	-0.0968496	-0.0292446	0.38989	0	-35.1194	-0.000324939	-0.0210268	-0.012574	-0.00845276	-0.0213517	213.8	213.765	0	0.0123202	0	0.00327271
163.948	50.1448	-8817.85	-4415.82	-0.0676154	-0.0235786	0.0227606	-0.0463392	-0.0911939	-0.00650964	0.415431	0	25.5414	-7.23293e-05	-0.0223684	-0.0126582	-0.00971016	-0.0224407	213.967	213.776	0	0.01236	0	0.0036626
156.661	34.6586	-8577.85	-5009.58	-0.0662981	-0.0185246	0.0244005	-0.0429251	-0.0848228	0.0137902	0.439908	0	24.4772	0.000153224	-0.0237595	-0.0127835	-0.010976	-0.0236063	214.125	213.777	0	0.0123649	0	0.00407803
149.448	20.7811	-8337.85	-5361.53	-0.0649671	-0.0135316	0.0257335	-0.039265	-0.0784987	0.0316357	0.41011	0	-29.7983	0.000351508	-0.0236086	-0.0113542	-0.0122543	-0.0232571	214.274	213.769	0	0.0123322	0	0.00451794
142.299	10.0637	-8097.85	-6692.7	-0.0636244	-0.00895799	0.026447	-0.035405	-0.0725824	0.0473349	0.339871	0	-70.2389	0.000525943	-0.0221658	-0.00877608	-0.0133898	-0.0216399	214.414	213.756	0	0.0122667	0	0.00492805
135.117	-2.79849	-7857.85	-6312.03	-0.0622878	-0.00385492	0.027583	-0.031438	-0.0661427	0.05964	0.276017	0	-63.8535	0.000662666	-0.0207587	-0.00649132	-0.0142674	-0.020096	214.547	213.75	0	0.0122349	0	0.00526792
128.164	-9.26615	-7617.85	-6369.49	-0.0609086	0.000185618	0.0274861	-0.0273005	-0.0607229	0.0725296	0.262183	0	-13.8349	0.000805885	-0.0206061	-0.00568959	-0.0149165	-0.0198002	214.672	213.721	0	0.0120742	0	0.00554394
121.125	-16.8188	-7377.85	-6620.88	-0.0595455	0.0044112	0.0275888	-0.0231776	-0.0551343	0.0805285	0.278146	0	15.9634	0.000894761	-0.021414	-0.00592852	-0.0154855	-0.0205192	214.789	213.711	0	0.0120181	0	0.00580612
114.247	-20.854	-7137.84	-5023.95	-0.0581524	0.00798102	0.0270203	-0.0190393	-0.0501714	0.0873377	0.23132	0	-46.8259	0.000970419	-0.0203978	-0.00431947	-0.0160783	-0.0194274	214.899	213.691	0	0.0118931	0	0.00608427
107.443	-24.0169	-6897.84	-4332.02	-0.0567459	0.0113057	0.026292	-0.0149862	-0.0454402	0.0919596	0.130219	0	-101.101	0.00102177	-0.017658	-0.00114777	-0.0165103	-0.0166363	215.001	213.674	0	0.0117863	0	0.00631559
100.768	-24.3877	-6657.84	-4657.63	-0.0553153	0.0139887	0.0250312	-0.0110424	-0.0413265	0.0955356	0.0110254	0	-119.193	0.00106151	-0.0140897	0.00253531	-0.016625	-0.0130282	215.097	213.655	0	0.0116617	0	0.00644581
94.1568	-24.423	-6417.84	-3726.29	-0.0538729	0.0164282	0.023716	-0.00728775	-0.0374447	0.0969759	-0.103911	0	-114.936	0.00107751	-0.0103449	0.00602661	-0.0163715	-0.00926739	215.186	213.647	0	0.0116149	0	0.00645683
87.7106	-23.586	-6177.84	-3848.39	-0.0524	0.018529	0.0222593	-0.00373036	-0.033871	0.0977199	-0.163508	0	-59.5966	0.00108578	-0.00793202	0.00783682	-0.0157688	-0.00684625	215.269	213.638	0	0.0115536	0	0.00635292
81.4059	-21.2221	-5937.84	-4454.12	-0.0509009	0.0201341	0.0205256	-0.000391464	-0.0307667	0.0970065	-0.160315	0	3.19268	0.00107785	-0.00726552	0.00771964	-0.0149852	-0.00618767	215.345	213.633	0	0.0115236	0	0.00618941
75.2341	-20.3787	-5697.84	-4853.96	-0.0493771	0.0218099	0.0191226	0.00268737	-0.0275672	0.0943699	-0.134773	0	25.5414	0.00104855	-0.0073389	0.0068743	-0.0142132	-0.00629034	215.416	213.639	0	0.0115601	0	0.0060291
69.2747	-17.9154	-5457.84	-5940.92	-0.047814	0.0229938	0.017438	0.00555576	-0.0248203	0.0909897	-0.140095	0	-5.32113	0.001011	-0.00659324	0.00693253	-0.0135258	-0.00558224	215.48	213.641	0	0.0115743	0	0.00589432
63.4728	-12.7603	-5217.84	-5584.19	-0.0462218	0.0234181	0.0152466	0.00817146	-0.0228037	0.0861425	-0.186921	0	-46.8259	0.000957139	-0.00464062	0.00819189	-0.0128325	-0.00368348	215.54	213.657	0	0.0116646	0	0.00575423
57.8465	-0.337939	-4977.84	-4877.9	-0.0445971	0.0220953	0.0116369	0.0104585	-0.0225017	0.0802474	-0.259288	0	-72.3673	0.000891638	-0.00182727	0.0101861	-0.0120133	-0.000935629	215.594	213.687	0	0.0118327	0	0.00556731
52.3449	1.07326	-4737.85	-4662.42	-0.0429492	0.0224583	0.0102543	0.012204	-0.0204909	0.0725422	-0.286958	0	-27.6698	0.000806024	-0.000209724	0.010785	-0.0109947	0.000596301	215.643	213.756	0	0.0121983	0	0.00530802
47.227	10.3133	-4497.85	-3886.7	-0.0412304	0.0211249	0.00738274	0.0137421	-0.0201055	0.0669479	-0.279508	0	7.4496	0.000743865	0.000477458	0.0103937	-0.00991622	0.00122132	215.688	213.782	0	0.0123256	0	0.00502106
42.267	21.9024	-4257.85	-3168.44	-0.0394823	0.0189224	0.00407291	0.0148495	-0.0205598	0.0597973	-0.239068	0	40.4405	0.000664415	8.9094e-05	0.00896595	-0.00887685	0.000753509	215.727	213.844	0	0.0126235	0	0.00474156
37.5402	42.5007	-4017.86	-2603.41	-0.0376909	0.0144684	-0.00099209	0.0154605	-0.0232226	0.052233	-0.185856	0	53.2113	0.000580367	-0.000837578	0.00714268	-0.00798026	-0.000257212	215.763	213.925	0	0.0129879	0	0.00450249
32.9945	42.023	-3777.86	-2354.41	-0.0358661	0.013506	-0.0018057	0.0153117	-0.0223601	0.0434472	-0.111361	0	74.4958	0.000482747	-0.00262176	0.00464423	-0.00726599	-0.00213901	215.795	214.061	0	0.013572	0	0.00431663
28.8999	65.9423	-3537.86	-2174.84	-0.0339577	0.00763234	-0.00740847	0.0150408	-0.0263254	0.0377216	-0.178407	0	-67.0462	0.000419129	-0.000317716	0.00648385	-0.00680157	0.000101414	215.823	214.11	0	0.0137803	0	0.00420527
24.9028	63.538	-3297.87	-1013.66	-0.0320313	0.00620249	-0.00772705	0.0139295	-0.0258288	0.0297257	-0.354004	0	-175.597	0.000330285	0.0053587	0.0115119	-0.00615318	0.00568899	215.847	214.28	0	0.0144661	0	0.00402686
21.3647	74.6729	-3057.87	-1305.75	-0.0300199	0.00210884	-0.0106616	0.0127705	-0.0279111	0.0252734	-0.459362	0	-105.358	0.000280816	0.00953707	0.0145391	-0.00500199	0.00981789	215.868	214.338	0	0.014679	0	0.00367286
18.0313	83.3361	-2817.87	-3419.83	-0.0279705	-0.00188971	-0.0130609	0.0111712	-0.0298603	0.0201816	-0.332719	0	126.643	0.00022424	0.00703894	0.010587	-0.00354809	0.00726318	215.886	214.463	0	0.0150789	0	0.0032135
14.9887	103.993	-2577.87	-4080.63	-0.0258674	-0.00858871	-0.0178008	0.00921209	-0.0344561	0.0155688	-0.080498	0	252.221	0.000172987	0.000392622	0.002882	-0.00248938	0.000565608	215.901	214.595	0	0.0154582	0	0.00288078
12.1907	95.167	-2337.88	-2852.4	-0.0237189	-0.0100533	-0.0165953	0.00654197	-0.0337722	0.0106954	0.0535944	0	134.092	0.000118838	-0.00348815	-0.00128697	-0.00220118	-0.00336931	215.914	214.797	0	0.0160265	0	0.00280028
9.78088	103.046	-2097.88	-2299.34	-0.0214985	-0.0146004	-0.0186531	0.00405268	-0.0360989	0.00802169	0.0780716	0	24.4772	8.91299e-05	-0.00443137	-0.0021015	-0.00232988	-0.00434224	215.924	214.869	0	0.0162299	0	0.00285388
7.60935	109.884	-1857.88	-2533.98	-0.019234	-0.0192001	-0.0204549	0.00125472	-0.0384342	0.00528073	-0.00706645	0	-85.138	5.86748e-05	-0.00216961	0.000370416	-0.00254003	-0.00211094	215.932	215.013	0	0.0166514	0	0.00293195
5.72176	131.047	-1617.89	-1945	-0.0169169	-0.0268786	-0.025065	-0.00181351	-0.0437955	0.00323772	-0.159251	0	-152.184	3.59747e-05	0.00237166	0.00487465	-0.00250299	0.00240764	215.939	215.16	0	0.0170824	0	0.00292488
4.09541	120.107	-1377.89	-240.33	-0.0145515	-0.0287756	-0.0232023	-0.00557327	-0.0433271	0.00152282	-0.266737	0	-107.487	1.69202e-05	0.00603228	0.00804781	-0.00201552	0.0060492	215.943	215.383	0	0.0177005	0	0.00276563
2.78038	125.683	-1137.89	-1059.15	-0.0121284	-0.0336341	-0.0245805	-0.00905362	-0.0457624	0.000884407	-0.257159	0	9.57802	9.82675e-06	0.00653057	0.00774131	-0.00121074	0.0065404	215.947	215.461	0	0.0178937	0	0.00249889
1.71528	129.886	-897.896	-3192.38	-0.00965898	-0.0383749	-0.0256342	-0.0127407	-0.0480338	0.000325973	-0.223104	0	34.0552	3.62193e-06	0.00626629	0.0067029	-0.00043661	0.00626992	215.949	215.613	0	0.0182349	0	0.00224173
0.911858	147.601	-657.899	-3063.09	-0.00714113	-0.0459236	-0.0293378	-0.0165858	-0.0530648	4.50686e-05	-0.209269	0	13.8349	5.00762e-07	0.00651311	0.00627943	0.000233681	0.00651361	215.95	215.772	0	0.0185568	0	0.00201863
0.362629	131.131	-417.902	-3620.94	-0.00457621	-0.0471402	-0.0261537	-0.0209865	-0.0517164	-6.07209e-05	-0.0698557	0	139.413	-6.74677e-07	0.00295547	0.00209385	0.000861624	0.0029548	215.951	216.003	0	0.0189743	0	0.00180936
0.0653875	133.03	-177.906	-3800.51	-0.00196462	-0.0515026	-0.026593	-0.0249095	-0.0534672	-1.59577e-05	0.0929707	0	162.826	-1.77307e-07	-0.00171859	-0.0027896	0.00107101	-0.00171877	215.951	216.083	0	0.019113	0	0.0017395
