-6351.84	6573.36	0.0530495	-49.627	-0.611001	3.81431
-6351.84	6573.35	0.0530495	-49.627	-0.611001	3.82193
-6351.87	6573.39	-0.0650795	-63.9922	2.74088	3.80859
-6351.9	6573.42	0.074334	-16.1082	0.34668	3.8105
-6351.93	6573.45	0.30261	98.8135	18.0638	3.80287
-6351.96	6573.48	1.237	141.909	80.7919	3.81431
-6352.02	6573.52	2.63167	-231.586	188.531	3.82193
-6352.08	6573.55	2.63167	-231.586	188.531	3.79906
-6352.15	6573.62	2.80248	-281.865	201.22	3.8105
-6352.2	6573.67	3.08716	-305.807	214.149	3.81431
-6352.26	6573.75	3.26435	-348.902	215.107	3.8124
-6352.33	6573.82	3.61501	-368.056	218.458	3.8105
-6352.39	6573.92	3.72569	-267.499	217.98	3.80478
-6352.44	6574.03	3.92896	-126.242	205.29	3.80478
-6352.52	6574.15	3.9843	-30.4734	189.01	3.8124
-6352.59	6574.28	4.12105	36.5643	172.729	3.8124
-6352.69	6574.42	4.11147	125.15	162.434	3.8124
-6352.8	6574.58	4.2892	264.013	157.646	3.80097
-6352.91	6574.71	4.493	345.416	151.421	3.8105
-6353.02	6574.78	4.86867	474.703	166.744	3.79906
-6353.12	6574.86	5.36513	757.219	200.263	3.79525
-6353.2	6574.96	5.87277	821.862	204.333	3.79143
-6353.3	6575.08	6.07869	383.724	186.855	3.80668
-6353.38	6575.2	5.93555	-114.27	171.053	3.8105
-6353.49	6575.31	5.60298	-310.595	127	3.8105
-6353.61	6575.43	5.60298	-310.595	127	3.79525
-6353.75	6575.58	5.70621	-95.1168	115.029	3.8124
-6353.9	6575.75	5.92119	-248.346	119.817	3.8124
-6354.04	6576	6.18033	-509.314	124.845	3.79143
-6354.2	6576.26	6.32825	-681.696	124.366	3.8124
-6354.37	6576.51	6.38785	-892.386	113.832	3.79525
-6354.51	6576.67	6.61134	-964.212	126.282	3.79143
-6354.62	6576.76	7.11525	-432.699	166.025	3.8124
-6354.73	6576.86	7.92566	307.109	216.064	3.8105
-6354.81	6576.98	8.32155	474.703	215.107	3.80668
-6354.9	6577.15	7.88521	371.753	145.914	3.8124
-6355.05	6577.32	7.19347	498.645	73.8487	3.8124
-6355.22	6577.51	6.67253	654.268	34.8232	3.81622
-6355.43	6577.72	6.72414	735.671	33.8655	3.82193
-6355.7	6577.99	6.95561	632.72	44.1606	3.8105
-6355.99	6578.29	7.28925	228.1	43.4423	3.79525
-6356.29	6578.59	7.20784	-75.9632	40.8087	3.82193
-6356.6	6578.91	7.25147	-324.96	50.8643	3.8124
-6356.84	6579.21	7.36055	-509.314	67.8632	3.81431
-6356.99	6579.36	7.82455	-401.575	105.931	3.8124
-6357.09	6579.43	8.89676	-30.4734	209.121	3.8105
-6357.19	6579.52	10.1047	-334.537	239.527	3.80668
-6357.31	6579.65	10.1222	163.457	256.287	3.8124
-6357.47	6579.8	9.19421	259.225	152.378	3.79525
-6357.69	6579.99	8.12733	235.283	54.6951	3.81622
-6357.91	6580.2	8.08955	383.724	13.5148	3.80097
-6358.22	6580.47	8.08955	383.724	13.5148	3.80097
-6358.55	6580.76	8.21832	225.706	31.2319	3.81622
-6358.91	6581.05	8.16404	-202.856	21.8945	3.8124
-6359.31	6581.34	8.4152	-205.25	14.9513	3.80287
-6359.69	6581.63	8.49076	-20.8966	26.2041	3.79143
-6360.06	6581.89	8.75522	53.3237	44.1606	3.8105
-6360.34	6582.13	8.97126	129.938	59.4835	3.80859
-6360.5	6582.3	9.68535	103.602	109.043	3.78381
-6360.59	6582.44	10.7336	-229.192	211.276	3.78
-6360.7	6582.6	11.7867	-277.076	283.102	3.78762
-6360.88	6582.78	11.3003	153.88	228.035	3.79334
-6361.05	6582.98	10.1238	347.81	96.5936	3.80287
-6361.24	6583.22	9.24849	479.492	17.8244	3.79906
-6361.51	6583.52	9.46719	594.413	6.33218	3.78762
-6361.8	6583.85	9.73537	580.048	37.4568	3.79334
-6362.15	6584.23	9.84977	311.897	43.6817	3.78953
-6362.55	6584.6	9.58691	-35.2618	21.8945	3.81622
-6362.92	6584.97	9.76836	-145.395	27.6406	3.80668
-6363.28	6585.34	9.84711	-169.337	33.3867	3.80287
-6363.65	6585.73	9.4741	-368.056	67.1449	3.81431
-6363.89	6586.05	9.4741	-368.056	67.1449	3.8124
-6364.03	6586.18	11.3674	-588.322	147.111	3.7819
-6364.17	6586.31	12.9727	-751.128	251.498	3.81431
-6364.34	6586.51	12.2326	36.5643	190.925	3.80668
-6364.54	6586.74	12.2326	36.5643	190.925	3.79715
-6364.83	6586.97	10.9193	-56.8096	57.5681	3.81431
-6365.12	6587.25	10.3143	-20.8966	-5.87824	3.81812
-6365.47	6587.58	10.5399	259.225	-20.9617	3.8124
-6365.88	6587.92	10.7831	400.483	0.34668	3.8124
-6366.32	6588.27	10.9422	96.4193	22.1339	3.80859
-6366.74	6588.67	10.9028	-178.914	15.6696	3.79525
-6367.22	6589.08	11.0821	-80.7516	19.7397	3.81622
-6367.68	6589.52	11.121	-8.92558	29.3165	3.8105
-6368.19	6589.92	11.5552	369.358	20.2186	3.79334
-6368.74	6590.21	11.5552	369.358	20.2186	3.8124
-6369.09	6590.44	12.0591	905.66	44.1606	3.79525
-6369.22	6590.65	12.7131	812.286	155.491	3.80859
-6369.33	6590.83	14.8878	-1316.16	329.549	3.8124
-6369.51	6590.99	14.8878	-1316.16	329.549	3.8124
-6369.69	6591.19	13.9151	-763.099	176.56	3.80287
-6369.92	6591.4	12.4465	-171.731	60.92	3.81431
-6370.21	6591.65	12.0623	153.88	10.1629	3.8105
-6370.52	6591.97	12.239	460.338	2.50146	3.8105
-6370.89	6592.33	12.5944	536.952	26.4435	3.81431
-6371.34	6592.75	12.5311	55.7179	27.6406	3.80859
-6371.81	6593.16	12.645	-301.018	14.9513	3.80668
-6372.26	6593.58	12.5939	-250.74	25.2464	3.80287
-6372.72	6594.01	12.8051	-207.644	33.3867	3.79143
-6373.04	6594.43	12.8743	-408.757	53.9768	3.79525
-6373.25	6594.8	13.4543	-767.888	97.5513	3.8105
-6373.43	6595.02	14.2072	-1218	157.406	3.78
-6373.6	6595.21	15.3039	-813.377	181.109	3.80287
-6373.8	6595.49	15.4859	951.149	192.362	3.8124
-6374.02	6595.78	14.6335	1990.23	156.449	3.78762
-6374.26	6596.14	13.2627	1532.94	45.1183	3.79143
-6374.54	6596.51	12.687	874.535	-37.4817	3.79334
-6374.85	6596.89	12.7668	441.184	-41.5519	3.8124
-6375.18	6597.28	13.3138	256.831	-12.582	3.8124
-6375.52	6597.72	13.5852	115.573	13.0359	3.82575
-6375.92	6598.25	13.3835	-494.949	12.3177	3.80668
-6376.3	6598.79	13.3835	-494.949	12.3177	3.8124
-6376.75	6599.33	13.5288	-827.743	16.8667	3.80859
-6377.25	6599.64	13.7172	-990.548	20.2186	3.80097
-6377.63	6599.79	15.6902	565.683	167.701	3.8105
-6377.82	6599.93	15.6902	565.683	167.701	3.82384
-6378.09	6600.1	16.7481	50.9294	304.41	3.79525
-6378.37	6600.29	16.4208	-763.099	254.611	3.80668
-6378.67	6600.5	15.4364	-1004.91	128.915	3.8105
-6379.06	6600.74	14.8277	-1531.64	90.1292	3.79525
-6379.46	6601.01	15.0501	-1160.54	41.527	3.81622
-6379.87	6601.34	15.0501	-1160.54	41.527	3.82193
-6380.31	6601.74	15.0815	-947.453	44.1606	3.79525
-6380.77	6602.16	15.0927	-1294.61	36.2597	3.81431
-6381.11	6602.59	15.8057	-1541.21	99.2272	3.80668
-6381.35	6603.01	15.8057	-1541.21	99.2272	3.79525
-6381.6	6603.32	16.3586	-2017.66	146.872	3.8105
-6381.83	6603.53	16.4363	-1735.15	117.184	3.8105
-6382.05	6603.7	16.2841	-28.0792	48.4701	3.8105
-6382.31	6603.94	15.7637	1719.69	30.753	3.80668
-6382.56	6604.21	15.2789	2133.89	9.44465	3.79334
-6382.8	6604.53	14.9644	1832.22	-15.9339	3.80287
-6383.11	6604.87	15.0544	1552.09	-11.3849	3.78381
-6383.4	6605.29	15.1672	1113.96	2.26204	3.80287
-6383.72	6605.69	15.3672	702.152	7.05045	3.80287
-6384.06	6606.11	15.4614	280.773	21.4157	3.81431
-6384.32	6606.53	15.7647	-202.856	48.7096	3.79334
-6384.61	6606.93	16.0255	-636.206	71.4545	3.81622
-6384.96	6607.24	16.4384	-28.0792	65.7084	3.81622
-6385.24	6607.43	16.4384	-28.0792	65.7084	3.8124
-6385.48	6607.61	16.6997	656.662	91.5658	3.80859
-6385.71	6607.76	16.456	836.228	97.0724	3.81431
-6385.96	6607.97	15.7977	481.886	37.6962	3.8124
-6386.23	6608.27	15.2651	117.967	-24.0742	3.8124
-6386.58	6608.57	15.2161	62.9005	-49.2133	3.8124
-6386.96	6608.92	15.3885	331.051	-31.975	3.8124
-6387.37	6609.35	15.4194	283.167	-24.7924	3.81431
-6387.84	6609.72	15.3183	-95.1169	-23.3559	3.82384
-6388.27	6610.16	15.3002	-396.786	-20.9617	3.81812
-6388.75	6610.64	15.2928	-494.949	-14.4974	3.82193
-6389.31	6611.19	14.3137	-578.746	-8.03303	3.8124
-6389.91	6611.69	14.1141	-573.957	-5.15999	3.80668
-6390.52	6612.09	15.1932	-729.58	-3.96288	3.8105
-6391.05	6612.26	16.0702	-538.044	-1.56868	3.80859
-6391.36	6612.42	18.4727	74.8715	284.778	3.79143
-6391.6	6612.58	18.4727	74.8715	284.778	3.79525
-6391.85	6612.76	18.8031	-1189.27	305.368	3.81431
-6392.16	6613	17.6958	-1392.77	156.688	3.78572
-6392.46	6613.25	16.3038	-957.029	0.586102	3.81431
-6392.83	6613.54	16.3038	-957.029	0.586102	3.82384
-6393.3	6613.89	16.7023	-729.58	18.0638	3.80478
-6393.8	6614.26	16.8013	-418.334	21.8945	3.81622
-6394.28	6614.65	16.6523	-715.215	20.458	3.80668
-6394.74	6615.05	16.6523	-715.215	20.458	3.80287
-6395.24	6615.4	16.6848	-535.65	34.5838	3.82193
-6395.79	6615.69	15.8307	-102.299	27.1617	3.81431
-6396.36	6615.96	15.8073	570.471	36.0203	3.81812
-6396.72	6616.26	17.4074	1260	79.1159	3.8105
-6396.95	6616.55	18.653	869.746	166.504	3.80668
-6397.24	6616.87	19.556	-372.844	239.049	3.79906
-6397.54	6617.16	19.4299	-152.578	193.08	3.8105
-6397.85	6617.48	18.5961	1271.97	95.1571	3.81812
-6398.24	6617.79	17.7671	2162.62	43.9212	3.80668
-6398.58	6618.09	17.4499	2033.33	6.09276	3.80287
-6398.99	6618.39	17.119	1619.13	-33.4116	3.80287
-6399.43	6618.72	17.4483	1339.01	-16.4127	3.7819
-6399.82	6619.09	18.1566	-403.969	67.8632	3.81431
-6400.17	6619.51	18.1566	-403.969	67.8632	3.82193
-6400.55	6620.01	14.9469	-1383.2	95.3965	3.78762
-6400.89	6620.48	16.0941	-1907.53	72.6516	3.8124
-6401.28	6620.87	18.1837	-1974.57	57.8075	3.81812
-6401.67	6621.1	19.3139	-1387.99	64.7507	3.81812
-6402.03	6621.3	19.4645	-202.856	95.1571	3.8105
-6402.31	6621.5	19.6869	474.703	147.59	3.80097
-6402.61	6621.7	19.4012	62.9005	147.111	3.80097
-6403.01	6621.96	18.9558	-365.662	82.7072	3.79525
-6403.41	6622.26	18.421	-305.807	32.6684	3.79906
-6403.83	6622.57	18.4109	-365.662	18.0638	3.79334
-6404.31	6622.95	18.3779	-473.401	17.8244	3.82193
-6404.78	6623.35	18.5663	-621.841	21.6551	3.8124
-6405.32	6623.68	18.479	-696.062	2.74088	3.82193
-6405.89	6623.92	18.8106	-164.549	11.36	3.8124
-6406.33	6624.21	19.0245	455.55	50.3855	3.79906
-6406.68	6624.54	19.5332	486.674	69.2997	3.81431
-6406.94	6624.9	20.4532	-1656.14	170.574	3.8124
-6407.22	6625.26	20.4532	-1656.14	170.574	3.80097
-6407.55	6625.56	19.9392	-1715.99	112.395	3.8124
-6407.94	6625.84	19.3193	-1002.52	20.458	3.80668
-6408.32	6626.09	19.1341	-35.2618	15.1907	3.81812
-6408.69	6626.35	19.4172	750.036	38.1751	3.83337
-6409.04	6626.64	19.448	714.123	47.0336	3.80859
-6409.39	6627.01	19.4576	254.437	50.3855	3.79525
-6409.76	6627.4	17.9996	-143.001	-25.7501	3.8105
-6410.16	6627.8	17.9996	-143.001	-25.7501	3.81622
-6410.54	6628.21	18.7419	-217.221	-31.2568	3.80287
-6410.93	6628.62	19.1575	-363.267	-21.4406	3.8124
-6411.4	6629.04	19.1947	-150.183	-11.1455	3.82575
-6411.88	6629.34	19.1947	-150.183	-11.1455	3.80287
-6412.36	6629.6	19.2666	508.222	9.20522	3.81812
-6412.78	6629.88	19.7178	1216.91	42.7241	3.8105
-6413.04	6630.21	20.4351	-198.068	137.774	3.8124
-6413.3	6630.54	20.4351	-198.068	137.774	3.81622
-6413.63	6630.87	20.3707	-712.821	115.029	3.80668
-6414.03	6631.19	19.8567	-557.198	43.4423	3.78381
-6414.44	6631.44	19.5502	278.379	10.6417	3.81622
-6414.92	6631.72	19.5502	278.379	10.6417	3.8124
-6415.47	6632.02	19.7114	534.558	21.8945	3.79906
-6416	6632.36	19.8679	410.06	32.429	3.8105
-6416.49	6632.74	19.9152	117.967	44.8788	3.8124
-6416.93	6633.18	20.0738	-188.491	50.6249	3.81431
-6417.25	6633.64	20.3148	-763.099	80.313	3.81812
-6417.55	6634.06	20.6602	-1426.29	107.368	3.79906
-6417.92	6634.39	20.6197	-997.731	55.8922	3.79906
-6418.28	6634.67	20.6197	-997.731	55.8922	3.8105
-6418.64	6634.94	20.2398	405.271	33.3867	3.80287
-6418.99	6635.22	19.7146	1075.65	-6.83593	3.80668
-6419.31	6635.57	19.2746	702.152	-52.3258	3.8105
-6419.66	6635.93	19.2746	702.152	-52.3258	3.81622
-6420.04	6636.41	19.241	510.616	-51.3681	3.81431
-6420.41	6636.9	19.1836	273.59	-56.8747	3.80668
-6420.87	6637.41	19.2996	41.3526	-46.1008	3.80287
-6421.46	6637.9	19.3384	-284.259	-25.0319	3.79906
-6422	6638.45	19.4805	-526.073	-17.6098	3.81431
-6422.52	6639.04	19.439	-691.273	-8.27245	3.8105
-6423.05	6639.63	19.556	-827.743	17.3455	3.79906
-6423.48	6640.01	19.556	-827.743	17.3455	3.82193
-6423.8	6640.18	20.2696	-229.192	60.92	3.80287
-6424.18	6640.33	21.5211	656.663	160.519	3.80097
-6424.51	6640.51	22.0027	321.474	187.334	3.81431
-6424.86	6640.7	20.6219	-339.325	72.4122	3.8124
-6425.26	6640.91	19.3224	-485.372	-41.3124	3.8124
-6425.69	6641.2	18.975	-552.409	-46.5797	3.81812
-6426.17	6641.53	17.2701	-480.583	-28.8626	3.80668
-6426.71	6641.92	14.1136	-262.711	-38.2	3.80668
-6427.36	6642.31	13.656	-363.267	-48.7345	3.8124
-6427.97	6642.8	14.2275	-550.015	-38.6788	3.8124
-6428.61	6643.26	10.8943	-588.322	-20.9617	3.8124
-6429.29	6643.72	13.9662	-822.954	-13.3003	3.82193
-6429.88	6644.19	18.1614	-1004.91	-10.4272	3.82384
-6430.52	6644.72	19.1772	-909.145	-8.03303	3.82193
-6431.05	6645.21	19.986	-923.511	6.33219	3.80859
-6431.41	6645.65	20.2696	-1103.08	60.6806	3.80668
-6431.66	6645.91	21.2003	-1411.93	135.619	3.81431
-6431.98	6646.14	21.8505	-581.14	190.446	3.80668
-6432.29	6646.41	19.8386	2828.2	-14.9762	3.78762
-6432.64	6646.7	19.8386	2828.2	-14.9762	3.80859
-6433.12	6647	19.1282	2816.23	-78.4226	3.81431
-6433.61	6647.36	19.249	2557.66	-63.0997	3.79906
-6434.11	6647.75	19.6752	1930.38	-27.6655	3.8124
-6434.67	6648.23	19.6752	1930.38	-27.6655	3.82193
-6435.23	6648.71	19.7322	1303.1	-26.229	3.80668
-6435.7	6649.08	19.6013	766.796	-22.8771	3.80668
-6436.12	6649.34	19.9956	666.239	12.5571	3.81431
-6436.43	6649.55	20.5389	618.355	73.8487	3.8105
-6436.77	6649.74	21.1726	-344.114	115.987	3.80287
-6437.18	6649.95	20.6761	-1507.7	83.4255	3.8105
-6437.54	6650.21	20.1132	-1378.41	28.3588	3.79525
-6437.93	6650.45	20.1132	-1378.41	28.3588	3.8105
-6438.43	6650.8	20.467	-1289.82	43.9212	3.80668
-6438.91	6651.2	19.9977	-1294.61	42.0058	3.78381
-6439.45	6651.63	15.3066	-1531.64	-0.850421	3.81622
-6440.12	6652.11	15.3066	-1531.64	-0.850421	3.82384
-6440.78	6652.52	15.7461	-1215.6	5.85334	3.79525
-6441.39	6652.91	16.4586	-992.943	22.8522	3.81431
-6441.97	6653.21	19.9892	-648.177	40.5693	3.79906
-6442.44	6653.49	21.4599	96.4193	52.3009	3.79334
-6442.71	6653.77	18.7722	730.883	64.0324	3.81431
-6442.96	6654.07	19.4752	-54.4155	127.239	3.8105
-6443.3	6654.37	21.179	-693.667	129.873	3.79906
-6443.61	6654.71	20.955	31.7758	31.9501	3.78572
-6443.98	6655.07	20.0876	826.651	-44.6643	3.80097
-6444.37	6655.45	19.969	1281.55	-43.2278	3.78953
-6444.79	6655.78	20.0317	1319.86	-28.8626	3.80668
-6445.25	6656.07	20.1089	1147.47	-31.7356	3.8124
-6445.82	6656.36	20.0674	1140.29	-29.102	3.80668
-6446.4	6656.67	20.2148	721.306	-20.2435	3.8105
-6446.96	6657.05	19.4613	-95.1169	40.3298	3.80859
-6447.54	6657.41	19.4613	-95.1169	40.3298	3.80097
-6448.01	6657.88	20.359	-602.688	57.5681	3.81622
-6448.39	6658.37	21.0784	-1244.33	68.5814	3.8124
-6448.8	6658.71	21.3418	-1957.81	75.764	3.81622
-6449.2	6658.89	21.6584	-2048.79	98.7484	3.8124
-6449.59	6659.05	21.7425	-945.058	117.184	3.80097
-6449.98	6659.24	21.4546	-92.7226	74.0881	3.78381
-6450.37	6659.46	20.5777	-219.615	-0.371581	3.80668
-6450.77	6659.72	20.4383	-327.354	-24.0742	3.80859
-6451.3	6660.01	20.4495	-435.093	-11.8637	3.8124
-6451.83	6660.38	19.2772	-648.177	-22.6377	3.8124
-6452.41	6660.8	17.5915	-760.705	-31.975	3.79525
-6453.06	6661.23	18.9697	-913.934	-21.4406	3.78762
-6453.68	6661.66	15.9728	-796.618	6.5716	3.82575
-6454.19	6662	15.5498	-530.862	14.4725	3.80097
-6454.57	6662.3	18.9202	94.0251	25.2464	3.79143
-6454.88	6662.59	21.9702	548.923	79.3553	3.78762
-6455.18	6662.91	22.5274	163.457	124.127	3.79525
-6455.52	6663.29	21.7558	-157.366	75.2852	3.80287
-6455.95	6663.69	20.2558	357.387	-27.9049	3.8124
-6456.38	6664.08	19.8386	807.497	-81.0562	3.80287
-6456.79	6664.52	19.9785	838.622	-56.8747	3.78
-6457.26	6664.82	20.5122	915.236	-19.5252	3.78762
-6457.74	6665.12	20.6852	1394.08	7.28987	3.79906
-6458.3	6665.36	20.9108	1853.76	4.89566	3.80668
-6458.9	6665.64	20.7416	1444.35	-12.582	3.80287
-6459.37	6665.97	20.8815	524.981	16.1484	3.78381
-6459.78	6666.36	16.5304	-1160.54	92.284	3.81812
-6460.18	6666.77	16.5304	-1160.54	92.284	3.8124
-6460.56	6667.16	16.7859	-1907.53	95.6359	3.79334
-6460.94	6667.43	15.5647	-1478.97	61.8777	3.80287
-6461.32	6667.72	15.852	-492.554	35.0626	3.80097
-6461.68	6667.98	19.5704	91.6309	0.5861	3.79525
-6462.05	6668.27	21.3109	60.5063	-34.6087	3.8124
-6462.49	6668.64	20.939	65.2947	-59.5084	3.8124
-6462.95	6669.02	20.3521	12.6223	-65.7333	3.80097
-6463.42	6669.47	19.9775	-418.334	-65.2544	3.80287
-6463.94	6669.93	19.9264	-935.482	-60.9449	3.80287
-6464.51	6670.42	19.9663	-1119.84	-54.0017	3.79334
-6465.09	6670.97	20.1153	-1038.43	-37.2423	3.8124
-6465.73	6671.43	20.2744	-887.598	-20.7223	3.8124
-6466.28	6671.86	20.508	-906.751	-5.39941	3.80668
-6466.74	6672.11	20.8831	-487.766	33.1472	3.80668
-6467.07	6672.31	16.5209	132.332	121.493	3.78572
-6467.4	6672.55	14.0583	-140.607	176.081	3.79143
-6467.78	6672.79	19.5528	-954.635	130.591	3.79143
-6468.28	6673.08	21.7723	-650.572	12.0783	3.79143
-6468.72	6673.38	21.2178	-133.424	-53.044	3.79525
-6469.17	6673.74	20.3281	-145.395	-43.7066	3.81431
-6469.66	6674.15	20.2802	-236.375	-27.9049	3.80287
-6470.17	6674.58	20.2526	-435.094	-31.975	3.80668
-6470.77	6675.01	20.433	-619.447	-13.5397	3.8124
-6471.39	6675.45	20.433	-619.447	-13.5397	3.81431
-6472.05	6675.92	20.5766	-590.717	-4.92056	3.80478
-6472.59	6676.33	20.574	-538.044	9.92349	3.8105
-6473.03	6676.68	20.9576	-83.1459	42.9635	3.78381
-6473.36	6676.98	21.4669	836.228	98.9878	3.78762
-6473.63	6677.29	22.5146	939.178	164.828	3.79525
-6473.96	6677.62	22.3965	718.912	160.519	3.79143
-6474.36	6677.93	20.3728	1559.28	-25.9895	3.80668
-6474.78	6678.28	20.3728	1559.28	-25.9895	3.82193
-6475.2	6678.64	20.292	1659.83	-41.3124	3.78572
-6475.67	6679.01	20.5069	1623.92	-25.2713	3.79143
-6476.14	6679.29	20.8257	1537.73	-21.4406	3.80097
-6476.66	6679.61	20.6325	1549.7	-21.68	3.79525
-6477.19	6679.89	20.6102	1331.83	-39.1576	3.8124
-6477.65	6680.2	20.7751	479.492	-19.0464	3.8124
-6478.06	6680.56	21.6701	-681.696	56.371	3.78762
-6478.51	6681.01	22.0032	-1605.86	92.284	3.8124
-6478.95	6681.4	21.7984	-2072.73	58.5258	3.80478
-6479.36	6681.7	21.4105	-1902.74	33.3867	3.8124
-6479.82	6681.99	21.6063	-846.896	63.3142	3.80859
-6480.23	6682.19	21.8776	82.0541	86.7774	3.8105
-6480.65	6682.37	22.0777	-66.3864	78.6371	3.76856
-6481.06	6682.6	21.6552	-705.638	31.9501	3.80287
-6481.46	6682.9	21.3147	-1007.31	10.4023	3.79525
-6481.85	6683.24	21.2343	-1055.19	19.9791	3.80668
-6482.36	6683.63	21.2982	-1330.52	9.20523	3.7819
-6482.87	6684.05	21.1774	-1603.46	-5.15999	3.78
-6483.44	6684.4	21.1056	-1620.22	-9.70897	3.78762
-6484.04	6684.72	21.2253	-1397.56	6.33218	3.80859
-6484.55	6684.99	22.0181	41.3526	76.4823	3.80668
-6484.93	6685.24	22.0181	41.3526	76.4823	3.78572
-6485.31	6685.5	22.1214	343.022	69.7785	3.8105
-6485.63	6685.78	21.8181	-248.346	35.0626	3.8105
-6485.99	6686.11	20.7602	-461.43	-29.8203	3.80668
-6486.42	6686.43	20.0142	5.43961	-102.365	3.79525
-6486.94	6686.76	19.7359	283.167	-125.349	3.8124
-6487.41	6687.14	20.0019	151.486	-106.914	3.8105
-6487.86	6687.55	20.1573	43.7469	-92.3089	3.79906
-6488.41	6687.98	20.2366	-291.441	-85.1263	3.8124
-6488.93	6688.39	20.0302	-260.317	-68.1275	3.80097
-6489.44	6688.8	20.3351	-102.299	-25.5107	3.80097
-6489.9	6689.2	20.5788	196.976	6.81102	3.80287
-6490.33	6689.6	20.0121	180.216	64.0324	3.7819
-6490.75	6689.93	19.6066	800.315	67.1449	3.8124
-6491.14	6690.26	19.6066	800.315	67.1449	3.8105
-6491.5	6690.55	21.2508	1396.47	29.0771	3.8105
-6491.86	6690.82	21.3695	1391.68	-1.08984	3.8105
-6492.3	6691.11	20.4016	1350.98	-41.5518	3.79143
-6492.69	6691.37	19.7678	1245.64	-87.5205	3.78762
-6493.12	6691.69	19.7167	910.448	-76.986	3.80478
-6493.57	6692.11	20.3127	350.205	-44.4249	3.79906
-6493.98	6692.53	20.3627	-198.068	-20.2435	3.8124
-6494.4	6692.99	20.4899	-540.438	-12.3426	3.8124
-6494.87	6693.46	20.3313	-779.859	-15.2156	3.81812
-6495.36	6693.84	20.4133	-957.029	3.45914	3.8124
-6495.83	6694.06	20.6596	-617.053	63.793	3.79525
-6496.28	6694.24	21.4445	84.4483	114.79	3.80097
-6496.68	6694.41	21.6441	17.4106	86.0591	3.78762
-6497.08	6694.62	21.2716	-746.34	37.4568	3.78
-6497.51	6694.87	20.549	-985.76	14.9513	3.78572
-6497.93	6695.18	20.3888	-818.166	2.02262	3.78381
-6498.4	6695.54	11.2263	-980.971	-2.76578	3.8124
-6498.98	6695.95	2.10913	-1332.92	8.48697	3.79143
-6499.53	6696.37	4.5478	-1203.63	2.74089	3.79334
-6500.04	6696.76	9.41291	-1036.04	-7.79361	3.78762
-6500.56	6697.17	17.1823	-937.876	7.76871	3.80668
-6501.04	6697.56	21.9718	-710.427	20.9368	3.8124
-6501.38	6697.84	21.6143	-68.7806	66.9055	3.80859
-6501.7	6698.07	21.6143	-68.7806	66.9055	3.78762
-6502.08	6698.34	20.7139	369.358	47.0336	3.80287
-6502.45	6698.63	19.7705	685.393	-65.4939	3.8124
-6502.86	6698.93	19.1272	850.593	-139.475	3.79906
-6503.34	6699.26	18.9345	999.033	-139.475	3.80097
-6503.78	6699.66	19.1085	843.41	-118.645	3.80287
-6504.22	6700.05	19.1075	450.761	-112.899	3.80478
-6504.74	6700.52	19.1724	29.3817	-95.6608	3.79143
-6505.3	6701.04	19.182	-104.694	-67.8881	3.78762
-6505.86	6701.59	19.3895	-219.615	-56.8747	3.79525
-6506.39	6702.16	19.4156	-365.662	-43.7066	3.8124
-6506.77	6702.73	19.7183	-787.041	-17.8493	3.80287
-6507.15	6703.14	20.0349	-1129.41	19.2609	3.80668
-6507.55	6703.35	20.9326	-1028.86	118.86	3.8124
-6507.92	6703.49	21.5642	-171.731	191.165	3.82384
-6508.29	6703.69	21.4269	343.022	133.464	3.78762
-6508.7	6703.91	19.9338	323.868	-0.132161	3.80859
-6509.12	6704.15	19.0303	546.529	-71.24	3.8124
-6509.57	6704.5	18.9196	795.526	-73.1553	3.81431
-6510.06	6704.91	19.4177	639.903	-56.1565	3.8124
-6510.5	6705.29	19.2118	479.492	-59.7478	3.8124
-6510.99	6705.72	19.1729	180.216	-78.1831	3.79525
-6511.62	6706.16	19.0245	-95.1168	-57.3536	3.79334
-6512.21	6706.63	19.2719	-78.3574	-40.3547	3.79525
-6512.78	6707.12	19.2506	-200.462	-25.2713	3.79334
-6513.43	6707.64	19.3671	-233.981	-7.07535	3.81431
-6513.96	6708.16	19.3326	-121.453	-2.04752	3.8124
-6514.37	6708.58	19.6752	-150.183	0.82552	3.80287
-6514.73	6708.86	20.6756	-686.485	65.9478	3.8124
-6515.1	6709.06	22.0628	-1543.61	181.827	3.78
-6515.47	6709.25	21.7558	-763.099	195.235	3.7819
-6515.84	6709.5	20.0488	867.352	78.6371	3.80097
-6516.29	6709.78	18.4365	1331.83	-68.8457	3.80097
-6516.71	6710.11	18.1161	1164.23	-140.672	3.80097
-6517.18	6710.51	18.371	1101.98	-130.616	3.8105
-6517.76	6710.98	18.8435	1056.49	-76.2678	3.79334
-6518.33	6711.46	18.8435	1056.49	-76.2678	3.79525
-6518.83	6711.95	18.7696	577.654	-70.5217	3.8124
-6519.36	6712.44	18.7031	7.83383	-64.7756	3.80478
-6519.93	6713.01	18.8265	-284.259	-41.7913	3.81622
-6520.49	6713.59	18.9617	-346.508	-21.68	3.8124
-6520.98	6714.16	19.1703	-621.841	-9.94839	3.80668
-6521.37	6714.72	19.7412	-1514.88	53.498	3.79143
-6521.78	6714.97	20.3606	-2412.7	103.537	3.80287
-6522.2	6715.1	18.5807	-1878.8	124.845	3.79143
-6522.54	6715.25	19.3315	307.109	169.617	3.78762
-6522.86	6715.43	20.4846	1444.35	174.645	3.79334
-6523.25	6715.64	19.9652	1020.58	59.4835	3.78381
-6523.65	6715.9	19.3698	1056.49	-29.3414	3.78762
-6524.18	6716.23	19.1335	1145.08	-59.2689	3.8105
-6524.74	6716.6	19.174	687.787	-47.5374	3.82193
-6525.25	6717.03	19.1154	460.338	-38.6788	3.81431
-6525.81	6717.48	19.2761	299.926	-28.3837	3.8124
-6526.47	6717.95	19.2618	201.764	-25.2713	3.79143
-6527.1	6718.46	19.2618	201.764	-25.2713	3.8124
-6527.79	6718.95	19.3171	199.37	-13.0608	3.81431
-6528.52	6719.48	19.4289	-123.847	-9.46955	3.79525
-6529.2	6720	19.4853	-571.563	-10.6666	3.81812
-6529.84	6720.42	19.4853	-571.563	-10.6666	3.81622
-6530.36	6720.62	19.9817	-188.491	10.4023	3.78572
-6530.65	6720.77	19.3091	515.405	103.776	3.79525
-6530.94	6720.93	14.6824	-145.395	257.963	3.78762
-6531.31	6721.14	18.6232	-1634.59	284.299	3.77619
-6531.66	6721.36	20.5958	-1675.29	105.931	3.8105
-6532.05	6721.6	20.4244	-980.972	-36.2846	3.79525
-6532.49	6721.94	18.4232	-554.804	-37.7211	3.80668
-6533.06	6722.3	14.7175	-150.183	3.21972	3.80859
-6533.63	6722.72	17.7761	-825.348	-6.83593	3.79525
-6534.2	6723.23	17.7761	-825.348	-6.83593	3.79334
-6534.83	6723.73	19.0058	-1105.47	-6.59651	3.8124
-6535.39	6724.22	18.7233	-1148.57	5.37451	3.81622
-6535.97	6724.72	16.4842	-1071.95	16.3878	3.80859
-6536.62	6725.14	11.1891	-748.734	26.2041	3.8124
-6537.09	6725.44	13.1648	-490.16	32.429	3.79525
-6537.43	6725.71	10.9055	-40.0502	64.5113	3.78572
-6537.72	6725.98	8.61421	742.854	148.548	3.80287
-6538.05	6726.3	10.1137	718.912	202.657	3.8105
-6538.39	6726.67	9.94662	697.364	133.464	3.80097
-6538.8	6727.09	13.8465	1106.77	19.2609	3.8124
-6539.3	6727.51	21.2152	1257.61	-10.6667	3.80097
-6539.87	6727.91	21.2152	1257.61	-10.6667	3.78
-6540.49	6728.28	18.9803	1118.74	9.44465	3.81622
-6541.02	6728.74	17.9097	999.033	18.5426	3.80287
-6541.56	6729.18	20.6495	764.402	25.2464	3.8124
-6542.17	6729.48	20.6495	764.402	25.2464	3.81431
-6542.66	6729.76	21.5791	738.065	41.2875	3.78572
-6543.02	6729.97	21.8931	999.033	66.4267	3.79334
-6543.34	6730.17	22.0165	-1225.18	146.632	3.80668
-6543.65	6730.45	22.0165	-1225.18	146.632	3.79143
-6543.99	6730.76	21.5483	-1481.36	69.7785	3.8105
-6544.4	6731.06	20.9566	-913.934	6.33218	3.8105
-6544.86	6731.42	14.7287	-200.462	20.6974	3.77237
-6545.38	6731.82	14.7287	-200.462	20.6974	3.79525
-6545.97	6732.21	7.65162	-444.67	19.7397	3.80287
-6546.53	6732.49	9.19315	-791.83	14.233	3.79334
-6547.15	6732.83	12.7115	-442.276	29.5559	3.78762
-6547.73	6733.08	13.0691	151.486	52.0614	3.77619
-6548.29	6733.31	14.7559	230.495	60.92	3.78
-6548.79	6733.61	12.9887	177.822	64.2719	3.8124
-6549.21	6733.94	9.09151	-193.279	87.9745	3.8105
-6549.64	6734.32	5.40344	-1198.84	125.803	3.8124
-6550.04	6734.74	6.82631	-2170.89	136.337	3.8124
-6550.43	6735.1	17.9352	-2051.18	67.8632	3.8105
-6550.92	6735.42	22.4715	-1229.97	-8.9907	3.80668
-6551.39	6735.64	22.3299	-281.865	-35.3269	3.80097
-6551.82	6735.88	21.6589	778.767	-26.9472	3.80859
-6552.25	6736.2	21.2945	1128.32	-24.0742	3.8105
-6552.65	6736.53	21.5169	515.405	-15.4551	3.80668
-6553.07	6736.91	21.2976	-317.778	-7.79361	3.79334
-6553.56	6737.31	20.7075	-964.212	-61.9026	3.78762
-6553.99	6737.74	20.7075	-964.212	-61.9026	3.8124
-6554.48	6738.2	19.3395	-1103.08	-66.2121	3.79525
-6555.03	6738.63	13.0276	-913.934	-51.1287	3.78381
-6555.55	6739.05	9.87053	-679.302	-27.1866	3.79334
-6555.97	6739.38	11.7617	-198.068	6.09276	3.78
-6556.32	6739.67	15.4811	524.981	42.0058	3.79334
-6556.64	6739.94	17.0008	996.639	78.6371	3.8105
-6556.99	6740.21	19.9594	738.065	89.1716	3.78762
-6557.39	6740.5	21.5467	659.057	22.3733	3.79525
-6557.83	6740.81	21.0598	881.717	-72.6765	3.80859
-6558.28	6741.16	20.4899	912.842	-96.3791	3.80287
-6558.84	6741.57	20.4037	659.057	-67.1698	3.8105
-6559.35	6741.98	20.7059	479.492	-41.073	3.8124
-6559.85	6742.45	20.7836	228.1	-33.651	3.78572
-6560.36	6742.85	20.7996	-229.192	-31.975	3.78953
-6560.81	6743.14	20.9018	-317.778	-16.4127	3.80668
-6561.19	6743.35	21.6233	110.785	42.7241	3.80097
-6561.52	6743.57	22.2182	292.744	93.96	3.80478
-6561.87	6743.8	22.1852	-693.667	109.762	3.8105
-6562.22	6744.09	21.2178	-1198.84	54.4556	3.81431
-6562.6	6744.37	20.5617	-743.946	-20.7223	3.8124
-6563.05	6744.68	20.317	-317.778	-49.4527	3.80287
-6563.55	6745.08	20.5096	-176.52	-49.6921	3.80668
-6564.07	6745.5	20.5788	-344.114	-36.2846	3.8124
-6564.7	6745.89	20.7027	-636.206	-20.004	3.8124
-6565.26	6746.27	20.6942	-724.792	-22.1588	3.79143
-6565.79	6746.55	21.0529	-715.215	-1.08984	3.79143
-6566.26	6746.83	21.2498	-365.662	24.7675	3.80668
-6566.58	6747.07	19.4917	132.332	74.5669	3.80859
-6566.93	6747.32	17.5111	-241.163	118.62	3.80859
-6567.36	6747.59	18.5349	-976.183	93.0023	3.8105
-6567.78	6747.9	20.4872	-166.943	-95.182	3.79143
-6568.24	6748.18	20.4872	-166.943	-95.182	3.78
-6568.74	6748.55	20.3351	-4.13718	-96.1396	3.80668
-6569.18	6748.95	20.3531	-145.395	-64.7756	3.78572
-6569.65	6749.38	20.251	-329.749	-41.5519	3.7819
-6570.28	6749.8	20.3127	-473.401	-40.5942	3.79334
-6570.84	6750.22	20.3095	-530.862	-31.975	3.78381
-6571.34	6750.63	20.5	-518.891	-19.7646	3.8124
-6571.81	6750.99	21.3253	-317.778	53.498	3.80287
-6572.12	6751.33	21.3253	-317.778	53.498	3.78572
-6572.43	6751.64	21.7324	177.822	107.368	3.8124
-6572.81	6752.01	21.4865	709.335	110.719	3.80859
-6573.16	6752.39	20.5788	1307.89	28.8377	3.78762
-6573.57	6752.78	19.9429	1640.68	-59.5084	3.79525
-6574.07	6753.17	19.8716	1609.55	-74.5918	3.8105
-6574.52	6753.54	20.0046	1432.38	-64.0573	3.8124
-6574.97	6753.84	20.4431	1418.02	-33.4116	3.8105
-6575.35	6754.12	20.7033	1669.41	-1.08984	3.79143
-6575.71	6754.42	20.8959	1633.5	-8.03303	3.80097
-6576.06	6754.77	21.0869	613.567	13.5148	3.78762
-6576.44	6755.12	21.2327	-514.102	58.2864	3.78381
-6576.92	6755.45	20.9278	-854.079	45.8365	3.79143
-6577.41	6755.78	20.8086	-698.456	21.1762	3.80097
-6577.93	6756.03	20.608	-571.563	11.36	3.8105
-6578.45	6756.32	20.8092	-171.731	25.9646	3.79334
-6578.86	6756.58	20.8634	235.283	32.6684	3.78953
-6579.22	6756.91	21.2412	58.1121	24.0493	3.79143
-6579.62	6757.26	21.3668	-688.879	38.8933	3.78762
-6580.05	6757.68	21.626	-1704.02	70.4968	3.78
-6580.49	6758.09	21.3509	-1948.23	67.6238	3.80287
-6581	6758.37	21.2396	-1706.41	49.6672	3.79525
-6581.38	6758.64	21.3131	-1344.89	55.1739	3.8124
-6581.74	6758.86	21.7127	-837.319	91.0869	3.79906
-6582.11	6759.07	21.6595	-624.235	72.6516	3.79525
-6582.49	6759.34	21.4977	-1129.41	52.7797	3.80859
-6582.92	6759.61	20.6852	-1179.69	14.7119	3.79906
-6583.44	6759.93	20.4149	-794.224	-47.2979	3.79525
-6583.93	6760.3	20.2526	-514.102	-73.8736	3.79525
-6584.43	6760.73	20.5165	-380.027	-61.4237	3.78762
-6584.98	6761.17	20.4335	-322.566	-57.1142	3.78762
-6585.5	6761.59	20.442	-406.363	-56.8747	3.79525
-6586.08	6761.96	20.276	-475.795	-30.2991	3.79334
-6586.69	6762.28	20.3547	-253.134	-17.6098	3.8124
-6587.11	6762.57	20.5532	505.828	-4.44173	3.80859
-6587.38	6762.91	16.1287	936.784	12.3177	3.77809
-6587.66	6763.25	16.7614	347.81	55.4133	3.7819
-6587.96	6763.63	20.6357	-676.908	90.3687	3.79525
-6588.3	6764.04	21.238	-454.247	32.6684	3.80287
-6588.74	6764.48	18.9691	484.28	-48.2556	3.8105
-6589.23	6764.91	14.377	943.967	-36.7635	3.80668
-6589.76	6765.3	15.9941	1188.18	-9.94839	3.79334
-6590.31	6765.63	15.9941	1188.18	-9.94839	3.78
-6590.85	6765.95	17.1434	1305.49	-0.610999	3.78381
-6591.38	6766.28	19.9647	1295.91	-11.1455	3.79334
-6591.79	6766.61	21.312	649.48	36.2597	3.78
-6592.17	6767.03	21.7058	-396.786	120.775	3.78
-6592.53	6767.47	22.041	-1689.66	173.926	3.78
-6592.91	6767.88	17.4946	-2156.52	137.295	3.80859
-6593.33	6768.2	14.6542	-1651.35	65.7084	3.80859
-6593.7	6768.44	12.3651	-916.328	20.458	3.77809
-6594.03	6768.72	20.8613	354.993	20.6974	3.80859
-6594.37	6769	20.8613	354.993	20.6974	3.79906
-6594.74	6769.26	22.1469	544.135	-43.7066	3.79906
-6595.19	6769.59	21.0683	455.55	-82.2533	3.80287
-6595.7	6770.02	19.9785	146.698	-63.8179	3.8105
-6596.24	6770.47	18.1997	-66.3864	-47.7768	3.8124
-6596.76	6770.95	16.2367	-401.575	-32.4539	3.81812
-6597.32	6771.42	14.4094	-703.244	-20.004	3.79906
-6597.83	6771.85	15.0953	-787.041	-23.5953	3.80097
-6598.38	6772.24	15.7552	-518.891	-34.1298	3.80287
-6599.06	6772.5	13.5198	70.0831	4.1774	3.78762
-6599.66	6772.69	15.6062	1216.91	44.1606	3.79525
-6600.11	6772.92	17.4228	1590.4	76.7217	3.78
-6600.49	6773.18	19.2527	618.355	115.987	3.78
-6600.76	6773.57	19.5672	-954.635	178.475	3.78953
-6601.08	6773.96	15.6541	-2163.71	146.632	3.80287
-6601.52	6774.35	12.7892	-2273.84	47.5125	3.79143
-6601.94	6774.65	12.1655	-1625.01	7.52928	3.77047
-6602.41	6774.88	12.3087	-401.575	28.3588	3.8124
-6602.92	6775.16	14.5723	754.825	53.0191	3.79334
-6603.33	6775.46	17.4185	1149.87	49.4278	3.78381
-6603.69	6775.8	17.0163	809.891	37.9356	3.78381
-6604.07	6776.21	20.1893	-121.453	48.2307	3.78762
-6604.45	6776.66	22.0676	-779.859	11.1206	3.77237
-6604.89	6777.06	21.7994	-779.859	-25.7501	3.8124
-6605.37	6777.5	21.2599	-791.83	-21.68	3.79525
-6605.89	6777.87	21.1114	-540.438	-10.9061	3.78762
-6606.33	6778.15	21.3876	127.544	-2.52636	3.78572
-6606.77	6778.43	21.6877	1032.55	10.4023	3.78
-6607.14	6778.72	21.8505	1530.55	32.429	3.78
-6607.45	6779.07	22.1123	692.576	78.3977	3.80668
-6607.79	6779.46	22.3209	-310.595	88.6927	3.78762
-6608.2	6779.86	21.9692	-384.815	38.6539	3.8105
-6608.64	6780.21	21.5717	-289.047	7.52929	3.80668
-6609.09	6780.48	21.6494	-37.656	10.6417	3.78381
-6609.61	6780.76	21.825	536.952	23.5704	3.78762
-6610.03	6781	21.817	659.057	14.7119	3.8105
-6610.44	6781.33	21.6824	268.802	24.0493	3.78572
-6610.87	6781.7	19.232	-837.319	77.6794	3.80287
-6611.26	6782.13	19.232	-837.319	77.6794	3.80668
-6611.67	6782.63	16.8843	-1263.49	63.793	3.76856
-6612.14	6783.11	18.9409	-1356.86	13.7542	3.8105
-6612.57	6783.53	22.348	-370.45	-1.08984	3.79525
-6613.02	6783.84	22.348	-370.45	-1.08984	3.80287
-6613.49	6784.09	22.3959	589.625	20.6974	3.8124
-6613.84	6784.31	22.1804	1113.96	61.1594	3.77237
-6614.18	6784.55	21.8053	-542.833	8.48696	3.79143
-6614.61	6784.9	21.8053	-542.833	8.48696	3.8124
-6615.03	6785.27	21.486	-597.899	-52.5652	3.80097
-6615.48	6785.68	21.1923	-466.218	-46.5797	3.78762
-6615.99	6786.1	21.394	-669.725	-30.0597	3.78762
-6616.46	6786.44	21.3274	-889.992	-14.7368	3.78381
-6616.97	6786.73	21.5509	-480.583	-8.75129	3.77237
-6617.54	6787.04	20.6586	297.532	19.7397	3.79525
-6618.03	6787.33	20.5804	558.5	35.7809	3.79906
-6618.39	6787.64	21.5807	26.9874	63.5536	3.7819
-6618.7	6788.01	22.6497	-935.482	113.832	3.78572
-6619.05	6788.44	22.7429	-1660.92	100.185	3.78
-6619.42	6788.9	19.1181	-1596.28	25.2464	3.77809
-6619.85	6789.26	14.3312	-1172.51	-22.3982	3.80859
-6620.36	6789.58	15.752	-119.059	-40.1153	3.80097
-6620.8	6789.88	19.3028	1049.31	0.586102	3.80859
-6621.17	6790.15	21.7574	1322.25	31.7107	3.79143
-6621.59	6790.48	22.5529	977.485	31.2319	3.80668
-6621.95	6790.84	21.9883	694.97	-19.5252	3.79525
-6622.31	6791.24	21.022	474.703	-72.6765	3.80097
-6622.74	6791.67	20.6612	335.839	-83.211	3.78572
-6623.19	6792.13	20.7959	249.648	-67.4092	3.8105
-6623.72	6792.55	19.0825	352.599	-40.8336	3.8105
-6624.3	6792.8	19.0825	352.599	-40.8336	3.8105
-6624.82	6793.07	18.7632	1166.63	-11.6243	3.80287
-6625.29	6793.32	20.9145	1365.35	8.24755	3.79334
-6625.74	6793.57	22.1102	795.526	41.7664	3.8124
-6626.12	6793.92	22.5534	-97.511	101.382	3.80859
-6626.54	6794.35	22.4215	-1093.5	103.297	3.80287
-6627.04	6794.78	21.8649	-1651.35	36.978	3.80859
-6627.53	6795.21	21.3828	-1493.33	-6.11766	3.8124
-6628.02	6795.51	21.7409	-803.801	22.1339	3.80859
-6628.55	6795.78	22.1671	50.9294	61.6382	3.79143
-6628.92	6796.03	22.4241	824.257	67.1449	3.7819
-6629.27	6796.27	22.3198	515.405	68.342	3.80287
-6629.67	6796.51	22.0985	-746.34	46.0759	3.80859
-6630.09	6796.84	21.5094	-1134.2	-17.131	3.8105
-6630.53	6797.21	21.1907	-945.058	-47.0585	3.8105
-6630.99	6797.63	17.9182	-1038.43	-37.7211	3.8105
-6631.44	6798.06	13.4665	-1103.08	-37.0029	3.8105
-6631.93	6798.44	11.511	-873.232	-37.4817	3.8105
-6632.56	6798.75	12.4225	-312.989	-17.3704	3.79334
-6633.09	6799.06	17.7096	359.781	6.81102	3.8124
-6633.51	6799.35	22.181	750.036	22.8522	3.80859
-6633.9	6799.61	23.3069	345.416	78.6371	3.78762
-6634.24	6799.88	22.8935	-380.027	80.7919	3.80287
-6634.6	6800.17	21.536	-200.462	11.5994	3.79143
-6634.98	6800.43	20.641	290.35	-69.0852	3.80097
-6635.42	6800.71	20.2973	563.289	-97.8156	3.80287
-6635.9	6801.06	20.2973	563.289	-97.8156	3.80287
-6636.39	6801.43	20.4074	434.002	-74.3524	3.78
-6636.94	6801.83	20.6256	357.387	-70.0429	3.8105
-6637.4	6802.27	17.5691	-47.2328	-41.073	3.80859
-6637.9	6802.73	17.5691	-47.2328	-41.073	3.79334
-6638.31	6803.16	15.8919	-569.169	-23.3559	3.8124
-6638.67	6803.6	19.8306	-980.972	25.9646	3.79143
-6639.03	6804.01	18.8771	-1206.03	73.3698	3.79906
-6639.45	6804.33	18.6057	-454.247	58.5258	3.79334
-6639.86	6804.6	20.6006	1075.65	24.7675	3.81622
-6640.25	6804.86	21.1024	1834.61	-38.6788	3.80668
-6640.61	6805.15	20.3122	1547.31	-103.322	3.80287
-6640.97	6805.47	19.7104	1104.38	-108.35	3.80668
-6641.34	6805.81	19.572	821.862	-97.3368	3.79143
-6641.79	6806.21	19.6428	541.741	-87.9994	3.79143
-6642.25	6806.67	19.6896	199.37	-77.2254	3.80287
-6642.79	6807.15	19.7332	-157.366	-65.9727	3.79143
-6643.36	6807.73	19.8604	-437.488	-47.0585	3.79525
-6643.84	6808.28	19.7673	-691.273	-35.5663	3.81431
-6644.35	6808.72	20.0429	-547.621	-20.7223	3.80668
-6644.93	6809.03	20.3563	62.9005	25.4858	3.8124
-6645.46	6809.2	21.1811	335.839	97.3119	3.79906
-6645.85	6809.35	21.7042	-181.308	141.365	3.78572
-6646.25	6809.5	21.8069	-1414.32	119.578	3.79525
-6646.66	6809.73	21.0853	-2063.15	63.793	3.8105
-6647.06	6809.99	20.5644	-1907.53	24.2887	3.80287
-6647.55	6810.31	20.4649	-1639.38	29.0771	3.8124
-6648.04	6810.71	17.1371	-1711.2	20.458	3.77619
-6648.62	6811.09	12.936	-1620.22	-1.56868	3.78381
-6649.21	6811.46	13.8417	-1229.97	-3.72346	3.8124
-6649.65	6811.82	11.3088	-825.348	7.05045	3.77619
-6650.08	6812.1	18.2582	134.727	31.2319	3.80287
-6650.39	6812.38	18.2582	134.727	31.2319	3.8105
-6650.72	6812.68	15.9877	477.097	21.8945	3.79143
-6651.05	6812.98	17.5787	474.703	-19.0464	3.78572
-6651.44	6813.35	19.7391	699.758	-89.4359	3.80287
-6651.93	6813.78	19.9285	1039.73	-115.772	3.79143
-6652.4	6814.23	19.3453	666.239	-65.9727	3.78572
-6652.9	6814.71	19.3453	666.239	-65.9727	3.81812
-6653.44	6815.18	19.5284	410.06	-51.3681	3.79525
-6653.92	6815.71	19.5364	168.245	-46.3403	3.78762
-6654.43	6816.26	19.6061	129.938	-43.9461	3.80668
-6654.93	6816.84	19.6981	-140.607	-18.3281	3.79525
-6655.33	6817.31	20.0749	-676.908	19.0215	3.78762
-6655.67	6817.54	20.5846	-813.377	82.9466	3.78762
-6656.05	6817.69	21.6957	378.935	169.617	3.78
-6656.36	6817.86	21.8739	1367.74	156.449	3.80287
-6656.69	6818.08	20.5883	1106.77	13.5148	3.7819
-6657.1	6818.33	19.324	831.439	-75.3101	3.78762
-6657.56	6818.6	18.975	864.958	-89.1965	3.78572
-6658.06	6818.94	19.2926	592.019	-69.0852	3.78
-6658.62	6819.32	19.5449	558.5	-57.1142	3.78381
-6659.14	6819.75	19.5965	441.184	-51.6075	3.8124
-6659.65	6820.24	19.3166	0.651215	-35.3269	3.79525
-6660.2	6820.72	19.3166	0.651215	-35.3269	3.79906
-6660.8	6821.18	19.3847	-289.047	-19.2858	3.81431
-6661.4	6821.67	19.7386	-614.659	0.825519	3.80668
-6662.04	6822.09	19.8625	-672.12	8.96581	3.80287
-6662.52	6822.3	20.1908	-212.433	51.1038	3.8124
-6662.95	6822.42	22.2379	-633.812	208.163	3.8105
-6663.31	6822.64	22.2379	-633.812	208.163	3.79143
-6663.76	6822.86	22.2916	-2218.77	200.502	3.81622
-6664.27	6823.14	21.2274	-2807.75	76.4823	3.80859
-6664.75	6823.44	19.8232	-2417.49	-34.8481	3.79906
-6665.34	6823.74	19.5491	-2099.06	-49.4527	3.79525
-6665.91	6824.09	19.7375	-1926.68	-25.5107	3.79906
-6666.45	6824.45	20.1057	-1409.53	-19.2858	3.79525
-6667.06	6824.81	20.2797	-851.685	-8.99071	3.8124
-6667.6	6825.16	20.2797	-851.685	-8.99071	3.8105
-6668.02	6825.46	20.2015	-969	18.0638	3.80287
-6668.33	6825.72	20.6453	-964.212	65.469	3.80287
-6668.6	6826.04	20.4926	-1.74297	-15.4551	3.78381
-6668.91	6826.38	20.4926	-1.74297	-15.4551	3.78381
-6669.28	6826.74	19.3384	632.72	-94.2243	3.80478
-6669.71	6827.15	18.7909	1238.45	-125.109	3.80287
-6670.19	6827.57	18.71	1365.35	-102.365	3.80287
-6670.74	6827.96	19.0048	970.303	-88.7176	3.8124
-6671.25	6828.43	14.1599	728.489	-76.5072	3.8105
-6671.74	6828.93	8.59825	821.862	-57.1142	3.80287
-6672.18	6829.46	8.22258	613.567	-41.073	3.8124
-6672.49	6829.94	11.2232	-157.366	1.54378	3.79906
-6672.79	6830.3	18.992	-832.531	77.2006	3.8124
-6673.16	6830.55	19.7402	-145.395	113.353	3.8124
-6673.53	6830.81	20.3973	2313.45	75.764	3.78
-6673.9	6831.12	20.3973	2313.45	75.764	3.78762
-6674.29	6831.43	19.8593	1724.48	-14.258	3.79525
-6674.62	6831.75	19.1176	994.245	-76.7466	3.78381
-6674.99	6832.13	18.8696	434.002	-70.5217	3.79525
-6675.4	6832.55	18.8696	434.002	-70.5217	3.80287
-6675.82	6833.02	19.0617	36.5643	-51.8469	3.78
-6676.3	6833.5	19.1421	-344.114	-46.3403	3.78762
-6676.87	6833.99	19.2155	-612.264	-37.7211	3.80668
-6677.41	6834.5	19.2272	-729.58	-29.3414	3.79334
-6677.91	6834.87	19.7625	-126.241	62.5959	3.80859
-6678.41	6835.1	19.7625	-126.241	62.5959	3.80668
-6678.87	6835.26	18.2742	580.048	144.717	3.78762
-6679.32	6835.44	18.603	194.582	130.112	3.78762
-6679.76	6835.65	20.5516	-585.928	99.9455	3.80859
-6680.16	6835.86	21.0789	-818.166	88.2139	3.78
-6680.59	6836.14	20.1871	-1392.77	127	3.80668
-6681.04	6836.49	20.1871	-1392.77	127	3.8124
-6681.48	6836.86	21.0289	-1670.5	88.2139	3.78762
-6681.93	6837.25	14.5707	-1751.9	68.1026	3.79525
-6682.38	6837.67	13.0031	-1850.07	65.469	3.80859
-6682.87	6838.12	15.8254	-2142.16	45.3577	3.81431
-6683.32	6838.6	17.8602	-2211.59	29.7954	3.78953
-6683.8	6839	16.4852	-1541.21	21.6551	3.79143
-6684.22	6839.23	16.7891	886.506	57.0893	3.8105
-6684.61	6839.45	16.7891	886.506	57.0893	3.80859
-6684.92	6839.69	17.1269	1743.63	41.2875	3.79143
-6685.3	6839.92	18.2992	1456.33	-36.7634	3.78
-6685.68	6840.18	19.8115	898.477	-101.646	3.8124
-6686.09	6840.49	19.8115	898.477	-101.646	3.80668
-6686.55	6840.88	19.613	750.036	-94.4637	3.80287
-6687.02	6841.34	19.4581	354.993	-70.7611	3.80859
-6687.49	6841.84	19.1644	36.5642	-65.2544	3.81431
-6688.06	6842.31	17.9629	19.8048	-51.1287	3.8105
-6688.65	6842.76	18.9893	151.486	-36.0452	3.8124
-6689.26	6843.13	17.6846	235.283	-9.46955	3.81812
-6689.9	6843.5	17.5159	228.1	-8.75129	3.80859
-6690.32	6843.78	19.5582	623.144	9.20522	3.80287
-6690.62	6844.04	21.5594	977.486	65.7084	3.8124
-6690.94	6844.33	22.3778	850.593	182.306	3.8105
-6691.28	6844.66	21.9559	843.41	187.813	3.80287
-6691.68	6844.99	16.3713	1204.93	69.7785	3.79143
-6692.15	6845.26	15.7371	1180.99	-70.5217	3.78762
-6692.57	6845.56	15.7371	1180.99	-70.5217	3.80859
-6692.95	6845.92	19.6428	1054.1	-64.5362	3.78572
-6693.35	6846.29	21.3338	694.97	-0.850421	3.7819
-6693.73	6846.73	20.1148	175.428	40.5693	3.80097
-6694.16	6847.2	13.3016	-363.267	43.6817	3.79525
-6694.7	6847.74	11.3259	-822.954	30.753	3.80287
-6695.22	6848.31	12.4976	-1055.19	24.2887	3.8105
-6695.72	6848.9	15.455	-1320.95	14.4725	3.78762
-6696.24	6849.28	14.8458	-1419.11	27.6406	3.78
-6696.69	6849.48	15.7578	-1402.35	33.6261	3.8124
-6697.1	6849.59	19.266	-708.032	77.6794	3.78381
-6697.48	6849.77	22.14	194.582	146.872	3.80668
-6697.89	6849.97	22.646	-219.615	151.9	3.8124
-6698.35	6850.18	21.9149	-1320.95	108.804	3.78572
-6698.81	6850.43	21.9149	-1320.95	108.804	3.79525
-6699.33	6850.78	21.8878	-1385.59	119.578	3.80668
-6699.83	6851.16	20.3829	-1399.96	106.649	3.76094
-6700.27	6851.55	21.6701	-1490.94	36.7385	3.80097
-6700.76	6851.93	21.6701	-1490.94	36.7385	3.80859
-6701.2	6852.27	22.0447	-1186.87	40.3299	3.79143
-6701.57	6852.56	22.0623	-990.548	42.7241	3.79143
-6701.98	6852.86	21.4732	-176.52	8.24755	3.79143
-6702.38	6853.2	20.9507	910.448	-43.4672	3.79525
-6702.8	6853.58	19.9573	1449.14	-105.956	3.78381
-6703.25	6854.03	19.6167	1578.43	-145.221	3.79143
-6703.69	6854.5	19.5183	1461.11	-136.362	3.79525
-6704.16	6854.99	19.7636	1121.14	-111.941	3.79525
-6704.7	6855.51	19.788	706.941	-78.662	3.8105
-6705.17	6856.03	20.0158	321.474	-50.6498	3.79143
-6705.6	6856.58	20.0738	-66.3864	-36.7634	3.78762
-6705.99	6857.11	20.2579	-432.699	-24.0742	3.78381
-6706.37	6857.51	20.5218	-899.569	3.93799	3.78572
-6706.74	6857.74	19.5662	-945.058	31.4713	3.8124
-6707.14	6857.94	21.2295	1923.2	91.3263	3.79906
-6707.48	6858.17	21.2295	1923.2	91.3263	3.78
-6707.82	6858.41	20.3441	1566.46	35.0626	3.80287
-6708.26	6858.67	19.5858	668.634	-71.4794	3.8105
-6708.67	6859	19.34	639.903	-105.477	3.79525
-6709.08	6859.38	19.4895	611.173	-82.0139	3.79143
-6709.56	6859.85	16.5145	230.495	-75.0707	3.79525
-6710	6860.37	17.4207	125.15	-79.3802	3.79525
-6710.5	6860.87	20.0504	-202.856	-48.9739	3.8124
-6711.1	6861.37	20.0504	-202.856	-48.9739	3.80097
-6711.67	6861.84	19.9833	-253.134	-26.229	3.8105
-6712.2	6862.17	19.8812	-320.172	-5.15999	3.8124
-6712.78	6862.38	20.9097	1027.76	47.7519	3.79334
-6713.35	6862.55	20.9097	1027.76	47.7519	3.78381
-6713.75	6862.74	21.461	1410.84	132.985	3.80478
-6714.1	6862.98	22.0979	-66.3865	217.98	3.80287
-6714.52	6863.27	22.3236	-1443.05	231.627	3.78381
-6714.91	6863.61	21.8266	-1646.56	144.717	3.78762
-6715.34	6863.93	21.4477	-1387.99	81.5101	3.80097
-6715.83	6864.21	21.1699	-1062.37	59.9623	3.8105
-6716.28	6864.5	21.3551	-389.604	51.1038	3.79525
-6716.81	6864.73	21.3551	-389.604	51.1038	3.80668
-6717.35	6864.98	21.5456	122.756	57.8075	3.80859
-6717.75	6865.31	21.6095	-25.685	71.6939	3.8105
-6718.12	6865.69	22.0692	-889.992	109.283	3.78
-6718.51	6866.13	22.083	-1653.74	116.226	3.78
-6718.92	6866.6	21.8526	-1835.7	62.5959	3.80859
-6719.37	6867.02	21.3056	-1474.18	8.72639	3.8124
-6719.9	6867.34	21.3929	-765.493	-5.63882	3.80287
-6720.32	6867.62	21.3785	103.602	-6.83593	3.8105
-6720.7	6867.9	21.85	1054.1	11.5994	3.80097
-6721.12	6868.2	21.7271	1635.89	39.1328	3.79525
-6721.48	6868.56	21.3844	1645.47	15.6696	3.79525
-6721.85	6868.95	20.4197	1463.51	-57.1142	3.78572
-6722.29	6869.37	20.1291	1276.76	-109.308	3.8124
-6722.74	6869.84	20.0035	1070.86	-99.2521	3.8124
-6723.22	6870.33	20.2611	922.419	-74.3524	3.78762
-6723.77	6870.76	20.3079	687.787	-59.5084	3.80478
-6724.29	6871.07	20.6048	481.886	-44.6643	3.79334
-6724.77	6871.3	20.831	630.326	-16.4127	3.79143
-6725.16	6871.5	21.2849	929.602	27.4012	3.77237
-6725.47	6871.69	21.817	513.01	89.6504	3.78
-6725.8	6872.01	22.0298	-712.821	122.69	3.76475
-6726.25	6872.33	21.6313	-1299.4	76.0035	3.80668
-6726.73	6872.62	20.9651	-1016.88	15.6696	3.78381
-6727.22	6872.97	20.633	-715.215	-8.27245	3.7819
-6727.72	6873.3	20.9076	43.7468	-8.99071	3.80287
-6728.28	6873.65	20.9076	43.7468	-8.99071	3.8124
-6728.81	6874.02	21.0891	7.83383	7.05045	3.80097
-6729.4	6874.42	21.2141	-231.586	19.0215	3.80668
-6730.07	6874.87	21.1769	-526.073	20.2186	3.8105
-6730.61	6875.32	21.2178	-743.946	21.8945	3.8124
-6731.07	6875.72	21.4136	-952.241	27.88	3.8105
-6731.49	6876	21.8766	-1086.32	62.3565	3.8105
-6731.82	6876.24	22.8658	-834.925	144.956	3.8105
-6732.2	6876.47	23.0318	-731.975	196.911	3.80287
-6732.63	6876.7	19.9796	201.764	-89.9147	3.78572
-6733.06	6876.97	19.9796	201.764	-89.9147	3.78
-6733.53	6877.23	19.3964	709.335	-157.91	3.79906
-6734.03	6877.54	19.9312	841.016	-119.842	3.80097
-6734.51	6877.97	20.4117	922.419	-76.7466	3.79525
-6735.02	6878.43	20.3883	671.028	-59.2689	3.8124
-6735.63	6878.96	20.0057	-54.4154	-63.3391	3.79143
-6736.2	6879.48	20.135	-545.227	-67.4092	3.79334
-6736.77	6879.95	20.1834	-576.351	-46.5797	3.8105
-6737.41	6880.49	20.3617	-538.044	-25.9895	3.79906
-6738	6881.05	20.2861	-526.073	-18.5675	3.80859
-6738.53	6881.64	20.4191	-636.206	-3.72346	3.80859
-6738.94	6882.2	21.221	-1756.69	116.944	3.78
-6739.28	6882.58	21.221	-1756.69	116.944	3.78
-6739.66	6882.81	22.4523	-1701.63	141.126	3.80097
-6740.09	6883.08	22.4332	819.468	102.1	3.78
-6740.44	6883.35	20.3335	3220.85	-38.9182	3.79525
-6740.84	6883.67	20.3335	3220.85	-38.9182	3.80478
-6741.32	6884.01	20.0711	2636.67	-55.6777	3.79525
-6741.84	6884.41	20.434	2138.67	-39.3971	3.7819
-6742.38	6884.85	20.4798	1623.92	-29.102	3.79906
-6742.89	6885.26	20.5713	1063.68	-31.0174	3.80097
-6743.27	6885.59	20.5192	565.683	-22.3982	3.8105
-6743.68	6885.81	20.9613	-32.8676	13.0359	3.79143
-6744.08	6886	21.1534	-1275.46	41.527	3.77237
-6744.48	6886.26	21.1534	-1275.46	41.527	3.79525
-6744.95	6886.53	20.9406	-1318.55	27.1617	3.79525
-6745.47	6886.78	21.1609	-1318.55	39.6116	3.79143
-6746.03	6887.13	21.2423	-1395.17	49.1884	3.78381
-6746.56	6887.54	21.2929	-1495.72	39.6116	3.78953
-6747.06	6887.93	21.0135	-1493.33	28.8377	3.78762
-6747.64	6888.42	20.8767	-1557.97	19.0214	3.80668
-6748.23	6888.86	20.865	-1694.44	18.3032	3.79143
-6748.89	6889.25	18.1087	-1443.05	31.9501	3.78
-6749.47	6889.58	18.3024	-777.464	64.9901	3.80859
-6749.88	6889.84	18.7494	108.39	84.6226	3.80859
-6750.17	6890.11	16.4011	534.558	105.213	3.79525
-6750.49	6890.39	17.674	-140.607	109.043	3.78572
-6750.83	6890.67	20.6267	-502.131	36.4991	3.79525
-6751.23	6890.96	20.9353	240.071	-84.1686	3.78
-6751.71	6891.29	20.194	819.468	-131.095	3.80097
-6752.18	6891.67	19.9322	821.862	-106.914	3.80668
-6752.66	6892.11	20.2409	493.857	-67.8881	3.79525
-6753.21	6892.57	20.2893	410.06	-45.1432	3.79334
-6753.71	6893.05	20.2691	402.877	-42.9884	3.78953
-6754.29	6893.55	20.0759	-54.4154	-59.9872	3.78762
-6754.93	6894.11	20.235	-502.131	-46.3403	3.78381
-6755.48	6894.72	20.3186	-456.641	-29.8203	3.8124
-6756.01	6895.35	20.4942	-550.015	-20.004	3.8105
-6756.55	6895.86	20.4101	-667.331	-13.5397	3.80478
-6756.95	6896.17	20.8645	-674.514	5.37451	3.77809
-6757.25	6896.39	18.8196	-95.1169	88.2139	3.78
-6757.6	6896.67	16.8816	572.865	217.261	3.79334
-6757.96	6896.99	19.8237	659.057	166.025	3.79334
-6758.31	6897.33	20.6336	692.576	-36.0452	3.78381
-6758.73	6897.71	19.5199	987.062	-156.952	3.78
-6759.12	6898.11	19.1719	1305.49	-155.755	3.78381
-6759.54	6898.53	19.2442	1339.01	-114.096	3.79334
-6760.02	6899.03	19.5624	283.167	-67.4092	3.80668
-6760.5	6899.52	19.5624	283.167	-67.4092	3.80287
-6761.03	6900.06	19.6087	-166.943	-62.6208	3.80478
-6761.54	6900.61	19.5688	-686.485	-41.7913	3.80859
-6762.1	6901.13	19.853	-901.963	-29.8203	3.80287
-6762.61	6901.5	20.0514	-731.974	-1.32926	3.8105
-6763.17	6901.7	19.5145	-49.627	51.1038	3.80478
-6763.67	6901.86	20.881	931.996	141.126	3.78762
-6764.07	6902.08	22.6567	369.358	217.022	3.78381
-6764.49	6902.32	22.4821	-1519.67	187.573	3.78
-6764.96	6902.58	21.6983	-2769.44	112.395	3.77237
-6765.35	6902.91	21.2008	-2750.29	82.2284	3.78953
-6765.78	6903.28	21.3785	-2472.56	76.9611	3.80097
-6766.32	6903.72	21.4642	-2395.94	71.215	3.79143
-6766.81	6904.14	21.626	-2230.74	64.7507	3.80478
-6767.27	6904.55	21.618	-1869.22	56.8498	3.80859
-6767.69	6904.94	21.7372	-1680.08	60.4411	3.78
-6768.02	6905.26	20.7591	-1756.69	64.7507	3.8105
-6768.34	6905.51	12.0102	19.8048	14.9513	3.79906
-6768.72	6905.82	12.0102	19.8048	14.9513	3.78762
-6769.07	6906.17	16.9221	924.813	-67.4092	3.80859
-6769.43	6906.52	20.5394	1116.35	-128.701	3.79525
-6769.88	6906.94	20.6522	1001.43	-149.77	3.79906
-6770.28	6907.39	19.7689	941.573	-144.263	3.80097
-6770.72	6907.84	19.3906	797.92	-112.181	3.8105
-6771.23	6908.31	19.5901	472.309	-85.8446	3.80668
-6771.63	6908.8	19.7114	278.379	-75.0707	3.80097
-6772.02	6909.31	19.812	67.6889	-59.2689	3.8105
-6772.37	6909.87	19.2687	-274.682	-32.2145	3.79143
-6772.71	6910.41	18.5567	-741.551	-0.371582	3.78381
-6773.04	6910.81	18.5966	-1146.17	22.3733	3.79143
-6773.44	6911.03	20.3265	-849.29	52.0614	3.77809
-6773.81	6911.21	20.7826	1473.09	54.9345	3.80097
-6774.11	6911.47	20.7826	1473.09	54.9345	3.80287
-6774.45	6911.69	19.7923	1121.14	-31.0174	3.80287
-6774.77	6911.98	19.5986	766.796	-52.5652	3.80859
-6775.15	6912.35	19.6178	757.219	-42.5095	3.79525
-6775.6	6912.73	19.2006	402.877	-51.6075	3.78
-6776.2	6913.16	9.93119	469.915	-53.044	3.8105
-6776.76	6913.63	8.32421	505.828	-32.6933	3.79143
-6777.32	6914.15	11.3865	144.303	-34.8481	3.79525
-6777.9	6914.69	14.3781	-54.4154	-31.2568	3.81431
-6778.47	6915.24	14.0487	-133.424	-17.6098	3.8124
-6779.08	6915.85	12.4513	-214.827	-18.0887	3.8124
-6779.77	6916.35	14.3914	-502.131	-13.7791	3.8124
-6780.26	6916.6	15.6003	-696.062	6.09276	3.8124
-6780.61	6916.76	20.1297	-52.0212	92.5235	3.79143
-6780.95	6916.9	23.3537	-83.1458	200.981	3.78
-6781.29	6917.1	23.3287	-1574.73	228.035	3.78381
-6781.73	6917.34	22.0048	-2788.59	158.364	3.78381
-6782.28	6917.6	20.6607	-2831.69	76.9611	3.8105
-6782.8	6917.88	20.6948	-2506.08	45.8365	3.80097
-6783.34	6918.23	20.9268	-2199.62	30.5136	3.80097
-6783.86	6918.6	21.0156	-1852.46	29.7954	3.80097
-6784.27	6918.98	20.8214	-1660.92	14.4725	3.79334
-6784.67	6919.39	20.8214	-1660.92	14.4725	3.77809
-6785.07	6919.76	20.4904	-1720.78	14.2331	3.79906
-6785.5	6920.07	20.1414	-1306.58	-24.7924	3.78
-6785.86	6920.33	19.7428	864.958	-69.0852	3.79525
-6786.25	6920.65	19.7428	864.958	-69.0852	3.8124
-6786.59	6920.94	19.63	1094.8	-93.0272	3.78
-6786.94	6921.31	19.381	879.323	-98.7733	3.78762
-6787.32	6921.71	19.1059	661.451	-113.378	3.80097
-6787.72	6922.17	19.0718	503.434	-106.195	3.78762
-6788.14	6922.64	19.0165	333.445	-94.4637	3.8124
-6788.61	6923.15	19.0739	120.361	-81.7744	3.80668
-6789.02	6923.62	19.331	-90.3284	-52.0863	3.78
-6789.43	6924.1	19.5571	-444.67	-24.7924	3.80287
-6789.83	6924.53	16.4235	-698.456	5.37451	3.79525
-6790.19	6924.86	15.6429	-561.986	14.7119	3.78572
-6790.54	6925.1	19.0766	295.138	46.3154	3.8124
-6790.89	6925.36	21.0981	1552.09	86.2985	3.80097
-6791.26	6925.68	21.3125	2272.75	87.4956	3.77237
-6791.62	6926.03	20.6926	2153.04	60.2017	3.80668
-6792.01	6926.38	19.9753	1178.6	66.1872	3.79334
-6792.4	6926.76	19.9753	1178.6	66.1872	3.79143
-6792.76	6927.14	17.7671	1046.92	60.6806	3.8105
-6793.14	6927.46	19.2586	922.419	66.4267	3.79715
-6793.58	6927.79	21.6733	1365.35	102.579	3.78572
-6793.93	6928.03	21.6733	1365.35	102.579	3.80287
-6794.29	6928.29	21.5765	1441.96	112.156	3.78572
-6794.69	6928.56	20.7458	635.115	69.2997	3.8105
-6795.07	6928.89	19.207	-667.331	-96.3791	3.79525
-6795.5	6929.22	19.207	-667.331	-96.3791	3.8105
-6795.96	6929.58	19.5039	-238.769	-89.4359	3.8105
-6796.39	6929.99	19.7332	-123.847	-58.7901	3.80287
-6796.86	6930.4	19.8508	-154.972	-37.4817	3.80859
-6797.38	6930.8	19.7359	-99.9052	-41.073	3.8105
-6797.98	6931.12	19.8966	-308.201	-38.4394	3.80668
-6798.62	6931.3	20.1541	206.553	19.7397	3.80859
-6799.28	6931.45	17.4962	1118.74	63.5536	3.78381
-6799.87	6931.65	12.8631	1437.17	38.4145	3.78381
-6800.56	6931.89	8.3258	1283.94	45.5971	3.78762
-6801.25	6932.21	13.6443	869.746	70.7362	3.79334
-6801.7	6932.58	23.2723	-1828.52	68.1026	3.78381
-6802.06	6932.96	23.2723	-1828.52	68.1026	3.80859
-6802.46	6933.35	23.1808	-3363.2	125.324	3.80097
-6802.85	6933.77	22.2363	-3806.13	175.363	3.80668
-6803.25	6934.2	21.013	-3336.87	166.744	3.78381
-6803.77	6934.48	13.6437	-2853.24	145.196	3.79143
-6804.25	6934.67	13.6028	-1912.32	176.56	3.79525
-6804.66	6934.84	17.6064	-655.36	181.109	3.78381
-6805.09	6935.12	18.8505	-1198.84	60.2017	3.78381
-6805.48	6935.4	18.8505	-1198.84	60.2017	3.79525
-6805.89	6935.7	14.8623	-1196.45	-9.94838	3.78762
-6806.42	6936	16.3591	-652.966	-52.3258	3.78
-6806.98	6936.33	20.5287	-432.699	-63.3391	3.79143
-6807.56	6936.64	22.0649	-188.491	-33.651	3.79525
-6808.16	6937.01	21.5445	364.57	-23.8348	3.80287
-6808.79	6937.4	20.8704	671.028	-42.0307	3.8124
-6809.37	6937.79	20.5516	613.567	-38.2	3.80859
-6809.86	6938.25	20.6767	730.883	-34.6087	3.79906
-6810.29	6938.68	20.9933	778.767	-37.0029	3.80097
-6810.63	6939.1	21.6558	146.698	-11.1455	3.78
-6810.98	6939.45	21.9378	-451.853	101.382	3.80859
-6811.39	6939.78	21.9378	-451.853	101.382	3.8124
-6811.78	6940.15	21.4807	455.55	52.7797	3.78
-6812.21	6940.55	21.4413	999.033	19.0215	3.8124
-6812.67	6941	21.6456	903.265	23.331	3.80668
-6813.16	6941.48	21.6456	903.265	23.331	3.78762
-6813.6	6941.95	21.602	675.816	20.6974	3.8105
-6814.05	6942.39	21.8835	290.35	25.2464	3.80859
-6814.45	6942.71	21.9936	-71.1748	43.2029	3.78572
-6814.86	6942.97	22.1756	15.0164	74.3275	3.8124
-6815.28	6943.19	21.3924	1164.23	10.6417	3.78381
-6815.63	6943.46	21.3924	1164.23	10.6417	3.78381
-6815.99	6943.72	20.716	953.544	-52.0863	3.80668
-6816.43	6944.06	20.7033	570.471	-69.8034	3.80287
-6816.85	6944.46	20.7373	448.367	-56.6353	3.79525
-6817.31	6944.88	20.9374	381.329	-42.749	3.80287
-6817.84	6945.33	20.9012	225.706	-33.8904	3.78572
-6818.32	6945.73	20.9257	-181.308	-42.0307	3.80097
-6818.83	6946.11	20.856	213.735	3.69856	3.80668
-6819.48	6946.42	20.856	213.735	3.69856	3.79906
-6820.1	6946.67	21.3966	934.39	49.4278	3.80668
-6820.63	6946.93	21.8063	1212.12	56.1316	3.79525
-6821.09	6947.21	22.1219	613.567	39.851	3.7819
-6821.5	6947.6	22.7748	-827.743	68.1026	3.78762
-6821.85	6947.98	17.9682	-2075.12	121.014	3.80478
-6822.28	6948.33	15.3178	-2436.65	136.098	3.79525
-6822.77	6948.63	13.0366	-1639.38	154.054	3.7819
-6823.3	6948.87	13.0366	-1639.38	154.054	3.80668
-6823.75	6949.14	17.0386	-1277.85	152.857	3.78
-6824.19	6949.38	21.5009	-1206.03	118.381	3.78381
-6824.6	6949.66	22.9248	-1270.67	14.2331	3.79906
-6825.1	6950.01	22.9248	-1270.67	14.2331	3.79525
-6825.7	6950.34	21.5908	-1083.92	-39.3971	3.79525
-6826.3	6950.74	21.0843	-636.206	-58.7901	3.8124
-6826.89	6951.18	21.6073	-99.9052	-42.9884	3.78
-6827.56	6951.63	21.6073	-99.9052	-42.9884	3.78381
-6828.15	6952.02	16.5815	-107.088	-54.2411	3.80478
-6828.71	6952.36	15.5189	268.802	-27.6655	3.78953
-6829.18	6952.71	17.061	958.332	1.06494	3.79334
-6829.49	6953.06	14.3701	972.697	17.3455	3.80287
-6829.81	6953.41	21.9239	-387.209	90.1292	3.78
-6830.18	6953.81	21.9239	-387.209	90.1292	3.7819
-6830.54	6954.2	20.9204	393.3	2.50146	3.80287
-6830.93	6954.6	20.4537	1269.58	-97.0973	3.79906
-6831.43	6955.02	20.79	1432.38	-100.449	3.78953
-6831.97	6955.4	21.0241	1396.47	-62.8602	3.78572
-6832.52	6955.73	21.3466	1248.03	-43.7066	3.78953
-6833.12	6956.03	21.3269	1300.7	-18.8069	3.8124
-6833.61	6956.35	21.3397	1628.71	-17.6098	3.78953
-6833.97	6956.65	21.3397	1628.71	-17.6098	3.78953
-6834.31	6956.95	20.5378	647.086	-1.8081	3.80478
-6834.65	6957.2	19.3757	-578.746	51.3432	3.80097
-6835.07	6957.48	21.2104	-1227.57	67.3843	3.78381
-6835.53	6957.76	21.8122	-885.203	41.2875	3.8105
-6835.97	6958.05	21.4839	108.39	-14.4974	3.80097
-6836.43	6958.31	21.4839	108.39	-14.4974	3.78381
-6836.92	6958.64	21.6111	5.43963	-8.03303	3.80287
-6837.39	6959.03	21.5525	-183.702	-3.96288	3.80478
-6837.88	6959.48	20.5208	-595.505	-3.96288	3.77047
-6838.36	6959.94	20.1222	-1074.35	-13.0608	3.80287
-6838.79	6960.37	21.7446	-1538.82	26.6829	3.7819
-6839.23	6960.64	15.7456	-1711.2	74.5669	3.78762
-6839.66	6960.84	11.3088	-1110.26	87.2562	3.80478
-6840.03	6961.12	9.1559	-310.595	48.4701	3.79906
-6840.38	6961.37	12.6428	-90.3285	-30.5385	3.78762
-6840.75	6961.6	18.8095	132.332	-107.392	3.78762
-6841.24	6961.97	21.5962	383.724	-139.714	3.78
-6841.75	6962.35	19.4353	338.234	-139.475	3.78953
-6842.27	6962.75	19.6715	-274.682	-108.35	3.80287
-6842.84	6963.26	19.6715	-274.682	-108.35	3.80097
-6843.35	6963.79	19.4108	-408.757	-92.0695	3.8105
-6843.94	6964.3	10.1334	-473.401	-69.3246	3.8124
-6844.54	6964.79	14.1317	-104.694	-11.3849	3.79334
-6845.09	6965.23	14.1317	-104.694	-11.3849	3.78762
-6845.53	6965.65	15.3912	7.83383	4.1774	3.80668
-6845.86	6965.91	19.4619	24.5932	39.3722	3.78
-6846.17	6966.18	22.9722	326.263	165.307	3.77619
-6846.53	6966.48	22.9722	326.263	165.307	3.80478
-6846.92	6966.77	20.7645	264.013	-0.371581	3.7819
-6847.33	6967.09	19.1969	773.978	-112.66	3.78381
-6847.82	6967.47	19.1383	1264.79	-126.307	3.79525
-6848.35	6967.87	19.9216	1269.58	-91.8301	3.79525
-6848.84	6968.31	20.1355	661.451	-38.6788	3.8105
-6849.34	6968.81	20.0961	134.727	-41.073	3.80287
-6849.93	6969.36	19.8758	-188.491	-38.4394	3.79525
-6850.53	6969.93	19.8875	-655.36	-21.9194	3.78762
-6851.21	6970.5	19.5667	-705.638	-2.52636	3.80668
-6851.93	6971.06	17.2206	-696.062	-0.611002	3.8105
-6852.52	6971.57	18.5754	-892.386	6.5716	3.80478
-6853.04	6971.83	20.6841	-324.96	63.793	3.8124
-6853.45	6971.95	22.2049	417.242	174.884	3.80097
-6853.82	6972.13	21.8191	-224.404	246.71	3.79143
-6854.25	6972.38	22.0415	-1098.29	186.616	3.80668
-6854.72	6972.65	21.5094	-1234.76	38.4145	3.78381
-6855.13	6972.92	19.5071	-1263.49	-12.8214	3.80668
-6855.56	6973.23	19.5071	-1263.49	-12.8214	3.80668
-6856.13	6973.56	17.3276	-1002.52	6.5716	3.78381
-6856.73	6973.93	19.5922	-717.609	-1.8081	3.78381
-6857.37	6974.36	21.0688	-652.966	-14.0185	3.8105
-6858.03	6974.82	21.2519	-1019.28	-25.7501	3.80478
-6858.72	6975.29	20.6139	-1282.64	-20.004	3.8124
-6859.29	6975.74	19.5129	-937.876	7.76871	3.79525
-6859.97	6976.12	18.4439	-475.795	32.429	3.79525
-6860.65	6976.46	17.1355	620.75	36.7385	3.79525
-6861.04	6976.79	18.4594	1367.74	68.8208	3.78381
-6861.29	6977.13	21.8425	163.457	157.646	3.78
-6861.58	6977.52	23.6879	-1227.57	202.896	3.80287
-6861.88	6977.9	23.0935	-674.514	106.41	3.79525
-6862.23	6978.31	21.5972	364.57	15.4302	3.79525
-6862.69	6978.74	21.1449	891.294	13.9936	3.78381
-6863.17	6979.19	21.3721	1106.77	29.7954	3.79334
-6863.65	6979.54	21.6983	1027.76	24.2887	3.78381
-6864.23	6979.89	21.7494	1346.19	36.978	3.78
-6864.77	6980.16	21.842	1772.36	35.0626	3.77237
-6865.26	6980.46	21.7079	1212.12	28.3588	3.7819
-6865.7	6980.86	21.9931	218.524	54.9345	3.8105
-6866.08	6981.22	23.242	-1593.89	149.984	3.78762
-6866.47	6981.64	23.242	-1593.89	149.984	3.77619
-6866.97	6982.02	22.986	-1586.7	102.34	3.80097
-6867.38	6982.34	22.3071	-791.83	46.7942	3.79334
-6867.72	6982.61	21.9952	-183.702	16.6273	3.79525
-6868.09	6982.85	21.834	-123.847	-0.85042	3.80287
-6868.44	6983.07	21.6238	-56.8096	-7.55419	3.78953
-6868.86	6983.4	21.22	-97.511	-49.4527	3.79525
-6869.39	6983.82	21.0188	-291.441	-61.6631	3.80859
-6869.92	6984.3	18.5695	-715.215	-59.5084	3.79525
-6870.45	6984.8	18.7435	-942.664	-57.3536	3.79906
-6871	6985.36	20.5559	-1179.69	-48.495	3.8124
-6871.52	6985.86	21.4445	-1153.35	-30.5385	3.78381
-6872.04	6986.32	21.4445	-1153.35	-30.5385	3.78762
-6872.64	6986.71	21.477	-935.482	-16.8916	3.80287
-6873.1	6987.03	21.6808	-456.641	1.7832	3.78953
-6873.47	6987.26	22.4757	-116.665	63.0748	3.79525
-6873.81	6987.53	22.9137	-32.8676	135.619	3.79334
-6874.17	6987.78	22.5454	65.2947	116.705	3.80859
-6874.57	6988.07	20.9848	26.9874	-32.2145	3.80097
-6875	6988.44	20.1307	-178.914	-136.602	3.79334
-6875.57	6988.79	19.862	-238.769	-136.362	3.80097
-6876.13	6989.17	20.4447	-250.74	-83.9292	3.77619
-6876.71	6989.62	20.6022	-363.267	-46.3403	3.78762
-6877.31	6990.15	20.6586	-516.496	-42.0307	3.78762
-6877.86	6990.68	20.4617	-801.406	-44.6643	3.80859
-6878.41	6991.31	20.5484	-846.896	-48.7345	3.8105
-6879.1	6991.88	20.3872	-827.743	-31.975	3.8105
-6879.59	6992.46	19.6811	-858.867	-27.9049	3.80859
-6879.98	6992.94	14.6399	-1095.89	14.4725	3.8105
-6880.3	6993.24	18.851	-1366.44	87.0168	3.76475
-6880.67	6993.46	23.0541	-696.061	98.0301	3.78953
-6880.99	6993.76	23.8986	1635.89	87.0168	3.79906
-6881.39	6994.12	21.9851	2895.24	62.5959	3.77619
-6881.81	6994.49	20.1951	2222.47	-22.3982	3.77809
-6882.24	6994.88	19.2889	1233.67	-108.829	3.78
-6882.74	6995.26	19.6406	807.497	-129.898	3.77237
-6883.21	6995.7	20.1738	661.451	-77.9437	3.80287
-6883.65	6996.22	19.5199	-154.972	-14.9762	3.79525
-6884.17	6996.77	19.5199	-154.972	-14.9762	3.79525
-6884.65	6997.34	10.085	-449.459	-26.7078	3.8105
-6885.12	6997.8	10.847	-650.572	-21.9194	3.78572
-6885.68	6998.05	18.0007	-648.177	62.5959	3.76475
-6886.1	6998.2	18.0007	-648.177	62.5959	3.79334
-6886.46	6998.34	18.1374	-229.192	160.04	3.78381
-6886.91	6998.53	20.698	-138.213	170.574	3.78572
-6887.36	6998.73	18.3003	-602.688	109.762	3.78381
-6887.82	6998.96	17.5037	-1165.33	61.6382	3.77237
-6888.36	6999.29	16.4964	-1507.7	65.7084	3.80668
-6888.93	6999.67	20.0764	-1572.34	83.6649	3.78953
-6889.46	7000.08	22.2432	-1823.73	75.2852	3.8105
-6889.96	7000.56	22.5891	-2101.46	68.5814	3.80668
-6890.38	7001.02	21.9851	-2252.29	62.1171	3.79906
-6890.8	7001.48	21.6877	-2302.57	50.8643	3.80097
-6891.28	7001.86	21.5829	-1967.38	17.3455	3.78762
-6891.66	7002.18	21.5717	-1160.54	-17.8493	3.79525
-6892.03	7002.46	20.4106	1298.31	-63.0997	3.7819
-6892.39	7002.79	20.4106	1298.31	-63.0997	3.78381
-6892.73	7003.16	20.6996	1877.71	-52.0863	3.8124
-6893.08	7003.61	19.4273	1695.75	-83.211	3.79525
-6893.43	7004.05	17.8825	1058.89	-121.997	3.79525
-6893.91	7004.53	17.8825	1058.89	-121.997	3.80668
-6894.4	7005.01	19.4363	723.7	-100.449	3.79334
-6894.87	7005.51	20.5484	323.868	-67.6487	3.77809
-6895.42	7006.03	15.7317	-92.7227	-44.6643	3.80097
-6895.85	7006.46	13.3793	-420.728	-31.4962	3.79525
-6896.27	7006.81	18.2928	-473.401	-13.7791	3.78572
-6896.64	7007.02	22.2129	65.2947	33.8655	3.78
-6896.93	7007.21	22.6077	436.396	103.537	3.78
-6897.28	7007.42	21.4818	216.129	79.1159	3.79906
-6897.7	7007.71	19.7029	268.802	-71.24	3.80668
-6898.09	7008.01	19.7029	268.802	-71.24	3.79143
-6898.54	7008.36	17.6623	309.503	-49.4527	3.8124
-6899.03	7008.79	12.1224	132.332	-42.749	3.80668
-6899.6	7009.26	10.0961	-104.694	-35.3269	3.79906
-6900.14	7009.75	10.3297	-222.01	-37.9605	3.8124
-6900.8	7010.17	13.0494	-351.296	-50.8892	3.80668
-6901.45	7010.52	17.7304	-109.482	-39.1576	3.79334
-6902.11	7010.81	20.5947	498.645	-3.24462	3.78572
-6902.77	7011.06	21.6611	948.755	39.851	3.78
-6903.2	7011.29	21.4674	869.746	86.0591	3.78762
-6903.56	7011.56	21.6882	34.17	144.238	3.78572
-6903.94	7011.87	22.2209	-1332.92	204.333	3.80859
-6904.3	7012.2	22.1379	-1917.1	151.66	3.80478
-6904.71	7012.5	21.213	-1490.94	41.0481	3.79143
-6905.14	7012.73	20.5628	-954.635	-23.5953	3.80287
-6905.58	7013.05	20.4468	-356.085	-35.0875	3.77619
-6906.03	7013.3	20.6133	345.416	-22.8771	3.79906
-6906.57	7013.63	20.7868	613.567	-1.32926	3.79715
-6906.99	7013.99	20.9911	185.005	30.0348	3.80097
-6907.34	7014.39	21.0747	-758.311	77.44	3.80287
-6907.77	7014.8	20.9523	-1546	65.2295	3.80287
-6908.16	7015.22	20.723	-1617.83	-8.51187	3.79525
-6908.56	7015.61	20.3303	-1079.13	-73.3947	3.79525
-6908.95	7015.97	20.3244	-133.424	-76.0284	3.78572
-6909.32	7016.3	20.4441	872.141	-47.2979	3.78381
-6909.66	7016.67	20.8022	1444.35	-19.7646	3.80668
-6910	7017.04	20.8613	1353.38	6.09276	3.80097
-6910.38	7017.39	20.6607	1157.05	0.34668	3.79143
-6910.75	7017.71	20.1174	1176.2	-41.3124	3.79525
-6911.11	7017.99	19.9136	1389.29	-74.113	3.78
-6911.53	7018.3	19.7215	1714.9	-80.3379	3.78381
-6911.89	7018.61	19.8423	1561.67	-54.4805	3.8105
-6912.29	7018.99	19.9354	886.506	-23.3559	3.79334
-6912.73	7019.37	20.2733	256.831	-2.52636	3.80287
-6913.16	7019.73	20.301	-222.01	18.5426	3.80859
-6913.64	7020	20.5607	-437.488	32.9078	3.77237
-6914.15	7020.31	20.5037	-368.056	26.4435	3.79143
-6914.54	7020.53	20.2808	-358.479	13.0359	3.78381
-6914.92	7020.75	20.2808	-358.479	13.0359	3.79334
-6915.29	7021.01	20.268	-849.29	1.30436	3.79334
-6915.65	7021.33	20.0504	-1165.32	-12.1032	3.80668
-6916.08	7021.66	20.1148	-1196.45	-15.6945	3.79525
-6916.6	7022.05	19.9306	-1021.67	-17.8492	3.80287
-6917.03	7022.45	19.9184	-980.971	-24.7924	3.80478
-6917.44	7022.82	19.8407	-1186.87	-20.9617	3.78381
-6917.86	7023.09	20.4143	-475.795	8.00812	3.78572
-6918.24	7023.34	20.4143	-475.795	8.00812	3.80668
-6918.58	7023.57	20.8672	67.6889	37.4568	3.7819
-6918.97	7023.81	20.6538	-40.0502	54.9345	3.76475
-6919.35	7024.05	19.9434	-217.221	-9.70897	3.79143
-6919.74	7024.35	19.0399	-162.154	-76.0284	3.76475
-6920.25	7024.65	18.7414	-111.876	-96.3791	3.80097
-6920.69	7025	18.7414	-111.876	-96.3791	3.80287
-6921.14	7025.45	19.025	-226.798	-76.2678	3.78572
-6921.58	7025.9	19.0793	-344.114	-56.8747	3.78762
-6922.04	7026.34	19.1963	-394.392	-45.622	3.80859
-6922.43	7026.75	19.2921	-459.036	-22.8771	3.8105
-6922.8	7027.11	19.6444	-636.206	7.28987	3.80668
-6923.13	7027.37	20.0057	-746.34	33.1472	3.78762
-6923.47	7027.66	19.8828	1566.46	15.909	3.78
-6923.8	7027.95	19.8828	1566.46	15.909	3.80097
-6924.2	7028.31	19.439	2165.01	2.98031	3.78572
-6924.56	7028.69	19.1543	1920.8	-21.4406	3.78762
-6924.96	7029.06	19.0239	1422.81	-31.975	3.80287
-6925.45	7029.3	19.1671	1027.76	-25.9895	3.79525
-6925.9	7029.56	19.3198	941.573	-17.3704	3.80287
-6926.28	7029.8	19.4933	735.671	-7.79361	3.78
-6926.7	7030.09	19.6039	137.121	30.5136	3.78762
-6927.07	7030.42	19.9312	-442.276	56.8498	3.78381
-6927.48	7030.82	19.7801	-693.667	42.2452	3.78381
-6927.93	7031.21	19.6859	-796.618	31.9501	3.78762
-6928.43	7031.57	19.5332	-969	20.458	3.79525
-6928.94	7031.85	19.9046	-700.85	11.8388	3.79143
-6929.36	7032.06	20.2286	220.918	36.4991	3.78762
-6929.69	7032.27	20.6336	544.135	88.9321	3.77809
-6930	7032.51	20.6479	-437.488	121.014	3.80287
-6930.38	7032.77	20.4159	-1050.4	88.4533	3.79525
-6930.8	7033.05	19.7332	-526.073	5.85334	3.77809
-6931.28	7033.32	19.7332	-526.073	5.85334	3.80859
-6931.89	7033.59	19.4698	-413.546	-16.8916	3.78762
-6932.46	7033.87	19.7588	-183.702	-20.2435	3.78572
-6933.02	7034.14	19.7694	31.7758	-2.52636	3.80097
-6933.58	7034.46	19.9184	55.7179	6.09276	3.78762
-6934.05	7034.82	19.8428	-18.5024	7.28987	3.80287
-6934.48	7035.23	20.1094	-415.94	45.5971	3.80668
-6934.9	7035.64	20.542	-1160.54	87.4956	3.78572
-6935.26	7035.95	20.8741	-1811.76	87.4956	3.79334
-6935.63	7036.15	20.6506	38.9585	26.9223	3.80097
-6936.02	7036.37	20.6506	38.9585	26.9223	3.78381
-6936.34	7036.62	20.0722	1341.4	13.9936	3.79525
-6936.72	7036.89	19.7109	1362.95	-19.7646	3.79334
-6937.1	7037.17	19.215	1075.65	-51.3681	3.79525
-6937.5	7037.56	19.1405	852.987	-75.5495	3.79906
-6938	7038.01	19.1117	587.231	-64.2968	3.78572
-6938.51	7038.47	19.1155	175.428	-56.1565	3.78381
-6939.12	7038.97	19.2304	-262.711	-31.975	3.8124
-6939.65	7039.43	19.3709	-449.459	-26.7078	3.80287
-6940.16	7039.93	19.5145	-396.786	-12.8214	3.8105
-6940.69	7040.41	19.6971	-265.105	1.30436	3.79334
-6941.14	7040.75	20.0445	-327.354	35.302	3.79525
-6941.48	7040.96	14.5536	-494.949	96.5936	3.78381
-6941.86	7041.17	11.2482	-190.885	171.053	3.79525
-6942.16	7041.36	13.6044	201.764	147.111	3.79143
-6942.46	7041.64	20.3138	539.347	-110.744	3.77809
-6942.87	7041.92	20.3138	539.347	-110.744	3.79715
-6943.31	7042.26	19.6018	649.48	-110.744	3.79334
-6943.82	7042.62	18.7031	560.894	-73.1553	3.78381
-6944.42	7043.04	7.76336	36.5642	-55.6776	3.80287
-6945	7043.51	7.76336	36.5642	-55.6776	3.80287
-6945.54	7044.03	11.8973	-188.491	-57.1142	3.77619
-6946.18	7044.58	12.3534	-217.221	-44.6643	3.80287
-6946.74	7045.11	17.5553	-260.317	-37.9605	3.80287
-6947.37	7045.63	15.2619	-212.433	-27.4261	3.80097
-6948.05	7046.18	12.1304	-157.366	-10.9061	3.80668
-6948.58	7046.64	14.6276	-245.952	-0.611001	3.8105
-6948.95	7046.83	14.8335	-301.018	47.5125	3.78
-6949.26	7047.01	13.905	-116.665	193.319	3.80097
-6949.58	7047.23	14.709	-648.177	166.504	3.7819
-6949.91	7047.51	14.709	-648.177	166.504	3.7819
-6950.37	7047.78	17.2014	-490.16	-28.8626	3.80287
-6950.83	7048.08	19.4693	-210.039	-78.4226	3.80668
-6951.34	7048.45	20.2403	-56.8096	-37.7211	3.77619
-6951.88	7048.83	19.3166	89.2367	-20.7223	3.79525
-6952.37	7049.26	16.4852	139.515	-15.6945	3.78572
-6952.86	7049.72	16.2383	-274.682	-14.4974	3.78381
-6953.5	7050.26	16.465	-621.841	-22.3982	3.78
-6954.12	7050.81	17.1147	-672.119	-20.7223	3.78381
-6954.68	7051.39	17.9086	-674.514	-12.8214	3.79906
-6955.21	7051.93	19.2719	-662.543	4.1774	3.80287
-6955.63	7052.48	20.2244	-875.627	26.9223	3.78
-6955.94	7052.85	19.3044	-1251.52	75.0458	3.78381
-6956.22	7053.08	15.1512	-1040.83	162.674	3.79525
-6956.61	7053.37	16.2979	714.123	222.289	3.80287
-6956.98	7053.66	18.5519	2318.24	88.2139	3.80287
-6957.36	7053.96	19.1862	2263.17	-116.49	3.80668
-6957.83	7054.33	18.9127	2062.06	-169.163	3.80668
-6958.26	7054.75	14.1056	1954.32	-121.997	3.79906
-6958.71	7055.17	14.8612	1432.38	-92.7878	3.78381
-6959.24	7055.66	18.164	1027.76	-82.4927	3.78953
-6959.79	7056.18	19.7769	642.297	-65.015	3.7819
-6960.34	7056.77	19.4975	362.176	-47.5374	3.78953
-6960.89	7057.38	19.1011	201.764	-42.0307	3.78
-6961.4	7057.96	18.9792	-119.059	-26.229	3.78
-6961.84	7058.61	19.3198	-564.38	-13.7791	3.78762
-6962.38	7059.31	19.7556	-1483.75	37.9356	3.79143
-6962.87	7059.83	20.2105	-2302.57	75.764	3.80287
-6963.38	7060.04	18.9441	-2333.7	83.1861	3.80287
-6963.91	7060.11	7.49039	-794.224	164.828	3.79906
-6964.31	7060.28	6.3788	125.15	265.385	3.79906
-6964.73	7060.4	8.42478	-727.186	245.752	3.79525
-6965.16	7060.61	8.28483	-1543.61	163.631	3.7819
-6965.6	7060.87	9.16601	-1730.36	126.282	3.80287
-6966.08	7061.16	5.76741	-1517.27	122.69	3.79334
-6966.69	7061.49	5.15707	-1361.65	94.1994	3.78572
-6967.19	7061.85	7.70536	-1177.3	82.9466	3.79143
-6967.63	7062.25	11.7734	-1007.31	61.1594	3.80668
-6968.13	7062.72	20.2994	-1215.6	48.4701	3.80668
-6968.58	7063.17	21.5302	-1251.52	44.4	3.80287
-6968.99	7063.53	14.783	-1179.69	37.6962	3.8105
-6969.41	7063.79	17.8017	-954.635	27.6406	3.78762
-6969.8	7064	21.5616	144.303	23.5704	3.78572
-6970.19	7064.25	21.9942	1595.19	-2.28694	3.79334
-6970.58	7064.58	20.9385	1975.87	-55.6776	3.78
-6970.94	7064.96	19.7715	1561.67	-95.182	3.8105
-6971.33	7065.37	19.5528	1240.85	-114.336	3.80287
-6971.77	7065.85	19.5981	958.332	-101.886	3.80287
-6972.23	7066.33	19.9807	647.086	-78.9014	3.80097
-6972.69	7066.83	19.9589	357.387	-64.2968	3.79525
-6973.22	7067.27	20.1823	180.216	-46.1008	3.78572
-6973.64	7067.76	20.5064	-217.221	-4.44172	3.80859
-6974.07	7068.22	20.5064	-217.221	-4.44172	3.79906
-6974.43	7068.55	20.7512	-514.102	37.6962	3.79143
-6974.81	7068.83	21.6829	-133.424	107.368	3.80287
-6975.18	7069.1	22.0309	996.639	150.463	3.78
-6975.51	7069.41	21.4291	1094.8	79.3553	3.78381
-6975.9	7069.71	20.1025	153.88	-20.4829	3.76284
-6976.3	7070.04	19.5023	94.0251	-77.7043	3.78381
-6976.72	7070.43	19.3586	637.509	-86.084	3.78381
-6977.19	7070.87	19.6321	544.135	-68.1275	3.80287
-6977.65	7071.36	15.6179	422.031	-59.2689	3.8105
-6978.19	7071.91	16.921	199.37	-57.1142	3.80668
-6978.8	7072.46	19.3767	-116.665	-48.9739	3.80668
-6979.34	7073.04	20.4441	-360.873	-40.3547	3.79143
-6979.88	7073.59	14.6223	-485.372	-15.9339	3.79143
-6980.47	7074.02	14.6223	-485.372	-15.9339	3.79525
-6981	7074.28	15.1267	-265.105	19.5003	3.78953
-6981.5	7074.4	14.841	563.289	107.128	3.79334
-6981.95	7074.55	12.7088	-542.833	221.092	3.80287
-6982.34	7074.67	12.7088	-542.833	221.092	3.78762
-6982.76	7074.86	7.27595	-1852.46	168.659	3.79143
-6983.22	7075.09	7.99483	-2513.26	135.619	3.79715
-6983.63	7075.38	9.53902	-2331.3	141.365	3.78
-6984.08	7075.73	12.3635	-2190.04	139.689	3.78
-6984.59	7076.1	14.3264	-2309.75	119.578	3.78572
-6985.05	7076.45	14.2301	-2197.23	91.0869	3.78381
-6985.49	7076.78	9.55924	-1771.06	69.0603	3.78
-6985.94	7077.07	5.76155	-1356.86	34.3443	3.78
-6986.32	7077.34	3.81083	-506.92	2.9803	3.78381
-6986.63	7077.65	8.49023	709.335	-48.7345	3.78
-6986.99	7078.02	15.413	1013.4	-93.506	3.80287
-6987.36	7078.41	18.1007	869.746	-136.123	3.80478
-6987.79	7078.86	19.853	910.448	-165.093	3.80668
-6988.31	7079.32	19.8104	1137.9	-174.909	3.79525
-6988.79	7079.8	19.5677	1046.92	-148.094	3.80668
-6989.28	7080.31	19.3182	682.999	-116.012	3.80097
-6989.78	7080.82	19.4666	319.08	-97.8156	3.78572
-6990.24	7081.38	19.5502	70.0831	-79.1408	3.7819
-6990.7	7081.93	20.1201	-408.757	-20.7223	3.80859
-6991.13	7082.42	20.1201	-408.757	-20.7223	3.80859
-6991.47	7082.7	19.216	-612.264	35.0626	3.77809
-6991.8	7082.93	20.201	254.437	120.775	3.79525
-6992.14	7083.19	21.7819	1683.78	165.547	3.79906
-6992.53	7083.49	21.1636	2141.07	76.7217	3.79906
-6992.87	7083.84	19.6465	1592.8	-71.4794	3.80287
-6993.29	7084.24	18.6472	1140.29	-131.095	3.80668
-6993.78	7084.65	18.8968	1039.73	-110.984	3.79334
-6994.26	7085.13	19.1601	903.265	-80.5773	3.78572
-6994.72	7085.61	17.9033	498.645	-58.7901	3.78381
-6995.33	7086.08	17.5335	185.005	-39.3971	3.77619
-6995.79	7086.58	16.2016	-140.607	-47.0585	3.78
-6996.25	7086.93	15.1746	-413.546	-48.0162	3.77237
-6996.71	7087.14	14.5579	177.822	19.2609	3.79334
-6997.16	7087.27	14.6031	527.376	88.2139	3.80097
-6997.64	7087.42	19.9051	-109.482	106.41	3.79525
-6998.15	7087.65	19.2001	-466.218	104.734	3.79715
-6998.55	7087.87	19.5417	-629.024	85.1014	3.79334
-6998.95	7088.19	20.8352	-868.444	87.9745	3.79525
-6999.45	7088.54	21.5126	-1196.45	92.0446	3.80097
-7000.04	7088.92	21.3567	-1443.05	82.7072	3.80287
-7000.69	7089.34	21.3439	-1720.78	79.8342	3.80097
-7001.39	7089.78	21.2088	-1895.56	81.0313	3.80859
-7001.98	7090.19	21.312	-1933.86	92.0446	3.80097
-7002.43	7090.45	21.4472	-1495.72	109.522	3.78572
-7002.93	7090.68	22.2022	-200.462	159.561	3.79334
-7003.32	7090.91	22.6152	623.144	184.94	3.78762
-7003.77	7091.18	22.2054	304.715	95.6359	3.75903
-7004.19	7091.45	21.0428	-99.9053	-18.0887	3.77619
-7004.57	7091.74	20.2143	29.3816	-70.7611	3.79143
-7005.02	7092.05	20.1078	283.167	-70.7611	3.79334
-7005.54	7092.37	20.4739	256.831	-48.9739	3.80097
-7006.1	7092.76	20.8214	41.3526	-24.0742	3.79906
-7006.71	7093.21	20.7187	-353.691	-27.1866	3.78
-7007.36	7093.65	20.7187	-353.691	-27.1866	3.7819
-7007.98	7094.08	20.6352	-368.056	-10.4272	3.80287
-7008.49	7094.49	20.7682	-174.126	3.21972	3.79143
-7008.95	7094.87	21.0864	321.474	24.0493	3.80478
-7009.25	7095.17	21.5738	496.251	60.6806	3.80287
-7009.53	7095.5	22.1214	168.245	94.4388	3.77047
-7009.87	7095.85	21.9638	-133.424	95.8753	3.77809
-7010.23	7096.24	20.757	455.55	11.5994	3.79334
-7010.6	7096.69	19.9871	1147.47	-71.0005	3.78
-7011.04	7097.17	19.8801	1418.02	-77.4649	3.79525
-7011.51	7097.65	20.3079	1382.11	-60.9449	3.8105
-7011.95	7098.16	20.4005	1087.62	-53.5229	3.79906
-7012.55	7098.59	20.4702	783.555	-32.6933	3.80287
-7013.14	7098.89	20.3899	721.306	-15.9339	3.78762
-7013.67	7099.12	21.0539	1099.59	30.9925	3.78762
-7014.04	7099.33	21.5908	1609.55	87.735	3.80287
-7014.35	7099.57	22.306	627.932	128.915	3.78
-7014.71	7099.82	21.1822	-1517.27	34.5838	3.78
-7015.07	7100.1	21.1822	-1517.27	34.5838	3.78762
-7015.54	7100.42	20.2015	-885.203	-41.5518	3.79143
-7016.03	7100.76	20.1046	-600.293	-68.6063	3.78
-7016.54	7101.1	20.64	-447.065	-25.9895	3.79525
-7017.06	7101.48	20.64	-447.065	-25.9895	3.78953
-7017.53	7101.91	20.6729	-475.795	-7.31476	3.78572
-7018.06	7102.43	20.8523	-636.206	-12.3426	3.78572
-7018.75	7102.93	20.6964	-923.511	-18.5675	3.79143
-7019.37	7103.35	20.8241	-1043.22	-0.371582	3.77809
-7020	7103.58	19.2261	-487.766	64.2719	3.79906
-7020.52	7103.78	13.5735	163.457	142.802	3.79334
-7020.87	7104.04	13.0291	175.428	180.869	3.78
-7021.24	7104.33	18.9606	-746.34	184.94	3.79906
-7021.71	7104.6	21.5914	-741.551	-78.9014	3.78381
-7022.23	7104.87	21.5914	-741.551	-78.9014	3.78
-7022.74	7105.19	20.1334	-83.1459	-119.842	3.80859
-7023.32	7105.55	20.0227	0.651215	-82.2533	3.78762
-7023.91	7105.97	20.8342	60.5063	-33.651	3.79143
-7024.51	7106.4	20.8342	60.5063	-33.651	3.8105
-7025.25	7106.86	17.7538	-301.018	-31.0174	3.78572
-7025.93	7107.3	18.2183	-289.047	-39.8759	3.77809
-7026.46	7107.65	20.2095	-260.317	-24.0742	3.79525
-7026.84	7107.96	21.5004	-83.1458	30.5136	3.7819
-7027.09	7108.28	22.3448	-128.636	99.7061	3.78381
-7027.37	7108.63	22.5295	-640.995	132.267	3.79906
-7027.73	7109.01	21.5908	-600.293	69.7785	3.79334
-7028.12	7109.41	20.4276	338.234	-28.3837	3.80287
-7028.54	7109.84	20.0051	1070.86	-61.9026	3.80287
-7029.02	7110.27	20.2622	1204.93	-51.8469	3.78381
-7029.42	7110.68	20.5564	726.094	-26.9472	3.79143
-7029.88	7111.01	20.5564	726.094	-26.9472	3.80097
-7030.39	7111.31	20.7262	1037.34	0.825525	3.78
-7030.82	7111.62	20.8693	1358.16	12.3177	3.78
-7031.19	7111.9	21.2593	704.547	23.5704	3.78381
-7031.59	7112.2	21.71	-356.085	67.8632	3.78762
-7031.94	7112.45	21.8702	-1146.17	82.7072	3.78572
-7032.35	7112.75	21.2843	-1172.51	43.2029	3.78
-7032.77	7113.08	20.7155	-839.714	-2.04752	3.78381
-7033.17	7113.37	20.3414	-463.824	-28.6232	3.79525
-7033.55	7113.7	20.3361	-492.554	-47.7768	3.79525
-7034	7114.02	20.3361	-492.554	-47.7768	3.79143
-7034.44	7114.45	20.6325	-775.07	-34.3692	3.79143
-7034.89	7114.93	20.5601	-1170.11	-35.5663	3.80478
-7035.34	7115.38	20.632	-1387.99	-16.6522	3.78
-7035.71	7115.68	20.7086	-1179.69	24.7675	3.80859
-7036.07	7115.91	21.4025	-514.102	75.5246	3.78953
-7036.44	7116.15	21.4339	103.602	81.2707	3.78381
-7036.78	7116.43	21.0731	86.8425	19.7397	3.79525
-7037.16	7116.69	20.0589	-18.5024	-56.8747	3.80287
-7037.59	7116.97	19.5513	55.7179	-95.4214	3.78762
-7038.1	7117.27	19.3368	218.524	-96.8579	3.79906
-7038.58	7117.67	19.6502	58.1121	-84.1686	3.78381
-7039.07	7118.07	19.6066	-353.691	-74.113	3.7819
-7039.61	7118.53	18.2784	-612.264	-57.3536	3.80287
-7040.09	7119.01	18.8207	-700.85	-36.0452	3.79525
-7040.57	7119.48	19.895	-648.177	-17.8493	3.78572
-7040.98	7119.96	20.2116	-626.63	5.85334	3.79334
-7041.29	7120.32	19.2064	-921.116	33.3867	3.7819
-7041.62	7120.61	19.7934	-1057.59	89.6504	3.78381
-7041.95	7120.89	20.7107	-222.01	121.972	3.77428
-7042.26	7121.2	20.4793	845.804	46.3154	3.77619
-7042.6	7121.5	19.447	1216.91	-72.6765	3.79334
-7043.01	7121.87	18.4503	1362.95	-148.573	3.80097
-7043.43	7122.21	18.3029	1461.11	-165.572	3.78
-7043.88	7122.62	18.6153	1212.12	-131.574	3.77237
-7044.44	7123.09	19.0729	788.344	-89.1965	3.7819
-7044.94	7123.55	19.1341	469.915	-60.7055	3.80287
-7045.43	7124.05	19.0112	261.619	-56.1565	3.79525
-7045.95	7124.62	18.9393	-78.3574	-55.1988	3.8124
-7046.46	7125.16	15.4827	-681.696	-19.7646	3.78381
-7047	7125.46	15.4827	-681.696	-19.7646	3.77619
-7047.43	7125.65	12.9876	-370.45	16.1484	3.80287
-7047.73	7125.82	15.8951	527.376	105.931	3.78953
-7048.09	7126.01	18.6451	307.109	195.474	3.78
-7048.48	7126.24	20.9182	-724.792	162.195	3.80287
-7048.87	7126.51	20.7517	-882.809	59.244	3.79525
-7049.35	7126.81	20.1536	-636.206	29.3165	3.79143
-7050	7127.18	19.9956	-810.983	34.8232	3.80287
-7050.57	7127.59	20.0211	-1071.95	20.6974	3.77619
-7051.16	7128.02	20.0435	-928.299	8.24755	3.80287
-7051.8	7128.47	20.0435	-928.299	8.24755	3.79906
-7052.41	7128.84	20.0594	-763.099	-0.132159	3.79525
-7052.96	7129.15	20.3021	-351.296	19.0215	3.77237
-7053.42	7129.41	20.682	347.81	54.4556	3.80287
-7053.69	7129.66	21.6504	852.987	104.016	3.7819
-7053.99	7129.9	22.0378	256.831	165.547	3.78381
-7054.31	7130.16	21.4679	-894.78	162.913	3.78572
-7054.62	7130.42	20.0222	-796.618	37.6962	3.77809
-7054.94	7130.7	19.5087	-233.981	-54.9594	3.78953
-7055.33	7131.03	19.5497	67.6889	-64.0574	3.79525
-7055.79	7131.39	20.0291	132.332	-38.4394	3.8105
-7056.3	7131.8	19.9902	-23.2908	-27.6655	3.8105
-7056.85	7132.23	19.9833	-159.76	-26.9472	3.80668
-7057.38	7132.66	19.7806	-413.546	-25.9895	3.78572
-7057.85	7133.08	19.9807	-741.551	-18.0887	3.79143
-7058.26	7133.53	20.0999	-791.83	0.346683	3.79525
-7058.61	7133.94	20.5404	-822.954	28.3588	3.77619
-7058.92	7134.26	21.345	-119.059	84.862	3.78381
-7059.26	7134.55	21.345	-119.059	84.862	3.80097
-7059.63	7134.89	20.9167	898.477	92.7629	3.77237
-7060.01	7135.26	20.053	1834.61	17.8244	3.79334
-7060.4	7135.62	19.208	2002.2	-63.0997	3.78762
-7060.84	7135.98	19.2203	1904.04	-91.1118	3.76475
-7061.33	7136.31	19.5177	1597.58	-70.0428	3.79525
-7061.74	7136.61	19.7902	1288.73	-44.9037	3.80668
-7062.22	7136.89	19.8194	1535.33	-34.1298	3.76475
-7062.59	7137.22	19.903	1240.85	-30.0597	3.79143
-7063.02	7137.5	20.0722	-152.578	-0.371581	3.79143
-7063.47	7137.75	20.2558	-1287.43	29.7954	3.7819
-7063.91	7138	20.1893	-1368.83	31.2319	3.80097
-7064.35	7138.24	20.1935	-911.54	29.0771	3.78953
-7064.83	7138.52	20.0552	-624.235	22.3733	3.7819
-7065.26	7138.81	20.0498	-700.85	15.6696	3.78
-7065.69	7139.13	20.1978	-789.435	20.2186	3.78381
-7066.13	7139.52	20.3984	-1213.21	36.7385	3.77809
-7066.5	7139.91	20.4383	-1967.38	49.9067	3.80097
-7066.85	7140.29	20.3393	-2307.36	39.3722	3.79334
-7067.25	7140.58	20.2116	-1830.91	18.0638	3.78762
-7067.62	7140.82	20.3074	-921.116	23.8099	3.79143
-7067.97	7141.06	20.3893	-87.9342	34.3443	3.80668
-7068.35	7141.31	20.0488	302.321	14.9513	3.80287
-7068.7	7141.6	19.5113	395.695	-24.0742	3.78381
-7069.1	7141.89	18.9537	240.071	-76.986	3.78762
-7069.56	7142.22	18.7228	185.005	-104.041	3.79143
-7070	7142.61	18.7909	24.5932	-101.886	3.78762
-7070.43	7143.01	17.4835	-308.201	-71.9582	3.78762
-7070.87	7143.4	17.4835	-308.201	-71.9582	3.78381
-7071.28	7143.8	18.1917	-267.499	-53.044	3.79334
-7071.66	7144.13	19.3049	-178.914	-20.2435	3.78381
-7071.99	7144.4	20.1589	-13.714	13.0359	3.80287
-7072.29	7144.66	20.4516	338.234	56.371	3.80287
-7072.62	7144.93	20.3579	649.48	85.1014	3.80859
-7072.98	7145.24	18.975	1384.5	-22.8771	3.7819
-7073.33	7145.58	18.975	1384.5	-22.8771	3.78
-7073.71	7145.94	18.6296	1456.33	-68.8457	3.7819
-7074.15	7146.25	18.7887	1140.29	-66.9304	3.78762
-7074.55	7146.52	18.8116	1003.82	-54.72	3.78572
-7074.91	7146.81	19.0942	321.474	-30.5385	3.77619
-7075.28	7147.12	19.0942	321.474	-30.5385	3.80668
-7075.63	7147.46	19.497	-724.792	5.61392	3.78
-7076.02	7147.8	19.3208	-1155.75	20.9368	3.78381
-7076.45	7148.1	19.4517	-1009.7	14.4725	3.79906
-7076.89	7148.33	19.2735	-748.734	10.4023	3.78
-7077.32	7148.58	19.3118	129.938	18.782	3.78
-7077.71	7148.83	19.3118	129.938	18.782	3.78572
-7078.1	7149.09	19.4459	26.9874	12.7965	3.78
-7078.47	7149.4	19.4635	-559.592	18.782	3.77809
-7078.81	7149.77	19.6646	-1320.95	29.3165	3.78762
-7079.24	7150.21	19.5348	-1462.21	30.5136	3.79334
-7079.61	7150.58	19.2144	-1237.15	3.69857	3.78
-7080.03	7150.84	19.2144	-1237.15	3.69857	3.78572
-7080.48	7151.05	19.7231	-789.435	19.2609	3.77237
-7080.86	7151.25	20.1414	103.602	66.4267	3.76475
-7081.22	7151.45	20.0062	-193.279	70.7362	3.80287
-7081.6	7151.69	20.0062	-193.279	70.7362	3.8124
-7082.01	7151.94	19.5289	-643.389	30.9925	3.79906
-7082.44	7152.24	18.9622	-432.699	-11.6243	3.80287
-7082.9	7152.58	19.0564	29.3816	-31.0174	3.78762
-7083.32	7152.99	19.0564	29.3816	-31.0174	3.78762
-7083.8	7153.41	19.2373	-188.491	-21.2011	3.78572
-7084.39	7153.85	19.2022	-466.218	-17.8493	3.78762
-7084.87	7154.23	19.4507	-193.279	-0.611001	3.77619
-7085.28	7154.51	19.4507	-193.279	-0.611001	3.79906
-7085.58	7154.75	20.0988	168.245	39.3722	3.78762
-7085.89	7155.01	20.8081	474.703	110.719	3.76475
-7086.21	7155.28	20.5474	357.387	135.858	3.77619
-7086.57	7155.53	18.4524	709.335	-68.3669	3.80859
-7086.96	7155.82	18.4524	709.335	-68.3669	3.80287
-7087.38	7156.17	18.2529	809.891	-98.5339	3.8105
-7087.89	7156.52	18.4524	771.584	-90.3936	3.79143
-7088.35	7156.94	18.7643	685.393	-77.9437	3.78381
-7088.84	7157.37	18.7701	378.935	-54.4805	3.78762
-7089.34	7157.8	18.7595	55.7178	-45.1432	3.79334
-7089.77	7158.29	18.8606	-301.018	-40.1153	3.79143
-7090.15	7158.77	17.2445	-648.177	-20.7223	3.80097
-7090.55	7159.14	16.125	-825.348	18.5426	3.79525
-7090.9	7159.29	16.5725	-856.473	76.7217	3.77619
-7091.23	7159.53	19.6891	-212.433	141.126	3.77809
-7091.56	7159.71	19.1474	335.839	-0.850421	3.78953
-7091.86	7159.9	19.1474	335.839	-0.850421	3.80287
-7092.19	7160.17	18.0784	141.909	-97.8156	3.80287
-7092.6	7160.52	17.7373	354.993	-111.941	3.79143
-7093.07	7160.88	18.1763	541.741	-96.1396	3.78
-7093.6	7161.3	18.2396	426.819	-74.113	3.77237
-7094.17	7161.75	18.4583	177.822	-51.6075	3.7819
-7094.74	7162.27	18.3034	-439.882	-54.0017	3.80287
-7095.28	7162.82	18.3034	-439.882	-54.0017	3.8124
-7095.85	7163.37	18.1912	-396.786	-47.2979	3.8105
-7096.43	7163.79	18.2577	-442.276	-31.7356	3.78762
-7097.06	7164.02	17.7027	-241.163	-12.1032	3.79334
-7097.76	7164.18	17.6277	2332.6	125.085	3.80668
-7098.28	7164.37	17.6277	2332.6	125.085	3.79525
-7098.64	7164.6	18.1518	2167.4	101.861	3.80097
-7098.97	7164.84	14.2695	824.257	127	3.80668
-7099.31	7165.21	17.7293	-1423.9	205.769	3.78572
-7099.72	7165.56	20.6953	-2901.12	205.53	3.77237
-7100.17	7165.83	21.1965	-2515.65	135.858	3.7819
-7100.71	7166.07	12.5189	-1455.02	93.0023	3.78762
-7101.17	7166.3	8.10604	-217.221	86.5379	3.78381
-7101.56	7166.58	11.7931	661.451	42.2452	3.78
-7101.92	7166.87	11.7931	661.451	42.2452	3.78572
-7102.26	7167.21	18.4471	-542.833	115.747	3.75712
-7102.62	7167.6	20.9715	-909.145	50.3855	3.77619
-7103.07	7167.98	20.7602	-1014.49	-16.6522	3.78762
-7103.55	7168.37	20.2994	-959.424	-13.5397	3.80287
-7103.99	7168.72	20.2143	-267.499	10.6417	3.79334
-7104.43	7169.03	20.7081	1322.25	36.978	3.77237
-7104.9	7169.35	20.7081	1322.25	36.978	3.77809
-7105.37	7169.69	20.7458	1645.47	62.5959	3.77428
-7105.77	7170.04	20.7001	1190.57	89.411	3.78762
-7106.08	7170.4	21.2003	86.8425	133.704	3.80287
-7106.42	7170.73	21.594	-561.986	129.634	3.79715
-7106.85	7171.05	21.387	103.602	42.9635	3.80097
-7107.24	7171.34	20.3989	1073.25	-35.3269	3.80287
-7107.57	7171.63	19.6055	1171.42	-73.8736	3.77237
-7107.96	7171.97	19.481	771.584	-69.3246	3.78
-7108.32	7172.37	19.5715	187.399	-38.2	3.79334
-7108.72	7172.8	19.5715	187.399	-38.2	3.80287
-7109.22	7173.23	15.1486	-159.76	-41.7913	3.80478
-7109.71	7173.75	14.6728	-552.409	-44.1855	3.79525
-7110.19	7174.24	17.2978	-799.012	-31.975	3.77809
-7110.73	7174.69	17.9384	-806.195	-29.3414	3.78381
-7111.26	7175.07	17.9038	-358.479	-20.9617	3.80097
-7111.8	7175.36	19.8923	359.781	14.4725	3.80287
-7112.27	7175.56	21.1338	802.709	80.313	3.79334
-7112.66	7175.77	21.8266	163.457	168.659	3.78762
-7113.09	7175.98	21.8367	-954.635	181.348	3.78
-7113.53	7176.21	21.2668	-1325.74	104.494	3.7819
-7113.94	7176.49	20.5655	-1311.37	31.7107	3.77619
-7114.4	7176.81	20.3622	-1426.29	9.68406	3.79143
-7114.93	7177.17	20.3622	-1426.29	9.68406	3.78762
-7115.42	7177.57	20.5607	-1292.22	-0.850421	3.79334
-7115.89	7178.03	20.5011	-1093.5	4.1774	3.8124
-7116.33	7178.42	20.8831	-1364.04	49.9067	3.78
-7116.64	7178.72	20.8831	-1364.04	49.9067	3.78381
-7117	7178.99	21.1556	-923.511	36.978	3.79525
-7117.37	7179.25	20.8246	422.031	1.54378	3.80859
-7117.73	7179.52	20.1956	1360.56	-52.5652	3.80287
-7118.13	7179.81	19.3469	1315.07	-101.167	3.78762
-7118.59	7180.13	19.1937	1118.74	-109.787	3.7819
-7119.05	7180.5	19.1346	869.746	-89.1965	3.78762
-7119.52	7180.94	19.3576	673.422	-82.0139	3.78762
-7119.99	7181.39	19.3906	395.695	-56.1565	3.80287
-7120.4	7181.83	19.6619	-63.9922	-28.8626	3.80478
-7120.79	7182.22	19.7444	-418.334	-10.6666	3.79334
-7121.19	7182.54	20.0669	-588.322	-6.59651	3.77047
-7121.61	7182.78	20.118	-384.815	1.30436	3.77047
-7121.94	7182.99	20.649	429.213	47.7519	3.78
-7122.26	7183.22	20.574	690.181	88.2139	3.80668
-7122.64	7183.47	20.0589	388.512	23.0916	3.79143
-7123.01	7183.77	19.1607	563.289	-67.6487	3.7819
-7123.42	7184.13	19.1607	563.289	-67.6487	3.77619
-7123.93	7184.54	19.2128	340.628	-60.7055	3.78
-7124.45	7184.98	19.3565	17.4106	-62.8602	3.78
-7125.01	7185.49	19.2059	-178.914	-54.2411	3.79525
-7125.67	7185.93	17.7974	-305.807	-40.5942	3.80478
-7126.26	7186.43	18.1449	-380.027	-26.9472	3.80668
-7126.85	7186.93	19.1852	-202.856	-20.7223	3.78572
-7127.5	7187.35	18.279	108.39	-7.31477	3.78762
-7128.11	7187.59	19.3735	424.425	20.458	3.77428
-7128.51	7187.78	21.9841	105.996	228.035	3.78762
-7128.84	7187.98	21.9841	105.996	228.035	3.78381
-7129.16	7188.18	22.4869	-1110.26	268.737	3.79525
-7129.52	7188.4	21.4254	-1227.57	115.268	3.79143
-7129.91	7188.65	19.705	-1074.35	-38.4394	3.78953
-7130.36	7188.94	19.621	-358.479	-31.4962	3.79334
-7130.92	7189.29	19.621	-358.479	-31.4962	3.79334
-7131.6	7189.75	19.7833	-399.18	-26.4684	3.80287
-7132.18	7190.26	14.9655	-590.717	-26.4684	3.8105
-7132.68	7190.79	14.4142	-741.551	-11.3849	3.79334
-7133.28	7191.33	18.5078	-909.145	-6.11766	3.78381
-7133.88	7191.84	20.6799	-1040.83	-11.1455	3.78762
-7134.42	7192.34	20.7831	-992.943	-3.0052	3.79525
-7134.89	7192.75	20.3957	-875.627	30.2742	3.78381
-7135.2	7193.01	20.9039	-878.021	93.7206	3.79525
-7135.48	7193.24	21.792	-188.491	157.406	3.79334
-7135.86	7193.53	21.9511	1228.88	142.562	3.77047
-7136.22	7193.83	20.2882	1839.4	-7.07534	3.77237
-7136.62	7194.14	18.7094	1597.58	-147.136	3.78381
-7137.16	7194.5	18.9313	1343.8	-101.167	3.79525
-7137.66	7194.87	18.9313	1343.8	-101.167	3.79334
-7138.21	7195.31	18.9388	931.996	-52.8046	3.79525
-7138.81	7195.79	13.3793	508.222	-38.2	3.80668
-7139.33	7196.34	19.0894	-312.989	-26.4684	3.80097
-7139.86	7196.96	19.0894	-312.989	-26.4684	3.78381
-7140.48	7197.54	20.3116	-626.63	-22.8771	3.79906
-7141.01	7198.1	20.1424	-1064.77	3.69856	3.8124
-7141.42	7198.51	19.9562	-1804.58	64.7507	3.80287
-7141.87	7198.68	20.7842	-2041.6	110.001	3.79143
-7142.28	7198.79	21.6137	-870.838	171.053	3.78572
-7142.66	7198.93	21.7829	-827.743	178.236	3.78762
-7143.1	7199.06	21.7829	-827.743	178.236	3.78381
-7143.59	7199.28	21.5344	-1648.95	136.337	3.79906
-7144.03	7199.58	21.1103	-1723.17	86.7774	3.80097
-7144.54	7199.91	16.738	-1498.12	32.6684	3.78381
-7145.09	7200.28	11.7053	-1062.37	-1.8081	3.77809
-7145.55	7200.67	10.7448	-569.169	-28.1443	3.78
-7146	7201.03	17.3558	-435.093	-28.1443	3.79143
-7146.48	7201.37	21.0747	-482.978	-5.63882	3.80668
-7146.87	7201.69	20.5984	-502.131	12.5571	3.79525
-7147.21	7201.97	20.6729	-59.2038	9.44465	3.79525
-7147.57	7202.31	20.3904	443.579	2.26204	3.78
-7147.93	7202.67	19.9434	848.199	-51.6075	3.78
-7148.31	7203.07	18.8845	1312.67	-128.701	3.80287
-7148.73	7203.49	18.8845	1312.67	-128.701	3.79334
-7149.19	7203.93	18.8606	1042.13	-117.448	3.79525
-7149.68	7204.35	19.1676	752.431	-83.211	3.80478
-7150.24	7204.8	19.5379	347.81	-35.5663	3.78
-7150.71	7205.26	19.5379	347.81	-35.5663	3.78
-7151.12	7205.7	18.3077	5.43963	-5.15998	3.7819
-7151.5	7206.05	19.1713	-308.201	40.5693	3.7819
-7151.78	7206.32	20.7836	-83.1459	103.776	3.80097
-7152.11	7206.58	21.7824	793.132	143.52	3.79143
-7152.53	7206.9	21.4738	1638.29	116.465	3.80478
-7152.93	7207.19	20.6139	1791.51	19.7397	3.79334
-7153.26	7207.47	18.6392	568.077	-125.109	3.79906
-7153.63	7207.78	18.6392	568.077	-125.109	3.78762
-7153.99	7208.2	19.0101	419.637	-80.5773	3.80478
-7154.35	7208.69	19.2543	345.416	-52.5652	3.79143
-7154.77	7209.19	19.1612	-499.737	-55.6776	3.77809
-7155.24	7209.72	19.1612	-499.737	-55.6776	3.77809
-7155.78	7210.14	19.2362	-911.54	-34.1298	3.7819
-7156.36	7210.39	19.5193	-629.024	-16.8916	3.7819
-7156.89	7210.5	20.177	551.318	42.2452	3.79334
-7157.35	7210.64	18.8419	1243.24	104.734	3.79525
-7157.75	7210.81	16.7135	-466.218	48.2307	3.7819
-7158.12	7211	16.7135	-466.218	48.2307	3.76475
-7158.53	7211.22	18.561	-1059.98	40.0904	3.78
-7159.08	7211.53	20.7512	-1297.01	83.9043	3.79334
-7159.54	7211.87	21.4653	-1557.97	96.5936	3.79715
-7160.06	7212.25	21.0837	-1783.03	80.313	3.80478
-7160.62	7212.67	20.6831	-1895.56	74.3275	3.80668
-7161.14	7212.97	20.5059	-1756.69	67.1449	3.7819
-7161.66	7213.17	21.0672	-1100.68	91.5658	3.79525
-7162.1	7213.36	21.8404	-365.662	139.21	3.78381
-7162.46	7213.55	22.7583	-696.061	193.798	3.79334
-7162.88	7213.74	22.207	-1246.73	147.351	3.79525
-7163.37	7213.99	20.898	-866.05	-8.03303	3.79525
-7163.83	7214.28	19.6816	-90.3285	-88.957	3.78762
-7164.29	7214.57	19.6316	86.8425	-83.6898	3.77619
-7164.8	7214.93	19.8301	34.17	-61.6631	3.7819
-7165.43	7215.34	20.2749	-293.836	-22.6377	3.79334
-7165.97	7215.77	20.2749	-293.836	-22.6377	3.80287
-7166.46	7216.14	20.2643	-511.708	-30.0597	3.79143
-7166.95	7216.48	20.1813	-391.998	-19.0464	3.80097
-7167.28	7216.79	21.2407	-164.549	87.0168	3.79143
-7167.58	7217.09	21.2407	-164.549	87.0168	3.78
-7167.98	7217.43	21.4158	-59.2038	80.313	3.78572
-7168.38	7217.78	20.4654	630.326	-8.75129	3.80287
-7168.81	7218.17	19.7258	1013.4	-81.0562	3.78762
-7169.27	7218.56	19.7433	1039.73	-59.7478	3.78381
-7169.71	7218.98	19.7433	1039.73	-59.7478	3.77619
-7170.14	7219.38	19.878	963.12	-40.1153	3.78381
-7170.64	7219.76	20.0445	1001.43	-23.8348	3.77809
-7171.08	7220.15	20.0983	905.659	0.107257	3.80097
-7171.52	7220.5	20.458	850.593	22.3733	3.80478
-7171.9	7220.82	20.7517	685.393	49.4278	3.79906
-7172.26	7221.11	21.3104	424.425	94.6782	3.78
-7172.61	7221.39	21.3168	393.3	105.452	3.78572
-7172.97	7221.69	20.5522	185.005	6.5716	3.77237
-7173.31	7222.01	18.9824	-406.363	-122.476	3.7819
-7173.68	7222.35	18.2912	-533.256	-166.29	3.80097
-7174.1	7222.7	18.3955	-274.682	-137.08	3.79334
-7174.56	7223.08	18.7972	-123.847	-112.42	3.78762
-7175.06	7223.56	19.0692	-186.097	-70.7611	3.7819
-7175.64	7224.08	19.034	-475.795	-68.1275	3.77619
-7176.14	7224.64	18.8228	-909.145	-79.8591	3.7819
-7176.64	7225.21	18.826	-1026.46	-53.7623	3.78381
-7177.19	7225.82	18.826	-1026.46	-53.7623	3.80097
-7177.77	7226.39	18.9569	-1115.05	-29.5808	3.78572
-7178.28	7226.82	19.307	-1416.72	-1.8081	3.78
-7178.73	7226.94	20.2201	-985.76	81.989	3.77237
-7179.12	7227.06	21.767	161.063	209.6	3.78762
-7179.47	7227.2	21.7388	252.042	260.357	3.78762
-7179.92	7227.4	20.8406	-909.145	219.895	3.78953
-7180.39	7227.63	20.8571	-1964.99	166.983	3.79525
-7180.95	7227.91	15.5583	-2120.61	142.802	3.77237
-7181.48	7228.27	14.501	-1900.34	130.352	3.78381
-7181.99	7228.65	13.6097	-1799.79	93.96	3.78381
-7182.44	7229.04	12.6082	-1567.55	22.8522	3.79143
-7182.91	7229.43	15.8015	-921.116	-36.0452	3.78762
-7183.35	7229.8	15.8015	-921.116	-36.0452	3.80287
-7183.8	7230.22	18.5977	-334.537	-34.8481	3.79906
-7184.26	7230.63	19.911	-145.395	-27.9049	3.78
-7184.66	7230.98	20.6054	-289.047	-19.7646	3.78762
-7185.01	7231.25	20.4479	371.753	0.34668	3.79334
-7185.36	7231.53	20.2701	1372.53	-12.1032	3.80287
-7185.7	7231.81	19.7572	1786.73	-51.6075	3.79334
-7186.03	7232.1	19.3384	1681.38	-94.7031	3.79334
-7186.45	7232.44	18.8185	1449.14	-116.969	3.77809
-7186.87	7232.82	18.9319	1173.81	-117.209	3.78
-7187.32	7233.24	18.9345	948.755	-99.9704	3.78572
-7187.78	7233.7	19.2804	692.576	-67.6487	3.80287
-7188.26	7234.14	19.3639	429.213	-41.7913	3.80859
-7188.65	7234.56	19.5997	249.648	-21.9194	3.80097
-7189.01	7234.93	19.7886	199.37	11.36	3.7819
-7189.36	7235.17	20.3207	194.582	52.0614	3.76475
-7189.73	7235.36	20.4878	1113.96	52.0614	3.79525
-7190.08	7235.54	20.4878	1113.96	52.0614	3.80097
-7190.47	7235.78	19.456	924.813	-41.5519	3.8105
-7190.83	7236.07	19.0245	821.862	-65.2544	3.78381
-7191.22	7236.4	18.8191	965.515	-62.3814	3.78
-7191.65	7236.81	17.3983	790.738	-66.9304	3.78572
-7192.08	7237.27	9.09364	17.4106	-41.3124	3.78953
-7192.59	7237.72	9.09364	17.4106	-41.3124	3.80668
-7193.21	7238.22	13.2298	-315.383	-26.7078	3.78381
-7193.8	7238.66	13.9311	-315.383	-10.9061	3.78762
-7194.39	7238.98	13.2494	3.04542	17.5849	3.78381
-7194.98	7239.21	17.6154	1018.19	59.244	3.77809
-7195.37	7239.41	13.8816	1686.17	106.41	3.78381
-7195.69	7239.61	13.4266	651.874	129.873	3.78381
-7196.05	7239.84	15.2401	-1115.05	147.59	3.80097
-7196.48	7240.03	18.6573	-1771.06	109.762	3.78762
-7196.91	7240.32	19.7971	-1660.92	25.9646	3.76475
-7197.4	7240.6	19.7971	-1660.92	25.9646	3.77619
-7197.89	7240.93	19.9913	-1517.27	16.8667	3.78
-7198.37	7241.32	20.169	-1481.36	19.9791	3.7819
-7198.91	7241.69	20.276	-1526.85	31.7107	3.79525
-7199.36	7242.12	20.4862	-1610.65	28.1194	3.79715
-7199.78	7242.47	20.7384	-1704.02	61.3988	3.77809
-7200.28	7242.77	20.7384	-1704.02	61.3988	3.77237
-7200.69	7243	15.9079	-530.862	65.2295	3.7819
-7201.05	7243.27	16.3006	984.668	35.7809	3.78
-7201.41	7243.54	20.3084	1209.72	-56.1565	3.79143
-7201.75	7243.86	20.3084	1209.72	-56.1565	3.78572
-7202.12	7244.2	19.6492	1066.07	-90.633	3.79906
-7202.58	7244.54	18.8116	1025.37	-107.153	3.77619
-7203.03	7244.91	18.693	941.573	-104.519	3.78953
-7203.45	7245.33	19.1857	319.08	-62.3814	3.80859
-7203.9	7245.79	19.1857	319.08	-62.3814	3.80287
-7204.31	7246.26	19.3097	94.0251	-26.9472	3.79906
-7204.71	7246.6	19.5278	-54.4154	-12.582	3.80287
-7205.12	7246.82	18.3476	204.158	38.1751	3.80097
-7205.46	7247	20.3175	266.408	76.4823	3.78572
-7205.83	7247.21	20.3175	266.408	76.4823	3.78381
-7206.24	7247.49	20.0142	278.379	9.68407	3.79143
-7206.66	7247.75	19.2341	453.155	-26.4684	3.80859
-7207.1	7248.06	19.0575	460.338	-32.4539	3.78953
-7207.58	7248.44	19.0282	256.831	-37.0029	3.78762
-7208.04	7248.85	19.2421	-20.8966	-36.0452	3.80097
-7208.53	7249.28	19.3123	-123.847	-20.004	3.80859
-7209.12	7249.74	19.3123	-123.847	-20.004	3.79525
-7209.67	7250.07	19.3054	12.6222	0.82552	3.79906
-7210.26	7250.27	19.8652	678.21	51.1038	3.79334
-7210.73	7250.45	21.1205	1013.4	119.578	3.77237
-7211.1	7250.68	21.1205	1013.4	119.578	3.78
-7211.51	7250.91	18.3721	-439.882	112.156	3.78
-7211.95	7251.12	19.066	-1495.72	91.8052	3.79143
-7212.45	7251.37	19.8726	-1493.33	24.5281	3.7819
-7212.94	7251.6	20.0328	-1110.26	-24.7924	3.80287
-7213.4	7251.84	19.5816	-720.004	-23.5953	3.80097
-7213.88	7252.09	19.7183	-471.007	8.00813	3.78953
-7214.32	7252.43	19.8726	-521.285	20.6974	3.77809
-7214.75	7252.78	20.1297	-837.319	19.7397	3.77237
-7215.24	7253.19	20.0477	-1107.86	14.7119	3.78953
-7215.66	7253.55	19.9679	-1227.57	26.6829	3.79525
-7216.04	7253.83	19.77	-1347.28	5.61392	3.79525
-7216.39	7254.09	19.9397	295.138	-14.4974	3.7819
-7216.74	7254.38	19.9397	295.138	-14.4974	3.78
-7217.09	7254.72	19.6449	955.938	-28.3837	3.78
-7217.5	7255.08	18.8643	1240.85	-75.0707	3.78762
-7217.92	7255.47	18.2369	896.083	-117.687	3.78
-7218.34	7255.91	18.2369	896.083	-117.687	3.8105
