10900.9	11708.5	0.023845	-114.357	-1.98336	3.81431
10900.9	11708.5	-0.0213845	-83.232	0.171425	3.75331
10900.8	11708.6	-0.0213845	-83.232	0.171425	3.69803
10900.7	11708.7	0.293626	-80.8378	9.98765	3.69041
10900.6	11708.7	1.22269	386.031	9.98765	3.72281
10900.5	11708.8	2.67909	649.394	200.327	3.68469
10900.5	11708.9	2.67909	649.394	200.327	3.68087
10900.4	11709	4.74422	180.13	341.585	3.66563
10900.3	11709.1	5.07413	-97.5973	366.484	3.69994
10900.2	11709.2	5.29389	158.582	351.88	3.68087
10900.1	11709.3	5.63497	237.591	343.021	3.71137
10900	11709.4	6.00373	158.582	345.655	3.68659
10899.9	11709.6	6.21444	149.005	327.459	3.69803
10899.7	11709.7	6.21444	149.005	327.459	3.70184
10899.6	11709.9	6.38685	180.13	310.939	3.67706
10899.4	11710.1	6.66248	189.707	300.883	3.73044
10899.3	11710.2	7.50428	242.379	298.968	3.69994
10899.2	11710.4	7.50428	242.379	298.968	3.6885
10899.1	11710.6	8.55574	572.779	330.571	3.68469
10899	11710.8	9.01442	642.211	340.388	3.69422
10898.8	11711	9.35604	1025.28	333.205	3.71137
10898.7	11711.1	9.71042	1303.01	333.205	3.69612
10898.5	11711.3	10.0877	1379.63	312.615	3.67134
10898.3	11711.5	10.4772	1037.25	296.574	3.71328
10898.1	11711.8	10.4772	1037.25	296.574	3.69041
10897.9	11712.1	10.7539	383.637	292.982	3.69994
10897.8	11712.3	10.9731	-806.281	266.407	3.68087
10897.6	11712.5	10.9731	-806.281	266.407	3.69803
10897.4	11712.9	11.013	-1378.5	229.775	3.71519
10897	11713.3	10.9811	-1620.31	195.538	3.69041
10896.7	11713.8	11.045	-1706.5	162.019	3.70947
10896.4	11714.3	11.1849	-1866.91	153.161	3.69422
10896	11714.7	11.1849	-1866.91	153.161	3.67897
10895.7	11714.9	13.0111	-152.664	304.474	3.70375
10895.5	11715	14.6814	1417.93	409.341	3.69612
10895.3	11715.2	15.8659	1628.62	461.055	3.70375
10895.1	11715.6	15.884	1046.83	429.691	3.70375
10894.8	11715.9	15.2811	625.452	350.204	3.69422
10894.5	11716.2	14.8081	611.087	274.068	3.69422
10894.1	11716.5	14.8081	611.087	274.068	3.69612
10893.7	11716.8	15.1699	709.249	232.648	3.69994
10893.5	11717	15.6999	596.721	218.523	3.70375
10893.2	11717.3	16.1022	-382.507	202.003	3.69041
10892.9	11717.7	16.1022	-382.507	202.003	3.70375
10892.6	11718.3	16.0372	-2343.36	183.088	3.69994
10892.1	11718.9	16.0372	-2343.36	183.088	3.70375
10891.7	11719.4	10.2819	-2259.56	152.682	3.71519
10891.4	11719.9	12.1991	-1878.88	151.964	3.72662
10891	11720.4	16.5986	-1146.26	221.396	3.69994
10890.8	11720.8	16.5986	-1146.26	221.396	3.719
10890.6	11721.3	19.2773	-76.0494	314.53	3.69041
10890.3	11721.8	19.2773	-76.0494	314.53	3.71137
10890	11722.3	18.5121	43.6606	270.477	3.6885
10889.6	11722.7	18.5834	488.982	245.098	3.69422
10889.1	11723	19.1001	1214.43	255.393	3.68087
10888.6	11723.3	19.7535	1683.69	270.716	3.69612
10888.2	11723.5	20.2739	1578.34	273.11	3.69994
10887.9	11723.8	20.2739	1578.34	273.11	3.70756
10887.5	11724.2	18.842	-928.385	206.312	3.70375
10887.1	11724.8	11.3435	-1768.75	178.3	3.70947
10886.6	11725.3	12.9946	-2003.38	154.358	3.70375
10886.1	11725.9	16.7811	-1917.19	118.924	3.70947
10885.6	11726.3	13.9572	-1558.06	142.387	3.71709
10885.2	11726.6	9.96637	-430.391	255.154	3.69994
10884.8	11726.8	8.95003	749.95	332.965	3.69612
10884.5	11727.2	15.1433	706.854	339.19	3.69803
10884.2	11727.6	21.0998	115.487	273.829	3.69803
10883.7	11728.1	21.1147	34.0839	191.947	3.70184
10883.2	11728.6	11.9112	-9.01178	144.542	3.70566
10882.7	11729.1	11.9112	-9.01178	144.542	3.69803
10882	11729.5	17.5288	333.359	150.048	3.71137
10881.4	11729.9	23.7279	991.765	182.849	3.69994
10881	11730.2	25.7116	1022.89	205.115	3.71709
10880.7	11730.5	25.7116	1022.89	205.115	3.69994
10880.2	11730.9	23.7561	-1732.84	224.029	3.719
10879.8	11731.3	22.7589	-2058.45	158.428	3.70756
10879.2	11731.8	22.2917	-1584.4	88.5175	3.70756
10878.5	11732.3	13.2772	-1313.85	52.8439	3.70756
10877.8	11732.9	14.1397	-1385.68	55.7169	3.719
10877.2	11733.4	14.1397	-1385.68	55.7169	3.719
10876.6	11733.9	20.8161	-384.901	129.458	3.69231
10876.2	11734.2	23.3192	472.223	230.494	3.70375
10875.9	11734.6	23.3192	472.223	230.494	3.71709
10875.4	11735	26.497	26.9012	310.46	3.71519
10874.8	11735.6	25.2167	390.82	201.284	3.69041
10874.2	11736	23.6587	886.42	105.756	3.72662
10873.5	11736.6	23.0484	869.66	87.3204	3.69041
10872.8	11737	24.4792	1130.63	147.894	3.73997
10872	11737.5	25.6381	2002.12	187.159	3.69803
10871.4	11737.9	26.158	2164.92	130.177	3.71137
10871	11738.3	26.7391	1279.07	98.0943	3.719
10870.6	11738.7	27.2276	-720.09	162.977	3.71709
10870.1	11739	26.9706	-2417.58	208.228	3.70756
10869.5	11739.5	26.9706	-2417.58	208.228	3.6885
10868.8	11740.1	25.8004	-2305.05	98.3337	3.69994
10868.1	11740.8	19.5247	-2099.15	53.8015	3.71328
10867.3	11741.4	19.5247	-2099.15	53.8015	3.70756
10866.5	11742.1	17.8427	-2175.76	61.9418	3.73044
10865.9	11742.5	19.2725	-1613.13	108.629	3.71519
10865.4	11743	25.3764	-334.623	209.185	3.719
10865	11743.4	29.7093	132.246	325.304	3.719
10864.6	11743.9	29.7572	43.6606	302.559	3.69994
10864	11744.4	27.8134	228.014	189.313	3.69612
10863.3	11745	25.8888	828.959	72.2369	3.70375
10862.6	11745.6	25.8888	828.959	72.2369	3.71519
10861.8	11746.2	24.2291	728.402	59.787	3.69041
10860.9	11746.8	24.2291	728.402	59.787	3.69041
10860.1	11747.1	29.0133	1894.38	185.483	3.69041
10859.6	11747.4	26.3629	2416.31	139.514	3.69041
10859.1	11747.8	28.0103	1259.92	109.586	3.70184
10858.7	11748.2	29.3608	-1177.38	186.201	3.70375
10858.1	11748.8	21.5909	-2501.38	204.636	3.719
10858.1	11748.8	21.5909	-2501.38	204.636	3.69803
10856.6	11750.3	12.8525	-2431.94	78.4618	3.71328
10855.8	11750.9	12.8525	-2431.94	78.4618	3.6885
10854.9	11751.4	12.056	-1692.14	164.893	3.69041
10854	11751.7	12.8935	287.869	291.067	3.72281
10853.3	11752.1	11.6021	2397.16	304.714	3.68659
10852.8	11752.5	11.6021	2397.16	304.714	3.69231
10852.4	11753.1	10.6767	599.115	206.791	3.68469
10851.9	11753.6	9.8227	-131.116	187.398	3.69041
10851.2	11754	11.5324	292.658	147.415	3.70375
10850.4	11754.3	13.7768	783.469	117.008	3.68469
10849.6	11754.7	17.5761	766.71	50.6891	3.69231
10848.8	11755.1	22.3119	867.266	2.32621	3.71328
10848	11755.7	27.7208	678.124	-32.8686	3.72091
10847.3	11756.3	27.7208	678.124	-32.8686	3.71519
10846.7	11757.1	23.2335	-1239.63	-18.7428	3.71519
10846.1	11757.7	16.5406	-3030.49	65.0543	3.69231
10845.4	11758.6	19.3943	-4196.47	73.9128	3.719
10844.6	11759.5	27.55	-4095.91	23.1558	3.70375
10843.7	11760.5	31.4254	-3779.88	-27.1225	3.69994
10842.9	11761.4	30.78	-3720.02	-36.9387	3.73425
10842	11762.3	24.3441	-2817.41	45.6613	3.72853
10841.2	11762.8	16.6274	-597.985	227.381	3.71137
10840.6	11763.3	21.3951	1403.57	348.528	3.69422
10840.2	11763.6	21.3951	1403.57	348.528	3.69422
10839.6	11764.1	33.7571	1087.53	337.514	3.72281
10839	11764.6	26.8141	548.837	204.157	3.70566
10838.1	11765.1	27.0594	852.901	102.883	3.70184
10837.3	11765.5	29.0543	970.217	72.4763	3.72662
10836.3	11766	27.6926	989.37	59.0688	3.69994
10836.3	11766	27.6926	989.37	59.0688	3.71709
10834.8	11767	25.9846	134.64	-40.7694	3.70756
10834	11767.8	11.7819	-1124.71	-65.6691	3.72472
10833.4	11768.6	-4.35225	-3538.06	71.758	3.71137
10832.7	11769.5	-6.2902	-3727.21	52.8438	3.72662
10831.8	11770.3	1.32486	-3976.2	46.1401	3.71519
10830.9	11771.1	11.4291	-3564.4	42.7882	3.73425
10830	11771.7	11.4291	-3564.4	42.7882	3.69041
10829.3	11772	23.0686	139.429	334.641	3.70947
10828.7	11772.4	20.8151	1733.97	335.599	3.72662
10828.1	11772.8	23.2894	1410.75	218.044	3.72472
10827.5	11773.3	23.2894	1410.75	218.044	3.70375
10826.8	11773.9	32.5173	417.156	47.3372	3.71137
10826	11774.4	31.824	517.713	13.8184	3.70184
10825.1	11774.9	27.9374	828.959	70.3215	3.69612
10824.1	11775.3	27.9374	828.959	70.3215	3.719
10823.2	11775.6	32.0272	1420.33	90.6722	3.72091
10822.4	11776	29.6934	1173.72	42.5488	3.69994
10821.6	11776.5	20.5916	333.359	-8.92654	3.69231
10821.1	11777.2	21.1035	-1376.1	29.8595	3.71328
10820.4	11778	27.3441	-2920.36	77.0253	3.71519
10819.6	11778.7	33.4203	-3473.42	54.7592	3.71519
10818.7	11779.5	33.4927	-2769.53	-32.8686	3.73044
10817.8	11780.3	30.9587	-2269.14	-39.3329	3.71709
10816.8	11780.8	26.5933	-1438.35	117.487	3.70947
10815.8	11781.3	25.6823	656.576	280.532	3.70184
10814.9	11781.7	23.5826	2224.78	259.224	3.70375
10814.3	11782.1	23.8987	2423.5	122.036	3.72281
10813.6	11782.6	24.8671	972.611	99.052	3.70756
10813	11783.2	27.4867	-736.849	119.163	3.70184
10812.2	11783.7	28.4791	-681.782	94.0241	3.72091
10811.4	11784.1	27.5197	357.301	120.36	3.72091
10810.6	11784.4	28.5419	639.817	126.585	3.72662
10809.7	11784.8	32.1874	364.484	64.5755	3.69612
10808.7	11785.2	23.2671	323.782	14.0578	3.72281
10807.7	11785.7	23.2671	323.782	14.0578	3.70375
10806.6	11786.4	6.69334	2.95923	4.48099	3.719
10805.7	11787.1	6.69334	2.95923	4.48099	3.7514
10805.1	11787.9	15.4689	-1926.77	-6.0535	3.70375
10804.6	11788.7	18.1625	-3664.96	-0.30741	3.69041
10803.8	11789.5	18.8835	-4095.91	4.95984	3.72281
10803.1	11790.1	18.8835	-4095.91	4.95984	3.69612
10802.4	11790.6	34.4122	-200.548	168.963	3.72281
10801.5	11791.1	33.4453	1429.9	164.414	3.73044
10800.5	11791.6	33.539	1860.86	108.389	3.72281
10799.6	11792.2	34.476	1803.4	39.4363	3.72281
10798.8	11792.8	34.4568	1317.38	33.4508	3.72472
10798.1	11793.6	34.4568	1317.38	33.4508	3.719
10797.5	11794.3	34.6255	-526.159	7.59345	3.69422
10796.7	11794.9	34.6255	-526.159	7.59345	3.69041
10796	11795.3	33.1346	-1074.43	100.249	3.71709
10795.2	11795.7	26.3177	1195.27	191.708	3.70375
10794.3	11796.1	31.5063	948.669	6.63577	3.71137
10793.6	11796.6	31.5063	948.669	6.63577	3.72853
10793	11797.2	34.6255	77.1795	-101.582	3.69994
10792.3	11797.9	34.6154	-1038.52	-81.4709	3.71137
10791.4	11798.6	30.4713	-2221.25	-62.3172	3.71328
10790.5	11799.4	30.4713	-2221.25	-62.3172	3.69994
10789.7	11800.3	25.7068	-2896.42	-90.09	3.71519
10788.7	11801.2	25.7068	-2896.42	-90.09	3.73425
10787.6	11802.2	22.7004	-3293.86	-36.4599	3.70756
10786.7	11803	22.7004	-3293.86	-36.4599	3.71519
10786	11803.4	32.2938	-775.156	213.495	3.71137
10785.4	11803.7	34.6255	520.107	389.469	3.69422
10784.7	11804.1	34.6255	520.107	389.469	3.71137
10783.9	11804.4	30.7964	290.263	28.9018	3.72662
10783.1	11804.8	30.7964	290.263	28.9018	3.72662
10782.2	11805.4	30.9236	1018.1	-154.973	3.70756
10781.1	11806.1	30.9236	1018.1	-154.973	3.71519
10780	11806.9	33.9258	-346.594	-105.173	3.72091
10778.9	11807.6	33.9258	-346.594	-105.173	3.719
10777.7	11808.5	27.06	-971.481	-91.0477	3.73234
10776.6	11809.5	17.2228	-1127.1	-89.8506	3.70375
10775.6	11810.5	13.9583	-1598.76	-104.455	3.72853
10774.9	11811.6	16.5231	-2443.92	-131.51	3.71709
10774.2	11812.6	15.0342	-3892.41	-2.94104	3.70184
10773.5	11813.3	15.0342	-3892.41	-2.94104	3.69231
10772.9	11813.7	22.4002	-435.18	423.706	3.70184
10772	11814.1	22.4002	-435.18	423.706	3.70947
10771.2	11814.6	25.5504	3199.22	205.833	3.70184
10770.6	11815.1	25.5504	3199.22	205.833	3.69803
10769.9	11815.8	20.4261	1540.04	30.3384	3.68469
10769.1	11816.5	20.6528	309.417	33.2114	3.70947
10768.3	11817	21.3227	58.0259	87.5598	3.69041
10767.5	11817.4	22.7493	450.675	185.243	3.69612
10766.8	11817.7	24.1025	156.188	140.95	3.69803
10766.1	11818	27.0616	-571.649	0.650266	3.69231
10765.3	11818.5	29.6247	-1208.51	-50.1068	3.69612
10764.5	11819.1	29.6247	-1208.51	-50.1068	3.69994
10763.7	11819.7	26.5906	-1857.34	-70.4575	3.72472
10762.7	11820.4	22.6429	-2000.99	-70.4575	3.72091
10761.6	11821.2	25.5104	-2290.69	-68.7816	3.73234
10760.7	11822.1	25.5104	-2290.69	-68.7816	3.69994
10759.9	11823.1	30.8337	-3131.05	-90.5688	3.69803
10759.1	11823.8	30.8337	-3131.05	-90.5688	3.69612
10758.4	11824.5	18.924	-3473.42	105.995	3.719
10757.8	11825	19.4039	-1998.59	264.491	3.69994
10757	11825.5	22.4668	491.376	259.224	3.69422
10756.1	11826	23.8066	1221.61	93.7847	3.70947
10755.3	11826.5	21.0104	1054.01	-5.81408	3.69231
10754.7	11827.2	21.0104	1054.01	-5.81408	3.69612
10753.9	11828	20.6134	-162.241	-37.8964	3.69612
10753.1	11828.8	20.6134	-162.241	-37.8964	3.71137
10752.4	11829.7	19.2895	-1024.15	-36.9387	3.70375
10751.7	11830.4	19.2895	-1024.15	-36.9387	3.69041
10750.9	11830.9	15.0406	-20.9828	86.3627	3.69612
10750.1	11831.3	15.0406	-20.9828	86.3627	3.69231
10749.3	11831.6	15.9585	1305.41	129.458	3.71137
10748.7	11832	19.3981	405.185	25.55	3.71137
10748	11832.5	19.7418	24.507	-34.5445	3.70184
10747.1	11833	20.2212	228.014	-128.158	3.69041
10746.2	11833.7	20.4516	460.252	-171.014	3.70375
10745.3	11834.5	16.3794	249.562	-173.408	3.6885
10744.2	11835.3	16.3794	249.562	-173.408	3.70756
10743	11836.1	13.5448	-820.646	-147.79	3.71328
10741.9	11837.1	13.5001	-1313.85	-105.173	3.73234
10740.5	11838.1	13.1223	-1773.54	-92.7236	3.72662
10739.5	11839.1	13.1223	-1773.54	-92.7236	3.72853
10738.5	11839.8	12.9026	-1924.37	-99.6668	3.71519
10737.8	11840.2	12.6189	-624.322	25.0711	3.69231
10737.1	11840.4	14.1286	189.707	427.297	3.69612
10736.3	11840.8	14.5558	-1857.34	372.949	3.69041
10735.6	11841.2	21.1482	-1687.35	167.287	3.71328
10734.7	11841.6	19.0251	-214.913	-34.5445	3.69612
10733.7	11842.2	12.3944	450.675	-131.749	3.72472
10732.7	11842.9	8.46634	115.487	-101.103	3.71709
10731.5	11843.5	13.3671	-463.91	-101.103	3.72662
10730.3	11844.4	19.6987	-607.562	-99.1879	3.72853
10729.2	11845.2	18.7441	-1086.4	-77.6401	3.70947
10728.1	11846.2	15.4258	-1644.25	-95.1178	3.72853
10727.4	11847.2	19.7147	-2496.59	-103.737	3.70947
10726.9	11848.3	25.2955	-4105.49	-74.5277	3.73044
10726.2	11849.4	28.0662	-5575.53	-9.40537	3.719
10725.5	11850.5	28.0662	-5575.53	-9.40537	3.74187
10724.6	11851.2	21.6579	-2235.62	262.336	3.69994
10723.7	11851.6	21.6579	-2235.62	262.336	3.73044
10722.8	11852	31.6994	3005.29	432.564	3.66563
10721.9	11852.5	29.8791	3431.46	248.69	3.72472
10721.1	11853	24.293	3474.55	128.022	3.70375
10720.5	11853.7	24.293	3474.55	128.022	3.72091
10719.8	11854.4	30.491	769.104	60.0265	3.72662
10719	11855.2	30.491	769.104	60.0265	3.71519
10718.1	11855.9	30.3771	-787.127	70.0821	3.69231
10717.3	11856.6	30.3771	-787.127	70.0821	3.73044
10716.4	11857	27.6974	1585.53	288.194	3.6885
10715.3	11857.3	26.7923	1470.6	266.646	3.69612
10714.6	11857.6	23.7029	747.556	99.052	3.69422
10713.9	11858	25.5993	-281.951	23.874	3.70756
10713.2	11858.6	18.0587	-2125.49	88.5175	3.719
10712.3	11859.2	13.3884	-2762.34	65.0543	3.72662
10711.3	11860	13.3884	-2762.34	65.0543	3.73806
10710.3	11860.8	16.7141	-2621.09	-72.6123	3.71328
10709.3	11861.6	16.7141	-2621.09	-72.6123	3.72472
10708.2	11862.5	21.0306	-2884.45	-73.0911	3.72662
10707.1	11863.4	21.0306	-2884.45	-73.0911	3.719
10705.8	11864	25.4157	-1127.1	159.625	3.71519
10704.9	11864.5	25.4157	-1127.1	159.625	3.70375
10704.2	11864.9	29.8131	1360.47	217.326	3.68469
10703.7	11865.4	34.5117	184.919	189.792	3.70375
10703	11866	34.5872	-313.075	139.993	3.71137
10702.3	11866.7	29.0314	259.139	21.4798	3.71519
10701.5	11867.4	26.5321	1022.89	-54.8952	3.71709
10700.7	11868.2	18.5206	43.6607	-84.8227	3.71137
10699.6	11868.8	14.1009	223.226	53.8015	3.72662
10698.5	11869.2	16.9817	-13.8002	77.5041	3.72281
10697.6	11869.5	18.7281	1336.53	189.553	3.70947
10696.4	11869.9	18.7281	1336.53	189.553	3.69231
10695.2	11870.3	22.8579	1511.31	66.7302	3.70947
10693.9	11870.9	22.4444	1355.68	82.2925	3.70184
10693.1	11871.5	14.8884	737.979	20.5221	3.69612
10692.3	11872.2	13.5443	-715.301	34.1691	3.71137
10691.5	11873	15.7797	-4270.69	248.929	3.68087
10690.8	11873.9	15.8441	-4965.01	179.497	3.69994
10689.8	11874.8	17.583	-3777.49	-32.1503	3.71709
10688.9	11875.7	16.7359	-4004.93	-54.8952	3.69231
10687.9	11876.5	16.2953	-3909.17	-34.3051	3.70375
10686.7	11876.9	14.1509	-2204.49	57.6323	3.69422
10685.5	11877.2	12.2018	1355.68	163.217	3.6885
10684.5	11877.6	13.0005	2430.68	270.716	3.71519
10683.6	11878.1	15.3668	2770.66	129.458	3.719
10683	11878.7	13.9444	364.484	175.188	3.69612
10682.4	11879.4	11.1211	-2063.24	174.709	3.70184
10681.6	11880.1	11.5542	-2156.61	59.5476	3.70375
10680.6	11880.9	9.10062	-1929.16	21.001	3.719
10679.6	11881.8	8.82392	-2470.25	31.0566	3.70375
10678.7	11882.6	8.82392	-2470.25	31.0566	3.71709
10677.7	11883.1	11.3701	-1993.81	39.9152	3.71328
10676.5	11883.5	11.3701	-1993.81	39.9152	3.70184
10675.4	11883.9	17.7666	1473	205.115	3.70375
10674.3	11884.3	24.4872	1911.14	195.778	3.69803
10673.5	11884.9	24.4872	1911.14	195.778	3.69422
10672.8	11885.5	17.0775	-1900.43	220.677	3.71519
10672	11886.3	12.7243	-2829.38	109.108	3.71137
10671.3	11887	17.8592	-2867.69	0.41084	3.72281
10670.4	11887.6	22.7951	-2522.92	31.0566	3.719
10669.5	11888.2	25.7781	-1692.14	49.492	3.70947
10668.2	11888.7	26.7497	-463.91	52.1256	3.71137
10667.1	11889.3	22.9031	405.185	43.7459	3.69803
10666.1	11889.9	22.9031	405.185	43.7459	3.69994
10665.1	11890.7	16.762	177.736	4.72041	3.69994
10664.5	11891.6	20.7385	-1328.22	68.6456	3.71709
10663.9	11892.4	24.4638	-2977.82	109.108	3.70947
10663.2	11893.1	23.6081	-3020.92	32.972	3.719
10662.4	11893.7	28.179	-1921.98	7.35403	3.71709
10661.5	11894.3	32.0948	-78.4436	94.0241	3.70947
10660.4	11894.8	33.1968	984.582	139.514	3.71519
10659.6	11895.2	33.3894	606.298	63.8572	3.71137
10658.7	11895.8	26.447	350.118	24.8317	3.71519
10657.9	11896.5	24.318	-183.788	13.1001	3.71709
10657.1	11897.3	24.318	-183.788	13.1001	3.70184
10656.3	11898.2	14.5191	-2882.05	-20.1793	3.70756
10655.5	11899.1	14.5191	-2882.05	-20.1793	3.69041
10654.5	11900	19.6721	-3245.97	-80.0343	3.69041
10653.5	11901.1	19.6721	-3245.97	-80.0343	3.69612
10652.4	11902.2	20.2968	-3856.49	-86.4987	3.73234
10651.3	11903.1	25.0262	-3562.01	-61.8384	3.719
10650.3	11903.6	28.85	-1943.53	43.0276	3.69231
10649.5	11904	28.85	-1943.53	43.0276	3.70947
10648.8	11904.4	29.2948	1824.95	363.851	3.69041
10648.1	11904.9	29.2948	1824.95	363.851	3.69041
10647.4	11905.4	27.8209	326.176	-55.6135	3.72091
10646.5	11906	27.8209	326.176	-55.6135	3.70947
10645.6	11906.8	25.164	-473.487	-77.6401	3.72662
10644.6	11907.6	25.164	-473.487	-77.6401	3.72091
10643.5	11908.5	19.4752	-1289.91	-95.1178	3.719
10642.2	11909.4	23.3006	-1605.94	-104.216	3.73425
10641.1	11910.4	23.3006	-1605.94	-104.216	3.73044
10639.8	11911.2	34.6255	-1910.01	-45.5578	3.70375
10638.4	11911.8	34.6255	-387.296	46.8584	3.71709
10637.2	11912.3	29.7801	2054.79	130.655	3.69612
10636.2	11912.9	26.3858	3543.98	169.441	3.69041
10635.7	11913.6	25.4849	955.852	259.224	3.70184
10635.1	11914.2	20.4974	-2350.54	302.08	3.67706
10634.5	11914.6	15.8036	-1670.59	190.989	3.70375
10633.7	11915.1	14.6942	228.014	130.895	3.69041
10632.8	11915.6	16.1399	182.524	77.5041	3.70184
10632	11916.1	26.7737	-569.255	10.9453	3.72281
10630.9	11916.8	26.7737	-569.255	10.9453	3.719
10629.7	11917.5	28.0321	-988.24	-32.3897	3.73425
10628.8	11918.3	23.9285	-1462.29	-35.7416	3.719
10628.1	11919.2	28.8675	-2788.68	26.0288	3.71519
10627.3	11920.1	28.8675	-2788.68	26.0288	3.71519
10626.6	11921.1	31.4855	-5225.98	23.1558	3.7495
10625.8	11922.3	23.6198	-5012.89	-46.5155	3.70947
10624.7	11923.4	19.8376	-4845.3	-81.9497	3.72472
10623.6	11924.3	17.2989	-4854.88	-64.7114	3.70375
10622.7	11924.7	18.8739	-2568.41	117.966	3.70375
10621.6	11925	20.814	1595.1	299.686	3.719
10620.9	11925.4	24.4249	3316.53	277.42	3.71137
10620.2	11925.9	24.4249	3316.53	277.42	3.71519
10619.5	11926.5	25.3769	-159.846	111.741	3.719
10618.6	11927.1	20.0957	-404.055	-22.3341	3.719
10617.7	11927.8	14.9959	-1069.64	-1.26509	3.72091
10616.7	11928.4	17.284	-1333.01	60.0265	3.71137
10615.6	11928.9	21.8931	-595.591	98.3337	3.73234
10614.5	11929.4	27.285	122.669	106.474	3.69612
10613.4	11929.8	33.689	273.504	88.0386	3.69041
10612.1	11930.4	34.6255	220.832	53.0833	3.69612
10610.8	11931	32.7834	-116.751	59.5476	3.70375
10609.7	11931.7	19.6891	-602.774	47.816	3.72281
10608.7	11932.6	10.0786	-856.559	10.9453	3.71709
10608	11933.4	12.1071	-2455.89	84.2079	3.72281
10607.4	11934.1	17.3292	-4026.48	119.163	3.72091
10606.6	11934.7	17.3292	-4026.48	119.163	3.71137
10605.7	11935.3	21.6558	84.3621	17.8885	3.69041
10604.7	11936	21.6558	84.3621	17.8885	3.719
10603.8	11936.6	20.5373	436.31	-2.4622	3.70375
10602.8	11937.3	20.4628	72.3911	-2.4622	3.71709
10601.7	11938.2	18.37	-76.0494	-1.02568	3.72662
10600.5	11939.1	18.37	-76.0494	-1.02568	3.71137
10599.6	11939.9	23.2862	-873.319	-3.18046	3.73806
10598.8	11940.4	28.3647	-1119.92	106.235	3.6885
10598	11940.9	22.6876	-1107.95	276.462	3.70375
10597.3	11941.2	24.6889	-835.011	211.34	3.6885
10596.5	11941.8	30.1244	-806.281	-39.5723	3.72281
10595.6	11942.3	30.1244	-806.281	-39.5723	3.72853
10594.7	11942.9	28.0811	-770.368	-160.48	3.71709
10593.6	11943.7	19.0804	-1785.51	-144.678	3.71709
10592.4	11944.5	20.8108	-1981.83	-137.016	3.72662
10591.1	11945.5	20.8843	-2082.39	-116.905	3.71519
10590.2	11946.2	16.6055	-2891.63	-11.0813	3.71519
10589.4	11947.2	14.7708	-3078.38	-29.7561	3.71519
10588.7	11948.3	13.598	-4735.17	8.07229	3.72662
10588	11949.4	13.598	-4735.17	8.07229	3.71709
10587.1	11950.6	19.0251	-5668.9	-98.7091	3.70375
10586.1	11951.7	29.7152	-5020.08	-99.9062	3.69041
10585.2	11952.5	23.2718	-3691.29	-7.72943	3.71137
10584.3	11952.9	23.2718	-3691.29	-7.72943	3.69422
10583.3	11953.2	22.1805	-241.249	160.104	3.71137
10582.6	11953.7	20.9439	3515.25	293.94	3.719
10582	11954.3	17.8374	2993.32	186.201	3.6885
10581.2	11954.9	17.8374	2993.32	186.201	3.719
10580.5	11955.6	23.8769	565.597	83.2502	3.71709
10580.5	11955.6	23.8769	565.597	83.2502	3.70756
10578.7	11957.2	31.5377	-605.168	85.405	3.71709
10577.7	11957.9	25.9856	-1179.78	112.22	3.70947
10576.7	11958.3	25.9856	-1179.78	112.22	3.71519
10575.7	11958.7	12.4998	1449.06	211.819	3.70375
10574.6	11959.1	13.175	1176.12	135.683	3.719
10573.7	11959.6	13.175	1176.12	135.683	3.69041
10573	11960.3	14.3451	-2992.19	169.441	3.72662
10572.2	11961.1	14.3451	-2992.19	169.441	3.69041
10571.3	11961.8	18.4456	-3478.21	69.6033	3.69994
10570.3	11962.7	13.7742	-1890.85	-113.074	3.70375
10569.3	11963.6	17.135	-2659.39	-93.2024	3.71137
10568.1	11964.5	17.135	-2659.39	-93.2024	3.73806
10566.8	11965.2	22.0661	-3174.15	-56.0923	3.71519
10565.6	11965.6	21.966	-993.029	127.064	3.73615
10564.2	11966	21.966	-993.029	127.064	3.71137
10563	11966.5	23.1633	2682.07	134.486	3.72281
10562	11967	21.9559	2157.74	117.487	3.69041
10561.3	11967.6	22.4008	-11.406	128.022	3.70184
10561.3	11967.6	22.4008	-11.406	128.022	3.69612
10559.9	11969	27.1403	-3459.06	123.233	3.72091
10559.2	11969.8	31.5547	-2635.45	70.0821	3.72472
10558.3	11970.5	26.2985	-2252.38	67.2091	3.70947
10557.5	11971.1	20.1318	-1570.03	98.5731	3.71709
10556.5	11971.7	20.1318	-1570.03	98.5731	3.69994
10555.3	11972.4	34.6255	496.165	56.6746	3.71137
10554.1	11973.2	34.6255	273.504	30.0989	3.719
10553	11974	34.6255	-157.452	29.6201	3.68659
10552.2	11974.8	34.6255	-157.452	29.6201	3.69612
10551.6	11975.6	34.6255	-2594.75	81.3349	3.719
10550.8	11976.2	24.3728	-3303.43	216.847	3.719
10550	11976.7	18.022	-1016.97	200.806	3.69041
10549.2	11977	18.022	-1016.97	200.806	3.71137
10548.3	11977.5	28.5946	366.878	-111.877	3.72091
10547.5	11978.1	28.5946	366.878	-111.877	3.71519
10546.8	11979	14.5207	-1416.8	-153.297	3.73997
10545.9	11979.7	10.5522	-1819.03	-160.958	3.70375
10545	11980.5	11.8735	-2161.4	-147.311	3.70375
10544.2	11981.4	15.7754	-2601.93	-129.115	3.72853
10543.2	11982.4	15.7754	-2601.93	-129.115	3.69612
10542.1	11983.5	19.2853	-3365.68	-119.778	3.70184
10541.1	11984.6	14.9347	-3851.71	-96.5543	3.719
10540.3	11985.8	12.9207	-4416.74	-63.5144	3.71709
10539.3	11987	18.3535	-5151.76	-51.3039	3.70375
10538.6	11988.3	20.864	-5735.94	-64.2326	3.71137
10537.8	11989.3	18.7782	-5304.99	-7.25061	3.719
10536.8	11989.8	16.6928	-2487.01	167.287	3.69994
10536	11990.1	7.84537	1999.72	334.402	3.69612
10535.2	11990.5	7.84537	1999.72	334.402	3.70756
10534.5	11991.1	13.175	3024.44	88.2781	3.69231
10533.7	11991.6	13.175	3024.44	88.2781	3.71709
10532.9	11992.3	17.6644	1757.91	-143.241	3.72281
10531.9	11992.9	17.6644	1757.91	-143.241	3.73425
10531	11993.7	21.2621	426.733	-114.032	3.73425
10529.8	11994.5	27.5091	-272.374	-95.3572	3.70947
10528.7	11995.4	34.6255	-700.936	-67.8239	3.70756
10527.5	11995.8	32.5285	58.0259	68.885	3.72853
10526.3	11996.1	28.8505	1686.08	206.312	3.70566
10525.5	11996.4	24.7133	1619.05	189.074	3.71709
10524.7	11996.8	25.8701	-789.522	182.37	3.719
10523.9	11997.2	25.8701	-789.522	182.37	3.71709
10522.9	11997.9	34.6255	-3502.15	118.924	3.71519
10522	11998.5	29.9483	-3090.35	12.1424	3.71709
10521	11999.2	20.3261	-2510.95	2.56562	3.73425
10519.9	11999.7	18.2817	-2283.5	19.0856	3.70756
10518.9	12000.1	22.147	-1388.07	57.8717	3.71519
10518.1	12000.6	26.7891	-253.22	66.9697	3.71328
10517.5	12001.2	27.6549	-669.811	54.9986	3.70947
10516.6	12001.8	27.6549	-669.811	54.9986	3.72662
10515.9	12002.5	22.578	-861.348	-120.257	3.70375
10515	12003.2	22.3082	-497.429	-164.31	3.69041
10514	12004.1	21.0194	-1038.52	-140.847	3.72091
10513.1	12005	20.3362	-1622.7	-111.638	3.71519
10512	12005.8	20.3362	-1622.7	-111.638	3.72281
10510.8	12006.6	16.3576	-1747.2	-47.952	3.71328
10509.6	12007.2	17.9981	-578.832	61.7024	3.71137
10508.4	12007.7	17.9981	-578.832	61.7024	3.69041
10507.4	12008.2	22.6317	3005.29	150.527	3.72853
10506.7	12008.7	22.6317	3005.29	150.527	3.70375
10506.1	12009.3	9.21396	-796.704	133.289	3.71328
10505.3	12010	15.5392	-1977.05	103.362	3.70756
10504.4	12010.6	19.7982	-1632.28	100.488	3.719
10503.6	12011	19.7982	-1632.28	100.488	3.69041
10502.7	12011.5	22.5439	-930.779	151.485	3.69422
10501.7	12011.9	29.1719	-597.985	100.967	3.72091
10500.6	12012.4	33.7273	-365.748	51.4073	3.69803
10499.5	12013.1	33.7273	-365.748	51.4073	3.69041
10498.7	12013.9	15.7877	-1227.66	-41.4877	3.69612
10497.9	12014.7	21.6297	-2961.06	17.4097	3.72662
10497.2	12015.5	29.3204	-4071.97	20.7616	3.69422
10496.5	12016.5	32.1086	-3849.31	-67.5845	3.719
10495.5	12017.5	34.6255	-3415.96	-121.454	3.71709
10494.6	12018.5	34.6255	-3542.85	-139.411	3.70375
10493.6	12019.5	34.6255	-3789.46	-100.385	3.72853
10492.3	12020.4	28.303	-2793.47	-0.786255	3.72853
10491.1	12021	26.8327	-152.664	169.92	3.71709
10490.1	12021.4	26.5901	2904.73	265.449	3.67325
10489.1	12021.9	33.2553	3912.69	161.301	3.70375
10488.5	12022.6	34.6255	2040.42	117.727	3.71328
10487.9	12023.3	34.6255	2040.42	117.727	3.6885
10487.2	12024	30.3404	-693.753	97.1366	3.71709
10486.3	12024.5	34.6255	122.669	136.641	3.69231
10485.4	12024.9	34.6255	685.307	188.595	3.68659
10484.5	12025.4	34.6255	453.069	127.543	3.69994
10483.6	12025.8	29.2836	26.9012	62.4207	3.70375
10482.5	12026.4	29.2836	26.9012	62.4207	3.72472
10481.4	12027.1	16.7269	-92.8088	25.0711	3.70756
10480.4	12027.9	13.5379	-155.058	3.52331	3.719
10479.5	12028.7	18.3466	-1649.04	-8.4477	3.69041
10478.7	12029.7	21.5999	-3839.73	35.845	3.69041
10477.9	12030.6	24.9475	-4972.19	13.579	3.69994
10477.1	12031.6	24.9475	-4972.19	13.579	3.70184
10476	12032.7	26.8258	-4687.28	-59.923	3.70756
10475	12033.8	26.8258	-4687.28	-59.923	3.72472
10474	12034.9	31.0939	-4888.4	-58.4865	3.73044
10472.8	12035.8	31.0939	-4888.4	-58.4865	3.69803
10471.6	12036.4	25.6217	-1062.46	280.054	3.719
10470.5	12036.8	30.7416	2758.69	390.187	3.71137
10469.8	12037.2	34.6255	4255.06	238.155	3.72662
10469.2	12037.8	34.6255	2428.29	179.018	3.719
10468.5	12038.4	34.6255	570.385	161.301	3.70947
10467.8	12039.1	34.6255	570.385	161.301	3.69041
10466.9	12039.9	25.2407	19.7186	32.0143	3.72853
10465.9	12040.7	25.6669	-961.904	20.0433	3.70184
10465	12041.4	31.659	-1208.51	72.4763	3.719
10463.9	12041.9	26.0553	-308.287	173.033	3.70375
10462.8	12042.3	21.286	673.336	192.186	3.71137
10461.7	12042.8	21.286	673.336	192.186	3.69612
10460.4	12043.3	25.1566	611.086	58.5899	3.72853
10459	12043.9	26.2176	512.924	24.8317	3.74187
10457.8	12044.6	26.2176	512.924	24.8317	3.70375
10457	12045.5	22.1012	-1076.83	-40.7694	3.719
10456.2	12046.4	22.1012	-1076.83	-40.7694	3.72091
10455.2	12047.4	1.96499	-5568.35	106.713	3.72662
10454.3	12048.4	17.0621	-4510.11	-75.7248	3.73044
10453.2	12049.4	22.6253	-4419.13	-66.6268	3.71519
10452.2	12050.5	22.6253	-4419.13	-66.6268	3.74187
10451.1	12051.8	29.4268	-5173.3	-86.0199	3.72472
10449.9	12053	29.4268	-5173.3	-86.0199	3.71709
10448.6	12053.9	13.2474	-4103.1	46.8583	3.72281
10447.3	12054.5	15.9452	-523.765	290.349	3.72662
10446.1	12054.9	21.7846	3249.5	402.397	3.72281
10444.8	12055.5	18.2274	4578.28	276.702	3.72472
10444.1	12055.9	23.6167	2018.88	288.912	3.70756
10443.6	12056.6	27.1169	852.901	172.315	3.71328
10442.9	12057.2	28.0092	-1740.02	230.015	3.719
10442.2	12058	28.0092	-1740.02	230.015	3.69612
10441.3	12058.7	23.6167	-2412.79	182.849	3.71519
10440.4	12059.2	29.2443	-1656.22	246.535	3.69994
10439.5	12059.6	34.6255	-1409.62	202.721	3.71137
10438.5	12060.2	34.6255	-1713.68	137.359	3.69994
10437.3	12060.9	34.6255	-1565.24	94.2635	3.71137
10436.2	12061.6	28.5084	-1431.17	73.1946	3.71709
10434.9	12062.4	18.0891	-1555.67	64.0966	3.69994
10434	12063.2	14.8512	-2017.75	13.579	3.69231
10433.3	12064.2	18.2099	-3641.02	1.60795	3.70375
10432.5	12065.2	20.9822	-5477.37	63.6178	3.69612
10431.7	12066.3	21.8282	-5417.51	13.579	3.73997
10430.8	12067.4	31.4392	-4550.81	-99.9062	3.70756
10429.8	12068.6	31.4392	-4550.81	-99.9062	3.71709
10428.6	12069.7	16.8679	-5036.84	-104.934	3.71709
10427.5	12071	12.5461	-4941.07	-73.3306	3.72281
10426.3	12071.9	17.7187	-3669.75	68.6456	3.70947
10425.1	12072.4	17.7187	-3669.75	68.6456	3.70375
10423.7	12072.8	22.122	3412.3	395.694	3.69612
10422.5	12073.3	22.122	3412.3	395.694	3.72472
10421.6	12073.9	22.2619	4018.04	119.642	3.67134
10421	12074.6	22.2619	4018.04	119.642	3.69612
10420.4	12075.3	14.5367	48.4491	117.727	3.69994
10419.8	12076.1	14.5367	48.4491	117.727	3.73425
10419	12077	29.5141	-1383.28	100.488	3.69041
10418.2	12077.9	29.5141	-1383.28	100.488	3.70375
10417.2	12078.8	22.8988	-2793.47	73.9128	3.719
10416.1	12079.5	22.8988	-2793.47	73.9128	3.69231
10415	12079.9	9.16448	-557.284	261.139	3.72281
10413.9	12080.4	9.16448	-557.284	261.139	3.70947
10412.7	12080.9	15.5285	-665.023	99.052	3.71137
10411.6	12081.5	18.8037	-1038.52	41.5911	3.69231
10410.6	12082.2	20.4846	-1586.79	-13.2361	3.70375
10409.8	12083	21.2903	-3095.14	65.2937	3.69231
10408.9	12083.9	20.3676	-4888.4	126.825	3.72091
10407.9	12084.7	21.9166	-4332.94	-16.8274	3.71709
10406.9	12085.8	17.8166	-3193.3	-168.62	3.71519
10405.7	12086.9	17.8166	-3193.3	-168.62	3.71709
10404.5	12088	12.5115	-4172.53	-146.833	3.69612
10403.2	12089.2	10.648	-4730.38	-125.045	3.72281
10401.8	12090.4	10.648	-4730.38	-125.045	3.71519
10400.4	12091.4	11.5659	-3566.8	7.11461	3.71709
10399.1	12092.1	12.1369	-1009.79	245.577	3.69994
10397.4	12092.6	12.1369	-1009.79	245.577	3.71709
10396	12093.2	13.9556	3517.65	229.057	3.71328
10394.9	12093.7	12.9749	3929.45	84.9262	3.71137
10394.2	12094.4	11.4377	2713.2	40.8729	3.70375
10393.8	12095.2	11.4377	2713.2	40.8729	3.719
10393.2	12096.2	15.5392	-2252.38	148.133	3.71519
10392.6	12097	15.5392	-2252.38	148.133	3.71519
10391.7	12097.9	14.0221	-2882.05	65.5331	3.70375
10390.8	12098.8	15.3689	-2961.06	145.739	3.69041
10390	12099.4	12.4391	-2084.78	278.857	3.68469
10388.9	12099.8	12.4391	-2084.78	278.857	3.71137
10387.9	12100.3	13.6252	-727.272	143.584	3.69231
10386.9	12100.9	13.9056	-672.206	68.1668	3.74187
10385.6	12101.7	16.4076	-1021.76	39.9152	3.71519
10384.3	12102.5	16.4076	-1021.76	39.9152	3.71328
10383.3	12103.3	25.3471	-1014.58	50.6891	3.71519
10382.4	12104.2	18.7856	-1699.32	4.72041	3.719
10381.7	12105.2	18.7856	-1699.32	4.72041	3.719
10380.9	12106.2	1.85431	-4907.55	37.2816	3.73234
10379.9	12107.3	6.64971	-4134.22	-63.9932	3.73234
10378.9	12108.5	6.64971	-4134.22	-63.9932	3.73234
10377.9	12109.7	20.0893	-4811.78	-112.595	3.72281
10376.8	12111.1	21.3483	-5067.96	-94.639	3.73234
10375.5	12112.4	24.558	-4936.28	-107.328	3.719
10374.4	12113.7	26.7763	-4988.95	-93.4419	3.69994
10373	12114.9	30.9109	-4229.99	37.0421	3.71137
10371.6	12115.7	30.9109	-4229.99	37.0421	3.73806
10370.3	12116.1	20.0382	2646.16	519.713	3.719
10368.9	12116.6	20.0382	2646.16	519.713	3.72091
10367.7	12117.2	19.3252	5047.54	224.029	3.70375
10367	12117.9	19.3252	5047.54	224.029	3.70947
10366.5	12118.6	17.7714	-49.7132	166.329	3.73234
10365.7	12119.4	17.7714	-49.7132	166.329	3.73044
10365	12120.3	12.2225	-2453.49	199.369	3.72091
10364.3	12120.9	12.2225	-2453.49	199.369	3.69422
10363.4	12121.5	22.1996	-2628.27	241.746	3.719
10362.5	12122.1	22.1996	-2628.27	241.746	3.6885
10361.6	12122.7	19.2948	-2405.61	85.8839	3.70756
10360.3	12123.4	19.2948	-2405.61	85.8839	3.70375
10359.1	12124.2	21.4824	-1910.01	50.2102	3.71709
10358	12125.1	19.5747	-2087.18	22.9163	3.73615
10357.1	12126	22.3694	-2194.92	33.6903	3.72472
10356.1	12127.1	26.9594	-3075.98	58.59	3.73044
10355.3	12128.1	27.4691	-4316.18	62.4207	3.69994
10354.4	12129.3	19.6008	-4869.24	-49.3885	3.73044
10353.2	12130.5	11.9873	-4763.9	-108.286	3.72662
10352.2	12131.8	14.7995	-4682.49	-106.849	3.7495
10351.1	12133.1	15.8095	-5063.17	-142.523	3.71519
10349.8	12134.5	15.8095	-5063.17	-142.523	3.72853
10348.7	12135.8	18.1439	-5929.87	-114.271	3.7495
10347.1	12137.3	22.6525	-5965.79	-94.3995	3.72662
10345.8	12138.2	25.3199	-5199.64	-34.5445	3.72091
10344.4	12138.8	20.93	-2594.75	126.825	3.72281
10343.1	12139.4	21.6744	2327.73	291.546	3.72281
10342	12140	23.399	5710.74	249.168	3.69041
10341.4	12140.7	19.3842	5109.79	193.862	3.69612
10340.8	12141.5	19.6216	2222.38	255.154	3.70375
10340.1	12142.5	20.3548	-104.78	206.312	3.719
10339.4	12143.4	20.3548	-104.78	206.312	3.70947
10338.7	12144.4	26.5582	-1028.94	92.827	3.69612
10337.8	12145.4	26.5582	-1028.94	92.827	3.71709
10336.8	12146.6	34.6255	-2611.51	74.3917	3.719
10335.8	12147.1	28.1327	-2472.65	61.9418	3.72662
10334.7	12147.6	17.9486	-1198.93	189.313	3.69803
10333.5	12148	20.0749	582.356	222.832	3.71137
10332.4	12148.6	24.8256	656.576	163.695	3.71137
10331.4	12149.2	18.9309	-174.212	112.699	3.69994
10330.6	12149.9	13.7311	-1799.87	103.362	3.71137
10329.8	12150.6	15.0523	-4170.13	183.328	3.70566
10328.9	12151.5	16.4001	-5400.75	132.571	3.73044
10327.7	12152.5	16.4001	-5400.75	132.571	3.73234
10326.7	12153.4	15.2178	-4591.51	-22.5735	3.71519
10325.5	12154.5	17.1398	-4737.56	-19.461	3.70756
10324.4	12155.7	19.3225	-5240.34	-29.0378	3.73234
10323.1	12156.7	17.5277	-5613.84	-29.0378	3.73044
10321.7	12157.5	17.5277	-5613.84	-29.0378	3.72281
10320.5	12158.1	12.5136	-2719.25	130.655	3.71137
10319.6	12158.7	14.037	1257.52	171.117	3.70375
10319	12159.5	11.4409	2172.11	136.641	3.70375
10318.3	12160.2	11.4409	2172.11	136.641	3.69041
10317.6	12161.1	10.9918	371.666	89.2357	3.69994
10316.8	12162.1	23.2021	-530.948	-67.1056	3.72091
10315.8	12162.9	23.2021	-530.948	-67.1056	3.70375
10314.9	12163.9	20.6767	-1797.48	-30.4744	3.72853
10313.9	12165	15.2375	-2510.95	-18.0245	3.73234
10312.8	12166.2	16.7199	-3023.31	-29.0378	3.72472
10311.6	12167.4	16.7199	-3023.31	-29.0378	3.72281
10310.4	12168.4	24.4483	-3554.82	-11.7996	3.73044
10309.1	12169	24.4483	-3554.82	-11.7996	3.71709
10307.7	12169.5	11.3531	144.217	313.094	3.71137
10306.6	12170	11.3531	144.217	313.094	3.69803
10305.9	12170.6	21.2642	84.3621	208.467	3.70756
10305	12171.3	20.2079	-2891.63	273.829	3.70184
10304.2	12172.1	24.8469	-4744.74	199.608	3.73425
10303.1	12173	22.8579	-3791.85	19.0856	3.71328
10302	12173.9	25.4205	-3552.43	-34.5445	3.70947
10301	12174.9	21.5478	-4129.43	-39.5723	3.73425
10299.9	12175.7	17.9747	-4500.53	-24.9677	3.73806
10298.7	12176.6	16.4656	-4756.71	-9.40537	3.72853
10297.3	12177.2	24.2589	-3521.31	119.403	3.71137
10295.9	12177.8	24.4084	-969.087	215.65	3.70566
10294.5	12178.4	26.2064	582.356	157.231	3.73044
10293.3	12179.1	23.3213	740.373	86.8415	3.71519
10292.5	12180	12.0815	60.4201	15.9732	3.719
10291.8	12180.9	12.0815	60.4201	15.9732	3.70947
10291	12181.9	9.20013	-3937.9	64.8149	3.71709
10290.3	12182.9	11.1445	-4572.36	57.3928	3.72662
10289.5	12183.9	16.5188	-3973.81	16.6914	3.71328
10288.5	12184.7	19.2863	-3662.56	32.4932	3.70947
10287.6	12185.4	21.5824	-2949.09	114.375	3.71709
10286.7	12186.2	21.5824	-2949.09	114.375	3.69231
10285.5	12186.9	25.0486	369.272	119.163	3.72853
10284.3	12187.7	25.0486	369.272	119.163	3.72281
10283.2	12188.6	20.6006	-80.8378	55.9563	3.69612
10282	12189.5	20.6006	-80.8378	55.9563	3.719
10281.2	12190.7	21.3621	-9.01176	50.6891	3.69994
10280.6	12191.5	15.4519	-313.075	-10.8419	3.71137
10279.7	12192.4	7.55111	-4208.44	133.05	3.69422
10278.7	12193	7.55111	-4208.44	133.05	3.71709
10277.7	12193.5	17.9012	354.907	156.034	3.69994
10276.7	12194.1	19.2171	101.122	3.28389	3.69041
10275.8	12194.7	28.6888	-758.397	-87.9352	3.68659
10275	12195.5	33.8359	-1615.52	-86.4987	3.70375
10274.2	12196.4	33.8359	-1615.52	-86.4987	3.719
10273.3	12197.3	29.9653	-3119.08	-142.523	3.72091
10272.2	12198.3	29.9653	-3119.08	-142.523	3.69041
10271.1	12199.4	30.2952	-3605.1	-144.199	3.70375
10270	12200.5	17.2707	-4160.56	-126.961	3.73234
10268.9	12201.6	10.1473	-4201.26	-103.258	3.719
10267.9	12202.9	10.1473	-4201.26	-103.258	3.71137
10266.9	12204.1	16.6513	-4833.33	-92.7236	3.71519
10266	12205.4	16.6513	-4833.33	-92.7236	3.719
10265.2	12206.5	20.524	-6051.98	-66.6268	3.71137
10264.3	12207.2	12.512	-5065.57	81.8137	3.69612
10263.5	12207.7	9.79556	-1524.54	247.253	3.70184
10262.6	12208.2	12.346	1889.59	305.193	3.70184
10261.7	12208.9	15.3412	2409.13	170.399	3.71709
10260.9	12209.6	17.8656	1626.23	97.376	3.69612
10260	12210.4	16.4549	1200.06	24.1134	3.69612
10259	12211.2	14.7314	852.901	-59.923	3.70375
10258	12212.2	22.9366	108.304	-63.0355	3.69231
10257	12213.2	29.9456	-902.049	-52.0222	3.72281
10255.8	12214	33.8343	-1677.77	-19.461	3.70375
10254.8	12214.6	30.9231	-1012.18	88.278	3.69422
10253.9	12215	25.3242	-20.9828	184.046	3.68659
10252.9	12215.4	25.3242	-20.9828	184.046	3.70184
10252.1	12215.8	22.1219	-2652.21	36.8027	3.70375
10251.1	12216.3	22.1219	-2652.21	36.8027	3.69041
10250.1	12217	17.2941	-2532.5	-120.736	3.68087
10249	12217.7	15.378	-3097.53	-126.482	3.67325
10247.8	12218.5	17.3877	-3344.13	-70.6969	3.69803
10246.5	12219.4	17.3877	-3344.13	-70.6969	3.71137
10245.2	12220.3	17.8092	-3423.14	-67.5845	3.71519
10244	12221.3	18.933	-3406.38	-54.8952	3.71137
10242.9	12222.3	24.998	-3547.64	-68.5422	3.72281
10241.9	12223.4	29.0884	-3073.59	-23.0523	3.71519
10240.8	12224.5	24.1514	-1845.36	-43.403	3.72853
10239.7	12225.6	12.1161	-516.583	-188.731	3.719
10238.6	12226.6	16.0351	50.8433	-183.703	3.74569
10237.5	12227.5	24.9017	323.782	-81.2314	3.71137
10236.4	12228.4	24.9017	323.782	-81.2314	3.71519
10235.2	12229.3	23.9338	1891.98	0.889685	3.69803
10234.1	12230.2	23.6901	2212.81	-40.2906	3.719
10233.4	12231.2	22.3928	601.51	-12.2784	3.70756
10232.7	12231.9	19.3747	-1395.25	100.249	3.70375
10231.9	12232.5	20.5708	-1306.67	172.315	3.70947
10231	12233	22.1624	314.205	103.601	3.67897
10230.2	12233.6	26.8327	960.64	-21.8552	3.71137
10229.3	12234.2	29.8014	-23.377	-116.905	3.71519
10228.4	12234.8	29.8014	-23.377	-116.905	3.69041
10227.4	12235.6	13.0308	-2233.23	-50.5857	3.69041
10226.5	12236.5	12.3705	-2716.85	-23.7706	3.72281
10225.5	12237.4	11.5904	-3303.43	-51.3039	3.70375
10224.6	12238.3	11.5904	-3303.43	-51.3039	3.70756
10223.7	12239.4	12.2475	-4739.95	-14.912	3.70375
10222.8	12240.5	12.2475	-4739.95	-14.912	3.71519
10221.8	12241.7	16.6077	-6614.61	3.04446	3.71328
10220.9	12242.6	20.7491	-6928.25	43.5065	3.72091
10220	12243.2	26.3075	-5067.96	225.705	3.719
10219.2	12243.7	29.107	-2288.29	359.541	3.69041
10218.5	12244.2	34.6255	-1127.1	266.885	3.69041
10217.6	12244.7	34.6255	-1127.1	266.885	3.69994
10216.8	12245.3	34.6255	-978.663	-41.0088	3.69041
10215.8	12246	34.6255	-487.852	-147.551	3.70947
10214.7	12246.9	34.6255	-487.852	-147.551	3.6885
10213.7	12247.7	18.1061	-1704.11	-142.284	3.73234
10212.6	12248.6	13.7433	-2168.58	-126.961	3.71328
10211.3	12249.6	16.5545	-2297.87	-114.511	3.69231
10210.1	12250.5	25.7382	-2065.63	-61.599	3.69231
10208.9	12251.4	30.6118	-1457.5	22.6769	3.719
10208.2	12251.9	28.1034	-430.391	72.2369	3.71328
10207.7	12252.7	28.3216	-116.751	103.601	3.69612
10207.1	12253.4	28.3216	-116.751	103.601	3.70947
10206.4	12254.1	28.2136	-976.269	24.3529	3.72662
10205.6	12255	28.2136	-976.269	24.3529	3.71137
10204.8	12256	13.5555	-1033.73	-102.061	3.70375
10203.8	12256.9	13.8811	-1380.89	-52.501	3.69612
10202.7	12257.6	13.8811	-1380.89	-52.501	3.72281
10201.6	12258.1	19.0453	-205.336	97.1366	3.69994
10200.6	12258.6	19.0453	-205.336	97.1366	3.71137
10199.5	12259.2	12.8073	668.547	56.1957	3.6885
10198.7	12259.7	12.8073	668.547	56.1957	3.68087
10198	12260.4	12.3726	-2024.93	33.4508	3.69422
10197.2	12261.2	12.3726	-2024.93	33.4508	3.72091
10196.3	12262.1	24.2057	-4670.52	24.1135	3.71709
10195.4	12263	27.1589	-4227.6	-6.77178	3.72662
10194.4	12263.9	30.9055	-3971.42	-53.9375	3.72281
10193.3	12264.9	30.9055	-3971.42	-53.9375	3.72091
10192.2	12265.7	15.3301	-4368.85	-46.7549	3.70947
10191	12266.1	10.7459	-1799.87	244.141	3.70375
10190.1	12266.5	12.9707	884.026	302.799	3.70756
10189.5	12267	12.9707	884.026	302.799	3.69231
10188.9	12267.7	23.8348	-454.333	102.404	3.69041
10188.1	12268.5	20.6645	-1333.01	85.405	3.69041
10187.3	12269.2	21.9166	-806.281	-35.7416	3.69041
10186.5	12270	22.644	-952.327	-83.8651	3.73425
10185.5	12270.7	30.0361	-1541.3	-21.137	3.71137
10184.5	12271.3	34.1514	-1002.61	78.7012	3.71709
10183.2	12271.8	34.1514	-1002.61	78.7012	3.70375
10182.2	12272.2	30.1302	-205.336	32.972	3.72472
10181	12272.7	31.8213	-119.145	-37.8964	3.71328
10179.8	12273.4	32.339	-157.452	-50.8251	3.73425
10178.4	12274.2	22.686	-471.093	-48.6703	3.71328
10177.6	12275	22.686	-471.093	-48.6703	3.70184
10176.9	12275.8	5.69563	-2333.78	-58.7259	3.719
10176.1	12276.7	7.67669	-5029.65	60.0265	3.72281
10175.3	12277.7	10.9572	-5479.76	51.8862	3.70756
10174.5	12278.8	13.2522	-4574.75	-43.8819	3.69422
10173.5	12279.9	17.7459	-4531.66	-99.4274	3.719
10172.5	12281.1	17.5532	-4962.62	-86.4987	3.70184
10171.4	12282	15.9202	-4428.71	-5.33523	3.72472
10170.3	12282.6	15.9202	-4428.71	-5.33523	3.69994
10169	12283	12.0783	1518.49	402.158	3.70184
10167.9	12283.5	14.874	3244.71	287.954	3.71328
10167.1	12284.1	19.0921	3532.01	151.485	3.70375
10166.4	12284.9	25.4764	2473.78	99.2914	3.73234
10165.7	12285.5	21.5185	-605.168	209.425	3.71137
10164.9	12286.4	14.8373	-1282.73	141.669	3.71519
10164.1	12287.3	12.9441	-1258.79	74.6311	3.70756
10163.3	12288.2	12.9441	-1258.79	74.6311	3.69041
10162.3	12288.8	18.2721	-1467.08	147.175	3.69041
10161.2	12289.3	15.8882	-528.554	296.095	3.69422
10160.3	12289.7	14.0588	-202.942	235.282	3.71328
10159	12290.2	18.6153	-85.6262	88.5175	3.6885
10157.9	12290.8	26.1293	-504.612	24.1134	3.72091
10157.1	12291.5	24.41	-1529.33	4.48099	3.69803
10156.3	12292.3	15.6951	-2702.49	34.6479	3.719
10155.4	12293.2	14.8703	-3528.49	26.2682	3.719
10154.4	12294.1	13.0798	-3363.29	-92.2448	3.71709
10153.3	12295.1	13.0798	-3363.29	-92.2448	3.70375
10152.1	12296.1	21.6117	-3691.29	-123.609	3.69994
10150.9	12297.3	21.6117	-3691.29	-123.609	3.71519
10149.6	12298.4	25.7706	-4237.17	-99.188	3.69422
10148.4	12299.6	25.7706	-4237.17	-99.188	3.70184
10146.9	12300.5	31.7489	-4309	-78.119	3.72091
10145.5	12301.1	34.6255	-940.356	227.621	3.71519
10144.1	12301.7	27.1893	1674.11	332.008	3.71709
10143.1	12302.2	20.549	2983.74	238.395	3.72091
10142.5	12303	20.549	2983.74	238.395	3.72091
10141.9	12303.7	17.575	-145.481	117.487	3.71709
10141.1	12304.4	17.575	-145.481	117.487	3.72662
10140.3	12305.3	27.002	-1886.07	132.571	3.71709
10139.4	12306.2	22.0171	-1481.45	89.2357	3.69041
10138.4	12306.7	16.0133	-1289.91	198.89	3.70375
10137.3	12307.2	16.0133	-1289.91	198.89	3.69231
10136.3	12307.7	28.8649	-454.333	185.722	3.70184
10135.1	12308.2	28.8649	-454.333	185.722	3.72281
10133.8	12308.9	13.8338	-588.409	45.4218	3.71709
10132.6	12309.6	13.8338	-588.409	45.4218	3.72091
10131.5	12310.4	17.6996	-753.609	13.579	3.71709
10130.6	12311.3	17.6996	-753.609	13.579	3.72091
10129.9	12312.3	16.5247	-2944.3	-21.6158	3.69231
10129.2	12313.4	16.5247	-2944.3	-21.6158	3.71709
10128.1	12314.3	23.2138	-5204.43	-30.7138	3.719
10127.1	12315.4	31.2732	-4325.76	-130.073	3.71328
10126.1	12316.7	34.6255	-4739.95	-148.03	3.72472
10125	12317.8	34.6255	-4833.33	-108.525	3.70566
10123.8	12318.8	34.6255	-4833.33	-108.525	3.719
10122.7	12319.4	29.1528	-1498.21	210.622	3.70184
10121.2	12319.9	34.6255	1427.51	360.978	3.70375
10119.9	12320.4	34.6255	2993.32	275.744	3.70184
10118.7	12321	34.6255	3017.26	155.555	3.70184
10117.7	12321.8	27.6208	2038.03	59.0688	3.69994
10117.1	12322.6	19.7264	283.081	-26.8831	3.70375
10116.4	12323.4	18.0758	-2846.14	122.755	3.69612
10115.4	12324.1	16.1618	-4081.55	271.674	3.71328
10114.4	12324.7	16.1618	-4081.55	271.674	3.71137
10113.5	12325.2	21.3951	-1227.66	195.059	3.69803
10112.3	12325.7	29.4587	-1354.55	62.1813	3.70756
10111.2	12326.2	34.6255	-1251.6	22.1981	3.69422
10110.2	12326.9	27.864	-1170.2	2.08679	3.69041
10109.2	12327.7	17.8459	-1658.62	-51.5433	3.69612
10108.4	12328.5	17.8459	-1658.62	-51.5433	3.70184
10107.6	12329.4	30.1457	-4285.06	-7.72944	3.6885
10106.7	12330.4	33.7475	-4555.6	-3.18044	3.71519
10105.8	12331.6	34.6255	-3691.29	-137.016	3.73044
10104.8	12332.6	27.0605	-3791.85	-177.718	3.69612
10103.8	12333.8	17.5421	-4062.4	-135.34	3.70375
10102.4	12335.1	17.5421	-4062.4	-135.34	3.719
10101.1	12336.3	22.2257	-4543.63	-85.7804	3.71709
10099.9	12337.6	27.5314	-4531.66	-96.0755	3.69994
10098.5	12338.7	34.6255	-3796.64	17.1703	3.72662
10097.3	12339.4	34.2302	-1172.59	251.802	3.72662
10096.1	12340	20.2638	1789.03	386.596	3.6885
10095.4	12340.7	9.53376	3237.53	249.887	3.70375
10094.8	12341.4	9.80035	1959.02	137.359	3.69231
10094.1	12342.1	12.4556	338.147	163.456	3.69994
10093.3	12342.9	21.1865	436.31	78.4618	3.69041
10092.3	12343.7	21.1865	436.31	78.4618	3.69612
10091.4	12344.3	25.951	658.971	173.99	3.70375
10090.3	12344.7	26.3177	364.484	179.976	3.71709
10089.1	12345.3	27.5633	268.716	70.8004	3.71137
10088	12345.9	27.5633	268.716	70.8004	3.72662
10086.7	12346.6	19.8477	441.098	14.2972	3.70184
10085.9	12347.4	14.2164	-61.6842	-24.9677	3.71519
10085.2	12348.2	14.8123	-2477.43	-82.668	3.69041
10084.3	12349.1	14.8123	-2477.43	-82.668	3.68087
10083.3	12350.2	16.5177	-5429.48	43.9853	3.71519
10082.3	12351.3	16.5177	-5429.48	43.9853	3.69041
10081.3	12352.3	34.6255	-4316.18	-107.568	3.71519
10080.1	12353.5	32.2177	-4658.55	-100.624	3.6885
10079	12354.6	34.6255	-4771.08	-100.385	3.73425
10077.6	12355.8	28.793	-4759.11	-72.8517	3.71709
10076.1	12356.8	14.3015	-4033.67	47.5766	3.71519
10074.9	12357.5	12.4338	-1347.37	293.222	3.70375
10074	12358	12.1363	1068.38	406.467	3.72281
10073.4	12358.6	16.9094	1207.24	254.675	3.70184
10072.9	12359.3	16.9094	1207.24	254.675	3.68087
10072.2	12360	21.8676	-933.174	125.388	3.69994
10071.3	12360.8	21.8676	-933.174	125.388	3.68659
10070.5	12361.5	20.6836	-638.687	-32.8686	3.70375
10069.6	12362.2	20.3734	-1160.62	85.8839	3.69231
10068.7	12362.7	21.4089	-427.997	116.53	3.70947
10067.5	12363.3	21.4089	-427.997	116.53	3.72281
10066.5	12363.8	31.8282	-748.82	18.8462	3.72662
10065.3	12364.5	32.919	-1038.52	-44.6002	3.69612
10063.8	12365.3	26.182	-1170.2	-37.1781	3.72472
10062.6	12366.1	26.182	-1170.2	-37.1781	3.70184
10061.7	12367	14.1126	-1898.04	14.0578	3.72281
10060.9	12368	5.82813	-4613.06	58.1111	3.72281
10060.1	12369.1	-0.821681	-6289	51.4073	3.69231
10059.3	12370.2	-0.821681	-6289	51.4073	3.70184
10058.2	12371.3	14.8214	-5685.66	-45.3184	3.69231
10057.2	12372.5	17.4958	-5666.51	-64.472	3.69994
10056.3	12373.8	19.6753	-5927.48	-69.021	3.71709
10055	12375	17.831	-5723.97	-2.70161	3.73997
10053.9	12375.9	17.0834	-3614.68	159.865	3.72281
10052.6	12376.4	14.8139	596.721	320.037	3.73425
10051.4	12376.8	10.8752	3565.53	288.912	3.72091
10050.6	12377.4	10.8241	3232.74	187.637	3.70947
10050.1	12378.1	15.5669	1226.4	184.764	3.69041
10049.4	12378.9	15.5669	1226.4	184.764	3.69041
10048.6	12379.6	20.4761	259.139	11.4242	3.70756
10047.9	12380.5	22.7711	-811.069	12.1424	3.71519
10047	12381.5	24.0876	-1962.68	31.5355	3.71137
10046	12382.3	23.5374	-1979.44	84.9262	3.67897
10045	12382.9	28.767	-973.875	142.387	3.69612
10044	12383.3	25.6275	-303.499	154.358	3.69612
10042.7	12383.8	20.4724	-238.855	123.952	3.69803
10041.6	12384.4	20.4724	-238.855	123.952	3.71137
10040.2	12385.1	24.8139	-636.293	17.1703	3.72662
10038.8	12385.8	24.8139	-636.293	17.1703	3.71709
10037.8	12386.6	19.1453	-1953.1	57.8717	3.69994
10037	12387.5	19.1453	-1953.1	57.8717	3.69612
10036.1	12388.5	20.8385	-5388.78	147.654	3.70184
10035.4	12389.4	20.8385	-5388.78	147.654	3.71137
10034.4	12390.5	19.0809	-5544.41	-55.1346	3.71137
10033.4	12391.7	18.3094	-5755.1	-64.7114	3.69994
10032.2	12392.8	18.3094	-5755.1	-64.7114	3.74569
10031.1	12394	8.12047	-6209.99	-42.6848	3.72853
10029.9	12395.1	12.7424	-5348.08	28.6624	3.71519
10028.7	12395.9	12.7424	-5348.08	28.6624	3.72472
10027.3	12396.3	15.3513	1228.79	317.643	3.71328
10025.9	12396.8	17.9624	3409.91	269.998	3.719
10024.8	12397.3	20.2106	3388.36	151.006	3.71137
10024.2	12398	24.4946	1724.39	159.865	3.719
10023.7	12398.7	22.6434	-212.519	171.117	3.69422
10023	12399.5	22.4173	-849.377	105.037	3.71519
10022.4	12400.4	22.4173	-849.377	105.037	3.71519
10021.5	12401.3	30.4884	-1799.87	37.2815	3.70375
10020.5	12402.2	28.9138	-2443.92	26.0288	3.719
10019.6	12403.3	25.1726	-2853.32	7.59346	3.70756
10018.6	12404.3	23.4458	-2989.79	19.8039	3.72091
10017.4	12405	15.3577	-1948.32	168.484	3.70756
10016.4	12405.5	15.7882	-528.554	262.576	3.71519
10015.1	12405.9	12.5876	-475.881	142.387	3.719
10013.7	12406.5	7.88102	-418.42	95.4607	3.69041
10012.3	12407.1	10.1063	-88.0204	116.53	3.70947
10011	12407.9	14.4888	-107.174	73.434	3.72662
10010.1	12408.7	16.0873	-909.232	-16.8274	3.70756
10009.3	12409.6	16.7375	-3966.63	49.492	3.71709
10008.5	12410.6	19.3672	-5929.87	128.022	3.719
10007.6	12411.6	25.3098	-4716.01	4.72041	3.69994
10006.7	12412.7	23.8465	-4404.77	-83.3862	3.72091
10005.7	12413.9	23.8465	-4404.77	-83.3862	3.73044
10004.7	12415	17.7203	-5326.53	-51.0645	3.72662
10003.5	12416.3	17.7203	-5326.53	-51.0645	3.69994
10002.2	12417.4	22.5567	-4912.34	-32.6292	3.71709
10000.9	12418.3	22.5567	-4912.34	-32.6292	3.71519
9999.55	12418.8	29.0692	512.924	370.554	3.71709
9998.17	12419.4	29.257	2976.56	314.291	3.71519
9996.87	12419.9	23.4852	3244.71	152.921	3.69041
9995.59	12420.7	12.1555	2370.82	80.856	3.70184
9994.88	12421.3	12.1555	2370.82	80.856	3.6885
9994.3	12422.2	24.3579	-1737.63	303.038	3.71519
9993.61	12423.1	24.3579	-1737.63	303.038	3.69231
9992.69	12424	25.6855	-3066.41	106.953	3.69231
9991.83	12424.5	20.9321	-3475.82	100.967	3.71709
9990.89	12425	20.3628	-2659.39	146.697	3.72472
9989.66	12425.6	20.3628	-2659.39	146.697	3.71709
9988.5	12426.2	22.4641	-940.356	54.2804	3.72662
9987.33	12426.9	17.3936	-1541.3	8.07229	3.70375
9985.98	12427.6	19.4273	-1898.04	5.91751	3.69041
9984.84	12428.5	23.7944	-1809.45	7.11461	3.73425
9983.85	12429.4	22.2082	-1790.3	30.5778	3.69803
9982.99	12430.4	17.989	-2987.4	89.4751	3.70756
9982.23	12431.4	19.7354	-4383.22	59.5476	3.72281
9981.52	12432.5	19.7354	-4383.22	59.5476	3.72091
9980.59	12433.7	23.092	-4177.32	-119.539	3.72472
9979.64	12434.9	27.0584	-4790.23	-103.737	3.73234
9978.63	12436.1	27.7953	-5474.97	-97.0332	3.72281
9977.39	12437.4	19.8142	-5587.5	-102.061	3.70375
9976.16	12438.4	11.7021	-4773.47	-37.8964	3.70375
9974.98	12439.2	12.8616	-3205.27	55.7169	3.719
9973.54	12439.8	16.8264	-234.067	157.949	3.69803
9972.31	12440.4	21.8979	2706.01	217.326	3.70184
9971.05	12441.1	25.8579	3160.91	155.076	3.74569
9970.05	12442	29.355	2741.93	127.064	3.69422
9969.33	12442.8	32.1097	1013.31	208.467	3.69612
9968.69	12443.8	32.1097	1013.31	208.467	3.69041
9967.92	12444.8	18.8388	-1783.12	73.434	3.68659
9967.02	12445.5	18.8388	-1783.12	73.434	3.70375
9966.16	12446.1	8.03054	-1045.7	153.879	3.69994
9965.13	12446.6	8.03054	-1045.7	153.879	3.70375
9963.85	12447.1	14.4973	-78.4436	92.5876	3.71328
9962.74	12447.9	13.3761	-370.536	37.9998	3.70947
9961.56	12448.6	15.4604	-485.458	21.2404	3.70184
9960.47	12449.5	15.4604	-485.458	21.2404	3.70375
9959.68	12450.4	9.024	-2932.33	62.4207	3.69041
9958.8	12451.4	10.6182	-4440.68	123.233	3.71709
9957.82	12452.4	13.0617	-4816.57	29.1413	3.68278
9956.89	12453.5	13.0617	-4816.57	29.1413	3.70184
9955.93	12454.7	15.8026	-4490.96	-120.736	3.69041
9954.87	12455.8	15.8026	-4490.96	-120.736	3.71519
9953.68	12457.2	22.1182	-5192.46	-94.639	3.72472
9952.48	12458.5	22.8589	-5587.5	-67.5845	3.73044
9951.06	12459.8	16.7753	-5846.08	-59.923	3.719
9949.62	12460.9	18.9442	-5125.42	-10.8419	3.69612
9948.24	12461.5	18.9442	-5125.42	-10.8419	3.71328
9947.2	12462	20.0558	1204.85	190.271	3.69612
9946.43	12462.6	34.4068	3438.64	293.94	3.68659
9945.76	12463.4	34.6255	1513.7	279.575	3.6885
9945	12464.2	34.6255	201.678	151.246	3.72281
9944.2	12464.9	28.9064	93.9389	69.1244	3.69803
9943.42	12465.8	26.066	-588.409	60.2659	3.70947
9942.5	12466.5	26.1926	-1105.56	75.5888	3.67325
9941.44	12467	25.089	-676.994	110.305	3.70184
9940.42	12467.5	25.0965	-248.432	72.7157	3.67325
9939.24	12468	30.6389	-368.142	44.943	3.71137
9937.84	12468.8	27.8352	-588.409	25.7894	3.70375
9936.61	12469.6	20.2596	-1127.1	-20.8975	3.70375
9935.31	12470.4	15.7637	-1495.81	-9.40538	3.70184
9933.98	12471.3	17.7698	-1388.07	-1.02568	3.69041
9932.78	12472.3	17.3143	-1684.95	-22.0947	3.69612
9931.91	12473.2	27.2675	-3399.2	82.7714	3.69041
9931.13	12474.2	26.1304	-5702.42	154.597	3.70375
9930.23	12475.4	15.9462	-6368.01	20.0433	3.69041
9929.32	12476.7	16.3256	-5656.93	-123.848	3.72472
9928.33	12477.9	16.3256	-5656.93	-123.848	3.71137
9927.12	12479.2	22.9728	-6166.9	-87.2169	3.69612
9925.91	12480.6	22.9728	-6166.9	-87.2169	3.719
9924.73	12481.8	21.5361	-6277.03	-96.3149	3.719
9923.3	12482.6	21.5361	-6277.03	-96.3149	3.70184
9922.02	12483.1	8.45943	-396.872	162.738	3.70184
9920.7	12483.6	8.45943	-396.872	162.738	3.70947
9919.57	12484.2	21.5137	4429.84	181.891	3.69041
9918.92	12485	21.5137	4429.84	181.891	3.69612
9918.36	12485.8	24.6463	141.823	178.779	3.69231
9917.67	12486.6	13.2985	-849.377	71.9975	3.69041
9916.93	12487.4	8.32055	-1706.5	48.5343	3.719
9916.07	12488.4	4.40845	-3370.47	72.2369	3.72662
9915.19	12489.2	4.40845	-3370.47	72.2369	3.71328
9914	12489.8	1.32805	-2470.25	150.288	3.69422
9912.87	12490.3	1.57602	-1119.92	160.822	3.69041
9911.79	12490.8	4.24509	-1256.39	68.1668	3.71709
9910.45	12491.5	15.1374	-1720.87	39.9152	3.72281
9909.27	12492.3	19.3316	-1287.52	76.5465	3.73044
9907.89	12493.1	16.5795	-1450.32	59.787	3.70184
9906.54	12494	13.4911	-1668.19	21.2404	3.72472
9905.66	12495	18.2609	-1651.43	13.3395	3.69231
9904.94	12496	27.2068	-3758.33	115.333	3.70756
9904.08	12497.1	30.5485	-5463	117.248	3.72662
9903.23	12498.3	26.0112	-4907.55	-67.1056	3.70375
9902.32	12499.5	23.3155	-4593.91	-129.115	3.71519
9901.1	12500.8	23.3155	-4593.91	-129.115	3.73997
9899.98	12502.1	20.1989	-5580.32	-69.7393	3.74569
9898.87	12503.4	17.6591	-5625.81	-50.3462	3.70375
9897.53	12504.8	18.5717	-5834.1	-54.8952	3.71519
9896.31	12506.1	18.5717	-5834.1	-54.8952	3.71709
9894.88	12507.1	13.8231	-4486.17	56.4352	3.719
9893.39	12507.7	12.7781	-564.467	286.279	3.71328
9891.99	12508.2	11.9464	3759.46	365.766	3.72472
9890.9	12508.7	12.1278	5713.13	256.59	3.69041
9890.03	12509.4	11.5425	4966.14	194.341	3.69994
9889.35	12510.2	10.9162	3024.44	185.004	3.71519
9888.74	12511	11.6505	661.365	200.566	3.71137
9888.06	12511.9	11.6505	661.365	200.566	3.719
9887.29	12512.8	19.3539	-1675.38	186.201	3.71328
9886.51	12513.9	20.0483	-2783.89	150.527	3.71519
9885.57	12514.7	17.6384	-3688.9	148.133	3.69231
9884.63	12515.4	13.3341	-2929.94	225.945	3.71328
9883.6	12515.9	15.9489	-1689.74	267.604	3.719
9882.48	12516.4	26.679	-1292.3	209.185	3.71709
9881.23	12517	27.9108	-1165.41	162.019	3.70375
9880.09	12517.7	25.1592	-1376.1	94.0241	3.69612
9878.84	12518.5	26.0686	-1548.48	55.7169	3.73044
9877.51	12519.5	26.008	-1412.01	73.1946	3.72662
9876.08	12520.4	18.1056	-1687.35	48.0555	3.70947
9875.1	12521.4	10.4346	-3425.54	114.135	3.69994
9874.39	12522.4	7.83579	-6095.07	283.884	3.719
9873.32	12523.6	11.5334	-6918.68	201.524	3.69994
9872.38	12524.7	11.5334	-6918.68	201.524	3.73234
9871.33	12526	15.9819	-5791.01	-142.523	3.72472
9869.93	12527.3	5.79886	-5618.63	-173.169	3.73044
9868.69	12528.6	3.8508	-6265.06	-149.227	3.73234
9867.5	12530	7.72139	-6791.79	-127.679	3.73806
9866.1	12531.1	16.6311	-6133.38	-61.8384	3.73806
9864.77	12531.7	16.6311	-6133.38	-61.8384	3.70375
9863.32	12532.3	6.04949	1693.27	278.857	3.69231
9862.31	12532.8	10.2713	4951.77	199.13	3.69422
9861.73	12533.4	15.2923	3208.8	183.807	3.69231
9861.07	12534.1	19.3209	558.414	233.367	3.72472
9860.22	12534.9	19.8211	201.678	119.163	3.69612
9859.56	12535.8	26.1804	98.7273	28.423	3.69422
9858.71	12536.7	22.4875	-772.762	29.3807	3.70947
9857.6	12537.8	22.131	-2012.96	52.365	3.69041
9856.58	12538.9	27.2329	-2429.55	52.8439	3.72662
9855.54	12540	25.0315	-2621.09	32.2537	3.71519
9854.33	12541.1	28.0747	-3047.25	31.7749	3.67325
9853.21	12542.1	24.285	-3176.54	65.2937	3.73234
9851.93	12542.6	22.2044	-1613.13	159.386	3.72281
9850.49	12543.1	22.2044	-1613.13	159.386	3.69041
9849.25	12543.6	22.3093	-97.5973	211.34	3.71519
9848.26	12544.2	21.1987	-2372.09	213.255	3.70375
9847.43	12544.9	16.1218	-4443.07	264.731	3.70375
9846.61	12545.7	14.7479	-6035.22	278.857	3.71709
9845.71	12546.5	11.9442	-7191.62	311.657	3.71709
9844.67	12547.4	11.9442	-7191.62	311.657	3.69803
9843.54	12548.4	16.2421	-7510.05	187.877	3.71328
9842.57	12549.3	16.3049	-7584.27	155.076	3.72091
9841.61	12550.1	16.3049	-7584.27	155.076	3.71519
9840.71	12550.8	13.5443	-3808.61	163.456	3.69041
9839.96	12551.5	13.1771	-557.284	-42.9242	3.69231
9839.14	12552.2	15.9111	453.069	-278.035	3.70947
9838.17	12552.9	17.3265	115.487	-325.679	3.69231
9837.35	12553.8	23.896	-135.905	-315.863	3.70947
9836.43	12554.7	24.3621	-574.043	-301.737	3.71137
9835.43	12555.7	20.458	-1127.1	-252.656	3.70375
9834.35	12556.8	26.6614	-1297.09	-193.041	3.69612
9833.39	12557.8	25.0555	-1696.92	-193.28	3.68469
9832.51	12559.1	25.0555	-1696.92	-193.28	3.71519
9831.58	12560.3	20.9172	-2554.05	-186.097	3.72472
9830.81	12561.6	19.0969	-5546.8	-96.0755	3.73044
9829.91	12562.9	25.6232	-5455.82	-145.875	3.71328
9828.88	12564.3	26.291	-5285.83	-168.62	3.72281
9827.88	12565.7	18.8777	-5249.92	-153.536	3.719
9826.84	12567.3	14.4883	-5312.17	-130.073	3.72472
9825.5	12568.8	14.4883	-5312.17	-130.073	3.70947
9824.34	12570.4	26.5502	-6018.46	-86.2593	3.72091
9823.23	12571.4	24.1552	-5166.12	22.9163	3.69803
9822.29	12571.9	11.7229	-1455.11	312.615	3.68469
9821.56	12572.4	2.24222	1578.34	458.9	3.6885
9820.91	12573	-0.643956	572.779	241.507	3.71519
9820.02	12573.6	-0.643956	572.779	241.507	3.68469
9819.11	12574.3	3.91518	496.165	-177.478	3.70184
9818.22	12575.1	9.45182	-133.51	-178.197	3.70756
9817.28	12576	11.7415	-796.704	-150.663	3.719
9816.13	12577	14.4021	-1067.25	-103.019	3.70184
9815.1	12577.9	14.5926	-1517.36	-100.146	3.67706
9813.72	12579	14.5926	-1517.36	-100.146	3.69041
9812.43	12580.2	21.7505	-2185.34	-104.695	3.70756
9811.04	12581.5	25.5711	-2360.12	-90.5688	3.69994
9809.78	12582.7	24.4867	-2702.49	-61.1201	3.72472
9808.35	12584	26.9908	-2781.5	-69.021	3.70375
9806.95	12585.3	25.2699	-3035.28	-69.4998	3.70375
9805.91	12586.8	25.2699	-3035.28	-69.4998	3.72281
9805	12588.3	9.58325	-5829.32	23.1558	3.71137
9804.17	12589.8	9.58325	-5829.32	23.1558	3.70375
9803.31	12590.6	19.8871	-7014.45	152.682	3.72472
9802.32	12590.9	19.8871	-7014.45	152.682	3.67706
9801.26	12591.2	16.4645	3220.77	515.404	3.69422
9800.17	12591.6	16.6731	3086.69	257.309	3.68659
9799.38	12592.1	16.596	1815.37	209.185	3.72091
9798.58	12592.7	18.8771	845.718	185.961	3.67134
9797.7	12593.4	13.7492	235.197	34.8874	3.69231
9796.71	12594.1	9.36987	-128.722	-31.1926	3.70375
9795.74	12594.9	14.3031	-507.006	-17.7851	3.69231
9794.59	12595.8	14.3031	-507.006	-17.7851	3.70184
9793.43	12596.7	33.6448	-1651.43	-24.4889	3.74569
9792.21	12597.8	34.6255	-1960.29	-28.559	3.72281
9790.95	12598.9	30.9875	-2307.45	-26.4042	3.69041
9789.73	12600	21.5286	-2688.12	-28.559	3.73425
9788.31	12601.2	21.5286	-2688.12	-28.559	3.70756
9787.32	12602.4	26.1639	-3945.08	-27.8407	3.72281
9786.49	12603.1	25.8239	-4567.57	162.259	3.69041
9785.59	12603.5	26.2958	-2544.47	435.437	3.69231
9784.78	12604	26.2958	-2544.47	435.437	3.70947
9783.99	12604.5	21.7793	-80.8378	-41.2483	3.72091
9783.05	12605.1	17.8714	354.907	-195.914	3.70184
9782	12605.8	27.3175	153.794	-218.898	3.72091
9780.94	12606.6	32.2241	-662.629	-182.267	3.719
9779.86	12607.5	31.6281	-1045.7	-135.819	3.69994
9778.7	12608.5	34.037	-1313.85	-148.748	3.70566
9777.58	12609.4	34.037	-1313.85	-148.748	3.71519
9776.48	12610.5	29.7753	-2151.82	-93.6813	3.72662
9775.35	12611.6	29.7753	-2151.82	-93.6813	3.71519
9774.53	12612.8	13.2383	-5144.57	-48.6703	3.72281
9773.72	12614	11.8963	-6396.74	26.7471	3.72281
9772.64	12615.3	24.973	-6324.92	-33.5868	3.69612
9771.71	12616.7	29.8764	-6013.67	-96.3149	3.719
9770.68	12618.1	27.6714	-6047.19	-82.4285	3.70184
9769.38	12619.5	25.0863	-6305.76	-80.5132	3.71519
9768.31	12620.6	20.3851	-5465.4	28.423	3.69041
9767.4	12621.2	20.3851	-5465.4	28.423	3.70375
9766.47	12621.6	34.6255	2085.91	454.591	3.69041
9765.72	12622	34.6255	3098.66	306.39	3.69994
9764.98	12622.6	34.2275	2593.49	76.307	3.69612
9764.04	12623.2	34.2275	2593.49	76.307	3.719
9763.01	12624	23.5709	1832.13	-114.271	3.69612
9761.95	12624.7	14.202	644.605	-92.2448	3.71519
9760.79	12625.6	10.093	-116.751	-69.2604	3.69612
9759.7	12626.6	11.8123	-629.11	-55.3741	3.70947
9758.59	12627.6	14.5713	-1055.28	-60.1625	3.69612
9757.2	12628.6	20.2617	-1653.83	-58.7259	3.69041
9755.98	12629.5	23.9253	-2147.03	20.2827	3.69612
9754.92	12630	19.9185	-1416.8	182.849	3.69422
9753.94	12630.3	19.8413	-296.316	307.348	3.67325
9753	12630.6	19.8413	-296.316	307.348	3.68087
9752.13	12631.1	20.2441	-3940.29	266.646	3.69231
9751.09	12631.6	28.2253	-5367.24	275.744	3.69041
9750.05	12632.2	30.8954	-5374.42	250.126	3.69803
9749.03	12632.9	30.8954	-5374.42	250.126	3.6885
9748.13	12633.7	23.0335	-5683.27	77.5042	3.69803
9747.19	12634.3	23.0335	-5683.27	77.5042	3.69994
9746.34	12635	2.78604	-4555.6	11.1847	3.69041
9745.47	12635.6	8.80902	-2293.08	-44.6002	3.71709
9744.39	12636.3	16.7726	-1100.77	-144.199	3.69231
9743.54	12637	20.3766	-1119.92	-191.604	3.6885
9742.77	12637.7	18.5877	-1766.36	-162.395	3.69803
9741.89	12638.7	17.0307	-2132.67	-198.068	3.69041
9741.04	12639.6	18.0939	-2051.27	-235.897	3.70375
9740.17	12640.6	18.0939	-2051.27	-235.897	3.6885
9739.15	12641.7	21.7596	-2163.79	-251.938	3.73425
9738.11	12642.8	19.5439	-2372.09	-240.206	3.71137
9737.16	12643.8	30.052	-2561.23	-229.911	3.71137
9736.29	12645.3	30.052	-2561.23	-229.911	3.69612
9735.46	12646.4	30.3394	-3566.8	-193.041	3.69994
9734.59	12647.6	23.0361	-3241.18	-151.86	3.69994
9733.74	12648.8	14.0126	-2357.72	-103.737	3.69422
9732.85	12649.8	14.0471	-899.655	-24.01	3.69994
9731.94	12650.6	19.2533	1164.15	87.5598	3.67134
9731.13	12651.4	22.6722	2461.8	126.825	3.70184
9730.37	12652.3	24.9618	2172.11	94.0241	3.69231
9729.69	12653.1	26.456	1355.68	19.0856	3.69041
9728.88	12653.9	20.6565	1353.29	-48.6703	3.68469
9727.95	12654.5	20.6565	1353.29	-48.6703	3.71709
9727.13	12654.8	23.7688	3165.7	100.01	3.70375
9726.36	12655.2	23.7688	3165.7	100.01	3.69041
9725.45	12655.6	23.3421	-44.9248	-79.7949	3.71137
9724.63	12656.1	23.3421	-44.9248	-79.7949	3.69231
9723.73	12656.8	12.9909	-2168.58	-17.3062	3.72662
9722.78	12657.5	12.9909	-2168.58	-17.3062	3.69041
9721.76	12658.2	20.7475	-2989.79	-22.3341	3.71709
9720.77	12659.1	20.7475	-2989.79	-22.3341	3.70756
9719.43	12660	24.9852	-3454.27	-8.44771	3.70947
9718.19	12661.1	20.541	-3830.16	-5.33524	3.71137
9716.98	12662.1	17.9683	-3961.84	-4.61697	3.69041
9715.8	12663.1	16.9413	-4036.06	-14.912	3.71519
9714.91	12664	13.7593	-3648.2	66.012	3.69612
9714.22	12664.6	19.5119	-2965.85	247.253	3.69422
9713.54	12665.1	28.5525	-2120.7	340.388	3.6885
9712.78	12665.5	34.6255	-626.716	203.439	3.71137
9711.96	12666.1	34.6255	984.582	-46.2761	3.69041
9711.19	12666.7	34.6255	1595.1	-184.9	3.70375
9710.22	12667.5	34.6255	1595.1	-184.9	3.70947
9709.27	12668.3	34.6255	12.536	-171.732	3.69041
9708.36	12669.2	25.9212	-339.412	-136.059	3.69041
9707.38	12670.1	21.6266	-1040.91	-124.806	3.719
9706.48	12671.1	24.1754	-2149.43	-126.003	3.68659
9705.67	12672.2	27.1137	-3617.07	-73.0911	3.70756
9704.97	12673.3	27.1137	-3617.07	-73.0911	3.70375
9704.06	12674.5	24.5303	-5225.98	-33.8262	3.71709
9703.17	12675.7	25.2965	-5326.53	-44.8396	3.74569
9702.18	12676.8	25.2965	-5326.53	-44.8396	3.71328
9701.21	12677.2	34.0929	-1208.51	386.117	3.68087
9700.34	12677.5	34.0929	-1208.51	386.117	3.69422
9699.55	12678	34.6255	-210.125	230.733	3.70375
9698.82	12678.5	34.6255	-210.125	230.733	3.71709
9698.02	12679	27.0195	-1878.88	-53.9375	3.72091
9697.07	12679.7	27.0195	-1878.88	-53.9375	3.71519
9696.09	12680.5	25.6658	-1194.14	-194.717	3.69612
9695.07	12681.3	25.6658	-1194.14	-194.717	3.70947
9693.89	12682.2	24.8187	-2405.61	-148.748	3.72091
9692.64	12683.1	26.671	-2566.02	-143.241	3.71328
9691.47	12684.1	21.7064	-2388.85	-108.765	3.719
9690.23	12684.8	15.6147	-1433.56	23.1558	3.72281
9688.83	12685.5	20.7895	228.014	157.71	3.69612
9687.46	12686.2	29.5673	1810.58	168.963	3.69612
9686.52	12686.9	31.6526	2397.16	89.2357	3.69994
9685.94	12687.6	31.7777	1590.31	8.0723	3.70566
9685.4	12688.5	34.4968	-56.8958	17.6491	3.68087
9684.74	12689.5	29.0346	-1373.71	83.2502	3.68659
9684.03	12690.5	30.7901	-1907.61	74.3917	3.69994
9683.33	12691.4	31.8655	-1910.01	12.8607	3.69422
9682.43	12692.5	29.7572	-2029.72	50.6891	3.6885
9681.38	12693.3	29.7572	-2029.72	50.6891	3.70375
9680.37	12693.8	24.0503	958.246	340.866	3.70375
9679.4	12694.2	24.0503	958.246	340.866	3.69041
9678.47	12694.7	25.9377	1834.52	109.108	3.68087
9677.84	12695.4	20.6932	208.861	20.7616	3.69612
9677.18	12696.1	20.6932	208.861	20.7616	3.68087
9676.42	12696.9	22.2055	-2494.19	80.856	3.68659
9675.44	12697.6	19.2523	-2127.88	20.2827	3.69803
9674.42	12698.3	19.2523	-2127.88	20.2827	3.70756
9673.41	12698.8	16.854	-923.597	172.315	3.6885
9672.22	12699.3	16.3757	-444.756	189.074	3.69231
9671.12	12699.7	22.7685	-293.922	137.599	3.6885
9669.97	12700.2	22.7685	-293.922	137.599	3.69803
9668.46	12700.7	22.6173	-729.667	38.4786	3.69994
9667.24	12701.4	19.065	-753.609	30.3384	3.70184
9666.13	12702.3	14.9459	-1277.94	22.9163	3.71709
9665.23	12703.1	12.114	-2419.97	-18.9822	3.68659
9664.71	12703.9	17.9044	-4237.17	-24.4889	3.68278
9664.1	12704.8	17.9044	-4237.17	-24.4889	3.69041
9663.31	12705.6	15.1209	-4639.4	128.74	3.69231
9662.45	12706.2	15.1209	-4639.4	128.74	3.6885
9661.58	12706.7	31.2865	-1191.75	239.831	3.6885
9660.71	12707.3	34.6255	-262.797	149.809	3.70375
9659.69	12707.9	33.8071	263.927	48.2949	3.69994
9658.95	12708.7	24.9602	421.945	-24.4889	3.6885
9658.3	12709.6	19.6514	-581.226	-65.4297	3.66944
9657.66	12710.4	20.773	-1881.28	-73.3306	3.69041
9656.89	12711.5	29.4146	-2101.54	-88.1746	3.69231
9656.05	12712.5	29.4146	-2101.54	-88.1746	3.70375
9655.08	12713.5	23.9024	-2587.57	-121.933	3.71519
9654.21	12714.6	26.1628	-2657	-74.7671	3.6885
9653.17	12715.2	33.4405	-662.629	150.048	3.69612
9652.02	12715.6	34.6255	1429.9	284.124	3.68469
9650.93	12716	34.6255	1429.9	284.124	3.69231
9649.94	12716.4	15.3891	919.938	2.32621	3.71328
9649.11	12717	12.7057	-801.493	-39.0935	3.71137
9648.47	12717.7	12.7057	-801.493	-39.0935	3.70184
9647.8	12718.4	11.9176	-3686.51	53.5621	3.71137
9646.89	12719.2	13.6534	-3262.73	-9.40538	3.68087
9646.04	12720	17.8065	-3162.18	-48.1915	3.719
9645.14	12721	14.5393	-3830.16	-78.5978	3.70947
9643.93	12722	17.1206	-4167.74	-41.9665	3.69422
9642.77	12722.8	21.7069	-3310.62	67.6879	3.69041
9641.72	12723.4	21.0072	-1342.58	223.311	3.71137
9640.57	12724	18.8202	848.112	290.109	3.72662
9639.38	12724.6	22.6237	1901.56	199.13	3.71137
9638.53	12725.2	19.0793	2516.87	137.599	3.69612
9637.88	12725.9	15.925	1422.72	121.079	3.70375
9637.26	12726.8	15.925	1422.72	121.079	3.70375
9636.59	12727.6	27.4431	-2374.48	174.709	3.71328
9635.87	12728.4	30.8113	-1950.71	177.342	3.72662
9634.99	12729	24.6431	-1926.77	174.948	3.69041
9634.08	12729.5	24.6431	-1926.77	174.948	3.69041
9633.2	12730.1	17.3633	-107.174	187.398	3.69422
9632.09	12730.7	17.3633	-107.174	187.398	3.71519
9630.92	12731.4	15.7419	-456.728	7.83287	3.70375
9629.82	12732.1	15.7419	-456.728	7.83287	3.69231
9628.91	12733	17.3122	-770.368	-6.29292	3.71709
9628.19	12733.9	17.3122	-770.368	-6.29292	3.69994
9627.42	12734.9	20.7592	-3839.73	88.5175	3.71709
9626.52	12736	20.7592	-3839.73	88.5175	3.71709
9625.53	12737.1	34.6255	-3380.05	-148.987	3.71519
9624.39	12738.3	34.6255	-3380.05	-148.987	3.71137
9623.26	12739.5	31.3286	-4009.72	-135.819	3.68278
9622.1	12740.4	19.9291	-4091.13	-95.1178	3.73044
9620.93	12740.8	17.2494	-1907.61	128.022	3.68659
9619.66	12741.2	17.2494	-1907.61	128.022	3.71519
9618.15	12741.5	23.3086	2550.39	294.658	3.6885
9617.1	12742.1	25.5849	2191.26	216.607	3.69612
9616.41	12742.8	27.6921	1121.05	137.838	3.69994
9615.68	12743.4	19.1299	-1167.81	122.036	3.69041
9614.93	12744.2	21.1626	-2941.91	134.726	3.70375
9614.16	12745	22.9079	-2747.98	76.0676	3.71137
9613.17	12746	22.86	-2489.4	-4.8564	3.69041
9612.08	12746.9	20.8981	-3238.79	-24.2494	3.70756
9611.03	12747.6	20.8981	-3238.79	-24.2494	3.68469
9609.85	12748.1	20.7895	-3518.91	18.1279	3.69994
9608.69	12748.7	22.0421	579.962	154.597	3.69041
9607.61	12749.3	23.1404	2148.16	145.26	3.70566
9606.39	12749.9	19.3225	2375.61	108.629	3.71519
9605.59	12750.7	19.3225	2375.61	108.629	3.67325
9604.96	12751.5	16.2453	50.8433	105.516	3.70375
9604.18	12752.5	16.2453	50.8433	105.516	3.72091
9603.37	12753.4	15.4051	-2355.33	64.5755	3.69231
9602.47	12754.4	15.4051	-2355.33	64.5755	3.719
9601.55	12755.3	14.0844	-2403.21	-40.7694	3.72472
9600.37	12755.9	14.0844	-2403.21	-40.7694	3.69803
9599.12	12756.3	15.1252	-662.629	240.07	3.71328
9597.99	12756.7	15.1252	-662.629	240.07	3.719
9596.65	12757.2	16.6279	1413.14	108.15	3.71519
9595.62	12757.9	16.6279	1413.14	108.15	3.6885
9594.87	12758.7	29.4864	160.977	-27.1225	3.69994
9594.02	12759.5	29.4864	160.977	-27.1225	3.69231
9593.16	12760.3	34.6255	-4546.02	112.22	3.73044
9592.2	12761.3	30.5655	-4280.27	33.4508	3.69612
9591.4	12762.2	22.5194	-3547.64	-71.8941	3.70184
9590.24	12763.2	22.935	-3942.69	-111.398	3.69422
9589.19	12764.3	25.9532	-4622.64	-86.9775	3.69231
9588	12765.6	24.0163	-4529.26	-65.1903	3.69803
9586.66	12766.5	22.7669	-4637	-57.7683	3.71328
9585.41	12767.3	23.3692	-3878.04	33.4508	3.69994
9583.94	12767.8	23.7449	-1110.34	239.352	3.69041
9582.78	12768.3	23.7449	-1110.34	239.352	3.6885
9581.85	12768.8	31.1514	3685.24	240.549	3.69041
9581.17	12769.5	31.1514	3685.24	240.549	3.68469
9580.5	12770.2	23.9029	-183.789	208.467	3.69231
9579.82	12770.9	23.5054	-1878.88	199.369	3.70375
9578.99	12771.6	26.182	-1819.03	152.203	3.70756
9578.17	12772	26.182	-1819.03	152.203	3.71328
9577.26	12772.5	34.6255	-1536.51	144.542	3.72472
9576.34	12773	34.6255	-1536.51	144.542	3.68087
9575.14	12773.7	28.967	-1268.36	47.816	3.72091
9573.93	12774.5	28.967	-1268.36	47.816	3.71709
9572.84	12775.3	13.5188	-1309.06	13.1001	3.719
9571.79	12776.2	13.5188	-1309.06	13.1001	3.68469
9571.1	12777.2	34.6255	-2326.6	-10.6025	3.69422
9570.33	12778.3	34.6255	-4352.09	11.903	3.72281
9569.43	12779.2	34.6255	-4352.09	11.903	3.71328
9568.45	12780.4	29.373	-4249.14	-119.06	3.72662
9567.29	12781.7	21.8006	-4347.31	-134.143	3.73044
9566.33	12782.9	14.7187	-4826.15	-113.074	3.73044
9565.17	12784.3	15.3114	-4957.83	-63.9932	3.72091
9564.01	12785.4	14.2531	-4842.91	-75.9642	3.70756
9562.64	12786.3	11.783	-3796.64	-2.46219	3.69803
9561.26	12786.9	11.2908	-957.116	219.72	3.71328
9560.05	12787.4	14.9555	2703.62	378.455	3.70184
9559.15	12788	21.0859	4769.81	331.768	3.70947
9558.53	12788.6	19.4912	3680.45	229.057	3.69994
9557.9	12789.5	24.9789	709.249	214.931	3.69612
9557.3	12790.3	24.9789	709.249	214.931	3.69612
9556.36	12791	34.6255	-418.42	154.358	3.70375
9555.4	12791.5	31.0668	-818.252	114.375	3.69041
9554.48	12792	19.7583	-789.522	235.521	3.72281
9553.43	12792.6	24.7516	-633.898	151.006	3.70756
9552.32	12793.1	33.5235	-835.011	58.5899	3.70184
9551.24	12793.8	33.5235	-835.011	58.5899	3.71519
9549.85	12794.6	34.6255	-1637.07	-10.1236	3.70184
9548.49	12795.5	29.9238	-1799.87	-13.9544	3.70375
9547.2	12796.4	23.697	-1720.87	22.6769	3.70375
9545.71	12797.4	23.7832	-1663.41	25.55	3.719
9544.68	12798.4	24.1967	-1936.34	5.91751	3.72091
9543.79	12799.6	21.9123	-2788.68	4.00215	3.70184
9542.85	12800.7	31.4451	-5453.43	21.9587	3.68659
9542.07	12802	31.4451	-5453.43	21.9587	3.70375
9541.23	12803.3	34.4308	-7553.14	31.7749	3.69612
9540.15	12804.5	23.5273	-7100.64	-11.5602	3.72281
9539.17	12805.7	20.813	-6561.94	-48.6703	3.69231
9538.13	12806.5	20.813	-6561.94	-48.6703	3.71709
9536.77	12807.1	18.4929	-1960.29	311.896	3.69041
9535.62	12807.6	18.4929	-1960.29	311.896	3.69422
9534.69	12808.3	17.9975	2689.25	257.788	3.70375
9534.01	12809	12.2885	2164.92	151.724	3.68087
9533.3	12809.8	9.1517	510.53	92.5876	3.68469
9532.64	12810.7	9.22088	-832.617	27.2259	3.66563
9531.85	12811.6	13.2724	-1196.54	-12.9967	3.70184
9530.84	12812.7	15.3971	-1526.94	-35.5022	3.69041
9529.86	12813.5	15.3971	-1526.94	-35.5022	3.70184
9528.93	12814.2	17.7826	-1704.11	100.488	3.69422
9527.79	12814.6	14.3504	-64.0784	207.988	3.69612
9526.66	12815.1	15.395	366.878	184.525	3.69231
9525.51	12815.7	17.7544	139.429	110.065	3.70566
9524.05	12816.3	27.9677	-32.9538	46.8584	3.69803
9523.12	12817	27.9677	-32.9538	46.8584	3.71137
9522.33	12817.8	23.7726	-1742.41	10.9453	3.69231
9521.48	12818.7	23.7726	-1742.41	10.9453	3.68659
9520.63	12819.6	16.8508	-5321.75	73.9128	3.71137
9519.76	12820.5	21.3328	-4366.46	-32.1503	3.70756
9518.6	12821.6	21.4616	-4261.11	-49.3885	3.70184
9517.45	12822.8	21.4616	-4261.11	-49.3885	3.71328
9516.37	12823.8	28.1348	-5283.44	-60.6413	3.69041
9527.65	12825.1	28.1348	-5283.44	-60.6413	3.69041
9513.87	12826.1	25.6185	-5264.28	-75.0065	3.70375
9512.52	12827	25.3082	-4086.34	53.8016	3.69612
9511.01	12827.6	29.8477	-1093.59	298.968	3.719
9509.78	12828.2	28.884	2191.26	392.82	3.68469
9508.99	12828.8	34.6255	3603.84	243.422	3.69422
9508.42	12829.5	34.6255	2583.91	103.122	3.67706
9507.79	12830.2	33.3815	508.136	118.206	3.68469
9507.17	12831.1	33.3815	508.136	118.206	3.71519
9506.39	12832	16.8828	-835.011	75.8282	3.71137
9505.39	12832.9	20.2915	-1392.86	52.1256	3.6885
9504.47	12834	25.5605	-2355.33	50.6891	3.71709
9503.59	12834.9	25.5605	-2355.33	50.6891	3.6885
9502.41	12835.5	17.6139	-2084.78	142.866	3.69041
9501.33	12836	17.6139	-2084.78	142.866	3.71519
9500.18	12836.5	23.3336	-353.777	183.807	3.71519
9498.7	12837.1	23.3336	-353.777	183.807	3.72853
9497.43	12837.8	18.1503	-449.545	62.6601	3.72662
9496.13	12838.6	18.1503	-449.545	62.6601	3.69803
9494.96	12839.4	22.0969	-918.808	50.6891	3.71519
9494.21	12840.4	14.99	-2434.34	68.1667	3.71709
9493.28	12841.4	14.4186	-5027.26	133.528	3.70375
9492.3	12842.4	14.4186	-5027.26	133.528	3.71519
9491.28	12843.6	28.8324	-6059.16	-2.22278	3.69994
9490.21	12844.7	28.8324	-6059.16	-2.22278	3.69041
9489.06	12845.9	34.6255	-4938.67	-123.369	3.71709
9487.79	12847.3	16.415	-5915.51	-106.61	3.70756
9486.4	12848.4	13.3644	-6224.36	-90.09	3.71137
9485.08	12849.2	13.3644	-6224.36	-90.09	3.6885
9483.57	12849.8	15.5206	-839.8	304.235	3.71709
9482.34	12850.3	14.31	2385.19	360.499	3.69041
9481.38	12851	14.0711	3694.82	239.113	3.69994
9480.67	12851.7	9.79077	2832.91	141.429	3.69422
9480.1	12852.6	5.47268	-123.933	184.764	3.69612
9479.42	12853.5	9.97648	-1828.61	180.455	3.71137
9478.65	12854.4	21.4286	-1548.48	67.6879	3.67897
9477.88	12855.4	19.6173	-1984.23	15.0155	3.69041
9477.01	12856.5	19.1331	-3018.52	29.3807	3.69231
9476	12857.3	19.1331	-3018.52	29.3807	3.6885
9474.95	12857.8	17.8145	-3162.18	90.1934	3.69422
9473.75	12858.3	18.7228	-830.223	275.983	3.69041
9472.56	12858.9	16.6832	-964.298	186.44	3.69994
9471.23	12859.6	11.0508	-1376.1	115.572	3.69612
9469.99	12860.4	9.62422	-1301.88	83.2502	3.72281
9468.72	12861.2	9.62422	-1301.88	83.2502	3.719
9467.1	12862.1	12.6323	-1275.54	75.3494	3.69041
9465.98	12863	20.5586	-1060.07	59.0688	3.70756
9465.09	12864	24.9906	-1799.87	1.36852	3.69041
9464.29	12865.2	19.5178	-4016.91	-9.16595	3.70947
9463.53	12866.4	15.8978	-6147.75	50.2103	3.69803
9462.66	12867.6	18.8697	-6001.7	20.2827	3.69612
9461.5	12868.9	19.1804	-5771.86	-36.2205	3.70375
9460.43	12870.2	15.9894	-6485.33	-32.3897	3.69994
9459.36	12871.7	11.7793	-6770.24	-30.7138	3.69422
9458.04	12872.8	10.2287	-6473.36	2.32622	3.70375
9456.95	12873.7	10.2287	-6473.36	2.32622	3.72662
9455.61	12874.3	14.2446	-1045.7	386.117	3.70375
9454.14	12874.9	14.2169	2117.04	431.846	3.71519
9453.06	12875.6	15.8324	3266.26	292.982	3.719
9452.07	12876.3	19.4896	3347.66	203.439	3.69041
9451.36	12877.1	16.0607	1877.62	132.571	3.719
9450.7	12878	12.9345	-473.487	60.2659	3.6885
9449.83	12879.1	10.6065	-1244.42	41.1123	3.70184
9449	12879.9	10.6065	-1244.42	41.1123	3.69041
9447.95	12880.8	20.9125	-2913.18	96.8972	3.6885
9447	12881.5	20.9125	-2913.18	96.8972	3.70375
9445.91	12882	22.9047	-1823.82	247.492	3.68278
9444.72	12882.5	28.5456	-1728.05	149.809	3.70947
9443.59	12883.2	22.4024	-1656.22	74.1523	3.69422
9442.18	12884.1	20.987	-1866.91	22.4375	3.70947
9440.78	12885	26.3288	-2039.29	14.2972	3.71137
9439.42	12885.8	23.3724	-1919.58	37.7604	3.71709
9438.14	12886.8	16.4837	-1883.67	33.6902	3.719
9437.01	12887.8	9.00591	-2063.24	8.07229	3.69041
9436.11	12888.9	8.11941	-3363.29	-52.9798	3.69994
9435.19	12890.3	7.19193	-5874.81	15.7337	3.719
9434.43	12891.4	11.0705	-6293.79	-31.9109	3.70756
9433.33	12892.7	12.0836	-6423.08	-44.8396	3.69994
9432.31	12894.1	12.0836	-6423.08	-44.8396	3.72662
9431.17	12895.3	4.99112	-6375.19	-62.0778	3.70184
9429.91	12896.9	8.00021	-6638.56	-88.414	3.71328
9428.7	12898.2	10.5251	-6775.03	-88.1746	3.71328
9427.38	12899.2	10.5251	-6775.03	-88.1746	3.69422
9426.08	12899.9	10.9737	-4766.29	86.8415	3.69231
9424.76	12900.6	13.0845	3342.87	304.953	3.72281
9423.47	12901.3	17.865	3141.76	284.842	3.69994
9422.65	12902.2	19.4055	2500.11	233.127	3.69994
9422.01	12903.1	17.5021	1549.61	138.077	3.70375
9421.26	12904.1	19.1113	-748.82	128.501	3.6885
9420.28	12905.1	20.0856	-722.484	8.07229	3.69231
9419.47	12906.3	20.0856	-722.484	8.07229	3.69041
9418.45	12907.3	22.4221	-2199.71	37.0421	3.69422
9417.28	12907.9	22.4221	-2199.71	37.0421	3.70184
9416.21	12908.4	28.7734	448.281	205.594	3.71137
9415.15	12909.1	32.4252	596.721	121.318	3.719
9413.77	12909.7	22.5019	-107.174	65.7726	3.72281
9412.6	12910.5	10.9667	-662.629	21.7192	3.719
9411.31	12911.3	17.5894	-1122.32	-3.18046	3.71137
9410.14	12912.2	23.3229	-2554.05	70.561	3.70947
9409.34	12913.1	21.7771	-4696.86	178.061	3.72091
9408.47	12914.2	17.4	-6248.3	160.822	3.719
9407.43	12915.3	19.0032	-6030.43	22.6769	3.69422
9406.53	12916.5	21.1157	-5549.19	-59.4442	3.68659
9405.36	12917.7	21.7303	-5814.95	-62.0778	3.72281
9403.96	12919	25.7738	-6068.74	-52.501	3.72662
9402.76	12920.3	31.2535	-6279.43	-40.53	3.70756
9401.5	12921.7	24.8086	-6447.02	-29.0378	3.69422
9400.27	12922.9	22.8015	-5585.11	25.55	3.72281
9398.68	12923.8	27.3606	-3329.77	118.924	3.69231
9397.54	12924.4	27.806	838.536	209.664	3.70184
9396.83	12925.2	24.9294	3084.3	223.55	3.67897
9396.17	12925.9	33.1005	1494.55	169.92	3.69422
9395.42	12926.8	34.6255	697.278	76.7859	3.70947
9394.69	12927.8	22.0475	833.747	-28.3196	3.69231
9393.83	12928.8	18.5563	196.89	-59.923	3.719
9392.83	12929.9	19.1575	-700.936	-50.5857	3.71709
9391.81	12931	27.409	-1416.8	-25.9254	3.70756
9390.7	12932.2	34.6255	-1974.65	-28.0802	3.69041
9389.6	12933.4	34.6255	-2534.89	-36.6993	3.68659
9388.5	12934.5	28.9718	-2716.85	18.3674	3.69041
9387.28	12935.2	16.473	-1625.1	163.935	3.68278
9386.18	12935.6	13.6214	-710.513	259.703	3.71519
9385.31	12936.2	13.6214	-710.513	259.703	3.69994
9384.44	12936.8	14.111	-4675.31	218.523	3.69041
9383.58	12937.5	13.7476	-5649.75	244.619	3.66944
9382.65	12938.3	15.8116	-6198.02	197.932	3.6885
9381.66	12939.1	20.2143	-6217.18	141.908	3.69612
9380.45	12940	22.2002	-6250.7	114.135	3.69041
9379.22	12941	24.5292	-6456.6	139.035	3.67325
9378.06	12942	29.6881	-6360.83	125.628	3.69041
9376.7	12943	34.6255	-6190.84	92.827	3.71137
9375.52	12944	26.3932	-5357.66	141.669	3.70375
9374.64	12944.9	17.1744	-3143.02	222.832	3.69994
9373.97	12945.6	13.2974	-1438.35	137.12	3.69994
9373.37	12946.5	10.6688	-401.661	-88.1746	3.70184
9372.68	12947.5	23.341	654.182	-255.05	3.68469
9371.89	12948.4	23.6156	273.504	-306.047	3.68659
9371.08	12949.5	21.2727	-873.319	-276.119	3.69231
9370.18	12950.6	21.3775	-1426.38	-242.361	3.70184
9369.26	12951.8	23.7454	-1814.24	-222.25	3.68469
9368.27	12953	23.5459	-1984.23	-204.772	3.69612
9367.08	12954.4	21.3967	-2326.6	-195.914	3.69422
9365.81	12955.7	18.9591	-2649.82	-166.944	3.719
9364.62	12957.2	23.6496	-3037.68	-138.213	3.70947
9363.42	12958.5	23.6496	-3037.68	-138.213	3.72472
9362.33	12960	21.3876	-4778.26	-102.54	3.73997
9361.22	12961.5	24.5298	-6346.46	-22.8129	3.70375
9360.24	12963	14.2254	-7182.04	51.1679	3.70947
9359.23	12964	11.3754	-6368.01	305.911	3.70756
9358.35	12964.5	13.101	-3767.91	587.469	3.69612
9357.54	12965	10.3553	-2826.99	548.922	3.719
9356.67	12965.5	14.501	-3947.47	401.44	3.70375
9355.77	12966.2	14.501	-3947.47	401.44	3.69041
9354.66	12967	26.2804	-2800.65	-80.5132	3.71137
9353.55	12967.8	26.2804	-2800.65	-80.5132	3.70375
9352.31	12968.6	5.53227	-3523.7	-86.2593	3.70756
9351.14	12969.6	4.85756	-3662.56	-56.5712	3.74187
9349.97	12970.5	6.73432	-3593.13	-35.7416	3.69041
9348.46	12971.4	6.73432	-3593.13	-35.7416	3.719
9347.03	12972.2	11.6303	-2491.8	-7.96886	3.72472
9345.61	12973.2	11.3483	1688.48	-214.828	3.69803
9344.2	12974.1	11.2892	2385.19	-287.372	3.73044
9342.84	12975.2	7.07114	2545.6	-289.527	3.71519
9341.67	12976.4	7.07114	2545.6	-289.527	3.72662
9340.94	12977.5	-0.013402	-1031.34	-222.01	3.71137
9340.38	12978.9	-0.013402	-1031.34	-222.01	3.70947
9339.72	12980.2	-0.887131	-4292.24	-33.8262	3.69041
9338.87	12981.6	2.67696	-5166.12	30.0989	3.70947
9338.05	12983	18.7883	-4471.8	-45.5578	3.73997
9337.17	12984.5	18.7883	-4471.8	-45.5578	3.719
9336.11	12986	30.8683	-5261.89	-38.3752	3.70375
9334.89	12987.6	34.5446	-5106.27	-51.5433	3.70947
9333.81	12988.9	29.7104	-4196.47	54.2804	3.719
9332.59	12989.9	24.848	-1661.01	265.21	3.69231
9331.41	12990.6	24.9661	2205.62	449.803	3.719
9330.52	12991.3	28.1902	4125.77	420.593	3.69041
9329.91	12991.9	22.8483	1954.23	331.768	3.69422
9329.19	12992.7	21.1482	-1524.54	258.745	3.69422
9328.47	12993.4	28.7877	-2688.12	115.093	3.69994
9327.72	12994.2	26.208	-1819.03	59.3082	3.69994
9326.78	12995	20.4208	-1893.25	19.8039	3.69231
9325.83	12995.7	20.4208	-1893.25	19.8039	3.71137
9324.9	12996.6	16.0596	-2254.77	-23.5312	3.72472
9323.68	12997.7	16.0596	-2254.77	-23.5312	3.71137
9322.44	12998.7	21.2589	-3365.68	-55.6135	3.72091
9321.31	12999.8	21.2589	-3365.68	-55.6135	3.6885
9320.29	13001	18.4796	-4012.12	21.001	3.70375
9319.39	13002.2	18.4796	-4012.12	21.001	3.70756
9318.61	13003.5	15.9745	-6530.82	-14.9121	3.72662
9317.57	13004.9	15.9745	-6530.82	-14.9121	3.70947
9316.53	13006.3	30.5613	-6739.11	-97.9908	3.70375
9315.5	13007.7	34.6255	-6593.07	-97.2726	3.70756
9314.44	13009	33.2873	-6494.9	-72.1334	3.719
9313.06	13010.5	26.365	-5628.2	37.0421	3.69041
9312.07	13011.3	14.9757	-1210.9	130.655	3.72472
9311.04	13011.9	10.9662	1449.06	396.651	3.70947
9310.3	13012.5	8.66376	2327.73	357.147	3.68659
9309.63	13013.2	16.6295	1073.17	311.178	3.69231
9308.87	13014	16.9099	1331.74	157.47	3.69041
9307.96	13014.8	16.3421	2045.21	-6.29292	3.70756
9307.07	13015.8	10.4469	989.37	-41.9665	3.68659
9306.15	13016.8	21.3967	-425.603	-13.9544	3.69612
9305.01	13017.9	26.0511	-971.481	11.903	3.69994
9303.82	13018.9	32.8898	-1064.85	14.0578	3.69231
9302.71	13019.8	22.7818	-327.441	118.445	3.69803
9301.39	13020.3	13.6145	709.249	203.918	3.69041
9300.28	13020.8	12.0592	776.286	156.034	3.69041
9299.26	13021.3	12.0592	776.286	156.034	3.69612
9298.19	13022	13.3868	-2793.47	148.612	3.69612
9297.26	13022.8	2.37578	-4529.26	180.934	3.69041
9296.34	13023.5	5.98404	-5446.24	222.353	3.70375
9295.25	13024.3	14.045	-5891.57	191.708	3.67134
9294.14	13025.2	14.0322	-6078.31	143.345	3.68087
9293.11	13026.2	14.0322	-6078.31	143.345	3.68659
9291.89	13027.2	10.3266	-6205.21	149.33	3.69612
9290.95	13028	11.0492	-5680.88	197.932	3.68469
9290.17	13028.7	9.34273	-3911.56	211.579	3.69041
9289.39	13029.4	15.5019	-1289.91	49.9708	3.719
9288.46	13030.1	24.2924	225.62	-165.747	3.69612
9287.6	13030.9	24.6644	565.597	-242.84	3.69041
9286.65	13031.7	29.2805	103.516	-237.812	3.71137
9285.46	13032.7	32.1246	-720.09	-212.434	3.69041
9284.47	13033.6	34.6255	-1407.23	-164.31	3.70947
9283.55	13034.8	34.6255	-1972.26	-146.114	3.69041
9282.59	13035.9	32.0315	-3044.86	-125.045	3.67897
9281.78	13037	34.1802	-4423.92	-59.923	3.70184
9280.97	13038.2	34.6255	-4895.58	-72.1335	3.71137
9279.96	13039.5	34.6255	-4680.1	-122.412	3.69612
9278.85	13041	30.3479	-4771.08	-113.314	3.69994
9277.92	13042.2	15.7696	-5132.6	-107.328	3.69041
9276.8	13043.3	18.0763	-3815.79	24.3529	3.6885
9275.77	13044	18.0763	-3815.79	24.3529	3.69803
9274.92	13044.4	30.6948	1743.54	403.116	3.70947
9274.13	13044.9	31.1492	115.487	203.918	3.68087
9273.21	13045.5	31.1492	115.487	203.918	3.67897
9272.21	13046.2	34.6255	-296.316	-114.032	3.68469
9271.18	13047	34.5095	-265.191	-166.944	3.70184
9270.14	13047.9	30.8821	-969.087	-134.383	3.71519
9269.07	13048.8	25.4711	-1826.21	-79.3161	3.68659
9267.96	13049.7	24.9741	-2367.3	-68.7816	3.69803
9266.5	13050.8	30.574	-2549.26	-86.0198	3.69231
9265.27	13051.8	26.7668	-2793.47	-93.2024	3.72662
9263.94	13052.9	25.2822	-3020.92	-70.4575	3.71137
9262.45	13054.1	19.9126	-3123.87	-41.9665	3.70947
9260.98	13055.2	19.9126	-3123.87	-41.9665	3.71137
9259.39	13055.9	16.7221	-2135.06	34.4085	3.71328
9258.08	13056.3	18.4764	876.843	207.27	3.6885
9257.34	13056.8	18.4764	876.843	207.27	3.67897
9256.71	13057.5	8.95004	19.7185	446.211	3.69231
9255.95	13058.1	9.68329	-2149.43	237.916	3.69994
9255.11	13058.6	9.68329	-2149.43	237.916	3.70947
9254.1	13059.3	26.8923	-2094.36	-36.6993	3.69041
9253.04	13060.1	26.8923	-2094.36	-36.6993	3.69041
9251.93	13060.9	32.9813	-2520.53	20.2827	3.72472
9250.94	13061.6	25.5014	-2824.59	14.776	3.69422
9249.83	13062.5	13.7428	-3104.71	-13.2361	3.68659
9248.5	13063.4	18.5903	-3214.85	-23.2917	3.71137
9247.09	13064.1	26.0729	-2388.85	7.59344	3.66944
9245.78	13064.8	26.0729	-2388.85	7.59344	3.69422
9244.27	13065.6	21.9958	34.0839	26.2682	3.71328
9243.03	13066.6	21.9958	34.0839	26.2682	3.70375
9241.91	13067.6	15.7148	134.64	9.02997	3.70184
9241.13	13068.6	17.0499	-131.116	18.3674	3.69803
9240.48	13069.7	18.4573	-1467.08	13.579	3.69041
9239.8	13070.8	20.5948	-2302.66	-30.2349	3.70947
9238.94	13071.8	23.1564	-1972.26	-6.77176	3.70375
9238.07	13072.8	27.4346	-2029.72	21.9587	3.70756
9237.17	13073.5	31.5515	-1445.53	55.9563	3.70947
9236.05	13074.2	31.5515	-1445.53	55.9563	3.69041
9234.86	13074.8	21.8006	1729.18	195.299	3.72281
9233.69	13075.5	21.8006	1729.18	195.299	3.68087
9232.46	13076.2	11.3578	752.344	35.3662	3.68087
9231.7	13077	16.9887	-535.736	24.3529	3.70375
9230.95	13077.8	16.4624	-2896.42	77.0253	3.69041
9230.11	13078.9	14.4585	-4462.23	43.5065	3.69422
9229.25	13079.9	12.2635	-4256.33	-67.5845	3.68469
9228.22	13080.8	12.2635	-4256.33	-67.5845	3.71519
9227.19	13081.7	14.2153	-4323.36	0.889697	3.70756
9226.09	13082.2	14.2153	-4323.36	0.889697	3.71519
9224.98	13082.7	17.201	-1103.16	199.369	3.69231
9223.79	13083.2	17.201	-1103.16	199.369	3.6885
9222.29	13083.7	23.1755	-516.583	166.568	3.6885
9220.88	13084.4	23.1755	-516.583	166.568	3.69994
9219.81	13085.2	19.3023	-1048.1	76.0676	3.68087
9218.91	13086	19.3023	-1048.1	76.0676	3.67897
9218.23	13086.9	20.2361	-4558	141.669	3.69994
9217.47	13087.8	20.2361	-4558	141.669	3.70375
9216.48	13088.9	21.4446	-5197.25	-54.8952	3.70947
9215.54	13089.8	23.3181	-5182.88	-90.8083	3.70375
9214.6	13090.6	27.3782	-4601.09	-54.177	3.68087
9213.47	13091.4	25.9207	-3202.88	25.3105	3.6885
9212.4	13092.1	25.9207	-3202.88	25.3105	3.69041
9211.28	13092.8	18.3679	283.081	55.9563	3.69041
9210.05	13093.6	20.0462	716.431	-5.09582	3.70375
9209.27	13094.5	27.8464	486.588	-15.1515	3.68469
9208.68	13095.5	27.8464	486.588	-15.1515	3.69612
9208.06	13096.5	34.6255	-3202.88	79.8983	3.69422
9207.24	13097.7	34.6255	-3202.88	79.8983	3.69612
9206.43	13098.9	32.38	-2872.48	-101.103	3.72853
9205.63	13100	32.38	-2872.48	-101.103	3.69422
9204.58	13101.2	20.6288	-3933.11	-65.4297	3.69422
9203.5	13102	16.2788	-3188.51	28.1836	3.69994
9202.38	13102.5	16.2788	-3188.51	28.1836	3.70756
9201.21	13103	23.8609	1784.25	195.059	3.69041
9200.06	13103.6	23.8609	1784.25	195.059	3.71137
9199.08	13104.4	26.4432	919.938	72.2369	3.69041
9198.44	13105.1	20.0675	-2096.76	217.326	3.69422
9197.7	13105.9	15.8851	-3001.76	126.825	3.72662
9196.8	13107	13.7891	-3892.41	98.0943	3.71137
9196.08	13107.9	12.7456	-3511.73	20.2827	3.69994
9195.11	13108.9	12.7882	-3830.16	-11.5602	3.71519
9194.1	13110.1	15.1789	-4560.39	-29.9955	3.69041
9193.04	13111.2	15.1789	-4560.39	-29.9955	3.69612
9191.92	13112.1	18.718	-3973.81	48.2949	3.71137
9190.68	13112.9	27.4548	-2769.53	134.726	3.6885
9189.44	13113.5	34.6255	-736.849	188.595	3.719
9188.18	13114.2	34.6255	-736.849	188.595	3.71519
9187.11	13114.9	27.2834	1927.9	181.173	3.70756
9186.35	13115.7	14.4063	1314.98	119.882	3.71137
9185.61	13116.7	12.5285	-1186.96	172.793	3.70947
9184.8	13117.6	18.2838	-3159.78	185.722	3.73044
9184	13118.4	19.9392	-2518.14	156.513	3.71137
9183.1	13118.9	14.3856	-1502.99	213.016	3.71519
9182.16	13119.4	14.3856	-1502.99	213.016	3.69041
9181.14	13120	21.4126	-1608.34	103.362	3.72281
9180.04	13120.6	21.4126	-1608.34	103.362	3.68087
9178.94	13121.4	15.6131	-1426.38	-19.2216	3.67134
9178.03	13122.3	9.68009	-1668.19	-20.4187	3.69994
9177.2	13123.2	12.8009	-3339.35	23.6346	3.69041
9176.4	13124.2	18.5057	-4146.19	1.84736	3.71137
9175.47	13125.2	18.5057	-4146.19	1.84736	3.70184
9174.44	13126.3	12.7424	-2989.79	-163.592	3.71328
9173.41	13127.5	12.7424	-2989.79	-163.592	3.70756
9172.14	13128.7	26.6768	-3940.29	-129.355	3.72091
9170.8	13130.1	34.6255	-4237.17	-124.088	3.69231
9169.59	13131.3	34.6255	-4258.72	-109.483	3.71137
9168.38	13132.8	34.6255	-4258.72	-109.483	3.73806
9167.09	13134	22.2805	-4057.61	-110.441	3.69231
9166.07	13135.1	15.3556	-3277.1	-25.2071	3.70184
9165.18	13135.9	15.3556	-3277.1	-25.2071	3.73044
9164.39	13136.8	28.0912	2129.01	213.255	3.69994
9163.61	13137.6	32.0416	2404.34	152.203	3.69041
9162.73	13138.5	24.087	1693.27	81.0954	3.69612
9161.82	13139.5	24.087	1693.27	81.0954	3.69612
9160.88	13140.1	26.2096	874.449	75.3494	3.6885
9159.93	13140.5	32.4854	1583.13	157.71	3.69041
9159.06	13140.9	34.6255	1111.47	111.981	3.70184
9158.18	13141.4	34.6255	1111.47	111.981	3.69041
9157.31	13142	30.8513	-1943.53	-100.624	3.719
9156.33	13142.7	26.6433	-2333.78	-62.0778	3.69994
9155.24	13143.4	26.6433	-2333.78	-62.0778	3.719
9154.07	13144.2	24.7256	-2707.28	-58.2471	3.70756
9152.84	13145.2	17.3803	-2783.89	-52.9799	3.70375
9151.55	13146.1	14.7671	-3581.16	-44.1213	3.71709
9150.29	13147.1	14.7671	-3581.16	-44.1213	3.70375
9149.22	13148.1	34.6255	-3777.49	-50.3462	3.71519
9148.29	13149.2	34.6255	-3777.49	-50.3462	3.69041
9147.57	13150.2	31.9384	-5822.13	22.9163	3.69994
9146.81	13150.9	18.8995	-5429.48	110.065	3.69041
9146.05	13151.6	18.8995	-5429.48	110.065	3.70756
9145.19	13152.3	13.7151	-2750.37	121.797	3.69994
9144.31	13153	16.1341	-341.806	43.7459	3.71137
9143.52	13153.9	16.009	-621.927	39.1969	3.70947
9142.76	13154.8	16.7013	-887.684	6.87519	3.69803
9141.9	13155.9	25.3434	-1189.35	-61.599	3.69231
9141.15	13156.8	25.3434	-1189.35	-61.599	3.69041
9140.19	13158	24.5111	-1790.3	-152.339	3.68087
9139.34	13159.1	20.2824	-2333.78	-196.632	3.69994
9138.36	13160.3	20.2824	-2333.78	-196.632	3.69041
9137.36	13161.4	18.0726	-2934.73	-127.44	3.69803
9136.35	13161.9	16.6795	-1373.71	65.0543	3.67897
9135.45	13162.3	16.6795	-1373.71	65.0543	3.69994
9134.56	13162.8	15.4961	924.727	206.791	3.67706
9133.9	13163.2	22.281	-1404.83	98.3337	3.67134
9133.15	13163.9	28.4865	-2192.52	19.5645	3.70184
9132.19	13164.6	28.4865	-2192.52	19.5645	3.69231
9131.21	13165.2	34.6255	-1457.5	-59.6836	3.69231
9130.33	13165.9	32.7807	-2542.08	-55.1346	3.71137
9129.24	13166.8	32.7807	-2542.08	-55.1346	3.6885
9127.95	13167.6	25.171	-2743.19	-43.1636	3.69803
9126.76	13168.3	23.8832	-2551.65	-13.4755	3.69041
9125.6	13169	34.6255	-1038.52	67.4485	3.70375
9124.22	13169.8	34.6255	-1038.52	67.4485	3.69231
9123.01	13170.6	25.3008	551.231	21.9587	3.6885
9122.03	13171.4	25.3008	551.231	21.9587	3.67706
9121.36	13172.3	23.0441	-846.982	24.3529	3.69994
9120.77	13173.3	23.6065	-2755.16	71.9975	3.66944
9120.05	13174.2	23.6065	-2755.16	71.9975	3.6885
9119.3	13174.9	30.5809	-2932.33	61.463	3.68087
9118.48	13175.7	34.6255	-940.356	79.1801	3.70184
9117.65	13176.5	25.7712	-487.852	121.557	3.68087
9116.58	13177.2	25.7712	-487.852	121.557	3.67897
9115.49	13177.8	28.6174	582.356	116.051	3.70375
9114.44	13178.3	28.6174	582.356	116.051	3.68087
9113.27	13179	27.607	620.663	37.521	3.70947
9112.33	13179.9	27.607	620.663	37.521	3.68659
9111.68	13180.7	17.9379	-1416.8	-18.2639	3.67897
9110.94	13181.6	17.9379	-1416.8	-18.2639	3.67325
9110.15	13182.6	16.0101	-3899.59	38.4786	3.71709
9109.2	13183.5	19.6694	-3643.41	-18.7428	3.69231
9108.25	13183.9	17.9837	-2041.69	90.1934	3.69803
9107.16	13184.2	15.843	-583.62	172.315	3.66563
9106.07	13184.6	19.6588	-42.5306	95.7001	3.69041
9105.1	13185.2	24.5627	98.7273	57.6323	3.70375
9104.08	13185.8	24.5627	98.7273	57.6323	3.67325
9103.33	13186.5	27.243	-1459.9	-12.5178	3.68469
9102.61	13187.2	15.4423	-3382.44	49.492	3.69041
9101.79	13188	16.4832	-4349.7	27.9442	3.68659
9101	13188.9	16.4832	-4349.7	27.9442	3.69231
9100.1	13189.9	28.4961	-3296.25	-150.663	3.69041
9099.07	13190.9	28.4961	-3296.25	-150.663	3.71519
9098.04	13192	30.3771	-3923.53	-80.2737	3.73044
9096.82	13193.2	23.3139	-3739.18	-90.5688	3.71519
9095.54	13194.2	17.5421	-3471.03	-71.4152	3.66563
9094.5	13195.1	17.5421	-3471.03	-71.4152	3.69803
9093.67	13195.9	29.3848	-427.997	126.585	3.70375
9093	13196.5	29.3848	-427.997	126.585	3.68469
9092.36	13197.3	24.0541	2059.58	134.486	3.6885
9091.63	13198.1	19.737	1537.64	52.1256	3.69041
9090.82	13198.9	19.737	1537.64	52.1256	3.6885
9089.86	13199.9	23.7747	864.872	-53.9375	3.70375
9088.98	13200.8	26.5449	-54.5016	-59.6836	3.67897
9088.01	13201.5	24.4936	-210.125	26.7471	3.70184
9087.03	13201.9	19.9419	723.614	167.526	3.69422
9086.35	13202.3	22.5216	108.304	159.146	3.68659
9085.69	13202.7	22.5216	108.304	159.146	3.69231
9084.8	13203.2	34.6255	-4229.99	70.0821	3.69041
9083.85	13203.8	34.6255	-4229.99	70.0821	3.70375
9082.82	13204.5	31.4318	-4773.47	63.6178	3.69994
9081.8	13205.3	31.4318	-4773.47	63.6178	3.69041
9080.71	13206.1	34.6255	-5015.29	38.9575	3.71137
9079.72	13207	31.966	-5039.23	39.4363	3.71137
9078.66	13207.8	24.2004	-4677.71	54.9987	3.69422
9077.98	13208.5	20.5059	-3444.69	60.5053	3.69041
9077.35	13209.3	18.7106	-2089.57	-15.6303	3.71519
9076.67	13210.1	23.6321	-949.933	-175.084	3.69994
9075.99	13211	24.501	-121.539	-264.148	3.70184
9075.11	13212	26.5411	-250.826	-272.768	3.6885
9074.18	13213	26.5411	-250.826	-272.768	3.70756
9073.26	13214.1	19.6258	-1244.42	-204.533	3.70184
9072.12	13215.3	19.6258	-1244.42	-204.533	3.69422
9070.91	13216.5	17.0663	-1931.56	-178.915	3.719
9069.97	13217.8	17.0663	-1931.56	-178.915	3.70947
9069.22	13219.1	18.8324	-2281.11	-146.833	3.69994
9068.57	13220.6	27.0616	-4871.64	-105.173	3.69231
9067.93	13221.4	27.0616	-4871.64	-105.173	3.719
9067.28	13221.8	19.5641	-1589.19	369.118	3.68659
9066.57	13222.1	14.683	1853.68	443.338	3.71137
9065.62	13222.6	13.6975	1650.17	204.157	3.69041
9064.94	13223	13.6975	1650.17	204.157	3.69803
9064.21	13223.7	14.8815	244.774	-27.8407	3.67897
9063.29	13224.5	19.5779	144.217	-60.4019	3.6885
9062.5	13225.1	19.5779	144.217	-60.4019	3.6885
9061.67	13225.9	24.459	-1328.22	-29.9955	3.70375
9060.76	13226.9	26.5199	-1893.25	-29.9955	3.69041
9059.95	13227.8	29.2299	-2475.04	-56.5712	3.70947
9059.17	13228.8	33.8258	-3573.98	-59.2048	3.69422
9058.32	13230	33.8258	-3573.98	-59.2048	3.71328
9057.6	13231.1	34.6255	-5060.78	-33.5868	3.70375
9056.79	13232.3	34.4914	-5079.93	-71.4152	3.70375
9055.87	13233.4	34.4914	-5079.93	-71.4152	3.69612
9055.11	13234.3	28.6164	-3538.07	110.065	3.69041
9054.39	13234.8	28.6164	-3538.07	110.065	3.71328
9053.68	13235.4	34.6255	1291.04	345.894	3.68659
9052.95	13236	25.0959	1777.06	242.704	3.69041
9052.23	13236.6	20.1276	1650.17	87.3204	3.71137
9051.52	13237.3	25.0784	1786.64	-66.6268	3.68087
9050.7	13238	25.0784	1786.64	-66.6268	3.719
9049.8	13238.7	34.6255	903.179	-121.454	3.67897
9048.9	13239.6	34.6255	903.179	-121.454	3.70947
9047.84	13240.6	33.4107	-681.782	-78.3584	3.69994
9046.68	13241.3	33.4107	-681.782	-78.3584	3.70184
9045.56	13241.8	26.9131	-40.1364	121.797	3.70184
9044.66	13242.2	26.9131	-40.1364	121.797	3.69041
9043.88	13242.6	30.8848	-1502.99	121.557	3.69803
9043.09	13243.1	30.8848	-1502.99	121.557	3.68469
9042.14	13243.7	34.6255	-3545.25	96.8972	3.69041
9041.29	13244.3	34.6255	-3473.42	-1.2651	3.72281
9040.36	13245	34.6255	-3921.14	-46.0367	3.66563
9039.43	13245.8	34.6255	-3921.14	-46.0367	3.68087
9038.66	13246.6	30.1638	-4048.03	-68.3027	3.71709
9037.77	13247.2	22.8195	-3370.47	53.0833	3.71137
9037.11	13247.8	22.8195	-3370.47	53.0833	3.69041
9036.36	13248.5	34.6255	-202.942	-18.9822	3.68278
9035.57	13249.2	34.6255	-9.01178	-124.566	3.67134
9034.89	13249.9	34.6255	-9.01178	-124.566	3.72091
9034	13250.8	34.6255	-90.4146	-158.085	3.69041
9033.13	13251.6	26.7689	-1225.27	-183.464	3.69231
9032.29	13252.7	26.7689	-1225.27	-183.464	3.6885
9031.51	13253.6	24.8442	-2307.45	-133.664	3.69994
9030.75	13254.8	28.2593	-2896.42	-127.44	3.71137
