0	0.332786	0	-67.8517	0	0	0	0	0	0	0.0425647	0	-13.9793	0	0	0	0	0
1	0.981061	1000	-65.4575	0.0436518	3.07244e-06	1.89392e-05	-1.58668e-05	0.0436548	0	-0.00372905	0	12.1175	0	-9.50396e-05	0.000149162	-0.000244201	-9.50396e-05
4	2.97097	2000	82.983	0.087649	0.00110669	0.00102903	7.76601e-05	0.0887557	0	-0.144739	0	-12.7822	0	0.00602907	0.00578956	0.000239515	0.00602907
9	4.22835	3000	346.345	0.131992	0.00558852	0.00477165	0.000816872	0.13758	0	-0.250097	0	-8.95144	0	0.0116211	0.0100039	0.00161718	0.0116211
16	9.99661	4000	315.221	0.17668	0.0079708	0.00600339	0.00196741	0.184651	0	-0.262868	0	-19.7254	0	0.0137299	0.0105147	0.00321514	0.0137299
25	15.4567	5000	1155.59	0.221714	0.0132736	0.00954335	0.00373025	0.234987	0	0.180382	0	20.7367	0	-0.00391231	-0.00721528	0.00330296	-0.00391231
36	24.4014	6000	2637.6	0.267093	0.017598	0.0115986	0.0059994	0.284691	0	0.449631	0	14.7512	0	-0.0169171	-0.0179852	0.00106812	-0.0169171
48	39.4415	6000	3355.86	0.269166	0.0165061	0.00855849	0.00794765	0.285672	0	0.316071	0	17.1453	0	-0.0136691	-0.0126428	-0.00102625	-0.0136691
60	54.021	6000	4687.03	0.271239	0.0151212	0.00597899	0.00914221	0.28636	0	0.345337	0	19.5396	0	-0.017049	-0.0138135	-0.00323556	-0.017049
72	61.1197	6000	5223.33	0.272275	0.0145105	0.00488031	0.00963024	0.286786	0	0.432071	0	1.82249	0	-0.0218146	-0.0172828	-0.00453177	-0.0218146
84	77.0468	6000	5276.01	0.275384	0.017457	0.00695319	0.0105038	0.292841	0	0.291061	0	8.52625	0	-0.0181664	-0.0116425	-0.00652398	-0.0181664
96	93.8624	6000	5398.11	0.276421	0.0061579	-0.00386239	0.0100203	0.282579	0	0.107482	0	9.72334	0	-0.0118146	-0.0042993	-0.00751528	-0.0118146
108	110.365	6000	5917.65	0.27953	0.00661659	-0.00236459	0.00898118	0.286147	0	-0.0564082	0	-29.3021	0	-0.00512962	0.00225633	-0.00738595	-0.00512962
120	127.893	6000	6489.87	0.280567	-0.00719856	-0.0138926	0.006694	0.273368	0	-0.134097	0	-13.261	0	-0.00125262	0.00536387	-0.00661649	-0.00125262
132	141.421	6000	6877.73	0.28264	-0.0117186	-0.0154205	0.00370189	0.270921	0	-0.294263	0	-53.9625	0	0.007001	0.0117705	-0.0047695	0.007001
144	164.267	6000	6729.29	0.284712	-0.0273259	-0.0262665	-0.00105943	0.257386	0	-0.330446	0	-34.8088	0	0.0103225	0.0132178	-0.00289537	0.0103225
156	184.59	6000	6880.12	0.286785	-0.0424304	-0.0345896	-0.00784084	0.244355	0	-0.0590688	0	5.6532	0	0.000412434	0.00236275	-0.00195032	0.000412434
168	192.416	6000	6774.78	0.289895	-0.0382584	-0.0244159	-0.0138425	0.251636	0	0.0101059	0	-13.9793	0	-0.00241519	-0.000404235	-0.00201095	-0.00241519
174	199.312	6000	6588.03	0.289895	-0.048286	-0.0313122	-0.0169738	0.241609	0	-0.0383164	0	-13.5004	0	-0.000363348	0.00153265	-0.001896	-0.000363348
186	211.637	6000	5618.38	0.293004	-0.0514756	-0.0256374	-0.0258383	0.241528	0	-0.00372905	0	3.97725	0	-0.00240928	0.000149162	-0.00255844	-0.00240928
198	208.271	6000	5704.57	0.295077	-0.0371362	-0.0102708	-0.0268653	0.257941	0	-0.232005	0	-27.6262	0	0.00741779	0.00928021	-0.00186243	0.00741779
210	223.658	6000	5228.12	0.296113	-0.0500475	-0.0196584	-0.0303891	0.246066	0	-0.169216	0	11.3993	0	0.0060141	0.00676864	-0.000754544	0.0060141
222	242.786	6000	5299.95	0.299223	-0.0574678	-0.0207864	-0.0366814	0.241755	0	-0.479438	0	-43.1885	0	0.0218775	0.0191775	0.00269997	0.0218775
234	256.711	6000	5129.96	0.300259	-0.0682632	-0.0287107	-0.0395525	0.231996	0	-0.339492	0	-22.359	0	0.0172981	0.0135797	0.00371845	0.0172981
246	268.61	6000	5022.22	0.302332	-0.0740628	-0.0286106	-0.0454522	0.228269	0	-0.064922	0	14.7512	0	0.00706882	0.00259688	0.00447194	0.00706882
258	282.753	6000	4818.71	0.305441	-0.0777908	-0.0247535	-0.0530373	0.227651	0	0.178786	0	39.4114	0	-0.00393257	-0.00715142	0.00321886	-0.00393257
270	276.93	6000	5043.77	0.307514	-0.0619862	-0.00693008	-0.0550561	0.245528	0	-0.101638	0	1.1042	0	0.00712476	0.00406551	0.00305925	0.00712476
282	288.537	6000	4483.53	0.309587	-0.06308	-0.00653687	-0.0565431	0.246507	0	0.319795	0	22.652	0	-0.0106297	-0.0127918	0.00216213	-0.0106297
294	299.33	6000	4548.17	0.31166	-0.0627573	-0.00533026	-0.057427	0.248903	0	0.199538	0	25.2856	0	-0.00743805	-0.00798152	0.00054347	-0.00743805
306	314.601	6000	4548.17	0.313733	-0.0668887	-0.00860156	-0.0582872	0.246844	0	0.0574639	0	25.2856	0	-0.00192748	-0.00229856	0.000371079	-0.00192748
318	321.825	6000	4888.15	0.315806	-0.0640107	-0.00382565	-0.060185	0.251795	0	-0.00266482	0	-12.5427	0	0.000472908	0.000106593	0.000366315	0.000472908
330	327.231	6000	4658.3	0.317879	-0.0584414	0.00276874	-0.0612102	0.259437	0	-0.0239493	0	-14.4581	0	0.0013291	0.000957973	0.00037113	0.0013291
342	347.294	6000	4677.46	0.319952	-0.0662694	-0.00529434	-0.0609751	0.253682	0	-0.0383164	0	-2.00825	0	0.0026988	0.00153265	0.00116614	0.0026988
354	355.724	6000	4892.93	0.322024	-0.0628716	-0.00172409	-0.0611475	0.259153	0	-0.117601	0	-18.7677	0	0.00622299	0.00470405	0.00151895	0.00622299
366	380.306	6000	5314.31	0.323061	-0.0845155	-0.0203068	-0.0642087	0.238545	0	-0.365034	0	-28.8233	0	0.0178603	0.0146013	0.00325898	0.0178603
378	378.372	6000	5256.85	0.325134	-0.0728424	-0.00637222	-0.0664702	0.252291	0	-0.304373	0	-13.5004	0	0.0172011	0.0121749	0.00502615	0.0172011
390	376.986	6000	4509.86	0.328243	-0.050939	0.0130142	-0.0639532	0.277304	0	-0.196886	0	-26.4291	0	0.0145203	0.00787544	0.00664488	0.0145203
402	384.433	6000	4452.4	0.330316	-0.0425199	0.0175665	-0.0600864	0.287796	0	-0.212317	0	7.08972	0	0.0162391	0.00849269	0.00774638	0.0162391
414	406.601	6000	4871.39	0.332389	-0.0511418	0.00739847	-0.0585402	0.281247	0	-0.134629	0	-3.20535	0	0.0142234	0.00538515	0.0088383	0.0142234
426	416.691	6000	5010.25	0.334462	-0.0483006	0.00930881	-0.0576094	0.286161	0	-0.0409769	0	6.37146	0	0.0106003	0.00163908	0.00896123	0.0106003
438	417.707	6000	5144.33	0.336535	-0.0340834	0.0202927	-0.0543761	0.302451	0	-0.152188	0	12.5964	0	0.0155133	0.00608754	0.00942579	0.0155133
450	457.583	6000	5218.55	0.338608	-0.062335	-0.00758264	-0.0547524	0.276273	0	0.0712988	0	25.2856	0	0.00724114	-0.00285195	0.0100931	0.00724114
462	467.506	6000	5287.98	0.339644	-0.0674092	-0.0115062	-0.055903	0.272235	0	0.0101059	0	21.6943	0	0.00965854	-0.000404235	0.0100628	0.00965854
474	472.84	6000	5319.1	0.341717	-0.0617109	-0.00484015	-0.0568707	0.280006	0	0.043629	0	-2.00828	0	0.00834638	-0.00174516	0.0100915	0.00834638
492	486.344	6000	4895.33	0.345863	-0.047971	0.00565573	-0.0536267	0.297892	0	-0.050555	0	-1.76885	0	0.011338	0.0020222	0.00931577	0.011338
504	492.742	6000	4675.06	0.346899	-0.0478426	0.00525824	-0.0531009	0.299057	0	-0.0526834	0	13.5541	0	0.0115812	0.00210734	0.00947382	0.0115812
516	498.535	6000	5283.19	0.350009	-0.0307841	0.0174648	-0.0482488	0.319225	0	-0.0973809	0	-7.99377	0	0.0138656	0.00389523	0.00997032	0.0138656
528	508.779	6000	5299.95	0.352082	-0.0271051	0.0192216	-0.0463267	0.324976	0	-0.101638	0	-6.31782	0	0.0143407	0.00406551	0.0102752	0.0143407
540	550.296	6000	5232.91	0.354154	-0.0577542	-0.0102955	-0.0474587	0.2964	0	0.112272	0	18.5819	0	0.00487129	-0.00449086	0.00936215	0.00487129
552	538.337	6000	6169.04	0.355191	-0.0397601	0.00766296	-0.0474231	0.315431	0	-0.202207	0	3.01958	0	0.018097	0.00808828	0.0100087	0.018097
564	544.06	6000	6255.24	0.357264	-0.0306227	0.0139398	-0.0445626	0.326641	0	-0.33896	0	-45.3433	0	0.0258307	0.0135584	0.0122723	0.0258307
576	567.045	6000	5611.19	0.360373	-0.0341823	0.00895471	-0.043137	0.326191	0	-0.219767	0	-3.92363	0	0.0222395	0.00879067	0.0134489	0.0222395
588	569.129	6000	5750.06	0.36141	-0.0289792	0.0128707	-0.0418499	0.33243	0	-0.344281	0	-18.2888	0	0.028253	0.0137712	0.0144817	0.028253
600	617.389	6000	5642.32	0.364519	-0.0615315	-0.0173893	-0.0441422	0.302987	0	-0.141546	0	-4.64187	0	0.0224519	0.00566185	0.0167901	0.0224519
612	620.562	6000	5697.39	0.365555	-0.0601604	-0.014562	-0.0455984	0.305395	0	-0.210721	0	0.864795	0	0.0258511	0.00842883	0.0174222	0.0258511
624	611.452	6000	6109.19	0.367628	-0.0383561	0.00654834	-0.0449044	0.329272	0	0.0122343	0	9.96274	0	0.0173942	-0.000489373	0.0178836	0.0173942
636	631.886	6000	5220.94	0.370738	-0.0404829	0.00411389	-0.0445967	0.330255	0	0.139409	0	28.3981	0	0.0114676	-0.00557637	0.0170439	0.0114676
648	624.252	6000	5838.64	0.371774	-0.0247643	0.0177485	-0.0425128	0.34701	0	-0.017564	0	-4.16304	0	0.0178998	0.000702559	0.0171972	0.0178998
660	674.593	6000	6104.4	0.374883	-0.0582704	-0.0145926	-0.0436778	0.316613	0	0.0558676	0	2.78015	0	0.0150232	-0.0022347	0.0172579	0.0150232
672	686.604	6000	6118.77	0.37592	-0.066342	-0.0206038	-0.0457382	0.309578	0	0.256474	0	37.7355	0	0.00622953	-0.010259	0.0164885	0.00622953
684	694.042	6000	6559.3	0.379029	-0.0575306	-0.0100416	-0.047489	0.321499	0	0.237318	0	46.8334	0	0.00517757	-0.00949272	0.0146703	0.00517757
696	714.192	6000	6554.51	0.380066	-0.076231	-0.0241915	-0.0520395	0.303835	0	-0.143143	0	-5.83899	0	0.020503	0.0057257	0.0147773	0.020503
708	729.163	6000	6353.4	0.383175	-0.0761055	-0.021163	-0.0549425	0.30707	0	-0.151124	0	-53.2442	0	0.0217354	0.00604497	0.0156904	0.0217354
720	742.057	6000	5383.75	0.385248	-0.081938	-0.022057	-0.059881	0.30331	0	0.272437	0	10.2022	0	0.00364835	-0.0108975	0.0145458	0.00364835
732	734.182	6000	5551.34	0.386284	-0.071418	-0.00818152	-0.0632365	0.314866	0	-0.0824817	0	-12.7822	0	0.0176632	0.00329927	0.0143639	0.0176632
744	727.331	6000	5108.41	0.389394	-0.0437446	0.0166693	-0.060414	0.345649	0	0.140473	0	-7.75435	0	0.00861887	-0.00561894	0.0142378	0.00861887
756.001	758.028	6000	5307.13	0.391467	-0.0623644	-0.00202728	-0.0603371	0.329102	0	0.194217	0	19.779	0	0.00401081	-0.00776867	0.0117795	0.00401081
768.001	788.468	6000	5881.74	0.39354	-0.0856954	-0.0204672	-0.0652282	0.307844	0	-0.0186282	0	-17.5706	0	0.0128503	0.000745128	0.0121052	0.0128503
780.001	777.747	6000	6351	0.394576	-0.0693489	-0.00374603	-0.0656028	0.325227	0	-0.0170319	0	5.8926	0	0.0128375	0.000681275	0.0121563	0.0128375
792.001	808.938	6000	5886.53	0.397685	-0.0865427	-0.016937	-0.0696057	0.311143	0	-0.162831	0	-46.7798	0	0.0195172	0.00651323	0.013004	0.0195172
804.001	817.064	6000	5896.1	0.399758	-0.0859439	-0.013063	-0.0728809	0.313814	0	-0.351199	0	-25.7108	0	0.0291559	0.0140479	0.015108	0.0291559
816.001	824.304	6000	5187.42	0.401831	-0.0832068	-0.00830328	-0.0749035	0.318624	0	0.351722	0	32.7077	0	0.00048995	-0.0140689	0.0145588	0.00048995
828.001	819.07	6000	5249.67	0.403904	-0.0659776	0.00893115	-0.0749088	0.337926	0	0.0468217	0	-10.8668	0	0.011966	-0.00187287	0.0138389	0.011966
840.001	838.705	6000	5113.2	0.404941	-0.0800838	-0.00470453	-0.0753792	0.324857	0	0.0335188	0	-18.7677	0	0.0123976	-0.00134075	0.0137384	0.0123976
852.001	850.118	6000	5311.92	0.40805	-0.0726276	0.00188257	-0.0745102	0.335422	0	0.0686383	0	-5.12073	0	0.0107694	-0.00274553	0.0135149	0.0107694
864.001	870.748	6000	5175.45	0.409086	-0.0887385	-0.0127475	-0.075991	0.320348	0	-0.104298	0	-14.4581	0	0.0180796	0.00417193	0.0139076	0.0180796
876.001	872.817	6000	4880.96	0.412196	-0.0732063	0.00318402	-0.0763903	0.338989	0	-0.363969	0	25.0462	0	0.0302591	0.0145588	0.0157003	0.0302591
888.001	890.11	6000	5795.55	0.414269	-0.0761438	-0.00210876	-0.0740351	0.338125	0	0.0526749	0	-30.9781	0	0.0145384	-0.002107	0.0166454	0.0145384
900.001	906.598	6000	5417.26	0.416341	-0.081292	-0.00659717	-0.0746948	0.33505	0	0.0707667	0	15.9483	0	0.0136024	-0.00283067	0.0164331	0.0136024
912.001	919.299	6000	6116.37	0.418414	-0.0845775	-0.00729767	-0.0772799	0.333837	0	-0.151656	0	8.28682	0	0.022517	0.00606625	0.0164507	0.022517
924.001	933.098	6000	6063.7	0.420487	-0.0872864	-0.00909686	-0.0781896	0.333201	0	-0.124519	0	-34.33	0	0.021805	0.00498074	0.0168243	0.021805
936.001	932.722	6000	5359.8	0.421524	-0.0801706	-0.00272137	-0.0774492	0.341353	0	0.0819411	0	23.1309	0	0.0132433	-0.00327764	0.016521	0.0132433
948.001	936.379	6000	5532.19	0.424633	-0.064841	0.0116219	-0.0764628	0.359792	0	-0.0984451	0	2.06189	0	0.0209808	0.0039378	0.017043	0.0209808
960.001	951.969	6000	5187.42	0.426706	-0.0662747	0.00803162	-0.0743063	0.360431	0	0.108015	0	-14.2187	0	0.0121973	-0.00432058	0.0165178	0.0121973
972.001	965.216	6000	5697.39	0.428779	-0.0678275	0.0067854	-0.0746129	0.360951	0	-0.156445	0	26.7222	0	0.0242331	0.00625781	0.0179753	0.0242331
984.001	997.729	6000	5453.18	0.430852	-0.0903483	-0.0137282	-0.0766201	0.340503	0	0.674715	0	22.4126	0	-0.0119393	-0.0269886	0.0150493	-0.0119393
996.001	1010.68	6000	5948.78	0.432925	-0.0941478	-0.0146785	-0.0794693	0.338777	0	0.191024	0	-7.99375	0	0.00602431	-0.00764097	0.0136653	0.00602431
1008	1017.04	6000	6020.6	0.434998	-0.089414	-0.00904065	-0.0803733	0.345584	0	0.228804	0	-0.811157	0	0.00382669	-0.00915217	0.0129789	0.00382669
1020	1039.52	6000	5888.92	0.436034	-0.10962	-0.0255143	-0.0841056	0.326414	0	0.262859	0	24.328	0	0.00081709	-0.0105144	0.0113315	0.00081709
1032	1036.36	6000	5872.16	0.439143	-0.0909728	-0.00436255	-0.0866102	0.348171	0	-0.00319693	0	48.0305	0	0.0113317	0.000127877	0.0112038	0.0113317
1044	1045.35	6000	5268.82	0.441216	-0.087944	-0.0013446	-0.0865994	0.353272	0	-0.136225	0	18.8213	0	0.0167358	0.005449	0.0112868	0.0167358
1056	1072.02	6000	5268.82	0.443289	-0.105639	-0.0160222	-0.0896171	0.33765	0	-0.340556	0	-61.145	0	0.0269604	0.0136223	0.0133382	0.0269604
1068	1079.24	6000	5029.4	0.445362	-0.101969	-0.0112408	-0.0907283	0.343393	0	0.30596	0	14.9906	0	-0.000102283	-0.0122384	0.0121361	-0.000102283
1080	1073.09	6000	4892.93	0.447435	-0.0832496	0.00691516	-0.0901647	0.364185	0	2.42377	0	-5.83899	0	-0.0976044	-0.0969507	-0.000653697	-0.0976044
1092	1102.77	6000	4596.05	0.448471	-0.108608	-0.0167664	-0.0918414	0.339864	0	0.58532	0	-10.1485	0	-0.0258224	-0.0234128	-0.00240966	-0.0258224
1104	1111.21	6000	4241.71	0.451581	-0.10095	-0.00721216	-0.0937377	0.350631	0	-0.552337	0	-27.3868	0	0.0226914	0.0220935	0.00059787	0.0226914
1116	1090	6000	5031.8	0.453654	-0.0620674	0.0259976	-0.0880649	0.391586	0	0.148987	0	1.34363	0	-0.00224713	-0.00595949	0.00371236	-0.00224713
1128	1120.51	6000	4993.49	0.455727	-0.0804238	0.00749622	-0.0879201	0.375303	0	0.188896	0	-6.31782	0	-0.00545255	-0.00755583	0.00210328	-0.00545255
1140	1122.4	6000	5805.12	0.4578	-0.0657165	0.0176035	-0.08332	0.392083	0	-0.703457	0	-21.8802	0	0.0327079	0.0281383	0.00456965	0.0327079
1152	1168.65	6000	5333.47	0.459872	-0.10236	-0.0166473	-0.085713	0.357512	0	0.062785	0	51.6218	0	0.00239191	-0.0025114	0.00490331	0.00239191
1164	1179.98	5999.89	5615.98	0.46194	-0.105495	-0.0159821	-0.0895126	0.356446	0	-0.0159676	0	8.52622	0	0.00532175	0.000638706	0.00468304	0.00532175
1175	1179.3	4999.88	5884.13	0.441194	-0.100019	-0.00955115	-0.0904678	0.341175	0	-0.0617293	0	35.3413	0	0.0073374	0.00246917	0.00486823	0.0073374
1184	1187.15	3999.88	6307.91	0.378437	-0.0933916	-0.0031521	-0.0902395	0.285045	0	-0.165491	0	-8.47261	0	0.0115246	0.00661965	0.00490497	0.0115246
1191	1176.41	2999.88	5436.42	0.357345	-0.0783214	0.0113446	-0.089666	0.279024	0	-1.09509	0	1.10422	0	0.0547492	0.0438037	0.0109455	0.0547492
1196	1189.85	1999.88	5038.98	0.314902	-0.0851778	0.00389941	-0.0890773	0.229725	0	-0.492208	0	-42.4703	0	0.0336302	0.0196883	0.0139419	0.0336302
1199	1196.45	999.875	3858.64	0.250591	-0.0843606	0.00254883	-0.0869094	0.16623	0	0.374071	0	-23.5561	0	-0.0026843	-0.0149628	0.0122785	-0.0026843
1200	1172.27	0	2453.24	0.20729	-0.0533018	0.0277334	-0.0810352	0.153988	0	0.56776	0	47.5517	0	-0.0147324	-0.0227104	0.00797804	-0.0147324
1200	1168.02	0	2010.32	0.20729	-0.0458595	0.0319779	-0.0778374	0.16143	0	0.418236	0	22.8914	0	-0.0100061	-0.0167294	0.00672333	-0.0100061
1200	1179.79	0	1428.52	0.20729	-0.0531742	0.0202057	-0.0733799	0.154115	0	-0.0899313	0	-22.8378	0	0.0097986	0.00359725	0.00620135	0.0097986
1200	1150.39	0	853.916	0.20729	-0.0106772	0.0496085	-0.0602858	0.196612	0	0.0893907	0	-8.4726	0	0.00223626	-0.00357563	0.00581188	0.00223626
1200	1169.86	0	506.757	0.20729	-0.0241062	0.0301367	-0.0542429	0.183183	0	0.0356473	0	-7.2755	0	0.00343779	-0.00142589	0.00486368	0.00343779
1200	1151.87	0	410.989	0.20729	0.000731632	0.0481309	-0.0473992	0.208021	0	-0.106959	0	6.13203	0	0.00961618	0.00427836	0.00533782	0.00961618
1200	1154.45	0	559.429	0.20729	0.0063647	0.0455512	-0.0391864	0.213654	0	0.0867301	0	-44.625	0	0.00170263	-0.0034692	0.00517183	0.00170263
1200	1189.72	0	420.565	0.20729	-0.0278747	0.0102834	-0.0381581	0.179415	0	-0.0537476	0	-58.5114	0	0.00748298	0.00214991	0.00533307	0.00748298
1200	1142.62	0	85.3772	0.20729	0.0301538	0.0573763	-0.0272225	0.237443	0	-0.29107	0	13.3146	0	0.0185435	0.0116428	0.00690071	0.0185435
1200	1136.7	0	384.652	0.20729	0.0424054	0.0632981	-0.0208927	0.249695	0	-0.300648	0	-51.0894	0	0.0198286	0.0120259	0.00780266	0.0198286
1200	1179.58	0	-616.124	0.20729	0.00957501	0.0204175	-0.0108425	0.216865	0	0.0186197	0	-8.95144	0	0.0061448	-0.000744787	0.00688959	0.0061448
1200	1181.46	0	-405.434	0.20729	0.012458	0.0185446	-0.00608659	0.219748	0	-0.156445	0	23.1309	0	0.0134587	0.00625781	0.0072009	0.0134587
1200	1164.93	0	336.768	0.20729	0.0324887	0.0350685	-0.00257974	0.239778	0	-0.0585366	0	20.2578	0	0.00971798	0.00234147	0.00737651	0.00971798
1200	1167.48	0	839.551	0.20729	0.0370542	0.0325164	0.00453789	0.244344	0	-0.103766	0	-15.6552	0	0.0119853	0.00415065	0.00783469	0.0119853
1200	1160.26	0	389.441	0.20729	0.0508668	0.0397432	0.0111236	0.258156	0	2.52327	0	29.8346	0	-0.105232	-0.100931	-0.00430065	-0.105232
1200	1185.33	0	887.435	0.20729	0.0280683	0.0146653	0.0134031	0.235358	0	-1.94275	0	8.76565	0	0.0773347	0.0777099	-0.000375225	0.0773347
1200	1169.83	0	1234.59	0.20729	0.0473193	0.030166	0.0171533	0.254609	0	1.2893	0	-21.6407	0	-0.0475175	-0.0515722	0.00405465	-0.0475175
1200	1177.71	0	1375.85	0.20729	0.041674	0.0222915	0.0193824	0.248964	0	2.24924	0	-7.51492	0	-0.0926625	-0.0899694	-0.00269306	-0.0926625
1200	1194.18	0	1035.88	0.20729	0.0272677	0.00581506	0.0214526	0.234557	0	0.166547	0	22.652	0	-0.0103877	-0.00666188	-0.00372586	-0.0103877
1200	1195.04	0	1476.41	0.20729	0.0288154	0.00496094	0.0238545	0.236105	0	0.742825	0	-38.1607	0	-0.0431094	-0.029713	-0.0133964	-0.0431094
1200	1188.57	0	1651.19	0.20729	0.036428	0.0114304	0.0249975	0.243718	0	-1.96616	0	-20.683	0	0.0711484	0.0786464	-0.00749796	0.0711484
1200	1206.03	0	614.496	0.20729	0.0169691	-0.00603064	0.0229997	0.224259	0	0.168143	0	-18.5282	0	-0.00258795	-0.00672573	0.00413779	-0.00258795
1200	1189.35	0	767.725	0.20729	0.03472	0.0106548	0.0240652	0.24201	0	0.00372052	0	-17.0917	0	0.0039778	-0.000148821	0.00412663	0.0039778
1200	1178.27	0	693.505	0.20729	0.0489162	0.0217339	0.0271823	0.256206	0	-0.183051	0	-31.6964	0	0.013591	0.00732204	0.00626894	0.013591
1200	1180.55	0	604.919	0.20729	0.0503155	0.0194519	0.0308636	0.257605	0	-0.239455	0	6.85029	0	0.017129	0.0095782	0.00755083	0.017129
1200	1187.69	0	712.658	0.20729	0.046378	0.0123069	0.0340711	0.253668	0	-0.209657	0	10.9204	0	0.0167289	0.00838626	0.00834264	0.0167289
1200	1210.04	0	1157.98	0.20729	0.0221904	-0.0100353	0.0322257	0.22948	0	-0.0846102	0	14.2723	0	0.0124885	0.00338441	0.00910412	0.0124885
1200	1197.19	0	1090.94	0.20729	0.0353171	0.0028103	0.0325068	0.242607	0	0.122914	0	18.5819	0	0.00381883	-0.00491655	0.00873538	0.00381883
1200	1214.57	0	1203.47	0.20729	0.0144415	-0.014566	0.0290075	0.221731	0	-0.120262	0	25.0462	0	0.0137055	0.00481047	0.00889504	0.0137055
1200	1200.96	0	1184.32	0.20729	0.0259106	-0.000964233	0.0268749	0.2332	0	0.296382	0	20.2578	0	-0.0047561	-0.0118553	0.0070992	-0.0047561
1200	1179.28	0	1294.45	0.20729	0.0483865	0.0207192	0.0276672	0.255676	0	-0.0580045	0	-14.2187	0	0.00909854	0.00232018	0.00677836	0.00909854
1200	1227.36	0	669.562	0.20729	-0.00278253	-0.0273632	0.0245806	0.204507	0	0.0569318	0	-1.52942	0	0.00494969	-0.00227727	0.00722696	0.00494969
1200	1211.02	0	662.38	0.20729	0.0124628	-0.0110162	0.023479	0.219752	0	0.507631	0	-2.24768	0	-0.0146012	-0.0203052	0.00570406	-0.0146012
1200	1213.24	0	659.986	0.20729	0.00891851	-0.0132368	0.0221553	0.216208	0	-1.33933	0	-18.7677	0	0.0632953	0.0535733	0.00972206	0.0632953
1200	1203.62	0	-29.5445	0.20729	0.0169974	-0.00361646	0.0206139	0.224287	0	1.19672	0	3.25899	0	-0.0404581	-0.0478687	0.00741059	-0.0404581
1200	1209.56	0	-182.773	0.20729	0.00826952	-0.00955566	0.0178252	0.215559	0	0.951413	0	22.8914	0	-0.0374319	-0.0380565	0.00062458	-0.0374319
1200	1218.06	0	248.183	0.20729	-0.00236027	-0.0180632	0.015703	0.204929	0	-0.0750321	0	21.9338	0	0.0032284	0.00300129	0.000227117	0.0032284
1200	1196.72	0	683.928	0.20729	0.0181101	0.00327771	0.0148324	0.2254	0	0.00904166	0	-21.6407	0	6.66149e-05	-0.000361666	0.000428281	6.66149e-05
1200	1204.19	0	631.255	0.20729	0.0100827	-0.0041897	0.0142724	0.217372	0	0.29585	0	-16.3735	0	-0.0128105	-0.011834	-0.000976471	-0.0128105
1200	1233.56	0	382.258	0.20729	-0.023275	-0.0335613	0.0102863	0.184015	0	-0.467731	0	-50.3711	0	0.0188694	0.0187092	0.000160147	0.0188694
1200	1214.93	0	363.105	0.20729	-0.00829449	-0.014926	0.00663153	0.198995	0	-0.228813	0	-4.40246	0	0.0113624	0.00915251	0.00220987	0.0113624
1200	1207.72	0	492.392	0.20729	-0.00308042	-0.00772449	0.00464407	0.204209	0	-0.260739	0	-23.0772	0	0.0139293	0.0104296	0.00349974	0.0139293
1200	1218.86	0	281.702	0.20729	-0.0164165	-0.0188584	0.00244189	0.190873	0	-0.367162	0	-55.1595	0	0.0200156	0.0146865	0.00532917	0.0200156
1200	1186.53	0	-283.33	0.20729	0.0161964	0.0134651	0.00273136	0.223486	0	-0.0750321	0	-10.6274	0	0.010476	0.00300129	0.00747468	0.010476
1200	1204.35	0	-517.962	0.20729	-0.00248956	-0.004354	0.00186444	0.2048	0	0.0665098	0	20.9761	0	0.00467703	-0.00266039	0.00733742	0.00467703
1200	1189.41	0	-699.921	0.20729	0.0145555	0.0105884	0.00396716	0.221845	0	-0.411859	0	24.8068	0	0.0254209	0.0164744	0.00894656	0.0254209
1200	1195.04	0	-209.11	0.20729	0.00942661	0.00496313	0.00446348	0.216716	0	-0.488484	0	7.80797	0	0.0299514	0.0195393	0.010412	0.0299514
1200	1186.14	0	454.084	0.20729	0.0186726	0.0138615	0.00481114	0.225962	0	0.0782163	0	15.23	0	0.00817095	-0.00312865	0.0112996	0.00817095
1200	1210.17	0	504.363	0.20729	-0.00810564	-0.0101687	0.00206306	0.199184	0	-0.418777	0	7.80797	0	0.0290277	0.0167511	0.0122766	0.0290277
1200	1217.52	0	-209.11	0.20729	-0.0186398	-0.0175171	-0.00112267	0.18865	0	0.56031	0	5.41377	0	-0.00287724	-0.0224124	0.0195352	-0.00287724
1200	1211.7	0	-134.889	0.20729	-0.0151483	-0.0117001	-0.00344818	0.192141	0	-1.24462	0	34.8624	0	0.0715068	0.0497846	0.0217222	0.0715068
1200	1208.65	0	-94.1879	0.20729	-0.0122713	-0.00864648	-0.00362484	0.195018	0	0.184639	0	43.2422	0	0.0165779	-0.00738555	0.0239635	0.0165779
1200	1207.67	0	78.1946	0.20729	-0.0120597	-0.00766809	-0.00439165	0.19523	0	-1.0637	0	37.9749	0	0.0697024	0.0425479	0.0271546	0.0697024
1200	1208.33	0	209.876	0.20729	-0.0130269	-0.0083324	-0.00469452	0.194263	0	0.244768	0	-2.00826	0	0.0173016	-0.0097907	0.0270923	0.0173016
1200	1196.33	0	-312.06	0.20729	0.000705249	0.00367053	-0.00296528	0.207995	0	-2.11302	0	52.5795	0	0.120585	0.0845209	0.0360638	0.120585
1200	1221.21	0	-1099.75	0.20729	-0.0252559	-0.0212054	-0.00405042	0.182034	0	2.13111	0	41.3268	0	-0.0565907	-0.0852443	0.0286536	-0.0565907
1200	1197.61	0	-1018.35	0.20729	-0.00409353	0.00239404	-0.00648757	0.203196	0	0.857761	0	64.79	0	-0.0125993	-0.0343104	0.0217111	-0.0125993
1200	1207.59	0	-278.541	0.20729	-0.01314	-0.00758618	-0.00555381	0.19415	0	0.429411	0	-7.2755	0	0.00188163	-0.0171764	0.0190581	0.00188163
1200	1206.56	0	-845.967	0.20729	-0.0132678	-0.00655688	-0.00671094	0.194022	0	-0.0675825	0	-4.16304	0	0.0205418	0.0027033	0.0178385	0.0205418
1200	1193.24	0	109.319	0.20729	0.00391976	0.00675867	-0.0028389	0.211209	0	0.958331	0	-19.2465	0	-0.0243834	-0.0383332	0.0139498	-0.0243834
1200	1202.69	0	-300.089	0.20729	-0.00542617	-0.00269238	-0.00273379	0.201864	0	3.65029	0	-5.12072	0	-0.149249	-0.146012	-0.0032379	-0.149249
1200	1217.99	0	-405.434	0.20729	-0.0225248	-0.0179918	-0.00453297	0.184765	0	1.60432	0	2.54073	0	-0.0722235	-0.0641726	-0.00805085	-0.0722235
1200	1168.74	0	327.192	0.20729	0.0296295	0.0312568	-0.00162732	0.236919	0	0.020216	0	-25.232	0	-0.00835501	-0.000808641	-0.00754637	-0.00835501
1200	1214.22	0	20.7338	0.20729	-0.0158407	-0.0142185	-0.00162218	0.191449	0	-0.29373	0	-1.29	0	0.00405441	0.0117492	-0.0076948	0.00405441
1200	1200.66	0	609.707	0.20729	-0.0015251	-0.000662231	-0.000862867	0.205765	0	0.183042	0	-44.3856	0	-0.0148536	-0.0073217	-0.00753195	-0.0148536
1200	1221.73	0	341.557	0.20729	-0.0271545	-0.0217253	-0.00542912	0.180135	0	-0.110684	0	-23.3167	0	-0.00326741	0.00442735	-0.00769475	-0.00326741
1200	1203	0	334.374	0.20729	-0.00873113	-0.00300183	-0.0057293	0.198559	0	-0.0133071	0	-57.0749	0	-0.00712255	0.000532283	-0.00765483	-0.00712255
1200	1189.34	0	-537.115	0.20729	0.00667035	0.0106599	-0.00398956	0.21396	0	-1.74108	0	-18.2888	0	0.0650373	0.0696431	-0.0046058	0.0650373
1200	1183.33	0	-1513.95	0.20729	0.0136733	0.0166653	-0.00299196	0.220963	0	-0.922155	0	17.6242	0	0.0423246	0.0368862	0.00543838	0.0423246
1200	1173.89	0	-683.162	0.20729	0.0260803	0.0261082	-2.78579e-05	0.23337	0	0.783798	0	32.2288	0	-0.0300273	-0.0313519	0.00132465	-0.0300273
1200	1187.24	0	-312.06	0.20729	0.0141416	0.0127604	0.00138119	0.221431	0	0.175061	0	22.8914	0	-0.00757102	-0.00700243	-0.000568584	-0.00757102
1200	1209.92	0	348.739	0.20729	-0.0106972	-0.00992078	-0.000776381	0.196593	0	0.565099	0	-29.3022	0	-0.0249205	-0.022604	-0.00231654	-0.0249205
1200	1175.48	0	774.907	0.20729	0.0261938	0.0245183	0.00167545	0.233483	0	-0.325657	0	-36.4848	0	0.0116867	0.0130263	-0.00133956	0.0116867
1200	1186.47	0	829.974	0.20729	0.0159583	0.0135272	0.00243108	0.223248	0	-0.617787	0	-36.2453	0	0.0298898	0.0247115	0.00517831	0.0298898
1200	1219.92	0	501.968	0.20729	-0.019032	-0.0199183	0.000886327	0.188258	0	0.618843	0	5.65319	0	-0.022792	-0.0247537	0.00196171	-0.022792
1200	1203.9	0	-46.3039	0.20729	-0.00480177	-0.003901	-0.00090077	0.202488	0	0.404401	0	12.1175	0	-0.0179593	-0.0161761	-0.00178326	-0.0179593
1200	1195.36	0	243.395	0.20729	0.00476218	0.00463709	0.000125096	0.212052	0	-0.250097	0	-33.1329	0	0.00868998	0.0100039	-0.00131391	0.00868998
1200	1187.31	0	-225.869	0.20729	0.0140827	0.0126887	0.00139397	0.221372	0	-0.027142	0	-30.2598	0	-0.000146802	0.00108568	-0.00123248	-0.000146802
1200	1207.67	0	-1020.74	0.20729	-0.0073485	-0.00766589	0.000317394	0.199941	0	0.188896	0	10.4416	0	-0.0101132	-0.00755583	-0.00255742	-0.0101132
1200	1205.97	0	-371.915	0.20729	-0.00424649	-0.00596851	0.00172202	0.203043	0	-0.142078	0	-13.7398	0	0.00342585	0.00568313	-0.00225728	0.00342585
1200	1174.44	0	164.386	0.20729	0.0298045	0.0255586	0.00424591	0.237094	0	-0.179858	0	-16.6129	0	0.00607367	0.00719433	-0.00112066	0.00607367
1200	1191.42	0	85.3772	0.20729	0.0141251	0.00857617	0.00554897	0.221415	0	-3.10116	0	-20.2042	0	0.132911	0.124046	0.00886446	0.132911
1200	1211.82	0	-46.3039	0.20729	-0.00833328	-0.0118191	0.00348581	0.198956	0	-2.19816	0	8.28681	0	0.111437	0.0879265	0.0235109	0.111437
1200	1219.88	0	250.577	0.20729	-0.0198989	-0.0198799	-1.90562e-05	0.187391	0	-0.246372	0	-0.332315	0	0.0388333	0.0098549	0.0289784	0.0388333
1200	1195.21	0	712.658	0.20729	0.00598771	0.00479492	0.00119278	0.213277	0	0.888092	0	78.9158	0	-0.0115881	-0.0355237	0.0239356	-0.0115881
1200	1209.21	0	123.684	0.20729	-0.00769624	-0.00921362	0.00151738	0.199593	0	0.48475	0	53.0584	0	0.00149499	-0.01939	0.020885	0.00149499
1200	1194.87	0	224.241	0.20729	0.00715972	0.00512939	0.00203032	0.214449	0	-2.07045	0	16.1877	0	0.109915	0.0828182	0.0270964	0.109915
1200	1204.96	0	717.447	0.20729	-0.00876143	-0.00495874	-0.00380269	0.198528	0	1.06582	0	0.864786	0	-0.00837831	-0.0426327	0.0342544	-0.00837831
1200	1193.15	0	183.54	0.20729	0.00315786	0.00684546	-0.0036876	0.210448	0	0.858293	0	49.4671	0	-0.00570123	-0.0343317	0.0286305	-0.00570123
1200	1200.76	0	-814.843	0.20729	-0.00314928	-0.000758911	-0.00239037	0.20414	0	1.08178	0	45.8758	0	-0.0203763	-0.0432712	0.0228949	-0.0203763
1200	1203.98	0	-1082.99	0.20729	0.00402889	0.00583569	-0.0018068	0.211319	0	0.894477	0	29.1164	0	-0.0179472	-0.0379927	0.0200454	-0.0179472
1200	1179.5	0	-115.736	0.20729	0.0191407	0.0205028	-0.00136209	0.22643	0	0.528384	0	-38.4001	0	-0.00731239	-0.0211353	0.013823	-0.00731239
1200	1199.46	0	248.183	0.20729	-0.00076858	0.000539551	-0.00130813	0.206521	0	0.443246	0	-32.654	0	-0.0052366	-0.0177298	0.0124932	-0.0052366
1200	1225.17	0	161.992	0.20729	-0.0294035	-0.0251652	-0.00423829	0.177886	0	0.624164	0	1.82247	0	-0.0154553	-0.0249666	0.00951128	-0.0154553
1200	1170.77	0	-228.263	0.20729	0.0284641	0.0292324	-0.000768275	0.235754	0	-0.824247	0	-28.5839	0	0.0449539	0.0329699	0.011984	0.0449539
1200	1198.61	0	-276.147	0.20729	0.00376516	0.00138879	0.00237637	0.211055	0	1.30527	0	-19.9648	0	-0.0423993	-0.0522107	0.00981145	-0.0423993
1200	1192.13	0	-113.342	0.20729	0.0122471	0.00787073	0.0043764	0.219537	0	2.95535	0	19.3001	0	-0.128322	-0.118214	-0.0101076	-0.128322
1200	1214.22	0	952.078	0.20729	-0.0120661	-0.0142155	0.00214935	0.195224	0	-0.064922	0	16.1877	0	-0.0139009	0.00259688	-0.0164977	-0.0139009
1200	1201.44	0	784.484	0.20729	0.000567834	-0.00143774	0.00200558	0.207858	0	-0.0399127	0	-21.1619	0	-0.0147815	0.00159651	-0.016378	-0.0147815
1200	1217.56	0	-34.3328	0.20729	-0.0181104	-0.0175562	-0.000554285	0.189179	0	0.105886	0	-51.8077	0	-0.0216414	-0.00423545	-0.017406	-0.0216414
1200	1211.32	0	15.9454	0.20729	-0.0130112	-0.0113245	-0.00168673	0.194278	0	-0.0729037	0	-43.9068	0	-0.0142711	0.00291615	-0.0171873	-0.0142711
1200	1192.97	0	-288.118	0.20729	0.00774207	0.00703027	0.000711791	0.215032	0	0.243703	0	-3.44478	0	-0.0284264	-0.00974813	-0.0186782	-0.0284264
1200	1202.86	0	-264.176	0.20729	-0.0011312	-0.00285889	0.00172769	0.206158	0	-0.0143713	0	-37.9213	0	-0.0184402	0.000574852	-0.019015	-0.0184402
1200	1217.8	0	317.615	0.20729	-0.0178529	-0.0178005	-5.23686e-05	0.189437	0	-0.858302	0	-25.7109	0	0.0178919	0.0343321	-0.0164401	0.0178919
1200	1201.12	0	281.702	0.20729	-0.00235128	-0.00112061	-0.00123068	0.204938	0	-0.541163	0	-22.5984	0	0.0160567	0.0216465	-0.00558978	0.0160567
1200	1209.18	0	147.626	0.20729	-0.0113314	-0.0091825	-0.00214893	0.195958	0	-0.16762	0	-36.0059	0	0.00161786	0.00670479	-0.00508692	0.00161786
1200	1205.2	0	94.954	0.20729	-0.00882903	-0.00520056	-0.00362847	0.198461	0	-0.753476	0	-26.4291	0	0.0323538	0.030139	0.00221476	0.0323538
1200	1205.67	0	636.044	0.20729	-0.00981691	-0.00566711	-0.00414979	0.197473	0	-1.34093	0	11.3993	0	0.0647499	0.0536371	0.0111128	0.0647499
1200	1179.57	0	128.473	0.20729	0.0198743	0.020425	-0.000550708	0.227164	0	-0.0814175	0	-21.1619	0	0.017369	0.0032567	0.0141123	0.017369
1200	1195.86	0	-149.255	0.20729	0.00400747	0.0041438	-0.000136328	0.211297	0	0.466659	0	23.3703	0	-0.005954	-0.0186663	0.0127123	-0.005954
1200	1195.08	0	-276.147	0.20729	0.00582007	0.00491638	0.000903686	0.21311	0	0.0383079	0	60.4804	0	0.00895158	-0.00153231	0.0104839	0.00895158
1200	1208.82	0	-544.298	0.20729	-0.00879866	-0.00882031	2.1655e-05	0.198491	0	0.582127	0	72.4514	0	-0.0145476	-0.0232851	0.00873751	-0.0145476
1200	1194.14	0	-292.907	0.20729	0.00638096	0.00585718	0.000523779	0.213671	0	0.201134	0	-0.571735	0	-0.00165126	-0.00804537	0.00639412	-0.00165126
1200	1196.1	0	90.1656	0.20729	0.00355428	0.00390015	-0.000345862	0.210844	0	0.16974	0	-4.8813	0	-0.00234935	-0.00678959	0.00444024	-0.00234935
1200	1203.23	0	176.357	0.20729	-0.00389871	-0.00322986	-0.000668848	0.203391	0	0.160162	0	3.73783	0	-0.00244671	-0.00640647	0.00395975	-0.00244671
1200	1199.27	0	-929.764	0.20729	-0.000425318	0.000732666	-0.00115798	0.206864	0	-0.989734	0	65.0294	0	0.0482599	0.0395893	0.00867058	0.0482599
1200	1198.16	0	-1150.03	0.20729	0.000861816	0.00183618	-0.000974366	0.208151	0	-0.161766	0	27.6798	0	0.0156265	0.00647066	0.00915588	0.0156265
1200	1183.7	0	-836.39	0.20729	0.0176042	0.0162954	0.00130881	0.224894	0	0.214969	0	38.4538	0	-5.90468e-05	-0.00859877	0.00853972	-5.90468e-05
1200	1212.58	0	446.902	0.20729	-0.0115118	-0.0125761	0.00106428	0.195778	0	0.732715	0	46.1152	0	-0.0239886	-0.0293086	0.00531995	-0.0239886
1200	1221.21	0	1038.27	0.20729	-0.0222686	-0.0212117	-0.00105689	0.185021	0	0.672054	0	31.9894	0	-0.0235784	-0.0268822	0.00330379	-0.0235784
1200	1215.07	0	1040.66	0.20729	-0.0193602	-0.0150671	-0.0042931	0.187929	0	0.308089	0	3.01956	0	-0.0115244	-0.0123236	0.000799157	-0.0115244
1200	1217.74	0	288.884	0.20729	-0.0260504	-0.017744	-0.00830642	0.181239	0	0.378328	0	22.652	0	-0.016374	-0.0151331	-0.00124094	-0.016374
1200	1208.53	0	-711.892	0.20729	-0.0176752	-0.00852918	-0.009146	0.189615	0	0.334695	0	-41.9914	0	-0.016913	-0.0133878	-0.00352526	-0.016913
1200	1195.39	0	1.58017	0.20729	-0.00166483	0.00460669	-0.00627152	0.205625	0	-0.581071	0	-74.0737	0	0.0247333	0.0232428	0.00149046	0.0247333
1200	1203.31	0	-1133.27	0.20729	-0.00895614	-0.00331494	-0.0056412	0.198334	0	-0.962064	0	18.3425	0	0.0429821	0.0384826	0.00449958	0.0429821
1200	1201.25	0	-1097.36	0.20729	-0.00702077	-0.00125415	-0.00576662	0.200269	0	-0.160702	0	26.2433	0	0.0114098	0.00642809	0.00498169	0.0114098
1200	1207.02	0	-570.634	0.20729	-0.00912702	-0.00702222	-0.0021048	0.198163	0	0.0952439	0	23.8491	0	-0.00218513	-0.00380976	0.00162463	-0.00218513
1200	1180.93	0	-529.933	0.20729	0.0190511	0.0190651	-1.39657e-05	0.226341	0	0.450163	0	16.9059	0	-0.0179574	-0.0180065	4.90695e-05	-0.0179574
1200	1209.23	0	-383.886	0.20729	-0.00961906	-0.00922607	-0.000392982	0.197671	0	-0.237859	0	-28.3445	0	0.0101014	0.00951434	0.000587061	0.0101014
1200	1200.27	0	257.76	0.20729	-0.000692689	-0.000272461	-0.000420228	0.206597	0	-0.194757	0	-29.3022	0	0.00896163	0.0077903	0.00117133	0.00896163
1200	1197.63	0	564.218	0.20729	0.00245622	0.00236658	8.96476e-05	0.209746	0	0.321392	0	28.6375	0	-0.0162466	-0.0128557	-0.00339096	-0.0162466
1200	1210.39	0	-146.86	0.20729	0.0181228	0.0163938	0.00172903	0.225413	0	-0.899807	0	-2.24768	0	-0.0157693	-0.0115147	-0.00425457	-0.0157693
1200	1220.71	0	-254.599	0.20729	-0.0220941	-0.0207131	-0.00138095	0.185196	0	-1.56708	0	-13.0216	0	0.0658291	0.062683	0.00314608	0.0658291
1200	1203.23	0	123.684	0.20729	-0.00442496	-0.00323193	-0.00119303	0.202865	0	0.369814	0	0.864786	0	-0.0118508	-0.0147926	0.00294177	-0.0118508
1200	1183.77	0	-103.765	0.20729	0.0194796	0.0162335	0.00324603	0.226769	0	0.368218	0	25.5251	0	-0.0140713	-0.0147287	0.00065744	-0.0140713
1200	1189.01	0	-233.052	0.20729	0.0154686	0.0109916	0.00447698	0.222758	0	-0.0478944	0	3.49841	0	0.000375097	0.00191578	-0.00154068	0.000375097
1200	1200.41	0	-77.4285	0.20729	0.00402567	-0.000410278	0.00443595	0.211315	0	0.155905	0	19.0607	0	-0.00824458	-0.00623619	-0.00200839	-0.00824458
1200	1205.95	0	-72.6401	0.20729	-0.00322107	-0.00595044	0.00272937	0.204069	0	0.404401	0	36.7778	0	-0.0205614	-0.0161761	-0.00438531	-0.0205614
1200	1210.77	0	396.623	0.20729	-0.00954356	-0.0107683	0.00122475	0.197746	0	0.202199	0	-29.781	0	-0.0141574	-0.00808794	-0.00606943	-0.0141574
1200	1194.96	0	425.354	0.20729	0.00679938	0.00503735	0.00176202	0.214089	0	-0.46986	0	-30.2598	0	0.0135168	0.0187944	-0.00527762	0.0135168
1200	1205.01	0	509.151	0.20729	-0.002097	-0.00501233	0.00291533	0.205193	0	-0.627365	0	-81.2563	0	0.0242006	0.0250946	-0.000894047	0.0242006
1200	1189.12	0	-415.011	0.20729	0.0173684	0.0108835	0.00648487	0.224658	0	0.257538	0	-3.6842	0	-0.0139045	-0.0103015	-0.00360299	-0.0139045
1200	1220.9	0	-67.8517	0.20729	-0.0161652	-0.020896	0.00473081	0.191124	0	1.17277	0	26.2433	0	-0.0547777	-0.0469109	-0.00786679	-0.0547777
1200	1187.15	0	353.528	0.20729	0.0189915	0.0128542	0.00613727	0.226281	0	-1.26484	0	-39.3578	0	0.0504897	0.0505934	-0.000103771	0.0504897
1200	1202.74	0	-216.292	0.20729	0.00312851	-0.00273523	0.00586374	0.210418	0	-0.39696	0	-12.5427	0	0.0169655	0.0158784	0.00108711	0.0169655
1200	1199.75	0	-276.147	0.20729	0.00514759	0.000253418	0.00489418	0.212437	0	-0.482098	0	-22.359	0	0.0214135	0.0192839	0.00212954	0.0214135
1200	1192.57	0	-0.814034	0.20729	0.0127829	0.00742615	0.00535671	0.220073	0	0.411319	0	-8.71202	0	-0.00988377	-0.0164528	0.00656899	-0.00988377
1200	1206.58	0	106.925	0.20729	0.00147389	-0.0065769	0.00805079	0.208764	0	-0.0133071	0	9.24449	0	-0.000323261	0.000532283	-0.000855544	-0.000323261
1200	1209.23	0	6.36858	0.20729	-0.00210031	-0.00922827	0.00712797	0.205189	0	-0.15006	0	10.681	0	0.00559704	0.0060024	-0.000405364	0.00559704
1200	1196.92	0	360.71	0.20729	0.00756759	0.0030813	0.00448629	0.214857	0	2.44026	0	-8.95144	0	-0.115987	-0.0976106	-0.0183769	-0.115987
1200	1204.56	0	619.284	0.20729	-0.000527089	-0.00455762	0.00403053	0.206763	0	0.876917	0	-8.95144	0	-0.0560843	-0.0350767	-0.0210076	-0.0560843
1200	1186.71	0	703.081	0.20729	0.0173444	0.0132913	0.00405314	0.224634	0	2.06991	0	-70.4824	0	-0.118508	-0.0827966	-0.0357115	-0.118508
1200	1197.56	0	47.07	0.20729	0.00737084	0.00244092	0.00492992	0.214661	0	-2.17794	0	-73.8343	0	0.063955	0.0871176	-0.0231627	0.063955
1200	1209.4	0	-740.622	0.20729	-0.00624483	-0.00940173	0.00315691	0.201045	0	1.46277	0	-9.90912	0	-0.0895611	-0.0585109	-0.0310501	-0.0895611
1200	1217.6	0	-46.3039	0.20729	-0.0177995	-0.0175957	-0.000203761	0.18949	0	-1.25313	0	-21.4013	0	0.0231473	0.0501252	-0.0269779	0.0231473
1200	1175.29	0	-170.802	0.20729	0.00724265	0.00576489	0.00147776	0.214532	0	-1.22333	0	-71.6795	0	0.00739735	0.0309478	-0.0235505	0.00739735
1200	1202.85	0	-731.046	0.20729	0.000812817	-0.00285107	0.00366389	0.208102	0	-0.974302	0	-43.4279	0	0.0220145	0.0389721	-0.0169576	0.0220145
1200	1191.91	0	-620.912	0.20729	0.0144934	0.00872461	0.00576877	0.221783	0	-0.436337	0	11.6387	0	0.00928587	0.0216891	-0.0124032	0.00928587
1200	1211.36	0	-252.205	0.20729	-0.00591815	-0.0113602	0.00544208	0.201372	0	-1.37818	0	31.75	0	0.0481674	0.055127	-0.00695967	0.0481674
1200	1180.85	0	506.757	0.20729	0.0263212	0.0191509	0.00717036	0.233611	0	-0.135693	0	1.82247	0	-0.000601263	0.00542772	-0.00602898	-0.000601263
1200	1206.92	0	320.009	0.20729	0.00140929	-0.00692273	0.00833202	0.208699	0	-1.38988	0	-20.2042	0	0.0568153	0.0555953	0.00122001	0.0568153
1200	1191.14	0	238.606	0.20729	0.0171254	0.00885535	0.00827003	0.224415	0	-0.261804	0	11.8781	0	0.0159145	0.0104721	0.00544235	0.0159145
1200	1201.2	0	212.27	0.20729	0.00704957	-0.00120093	0.0082505	0.214339	0	0.784862	0	13.5541	0	-0.0274223	-0.0313945	0.00397215	-0.0274223
1200	1208.27	0	56.6468	0.20729	0.0024415	-0.00826953	0.010711	0.209731	0	-1.42819	0	38.6932	0	0.0700985	0.0571278	0.0129707	0.0700985
1200	1206.45	0	-142.072	0.20729	0.00361233	-0.00645337	0.0100657	0.210902	0	-0.647053	0	32.2288	0	0.040794	0.0258821	0.0149119	0.040794
1200	1201.42	0	-173.197	0.20729	0.00751938	-0.00141577	0.00893516	0.214809	0	-0.641732	0	17.6242	0	0.0425479	0.0256693	0.0168786	0.0425479
1200	1209.26	0	399.018	0.20729	-0.00552347	-0.00926331	0.00373983	0.201766	0	1.13978	0	28.8769	0	-0.0296656	-0.0455912	0.0159256	-0.0296656
1200	1166.83	0	157.203	0.20729	0.04195	0.0331687	0.0087813	0.24924	0	0.722605	0	21.9338	0	-0.0215924	-0.0289042	0.00731183	-0.0215924
1200	1201.65	0	-778.93	0.20729	0.00696681	-0.00164954	0.00861635	0.214256	0	-0.367162	0	51.3824	0	0.0230998	0.0146865	0.00841332	0.0230998
1200	1199.95	0	-247.417	0.20729	0.00845208	4.6875e-05	0.0084052	0.215742	0	0.144198	0	28.3981	0	0.00813523	-0.00576793	0.0139032	0.00813523
1200	1189.19	0	207.482	0.20729	0.00560364	-0.00254688	0.00815051	0.212893	0	0.506035	0	24.0885	0	-0.0856741	-0.09263	0.00695591	-0.0856741
1200	1219.96	0	262.548	0.20729	-0.0127278	-0.019963	0.00723517	0.194562	0	-2.51583	0	29.5952	0	0.113619	0.100633	0.0129853	0.113619
1200	1186.11	0	377.47	0.20729	0.020322	0.0138945	0.00642743	0.227612	0	-0.186244	0	-63.2998	0	0.0197407	0.00744975	0.0122909	0.0197407
1200	1179.44	0	200.299	0.20729	0.0290431	0.0205597	0.0084834	0.236333	0	-0.329914	0	-32.654	0	0.0264772	0.0131966	0.0132807	0.0264772
1200	1197.78	0	-84.6111	0.20729	0.012356	0.00221777	0.0101383	0.219646	0	0.337355	0	12.1175	0	0.000777828	-0.0134942	0.014272	0.000777828
1200	1199.03	0	-132.495	0.20729	0.0117884	0.00096814	0.0108203	0.219078	0	0.677907	0	38.9326	0	-0.0167521	-0.0271163	0.0103642	-0.0167521
1200	1211.35	0	-41.5155	0.20729	-0.00206525	-0.0113528	0.00928754	0.205224	0	0.103758	0	-0.811156	0	0.00441008	-0.00415031	0.00856039	0.00441008
1200	1194.52	0	226.635	0.20729	0.0153792	0.00548084	0.00989835	0.222669	0	-0.663549	0	-30.9781	0	0.039893	0.0265419	0.013351	0.039893
1200	1188.2	0	121.29	0.20729	0.0228768	0.0117986	0.0110782	0.230166	0	-0.446447	0	-37.6819	0	0.0325482	0.0178579	0.0146904	0.0325482
1200	1197.01	0	-79.8227	0.20729	0.0271727	0.00298657	0.0114597	0.234462	0	0.458145	0	47.0729	0	0.00169425	-0.0120256	0.0137198	0.00169425
1200	1178.26	0	-206.715	0.20729	0.0356622	0.0217375	0.0139246	0.242952	0	0.0170233	0	-7.2755	0	0.0101559	-0.000680934	0.0108369	0.0101559
1200	1198.53	0	-130.101	0.20729	0.0155467	0.00147461	0.0140721	0.222836	0	-0.150592	0	0.385945	0	0.0173123	0.00602368	0.0112887	0.0173123
1200	1192.82	0	566.612	0.20729	0.0176695	0.00718091	0.0104885	0.224959	0	1.62294	0	-48.2163	0	-0.0606145	-0.0649176	0.00430312	-0.0606145
1200	1179.54	0	-503.596	0.20729	0.0318859	0.0194521	0.0124338	0.239176	0	1.75065	0	43.4816	0	-0.0320086	-0.0337783	0.00176974	-0.0320086
1200	1204.07	0	-932.159	0.20729	0.0091057	-0.00407153	0.0131772	0.216395	0	0.178254	0	36.0596	0	-0.0137683	-0.00713014	-0.00663813	-0.0137683
1200	1210.25	0	90.1656	0.20729	0.000693321	-0.010251	0.0109443	0.207983	0	1.46064	0	28.6375	0	-0.070418	-0.0584258	-0.0119922	-0.070418
1200	1199.89	0	920.954	0.20729	0.0122382	0.000108887	0.0121293	0.219528	0	-0.182519	0	-38.1607	0	-0.00578972	0.00730075	-0.0130905	-0.00578972
1200	1232.76	0	458.873	0.20729	-0.0242685	-0.0327594	0.00849089	0.183021	0	-0.431548	0	-44.625	0	0.00671282	0.0172619	-0.0105491	0.00671282
1200	1195.26	0	346.345	0.20729	0.0137041	0.00473926	0.00896482	0.220994	0	-0.721549	0	-63.5392	0	0.0204775	0.028862	-0.00838444	0.0204775
1200	1211.28	0	-259.388	0.20729	-0.00317079	-0.0112772	0.00810643	0.204119	0	-0.235198	0	-17.3312	0	0.00356169	0.00940792	-0.00584623	0.00356169
1200	1192.39	0	569.006	0.20729	0.0147531	0.00760596	0.00714712	0.222043	0	-0.800834	0	-38.879	0	0.0288147	0.0320333	-0.00321864	0.0288147
1200	1193.52	0	346.345	0.20729	0.014477	0.00647888	0.00799809	0.221767	0	-0.735916	0	-78.8621	0	0.0311667	0.0294366	0.00173004	0.0311667
1200	1192.38	0	-146.86	0.20729	0.0137159	0.00761682	0.00609905	0.221006	0	-0.311822	0	13.0752	0	0.0150139	0.0124729	0.00254101	0.0150139
1200	1197.29	0	-326.425	0.20729	0.00908215	0.00271191	0.00637024	0.216372	0	-0.39696	0	-4.8813	0	0.0196103	0.0158784	0.0037319	0.0196103
1200	1209.36	0	-714.286	0.20729	0.0126077	0.00480054	0.0078072	0.219897	0	-0.079289	0	19.0607	0	0.0127264	0.00730075	0.00542564	0.0127264
1199.75	1183.12	-497.937	-29.5444	0.185597	0.0244326	0.0166331	0.00779958	0.21003	0	0.0915191	0	15.7088	0	0.00156537	-0.00366076	0.00522613	0.00156537
1197.76	1172.91	-1497.92	506.757	0.141774	0.0376365	0.0248434	0.0127932	0.17941	0	-0.28362	0	-2.00826	0	0.0177634	0.0113448	0.00641862	0.0177634
1193.76	1208.18	-2497.91	142.838	0.0976051	-0.00366256	-0.0144204	0.0107578	0.0939426	0	-0.115473	0	-0.571736	0	0.0117288	0.00461891	0.00710986	0.0117288
1187.76	1197.11	-3497.9	1.58017	0.0530909	0.000481601	-0.00934204	0.00982364	0.0535726	0	-0.310758	0	-4.64188	0	0.0204725	0.0124303	0.00804214	0.0204725
1179.77	1165.31	-4497.89	-1051.87	0.0307043	0.0266436	0.0144567	0.012187	0.049923	0	0.245832	0	21.2155	0	-0.00181185	-0.00983327	0.00802142	-0.00181185
1169.77	1172.84	-5497.87	-2122.08	-0.0369738	0.00766419	-0.00306604	0.0107302	-0.0293096	0	-0.378868	0	-23.5561	0	0.0240574	0.0151547	0.00890263	0.0240574
1158.03	1150.72	-6000	-1932.93	-0.0597059	0.0253612	0.0133009	0.0120603	-0.0343447	0	-0.399621	0	-17.0917	0	0.0260863	0.0159848	0.0101015	0.0260863
1146.03	1114.93	-6000	-2560.22	-0.0618715	0.054232	0.0370994	0.0171326	-0.00763956	0	-0.28362	0	6.37145	0	0.0228878	0.0113448	0.011543	0.0228878
1134.03	1114.82	-6000	-4126.02	-0.0639444	0.0474368	0.0252062	0.0222306	-0.0165076	0	-1.40957	0	-0.811157	0	0.0773826	0.0563828	0.0209997	0.0773826
1122.03	1100.84	-6000	-5114.83	-0.0660173	0.0537289	0.027184	0.026545	-0.0122883	0	-1.50695	0	-30.2598	0	0.0870261	0.0602779	0.0267482	0.0870261
1110.03	1081.19	-6000	-5517.05	-0.0691266	0.0659482	0.0288386	0.0371096	-0.00317837	0	0.475704	0	31.9894	0	0.00616361	-0.0190282	0.0251918	0.00616361
1098.03	1069.27	-6000	-5529.03	-0.0711994	0.0700762	0.0287594	0.0413168	-0.00112323	0	-0.959935	0	22.652	0	0.06989	0.0383974	0.0314926	0.06989
1086.03	1049.78	-6000	-5478.75	-0.0732723	0.0833323	0.0362437	0.0470886	0.0100599	0	0.261263	0	76.0427	0	0.0195367	-0.0104505	0.0299872	0.0195367
1074.03	1044.63	-6000	-5969.56	-0.0743087	0.0792731	0.0292587	0.0500145	0.0049644	0	0.423025	0	4.93491	0	0.00351429	-0.024626	0.0281403	0.00351429
1062.03	1046.88	-6000	-6168.28	-0.0763816	0.0762208	0.0211516	0.0550692	-0.000160806	0	0.339484	0	-14.9369	0	0.0122734	-0.0135793	0.0258528	0.0122734
1050.03	1015.06	-6000	-5890.55	-0.0784545	0.103073	0.0409655	0.062108	0.024619	0	0.680568	0	70.7755	0	-0.00470467	-0.0272227	0.022518	-0.00470467
1038.03	992.699	-6000	-5191.44	-0.0805274	0.122646	0.0513281	0.0713174	0.0421182	0	0.947688	0	89.4502	0	-0.0207149	-0.0379075	0.0171927	-0.0207149
1026.03	1012.74	-6000	-5986.32	-0.0826002	0.111581	0.0327223	0.0788589	0.0289809	0	0.910973	0	47.3123	0	-0.0355028	-0.0457402	0.0102375	-0.0355028
1014.03	999.886	-6000	-5100.46	-0.0857095	0.0975344	0.014142	0.0833925	0.0118249	0	0.917358	0	33.9048	0	-0.0356054	-0.0366943	0.00108889	-0.0356054
1002.03	996.174	-6000	-4468.39	-0.086746	0.0964317	0.0118538	0.0845779	0.0096857	0	-1.32177	0	-21.1619	0	0.0579251	0.0528709	0.0050542	0.0579251
990.028	999.308	-6000	-4602.47	-0.0888188	0.0809077	-0.00328058	0.0841883	-0.00791112	0	-2.88299	0	-62.821	0	0.142857	0.11532	0.027537	0.142857
978.028	964.695	-6000	-4631.2	-0.0908917	0.106326	0.0193333	0.0869924	0.015434	0	-2.31416	0	-93.4668	0	0.129846	0.0925665	0.0372795	0.129846
966.028	948.668	-6000	-4971.18	-0.094001	0.108335	0.01736	0.090975	0.014334	0	-0.0308668	0	-18.2888	0	0.0452444	0.00123467	0.0440097	0.0452444
954.028	938.341	-6000	-5390.16	-0.0960739	0.110995	0.015687	0.0953081	0.0149212	0	1.78736	0	110.28	0	-0.0463055	-0.0714945	0.0251889	-0.0463055
942.029	924.179	-6000	-5009.48	-0.0971103	0.103326	0.00728888	0.096037	0.00621554	0	1.49044	0	97.5905	0	-0.043156	-0.0635766	0.0204207	-0.043156
930.029	922.53	-6000	-4849.07	-0.0991832	0.112671	0.0134988	0.0991718	0.0134875	0	1.05518	0	37.4961	0	-0.0294232	-0.042207	0.0127838	-0.0294232
918.029	910.76	-6000	-5035.82	-0.102293	0.10946	0.00726892	0.102191	0.00716715	0	0.15218	0	-64.4969	0	0.00284151	-0.0060872	0.00892871	0.00284151
906.029	922.313	-6000	-5136.38	-0.104365	0.0842782	-0.0162841	0.100562	-0.0200872	0	0.167611	0	-74.5526	0	0.00172143	-0.00670445	0.00842588	0.00172143
894.029	889.621	-6000	-4770.06	-0.106438	0.105511	0.00440851	0.101103	-0.000926875	0	-0.112812	0	-74.792	0	0.0135226	0.00451248	0.00901016	0.0135226
882.029	877.771	-6000	-4817.95	-0.108511	0.106645	0.00425781	0.102387	-0.00186635	0	-0.926944	0	-38.4001	0	0.0495265	0.0370778	0.0124487	0.0495265
870.029	885.018	-6000	-6000.68	-0.110584	0.0879025	-0.0149884	0.102891	-0.0226814	0	0.600219	0	14.2723	0	-0.022115	-0.0240088	0.00189375	-0.022115
858.03	865.521	-6000	-5627.19	-0.11162	0.10125	-0.00149188	0.102742	-0.0103706	0	-1.32337	0	8.52625	0	0.0587986	0.0529347	0.00586385	0.0587986
846.03	839.944	-6000	-4779.64	-0.11473	0.109194	0.00608612	0.103108	-0.00553579	0	0.276694	0	-30.7387	0	-0.00466112	-0.0110678	0.00640665	-0.00466112
834.03	823.903	-6000	-5047.79	-0.115766	0.120847	0.016127	0.104721	0.0050813	0	-0.84021	0	-38.4001	0	0.0425357	0.0336084	0.00892728	0.0425357
822.03	833.661	-6000	-5821.12	-0.118875	0.0913445	-0.0116309	0.102975	-0.027531	0	1.49044	0	13.5541	0	-0.0558147	-0.0596177	0.00380307	-0.0558147
810.03	819.666	-6000	-5593.67	-0.120948	0.0923755	-0.00963629	0.102012	-0.0285728	0	0.450163	0	45.8758	0	-0.0155539	-0.0180065	0.00245258	-0.0155539
798.03	782.484	-6000	-5349.46	-0.123021	0.119837	0.015546	0.104291	-0.00318469	0	1.26323	0	19.0607	0	-0.0503785	-0.0505292	0.000150701	-0.0503785
786.03	772.442	-6000	-5603.25	-0.125094	0.119238	0.0135884	0.105649	-0.00585624	0	0.633742	0	-6.31782	0	-0.0271002	-0.0253497	-0.00175052	-0.0271002
774.031	799.323	-6000	-6560.93	-0.127167	0.0772503	-0.025292	0.102542	-0.0499166	0	-1.00995	0	-21.6407	0	0.0434207	0.0403982	0.00302256	0.0434207
762.031	743.488	-6000	-5210.6	-0.128203	0.101265	-0.00116144	0.102426	-0.0269386	0	0.568824	0	19.5396	0	-0.0026517	-0.00527839	0.00262668	-0.0026517
750.031	749.025	-6000	-4614.44	-0.130276	0.111987	0.00700586	0.104981	-0.0182893	0	0.985468	0	-40.0761	0	-0.0414549	-0.0394187	-0.00203619	-0.0414549
738.031	740.203	-6000	-5763.66	-0.133386	0.104043	-0.00217145	0.106214	-0.0293428	0	2.66322	0	15.4694	0	-0.116345	-0.106529	-0.0098167	-0.116345
726.031	739.898	-6000	-6194.61	-0.134422	0.0975607	-0.00786682	0.105428	-0.0368613	0	2.0912	0	-27.6262	0	-0.0997382	-0.0836479	-0.0160903	-0.0997382
714.031	736.575	-6000	-6326.29	-0.137531	0.0791962	-0.0225432	0.101739	-0.0583351	0	-0.0399127	0	4.69551	0	-0.0161077	0.00159651	-0.0177042	-0.0161077
702.032	696.315	-6000	-5344.67	-0.139604	0.109415	0.00571649	0.103699	-0.0301887	0	2.66215	0	-10.1485	0	-0.1447	-0.106486	-0.0382139	-0.1447
690.032	679.407	-6000	-6283.2	-0.141677	0.115474	0.0106252	0.104849	-0.026203	0	1.84909	0	-42.2308	0	-0.122097	-0.0739635	-0.0481335	-0.122097
678.032	685.015	-6000	-6546.56	-0.14375	0.0974141	-0.00698291	0.104397	-0.0463358	0	-0.787531	0	-54.2019	0	-0.0142218	0.0315012	-0.045723	-0.0142218
666.032	680.251	-6000	-6376.57	-0.144786	0.0953561	-0.00821899	0.103575	-0.0494303	0	-0.707182	0	-109.508	0	-0.0153142	0.0282873	-0.0436015	-0.0153142
654.032	648.269	-6000	-5332.7	-0.147896	0.109343	0.00576318	0.10358	-0.0385528	0	0.441117	0	-87.0024	0	-0.0693539	-0.0176447	-0.0517092	-0.0693539
642.032	639.994	-6000	-5758.87	-0.149969	0.106466	0.00203815	0.104428	-0.0435022	0	-1.32816	0	-35.7665	0	0.00881612	0.0531263	-0.0443102	0.00881612
630.032	621.754	-6000	-5691.83	-0.152041	0.114472	0.00827893	0.106193	-0.037569	0	1.46224	0	-41.0337	0	-0.107471	-0.0584897	-0.048981	-0.107471
618.033	620.777	-6000	-6046.17	-0.154114	0.102496	-0.00274469	0.105241	-0.0516183	0	-0.791256	0	-47.2587	0	-0.0173723	0.0316502	-0.0490225	-0.0173723
606.033	605.849	-6000	-6000.68	-0.156187	0.104907	0.00018335	0.104724	-0.0512802	0	-1.42873	0	-48.9346	0	0.0165185	0.0571491	-0.0406305	0.0165185
594.033	578.33	-6000	-5861.82	-0.15826	0.122448	0.0157026	0.106745	-0.0358122	0	-1.40319	0	-65.694	0	0.0241602	0.0561274	-0.0319672	0.0241602
582.033	575.363	-6000	-5912.1	-0.159296	0.120682	0.0126699	0.108012	-0.0386144	0	-1.14937	0	-25.232	0	0.0174556	0.0459747	-0.0285191	0.0174556
570.033	571.833	-6000	-5852.24	-0.161369	0.112842	0.00420044	0.108641	-0.0485275	0	-0.934926	0	-4.8813	0	0.0146711	0.037397	-0.0227259	0.0146711
558.033	558.209	-6000	-5864.21	-0.164479	0.108363	-0.000175903	0.108539	-0.0561157	0	-0.2054	0	-9.4303	0	-0.0105861	0.00821599	-0.0188021	-0.0105861
546.034	556.123	-6000	-6029.41	-0.166551	0.0965329	-0.0100896	0.106622	-0.0700186	0	-0.891825	0	-1.05059	0	0.0191824	0.035673	-0.0164906	0.0191824
534.034	537.225	-6000	-5555.36	-0.167588	0.109164	0.00280859	0.106355	-0.0584243	0	-1.25898	0	-23.5561	0	0.0422096	0.0503593	-0.0081497	0.0422096
522.034	527.428	-6000	-5500.3	-0.169661	0.108387	0.000606079	0.107781	-0.061274	0	-0.855109	0	-9.43027	0	0.0318845	0.0342044	-0.00231985	0.0318845
510.034	507.87	-6000	-6153.91	-0.17277	0.110806	0.00216409	0.108642	-0.0619637	0	-0.852449	0	39.6509	0	0.0390638	0.0340979	0.00496587	0.0390638
498.034	503.298	-6000	-5873.79	-0.174843	0.102852	-0.00526349	0.108116	-0.0719905	0	-0.627897	0	30.3135	0	0.0319654	0.0251159	0.00684956	0.0319654
486.034	488.886	-6000	-6436.43	-0.176916	0.104591	-0.00285138	0.107442	-0.072325	0	-0.492208	0	53.5372	0	0.0305623	0.0196883	0.010874	0.0305623
474.034	473.49	-6000	-6295.17	-0.178989	0.107883	0.000544617	0.107338	-0.0711059	0	-0.097913	0	62.3958	0	0.0159271	0.00391652	0.0120106	0.0159271
462.035	446.884	-6000	-5507.48	-0.181062	0.123727	0.0151509	0.108576	-0.0573348	0	-0.514557	0	12.357	0	0.0348374	0.0205823	0.0142551	0.0348374
450.035	436.747	-6000	-5919.28	-0.183134	0.123833	0.0132883	0.110545	-0.0593015	0	-0.0250136	0	23.3703	0	0.0166141	0.00100054	0.0156136	0.0166141
438.035	436.298	-6000	-6149.12	-0.184171	0.119055	0.00773694	0.111318	-0.0651156	0	0.156969	0	44.9181	0	0.00886391	-0.00627876	0.0151427	0.00886391
426.035	418.152	-6000	-6122.79	-0.18728	0.121079	0.00788297	0.113196	-0.066201	0	0.0782163	0	67.663	0	0.0095509	-0.00312865	0.0126796	0.0095509
414.035	412.846	-6000	-5792.39	-0.189353	0.114504	0.00118878	0.113315	-0.0748491	0	-0.0500228	0	41.3268	0	0.0148305	0.00200091	0.0128296	0.0148305
402.035	404.806	-6000	-6197.01	-0.191426	0.110909	-0.00277103	0.11368	-0.0805166	0	0.0750236	0	13.3146	0	0.00983351	-0.00300094	0.0128345	0.00983351
390.036	401.477	-6000	-6201.8	-0.192462	0.107694	-0.0054418	0.113136	-0.084768	0	-0.000536371	0	16.6665	0	0.0128575	2.14548e-05	0.0128361	0.0128575
378.036	362.617	-6000	-5378.19	-0.195572	0.130424	0.0154188	0.115005	-0.065148	0	-0.21551	0	-4.8813	0	0.0233242	0.00862039	0.0147038	0.0233242
366.036	361.74	-6000	-5591.28	-0.196608	0.12633	0.0102953	0.116034	-0.0702784	0	0.148987	0	17.3848	0	0.00829736	-0.00595949	0.0142569	0.00829736
354.036	351.573	-6000	-6084.48	-0.198681	0.126173	0.00846329	0.11771	-0.0725076	0	0.252217	0	24.5674	0	0.00275384	-0.0100887	0.0128425	0.00275384
342.036	344.555	-6000	-5660.71	-0.20179	0.115446	-0.00251886	0.117965	-0.0863442	0	-0.0665183	0	8.04739	0	0.0155001	0.00266073	0.0128394	0.0155001
330.036	335.652	-6000	-5212.99	-0.203863	0.111867	-0.00561612	0.117483	-0.0919961	0	0.110675	0	4.93491	0	0.00821283	-0.00442701	0.0126398	0.00821283
318.036	317.531	-6000	-5359.04	-0.2049	0.115049	-0.00227023	0.117319	-0.0898503	0	0.231465	0	19.5396	0	0.00583857	-0.00604463	0.0118832	0.00583857
306.037	312.493	-6000	-5866.61	-0.208009	0.1101	-0.00645654	0.116556	-0.0979093	0	0.0782163	0	20.0184	0	0.00721891	-0.00312865	0.0103476	0.00721891
294.037	299.128	-6000	-6067.72	-0.210082	0.110251	-0.00509119	0.115342	-0.0998309	0	0.193153	0	24.328	0	0.0016557	-0.0077261	0.0093818	0.0016557
282.037	281.023	-6000	-6319.11	-0.212155	0.115766	0.00101364	0.114753	-0.0963884	0	0.269777	0	25.0462	0	-0.0027374	-0.0107911	0.00805368	-0.0027374
270.037	279.042	-6000	-6532.2	-0.214227	0.104847	-0.00900476	0.113852	-0.10938	0	0.158033	0	3.73782	0	0.00125825	-0.00632133	0.00757958	0.00125825
258.037	251.024	-6000	-6434.03	-0.2163	0.122067	0.00701372	0.115054	-0.094233	0	0.0563997	0	2.06187	0	0.00531405	-0.00225599	0.00757004	0.00531405
246.037	238.548	-6000	-6311.93	-0.218373	0.124265	0.0074892	0.116776	-0.0941081	0	0.407594	0	17.1454	0	-0.0107068	-0.0163038	0.00559699	-0.0107068
234.038	223.943	-6000	-6065.33	-0.220446	0.129002	0.0100945	0.118907	-0.0914445	0	0.544879	0	29.8346	0	-0.0187651	-0.0217952	0.0030301	-0.0187651
222.038	212.37	-6000	-5861.82	-0.222519	0.131179	0.00966794	0.121511	-0.0913403	0	0.270309	0	20.9761	0	-0.0100091	-0.0108124	0.000803238	-0.0100091
210.038	202.583	-6000	-6024.63	-0.223555	0.131651	0.00921822	0.122433	-0.0919047	0	0.00212419	0	-19.2465	0	0.00279405	0.00185192	0.000942132	0.00279405
198.038	195.7	-6000	-5828.3	-0.225628	0.13235	0.00833815	0.124012	-0.0932783	0	0.149519	0	1.34363	0	-0.00549357	-0.00598078	0.000487201	-0.00549357
186.038	184.402	-6000	-5928.86	-0.227701	0.133224	0.0076362	0.125587	-0.0944775	0	-0.0143713	0	-18.2888	0	0.000816243	0.000574852	0.000241391	0.000816243
174.038	161.481	-6000	-6120.39	-0.23081	0.141153	0.0125572	0.128596	-0.0896573	0	0.21763	0	7.56855	0	-0.00859786	-0.00870519	0.000107337	-0.00859786
162.038	158.194	-6000	-6077.3	-0.232883	0.132825	0.00384435	0.12898	-0.100059	0	0.328841	0	11.8781	0	-0.0140328	-0.0131537	-0.000879187	-0.0140328
150.039	143.975	-6000	-6326.29	-0.23392	0.143343	0.0120631	0.13128	-0.0905764	0	0.127171	0	0.385938	0	-0.00723188	-0.00508683	-0.00214506	-0.00723188
138.039	127.256	-6000	-6122.79	-0.237029	0.145209	0.0107831	0.134426	-0.0918197	0	-0.29107	0	-30.0204	0	0.0114325	0.0116428	-0.000210258	0.0114325
126.039	121.075	-6000	-6146.73	-0.239102	0.14022	0.00496388	0.135256	-0.0988824	0	0.0329867	0	-2.24768	0	-0.00117691	-0.00131947	0.000142558	-0.00117691
114.039	112.234	-6000	-6086.88	-0.240138	0.143841	0.00780454	0.136036	-0.0962978	0	0.0846016	0	15.7088	0	-0.00349531	-0.00338407	-0.000111246	-0.00349531
102.039	101.779	-6000	-5813.94	-0.242211	0.143817	0.00625977	0.137557	-0.0983947	0	-0.127179	0	-9.19087	0	0.00520901	0.00508717	0.000121844	0.00520901
90.0394	95.5308	-6000	-6027.02	-0.244284	0.138431	0.000508484	0.137923	-0.105853	0	-0.0425733	0	-5.12073	0	0.00238033	0.00170293	0.000677396	0.00238033
78.0396	79.5576	-6000	-5720.56	-0.247393	0.136211	-0.00151808	0.13773	-0.111182	0	0.103758	0	27.4404	0	-0.00383206	-0.00415031	0.000318245	-0.00383206
66.0397	69.8319	-6000	-5378.19	-0.249466	0.134096	-0.00379219	0.137888	-0.11537	0	0.179318	0	10.9204	0	-0.00789685	-0.00717271	-0.000724138	-0.00789685
54.0399	50.4429	-6000	-5507.48	-0.251539	0.1422	0.00359693	0.138603	-0.109339	0	0.111739	0	1.82246	0	-0.00645478	-0.00446958	-0.00198521	-0.00645478
42.04	44.5964	-6000	-5548.18	-0.252576	0.142391	0.00344358	0.138948	-0.110185	0	-0.0904634	0	-3.6842	0	0.00190472	0.00361854	-0.00171382	0.00190472
30.2868	28.4578	-5503.35	-5907.31	-0.234048	0.141375	0.001829	0.139546	-0.0926738	0	-0.300648	0	-28.5839	0	0.012041	0.0120259	1.50557e-05	0.012041
20.2803	17.9873	-4503.36	-5684.65	-0.192298	0.142344	0.00229293	0.140051	-0.0499546	0	-0.105895	0	-13.9793	0	0.00538746	0.00423579	0.00115167	0.00538746
12.2736	10.2779	-3503.37	-5179.47	-0.150203	0.142085	0.00199576	0.140089	-0.00811827	0	-0.136757	0	-9.90911	0	0.00745049	0.00547029	0.0019802	0.00745049
6.26695	4.95055	-2503.39	-4305.59	-0.107762	0.14142	0.0013164	0.140104	0.0336578	0	-0.232005	0	-12.5427	0	0.0124226	0.00928021	0.00314236	0.0124226
2.26021	1.23675	-1503.4	-3527.47	-0.0649759	0.141228	0.00102346	0.140205	0.0762522	0	-0.304373	0	-12.7822	0	0.0170318	0.0121749	0.00485685	0.0170318
0.253425	1.73992	-503.413	-3280.87	-0.0218441	0.13857	-0.0014865	0.140056	0.116725	0	-0.267125	0	11.8781	0	0.0163432	0.010685	0.00565823	0.0163432
0	-1.49184	0	-2756.54	0	0.141813	0.00149184	0.140322	0.141813	0	-0.209657	0	10.2022	0	0.0154748	0.00838626	0.00708857	0.0154748
0	11.497	0	-2229.82	0	0.127441	-0.011497	0.138938	0.127441	0	-0.135693	0	19.779	0	0.0135124	0.00542772	0.00808471	0.0135124
0	9.94111	0	-201.927	0	0.126924	-0.00994111	0.136866	0.126924	0	0.195813	0	26.7222	0	-0.000239464	-0.00783253	0.00759306	-0.000239464
0	12.732	0	3.97437	0	0.120553	-0.012732	0.133285	0.120553	0	0.0877943	0	23.8491	0	0.00284257	-0.00351177	0.00635434	0.00284257
0	15.6061	0	-39.1213	0	0.114493	-0.0156061	0.130099	0.114493	0	0.0893907	0	12.8358	0	0.00207955	-0.00357563	0.00565517	0.00207955
0	17.7375	0	109.319	0	0.110588	-0.0177375	0.128326	0.110588	0	0.025005	0	-2.00826	0	0.00457996	-0.0010002	0.00558016	0.00457996
0	19.0212	0	114.108	0	0.105656	-0.0190212	0.124677	0.105656	0	-0.0681147	0	-3.44478	0	0.0085969	0.00272459	0.00587231	0.0085969
0	21.8755	0	264.942	0	0.0985427	-0.0218755	0.120418	0.0985427	0	-0.120262	0	1.10421	0	0.0113245	0.00481047	0.00651407	0.0113245
0	24.5599	0	561.823	0	0.091144	-0.0245599	0.115704	0.091144	0	-0.115473	0	-8.4726	0	0.0118354	0.00461891	0.00721648	0.0118354
0	27.1884	0	743.783	0	0.0849358	-0.0256605	0.110596	0.0849358	0	0.00744532	0	3.01957	0	0.009865	0.00223504	0.00762996	0.009865
0	28.0826	0	640.832	0	0.0741486	-0.0280826	0.102231	0.0741486	0	0.0563997	0	2.30131	0	0.00550012	-0.00225599	0.00775611	0.00550012
0	28.1163	0	334.374	0	0.0685094	-0.0281163	0.0966258	0.0685094	0	0.104822	0	5.17435	0	0.00324558	-0.00419288	0.00743846	0.00324558
0	26.4767	0	68.6178	0	0.0672793	-0.0266786	0.0939579	0.0672793	0	0.0691704	0	5.89261	0	0.0055853	-0.00172387	0.00730917	0.0055853
0	24.7465	0	-22.3618	0	0.0640891	-0.0247465	0.0888356	0.0640891	0	-0.00479327	0	-3.20536	0	0.00730777	0.000191731	0.00711604	0.00730777
0	22.3778	0	-333.608	0	0.0618286	-0.0223778	0.0842064	0.0618286	0	-0.0303347	0	-8.4726	0	0.00852899	0.00121339	0.00731561	0.00852899
0	18.0176	0	-541.904	0	0.0602399	-0.0180176	0.0782574	0.0602399	0	-0.0760964	0	-5.36014	0	0.0108352	0.00304385	0.00779135	0.0108352
0	17.7378	0	-501.202	0	0.0587458	-0.0177378	0.0764837	0.0587458	0	-0.0713073	0	-9.90912	0	0.0108576	0.00285229	0.00800527	0.0108576
0	16.9133	0	-505.991	0	0.0561867	-0.0169133	0.0731	0.0561867	0	-0.0478944	0	-5.59956	0	0.0104143	0.00191578	0.00849857	0.0104143
0	15.4964	0	-419.799	0	0.0544056	-0.0154964	0.069902	0.0544056	0	0.057996	0	9.72333	0	0.00614363	-0.00231984	0.00846347	0.00614363
0	12.9702	0	-580.211	0	0.0527208	-0.0129702	0.065691	0.0527208	0	0.0122343	0	1.82247	0	0.00783047	-0.000489373	0.00831984	0.00783047
0	12.6	0	-666.402	0	0.0518309	-0.0126	0.064431	0.0518309	0	-0.00692172	0	-4.40246	0	0.00861748	0.000276869	0.00834061	0.00861748
0	8.83517	0	-845.967	0	0.052613	-0.00883517	0.0614482	0.052613	0	-0.0691789	0	10.681	0	0.0113297	0.00276716	0.00856254	0.0113297
0	6.43615	0	-886.669	0	0.0535254	-0.00643615	0.0599615	0.0535254	0	-0.0393806	0	4.21667	0	0.0103102	0.00157522	0.00873497	0.0103102
0	4.36639	0	-910.611	0	0.0545117	-0.00436639	0.0588781	0.0545117	0	-0.0287383	0	-2.4871	0	0.0100857	0.00114953	0.00893613	0.0100857
0	3.2823	0	-774.141	0	0.0548431	-0.0032823	0.0581254	0.0548431	0	-0.0149034	0	-4.16304	0	0.00963765	0.000596136	0.00904152	0.00963765
0	2.20914	0	-714.286	0	0.0556326	-0.00226618	0.0578987	0.0556326	0	0.0340509	0	-5.83898	0	0.0104603	0.00131981	0.0091405	0.0104603
0	1.6613	0	-580.211	0	0.0556492	-0.0016613	0.0573105	0.0556492	0	0.00372053	0	9.48391	0	0.00897096	-0.000148821	0.00911979	0.00897096
0	0.724653	0	-573.028	0	0.0565134	-0.000724653	0.057238	0.0565134	0	-0.0404448	0	3.97725	0	0.0108589	0.00161779	0.00924112	0.0108589
0	0.473021	0	-515.567	0	0.0567277	-0.000373151	0.0571008	0.0567277	0	0.0478859	0	5.89261	0	0.0115533	0.00219247	0.00936087	0.0115533
0	-0.399461	0	-486.837	0	0.0574929	0.000399461	0.0570935	0.0574929	0	-0.0569403	0	2.54073	0	0.0116656	0.00227761	0.00938804	0.0116656
0	-0.777039	0	-438.953	0	0.0579845	0.000777039	0.0572075	0.0579845	0	-0.0106465	0	8.28681	0	0.00972931	0.00042586	0.00930345	0.00972931
0	-1.11888	0	-338.396	0	0.0585017	0.00111888	0.0573829	0.0585017	0	0.0361794	0	4.45609	0	0.0076392	-0.00144718	0.00908638	0.0076392
0	-0.693163	0	-285.724	0	0.0582865	0.000693163	0.0575933	0.0582865	0	0.0186197	0	3.49841	0	0.00816442	-0.000744787	0.00890921	0.00816442
0	-0.327553	0	-194.744	0	0.0579789	0.000327553	0.0576513	0.0579789	0	0.00425264	0	2.06189	0	0.00873434	-0.000170106	0.00890445	0.00873434
0	-0.740859	0	-70.2459	0	0.0584897	0.000740859	0.0577489	0.0584897	0	-0.0111786	0	-1.76884	0	0.00933726	0.000447145	0.00889012	0.00933726
0	0.388764	0	-67.8517	0	0.0573399	-0.000388764	0.0577287	0.0573399	0	-0.0356558	0	-1.52942	0	0.0102876	0.00142623	0.00886141	0.0102876
0	0.40666	0	-3.20823	0	0.0572634	-0.00040666	0.0576701	0.0572634	0	-0.0462981	0	-1.29	0	0.0108586	0.00185192	0.0090067	0.0108586
0	0.134886	0	-41.5155	0	0.0574599	-0.000134886	0.0575948	0.0574599	0	-0.0500228	0	-1.29	0	0.0111705	0.00200091	0.00916955	0.0111705
0	0.583448	0	-7.99664	0	0.056953	-0.000583448	0.0575365	0.056953	0	0.0122343	0	2.06189	0	0.00864348	-0.000489373	0.00913285	0.00864348
0	-0.0728911	0	-96.5821	0	0.0576167	7.28911e-05	0.0575438	0.0576167	0	-0.00106848	0	1.82247	0	0.00928257	4.27392e-05	0.00923983	0.00928257
0	0.153466	0	-58.2749	0	0.0573206	-0.000153466	0.0574741	0.0573206	0	-0.0303347	0	5.65319	0	0.0105043	0.00121339	0.00929095	0.0105043
0	0.76029	0	-24.7561	0	0.0566377	-0.00076029	0.057398	0.0566377	0	0.0196839	0	-2.4871	0	0.00844454	-0.000787356	0.0092319	0.00844454
0	0.665348	0	6.36858	0	0.0566337	-0.000665348	0.057299	0.0566337	0	0.0101059	0	-8.4726	0	0.00872394	-0.000404235	0.00912818	0.00872394
0	-0.0589917	0	8.76278	0	0.0573639	5.89917e-05	0.0573049	0.0573639	0	-0.0159676	0	-4.8813	0	0.00981478	0.000638705	0.00917608	0.00981478
0	0.150654	0	-3.20823	0	0.0570557	-0.000150654	0.0572064	0.0570557	0	-0.0447017	0	-1.29	0	0.0110568	0.00178807	0.00926869	0.0110568
0	0.62055	0	39.8874	0	0.0564715	-0.00062055	0.057092	0.0564715	0	-0.0574724	0	-1.76884	0	0.0116538	0.0022989	0.00935492	0.0116538
0	-0.308915	0	-24.756	0	0.05738	0.000308915	0.0570711	0.05738	0	0.00212419	0	0.864786	0	0.0092588	-8.49678e-05	0.00934377	0.0092588
0	0.435987	0	1.58017	0	0.0564604	-0.000435987	0.0568964	0.0564604	0	0.0313904	0	3.49841	0	0.00793175	-0.00125562	0.00918737	0.00793175
0	-0.197368	0	-58.2749	0	0.0571135	0.000197368	0.0569161	0.0571135	0	-0.0457659	0	5.17435	0	0.0111553	0.00183064	0.00932467	0.0111553
0	0.249853	0	-75.0343	0	0.0565482	-0.000249853	0.0567981	0.0565482	0	-0.00106848	0	2.54073	0	0.00911363	4.27392e-05	0.00907089	0.00911363
