0	-0.0597503	0	306.889	0	0	0	0	0	0	-0.015128	0	-53.1465	0	0	0	0	0
0	0.128308	0	-121.673	0	0	-0	0	0	0.0301593	-0.029495	30.1593	-53.3859	0.0430501	0	0	0	0
0	-1.10343	0	-363.488	0	0	0	0	0	0.120637	0.0162667	60.3186	85.7172	0.0873128	0	0	0	0
0	0.154256	0	376.321	0	0	-0	0	0	0.271434	0.00296387	90.4779	-1.19231	0.132788	0	0	0	0
0	0.836792	0	103.382	0	0	-0	0	0	0.482549	-0.0252381	120.637	-73.4972	0.179476	0	0	0	0
0	-0.895786	0	-444.891	0	0	0	0	0	0.753982	0.0199915	150.796	56.9868	0.227377	0	0	0	0
0	3.85765	0	156.054	0	0	-0	0	0	1.05558	0.0183951	150.796	41.4245	0.23344	0	0	0	0
0	8.76953	0	31.5556	0	-0	-0	-0	0	1.35717	0.186543	150.796	57.7051	0.239504	0	0	0	0
0	2.74232	0	-1392.99	0	0	-0	-0	0	1.65876	0.786234	150.796	217.398	0.245567	0	0	0	0
0	10.3149	0	55.4976	0	-0	-0	-0	0	1.96035	1.02143	150.796	142.939	0.251631	0	0	0	0
0	9.76972	0	1204.71	0	-0	-0	-0	0	2.26195	1.19809	150.796	7.90565	0.257694	0	0	0	0
0	9.38354	0	1439.35	0	-0	-0	-0	0	2.56354	1.65305	150.796	191.302	0.263757	0	0	0	0
0	10.8988	0	-420.949	0	0	-0	-0	0	2.86513	1.78714	150.796	130.249	0.269821	0	0	0	0
0	4.11502	0	333.225	0	-0	-0	-0	0	3.16673	1.95795	150.796	60.5781	0.275884	0	0	0	0
0	1.56053	0	-454.467	0	0	-0	-0	0	3.46832	2.19048	150.796	40.7062	0.281948	0	0	0	0
0	2.09468	0	-452.073	0	0	-0	-0	0	3.76991	2.53529	150.796	198.484	0.288011	0	0	0	0
0	1.99147	0	713.903	0	-0	-0	-0	0	4.0715	2.74866	150.796	122.109	0.294074	0	0	0	0
0	-0.911407	0	-171.952	0	0	0	-0	0	4.3731	2.94927	150.796	20.5949	0.300138	0	0	0	0
0	0.898587	0	314.071	0	-0	-0	-0	0	4.52389	3.069	150.796	110.377	0.303169	0	0	0	0
0	-0.0636344	0	146.477	0	0	0	-0	0	4.82549	3.18606	150.796	-8.85376	0.309233	0	0	0	0
0	-1.13357	0	-406.583	0	0	0	-0	0	5.12708	3.43296	150.796	113.49	0.315296	0	0	0	0
0	-2.24105	0	201.544	0	0	0	-0	0	5.42867	3.75436	150.796	190.104	0.321359	0	0	0	0
0	-1.12082	0	259.005	0	0	0	-0	0	5.73026	4.08959	150.796	114.926	0.327423	0	0	0	0
0	-1.55347	0	-282.085	0	0	0	-0	0	6.03186	4.45941	150.796	117.321	0.333486	0	0	0	0
0	-4.00488	0	55.4976	0	0	0	-0	0	6.33345	4.77921	150.796	158.74	0.33955	0	0	0	0
0	-4.85261	0	493.637	0	0	0	-0	0	6.63504	5.18095	150.796	161.853	0.345613	0	0	0	0
0	-5.24013	0	-66.6067	0	0	0	-0	0	6.93663	5.5066	150.796	58.4233	0.351676	0	0	0	0
0	-0.190527	0	26.7672	0	0	0	-0	0	7.23822	5.80618	150.796	157.304	0.35774	0	0	0	0
0	5.88548	0	926.987	0	-0	-0	-0	0	7.53982	5.9887	150.796	134.32	0.363803	0	0	0	0
0	6.60992	0	682.779	0	-0	-0	-0	0	7.84141	6.18345	150.796	37.5938	0.369867	0	0	0	0
0	11.1636	0	-308.421	0	0	-0	-0	0	8.143	6.36118	150.796	77.8163	0.37593	0	0	0	0
0	16.782	0	627.712	0	-0	-0	-0	0	8.44459	6.68789	150.796	224.102	0.381993	0	0	0	0
0	11.5587	0	-109.702	0	0	-0	-0	0	8.74619	7.09709	150.796	170.951	0.388057	0	0	0	0
0	4.50662	0	-895	0	0	-0	-0	0	9.04778	7.44935	150.796	90.0268	0.39412	0	0	0	0
0	8.3147	0	-186.317	0	0	-0	-0	0	9.34937	7.6425	150.796	128.813	0.400183	0	0	0	0
0	6.71661	0	251.822	0	-0	-0	-0	0	9.65097	7.99583	150.796	195.132	0.406247	0	0	0	0
0	11.4548	0	754.604	0	-0	-0	-0	0	9.95256	8.39651	150.796	137.671	0.41231	0	0	0	0
0	21.8922	0	-1194.28	0	0	-0	-0	0	10.2542	8.9366	150.796	215.244	0.418374	0	0	0	0
0	34.2891	0	1709.89	0	-0	-0	-0	0	10.5557	9.40486	150.796	215.962	0.424437	0	0	0	0
0	38.1386	0	1209.5	0	-0	-0	-0	0	10.8573	9.61345	150.796	115.645	0.4305	0	0	0	0
0	26.1468	0	-1524.68	0	0	-0	-0	0	11.1589	10.0668	150.796	148.206	0.436564	0	0	0	0
0	12.2148	0	-830.357	0	0	-0	-0	0	11.4605	10.5553	150.796	300.956	0.442627	0	0	0	0
0	10.7768	0	-768.108	0	0	-0	-0	0	11.7621	11.4322	150.796	384.753	0.448691	0	0	0	0
0	21.2834	0	-564.601	0	0	-0	-0	0	12.0428	12.0058	125.664	167.12	0.418963	0	0	0	0
0	29.8558	0	1080.22	0	-0	-0	-0	0	12.3519	12.5065	80.4248	61.5358	0.361513	0	-0	0	0
0	29.2477	0	-1431.3	0	0	-0	-0	0	12.4826	12.7859	50.2654	146.53	0.321696	0	-0	0	0
0	26.4352	0	-217.441	0	0	-0	-0	0	12.553	13.2116	20.1061	259.776	0.280667	0	-0	0	0
0	21.9673	0	-820.78	0	0	-0	-0	0	12.5664	13.6006	0	270.789	0.252641	0	-0	0	0
0	21.6244	0	65.0744	0	-0	-0	-0	0	12.5664	13.7506	0	-84.5105	0.252641	0	-0	0	0
0	8.53394	0	-578.966	0	0	-0	-0	0	12.5664	13.7224	0	78.5346	0.252641	0	-0	0	0
0	10.2356	0	-116.885	0	0	-0	-0	0	12.5664	13.7671	0	86.9143	0.252641	0	-0	0	0
0	8.19581	0	-818.386	0	0	-0	-0	0	12.5664	13.7059	0	-120.663	0.252641	0	-0	0	0
0	5.63557	0	-818.386	0	0	-0	-0	0	12.5664	13.6107	0	-20.5853	0.252641	0	-0	0	0
0	6.64338	0	1130.49	0	-0	-0	-0	0	12.5664	13.3276	0	-56.9772	0.252641	0	-0	0	0
0	9.32995	0	1125.71	0	-0	-0	-0	0	12.5664	13.0908	0	-118.269	0.252641	0	-0	0	0
0	9.16699	0	-571.783	0	0	-0	-0	0	12.5664	12.9764	0	-112.283	0.252641	0	-0	0	0
0	9.89978	0	-222.23	0	0	-0	-0	0	12.5664	12.9317	0	32.8054	0.252641	0	-0	0	0
0	12.201	0	292.524	0	-0	-0	-0	0	12.5664	12.7987	0	-15.3181	0.252641	0	-0	0	0
0	5.85643	0	-696.282	0	0	-0	-0	0	12.5664	12.6188	0	-159.21	0.252641	0	-0	0	0
0	1.80284	0	-1139.21	0	0	-0	-0	0	12.5664	12.4299	0	-41.1755	0.252641	0	0	0	0
0	-2.00919	0	-428.131	0	0	0	-0	0	12.5664	12.2953	0	20.8343	0.252641	0	0	0	0
0	-4.21015	0	77.0454	0	0	0	-0	0	12.5664	12.1873	0	-123.536	0.252641	0	0	0	0
0	-1.00323	0	371.532	0	0	0	-0	0	12.5664	12.067	0	-97.9181	0.252641	0	0	0	0
0	3.41722	0	804.883	0	-0	-0	-0	0	12.5664	11.8989	0	-22.5007	0.252641	0	0	0	0
0	6.50997	0	1221.47	0	-0	-0	-0	0	12.5664	11.743	0	-22.9795	0.252641	0	0	0	0
0	4.04403	0	-107.308	0	0	-0	-0	0	12.5664	11.6184	0	-109.889	0.252641	0	0	0	0
0	4.94841	0	-447.285	0	0	-0	-0	0	12.5664	11.6296	0	44.7764	0.252641	0	0	0	0
0	3.225	0	77.0454	0	-0	-0	-0	0	12.5664	11.5259	0	17.7219	0.252641	0	0	0	0
0	2.70096	0	239.851	0	-0	-0	-0	0	12.5664	11.4333	0	-91.4537	0.252641	0	0	0	0
0	-4.84296	0	-452.073	0	0	0	-0	0	12.5664	11.4035	0	-60.5685	0.252641	0	0	0	0
0	-5.40172	0	-686.705	0	0	0	-0	0	12.5664	11.3391	0	22.7497	0.252641	0	0	0	0
0	-5.69943	0	677.99	0	0	0	-0	0	12.5664	11.2513	0	19.8767	0.252641	0	0	0	0
0	-7.49455	0	-497.563	0	0	0	-0	0	12.5664	11.1741	0	-69.9059	0.252641	0	0	0	0
0	-6.67001	0	-198.288	0	0	0	-0	0	12.5664	11.2007	0	46.2129	0.252641	0	0	0	0
0	-1.71166	0	-164.769	0	0	0	-0	0	12.5664	11.3199	0	127.616	0.252641	0	0	0	0
0	-1.05077	0	-102.52	0	0	0	-0	0	12.5664	11.255	0	-105.101	0.252641	0	0	0	0
0	-5.99758	0	-607.696	0	0	0	-0	0	12.5664	11.3444	0	18.6796	0.252641	0	0	0	0
0	-3.68893	0	302.1	0	0	0	-0	0	12.5664	11.445	0	73.2674	0.252641	0	0	0	0
0	-0.185249	0	419.416	0	0	0	-0	0	12.5664	11.4178	0	29.9323	0.252641	0	0	0	0
0	4.24691	0	175.208	0	-0	-0	-0	0	12.5664	11.4429	0	-52.9071	0.252641	0	0	0	0
0	3.05212	0	-538.264	0	0	-0	-0	0	12.5664	11.4647	0	35.1996	0.252641	0	0	0	0
0	6.894	0	-64.2125	0	0	-0	-0	0	12.5664	11.4045	0	28.0169	0.252641	0	0	0	0
0	5.52565	0	340.408	0	-0	-0	-0	0	12.5664	11.2939	0	-124.973	0.252641	0	0	0	0
0	0.237523	0	-13.9342	0	0	-0	-0	0	12.5664	11.2183	0	-105.34	0.252641	0	0	0	0
0	-8.59599	0	-1285.26	0	0	0	-0	0	12.5664	11.4514	0	166.402	0.252641	0	0	0	0
0	-6.85775	0	1008.39	0	0	0	-0	0	12.5664	11.371	0	-46.2033	0.252641	0	0	0	0
0	-12.4355	0	-339.546	0	0	0	-0	0	12.5664	11.2082	0	-113.48	0.252641	0	0	0	0
0	-13.306	0	-188.711	0	0	0	-0	0	12.5664	11.263	0	10.2999	0.252641	0	0	0	0
0	-2.25583	0	1032.33	0	0	0	-0	0	12.5664	11.1842	0	85.4778	0.252641	0	0	0	0
0	3.42686	0	-444.891	0	0	-0	-0	0	12.5664	11.1614	0	28.2564	0.252641	0	0	0	0
0	1.44033	0	-789.656	0	0	-0	-0	0	12.5664	11.2774	0	-2.38941	0.252641	0	0	0	0
0	5.06668	0	-624.456	0	0	-0	-0	0	12.5664	11.122	0	-17.4729	0.252641	0	0	0	0
0	4.69366	0	-219.836	0	0	-0	-0	0	12.5664	10.9836	0	-4.30478	0.252641	0	0	0	0
0	-0.565925	0	-578.966	0	0	0	-0	0	12.5664	10.8783	0	-126.888	0.252641	0	0	0	0
0	0.749198	0	117.747	0	-0	-0	-0	0	12.5664	10.7644	0	-78.2856	0.252641	0	0	0	0
0	5.57215	0	1238.23	0	-0	-0	-0	0	12.5664	10.7389	0	12.6941	0.252641	0	0	0	0
0	-0.484408	0	-672.34	0	0	0	-0	0	12.5664	10.6596	0	-17.9517	0.252641	0	0	0	0
0	2.5325	0	-21.1168	0	0	-0	-0	0	12.5664	10.3765	0	-138.619	0.252641	0	0	0	0
0	4.02318	0	1245.42	0	-0	-0	-0	0	12.5664	10.3281	0	-23.9372	0.252641	0	0	0	0
0	2.84032	0	412.234	0	-0	-0	-0	0	12.5664	10.236	0	-36.3871	0.252641	0	0	0	0
0	8.51368	0	-1797.61	0	0	-0	-0	0	12.5664	10.0993	0	-42.3726	0.252641	0	0	0	0
0	10.3727	0	895.862	0	-0	-0	-0	0	12.5664	10.1482	0	35.439	0.252641	0	0	0	0
0	10.5366	0	1298.09	0	-0	-0	-0	0	12.5664	10.0679	0	-62.2445	0.252641	0	0	0	0
0	10.1598	0	-210.259	0	0	-0	-0	0	12.5664	9.89015	0	-23.4584	0.252641	0	0	0	0
0	8.48447	0	-1021.89	0	0	-0	-0	0	12.5664	9.76776	0	-86.4259	0.252641	0	0	0	0
0	10.9028	0	948.535	0	-0	-0	-0	0	12.5664	9.69167	0	-37.8236	0.252641	0	0	0	0
0	16.3889	0	1092.19	0	-0	-0	-0	0	12.5664	9.58046	0	-20.5853	0.252641	0	0	0	0
0	14.9949	0	100.987	0	-0	-0	-0	0	12.5664	9.69273	0	-69.9059	0.252641	0	0	0	0
0	15.8536	0	-322.786	0	0	-0	-0	0	12.5664	9.69433	0	-55.7801	0.252641	0	0	0	0
0	14.1922	0	522.367	0	-0	-0	-0	0	12.5664	9.54481	0	0.962469	0.252641	0	0	0	0
0	15.149	0	-217.441	0	0	-0	-0	0	12.5664	9.49	0	22.7497	0.252641	0	0	0	0
0	8.2134	0	67.4686	0	-0	-0	-0	0	12.5664	9.50543	0	-64.6387	0.252641	0	0	0	0
0	7.06526	0	124.929	0	-0	-0	-0	0	12.5664	9.6225	0	12.9335	0.252641	0	0	0	0
0	5.66126	0	347.59	0	-0	-0	-0	0	12.5664	9.7816	0	117.56	0.252641	0	0	0	0
0	0.0299493	0	-878.241	0	0	-0	-0	0	12.5664	9.72626	0	1.68073	0.252641	0	0	0	0
0	-3.7606	0	-813.598	0	0	0	-0	0	12.5664	9.81512	0	-0.952893	0.252641	0	0	0	0
0	-7.88423	0	1243.02	0	0	0	-0	0	12.5664	9.84439	0	25.1439	0.252641	0	0	0	0
0	-9.09294	0	-507.14	0	0	0	-0	0	12.5664	9.78266	0	0.483629	0.252641	0	0	0	0
0	-3.50498	0	-787.261	0	0	0	-0	0	12.5664	9.83162	0	6.94797	0.252641	0	0	0	0
0	3.11326	0	-66.6067	0	0	-0	-0	0	12.5664	9.94655	0	22.5103	0.252641	0	0	0	0
0	2.85127	0	29.1614	0	-0	-0	-0	0	12.5664	9.91995	0	37.8332	0.252641	0	0	0	0
0	7.64117	0	-696.282	0	0	-0	-0	0	12.5664	9.88908	0	26.1016	0.252641	0	0	0	0
0	13.0695	0	-401.795	0	0	-0	-0	0	12.5664	9.89281	0	-45.0062	0.252641	0	0	0	0
0	10.4056	0	668.413	0	-0	-0	-0	0	12.5664	9.83162	0	-35.6688	0.252641	0	0	0	0
0	15.1786	0	-923.731	0	0	-0	-0	0	12.5664	9.86407	0	55.0714	0.252641	0	0	0	0
0	9.58002	0	-1256.52	0	0	-0	-0	0	12.5664	9.90079	0	5.99029	0.252641	0	0	0	0
0	9.94042	0	-485.592	0	0	-0	-0	0	12.5664	9.86461	0	-76.3702	0.252641	0	0	0	0
0	13.7753	0	-468.833	0	0	-0	-0	0	12.5664	9.71934	0	16.2854	0.252641	0	0	0	0
0	15.1641	0	280.553	0	-0	-0	-0	0	12.5664	9.67677	0	22.2709	0.252641	0	0	0	0
0	22.1594	0	-504.746	0	0	-0	-0	0	12.5664	9.65974	0	-56.2589	0.252641	0	0	0	0
0	29.3535	0	-33.0879	0	0	-0	-0	0	12.5664	9.65123	0	42.6216	0.252641	0	0	0	0
0	31.1127	0	460.118	0	-0	-0	-0	0	12.5664	9.52459	0	2.87783	0.252641	0	0	0	0
0	32.3596	0	-897.395	0	0	-0	-0	0	12.5664	9.48894	0	-17.4729	0.252641	0	0	0	0
0	33.0763	0	-526.293	0	0	-0	-0	0	12.5664	9.49372	0	-39.2601	0.252641	0	0	0	0
0	25.2085	0	1077.82	0	-0	-0	-0	0	12.5664	9.38783	0	-11.0085	0.252641	0	0	0	0
0	24.6797	0	103.382	0	-0	-0	-0	0	12.5664	9.24363	0	-17.4729	0.252641	0	0	0	0
0	20.2285	0	141.689	0	-0	-0	-0	0	12.5664	9.1271	0	-76.8491	0.252641	0	0	0	0
0	20.3498	0	1214.29	0	-0	-0	-0	0	12.5664	9.02387	0	-88.3413	0.252641	0	0	0	0
0	21.5642	0	381.109	0	-0	-0	-0	0	12.5664	8.90042	0	-0.234631	0.252641	0	0	0	0
0	24.631	0	280.553	0	-0	-0	-0	0	12.5664	8.91904	0	-32.3169	0.252641	0	0	0	0
0	25.3187	0	673.202	0	-0	-0	-0	0	12.5664	8.86051	0	-75.4126	0.252641	0	0	0	0
0	28.0846	0	-1584.53	0	0	-0	-0	0	12.5664	8.73972	0	-39.739	0.252641	0	0	0	0
0	32.8728	0	1173.59	0	-0	-0	-0	0	12.5664	8.77697	0	20.1161	0.252641	0	0	0	0
0	27.7792	0	1029.94	0	-0	-0	-0	0	12.5664	8.80517	0	-63.681	0.252641	0	0	0	0
0	23.7976	0	-777.685	0	0	-0	-0	0	12.5664	8.74291	0	-48.1187	0.252641	0	0	0	0
0	20.4727	0	-902.183	0	0	-0	-0	0	12.5664	8.76154	0	60.0993	0.252641	0	0	0	0
0	21.8177	0	1379.49	0	-0	-0	-0	0	12.5664	8.77218	0	14.8488	0.252641	0	0	0	0
0	16.0313	0	-148.01	0	0	-0	-0	0	12.5664	8.76739	0	-49.3158	0.252641	0	0	0	0
0	15.4442	0	-298.844	0	0	-0	-0	0	12.5664	8.82645	0	-9.81144	0.252641	0	0	0	0
0	20.7432	0	175.208	0	-0	-0	-0	0	12.5664	8.86211	0	62.0146	0.252641	0	0	0	0
0	21.5825	0	436.176	0	-0	-0	-0	0	12.5664	8.84242	0	7.18739	0.252641	0	0	0	0
0	26.1143	0	-411.372	0	0	-0	-0	0	12.5664	8.85625	0	-51.71	0.252641	0	0	0	0
0	26.9889	0	-746.56	0	0	-0	-0	0	12.5664	8.92756	0	69.9155	0.252641	0	0	0	0
0	21.6544	0	-100.126	0	0	-0	-0	0	12.5664	8.89829	0	13.4123	0.252641	0	0	0	0
0	25.4504	0	-37.8763	0	0	-0	-0	0	12.5664	8.89882	0	-38.7813	0.252641	0	0	0	0
0	24.8802	0	-710.647	0	0	-0	-0	0	12.5664	8.86743	0	-34.2323	0.252641	0	0	0	0
0	25.8529	0	220.698	0	-0	-0	-0	0	12.5664	8.8637	0	31.1294	0.252641	0	0	0	0
0	29.331	0	72.257	0	-0	-0	-0	0	12.5664	8.83178	0	26.341	0.252641	0	0	0	0
0	30.6539	0	-277.296	0	0	-0	-0	0	12.5664	8.75249	0	-78.0462	0.252641	0	0	0	0
0	25.8349	0	-1352.29	0	0	-0	-0	0	12.5664	8.6615	0	-13.6422	0.252641	0	0	0	0
0	27.5826	0	-255.749	0	0	-0	-0	0	12.5664	8.66097	0	23.2285	0.252641	0	0	0	0
0	20.1581	0	321.254	0	-0	-0	-0	0	12.5664	8.58381	0	-53.1465	0.252641	0	0	0	0
0	18.1015	0	-1519.89	0	0	-0	-0	0	12.5664	8.59339	0	-18.9094	0.252641	0	0	0	0
0	15.3874	0	-1041.05	0	0	-0	-0	0	12.5664	8.57636	0	21.3132	0.252641	0	0	0	0
0	14.4294	0	199.15	0	-0	-0	-0	0	12.5664	8.53273	0	5.99029	0.252641	0	0	0	0
0	13.8092	0	-1050.62	0	0	-0	-0	0	12.5664	8.43801	0	-75.4126	0.252641	0	0	0	0
0	19.2533	0	-1033.86	0	0	-0	-0	0	12.5664	8.43429	0	-41.6543	0.252641	0	0	0	0
0	27.8382	0	-370.67	0	0	-0	-0	0	12.5664	8.38693	0	34.2419	0.252641	0	0	0	0
0	32.0171	0	251.822	0	-0	-0	-0	0	12.5664	8.27785	0	-57.2166	0.252641	0	0	0	0
0	34.3433	0	-33.0879	0	0	-0	-0	0	12.5664	8.10863	0	-116.353	0.252641	0	0	0	0
0	36.153	0	-717.83	0	0	-0	-0	0	12.5664	8.14109	0	45.4946	0.252641	0	0	0	0
0	29.9204	0	239.851	0	-0	-0	-0	0	12.5664	8.08841	0	-6.69898	0.252641	0	0	0	0
0	27.3514	0	-112.097	0	0	-0	-0	0	12.5664	8.01764	0	-49.5552	0.252641	0	0	0	0
0	30.1657	0	-988.374	0	0	-0	-0	0	12.5664	7.89792	0	-74.4549	0.252641	0	0	0	0
0	28.0379	0	268.582	0	-0	-0	-0	0	12.5664	7.85375	0	28.2564	0.252641	0	0	0	0
0	29.2725	0	1039.51	0	-0	-0	-0	0	12.5664	7.75425	0	-41.1755	0.252641	0	0	0	0
0	28.3281	0	340.408	0	-0	-0	-0	0	12.5664	7.6739	0	-84.75	0.252641	0	0	0	0
0	29.8087	0	-674.734	0	0	-0	-0	0	12.5664	7.65953	0	6.22971	0.252641	0	0	0	0
0	30.3304	0	402.657	0	-0	-0	-0	0	12.5664	7.66326	0	43.5793	0.252641	0	0	0	0
0	29.9028	0	421.81	0	-0	-0	-0	0	12.5664	7.62228	0	-29.2045	0.252641	0	0	0	0
0	29.7394	0	-442.496	0	0	-0	-0	0	12.5664	7.56801	0	-62.9627	0.252641	0	0	0	0
0	29.5824	0	-95.3371	0	0	-0	-0	0	12.5664	7.62335	0	54.5926	0.252641	0	0	0	0
0	28.7133	0	280.553	0	-0	-0	-0	0	12.5664	7.55417	0	-1.19231	0.252641	0	0	0	0
0	32.9717	0	1108.95	0	-0	-0	-0	0	12.5664	7.45254	0	-74.4549	0.252641	0	0	0	0
0	32.9601	0	445.753	0	-0	-0	-0	0	12.5664	7.53076	0	-24.4161	0.252641	0	0	0	0
0	34.4551	0	620.529	0	-0	-0	-0	0	12.5664	7.61164	0	76.3798	0.252641	0	0	0	0
0	34.4271	0	1334	0	-0	-0	-0	0	12.5664	7.66858	0	35.1996	0.252641	0	0	0	0
0	33.0558	0	-923.731	0	0	-0	-0	0	12.5664	7.77021	0	11.9758	0.252641	0	0	0	0
0	35.4842	0	-1196.67	0	0	-0	-0	0	12.5664	7.79948	0	18.2007	0.252641	0	0	0	0
0	37.3976	0	361.955	0	-0	-0	-0	0	12.5664	7.84418	0	53.8743	0.252641	0	0	0	0
0	35.4402	0	187.179	0	-0	-0	-0	0	12.5664	7.86812	0	109.18	0.252641	0	0	0	0
0	32.8867	0	165.631	0	-0	-0	-0	0	12.5664	7.90643	0	-15.0787	0.252641	0	0	0	0
0	31.0724	0	203.938	0	-0	-0	-0	0	12.5664	7.92825	0	48.1282	0.252641	0	0	0	0
0	30.889	0	1034.73	0	-0	-0	-0	0	12.5664	7.91707	0	-0.474054	0.252641	0	0	0	0
0	29.432	0	924.593	0	-0	-0	-0	0	12.5664	7.87929	0	-45.9639	0.252641	0	0	0	0
0	27.3881	0	-938.096	0	0	-0	-0	0	12.5664	7.87983	0	-7.65666	0.252641	0	0	0	0
0	26.3201	0	373.926	0	-0	-0	-0	0	12.5664	7.8894	0	-5.26246	0.252641	0	0	0	0
0	30.6195	0	1403.43	0	-0	-0	-0	0	12.5664	7.89685	0	-10.0509	0.252641	0	0	0	0
0	34.9504	0	-279.691	0	0	-0	-0	0	12.5664	7.84684	0	-55.3013	0.252641	0	0	0	0
0	37.8208	0	-701.07	0	0	-0	-0	0	12.5664	7.87238	0	29.4535	0.252641	0	0	0	0
0	41.9846	0	776.152	0	-0	-0	-0	0	12.5664	7.95805	0	55.0714	0.252641	0	0	0	0
0	43.0838	0	661.231	0	-0	-0	-0	0	12.5664	8.04159	0	9.58159	0.252641	0	0	0	0
0	42.0188	0	-404.189	0	0	-0	-0	0	12.5664	8.05755	0	-28.4862	0.252641	0	0	0	0
0	40.0337	0	321.254	0	-0	-0	-0	0	12.5664	7.99583	0	11.0181	0.252641	0	0	0	0
0	39.1826	0	-80.9719	0	0	-0	-0	0	12.5664	7.99742	0	30.1717	0.252641	0	0	0	0
0	38.4876	0	-1069.78	0	0	-0	-0	0	12.5664	7.9639	0	-56.7378	0.252641	0	0	0	0
0	40.3668	0	-626.85	0	0	-0	-0	0	12.5664	8.0203	0	22.5103	0.252641	0	0	0	0
0	34.879	0	96.199	0	-0	-0	-0	0	12.5664	7.96975	0	12.4546	0.252641	0	0	0	0
0	41.1398	0	-128.856	0	0	-0	-0	0	12.5664	7.79362	0	-78.525	0.252641	0	0	0	0
0	42.0149	0	-296.45	0	0	-0	-0	0	12.5664	7.79575	0	-33.0352	0.252641	0	0	0	0
0	38.9904	0	-883.03	0	0	-0	-0	0	12.5664	7.86812	0	50.0436	0.252641	0	0	0	0
0	39.4187	0	-435.314	0	0	-0	-0	0	12.5664	7.86067	0	29.2141	0.252641	0	0	0	0
0	37.9264	0	553.492	0	-0	-0	-0	0	12.5664	7.87663	0	-8.37492	0.252641	0	0	0	0
0	32.4946	0	-1184.7	0	0	-0	-0	0	12.5664	8.02616	0	39.5091	0.252641	0	0	0	0
0	30.6704	0	-392.218	0	0	-0	-0	0	12.5664	8.09852	0	83.323	0.252641	0	0	0	0
0	38.9601	0	582.222	0	-0	-0	-0	0	12.5664	8.19164	0	28.4958	0.252641	0	0	0	0
0	45.4044	0	-878.241	0	0	-0	-0	0	12.5664	8.23262	0	-24.6555	0.252641	0	0	0	0
0	45.8424	0	-760.925	0	0	-0	-0	0	12.5664	8.30286	0	53.6349	0.252641	0	0	0	0
0	42.4675	0	311.677	0	-0	-0	-0	0	12.5664	8.33798	0	58.4233	0.252641	0	0	0	0
0	42.19	0	452.935	0	-0	-0	-0	0	12.5664	8.3002	0	-36.1477	0.252641	0	0	0	0
0	35.1946	0	-1275.68	0	0	-0	-0	0	12.5664	8.31935	0	-10.7691	0.252641	0	0	0	0
0	33.8874	0	-449.679	0	0	-0	-0	0	12.5664	8.39332	0	59.381	0.252641	0	0	0	0
0	31.9114	0	536.732	0	-0	-0	-0	0	12.5664	8.48111	0	43.5793	0.252641	0	0	0	0
0	36.5208	0	-30.6937	0	0	-0	-0	0	12.5664	8.51357	0	-5.98072	0.252641	0	0	0	0
0	37.321	0	-1036.26	0	0	-0	-0	0	12.5664	8.53752	0	4.55377	0.252641	0	0	0	0
0	41.1631	0	455.329	0	-0	-0	-0	0	12.5664	8.53858	0	42.1427	0.252641	0	0	0	0
0	44.4158	0	1108.95	0	-0	-0	-0	0	12.5664	8.60829	0	33.2842	0.252641	0	0	0	0
0	40.0438	0	-397.007	0	0	-0	-0	0	12.5664	8.72482	0	20.1161	0.252641	0	0	0	0
0	29.0184	0	-1297.23	0	0	-0	-0	0	12.5664	8.76526	0	26.341	0.252641	0	0	0	0
0	27.534	0	306.889	0	-0	-0	-0	0	12.5664	8.81847	0	52.1984	0.252641	0	0	0	0
0	35.0443	0	-622.062	0	0	-0	-0	0	12.5664	8.83497	0	6.22971	0.252641	0	0	0	0
0	35.9205	0	-1534.25	0	0	-0	-0	0	12.5664	8.90361	0	-1.67115	0.252641	0	0	0	0
0	34.5627	0	-136.039	0	0	-0	-0	0	12.5664	9.01057	0	73.5068	0.252641	0	0	0	0
0	39.9066	0	141.689	0	-0	-0	-0	0	12.5664	9.0393	0	11.7364	0.252641	0	0	0	0
0	39.9872	0	309.283	0	-0	-0	-0	0	12.5664	8.93022	0	-62.9627	0.252641	0	0	0	0
0	37.084	0	-1263.71	0	0	-0	-0	0	12.5664	8.8802	0	-32.0775	0.252641	0	0	0	0
0	37.3432	0	5.21936	0	-0	-0	-0	0	12.5664	8.85945	0	33.0448	0.252641	0	0	0	0
0	32.6926	0	-229.412	0	0	-0	-0	0	12.5664	8.88445	0	81.4076	0.252641	0	0	0	0
0	41.3446	0	-657.974	0	0	-0	-0	0	12.5664	8.86583	0	-62.9627	0.252641	0	0	0	0
0	45.0125	0	153.66	0	-0	-0	-0	0	12.5664	8.84774	0	23.9468	0.252641	0	0	0	0
0	48.4083	0	428.993	0	-0	-0	-0	0	12.5664	8.78708	0	-3.58651	0.252641	0	0	0	0
0	48.7623	0	-796.838	0	0	-0	-0	0	12.5664	8.72961	0	-41.8937	0.252641	0	0	0	0
0	51.4564	0	-1560.59	0	0	-0	-0	0	12.5664	8.71578	0	-23.4584	0.252641	0	0	0	0
0	42.1778	0	-71.3951	0	0	-0	-0	0	12.5664	8.69343	0	21.0738	0.252641	0	0	0	0
0	43.8685	0	639.683	0	-0	-0	-0	0	12.5664	8.65245	0	-8.37492	0.252641	0	0	0	0
0	45.1855	0	436.176	0	-0	-0	-0	0	12.5664	8.52421	0	-83.3134	0.252641	0	0	0	0
0	46.0434	0	256.611	0	-0	-0	-0	0	12.5664	8.39544	0	-52.9071	0.252641	0	0	0	0
0	50.8468	0	716.297	0	-0	-0	-0	0	12.5664	8.37948	0	24.6651	0.252641	0	0	0	0
0	50.7236	0	196.756	0	-0	-0	-0	0	12.5664	8.35873	0	-19.1488	0.252641	0	0	0	0
0	52.965	0	-528.688	0	0	-0	-0	0	12.5664	8.29328	0	-44.2879	0.252641	0	0	0	0
0	54.3029	0	314.071	0	-0	-0	-0	0	12.5664	8.30924	0	19.8767	0.252641	0	0	0	0
0	51.6137	0	505.608	0	-0	-0	-0	0	12.5664	8.25124	0	-19.8671	0.252641	0	0	0	0
0	45.5063	0	378.715	0	-0	-0	-0	0	12.5664	8.16504	0	-29.6833	0.252641	0	0	0	0
0	35.6767	0	-940.49	0	0	-0	-0	0	12.5664	8.20654	0	-8.37492	0.252641	0	0	0	0
0	40.4497	0	1041.91	0	-0	-0	-0	0	12.5664	8.23687	0	41.4245	0.252641	0	0	0	0
0	39.4005	0	610.952	0	-0	-0	-0	0	12.5664	8.13418	0	-46.2033	0.252641	0	0	0	0
0	44.4096	0	-397.007	0	0	-0	-0	0	12.5664	8.1097	0	-26.3314	0.252641	0	0	0	0
0	39.5405	0	-801.627	0	0	-0	-0	0	12.5664	8.13098	0	-8.85376	0.252641	0	0	0	0
0	44.1395	0	812.065	0	-0	-0	-0	0	12.5664	8.18792	0	77.8163	0.252641	0	0	0	0
0	51.0602	0	304.495	0	-0	-0	-0	0	12.5664	8.17941	0	-36.6265	0.252641	0	0	0	0
0	49.6425	0	-1227.79	0	0	-0	-0	0	12.5664	8.0948	0	-50.5129	0.252641	0	0	0	0
0	52.0123	0	637.289	0	-0	-0	-0	0	12.5664	8.15014	0	60.8175	0.252641	0	0	0	0
0	50.7641	0	682.778	0	-0	-0	-0	0	12.5664	8.09374	0	-54.3436	0.252641	0	0	0	0
0	48.154	0	-193.499	0	0	-0	-0	0	12.5664	8.01818	0	-14.5998	0.252641	0	0	0	0
0	50.7463	0	-897.395	0	0	-0	-0	0	12.5664	8.06713	0	-1.19231	0.252641	0	0	0	0
0	51.9967	0	235.063	0	-0	-0	-0	0	12.5664	7.98465	0	-5.74129	0.252641	0	0	0	0
0	52.2891	0	1096.98	0	-0	-0	-0	0	12.5664	7.8628	0	-52.1888	0.252641	0	0	0	0
0	50.1865	0	-744.166	0	0	-0	-0	0	12.5664	7.8064	0	-54.3436	0.252641	0	0	0	0
0	45.5745	0	670.807	0	-0	-0	-0	0	12.5664	7.74201	0	-64.1598	0.252641	0	0	0	0
0	45.9313	0	510.396	0	-0	-0	-0	0	12.5664	7.67922	0	-24.1766	0.252641	0	0	0	0
0	38.3605	0	24.373	0	-0	-0	-0	0	12.5664	7.54885	0	-78.525	0.252641	0	0	0	0
0	41.1063	0	-1483.97	0	0	-0	-0	0	12.5664	7.51373	0	-33.0352	0.252641	0	0	0	0
0	43.6114	0	-30.6937	0	0	-0	-0	0	12.5664	7.47968	0	19.3978	0.252641	0	0	0	0
0	43.478	0	191.967	0	-0	-0	-0	0	12.5664	7.44615	0	-8.61434	0.252641	0	0	0	0
0	43.0908	0	-1182.3	0	0	-0	-0	0	12.5664	7.45148	0	-15.3181	0.252641	0	0	0	0
0	46.1764	0	-861.482	0	0	-0	-0	0	12.5664	7.47329	0	19.6372	0.252641	0	0	0	0
0	44.0012	0	886.286	0	-0	-0	-0	0	12.5664	7.52118	0	49.8042	0.252641	0	0	0	0
0	42.2755	0	-61.8183	0	0	-0	-0	0	12.5664	7.53023	0	-39.2601	0.252641	0	0	0	0
0	44.1886	0	-1134.42	0	0	-0	-0	0	12.5664	7.60845	0	31.6083	0.252641	0	0	0	0
0	46.9809	0	-205.47	0	0	-0	-0	0	12.5664	7.63239	0	42.6216	0.252641	0	0	0	0
0	43.8472	0	998.813	0	-0	-0	-0	0	12.5664	7.66485	0	12.6941	0.252641	0	0	0	0
0	42.2675	0	-904.577	0	0	-0	-0	0	12.5664	7.69838	0	5.75087	0.252641	0	0	0	0
0	39.5295	0	-657.974	0	0	-0	-0	0	12.5664	7.81384	0	122.827	0.252641	0	0	0	0
0	41.5364	0	-260.537	0	0	-0	-0	0	12.5664	7.86918	0	48.1282	0.252641	0	0	0	0
0	43.4046	0	-662.763	0	0	-0	-0	0	12.5664	7.83992	0	-89.7778	0.252641	0	0	0	0
0	37.992	0	-339.546	0	0	-0	-0	0	12.5664	7.93197	0	72.7885	0.252641	0	0	0	0
0	29.9876	0	132.112	0	-0	-0	-0	0	12.5664	7.97933	0	71.1126	0.252641	0	0	0	0
0	28.8864	0	-461.65	0	0	-0	-0	0	12.5664	8.01285	0	-21.7824	0.252641	0	0	0	0
0	30.4029	0	-109.702	0	0	-0	-0	0	12.5664	8.10757	0	-37.8236	0.252641	0	0	0	0
0	27.1856	0	-150.404	0	0	-0	-0	0	12.5664	8.07884	0	76.3798	0.252641	0	0	0	0
0	32.0094	0	-9.14584	0	0	-0	-0	0	12.5664	8.13737	0	55.0714	0.252641	0	0	0	0
0	31.1136	0	-136.039	0	0	-0	-0	0	12.5664	8.1379	0	-75.4126	0.252641	0	0	0	0
0	30.3621	0	-341.94	0	0	-0	-0	0	12.5664	8.15706	0	17.4825	0.252641	0	0	0	0
0	35.527	0	156.054	0	-0	-0	-0	0	12.5664	8.239	0	100.322	0.252641	0	0	0	0
0	33.5813	0	227.88	0	-0	-0	-0	0	12.5664	8.23209	0	-19.3882	0.252641	0	0	0	0
0	28.7044	0	-468.833	0	0	-0	-0	0	12.5664	8.19803	0	-66.554	0.252641	0	0	0	0
0	27.4746	0	-61.8183	0	0	-0	-0	0	12.5664	8.24007	0	68.479	0.252641	0	0	0	0
0	24.0426	0	474.483	0	-0	-0	-0	0	12.5664	8.21931	0	23.468	0.252641	0	0	0	0
0	18.5087	0	-404.189	0	0	-0	-0	0	12.5664	8.17036	0	-68.7088	0.252641	0	0	0	0
0	16.5912	0	-842.328	0	0	-0	-0	0	12.5664	8.17462	0	-42.612	0.252641	0	0	0	0
0	16.5681	0	517.579	0	-0	-0	-0	0	12.5664	8.1512	0	1.44131	0.252641	0	0	0	0
0	18.5889	0	-444.891	0	0	-0	-0	0	12.5664	8.07724	0	-13.4027	0.252641	0	0	0	0
0	21.4651	0	-69.0009	0	0	-0	-0	0	12.5664	8.04052	0	-112.283	0.252641	0	0	0	0
0	19.6055	0	242.245	0	-0	-0	-0	0	12.5664	8.07564	0	67.2819	0.252641	0	0	0	0
0	22.1545	0	-241.383	0	0	-0	-0	0	12.5664	8.15865	0	111.335	0.252641	0	0	0	0
0	28.1857	0	165.631	0	-0	-0	-0	0	12.5664	8.17515	0	-44.2879	0.252641	0	0	0	0
0	31.7677	0	589.405	0	-0	-0	-0	0	12.5664	8.14375	0	-96.2421	0.252641	0	0	0	0
0	31.8885	0	-9.14584	0	0	-0	-0	0	12.5664	8.15174	0	99.1247	0.252641	0	0	0	0
0	31.4473	0	-423.343	0	0	-0	-0	0	12.5664	8.07139	0	-3.10767	0.252641	0	0	0	0
0	30.0453	0	-531.082	0	0	-0	-0	0	12.5664	7.95219	0	-109.171	0.252641	0	0	0	0
0	32.3577	0	-1196.67	0	0	-0	-0	0	12.5664	7.89579	0	-50.7523	0.252641	0	0	0	0
0	35.4755	0	-23.511	0	0	-0	-0	0	12.5664	7.81704	0	41.1851	0.252641	0	0	0	0
0	37.6598	0	893.468	0	-0	-0	-0	0	12.5664	7.74094	0	-78.2856	0.252641	0	0	0	0
0	31.469	0	807.277	0	-0	-0	-0	0	12.5664	7.63346	0	-106.537	0.252641	0	0	0	0
0	35.2394	0	-212.653	0	0	-0	-0	0	12.5664	7.39507	0	-40.9361	0.252641	0	0	0	0
0	33.6754	0	704.326	0	-0	-0	-0	0	12.5664	7.37964	0	58.4233	0.252641	0	0	0	0
0	35.8748	0	-49.8473	0	0	-0	-0	0	12.5664	7.40465	0	-48.1187	0.252641	0	0	0	0
0	32.0922	0	-516.717	0	0	-0	-0	0	12.5664	7.32856	0	-78.525	0.252641	0	0	0	0
0	31.4793	0	-152.798	0	0	-0	-0	0	12.5664	7.36261	0	105.35	0.252641	0	0	0	0
0	30.2991	0	371.532	0	-0	-0	-0	0	12.5664	7.3988	0	18.919	0.252641	0	0	0	0
0	35.2695	0	330.831	0	-0	-0	-0	0	12.5664	7.31313	0	-128.803	0.252641	0	0	0	0
0	40.2832	0	282.947	0	-0	-0	-0	0	12.5664	7.30993	0	17.7219	0.252641	0	0	0	0
0	42.8773	0	780.941	0	-0	-0	-0	0	12.5664	7.29503	0	68.0001	0.252641	0	0	0	0
0	43.649	0	955.717	0	-0	-0	-0	0	12.5664	7.16254	0	-52.9071	0.252641	0	0	0	0
0	39.935	0	-930.914	0	0	-0	-0	0	12.5664	7.18329	0	-53.8648	0.252641	0	0	0	0
0	35.991	0	-1017.1	0	0	-0	-0	0	12.5664	7.35197	0	91.7027	0.252641	0	0	0	0
0	35.1438	0	692.355	0	-0	-0	-0	0	12.5664	7.34931	0	63.93	0.252641	0	0	0	0
0	33.4756	0	-1596.5	0	0	-0	-0	0	12.5664	7.28971	0	2.15957	0.252641	0	0	0	0
0	36.5277	0	-95.3371	0	0	-0	-0	0	12.5664	7.38762	0	-16.7546	0.252641	0	0	0	0
0	38.5806	0	986.842	0	-0	-0	-0	0	12.5664	7.45626	0	22.0314	0.252641	0	0	0	0
0	38.975	0	467.3	0	-0	-0	-0	0	12.5664	7.49138	0	44.2975	0.252641	0	0	0	0
0	38.7955	0	-507.14	0	0	-0	-0	0	12.5664	7.52172	0	-0.474052	0.252641	0	0	0	0
0	37.6297	0	-698.676	0	0	-0	-0	0	12.5664	7.55737	0	48.3677	0.252641	0	0	0	0
0	35.0007	0	809.671	0	-0	-0	-0	0	12.5664	7.59621	0	22.5103	0.252641	0	0	0	0
0	34.7102	0	273.37	0	-0	-0	-0	0	12.5664	7.6425	0	28.7352	0.252641	0	0	0	0
0	32.1652	0	-995.557	0	0	-0	-0	0	12.5664	7.73616	0	23.9468	0.252641	0	0	0	0
0	31.6334	0	-471.227	0	0	-0	-0	0	12.5664	7.72339	0	11.2575	0.252641	0	0	0	0
0	30.985	0	409.839	0	-0	-0	-0	0	12.5664	7.59727	0	-41.4149	0.252641	0	0	0	0
0	31.6129	0	-1254.13	0	0	-0	-0	0	12.5664	7.55577	0	-24.4161	0.252641	0	0	0	0
0	36.9303	0	-727.406	0	0	-0	-0	0	12.5664	7.63346	0	11.0181	0.252641	0	0	0	0
0	40.7605	0	733.057	0	-0	-0	-0	0	12.5664	7.65208	0	25.3833	0.252641	0	0	0	0
0	32.2229	0	417.022	0	-0	-0	-0	0	12.5664	7.56801	0	-35.9082	0.252641	0	0	0	0
0	33.6629	0	-1620.44	0	0	-0	-0	0	12.5664	7.49351	0	-38.5419	0.252641	0	0	0	0
0	32.77	0	-49.8473	0	0	-0	-0	0	12.5664	7.57333	0	47.6494	0.252641	0	0	0	0
0	30.4822	0	711.509	0	-0	-0	-0	0	12.5664	7.61643	0	5.51145	0.252641	0	0	0	0
0	28.025	0	-1349.9	0	0	-0	-0	0	12.5664	7.5845	0	17.243	0.252641	0	0	0	0
0	30.0596	0	-1364.26	0	0	-0	-0	0	12.5664	7.55205	0	-32.5564	0.252641	0	0	0	0
0	24.6036	0	-243.778	0	0	-0	-0	0	12.5664	7.53289	0	-11.0085	0.252641	0	0	0	0
0	30.3135	0	-119.279	0	0	-0	-0	0	12.5664	7.60206	0	21.5526	0.252641	0	0	0	0
0	29.4965	0	-437.708	0	0	-0	-0	0	12.5664	7.46212	0	0.244209	0.252641	0	0	0	0
0	29.5702	0	-181.528	0	0	-0	-0	0	12.5664	7.4552	0	-46.4427	0.252641	0	0	0	0
0	27.6999	0	-339.546	0	0	-0	-0	0	12.5664	7.51001	0	11.497	0.252641	0	0	0	0
0	25.236	0	-459.256	0	0	-0	-0	0	12.5664	7.55417	0	39.7485	0.252641	0	0	0	0
0	26.6977	0	-1910.14	0	0	-0	-0	0	12.5664	7.6175	0	25.3833	0.252641	0	0	0	0
0	26.0561	0	-351.517	0	0	-0	-0	0	12.5664	7.57333	0	-10.2903	0.252641	0	0	0	0
0	30.564	0	474.483	0	-0	-0	-0	0	12.5664	7.50788	0	-43.0908	0.252641	0	0	0	0
0	35.9245	0	-183.923	0	0	-0	-0	0	12.5664	7.4866	0	21.3132	0.252641	0	0	0	0
0	35.3483	0	-566.995	0	0	-0	-0	0	12.5664	7.47702	0	-26.5709	0.252641	0	0	0	0
0	38.953	0	330.831	0	-0	-0	-0	0	12.5664	7.48447	0	-0.474052	0.252641	0	0	0	0
0	37.6702	0	807.277	0	-0	-0	-0	0	12.5664	7.50256	0	17.0036	0.252641	0	0	0	0
0	33.6005	0	-717.83	0	0	-0	-0	0	12.5664	7.45307	0	-11.0085	0.252641	0	0	0	0
0	31.6234	0	-535.87	0	0	-0	-0	0	12.5664	7.44083	0	-21.0642	0.252641	0	0	0	0
0	32.3121	0	1420.19	0	-0	-0	-0	0	12.5664	7.39454	0	-8.37491	0.252641	0	0	0	0
0	28.6964	0	1259.78	0	-0	-0	-0	0	12.5664	7.29716	0	-29.6833	0.252641	0	0	0	0
0	29.3932	0	-921.337	0	0	-0	-0	0	12.5664	7.22799	0	-37.1053	0.252641	0	0	0	0
0	29.5811	0	280.553	0	-0	-0	-0	0	12.5664	7.22692	0	-7.89608	0.252641	0	0	0	0
0	35.9632	0	603.77	0	-0	-0	-0	0	12.5664	7.15988	0	-23.4584	0.252641	0	0	0	0
0	34.1663	0	-918.943	0	0	-0	-0	0	12.5664	7.06463	0	-36.3871	0.252641	0	0	0	0
0	32.7873	0	-698.676	0	0	-0	-0	0	12.5664	6.98269	0	-56.4984	0.252641	0	0	0	0
0	36.9748	0	754.604	0	-0	-0	-0	0	12.5664	7.02313	0	22.7497	0.252641	0	0	0	0
0	37.0936	0	1872.7	0	-0	-0	-0	0	12.5664	6.92202	0	-21.543	0.252641	0	0	0	0
0	35.1708	0	-784.867	0	0	-0	-0	0	12.5664	6.82465	0	-30.641	0.252641	0	0	0	0
0	35.6592	0	-69.0009	0	0	-0	-0	0	12.5664	6.82092	0	-21.3036	0.252641	0	0	0	0
0	38.2682	0	1123.31	0	-0	-0	-0	0	12.5664	6.89063	0	15.0883	0.252641	0	0	0	0
0	37.8202	0	558.28	0	-0	-0	-0	0	12.5664	6.91298	0	30.4112	0.252641	0	0	0	0
0	39.7936	0	-1256.52	0	0	-0	-0	0	12.5664	7.02366	0	38.5514	0.252641	0	0	0	0
0	42.5497	0	72.257	0	-0	-0	-0	0	12.5664	7.12263	0	39.7485	0.252641	0	0	0	0
0	40.7878	0	1068.24	0	-0	-0	-0	0	12.5664	7.09762	0	-9.09318	0.252641	0	0	0	0
0	39.1373	0	-126.462	0	0	-0	-0	0	12.5664	7.0625	0	20.3555	0.252641	0	0	0	0
0	40.8115	0	-952.461	0	0	-0	-0	0	12.5664	7.079	0	-39.2601	0.252641	0	0	0	0
0	34.9415	0	661.231	0	-0	-0	-0	0	12.5664	7.06357	0	-3.34709	0.252641	0	0	0	0
0	33.0458	0	615.741	0	-0	-0	-0	0	12.5664	7.00823	0	-2.14999	0.252641	0	0	0	0
0	32.0189	0	-576.572	0	0	-0	-0	0	12.5664	6.96725	0	10.7787	0.252641	0	0	0	0
0	29.905	0	-308.421	0	0	-0	-0	0	12.5664	6.8736	0	-86.9047	0.252641	0	0	0	0
0	31.043	0	414.628	0	-0	-0	-0	0	12.5664	6.79219	0	-42.3726	0.252641	0	0	0	0
0	30.8781	0	194.361	0	-0	-0	-0	0	12.5664	6.69534	0	-22.7401	0.252641	0	0	0	0
0	32.3654	0	-1017.1	0	0	-0	-0	0	12.5664	6.66076	0	-0.71347	0.252641	0	0	0	0
0	32.8414	0	175.208	0	-0	-0	-0	0	12.5664	6.63309	0	-36.1477	0.252641	0	0	0	0
0	37.4051	0	1056.27	0	-0	-0	-0	0	12.5664	6.46175	0	-45.7245	0.252641	0	0	0	0
0	40.3179	0	129.718	0	-0	-0	-0	0	12.5664	6.40162	0	-4.30478	0.252641	0	0	0	0
0	42.8946	0	-897.395	0	0	-0	-0	0	12.5664	6.47186	0	-20.3459	0.252641	0	0	0	0
0	44.5159	0	488.848	0	-0	-0	-0	0	12.5664	6.43248	0	-27.2891	0.252641	0	0	0	0
0	42.5019	0	1013.18	0	-0	-0	-0	0	12.5664	6.32553	0	-19.8671	0.252641	0	0	0	0
0	40.1783	0	-557.418	0	0	-0	-0	0	12.5664	6.25742	0	6.46913	0.252641	0	0	0	0
0	41.4765	0	-61.8183	0	0	-0	-0	0	12.5664	6.26433	0	-29.6833	0.252641	0	0	0	0
0	36.0536	0	991.63	0	-0	-0	-0	0	12.5664	6.27338	0	-8.1355	0.252641	0	0	0	0
0	37.3817	0	421.81	0	-0	-0	-0	0	12.5664	6.18824	0	-10.5297	0.252641	0	0	0	0
0	39.7909	0	-844.722	0	0	-0	-0	0	12.5664	6.21644	0	14.6094	0.252641	0	0	0	0
0	37.6844	0	-162.375	0	0	-0	-0	0	12.5664	6.33457	0	25.3833	0.252641	0	0	0	0
0	37.8808	0	1029.94	0	-0	-0	-0	0	12.5664	6.38885	0	34.9601	0.252641	0	0	0	0
0	39.065	0	-18.7227	0	0	-0	-0	0	12.5664	6.37714	0	27.7775	0.252641	0	0	0	0
0	33.5737	0	-727.406	0	0	-0	-0	0	12.5664	6.49154	0	15.8065	0.252641	0	0	0	0
0	28.6701	0	-49.8473	0	0	-0	-0	0	12.5664	6.57402	0	-1.19231	0.252641	0	0	0	0
0	30.3202	0	-346.728	0	0	-0	-0	0	12.5664	6.57775	0	24.6651	0.252641	0	0	0	0
0	31.1145	0	-200.682	0	0	-0	-0	0	12.5664	6.69588	0	108.702	0.252641	0	0	0	0
0	29.7895	0	-339.546	0	0	-0	-0	0	12.5664	6.81613	0	2.87783	0.252641	0	0	0	0
0	28.6515	0	972.477	0	-0	-0	-0	0	12.5664	6.93799	0	49.8042	0.252641	0	0	0	0
0	29.7064	0	33.9498	0	-0	-0	-0	0	12.5664	6.95129	0	32.5659	0.252641	0	0	0	0
0	30.421	0	-578.966	0	0	-0	-0	0	12.5664	6.99226	0	26.8198	0.252641	0	0	0	0
0	32.2171	0	-152.798	0	0	-0	-0	0	12.5664	7.1056	0	13.8912	0.252641	0	0	0	0
0	37.185	0	689.961	0	-0	-0	-0	0	12.5664	7.13593	0	22.5103	0.252641	0	0	0	0
0	33.6287	0	132.112	0	-0	-0	-0	0	12.5664	7.11518	0	30.89	0.252641	0	0	0	0
0	34.2944	0	-1574.95	0	0	-0	-0	0	12.5664	7.10028	0	-41.6543	0.252641	0	0	0	0
0	28.7325	0	433.781	0	-0	-0	-0	0	12.5664	7.11412	0	17.0036	0.252641	0	0	0	0
0	25.0353	0	-325.18	0	0	-0	-0	0	12.5664	7.11465	0	75.6616	0.252641	0	0	0	0
0	22.1595	0	-995.557	0	0	-0	-0	0	12.5664	7.16041	0	53.1561	0.252641	0	0	0	0
0	21.9045	0	-1139.21	0	0	-0	-0	0	12.5664	7.19447	0	-19.1488	0.252641	0	0	0	0
0	25.4194	0	1089.79	0	-0	-0	-0	0	12.5664	7.21788	0	13.1729	0.252641	0	0	0	0
0	24.1161	0	393.08	0	-0	-0	-0	0	12.5664	7.19553	0	-1.43173	0.252641	0	0	0	0
0	23.2167	0	-1084.14	0	0	-0	-0	0	12.5664	7.15509	0	10.2999	0.252641	0	0	0	0
0	24.2697	0	-339.546	0	0	-0	-0	0	12.5664	7.19819	0	-22.9795	0.252641	0	0	0	0
0	19.8359	0	560.674	0	-0	-0	-0	0	12.5664	7.21096	0	9.58159	0.252641	0	0	0	0
0	16.3068	0	-459.256	0	0	-0	-0	0	12.5664	7.18223	0	14.8488	0.252641	0	0	0	0
0	12.6057	0	-1254.13	0	0	-0	-0	0	12.5664	7.24395	0	-1.91057	0.252641	0	0	0	0
0	18.7023	0	508.002	0	-0	-0	-0	0	12.5664	7.24821	0	10.0604	0.252641	0	0	0	0
0	22.1126	0	1046.7	0	-0	-0	-0	0	12.5664	7.20511	0	0.244208	0.252641	0	0	0	0
0	22.8653	0	-1254.13	0	0	-0	-0	0	12.5664	7.17265	0	-1.43173	0.252641	0	0	0	0
0	24.5624	0	259.005	0	-0	-0	-0	0	12.5664	7.2216	0	72.7885	0.252641	0	0	0	0
0	23.0399	0	225.486	0	-0	-0	-0	0	12.5664	7.23012	0	-29.6833	0.252641	0	0	0	0
0	25.0959	0	-878.241	0	0	-0	-0	0	12.5664	7.23331	0	-49.0763	0.252641	0	0	0	0
0	25.464	0	-935.702	0	0	-0	-0	0	12.5664	7.2828	0	88.8297	0.252641	0	0	0	0
0	28.4175	0	603.77	0	-0	-0	-0	0	12.5664	7.30515	0	30.1717	0.252641	0	0	0	0
0	22.0379	0	-9.14584	0	0	-0	-0	0	12.5664	7.29291	0	-17.2335	0.252641	0	0	0	0
0	19.157	0	-1443.27	0	0	-0	-0	0	12.5664	7.19606	0	-107.495	0.252641	0	0	0	0
0	21.4819	0	-430.525	0	0	-0	-0	0	12.5664	7.15403	0	21.5526	0.252641	0	0	0	0
0	21.56	0	1616.52	0	-0	-0	-0	0	12.5664	7.24395	0	62.9723	0.252641	0	0	0	0
0	14.471	0	309.283	0	-0	-0	-0	0	12.5664	7.14604	0	-77.3279	0.252641	0	0	0	0
0	14.5532	0	-729.801	0	0	-0	-0	0	12.5664	7.12848	0	-3.58651	0.252641	0	0	0	0
0	19.4139	0	251.822	0	-0	-0	-0	0	12.5664	7.1487	0	59.1416	0.252641	0	0	0	0
0	25.8438	0	661.231	0	-0	-0	-0	0	12.5664	7.0907	0	-23.9372	0.252641	0	0	0	0
0	25.3399	0	-186.317	0	0	-0	-0	0	12.5664	7.0194	0	-88.1018	0.252641	0	0	0	0
0	27.6752	0	354.773	0	-0	-0	-0	0	12.5664	6.99439	0	18.2007	0.252641	0	0	0	0
0	32.3188	0	1329.21	0	-0	-0	-0	0	12.5664	6.9481	0	20.3555	0.252641	0	0	0	0
0	29.575	0	1046.7	0	-0	-0	-0	0	12.5664	6.85604	0	-72.0607	0.252641	0	0	0	0
0	27.5439	0	-777.685	0	0	-0	-0	0	12.5664	6.72887	0	-109.889	0.252641	0	0	0	0
0	27.4594	0	-71.3951	0	0	-0	-0	0	12.5664	6.7145	0	52.1984	0.252641	0	0	0	0
0	28.2866	0	1228.66	0	-0	-0	-0	0	12.5664	6.7161	0	17.4825	0.252641	0	0	0	0
0	25.4594	0	326.042	0	-0	-0	-0	0	12.5664	6.64586	0	-66.0752	0.252641	0	0	0	0
0	27.6041	0	-648.398	0	0	-0	-0	0	12.5664	6.62777	0	-23.219	0.252641	0	0	0	0
0	28.6909	0	239.851	0	-0	-0	-0	0	12.5664	6.67459	0	78.5346	0.252641	0	0	0	0
0	28.0024	0	575.039	0	-0	-0	-0	0	12.5664	6.71131	0	-21.0642	0.252641	0	0	0	0
0	30.1463	0	455.329	0	-0	-0	-0	0	12.5664	6.7294	0	-36.8659	0.252641	0	0	0	0
0	27.7286	0	-442.496	0	0	-0	-0	0	12.5664	6.66714	0	12.2152	0.252641	0	0	0	0
0	28.0354	0	1135.28	0	-0	-0	-0	0	12.5664	6.77516	0	101.519	0.252641	0	0	0	0
0	23.6123	0	867.132	0	-0	-0	-0	0	12.5664	6.89542	0	6.70855	0.252641	0	0	0	0
0	21.8127	0	-780.079	0	0	-0	-0	0	12.5664	6.91617	0	-36.3871	0.252641	0	0	0	0
0	22.2561	0	268.582	0	-0	-0	-0	0	12.5664	6.99918	0	87.6326	0.252641	0	0	0	0
0	23.2982	0	1049.09	0	-0	-0	-0	0	12.5664	6.98694	0	18.6796	0.252641	0	0	0	0
0	20.4611	0	393.08	0	-0	-0	-0	0	12.5664	7.00929	0	-26.3314	0.252641	0	0	0	0
0	18.6775	0	-200.682	0	0	-0	-0	0	12.5664	7.02419	0	-12.9239	0.252641	0	0	0	0
0	25.5391	0	503.213	0	-0	-0	-0	0	12.5664	7.09177	0	91.9421	0.252641	0	0	0	0
0	25.919	0	426.599	0	-0	-0	-0	0	12.5664	7.09549	0	6.22971	0.252641	0	0	0	0
0	23.2233	0	-382.641	0	0	-0	-0	0	12.5664	7.05612	0	-68.9482	0.252641	0	0	0	0
0	23.6934	0	-1055.41	0	0	-0	-0	0	12.5664	7.06623	0	28.0169	0.252641	0	0	0	0
0	23.9387	0	383.503	0	-0	-0	-0	0	12.5664	7.06091	0	34.9601	0.252641	0	0	0	0
0	18.9163	0	261.399	0	-0	-0	-0	0	12.5664	7.03111	0	-38.063	0.252641	0	0	0	0
0	21.664	0	-1385.81	0	0	-0	-0	0	12.5664	6.92681	0	-88.3413	0.252641	0	0	0	0
0	24.154	0	-49.8473	0	0	-0	-0	0	12.5664	6.89542	0	41.9033	0.252641	0	0	0	0
0	24.9432	0	1326.82	0	-0	-0	-0	0	12.5664	6.95768	0	43.1004	0.252641	0	0	0	0
0	26.1334	0	-35.4821	0	0	-0	-0	0	12.5664	6.87147	0	-82.1163	0.252641	0	0	0	0
0	26.0181	0	-452.073	0	0	-0	-0	0	12.5664	6.95555	0	27.0593	0.252641	0	0	0	0
0	27.7469	0	-140.827	0	0	-0	-0	0	12.5664	7.00131	0	64.4088	0.252641	0	0	0	0
0	26.0802	0	381.109	0	-0	-0	-0	0	12.5664	6.99226	0	5.51145	0.252641	0	0	0	0
0	28.7167	0	-768.108	0	0	-0	-0	0	12.5664	6.94065	0	-96.0027	0.252641	0	0	0	0
0	30.5871	0	-497.563	0	0	-0	-0	0	12.5664	7.00876	0	81.4077	0.252641	0	0	0	0
0	28.7189	0	31.5556	0	-0	-0	-0	0	12.5664	6.99918	0	37.5938	0.252641	0	0	0	0
0	24.6956	0	-54.6357	0	0	-0	-0	0	12.5664	6.98215	0	-45.2456	0.252641	0	0	0	0
0	22.358	0	-1170.33	0	0	-0	-0	0	12.5664	7.01248	0	-19.3882	0.252641	0	0	0	0
0	21.1033	0	-430.525	0	0	-0	-0	0	12.5664	7.1934	0	108.223	0.252641	0	0	0	0
0	19.5795	0	409.839	0	-0	-0	-0	0	12.5664	7.23278	0	37.5938	0.252641	0	0	0	0
0	16.5651	0	-744.166	0	0	-0	-0	0	12.5664	7.23012	0	-37.1053	0.252641	0	0	0	0
0	17.7966	0	-897.395	0	0	-0	-0	0	12.5664	7.36102	0	44.7764	0.252641	0	0	0	0
0	17.9664	0	0.430969	0	-0	-0	-0	0	12.5664	7.40891	0	65.6059	0.252641	0	0	0	0
0	21.3396	0	81.8338	0	-0	-0	-0	0	12.5664	7.44562	0	16.2854	0.252641	0	0	0	0
0	19.4541	0	-131.25	0	0	-0	-0	0	12.5664	7.46691	0	-37.5842	0.252641	0	0	0	0
0	15.3761	0	-729.801	0	0	-0	-0	0	12.5664	7.59834	0	83.0836	0.252641	0	0	0	0
0	12.3384	0	711.509	0	-0	-0	-0	0	12.5664	7.68454	0	70.6337	0.252641	0	0	0	0
0	10.6488	0	-138.433	0	0	-0	-0	0	12.5664	7.70104	0	11.497	0.252641	0	0	0	0
0	13.3098	0	-411.372	0	0	-0	-0	0	12.5664	7.78937	0	-23.4584	0.252641	0	0	0	0
0	14.9501	0	-35.4821	0	0	-0	-0	0	12.5664	7.9043	0	90.745	0.252641	0	0	0	0
0	14.2619	0	1123.31	0	-0	-0	-0	0	12.5664	7.88781	0	22.2709	0.252641	0	0	0	0
0	18.9979	0	570.251	0	-0	-0	-0	0	12.5664	7.85269	0	-54.1042	0.252641	0	0	0	0
0	17.7341	0	-780.079	0	0	-0	-0	0	12.5664	7.89739	0	14.8488	0.252641	0	0	0	0
0	19.6674	0	345.196	0	-0	-0	-0	0	12.5664	7.9788	0	78.5346	0.252641	0	0	0	0
0	21.2507	0	670.807	0	-0	-0	-0	0	12.5664	8.06341	0	35.439	0.252641	0	0	0	0
0	24.992	0	-997.951	0	0	-0	-0	0	12.5664	8.2108	0	19.3978	0.252641	0	0	0	0
0	22.6047	0	-1400.18	0	0	-0	-0	0	12.5664	8.15174	0	-12.2056	0.252641	0	0	0	0
0	12.7002	0	81.8338	0	-0	-0	-0	0	12.5664	8.15227	0	66.0848	0.252641	0	0	0	0
0	12.1716	0	682.778	0	-0	-0	-0	0	12.5664	8.24752	0	11.7364	0.252641	0	0	0	0
0	12.8952	0	-238.989	0	0	-0	-0	0	12.5664	8.30232	0	-45.485	0.252641	0	0	0	0
0	20.9973	0	407.445	0	-0	-0	-0	0	12.5664	8.32627	0	62.254	0.252641	0	0	0	0
0	28.3273	0	1116.13	0	-0	-0	-0	0	12.559	8.31935	-14.9401	14.37	0.231467	0	0	0	0
0	32.7326	0	333.225	0	-0	-0	-0	0	12.4989	8.22676	-45.1008	-57.2166	0.187814	0	0	0	0
0	30.1355	0	-1218.22	0	0	-0	-0	0	12.3786	8.24432	-75.2615	-5.02303	0.142948	0	0	0	0
0	32.6888	0	93.8048	0	-0	-0	-0	0	12.1979	8.1826	-105.422	-5.02304	0.0968699	0	0	0	0
0	27.3109	0	745.028	0	-0	-0	-0	0	11.9569	7.86812	-135.583	-143.887	0.0495787	0	0	0	0
0	26.9565	0	177.602	0	-0	-0	-0	0	11.6629	7.36261	-150.796	-252.823	0.022259	0	0	0	0
0	25.2244	0	-109.702	0	0	-0	-0	0	11.3613	6.84859	-150.796	-216.431	0.0161954	0	0	0	0
0	26.5258	0	996.419	0	-0	-0	-0	0	11.0597	6.35479	-150.796	-157.055	0.0101317	0	0	0	0
0	21.2603	0	795.306	0	-0	-0	-0	0	10.7581	5.84929	-150.796	-237.021	0.00406804	0	0	0	0
0	18.0703	0	-1014.71	0	0	-0	-0	0	10.4565	5.306	-150.796	-296.876	-0.00199563	0	0	0	0
0	18.2241	0	-1096.11	0	0	-0	-0	0	10.1549	4.74994	-150.796	-187.701	-0.00805931	0	0	0	0
0	24.9443	0	481.666	0	-0	-0	-0	0	9.85327	4.24603	-150.796	-189.855	-0.014123	0	0	0	0
0	25.3403	0	1216.69	0	-0	-0	-0	0	9.55167	3.66283	-150.796	-296.876	-0.0201867	0	0	0	0
0	25.5611	0	-440.102	0	0	-0	-0	0	9.25006	3.14136	-150.796	-254.259	-0.0262503	0	0	0	0
0	25.9975	0	239.851	0	-0	-0	-0	0	8.94845	2.62309	-150.796	-183.391	-0.032314	0	0	0	0
0	26.3334	0	943.746	0	-0	-0	-0	0	8.64685	2.04521	-150.796	-234.627	-0.0383777	0	0	0	0
0	26.2225	0	177.602	0	-0	-0	-0	0	8.34524	1.52002	-150.796	-269.103	-0.0444413	0	0	0	0
0	25.1849	0	-1115.27	0	0	-0	-0	0	8.04363	1.08581	-150.796	-191.531	-0.050505	0	0	0	0
0	25.2987	0	127.324	0	-0	-0	-0	0	7.74203	0.664912	-150.796	-129.522	-0.0565687	0	0	0	0
0	26.0803	0	491.242	0	-0	-0	-0	0	7.44042	0.223258	-150.796	-197.517	-0.0626323	0	0	0	0
0	24.9541	0	-377.853	0	0	-0	-0	0	7.13881	-0.196578	-150.796	-245.64	-0.068696	0	0	0	0
0	23.2093	0	-950.067	0	0	-0	-0	0	6.8372	-0.542984	-150.796	-117.072	-0.0747597	0	0	0	0
0	23.1673	0	146.477	0	-0	-0	-0	0	6.5356	-0.805847	-150.796	-55.7801	-0.0808234	0	0	0	0
0	20.9203	0	211.121	0	-0	-0	-0	0	6.23399	-1.02455	-150.796	-115.875	-0.086887	0	0	0	0
0	18.0279	0	-2025.06	0	0	-0	-0	0	5.93238	-0.984637	-150.796	-33.514	-0.0929507	0	0	0	0
0	18.6721	0	-315.604	0	0	-0	-0	0	5.63078	-1.03838	-150.796	22.0314	-0.0990144	0	0	0	0
0	18.1789	0	721.086	0	-0	-0	-0	0	5.32917	-1.05541	-150.796	11.2575	-0.105078	0	0	0	0
0	16.4369	0	-207.865	0	0	-0	-0	0	5.02756	-1.02029	-150.796	4.07493	-0.111142	0	0	0	0
0	13.8705	0	-1637.2	0	0	-0	-0	0	4.72596	-0.844692	-150.796	38.312	-0.117205	0	0	0	0
0	13.5827	0	-282.085	0	0	-0	-0	0	4.42435	-0.708471	-150.796	104.392	-0.123269	0	0	0	0
0	12.4151	0	486.454	0	-0	-0	-0	0	4.12274	-0.600984	-150.796	64.4088	-0.129333	0	0	0	0
0	10.0308	0	-231.807	0	0	-0	-0	0	3.82113	-0.450928	-150.796	21.792	-0.135396	0	0	0	0
0	10.7203	0	-1165.55	0	0	-0	-0	0	3.51953	-0.279588	-150.796	61.5358	-0.14146	0	0	0	0
0	15.6735	0	1465.68	0	-0	-0	-0	0	3.21792	-0.237551	-150.796	20.1161	-0.147524	0	0	0	0
0	14.07	0	1006	0	-0	-0	-0	0	2.91631	-0.420066	-150.796	-25.3737	-0.153587	0	0	0	0
0	7.73879	0	-959.644	0	0	-0	-0	0	2.61471	-0.340249	-150.796	-21.3036	-0.159651	0	0	0	0
0	6.43754	0	-1179.91	0	0	-0	-0	0	2.3131	-0.33812	-150.796	-21.3036	-0.165715	0	0	0	0
0	6.79058	0	-507.14	0	0	-0	-0	0	2.01149	-0.581296	-150.796	-32.0775	-0.171778	0	0	0	0
0	7.55958	0	632.5	0	-0	-0	-0	0	1.70989	-0.612158	-150.796	-34.4717	-0.177842	0	0	0	0
0	7.24189	0	-770.502	0	0	-0	-0	0	1.40828	-0.591406	-150.796	-41.1755	-0.183906	0	0	0	0
0	8.05241	0	-109.702	0	0	-0	-0	0	1.10667	-0.598855	-150.796	28.7352	-0.189969	0	0	0	0
0	9.55969	0	1085	0	-0	-0	-0	0	0.805065	-0.682397	-150.796	-6.9384	-0.196033	0	0	0	0
0	9.50086	0	309.283	0	-0	-0	-0	0	0.524268	-0.76115	-125.744	-69.6665	-0.166422	0	0	0	0
0	9.27388	0	-1076.96	0	0	-0	-0	0	0.302931	-0.823407	-95.5833	-56.9772	-0.128426	0	0	0	0
0	9.7957	0	-18.7227	0	0	-0	-0	0	0.141917	-0.825535	-65.4226	66.5636	-0.0892173	0	0	0	0
0	10.0901	0	603.77	0	-0	-0	-0	0	0.0412279	-0.714856	-35.2619	53.6349	-0.0487959	0	0	0	0
0	8.52654	0	-73.7893	0	0	-0	-0	0	0.000862839	-0.526488	-5.10124	44.2975	-0.00716171	0	0	0	0
0	8.0866	0	-966.827	0	0	-0	-0	0	0	-0.259368	0	114.448	0	0	0	0	0
0	8.08029	0	98.5933	0	-0	-0	-0	0	0	-0.0561006	0	138.15	0	0	0	0	0
0	8.33837	0	821.642	0	-0	-0	-0	0	0	0.0833129	0	51.4801	0	0	-0	0	0
0	6.93522	0	-576.572	0	0	-0	-0	0	0	0.258378	0	15.5671	0	0	-0	0	0
0	7.1061	0	-890.212	0	0	-0	-0	0	0	0.400452	0	74.7039	0	0	-0	0	0
0	7.42254	0	828.825	0	-0	-0	-0	0	0	0.431847	0	59.381	0	0	-0	0	0
0	6.68432	0	302.1	0	-0	-0	-0	0	0	0.434507	0	-24.4161	0	0	-0	0	0
0	4.70952	0	-1021.89	0	0	-0	-0	0	0	0.444617	0	-44.7668	0	0	-0	0	0
0	4.86028	0	-83.3661	0	0	-0	-0	0	0	0.413755	0	24.6651	0	0	-0	0	0
0	5.01629	0	651.654	0	-0	-0	-0	0	0	0.352562	0	4.31435	0	0	-0	0	0
0	3.75495	0	187.179	0	-0	-0	-0	0	0	0.255717	0	-92.4114	0	0	-0	0	0
0	2.99092	0	-1254.13	0	0	-0	-0	0	0	0.201442	0	-39.739	0	0	-0	0	0
0	2.60291	0	-136.039	0	0	-0	-0	0	0	0.122157	0	11.2575	0	0	-0	0	0
0	3.13259	0	840.796	0	-0	-0	-0	0	0	0.00456021	0	-34.7111	0	0	-0	0	0
0	2.26929	0	-13.9343	0	0	-0	-0	0	0	-0.0539722	0	-79.0039	0	0	0	0	0
0	1.05787	0	-1153.57	0	0	-0	-0	0	0	-0.0731282	0	-11.4874	0	0	0	0	0
0	1.4024	0	321.254	0	-0	-0	-0	0	0	-0.142835	0	31.6082	0	0	0	0	0
0	1.87414	0	-78.5777	0	0	-0	-0	0	0	-0.197643	0	51.959	0	0	0	0	0
0	1.30181	0	-267.72	0	0	-0	-0	0	0	-0.173165	0	-40.6966	0	0	0	0	0
0	2.05997	0	962.9	0	-0	-0	-0	0	0	-0.163587	0	-4.78362	0	0	0	0	0
0	1.85538	0	522.367	0	-0	-0	-0	0	0	-0.164119	0	-30.1622	0	0	0	0	0
0	1.40488	0	-1227.79	0	0	-0	-0	0	0	-0.147624	0	8.3845	0	0	0	0	0
0	1.29933	0	232.669	0	-0	-0	-0	0	0	-0.0965412	0	58.1839	0	0	0	0	0
0	2.05418	0	1085	0	-0	-0	-0	0	0	-0.0443942	0	7.90565	0	0	0	0	0
0	1.56921	0	-83.3661	0	0	-0	-0	0	0	-0.0385409	0	-26.5709	0	0	0	0	0
0	0.939888	0	-796.838	0	0	-0	-0	0	0	-0.0135316	0	26.1016	0	0	0	0	0
0	0.401377	0	508.002	0	-0	-0	-0	0	0	0.0540467	0	55.5503	0	0	-0	0	0
0	0.411157	0	764.181	0	-0	-0	-0	0	0	0.0620284	0	-16.0364	0	0	-0	0	0
0	0.908385	0	-617.273	0	0	-0	-0	0	0	0.0519182	0	-26.3314	0	0	-0	0	0
0	-0.118162	0	-562.206	0	0	0	-0	0	0	0.0758633	0	34.2419	0	0	-0	0	0
0	0.380602	0	792.912	0	-0	-0	-0	0	0	0.102469	0	29.4535	0	0	-0	0	0
0	0.168178	0	601.376	0	-0	-0	-0	0	0	0.074267	0	-47.161	0	0	-0	0	0
0	-0.409128	0	-1189.49	0	0	0	-0	0	0	0.0322301	0	-19.8671	0	0	-0	0	0
0	-1.14987	0	-179.134	0	0	0	-0	0	0	0.0167988	0	28.9746	0	0	-0	0	0
0	-0.578988	0	962.9	0	0	0	-0	0	0	0.0354227	0	-7.17782	0	0	-0	0	0
0	0.468682	0	302.1	0	-0	-0	-0	0	0	0.000835417	0	-36.8659	0	0	-0	0	0
0	0.174477	0	-861.482	0	0	-0	-0	0	0	-0.019917	0	-10.0509	0	0	0	0	0
0	-0.225737	0	117.747	0	0	0	-0	0	0	0.0136061	0	51.0013	0	0	-0	0	0
0	-0.709251	0	965.294	0	0	0	-0	0	0	0.0157346	0	-12.6845	0	0	-0	0	0
0	-0.0788705	0	81.8338	0	0	0	-0	0	0	-0.0156601	0	-36.3871	0	0	0	0	0
0	-0.634147	0	-856.693	0	0	0	-0	0	0	-0.0103389	0	10.0604	0	0	0	0	0
0	-0.961652	0	563.068	0	0	0	-0	0	0	0.0215878	0	34.2419	0	0	-0	0	0
0	-0.391671	0	1029.94	0	0	0	-0	0	0	0.0157346	0	-17.7123	0	0	-0	0	0
0	0.00123584	0	-605.302	0	0	-0	-0	0	0	-0.000228808	0	-23.219	0	0	0	0	0
0	-0.70546	0	-370.67	0	0	0	-0	0	0	-0.00874261	0	21.3132	0	0	0	0	0
0	0.27734	0	1132.89	0	-0	-0	-0	0	0	0.0205236	0	18.4401	0	0	-0	0	0
0	0.352558	0	536.732	0	-0	-0	-0	0	0	0.00988133	0	-23.9372	0	0	-0	0	0
0	0.180961	0	-962.038	0	0	-0	-0	0	0	-0.0177885	0	-23.9372	0	0	0	0	0
0	-0.195263	0	14.7962	0	0	0	-0	0	0	0.00243175	0	33.0448	0	0	-0	0	0
0	-0.498968	0	881.497	0	0	0	-0	0	0	0.0189272	0	12.4546	0	0	-0	0	0
