0	-0.204371	0	-400.406	0	0.000204371	0.000204371	0	0.000204371	0	-0.0131858	0	29.1135	0	0.000791145	0.000791145	0	0.000791145
0	-0.169388	0	-141.833	0	0.000256443	0.000169388	8.7055e-05	0.000256443	0.0301593	0.0155483	30.1593	23.3674	0.0430501	0.000978392	0.000876658	0.000101734	0.0440284
0	-0.415511	0	-256.754	0	0.000529668	0.000415511	0.000114157	0.000529668	0.120637	-0.0068004	60.3186	-18.7705	0.0873128	0.00779182	0.00764625	0.000145567	0.0951046
0	0.395181	0	-328.58	0	-0.000167307	-0.000395181	0.000227874	-0.000167307	0.271434	0.0373649	90.4779	29.1135	0.109899	0.00987267	0.00906784	0.000804834	0.119772
0	1.65797	0	88.0109	0	-0.00171158	-0.00165797	-5.36126e-05	-0.00171158	0.482549	0.0825945	120.637	47.7883	0.179476	0.0273715	0.0239972	0.0033742	0.206848
0	3.87581	0	1555.66	0	-0.00462943	-0.00387581	-0.000753616	-0.00462943	0.753982	0.213494	150.796	71.9697	0.227377	0.03896	0.0324293	0.00653076	0.266337
0	3.02434	0	-529.693	0	-0.00504621	-0.00302434	-0.00202187	-0.00504621	1.05558	0.619496	150.796	162.71	0.23344	0.0363053	0.0261648	0.0101405	0.269746
0	-1.51149	0	-26.9108	0	-0.00133081	0.00151149	-0.0028423	-0.00133081	1.35717	1.0521	150.796	171.808	0.239504	0.0307486	0.0183039	0.0124447	0.270252
0	-2.94602	0	-498.569	0	0.000345563	0.00294602	-0.00260046	0.000345563	1.65876	1.16917	150.796	108.84	0.242536	0.0336877	0.0203278	0.0133599	0.276223
0	-0.129997	0	150.26	0	-0.00148029	0.000129997	-0.00161028	-0.00148029	1.96035	1.54005	150.796	38.2115	0.251631	0.0417048	0.0252182	0.0164866	0.293335
0	1.25671	0	1677.76	0	-0.0028462	-0.00125671	-0.00158948	-0.0028462	2.26195	1.59752	150.796	51.1401	0.254662	0.0485654	0.0308179	0.0177475	0.303228
0	5.83987	0	-84.3717	0	-0.0078873	-0.00583987	-0.00204744	-0.0078873	2.56354	1.73321	150.796	42.9999	0.263757	0.0708829	0.0498199	0.021063	0.33464
0	9.30159	0	427.988	0	-0.0154842	-0.00930159	-0.0061826	-0.0154842	2.86513	2.24989	150.796	144.514	0.269821	0.064412	0.0369146	0.0274974	0.334233
0	5.78251	0	1093.58	0	-0.0134534	-0.00578251	-0.00767085	-0.0134534	3.16673	2.48402	150.796	190.483	0.272852	0.0612578	0.0319146	0.0293431	0.33411
0	-4.11306	0	-330.974	0	-0.00455422	0.00411306	-0.00866727	-0.00455422	3.46832	3.00442	150.796	168.217	0.281948	0.062265	0.0278336	0.0344313	0.344213
0	-8.25279	0	-371.676	0	0.00141282	0.00825279	-0.00683998	0.00141282	3.76991	3.30241	150.796	104.291	0.288011	0.0656701	0.0280502	0.0376198	0.353681
0	-6.9388	0	-467.444	0	0.00272247	0.0069388	-0.00421633	0.00272247	4.0715	3.76269	150.796	207.721	0.294074	0.0591021	0.0185292	0.040573	0.353176
0	-4.07687	0	863.732	0	0.000970747	0.00407687	-0.00310612	0.000970747	4.3731	3.9154	150.796	132.064	0.300138	0.0689612	0.0274617	0.0414994	0.369099
0	0.332232	0	317.854	0	-0.00264241	-0.000332232	-0.00231017	-0.00264241	4.52389	4.30438	150.796	172.766	0.303169	0.0567925	0.013171	0.0436214	0.359962
0	2.08695	0	1299.48	0	-0.00445028	-0.00208695	-0.00236333	-0.00445028	4.82549	4.43634	150.796	117.699	0.306201	0.058581	0.014301	0.04428	0.364782
0	0.816026	0	483.054	0	-0.00399875	-0.000816026	-0.00318273	-0.00399875	5.12708	4.7572	150.796	142.838	0.312264	0.0587819	0.0131447	0.0456373	0.371046
0	-0.859698	0	-347.734	0	-0.00287494	0.000859698	-0.00373464	-0.00287494	5.42867	5.33135	150.796	171.329	0.321359	0.0537107	0.005839	0.0478717	0.37507
0	-2.77796	0	224.48	0	-0.00081913	0.00277796	-0.00359709	-0.00081913	5.73026	5.56548	150.796	175.878	0.324391	0.0490026	0.000838966	0.0481636	0.373394
0	-12.8997	0	-1439.49	0	0.0119657	0.0128997	-0.000934073	0.0119657	6.03186	6.52914	150.796	244.592	0.333486	0.017245	-0.029837	0.047082	0.350731
0	-9.6412	0	-2016.49	0	0.0129758	0.0096412	0.00333458	0.0129758	6.33345	6.92876	150.796	159.597	0.33955	0.00804519	-0.0357185	0.0437637	0.347595
0	1.32554	0	1091.18	0	0.0043027	-0.00132554	0.00562824	0.0043027	6.63504	7.24856	150.796	186.413	0.345613	0.00388818	-0.0368109	0.0406991	0.349501
0	9.33058	0	1546.08	0	-0.00537115	-0.00933058	0.00395943	-0.00537115	6.93663	7.54068	150.796	142.838	0.351676	0.00128694	-0.0362432	0.0375301	0.352963
0	11.0845	0	-72.4007	0	-0.0104623	-0.0110845	0.000622174	-0.0104623	7.23822	7.81153	150.796	65.7448	0.35774	-0.000226319	-0.0343983	0.034172	0.357513
0	8.61992	0	581.216	0	-0.011149	-0.00861992	-0.00252904	-0.011149	7.53982	7.98181	150.796	129.67	0.363803	0.00497076	-0.0265193	0.0314901	0.368774
0	6.60252	0	-81.9774	0	-0.0116869	-0.00660252	-0.00508442	-0.0116869	7.84141	8.2319	150.796	105.01	0.369867	0.00609005	-0.0234294	0.0295194	0.375957
0	-1.09897	0	-2169.72	0	-0.00488862	0.00109897	-0.00598759	-0.00488862	8.143	8.65812	150.796	144.753	0.37593	-0.00404298	-0.0309072	0.0268642	0.371887
0	-1.05305	0	78.4341	0	-0.0047587	0.00105305	-0.00581175	-0.0047587	8.44459	8.80179	150.796	106.686	0.378962	-0.00516079	-0.0304797	0.0253189	0.373801
0	-0.472305	0	-261.543	0	-0.00527945	0.000472305	-0.00575175	-0.00527945	8.74619	9.25462	150.796	111.953	0.388057	-0.00950114	-0.030506	0.0210049	0.378555
0	0.0341614	0	-979.803	0	-0.00560844	-3.41614e-05	-0.00557428	-0.00560844	9.04778	9.3222	150.796	19.5367	0.39412	0.00214169	-0.0164651	0.0186068	0.396262
0	9.0216	0	-65.218	0	-0.0154521	-0.00902161	-0.0064305	-0.0154521	9.34937	9.5095	150.796	90.4051	0.400183	0.0080531	-0.00960766	0.0176608	0.408237
0	8.63621	0	1821.41	0	-0.0180203	-0.00863621	-0.00938405	-0.0180203	9.65097	9.7862	150.796	142.12	0.406247	0.00879895	-0.00811398	0.0169129	0.415046
0	7.84721	0	547.698	0	-0.0186131	-0.00784721	-0.0107658	-0.0186131	9.95256	10.0219	150.796	200.538	0.409279	0.00329743	-0.0132098	0.0165072	0.412576
0	10.1363	0	-91.5542	0	-0.0246634	-0.0101363	-0.0145271	-0.0246634	10.2542	10.7413	150.796	232.381	0.418374	-0.0151021	-0.0292313	0.0141292	0.403272
0	-0.512705	0	971.471	0	-0.0163125	0.000512705	-0.0168252	-0.0163125	10.5557	11.0723	150.796	183.54	0.424437	-0.0192504	-0.0309941	0.0117437	0.405187
0	-17.5022	0	-1805.8	0	0.00168743	0.0175022	-0.0158147	0.00168743	10.8573	11.4746	150.796	118.417	0.4305	-0.0280959	-0.0370352	0.00893925	0.402404
0	-24.4129	0	-855.305	0	0.0113985	0.0244129	-0.0130144	0.0113985	11.1589	11.7369	150.796	246.028	0.436564	-0.0275919	-0.0346794	0.00708749	0.408972
0	-31.4311	0	-1228.8	0	0.0318813	0.0314311	0.00045023	0.0318813	11.4605	12.3552	150.796	304.447	0.442627	-0.0521455	-0.0536827	0.00153723	0.390482
0	-24.5374	0	-654.192	0	0.0345533	0.0245374	0.0100159	0.0345533	11.7621	13.081	150.796	250.817	0.448691	-0.0833385	-0.0791352	-0.00420333	0.365352
0	-4.66979	0	-139.438	0	0.0211813	0.00466979	0.0165116	0.0211813	12.0428	13.4737	125.664	149.542	0.418963	-0.0978626	-0.0858582	-0.0120044	0.321101
0	6.45532	0	475.872	0	0.0105049	-0.00645532	0.0169602	0.0105049	12.3519	13.6919	80.4248	135.416	0.361513	-0.100861	-0.0804002	-0.020461	0.260652
0	17.8227	0	471.083	0	-0.00589717	-0.0178227	0.0119255	-0.00589717	12.4826	13.934	50.2654	105.249	0.321696	-0.119905	-0.0870854	-0.0328201	0.201791
0	21.7377	0	605.158	0	-0.016161	-0.0217377	0.00557666	-0.016161	12.553	13.9207	20.1061	-3.92649	0.280667	-0.123426	-0.0820649	-0.0413607	0.157242
0	19.8734	0	-1647.79	0	-0.0209892	-0.0198734	-0.00111581	-0.0209892	12.5664	13.8622	0	-62.5844	0.252641	-0.127366	-0.0777488	-0.0496172	0.125275
0	9.00967	0	-563.212	0	-0.0154198	-0.00900967	-0.00641009	-0.0154198	12.5664	13.5674	0	-98.7369	0.252641	-0.116947	-0.0600613	-0.0568861	0.135694
0	3.86965	0	-1420.34	0	-0.0117213	-0.00386965	-0.00785164	-0.0117213	12.5664	13.3503	0	-175.83	0.252641	-0.106924	-0.0470352	-0.0598891	0.145717
0	-1.1629	0	-1530.47	0	-0.00822692	0.0011629	-0.00938982	-0.00822692	12.5664	12.757	0	-161.944	0.252641	-0.0764832	-0.0114369	-0.0650464	0.176158
0	-1.25157	0	-405.195	0	-0.00762729	0.00125157	-0.00887886	-0.00762729	12.5664	12.4367	0	-120.764	0.252641	-0.0578754	0.00778307	-0.0656585	0.194766
0	-10.4271	0	1060.06	0	0.0025876	0.0104271	-0.00783947	0.0025876	12.5664	11.9647	0	-207.912	0.252641	-0.0280662	0.036102	-0.0641682	0.224575
0	-10.9236	0	593.187	0	0.00475242	0.0109236	-0.00617114	0.00475242	12.5664	11.8141	0	-122.918	0.252641	-0.0172257	0.0451374	-0.0623631	0.235415
0	-9.42897	0	147.866	0	0.00864824	0.00942897	-0.000780733	0.00864824	12.5664	11.4634	0	-23.3195	0.252641	0.0121363	0.0661771	-0.0540408	0.264777
0	0.851982	0	2113.51	0	0.000727872	-0.000851982	0.00157985	0.000727872	12.5664	11.3144	0	-70.9641	0.252641	0.0279345	0.0751166	-0.0471821	0.280576
0	8.98858	0	68.8572	0	-0.00857187	-0.00898858	0.00041671	-0.00857187	12.5664	11.2915	0	-27.3897	0.252641	0.0367823	0.0764894	-0.0397071	0.289423
0	11.6703	0	-1128.24	0	-0.0145436	-0.0116703	-0.00287326	-0.0145436	12.5664	11.3448	0	36.7749	0.252641	0.0412082	0.0732968	-0.0320885	0.293849
0	5.51029	0	583.611	0	-0.0119263	-0.00551029	-0.00641603	-0.0119263	12.5664	11.2995	0	-12.785	0.252641	0.0513762	0.0760106	-0.0246343	0.304017
0	-5.30464	0	-1827.35	0	-0.00195153	0.00530464	-0.00725617	-0.00195153	12.5664	11.3464	0	20.0155	0.252641	0.0560512	0.073201	-0.0171498	0.308692
0	-15.5659	0	-2835.31	0	0.0107162	0.0155659	-0.00484966	0.0107162	12.5664	11.5496	0	49.4642	0.252641	0.0507985	0.061005	-0.0102065	0.30344
0	-9.54085	0	6.608	0	0.0093614	0.00954085	-0.000179455	0.0093614	12.5664	11.4948	0	43.9575	0.252641	0.0603647	0.0642934	-0.00392876	0.313006
0	-4.68289	0	-283.09	0	0.00602997	0.00468289	0.00134708	0.00602997	12.5664	11.5071	0	-9.91199	0.252641	0.0628451	0.0635592	-0.000714091	0.315486
0	-2.70959	0	-491.386	0	0.00474065	0.00270959	0.00203105	0.00474065	12.5664	11.6039	0	-33.6146	0.252641	0.0662218	0.0577484	0.00847337	0.318863
0	-6.3716	0	607.553	0	0.00883619	0.0063716	0.00246459	0.00883619	12.5664	11.5145	0	-33.854	0.252641	0.0744729	0.0631121	0.0113608	0.327114
0	-0.684641	0	981.048	0	0.00603183	0.000684641	0.00534719	0.00603183	12.5664	11.6247	0	28.8741	0.252641	0.076994	0.0565033	0.0204908	0.329635
0	-0.706534	0	-1518.5	0	0.00615297	0.000706534	0.00544644	0.00615297	12.5664	11.6773	0	3.01669	0.252641	0.0792985	0.0533426	0.0259559	0.33194
0	6.99555	0	1184.56	0	-0.00214571	-0.00699555	0.00484984	-0.00214571	12.5664	11.8811	0	147.866	0.252641	0.0723984	0.0411146	0.0312838	0.32504
0	6.12935	0	655.437	0	-0.00376525	-0.00612935	0.0023641	-0.00376525	12.5664	12.1616	0	94.4752	0.252641	0.0592008	0.0242892	0.0349116	0.311842
0	5.94835	0	-81.9775	0	-0.00554025	-0.00594835	0.000408109	-0.00554025	12.5664	12.3148	0	41.3239	0.252641	0.0520277	0.0150943	0.0369334	0.304669
0	-1.71091	0	-1231.19	0	0.000312339	0.00171091	-0.00139857	0.000312339	12.5664	12.5931	0	170.611	0.252641	0.0366207	-0.00160343	0.0382242	0.289262
0	-4.41461	0	-2002.13	0	0.00328978	0.00441461	-0.00112483	0.00328978	12.5664	12.7314	0	127.994	0.252641	0.0282396	-0.00990435	0.038144	0.280881
0	-13.2426	0	-477.021	0	0.0154471	0.0132426	0.00220448	0.0154471	12.5664	12.8581	0	32.4654	0.252641	0.0184658	-0.0175029	0.0359687	0.271107
0	-15.7988	0	-929.525	0	0.0226072	0.0157988	0.0068084	0.0226072	12.5664	12.9991	0	54.7315	0.252641	0.00802665	-0.0259635	0.0339901	0.260668
0	-13.3923	0	1558.05	0	0.0249142	0.0133923	0.0115219	0.0249142	12.5664	13.0454	0	31.9865	0.252641	0.00265897	-0.0287412	0.0314002	0.2553
0	-3.5157	0	214.904	0	0.0191309	0.0035157	0.0156152	0.0191309	12.5664	13.0172	0	-60.1902	0.252641	0.0012487	-0.0270491	0.0282978	0.25389
0	7.63945	0	-259.148	0	0.00815587	-0.00763945	0.0157953	0.00815587	12.5664	12.9347	0	17.3819	0.252641	0.00371434	-0.0221004	0.0258148	0.256355
0	14.9423	0	1440.73	0	-0.00263095	-0.0149423	0.0123114	-0.00263095	12.5664	12.9528	0	4.45322	0.252641	0.000493858	-0.0231859	0.0236798	0.253135
0	16.868	0	-89.1601	0	-0.00937369	-0.016868	0.00749435	-0.00937369	12.5664	12.9033	0	-67.1334	0.252641	0.0010998	-0.0202167	0.0213165	0.253741
0	18.0319	0	4.21381	0	-0.0161006	-0.0180319	0.00193128	-0.0161006	12.5664	12.8991	0	51.3796	0.252641	-0.000679273	-0.0199613	0.019282	0.251962
0	14.0823	0	-529.693	0	-0.0171022	-0.0140823	-0.0030199	-0.0171022	12.5664	12.8485	0	-132.256	0.252641	0.000483735	-0.0169283	0.017412	0.253125
0	6.71645	0	-1930.3	0	-0.0119895	-0.00671645	-0.00527307	-0.0119895	12.5664	12.765	0	7.8051	0.252641	0.00464983	-0.0119158	0.0165656	0.257291
0	-15.4827	0	-1367.66	0	0.0107495	0.0154827	-0.00473324	0.0107495	12.5664	12.7128	0	7.56567	0.252641	0.0062914	-0.00878695	0.0150783	0.258933
0	-9.83741	0	-556.029	0	0.00983665	0.00983741	-7.61814e-07	0.00983665	12.5664	12.6905	0	49.9431	0.252641	0.00695321	-0.00744598	0.0143992	0.259594
0	-9.42519	0	-91.5543	0	0.0120738	0.00942519	0.00264862	0.0120738	12.5664	12.7	0	-72.1612	0.252641	0.00557328	-0.00802065	0.0135939	0.258214
0	3.08179	0	571.64	0	0.00142959	-0.00308179	0.00451138	0.00142959	12.5664	12.5186	0	-103.525	0.252641	0.0157604	0.00286634	0.012894	0.268402
0	6.11126	0	892.463	0	-0.00329485	-0.00611126	0.0028164	-0.00329485	12.5664	12.352	0	24.8039	0.252641	0.0264232	0.0128594	0.0135638	0.279064
0	4.21217	0	272.364	0	-0.00237357	-0.00421217	0.0018386	-0.00237357	12.5664	12.2669	0	-45.825	0.252641	0.0321744	0.0179676	0.0142068	0.284816
0	5.78634	0	-134.65	0	-0.0066444	-0.00578634	-0.000858061	-0.0066444	12.5664	12.1296	0	-51.0923	0.252641	0.0435808	0.0262048	0.017376	0.296222
0	0.914432	0	35.3384	0	-0.00269831	-0.000914432	-0.00178388	-0.00269831	12.5664	12.1328	0	-33.6146	0.252641	0.0446995	0.0260132	0.0186863	0.297341
0	0.848865	0	-225.63	0	-0.00146127	-0.000848865	-0.000612401	-0.00146127	12.5664	12.0514	0	-65.9363	0.252641	0.0533745	0.030898	0.0224765	0.306016
0	5.68085	0	42.521	0	-0.00706137	-0.00568085	-0.00138052	-0.00706137	12.5664	12.1046	0	-34.8117	0.252641	0.0532254	0.0277054	0.02552	0.305867
0	3.60385	0	914.01	0	-0.0058933	-0.00360385	-0.00228945	-0.0058933	12.5664	12.2047	0	63.8294	0.252641	0.0486084	0.0217031	0.0269053	0.30125
0	-5.06718	0	-192.111	0	0.00269184	0.00506718	-0.00237534	0.00269184	12.5664	12.2706	0	9.24162	0.252641	0.0475729	0.0177442	0.0298287	0.300214
0	-7.12483	0	-524.905	0	0.00623908	0.00712483	-0.000885753	0.00623908	12.5664	12.2738	0	-38.403	0.252641	0.0491223	0.0175527	0.0315696	0.301763
0	-6.97477	0	-994.168	0	0.00876264	0.00697477	0.00178788	0.00876264	12.5664	12.4233	0	72.688	0.252641	0.0416651	0.00858129	0.0330838	0.294306
0	7.27963	0	811.06	0	-0.00438727	-0.00727963	0.00289236	-0.00438727	12.5664	12.4845	0	66.9419	0.252641	0.0388357	0.00490969	0.033926	0.291477
0	11.7109	0	159.837	0	-0.0117807	-0.0117109	-6.9869e-05	-0.0117807	12.5664	12.4377	0	-74.7949	0.252641	0.0421665	0.00771921	0.0344473	0.294808
0	7.5818	0	188.567	0	-0.00952541	-0.0075818	-0.00194361	-0.00952541	12.5664	12.5207	0	91.3627	0.252641	0.0375719	0.00273863	0.0348332	0.290213
0	3.55524	0	-527.299	0	-0.00827762	-0.00355524	-0.00472238	-0.00827762	12.5664	12.758	0	107.883	0.252641	0.0231655	-0.0115007	0.0346662	0.275807
0	1.20807	0	-261.543	0	-0.00657364	-0.00120807	-0.00536557	-0.00657364	12.5664	12.7075	0	-51.3317	0.252641	0.0250867	-0.00846765	0.0335544	0.277728
0	0.59053	0	-378.858	0	-0.0062541	-0.00059053	-0.00566357	-0.0062541	12.5664	12.733	0	-20.4465	0.252641	0.022591	-0.0100001	0.0325911	0.275232
0	-11.499	0	-838.545	0	0.00628016	0.011499	-0.00521879	0.00628016	12.5664	12.7724	0	90.1656	0.252641	0.0191932	-0.0123628	0.031556	0.271834
0	-19.5649	0	-905.583	0	0.016186	0.0195649	-0.00337896	0.016186	12.5664	12.7298	0	-62.5844	0.252641	0.0211293	-0.00980856	0.0309378	0.27377
0	-18.0621	0	-946.284	0	0.0250949	0.0180621	0.00703284	0.0250949	12.5664	12.8384	0	-17.8129	0.252641	0.0125463	-0.0163216	0.0288679	0.265187
0	-9.35838	0	164.625	0	0.0219179	0.00935838	0.0125595	0.0219179	12.5664	12.7926	0	3.25611	0.252641	0.0137109	-0.013576	0.0272868	0.266352
0	3.29237	0	562.063	0	0.0108886	-0.00329237	0.014181	0.0108886	12.5664	12.6447	0	-11.5879	0.252641	0.0215227	-0.00470026	0.026223	0.274164
0	6.31618	0	-216.053	0	0.00675373	-0.00631618	0.0130699	0.00675373	12.5664	12.6075	0	-66.894	0.252641	0.0233402	-0.00246546	0.0258056	0.275981
0	6.13175	0	-58.0355	0	0.00592757	-0.00613175	0.0120593	0.00592757	12.5664	12.6644	0	37.972	0.252641	0.0198007	-0.00588163	0.0256823	0.272442
0	6.26134	0	-192.111	0	0.0026126	-0.00626134	0.00887394	0.0026126	12.5664	12.5191	0	-12.785	0.252641	0.028048	0.00283442	0.0252136	0.280689
0	8.69708	0	-24.5166	0	-0.00194746	-0.00869708	0.00674962	-0.00194746	12.5664	12.4712	0	-75.5131	0.252641	0.0313038	0.0057078	0.025596	0.283945
0	4.76723	0	123.924	0	-0.00071313	-0.00476723	0.0040541	-0.00071313	12.5664	12.4952	0	34.6202	0.252641	0.0302878	0.00427111	0.0260167	0.282929
0	9.82562	0	712.898	0	-0.00743205	-0.00982562	0.00239357	-0.00743205	12.5664	12.4526	0	31.7471	0.252641	0.0335404	0.00682526	0.0267152	0.286182
0	7.4332	0	468.689	0	-0.00661173	-0.0074332	0.000821468	-0.00661173	12.5664	12.4691	0	18.8184	0.252641	0.032892	0.00583551	0.0270564	0.285533
0	3.4385	0	-1137.82	0	-0.00502874	-0.0034385	-0.00159024	-0.00502874	12.5664	12.591	0	118.178	0.252641	0.0260302	-0.00147572	0.0275059	0.278671
0	2.47554	0	-1111.48	0	-0.00619922	-0.00247554	-0.00372369	-0.00619922	12.5664	12.5191	0	69.0967	0.252641	0.0304797	0.00283442	0.0276453	0.283121
0	-0.864968	0	-1710.03	0	-0.00325481	0.000864968	-0.00411977	-0.00325481	12.5664	12.4042	0	-76.4708	0.252641	0.0375176	0.00973057	0.027787	0.290159
0	0.928457	0	-812.209	0	-0.00481808	-0.000928457	-0.00388962	-0.00481808	12.5664	12.3228	0	-94.9062	0.252641	0.0442818	0.0146154	0.0296665	0.296923
0	-4.52974	0	-529.693	0	0.00075955	0.00452974	-0.00377019	0.00075955	12.5664	12.335	0	49.7036	0.252641	0.0448942	0.0138811	0.0310131	0.297535
0	6.55858	0	-29.305	0	-0.00965756	-0.00655858	-0.00309898	-0.00965756	12.5664	12.2142	0	-4.16591	0.252641	0.0538234	0.0211285	0.0326949	0.306465
0	11.3991	0	631.495	0	-0.016794	-0.0113991	-0.00539484	-0.016794	12.5664	12.1504	0	-123.876	0.252641	0.0597738	0.0249596	0.0348141	0.312415
0	7.95729	0	30.55	0	-0.0162755	-0.00795729	-0.00831821	-0.0162755	12.5664	12.1892	0	70.7726	0.252641	0.0598066	0.022629	0.0371776	0.312448
0	10.6223	0	-235.206	0	-0.0218422	-0.0106223	-0.01122	-0.0218422	12.5664	12.2031	0	99.7424	0.252641	0.061415	0.0217989	0.0396161	0.314056
0	2.82377	0	-1554.41	0	-0.0164513	-0.00282377	-0.0136275	-0.0164513	12.5664	12.368	0	54.492	0.252641	0.0534757	0.0119016	0.0415741	0.306117
0	-1.87171	0	-1880.02	0	-0.0121499	0.00187171	-0.0140216	-0.0121499	12.5664	12.533	0	6.608	0.252641	0.0443806	0.00200426	0.0423764	0.297022
0	-10.5885	0	-175.351	0	-0.0026827	0.0105885	-0.0132712	-0.0026827	12.5664	12.6836	0	114.826	0.252641	0.0353974	-0.00703096	0.0424283	0.288038
0	-13.8683	0	-584.76	0	0.00439918	0.0138683	-0.00946907	0.00439918	12.5664	12.6085	0	-50.6134	0.252641	0.0392119	-0.00252926	0.0417412	0.291853
0	-22.0107	0	-1374.85	0	0.0174359	0.0220107	-0.00457475	0.0174359	12.5664	12.6692	0	28.8741	0.252641	0.0351804	-0.00616894	0.0413494	0.287822
0	-17.1054	0	-582.366	0	0.0193017	0.0171054	0.00219624	0.0193017	12.5664	12.9235	0	134.458	0.252641	0.0190025	-0.0214299	0.0404324	0.271644
0	-8.1986	0	894.857	0	0.0152897	0.0081986	0.00709113	0.0152897	12.5664	13.0177	0	22.6492	0.252641	0.0110376	-0.027081	0.0381186	0.263679
0	-2.0337	0	837.396	0	0.0113317	0.0020337	0.00929799	0.0113317	12.5664	12.8288	0	-130.101	0.252641	0.0198072	-0.0157469	0.0355541	0.272448
0	-2.06032	0	-1027.69	0	0.012102	0.00206032	0.0100417	0.012102	12.5664	12.823	0	74.6033	0.252641	0.0187193	-0.0153958	0.0341151	0.27136
0	-0.543352	0	-761.931	0	0.011502	0.000543352	0.0109586	0.011502	12.5664	12.8182	0	16.4242	0.252641	0.0174927	-0.0151084	0.0326011	0.270134
0	13.2548	0	9.0022	0	-0.00362379	-0.0132548	0.00963097	-0.00362379	12.5664	12.8969	0	-40.0789	0.252641	0.0110555	-0.0198336	0.0308891	0.263697
0	10.3956	0	990.625	0	-0.00288534	-0.0103956	0.00751021	-0.00288534	12.5664	12.9294	0	58.0833	0.252641	0.00811631	-0.0217811	0.0298975	0.260467
0	1.02284	0	-927.131	0	0.00294716	-0.00102284	0.00397	0.00294716	12.5664	12.8474	0	19.0578	0.252641	0.0101043	-0.0168644	0.0269687	0.262745
0	-4.06163	0	155.049	0	0.00802267	0.00406163	0.00396104	0.00802267	12.5664	12.7618	0	-86.287	0.252641	0.0136602	-0.0117242	0.0253844	0.266301
0	-3.38885	0	-907.977	0	0.00958003	0.00338885	0.00619118	0.00958003	12.5664	12.6766	0	-79.1044	0.252641	0.0176073	-0.00661589	0.0242232	0.270248
0	6.11156	0	921.193	0	0.000570263	-0.00611156	0.00668183	0.000570263	12.5664	12.7293	0	50.6613	0.252641	0.0138313	-0.00977663	0.0236079	0.266472
0	6.11156	0	921.193	0	0.000570263	-0.00611156	0.00668183	0.000570263	12.5664	12.7293	0	50.6613	0.252641	0.0138313	-0.00977663	0.0236079	0.266472
0	1.78421	0	688.956	0	0.00303117	-0.00178422	0.00481539	0.00303117	12.5664	12.682	0	-45.3462	0.252641	0.0153722	-0.00693518	0.0223074	0.268013
0	5.50893	0	830.213	0	-0.00134617	-0.00550893	0.00416276	-0.00134617	12.5664	12.4909	0	-32.6569	0.252641	0.0265091	0.00452648	0.0219827	0.27915
0	3.81111	0	-845.728	0	-0.00119178	-0.00381111	0.00261933	-0.00119178	12.5664	12.4872	0	-26.432	0.252641	0.02708	0.00475004	0.0223299	0.279721
0	7.57946	0	-333.369	0	-0.00623759	-0.00757946	0.00134187	-0.00623759	12.5664	12.5042	0	-13.9821	0.252641	0.026495	0.00372837	0.0227666	0.279136
0	12.8857	0	255.605	0	-0.0143601	-0.0128857	-0.00147437	-0.0143601	12.5664	12.4351	0	-5.36301	0.252641	0.0312322	0.00787886	0.0233534	0.283873
0	10.5422	0	11.3964	0	-0.0160186	-0.0105422	-0.00547636	-0.0160186	12.5664	12.3302	0	-11.1091	0.252641	0.0384039	0.0141684	0.0242355	0.291045
0	10.6764	0	1007.38	0	-0.0178395	-0.0106764	-0.00716311	-0.0178395	12.5664	12.3361	0	-69.0488	0.252641	0.0387611	0.0138172	0.0249439	0.291582
0	-0.711129	0	-259.148	0	-0.00956993	0.000711129	-0.0102811	-0.00956993	12.5664	12.3297	0	-1.77171	0.252641	0.0412854	0.0142003	0.0270851	0.293927
0	-9.08596	0	-292.667	0	-0.000233204	0.00908596	-0.00931917	-0.000233204	12.5664	12.3127	0	3.97438	0.252641	0.0437383	0.015222	0.0285163	0.296379
0	0.565616	0	-2071.56	0	-0.00790099	-0.000565617	-0.00733537	-0.00790099	12.5664	12.3478	0	20.9732	0.252641	0.0429969	0.0131149	0.0298821	0.295638
0	0.0110708	0	-398.012	0	-0.00735975	-1.10708e-05	-0.00734868	-0.00735975	12.5664	12.4686	0	25.5222	0.252641	0.0369684	0.00586744	0.031101	0.28961
0	1.19127	0	-0.574615	0	-0.00793668	-0.00119127	-0.00674541	-0.00793668	12.5664	12.4819	0	46.1123	0.252641	0.0367618	0.00506927	0.0316925	0.289403
0	3.45098	0	-1578.35	0	-0.0109053	-0.00345098	-0.00745428	-0.0109053	12.5664	12.5101	0	16.1848	0.252641	0.0354313	0.00337715	0.0320542	0.288072
0	1.42127	0	-575.183	0	-0.0100275	-0.00142127	-0.00860624	-0.0100275	12.5664	12.4936	0	-11.3485	0.252641	0.0367923	0.00436689	0.0324254	0.289433
0	-1.63065	0	222.086	0	-0.00716759	0.00163065	-0.00879824	-0.00716759	12.5664	12.4824	0	17.1425	0.252641	0.0380654	0.00503729	0.0330281	0.290707
0	-11.5693	0	-1781.86	0	0.00372162	0.0115693	-0.00784773	0.00372162	12.5664	12.583	0	15.9454	0.252641	0.0323977	-0.000996838	0.0333946	0.285039
0	-6.05451	0	-867.276	0	0.00153798	0.00605451	-0.00451652	0.00153798	12.5664	12.6681	0	77.237	0.252641	0.026829	-0.00610508	0.0329341	0.27947
0	-1.64679	0	150.26	0	-0.00190101	0.00164679	-0.0035478	-0.00190101	12.5664	12.5569	0	-11.1091	0.252641	0.0331964	0.00056757	0.0326288	0.285838
0	4.795	0	-785.873	0	-0.00913638	-0.004795	-0.00434138	-0.00913638	12.5664	12.699	0	24.0857	0.252641	0.0241856	-0.00795685	0.0321425	0.276827
0	0.730926	0	-982.197	0	-0.0064596	-0.000730926	-0.00572867	-0.0064596	12.5664	12.6724	0	3.49553	0.252641	0.0249336	-0.00636051	0.0312941	0.277575
0	-6.50193	0	150.26	0	0.00128994	0.00650193	-0.00521199	0.00128994	12.5664	12.7192	0	-0.095768	0.252641	0.0215279	-0.00917009	0.030698	0.274169
0	-15.548	0	-742.777	0	0.013265	0.015548	-0.00228302	0.013265	12.5664	12.7836	0	59.041	0.252641	0.0167303	-0.0130332	0.0297634	0.269371
0	-13.9714	0	-1001.35	0	0.0165057	0.0139714	0.00253429	0.0165057	12.5664	12.7469	0	-18.5311	0.252641	0.0174399	-0.0108302	0.0282701	0.270081
0	0.881086	0	18.579	0	0.0050745	-0.000881086	0.00595558	0.0050745	12.5664	12.6224	0	-39.6001	0.252641	0.0241294	-0.00335941	0.0274888	0.276771
0	1.3815	0	1048.09	0	0.00406052	-0.0013815	0.00544202	0.00406052	12.5664	12.7394	0	61.9141	0.252641	0.0167712	-0.0103833	0.0271545	0.269412
0	7.83141	0	-1389.21	0	-0.00343957	-0.00783141	0.00439185	-0.00343957	12.5664	12.8528	0	50.4219	0.252641	0.00851108	-0.0171836	0.0256947	0.261152
0	13.2233	0	-46.0644	0	-0.0100845	-0.0132233	0.00313882	-0.0100845	12.5664	12.8033	0	-30.2627	0.252641	0.0106211	-0.0142145	0.0248355	0.263262
0	11.8665	0	928.376	0	-0.0158427	-0.0118665	-0.00397619	-0.0158427	12.5664	12.5298	0	-55.4018	0.252641	0.0259257	0.00219584	0.0237298	0.278567
0	7.97217	0	-1113.88	0	-0.0153168	-0.00797217	-0.00734464	-0.0153168	12.5664	12.4829	0	-13.0245	0.252641	0.0289245	0.00500547	0.0239191	0.281566
0	-4.88412	0	-1664.54	0	-0.00396305	0.00488413	-0.00884717	-0.00396305	12.5664	12.6256	0	12.3541	0.252641	0.0205494	-0.00355093	0.0241003	0.273191
0	-5.83218	0	-680.528	0	-0.00101603	0.00583218	-0.00684821	-0.00101603	12.5664	12.6149	0	29.3529	0.252641	0.0208919	-0.00291246	0.0238043	0.273533
0	-8.06622	0	-144.227	0	0.00313273	0.00806622	-0.00493349	0.00313273	12.5664	12.4478	0	-65.4575	0.252641	0.0308939	0.00711262	0.0237813	0.283535
0	2.34831	0	-1355.69	0	-0.00562469	-0.00234831	-0.00327638	-0.00562469	12.5664	12.3611	0	-6.08127	0.252641	0.0369225	0.0123166	0.0246059	0.289564
0	11.4881	0	332.219	0	-0.0165969	-0.0114881	-0.00510879	-0.0165969	12.5664	12.3802	0	-30.2627	0.252641	0.0369697	0.0111673	0.0258024	0.289611
0	6.89821	0	370.527	0	-0.0150731	-0.00689821	-0.00817489	-0.0150731	12.5664	12.2674	0	-17.334	0.252641	0.0451422	0.0179358	0.0272065	0.297783
0	6.0925	0	-599.125	0	-0.0164188	-0.0060925	-0.0103263	-0.0164188	12.5664	12.2972	0	41.3239	0.252641	0.0449963	0.0161479	0.0288484	0.297637
0	-1.70915	0	-1432.31	0	-0.00964042	0.00170915	-0.0113496	-0.00964042	12.5664	12.2978	0	-33.854	0.252641	0.0465377	0.016116	0.0304217	0.299179
0	-4.21806	0	545.303	0	-0.00597348	0.00421806	-0.0101915	-0.00597348	12.5664	12.2259	0	-42.952	0.252641	0.0527467	0.020426	0.0323206	0.305388
0	0.566804	0	-79.5833	0	-0.0102989	-0.000566804	-0.00973209	-0.0102989	12.5664	12.1956	0	0.383072	0.252641	0.0565835	0.0222458	0.0343377	0.309225
0	0.920988	0	-1700.46	0	-0.0109462	-0.000920988	-0.0100252	-0.0109462	12.5664	12.268	0	69.5755	0.252641	0.0544214	0.0179038	0.0365176	0.307063
0	2.51531	0	-718.835	0	-0.013074	-0.00251531	-0.0105587	-0.013074	12.5664	12.3936	0	2.53785	0.252641	0.0485414	0.0103691	0.0381723	0.301183
0	2.84957	0	162.231	0	-0.0144338	-0.00284957	-0.0115842	-0.0144338	12.5664	12.3473	0	34.1413	0.252641	0.0524166	0.0131467	0.0392698	0.305058
0	-5.98725	0	-2370.83	0	-0.00574819	0.00598725	-0.0117354	-0.00574819	12.5664	12.5111	0	78.6735	0.252641	0.0436105	0.00331335	0.0402972	0.296252
0	-8.99623	0	-658.98	0	-0.00021325	0.00899623	-0.00920948	-0.00021325	12.5664	12.6059	0	11.8752	0.252641	0.0381168	-0.00236967	0.0404864	0.290758
0	-11.5015	0	-1353.3	0	0.00373142	0.0115015	-0.00777009	0.00373142	12.5664	12.5761	0	21.4521	0.252641	0.0397862	-0.00058176	0.0403679	0.288631
0	-1.02224	0	-1010.93	0	-0.00158921	0.00102224	-0.00261144	-0.00158921	12.5664	12.7453	0	61.4352	0.252641	0.0288295	-0.0107344	0.0395639	0.281471
0	10.4882	0	-96.3427	0	-0.0134086	-0.0104882	-0.0029204	-0.0134086	12.5664	12.8256	0	29.8318	0.252641	0.0228585	-0.0155553	0.0384139	0.2755
0	9.52626	0	648.254	0	-0.0161559	-0.00952626	-0.0066296	-0.0161559	12.5664	12.9618	0	43.4787	0.252641	0.0130323	-0.0237286	0.036761	0.265673
0	3.19862	0	-1386.82	0	-0.0125226	-0.00319862	-0.00932398	-0.0125226	12.5664	12.9991	0	29.5923	0.252641	0.00823942	-0.0259635	0.0342029	0.260881
0	-2.32902	0	-1204.86	0	-0.00828684	0.00232902	-0.0106159	-0.00828684	12.5664	13.0284	0	9.48104	0.252641	0.00383441	-0.0277195	0.0315539	0.256476
0	-5.50425	0	-350.128	0	-0.00417333	0.00550425	-0.00967757	-0.00417333	12.5664	12.9789	0	-39.6001	0.252641	0.00426949	-0.0247503	0.0290198	0.256911
0	-13.2644	0	-872.064	0	0.0060324	0.0132644	-0.00723198	0.0060324	12.5664	12.9991	0	32.7048	0.252641	0.000541363	-0.0259635	0.0265049	0.253183
0	-12.4327	0	-1051.63	0	0.00952067	0.0124327	-0.00291208	0.00952067	12.5664	12.8661	0	-35.0511	0.252641	0.00596181	-0.0179818	0.0239436	0.258603
0	-6.42713	0	-735.595	0	0.00739208	0.00642713	0.000964949	0.00739208	12.5664	12.856	0	-16.8552	0.252641	0.00490432	-0.0173752	0.0222795	0.257545
0	3.80487	0	483.054	0	-0.00121624	-0.00380487	0.00258863	-0.00121624	12.5664	12.7485	0	-29.5445	0.252641	0.0098075	-0.0109261	0.0207336	0.262449
0	-0.678736	0	-821.786	0	0.002242	0.000678736	0.00156327	0.002242	12.5664	12.6027	0	-39.3607	0.252641	0.0175874	-0.00217804	0.0197655	0.270229
0	0.0260687	0	-941.496	0	0.00122369	-2.60687e-05	0.00124976	0.00122369	12.5664	12.6133	0	-8.23605	0.252641	0.0167136	-0.00281656	0.0195301	0.269355
0	-0.312852	0	552.486	0	0.00161165	0.000312852	0.00129879	0.00161165	12.5664	12.5085	0	-37.9242	0.252641	0.0229449	0.003473	0.0194719	0.275586
0	-1.45803	0	-606.308	0	0.00280688	0.00145803	0.00134885	0.00280688	12.5664	12.4446	0	-62.345	0.252641	0.0269498	0.00730419	0.0196456	0.285799
0	-2.16793	0	-594.337	0	0.00542974	0.00216793	0.00326181	0.00542974	12.5664	12.2882	0	-40.0789	0.252641	0.0380656	0.0166906	0.021375	0.290707
0	4.39924	0	360.95	0	-0.000790552	-0.00439924	0.00360868	-0.000790552	12.5664	12.252	0	42.521	0.252641	0.0410711	0.0188616	0.0222095	0.291527
0	8.66766	0	413.622	0	-0.00780075	-0.00866766	0.00086691	-0.00780075	12.5664	12.2488	0	15.706	0.252641	0.0437775	0.0190532	0.0247243	0.296419
0	7.17027	0	-776.296	0	-0.00926206	-0.00717027	-0.00209179	-0.00926206	12.5664	12.243	0	-10.3908	0.252641	0.045943	0.0194044	0.0265386	0.298584
0	1.40529	0	-745.171	0	-0.00557441	-0.00140529	-0.00416912	-0.00557441	12.5664	12.2951	0	12.3541	0.252641	0.0447386	0.0162756	0.0284631	0.29738
0	-8.56847	0	-917.554	0	0.00442355	0.00856847	-0.00414493	0.00442355	12.5664	12.2419	0	81.3071	0.252641	0.0496898	0.0194682	0.0302215	0.302331
0	-11.0198	0	-1264.71	0	0.00824586	0.0110198	-0.00277397	0.00824586	12.5664	12.2605	0	-31.4598	0.252641	0.0495457	0.0183508	0.0311949	0.306361
0	0.331598	0	-917.554	0	0.00140452	-0.000331598	0.00173611	0.00140452	12.5664	12.2589	0	-20.2071	0.252641	0.0525649	0.0184466	0.0341184	0.305206
0	5.29451	0	1196.53	0	-0.00414015	-0.00529451	0.00115435	-0.00414015	12.5664	12.2057	0	11.157	0.252641	0.0579328	0.0216393	0.0362935	0.310574
0	9.10714	0	329.825	0	-0.00983082	-0.00910714	-0.000723683	-0.00983082	12.5664	12.219	0	7.32626	0.252641	0.0592777	0.0208411	0.0384366	0.311919
0	9.34246	0	-860.093	0	-0.0135311	-0.00934246	-0.00418861	-0.0135311	12.5664	12.4026	0	54.0132	0.252641	0.0499799	0.00982635	0.0401536	0.302621
0	-3.34318	0	66.463	0	-0.00261919	0.00334318	-0.00596237	-0.00261919	12.5664	12.442	0	-29.5444	0.252641	0.0486096	0.00746378	0.0411458	0.301251
0	-6.40024	0	-1482.59	0	0.00097278	0.00640024	-0.00542746	0.00097278	12.5664	12.3994	0	-72.8795	0.252641	0.051537	0.010018	0.041519	0.304178
0	-17.4294	0	-1001.35	0	0.0155579	0.0174294	-0.00187152	0.0155579	12.5664	12.5048	0	60.4775	0.252641	0.0465905	0.0036965	0.042894	0.299232
0	-11.2036	0	-989.38	0	0.0146189	0.0112036	0.0034153	0.0146189	12.5664	12.7123	0	97.1088	0.252641	0.0342596	-0.00875502	0.0430146	0.286901
0	-2.45104	0	2362.5	0	0.00870303	0.00245104	0.00625199	0.00870303	12.5664	12.6601	0	-8.23605	0.252641	0.0367029	-0.0056262	0.0423291	0.289344
0	1.71435	0	667.408	0	0.00510035	-0.00171435	0.0068147	0.00510035	12.5664	12.6814	0	-3.44765	0.252641	0.0347131	-0.00690325	0.0416164	0.287354
0	-0.456165	0	-1398.79	0	0.00686967	0.000456165	0.00641351	0.00686967	12.5664	12.7357	0	15.4665	0.252641	0.0306865	-0.0101598	0.0408462	0.283328
0	-0.931897	0	-321.398	0	0.00772996	0.000931897	0.00679806	0.00772996	12.5664	12.9406	0	41.8028	0.252641	0.0172271	-0.0224515	0.0396786	0.269868
0	-4.6777	0	-1611.87	0	0.0119352	0.0046777	0.00725749	0.0119352	12.5664	13.13	0	76.5187	0.252641	0.0031802	-0.0338175	0.0369977	0.255821
0	-8.92452	0	-1015.72	0	0.0178739	0.00892452	0.00894937	0.0178739	12.5664	13.0097	0	18.3396	0.252641	0.007033	-0.0266021	0.0336351	0.259674
0	-3.22363	0	-309.427	0	0.0147713	0.00322363	0.0115477	0.0147713	12.5664	12.9187	0	-43.1914	0.252641	0.0102106	-0.0211426	0.0313532	0.262852
0	2.528	0	-182.534	0	0.00915131	-0.002528	0.0116793	0.00915131	12.5664	12.9374	0	-50.6134	0.252641	0.00695344	-0.02226	0.0292134	0.259595
0	9.39874	0	-137.044	0	0.00101528	-0.00939874	0.010414	0.00101528	12.5664	12.9885	0	59.2804	0.252641	0.00137502	-0.025325	0.0267001	0.254016
0	10.4152	0	1163.01	0	-0.00150495	-0.0104152	0.00891022	-0.00150495	12.5664	12.914	0	-91.3149	0.252641	0.00457855	-0.0208553	0.0254338	0.25722
0	8.89398	0	-326.186	0	-0.00416642	-0.00889398	0.00472757	-0.00416642	12.5664	12.6202	0	-152.606	0.252641	0.019789	-0.00323164	0.0230207	0.27243
0	7.30879	0	-67.6123	0	-0.00553319	-0.00730879	0.0017756	-0.00553319	12.5664	12.5165	0	-50.6134	0.252641	0.025765	0.00299406	0.0227709	0.278406
0	-0.358374	0	-1173.73	0	0.00103734	0.000358374	0.00067897	0.00103734	12.5664	12.4813	0	25.5222	0.252641	0.0282163	0.00510126	0.023115	0.280857
0	2.53927	0	-7.75721	0	-0.00246859	-0.00253927	7.06775e-05	-0.00246859	12.5664	12.4547	0	-9.67257	0.252641	0.0303578	0.00669754	0.0236603	0.282999
0	3.81248	0	-62.8239	0	-0.00450088	-0.00381248	-0.000688405	-0.00450088	12.5664	12.3276	0	-108.553	0.252641	0.038797	0.0143281	0.0244689	0.291438
0	9.02738	0	937.952	0	-0.0103258	-0.00902738	-0.0012984	-0.0103258	12.5664	12.3387	0	-43.4308	0.252641	0.0388429	0.0136576	0.0251853	0.291484
0	10.5854	0	178.991	0	-0.0176385	-0.0105854	-0.0070531	-0.0176385	12.5664	12.0998	0	-38.403	0.252641	0.0559434	0.0279926	0.0279507	0.308585
0	9.51665	0	-1233.59	0	-0.0196526	-0.00951665	-0.0101359	-0.0196526	12.5664	12.0237	0	-88.2024	0.252641	0.0635253	0.0325582	0.0309671	0.316166
0	5.17908	0	-1891.99	0	-0.0188182	-0.00517908	-0.0136391	-0.0188182	12.5664	12.1238	0	79.1523	0.252641	0.0605123	0.026556	0.0339563	0.313153
0	-3.6513	0	226.875	0	-0.0104512	0.0036513	-0.0141025	-0.0104512	12.5664	12.111	0	-0.574608	0.252641	0.0639916	0.0273223	0.0366694	0.316633
0	-4.33479	0	-31.6992	0	-0.00830476	0.00433479	-0.0126395	-0.00830476	12.5664	12.003	0	-69.0488	0.252641	0.0733598	0.0338034	0.0395565	0.326001
0	-3.97086	0	66.463	0	-0.00797512	0.00397086	-0.011946	-0.00797512	12.5664	11.9966	0	18.8184	0.252641	0.0754332	0.0341865	0.0412466	0.328074
0	3.29915	0	-0.5746	0	-0.0142092	-0.00329915	-0.01091	-0.0142092	12.5664	11.97	0	-51.0923	0.252641	0.0806029	0.0357828	0.0448201	0.333244
0	14.8327	0	545.303	0	-0.0292615	-0.0148327	-0.0144288	-0.0292615	12.5664	12.1929	0	34.6202	0.252641	0.0720471	0.0224055	0.0496416	0.324688
0	17.5244	0	-802.632	0	-0.0343265	-0.0175244	-0.0168021	-0.0343265	12.5664	12.2525	0	165.583	0.252641	0.0695916	0.0188297	0.0507619	0.322233
0	7.16803	0	-1104.3	0	-0.0302044	-0.00716803	-0.0230364	-0.0302044	12.5664	12.4617	0	173.244	0.252641	0.0597667	0.00628252	0.0534842	0.312408
0	-10.8144	0	-1638.21	0	-0.0126946	0.0108144	-0.023509	-0.0126946	12.5664	12.5473	0	28.8741	0.252641	0.0551478	0.00114229	0.0540055	0.307789
0	-19.0846	0	-1401.18	0	-9.47956e-05	0.0190846	-0.0191794	-9.47956e-05	12.5664	12.5856	0	-11.1091	0.252641	0.0529313	-0.00115643	0.0540878	0.305572
0	-20.1722	0	-1291.05	0	0.00757039	0.0201722	-0.0126018	0.00757039	12.5664	12.6745	0	80.8282	0.252641	0.0471263	-0.00648823	0.0536145	0.299767
0	-17.0532	0	97.5877	0	0.0102285	0.0170532	-0.00682473	0.0102285	12.5664	12.8033	0	51.619	0.252641	0.0388134	-0.0142145	0.053028	0.291455
0	-24.5175	0	370.527	0	0.0239515	0.0245175	-0.000565983	0.0239515	12.5664	12.9645	0	56.4074	0.252641	0.0274324	-0.0238883	0.0513208	0.280074
0	-12.7543	0	-175.351	0	0.0192744	0.0127543	0.00652006	0.0192744	12.5664	12.9624	0	-21.6436	0.252641	0.025066	-0.0237606	0.0488266	0.277707
0	-3.93075	0	1119.91	0	0.0124915	0.00393075	0.00856076	0.0124915	12.5664	12.9906	0	-30.981	0.252641	0.0221858	-0.0254527	0.0476386	0.270489
0	1.40871	0	638.677	0	0.00799177	-0.00140871	0.00940048	0.00799177	12.5664	12.9922	0	-21.1647	0.252641	0.0193916	-0.0255484	0.04494	0.271106
0	-1.57977	0	-287.879	0	0.0107183	0.00157977	0.00913849	0.0107183	12.5664	12.997	0	-8.47547	0.252641	0.0153071	-0.0258358	0.0411429	0.267948
0	-10.8067	0	-1295.84	0	0.0213755	0.0108067	0.0105687	0.0213755	12.5664	13.081	0	80.8283	0.252641	0.0074077	-0.0308802	0.0382879	0.260049
0	-1.54379	0	246.028	0	0.0152127	0.00154379	0.0136689	0.0152127	12.5664	13.1774	0	62.6323	0.252641	-0.00147828	-0.036659	0.0351808	0.251163
0	11.8767	0	-81.9775	0	0.0011491	-0.0118767	0.0130258	0.0011491	12.5664	13.1481	0	-48.2192	0.252641	-0.00341374	-0.034903	0.0314893	0.249227
0	10.9248	0	-486.598	0	-0.00188053	-0.0109248	0.00904422	-0.00188053	12.5664	13.1396	0	10.9176	0.252641	-0.00646821	-0.0343922	0.027924	0.246173
0	2.76978	0	1.8196	0	0.00336297	-0.00276978	0.00613275	0.00336297	12.5664	13.0539	0	38.6903	0.252641	-0.00464753	-0.029252	0.0246045	0.247994
0	3.19284	0	456.718	0	0.00227727	-0.00319284	0.00547011	0.00227727	12.5664	12.7522	0	-159.071	0.252641	0.0110933	-0.0111495	0.0222428	0.263734
0	-2.91344	0	-754.748	0	0.00737107	0.00291344	0.00445763	0.00737107	12.5664	12.6474	0	-92.5119	0.252641	0.0163956	-0.00485991	0.0212555	0.269037
0	2.1556	0	-342.945	0	0.00305158	-0.0021556	0.00520718	0.00305158	12.5664	12.6559	0	50.1825	0.252641	0.0154179	-0.00537077	0.0207887	0.268059
0	13.589	0	509.39	0	-0.00980513	-0.013589	0.00378389	-0.00980513	12.5664	12.6266	0	-9.19373	0.252641	0.0167598	-0.00361479	0.0203746	0.269401
0	15.1818	0	274.759	0	-0.0160715	-0.0151818	-0.00088977	-0.0160715	12.5664	12.4675	0	-96.8215	0.252641	0.0260849	0.0059313	0.0201536	0.278726
0	14.5374	0	-984.592	0	-0.0205833	-0.0145374	-0.00604588	-0.0205833	12.5664	12.3127	0	-29.305	0.252641	0.036181	0.015222	0.020959	0.288822
0	6.63604	0	-668.557	0	-0.0167967	-0.00663604	-0.0101606	-0.0167967	12.5664	12.3632	0	63.59	0.252641	0.0347803	0.012189	0.0225913	0.287421
0	-1.53216	0	-778.69	0	-0.00995877	0.00153216	-0.0114909	-0.00995877	12.5664	12.3441	0	-48.4586	0.252641	0.0371566	0.0133384	0.0238182	0.289798
0	-6.53171	0	-1626.24	0	-0.00351899	0.00653171	-0.0100507	-0.00351899	12.5664	12.3856	0	3.25611	0.252641	0.0359203	0.010848	0.0250722	0.288561
0	-6.0898	0	-524.905	0	-0.00198731	0.0060898	-0.00807711	-0.00198731	12.5664	12.5058	0	65.0265	0.252641	0.029614	0.00363253	0.0259814	0.282255
0	3.10531	0	715.292	0	-0.00989711	-0.00310531	-0.0067918	-0.00989711	12.5664	12.3276	0	-62.8239	0.252641	0.0410335	0.0143281	0.0267055	0.293675
0	1.57833	0	-982.197	0	-0.00929939	-0.00157833	-0.00772107	-0.00929939	12.5664	12.3233	0	43.7181	0.252641	0.0426787	0.0145835	0.0280952	0.29532
0	-2.65721	0	-213.659	0	-0.00517249	0.00265721	-0.00782971	-0.00517249	12.5664	12.3153	0	-47.501	0.252641	0.0444738	0.0150623	0.0294115	0.297115
0	1.02997	0	1079.21	0	-0.00803195	-0.00102997	-0.00700198	-0.00803195	12.5664	12.3414	0	61.6746	0.252641	0.044588	0.0134979	0.0310901	0.297229
0	-2.28824	0	-247.177	0	-0.00487854	0.00228824	-0.00716677	-0.00487854	12.5664	12.4691	0	110.516	0.252641	0.0376005	0.00583551	0.031765	0.288267
0	-13.0471	0	-958.255	0	0.00896497	0.0130471	-0.00408211	0.00896497	12.5664	12.5851	0	66.2236	0.252641	0.0311566	-0.0011245	0.0322811	0.283798
0	-4.34887	0	289.124	0	0.00398323	0.00434887	-0.000365648	0.00398323	12.5664	12.7549	0	83.2225	0.252641	0.0206457	-0.0113091	0.0319548	0.273287
0	-5.19093	0	-572.789	0	0.00586181	0.00519093	0.000670875	0.00586181	12.5664	12.7847	0	30.55	0.252641	0.0177029	-0.013097	0.0307999	0.270344
0	-3.12016	0	-1113.88	0	0.00547785	0.00312016	0.00235769	0.00547785	12.5664	12.9438	0	40.1268	0.252641	0.00651188	-0.0226431	0.029155	0.259153
0	-4.04429	0	-175.351	0	0.00720391	0.00404429	0.00315962	0.00720391	12.5664	13.0757	0	98.5453	0.252641	-0.00383787	-0.0305609	0.0267231	0.248803
0	-11.8692	0	111.953	0	0.0174691	0.0118692	0.00559989	0.0174691	12.5664	13.0672	0	32.9442	0.252641	-0.00634011	-0.0300502	0.0237101	0.246301
0	-13.2306	0	459.112	0	0.0223568	0.0132306	0.00912623	0.0223568	12.5664	12.8959	0	-161.226	0.252641	0.00109017	-0.0197697	0.0208599	0.253731
0	-16.1262	0	-582.366	0	0.0304092	0.0161262	0.014283	0.0304092	12.5664	12.9007	0	56.4074	0.252641	-0.00115176	-0.020057	0.0189053	0.251489
0	1.30857	0	765.57	0	0.0167889	-0.00130857	0.0180975	0.0167889	12.5664	12.8113	0	-6.08127	0.252641	0.00233551	-0.0146934	0.0170289	0.254977
0	9.39812	0	-70.0065	0	0.00786548	-0.00939812	0.0172636	0.00786548	12.5664	12.7596	0	22.8886	0.252641	0.00405884	-0.0115965	0.0156553	0.2567
0	14.1946	0	1091.18	0	0.0015653	-0.0141946	0.0157599	0.0015653	12.5664	12.8256	0	20.2549	0.252641	-0.000479956	-0.0155554	0.0150755	0.254927
0	10.9815	0	-668.557	0	-0.00366327	-0.0109815	0.00731826	-0.00366327	12.5664	12.4931	0	-34.0934	0.252641	0.0179791	0.00439882	0.0135802	0.27062
0	-0.0661756	0	-26.9108	0	0.00506409	6.61756e-05	0.00499791	0.00506409	12.5664	12.3462	0	-70.0065	0.252641	0.0275692	0.0132107	0.0143586	0.28021
0	-8.37641	0	-2052.41	0	0.014414	0.00837641	0.0060376	0.014414	12.5664	12.3701	0	-39.3607	0.252641	0.0273162	0.0117739	0.0155423	0.279957
0	-6.78079	0	-376.464	0	0.0157496	0.00678079	0.00896883	0.0157496	12.5664	12.4404	0	97.1088	0.252641	0.0241995	0.00755957	0.0166399	0.276841
0	1.78686	0	-110.708	0	0.0087886	-0.00178686	0.0105755	0.0087886	12.5664	12.4053	0	70.0543	0.252641	0.0271041	0.00966671	0.0174374	0.279745
0	9.89892	0	1213.29	0	-0.000503852	-0.00989892	0.00939507	-0.000503852	12.5664	12.2132	0	-85.3293	0.252641	0.0398325	0.0211922	0.0186403	0.292474
0	11.5131	0	-560.818	0	-0.00589984	-0.0115131	0.00561328	-0.00589984	12.5664	12.2376	0	21.6915	0.252641	0.0404274	0.0197237	0.0207037	0.293069
0	14.6337	0	1141.46	0	-0.0129631	-0.0146337	0.00167059	-0.0129631	12.5664	12.1983	0	46.8306	0.252641	0.0449187	0.0220862	0.0228325	0.29756
0	8.99339	0	-249.572	0	-0.0117255	-0.00899339	-0.00273206	-0.0117255	12.5664	12.2371	0	-5.60243	0.252641	0.0447504	0.0197556	0.0249948	0.297392
0	-6.53381	0	-1238.38	0	0.00190165	0.00653381	-0.00463217	0.00190165	12.5664	12.3409	0	-15.8975	0.252641	0.0401969	0.0135298	0.0266671	0.292838
0	-9.38392	0	-718.835	0	0.00711113	0.00938392	-0.00227278	0.00711113	12.5664	12.4345	0	105.01	0.252641	0.0360074	0.00791079	0.0280967	0.288649
0	-6.05761	0	-168.169	0	0.00632662	0.00605761	0.000269009	0.00632662	12.5664	12.426	0	8.76278	0.252641	0.0373605	0.00842165	0.0289388	0.290002
0	-0.835597	0	-1238.38	0	0.00281078	0.000835597	0.00197518	0.00281078	12.5664	12.4361	0	-62.345	0.252641	0.0373773	0.007815	0.0295623	0.290018
0	4.97192	0	863.732	0	-0.00308972	-0.00497192	0.0018822	-0.00308972	12.5664	12.4728	0	77.4764	0.252641	0.0358968	0.00561207	0.0302847	0.288538
0	4.18757	0	272.364	0	-0.00345973	-0.00418757	0.000727848	-0.00345973	12.5664	12.5064	0	24.0857	0.252641	0.0344307	0.00360071	0.03083	0.287072
0	4.19724	0	665.013	0	-0.00480573	-0.00419724	-0.000608491	-0.00480573	12.5664	12.4952	0	-25.7137	0.252641	0.0354069	0.00427111	0.0311357	0.288048
0	-3.45415	0	427.987	0	0.00181349	0.00345415	-0.00164066	0.00181349	12.5664	12.5229	0	-109.271	0.252641	0.0342041	0.00261091	0.0315932	0.286845
0	-7.72061	0	-1212.04	0	0.00663261	0.00772061	-0.001088	0.00663261	12.5664	12.5782	0	33.1836	0.252641	0.0310143	-0.000709476	0.0317237	0.278863
0	-11.3967	0	-2.96881	0	0.0152307	0.0113967	0.00383396	0.0152307	12.5664	12.6176	0	-35.0511	0.252641	0.0281685	-0.00307205	0.0312406	0.28081
0	-4.39085	0	-757.142	0	0.0112933	0.00439085	0.00690249	0.0112933	12.5664	12.65	0	-14.2216	0.252641	0.0257685	-0.00501955	0.0307881	0.27841
0	9.26276	0	-232.812	0	-0.00195291	-0.00926276	0.00730986	-0.00195291	12.5664	12.7714	0	93.2781	0.252641	0.0178851	-0.0122989	0.030184	0.270526
0	11.9683	0	770.358	0	-0.0078751	-0.0119683	0.00409322	-0.0078751	12.5664	12.7187	0	-37.2059	0.252641	0.0199038	-0.00913811	0.0290419	0.272545
0	2.93262	0	97.5877	0	-0.00224385	-0.00293262	0.000688764	-0.00224385	12.5664	12.6974	0	-37.4453	0.252641	0.0202607	-0.007861	0.0281217	0.272902
0	-16.7252	0	-1061.21	0	0.018318	0.0167252	0.00159284	0.018318	12.5664	12.6809	0	29.1135	0.252641	0.020509	-0.00687132	0.0273803	0.27315
0	-26.845	0	68.8572	0	0.0349289	0.026845	0.00808381	0.0349289	12.5664	12.7559	0	83.2225	0.252641	0.0154128	-0.011373	0.0267857	0.268054
0	-13.9781	0	-72.4007	0	0.0302895	0.0139781	0.0163114	0.0302895	12.5664	12.9145	0	35.099	0.252641	0.00442929	-0.0208871	0.0253164	0.25707
0	-3.88642	0	-5.36301	0	0.0236717	0.00388642	0.0197852	0.0236717	12.5664	12.9863	0	-20.4465	0.252641	-0.00228569	-0.0251973	0.0229116	0.250355
0	-3.78648	0	727.263	0	0.0246672	0.00378648	0.0208808	0.0246672	12.5664	12.7559	0	-4.16591	0.252641	0.0095122	-0.011373	0.0208852	0.262153
0	-0.614542	0	-611.096	0	0.0221011	0.000614542	0.0214866	0.0221011	12.5664	12.732	0	-24.5166	0.252641	0.0103802	-0.00993627	0.0203165	0.26278
0	3.94005	0	-103.525	0	0.0171623	-0.00394005	0.0211024	0.0171623	12.5664	12.7054	0	-57.5566	0.252641	0.0103839	-0.00834	0.0187239	0.263025
0	3.60931	0	1256.38	0	0.0168627	-0.00360931	0.020472	0.0168627	12.5664	12.6655	0	-44.6279	0.252641	0.0123614	-0.00594549	0.0183069	0.265003
0	3.43605	0	181.385	0	0.0171428	-0.00343605	0.0205789	0.0171428	12.5664	12.5606	0	-49.6557	0.252641	0.0177385	0.000344181	0.0173943	0.27038
0	6.52934	0	1632.27	0	0.0118972	-0.00652934	0.0184266	0.0118972	12.5664	12.4888	0	-82.2169	0.252641	0.0221054	0.00465425	0.0174511	0.274747
0	7.82964	0	-680.528	0	0.00828489	-0.00782964	0.0161145	0.00828489	12.5664	12.3808	0	7.32626	0.252641	0.0291317	0.0111353	0.0179963	0.281773
0	16.3867	0	234.057	0	-0.00353026	-0.0163867	0.0128565	-0.00353026	12.5664	12.4265	0	63.8294	0.252641	0.0275953	0.00838966	0.0192057	0.280236
0	16.1348	0	363.344	0	-0.00840442	-0.0161348	0.00773035	-0.00840442	12.5664	12.4356	0	-41.5155	0.252641	0.0277702	0.00784693	0.0199233	0.280411
0	12.7666	0	-996.562	0	-0.00986607	-0.0127666	0.00290055	-0.00986607	12.5664	12.4234	0	-28.5868	0.252641	0.0291871	0.00858124	0.0206058	0.281828
0	3.91101	0	-1200.07	0	-0.00473459	-0.00391101	-0.000823577	-0.00473459	12.5664	12.2536	0	-3.92649	0.252641	0.0405954	0.0187658	0.0218295	0.293236
0	-8.12249	0	-1097.12	0	0.00690025	0.00812249	-0.00122224	0.00690025	12.5664	12.1328	0	29.3529	0.252641	0.0500386	0.0260133	0.0240254	0.30268
0	-8.26896	0	-728.412	0	0.00834632	0.00826896	7.73582e-05	0.00834632	12.5664	12.1706	0	21.6915	0.252641	0.0490725	0.0237464	0.025326	0.301714
0	-1.18931	0	514.179	0	0.00412593	0.00118931	0.00293663	0.00412593	12.5664	12.1919	0	14.2694	0.252641	0.0512935	0.0224694	0.0288241	0.303935
0	14.6857	0	1335.39	0	-0.0126161	-0.0146857	0.0020696	-0.0126161	12.5664	12.0078	0	-38.1636	0.252641	0.0648776	0.033516	0.0313616	0.317519
0	30.174	0	1895.63	0	-0.0343171	-0.0301741	-0.00414303	-0.0343171	12.5664	11.8598	0	-77.4285	0.252641	0.0773092	0.0423917	0.0349175	0.32995
0	20.1113	0	-1463.43	0	-0.0335452	-0.0201113	-0.013434	-0.0335452	12.5664	12.0796	0	91.8416	0.252641	0.068053	0.029206	0.038847	0.320694
0	13.0395	0	-1432.31	0	-0.032375	-0.0130395	-0.0193356	-0.032375	12.5664	12.2818	0	143.796	0.252641	0.0587519	0.0170737	0.0416782	0.311393
0	5.14826	0	-1403.58	0	-0.027893	-0.00514826	-0.0227447	-0.027893	12.5664	12.4042	0	12.5935	0.252641	0.052816	0.00973057	0.0430855	0.305457
0	-7.13657	0	-4061.14	0	-0.0158664	0.00713657	-0.023003	-0.0158664	12.5664	12.6144	0	84.8984	0.252641	0.0408492	-0.00288048	0.0437297	0.29349
0	-11.1239	0	-1475.4	0	-0.00929561	0.0111239	-0.0204195	-0.00929561	12.5664	12.8538	0	73.4062	0.252641	0.0258813	-0.0172475	0.0431288	0.278522
0	-13.141	0	226.875	0	-0.00351796	0.013141	-0.0166589	-0.00351796	12.5664	12.7825	0	11.8752	0.252641	0.0284794	-0.0129693	0.0414487	0.281121
0	-9.06893	0	-1042.05	0	-0.00373981	0.00906894	-0.0128087	-0.00373981	12.5664	12.8528	0	33.4231	0.252641	0.0228372	-0.0171836	0.0400209	0.275478
0	-14.9832	0	56.8862	0	0.00515378	0.0149832	-0.00982944	0.00515378	12.5664	12.8081	0	-49.1769	0.252641	0.0237751	-0.0145018	0.038277	0.276416
0	-23.5099	0	990.625	0	0.0191033	0.0235099	-0.00440662	0.0191033	12.5664	12.6857	0	50.4219	0.252641	0.0300449	-0.00715862	0.0372035	0.282686
0	-16.5421	0	320.248	0	0.0183725	0.0165421	0.00183044	0.0183725	12.5664	12.7176	0	-33.3752	0.252641	0.0272314	-0.00907425	0.0363057	0.279873
0	-11.0553	0	-551.241	0	0.0179252	0.0110553	0.00686992	0.0179252	12.5664	12.7671	0	-17.0946	0.252641	0.0233404	-0.0120435	0.0353839	0.275982
0	5.88832	0	1706.49	0	0.003117	-0.00588833	0.00900533	0.003117	12.5664	12.9336	0	137.81	0.252641	0.0120328	-0.0220366	0.0340694	0.264674
0	3.58436	0	-1125.85	0	0.00359548	-0.00358436	0.00717984	0.00359548	12.5664	12.9363	0	-13.7427	0.252641	0.00958811	-0.0221962	0.0317843	0.262229
0	0.488879	0	-800.238	0	0.0057004	-0.000488879	0.00618928	0.0057004	12.5664	12.8352	0	-93.2302	0.252641	0.0134218	-0.0161301	0.0295519	0.266063
0	-0.845351	0	171.808	0	0.00695641	0.000845351	0.00611106	0.00695641	12.5664	12.7389	0	-64.021	0.252641	0.0183941	-0.0103514	0.0287454	0.271035
0	1.86348	0	-220.841	0	0.00443822	-0.00186348	0.0063017	0.00443822	12.5664	12.8086	0	39.4086	0.252641	0.0126047	-0.0145337	0.0271385	0.265246
0	3.01978	0	909.222	0	0.00238248	-0.00301978	0.00540226	0.00238248	12.5664	12.8283	0	-11.3485	0.252641	0.00981675	-0.0157151	0.0255318	0.262458
0	-6.38764	0	-1827.35	0	0.0114762	0.00638764	0.00508853	0.0114762	12.5664	12.7868	0	-54.2047	0.252641	0.0107324	-0.0132247	0.0239571	0.263374
0	-5.63758	0	882.886	0	0.0133582	0.00563758	0.00772061	0.0133582	12.5664	12.5404	0	-86.287	0.252641	0.0243772	0.00155737	0.0228198	0.277018
0	8.18583	0	1833.38	0	0.00035427	-0.00818583	0.0085401	0.00035427	12.5664	12.0855	0	-156.437	0.252641	0.0524976	0.0288547	0.0236428	0.305139
0	25.8675	0	-134.65	0	-0.0217833	-0.0258675	0.00408422	-0.0217833	12.5664	12.0498	0	-35.2905	0.252641	0.0576227	0.0309938	0.0266289	0.310264
0	21.9205	0	-319.003	0	-0.025802	-0.0219205	-0.00388151	-0.025802	12.5664	12.218	0	80.8283	0.252641	0.0502629	0.020905	0.0293579	0.302904
0	14.3947	0	-7.75721	0	-0.0246517	-0.0143947	-0.010257	-0.0246517	12.5664	12.0961	0	12.3541	0.252641	0.0599056	0.0282162	0.0316895	0.312547
0	0.692142	0	-1317.39	0	-0.013815	-0.000692143	-0.0131229	-0.013815	12.5664	12.0519	0	-64.9786	0.252641	0.0652813	0.030866	0.0344153	0.317922
0	-3.21822	0	-1420.34	0	-0.00996464	0.00321822	-0.0131829	-0.00996464	12.5664	12.0461	0	-0.0957703	0.252641	0.0687862	0.0312173	0.037569	0.321427
0	-11.1717	0	528.544	0	-0.000603476	0.0111717	-0.0117752	-0.000603476	12.5664	12.0892	0	64.0688	0.252641	0.069373	0.0286312	0.0407418	0.322014
0	-13.1526	0	-527.299	0	0.00582496	0.0131526	-0.00732764	0.00582496	12.5664	12.1685	0	25.5222	0.252641	0.0672699	0.0238741	0.0433958	0.319911
0	-6.27726	0	-1068.39	0	0.00218114	0.00627726	-0.00409611	0.00218114	12.5664	12.3403	0	25.0434	0.252641	0.0590353	0.0135618	0.0454735	0.311676
0	-2.33813	0	-881.641	0	-0.000375538	0.00233813	-0.00271367	-0.000375538	12.5664	12.4234	0	91.6022	0.252641	0.0553518	0.00858124	0.0467706	0.307993
0	-5.31547	0	1562.84	0	0.00376666	0.00531547	-0.00154881	0.00376666	12.5664	12.36	0	-12.0668	0.252641	0.0600715	0.0123805	0.047691	0.312713
0	-8.31069	0	-184.928	0	0.00882309	0.00831069	0.000512392	0.00882309	12.5664	12.4867	0	48.7459	0.252641	0.0534555	0.00478191	0.0486736	0.306097
0	-12.0392	0	-371.676	0	0.0155105	0.0120392	0.00347128	0.0155105	12.5664	12.5995	0	81.3071	0.252641	0.0470025	-0.00198652	0.048989	0.299644
0	-9.79759	0	2024.92	0	0.0176911	0.00979759	0.00789348	0.0176911	12.5664	12.6591	0	98.7848	0.252641	0.0432216	-0.00556234	0.048784	0.295863
0	-0.0241255	0	382.498	0	0.010227	2.41255e-05	0.0102029	0.010227	12.5664	12.8927	0	44.6758	0.252641	0.0282617	-0.0195782	0.0478398	0.280903
0	2.81337	0	23.3674	0	0.00726731	-0.00281337	0.0100807	0.00726731	12.5664	13.1816	0	190.243	0.252641	0.00852866	-0.0369143	0.045443	0.26117
0	9.65932	0	-208.87	0	-0.000997772	-0.00965932	0.00866155	-0.000997772	12.5664	13.2683	0	83.2225	0.252641	-0.000456259	-0.0421184	0.0416622	0.252185
0	9.92387	0	-1197.68	0	-0.00435969	-0.00992387	0.00556418	-0.00435969	12.5664	13.2593	0	-52.5288	0.252641	-0.0041813	-0.0415758	0.0373945	0.24846
0	-0.695761	0	-1101.91	0	0.00386625	0.000695761	0.00317049	0.00386625	12.5664	13.2923	0	28.8741	0.252641	-0.0103949	-0.0435551	0.0331603	0.242246
0	-16.8034	0	-472.232	0	0.0220193	0.0168034	0.00521586	0.0220193	12.5664	13.2838	0	63.1112	0.252641	-0.0141374	-0.0430443	0.0289069	0.238504
0	-22.7476	0	-187.322	0	0.0344515	0.0227476	0.0117039	0.0344515	12.5664	13.2785	0	-43.4308	0.252641	-0.0181657	-0.0427251	0.0245594	0.234475
0	-14.7416	0	1004.99	0	0.0329204	0.0147416	0.0181788	0.0329204	12.5664	13.1215	0	-147.818	0.252641	-0.0129352	-0.0333067	0.0203715	0.239706
0	11.7826	0	1103.15	0	0.00887298	-0.0117826	0.0206556	0.00887298	12.5664	12.9853	0	29.1135	0.252641	-0.00781329	-0.0251335	0.0173202	0.244828
0	21.3556	0	1136.67	0	-0.00538494	-0.0213556	0.0159707	-0.00538494	12.5664	12.7884	0	-97.3004	0.252641	0.00187262	-0.0133205	0.0151931	0.254514
0	20.1641	0	-371.676	0	-0.0117456	-0.0201641	0.00841848	-0.0117456	12.5664	12.7517	0	0.383072	0.252641	0.00276744	-0.0111176	0.013885	0.255409
0	14.5832	0	-412.377	0	-0.0123227	-0.0145832	0.00226052	-0.0123227	12.5664	12.6857	0	-19.01	0.252641	0.00560667	-0.00715862	0.0127653	0.258248
0	-0.589829	0	-1133.03	0	-0.00068467	0.000589829	-0.0012745	-0.00068467	12.5664	12.5287	0	-69.5276	0.252641	0.0146539	0.00225969	0.0123942	0.267295
0	-7.76032	0	-1915.94	0	0.00737743	0.00776032	-0.000382898	0.00737743	12.5664	12.4148	0	-56.3595	0.252641	0.0219725	0.00909205	0.0128804	0.274614
0	-3.30994	0	-907.977	0	0.00517957	0.00330994	0.00186963	0.00517957	12.5664	12.4563	0	39.648	0.252641	0.0202334	0.00660181	0.0136316	0.272875
0	6.92739	0	1261.17	0	-0.00480122	-0.00692739	0.00212618	-0.00480122	12.5664	12.4393	0	13.7906	0.252641	0.0219327	0.00762342	0.0143093	0.274574
0	14.947	0	11.3964	0	-0.0159092	-0.014947	-0.0009622	-0.0159092	12.5664	12.2047	0	-114.06	0.252641	0.0372904	0.0217031	0.0155873	0.289932
0	19.5771	0	413.622	0	-0.0229308	-0.0195771	-0.00335371	-0.0229308	12.5664	12.1743	0	9.95988	0.252641	0.0401954	0.0235229	0.0166724	0.292837
0	7.06584	0	490.237	0	-0.0196762	-0.00706584	-0.0126104	-0.0196762	12.5664	11.97	0	-18.7705	0.252641	0.0570516	0.0357828	0.0212688	0.309693
0	-8.95175	0	-656.586	0	-0.00427354	0.00895176	-0.0132253	-0.00427354	12.5664	11.9636	0	-13.2639	0.252641	0.061136	0.036166	0.02497	0.313777
0	-9.98612	0	-1540.05	0	-0.000351799	0.00998612	-0.0103379	-0.000351799	12.5664	12.0966	0	50.1825	0.252641	0.0565617	0.0281842	0.0283775	0.309203
0	-3.86865	0	-812.209	0	-0.00360363	0.00386865	-0.00747228	-0.00360363	12.5664	12.3345	0	114.826	0.252641	0.0446444	0.013913	0.0307314	0.297286
0	2.95586	0	401.651	0	-0.0101708	-0.00295586	-0.00721494	-0.0101708	12.5664	12.3717	0	20.2549	0.252641	0.0438359	0.0116781	0.0321578	0.296477
0	3.65313	0	-1147.4	0	-0.0120586	-0.00365313	-0.00840543	-0.0120586	12.5664	12.4356	0	8.52336	0.252641	0.0411199	0.00784693	0.0332729	0.293761
0	-5.44584	0	-1726.79	0	-0.00290437	0.00544584	-0.00835021	-0.00290437	12.5664	12.508	0	62.1535	0.252641	0.0373231	0.00350492	0.0338182	0.289964
0	-7.45281	0	99.9819	0	0.000883654	0.00745281	-0.00656915	0.000883654	12.5664	12.6133	0	57.6045	0.252641	0.0312578	-0.00281668	0.0340745	0.283899
0	-11.8403	0	382.498	0	0.00790526	0.0118403	-0.00393501	0.00790526	12.5664	12.5271	0	-49.6557	0.252641	0.0363144	0.00235554	0.0339588	0.288956
0	-12.0382	0	-1336.54	0	0.0113888	0.0120382	-0.000649407	0.0113888	12.5664	12.5548	0	18.8184	0.252641	0.0347843	0.000695286	0.034089	0.287425
0	-3.80304	0	107.164	0	0.00650146	0.00380304	0.00269842	0.00650146	12.5664	12.7118	0	100.94	0.252641	0.0251545	-0.00872309	0.0338776	0.277796
0	3.77338	0	696.138	0	-0.000383303	-0.00377338	0.00339008	-0.000383303	12.5664	12.8006	0	27.1981	0.252641	0.0189169	-0.0140548	0.0329718	0.271558
0	6.98186	0	-184.928	0	-0.00491664	-0.00698186	0.00206522	-0.00491664	12.5664	12.7889	0	-5.36301	0.252641	0.0181867	-0.0133525	0.0315392	0.270828
0	6.97886	0	-1224.01	0	-0.0069781	-0.00697886	7.59836e-07	-0.0069781	12.5664	12.8538	0	37.2538	0.252641	0.0128143	-0.0172475	0.0300618	0.265455
0	10.7932	0	-556.029	0	-0.013442	-0.0107932	-0.00264881	-0.013442	12.5664	13.0411	0	82.5042	0.252641	-0.000402384	-0.0284857	0.0280833	0.252239
0	-3.34107	0	-620.673	0	-0.00173061	0.00334107	-0.00507168	-0.00173061	12.5664	12.94	0	-42.2337	0.252641	0.00295078	-0.0224196	0.0253704	0.255592
0	-17.4813	0	-737.989	0	0.0146121	0.0174813	-0.0028692	0.0146121	12.5664	12.9203	0	6.84741	0.252641	0.00192514	-0.0212384	0.0231635	0.254566
0	-20.3083	0	499.814	0	0.0202361	0.0203083	-7.21937e-05	0.0202361	12.5664	12.9347	0	-14.9398	0.252641	1.19768e-06	-0.0221004	0.0221016	0.250963
0	-3.9812	0	1275.53	0	0.0108994	0.0039812	0.00691821	0.0108994	12.5664	12.9799	0	6.12916	0.252641	-0.0059398	-0.0248142	0.0188744	0.246701
0	0.00633687	0	-1089.94	0	0.00741381	-6.33687e-06	0.00742015	0.00741381	12.5664	13.089	0	31.0289	0.252641	-0.0152982	-0.0313592	0.0160609	0.237343
0	-0.980983	0	-443.502	0	0.00906985	0.000980983	0.00808886	0.00906985	12.5664	13.0369	0	-39.8395	0.252641	-0.0152686	-0.0282303	0.0129617	0.237373
0	-4.76865	0	837.396	0	0.0133068	0.00476865	0.00853815	0.0133068	12.5664	12.7996	0	-78.3862	0.252641	-0.00338941	-0.013991	0.0106016	0.249252
0	-4.76867	0	-287.879	0	0.0153068	0.00476867	0.0105381	0.0153068	12.5664	12.6325	0	-72.6401	0.252641	0.00566912	-0.00396601	0.00963512	0.25831
0	-4.20098	0	-917.554	0	0.0159243	0.00420099	0.0117233	0.0159243	12.5664	12.6575	0	-16.8552	0.252641	0.00357243	-0.00546656	0.00903898	0.256214
0	1.8205	0	631.495	0	0.0107983	-0.0018205	0.0126188	0.0107983	12.5664	12.6639	0	59.9987	0.252641	0.00267615	-0.0058497	0.00852585	0.255317
0	10.3013	0	815.848	0	0.00108421	-0.0103013	0.0113855	0.00108421	12.5664	12.5814	0	-68.0911	0.252641	0.00725534	-0.000901051	0.00815639	0.259896
0	8.62949	0	820.637	0	0.00110784	-0.00862949	0.00973732	0.00110784	12.5664	12.559	0	-67.6123	0.252641	0.00855125	0.000439911	0.00811134	0.271016
0	16.9728	0	-31.6992	0	-0.0129268	-0.0169728	0.00404594	-0.0129268	12.5664	12.235	0	-54.6836	0.252641	0.0292611	0.0198834	0.00937776	0.281902
0	11.6261	0	317.854	0	-0.0127057	-0.0116261	-0.00107955	-0.0127057	12.5664	12.1663	0	-27.3897	0.252641	0.0356473	0.0240019	0.0116455	0.288288
0	-3.09849	0	-309.427	0	-0.000191652	0.00309849	-0.00329014	-0.000191652	12.5664	12.037	0	-93.9485	0.252641	0.0459158	0.03176	0.0141558	0.298557
0	-6.95525	0	-2006.92	0	0.00491421	0.00695525	-0.00204104	0.00491421	12.5664	11.9705	0	-1.77171	0.252641	0.0531481	0.0357509	0.0173972	0.305789
0	-11.461	0	-105.919	0	0.0118964	0.011461	0.000435413	0.0118964	12.5664	12.0269	0	26.4799	0.252641	0.0533039	0.0323667	0.0209372	0.305945
0	2.17463	0	143.077	0	0.0015159	-0.00217463	0.00369053	0.0015159	12.5664	11.9471	0	-25.2349	0.252641	0.0615355	0.0371557	0.0243798	0.314177
0	17.8907	0	-91.5543	0	-0.0165178	-0.0178907	0.00137284	-0.0165178	12.5664	11.9641	0	1.10133	0.252641	0.0640681	0.036134	0.0279341	0.316709
0	20.8993	0	569.245	0	-0.0255496	-0.0208993	-0.00465025	-0.0255496	12.5664	12.0296	0	76.2793	0.252641	0.0637147	0.032207	0.0315076	0.316356
0	18.3264	0	636.283	0	-0.0296376	-0.0183264	-0.0113112	-0.0296376	12.5664	12.0009	0	-41.0366	0.252641	0.0687409	0.0339311	0.0348098	0.321382
0	16.3103	0	-376.464	0	-0.0333574	-0.0163103	-0.0170471	-0.0333574	12.5664	12.1419	0	93.7569	0.252641	0.0635281	0.0254705	0.0380576	0.316169
0	5.61922	0	-2095.5	0	-0.0275673	-0.00561922	-0.0219481	-0.0275673	12.5664	12.3089	0	12.3541	0.252641	0.0557053	0.0154455	0.0402598	0.308346
0	-3.25916	0	-1247.95	0	-0.0192568	0.00325916	-0.0225159	-0.0192568	12.5664	12.484	0	117.22	0.252641	0.0465926	0.0049415	0.0416511	0.299234
0	-7.2864	0	-1731.58	0	-0.0137371	0.0072864	-0.0210235	-0.0137371	12.5664	12.6059	0	83.2225	0.252641	0.0396639	-0.00236967	0.0420335	0.292305
0	-4.67927	0	-1891.99	0	-0.0138285	0.00467927	-0.0185078	-0.0138285	12.5664	12.6458	0	-24.2772	0.252641	0.0367787	-0.00476412	0.0415428	0.28942
0	-8.40144	0	-1499.34	0	-0.00884898	0.00840145	-0.0172504	-0.00884898	12.5664	12.7639	0	154.809	0.252641	0.0291171	-0.0118519	0.040969	0.281758
0	-21.3265	0	576.428	0	0.00779043	0.0213265	-0.013536	0.00779043	12.5664	12.8341	0	-30.7416	0.252641	0.0236378	-0.0160662	0.039704	0.276279
0	-20.7084	0	-845.728	0	0.0135361	0.0207084	-0.00717231	0.0135361	12.5664	12.8198	0	-7.27837	0.252641	0.0228053	-0.0152042	0.0380096	0.275446
0	-20.6019	0	9.0022	0	0.0167429	0.0206019	-0.00385897	0.0167429	12.5664	12.7783	0	-37.2059	0.252641	0.0245355	-0.0127139	0.0372493	0.277177
0	-15.769	0	1491.01	0	0.0220961	0.015769	0.00632704	0.0220961	12.5664	12.7447	0	43.4787	0.252641	0.0251538	-0.0107025	0.0358563	0.277795
0	-1.37064	0	320.248	0	0.012017	0.00137064	0.0106464	0.012017	12.5664	12.8597	0	17.8607	0.252641	0.0171443	-0.0175987	0.0347429	0.269785
0	11.0126	0	-445.896	0	-0.0011349	-0.0110126	0.00987768	-0.0011349	12.5664	12.9257	0	9.24162	0.252641	0.011087	-0.0215576	0.0326446	0.263728
0	18.6238	0	846.973	0	-0.0130566	-0.0186238	0.00556717	-0.0130566	12.5664	12.9432	0	39.4086	0.252641	0.00792399	-0.0226112	0.0305352	0.260565
0	5.03375	0	-1164.16	0	-0.0042591	-0.00503375	0.000774652	-0.0042591	12.5664	12.8618	0	-78.3862	0.252641	0.0106881	-0.0177264	0.0284145	0.263329
0	-4.29879	0	-2227.18	0	0.00476732	0.00429879	0.000468535	0.00476732	12.5664	12.7799	0	-3.68707	0.252641	0.0138578	-0.0128097	0.0266674	0.266499
0	-12.8736	0	-1027.69	0	0.0150982	0.0128736	0.0022246	0.0150982	12.5664	12.7942	0	24.3251	0.252641	0.0117131	-0.0136717	0.0253849	0.264354
0	-9.89592	0	413.622	0	0.0165212	0.00989592	0.00662526	0.0165212	12.5664	12.8592	0	40.6057	0.252641	0.00651475	-0.0175668	0.0240815	0.259156
0	-6.50858	0	-421.954	0	0.0158136	0.00650858	0.00930498	0.0158136	12.5664	12.7479	0	-73.5978	0.252641	0.0113063	-0.010894	0.0222003	0.263947
0	14.1849	0	521.361	0	-0.00455106	-0.0141849	0.00963388	-0.00455106	12.5664	12.4473	0	-81.7381	0.252641	0.028605	0.00714449	0.0214605	0.281246
0	24.6077	0	1277.93	0	-0.0203049	-0.0246077	0.00430276	-0.0203049	12.5664	12.3116	0	-66.4152	0.252641	0.0378919	0.0152859	0.022606	0.290533
0	29.582	0	360.95	0	-0.0333826	-0.029582	-0.00380055	-0.0333826	12.5664	12.1802	0	-65.6969	0.252641	0.0475457	0.0231717	0.024374	0.300187
0	19.4727	0	-1032.48	0	-0.0325499	-0.0194727	-0.0130772	-0.0325499	12.5664	12.2004	0	36.2961	0.252641	0.0485715	0.0219585	0.026613	0.301213
0	7.70883	0	-749.96	0	-0.0258709	-0.00770883	-0.0181621	-0.0258709	12.5664	12.1892	0	-70.9641	0.252641	0.0514331	0.022629	0.0288041	0.304074
0	-5.78177	0	-304.638	0	-0.0136965	0.00578177	-0.0194783	-0.0136965	12.5664	12.1552	0	0.383073	0.252641	0.055934	0.0246723	0.0312617	0.308575
0	-8.2504	0	-1101.91	0	-0.00878048	0.0082504	-0.0170309	-0.00878048	12.5664	12.2025	0	9.24162	0.252641	0.0554688	0.0218308	0.033638	0.30811
0	-0.475727	0	-2435.48	0	-0.0146846	0.000475727	-0.0151604	-0.0146846	12.5664	12.2414	0	52.0978	0.252641	0.0550291	0.0195002	0.0355289	0.30767
0	3.30788	0	28.1558	0	-0.0187243	-0.00330788	-0.0154164	-0.0187243	12.5664	12.2967	0	31.7471	0.252641	0.0538088	0.0161798	0.037629	0.30645
0	-3.84406	0	-855.305	0	-0.0116226	0.00384406	-0.0154667	-0.0116226	12.5664	12.3579	0	56.4074	0.252641	0.0515588	0.0125082	0.0390506	0.3042
0	-6.26358	0	-1149.79	0	-0.00829558	0.00626358	-0.0145592	-0.00829558	12.5664	12.4563	0	-0.335187	0.252641	0.0467548	0.00660181	0.040153	0.299396
0	-11.4326	0	-316.609	0	1.85221e-05	0.0114326	-0.0114141	1.85221e-05	12.5664	12.4925	0	6.84742	0.252641	0.045303	0.00443081	0.0408722	0.297944
0	-9.11978	0	854.155	0	0.00104465	0.00911978	-0.00807513	0.00104465	12.5664	12.5468	0	55.4497	0.252641	0.0425613	0.00117416	0.0413871	0.295202
0	-10.6183	0	-508.145	0	0.00559338	0.0106183	-0.00502489	0.00559338	12.5664	12.6064	0	41.3239	0.252641	0.0389194	-0.0024016	0.041321	0.291561
0	5.56972	0	-120.285	0	-0.00871236	-0.00556972	-0.00314263	-0.00871236	12.5664	12.7889	0	82.0254	0.252641	0.0273851	-0.0133525	0.0407376	0.280026
0	9.71398	0	636.283	0	-0.0153093	-0.00971398	-0.00559536	-0.0153093	12.5664	12.8799	0	69.0967	0.252641	0.0206287	-0.018812	0.0394407	0.27327
0	6.23025	0	-568	0	-0.0145748	-0.00623025	-0.00834458	-0.0145748	12.5664	12.972	0	-13.0245	0.252641	0.0130471	-0.0243352	0.0373823	0.265688
0	-3.14525	0	-2605.47	0	-0.00680144	0.00314525	-0.00994669	-0.00680144	12.5664	12.9895	0	28.3952	0.252641	0.00944984	-0.0253888	0.0348386	0.262091
0	-16.9935	0	-915.16	0	0.00951525	0.0169935	-0.00747826	0.00951525	12.5664	13.006	0	-3.20823	0.252641	0.00599618	-0.0263786	0.0323748	0.258637
0	-28.6341	0	-637.432	0	0.0276113	0.0286341	-0.00102278	0.0276113	12.5664	13.0347	0	49.9431	0.252641	0.00172686	-0.0281026	0.0298295	0.254368
0	-27.2591	0	-1271.9	0	0.0364296	0.0272591	0.00917046	0.0364296	12.5664	13.0927	0	38.6903	0.252641	-0.00483954	-0.0315826	0.0267431	0.247802
0	-4.25006	0	791.906	0	0.0197769	0.00425006	0.0155268	0.0197769	12.5664	13.0257	0	-30.7416	0.252641	-0.00387293	-0.0275599	0.023687	0.248768
0	4.96482	0	1692.13	0	0.0107803	-0.00496482	0.0157451	0.0107803	12.5664	12.9517	0	-2.01113	0.252641	-0.00198834	-0.023122	0.0211337	0.250653
0	14.7306	0	1313.84	0	-0.00150528	-0.0147306	0.0132253	-0.00150528	12.5664	12.8075	0	-68.0911	0.252641	0.00449692	-0.0144699	0.0189668	0.257138
0	9.3929	0	-702.076	0	-0.000763913	-0.0093929	0.00862899	-0.000763913	12.5664	12.7937	0	-43.1914	0.252641	0.00385762	-0.0136398	0.0174974	0.256499
0	-1.51069	0	-125.073	0	0.00805977	0.00151069	0.00654908	0.00805977	12.5664	12.7437	0	-3.68707	0.252641	0.00558898	-0.0106387	0.0162276	0.25823
0	-3.77436	0	-529.693	0	0.0107135	0.00377436	0.00693913	0.0107135	12.5664	12.5936	0	-77.1891	0.252641	0.0137551	-0.0016353	0.0153904	0.266396
0	-6.47372	0	-1159.37	0	0.0148437	0.00647372	0.00836994	0.0148437	12.5664	12.4808	0	-41.9943	0.252641	0.0204383	0.00513313	0.0153051	0.273079
0	3.65645	0	-17.334	0	0.00609155	-0.00365645	0.009748	0.00609155	12.5664	12.352	0	-31.2204	0.252641	0.0288886	0.0128594	0.0160292	0.28153
0	7.0309	0	1323.42	0	0.0011096	-0.0070309	0.0081405	0.0011096	12.5664	12.211	0	-33.1357	0.252641	0.0389512	0.0213201	0.0176312	0.291592
0	8.9995	0	-17.334	0	-0.00316931	-0.0089995	0.00583019	-0.00316931	12.5664	12.1057	0	-43.1914	0.252641	0.0474717	0.0276415	0.0198302	0.300113
0	7.00355	0	597.976	0	-0.00261328	-0.00700355	0.0032697	-0.00280347	12.5664	12.0982	0	-33.3752	0.252641	0.0506589	0.0280885	0.0225704	0.3033
0	1.67803	0	217.298	0	0.000317912	-0.00167803	0.00199594	0.000317912	12.5664	12.0147	0	7.08684	0.252641	0.0587388	0.0331009	0.0256379	0.31138
0	8.33351	0	914.01	0	-0.00725578	-0.00833351	0.00107774	-0.00725578	12.5664	11.9684	0	-19.4888	0.252641	0.0648761	0.0358786	0.0289975	0.317517
0	0.853047	0	-979.803	0	-0.00142708	-0.000853047	-0.000574033	-0.00142708	12.5664	12.0456	0	35.8173	0.252641	0.0636477	0.0312492	0.0323986	0.316289
0	3.54694	0	554.88	0	-0.00425746	-0.00354694	-0.000710521	-0.00425746	12.5664	12.0918	0	46.1123	0.252641	0.0624326	0.0284716	0.033961	0.315074
0	12.1135	0	49.7036	0	-0.0163675	-0.0121135	-0.00425392	-0.0163675	12.5664	12.2009	0	40.1268	0.252641	0.0595709	0.0219266	0.0376443	0.312212
0	9.36311	0	-591.942	0	-0.0171156	-0.00936311	-0.00775244	-0.0171156	12.5664	12.3212	0	33.9019	0.252641	0.054304	0.0147112	0.0395927	0.306945
0	-0.163083	0	-1633.42	0	-0.0101526	0.000163083	-0.0103157	-0.0101526	12.5664	12.5069	0	35.099	0.252641	0.0443101	0.00356873	0.0407414	0.296951
0	-6.67684	0	418.411	0	-0.00296048	0.00667684	-0.00963732	-0.00296048	12.5664	12.5835	0	79.3917	0.252641	0.0399945	-0.00102871	0.0410232	0.292636
0	-14.7796	0	-824.18	0	0.00800444	0.0147796	-0.00677513	0.00800444	12.5664	12.559	0	10.1993	0.252641	0.0413475	0.000439911	0.0409076	0.293989
0	-14.9992	0	-912.766	0	0.0130281	0.0149992	-0.00197104	0.0130281	12.5664	12.6665	0	9.48104	0.252641	0.0347588	-0.00600924	0.040768	0.2874
0	-1.47306	0	-556.029	0	0.00355906	0.00147306	0.002086	0.00355906	12.5664	12.733	0	75.3216	0.252641	0.0301765	-0.0100001	0.0401767	0.282818
0	8.8939	0	954.712	0	-0.00702776	-0.0088939	0.00186614	-0.00702776	12.5664	12.7618	0	8.04452	0.252641	0.027462	-0.0117242	0.0391862	0.280103
0	12.1049	0	-776.296	0	-0.013284	-0.0121049	-0.00117908	-0.013284	12.5664	12.8953	0	55.2103	0.252641	0.0179903	-0.0197378	0.0377281	0.270631
0	6.45578	0	-1295.84	0	-0.0111151	-0.00645578	-0.00465934	-0.0111151	12.5664	12.9895	0	36.2961	0.252641	0.0101484	-0.0253888	0.0355372	0.26279
0	-5.85619	0	-113.102	0	4.50532e-05	0.00585619	-0.00581114	4.50532e-05	12.5664	12.8996	0	-9.19374	0.252641	0.013227	-0.0199932	0.0332202	0.265868
0	-11.0208	0	-845.728	0	0.00756405	0.0110208	-0.00345671	0.00756405	12.5664	12.8171	0	-34.5723	0.252641	0.0163647	-0.0150446	0.0314092	0.269006
0	-9.76193	0	-1473.01	0	0.00975183	0.00976193	-1.00985e-05	0.00975183	12.5664	12.9858	0	31.9865	0.252641	0.0043866	-0.0251654	0.029552	0.257028
0	1.36451	0	427.988	0	0.00182625	-0.00136451	0.00319076	0.00182625	12.5664	12.9289	0	14.2694	0.252641	0.00533732	-0.0217492	0.0270865	0.257978
0	8.80327	0	717.686	0	-0.00718509	-0.00880327	0.00161818	-0.00718509	12.5664	12.6325	0	-123.397	0.252641	0.0213703	-0.00396595	0.0253362	0.274011
0	8.61316	0	-436.319	0	-0.00957471	-0.00861316	-0.000961548	-0.00957471	12.5664	12.5239	0	-54.923	0.252641	0.0276272	0.00254705	0.0250801	0.280268
0	-2.70481	0	-934.313	0	-0.000332791	0.00270481	-0.0030376	-0.000332791	12.5664	12.6197	0	26.9587	0.252641	0.0220792	-0.00319971	0.025279	0.27472
0	-12.5434	0	-1614.27	0	0.00993853	0.0125434	-0.00260483	0.00993853	12.5664	12.591	0	1.10133	0.252641	0.0236433	-0.00147566	0.025119	0.276284
0	-13.0347	0	-838.545	0	0.0176187	0.0130347	0.00458406	0.0176187	12.5664	12.7985	0	121.769	0.252641	0.0105378	-0.0139272	0.024465	0.263179
0	-6.67083	0	-388.435	0	0.0149663	0.00667083	0.00829547	0.0149663	12.5664	12.7772	0	-45.825	0.252641	0.0102722	-0.01265	0.0229222	0.262913
0	4.62155	0	1076.82	0	0.00480814	-0.00462155	0.00942969	0.00480814	12.5664	12.508	0	-94.6667	0.252641	0.0256379	0.00350492	0.0221329	0.278279
0	7.38249	0	-134.65	0	0.000304537	-0.00738249	0.00768703	0.000304537	12.5664	12.326	0	-52.5288	0.252641	0.0372377	0.0144238	0.0228139	0.289879
0	16.1706	0	-2.96881	0	-0.011928	-0.0161706	0.00424256	-0.011928	12.5664	12.3701	0	28.1558	0.252641	0.0359487	0.0117739	0.0241748	0.28859
0	14.328	0	-357.311	0	-0.0155009	-0.014328	-0.00117291	-0.0155009	12.5664	12.4856	0	20.0155	0.252641	0.0300767	0.00484583	0.0252309	0.282718
0	3.72029	0	-998.957	0	-0.00846713	-0.00372029	-0.00474685	-0.00846713	12.5664	12.3925	0	49.2248	0.252641	0.0362905	0.0104329	0.0258576	0.288932
0	-3.30569	0	-769.113	0	-0.00186358	0.00330569	-0.00516928	-0.00186358	12.5664	12.1765	0	-70.0065	0.252641	0.0505882	0.0233952	0.027193	0.303229
0	-5.36308	0	-134.65	0	0.000722714	0.00536308	-0.00464037	0.000722714	12.5664	12.1477	0	-22.8407	0.252641	0.053482	0.0251193	0.0283628	0.306123
0	-10.3049	0	681.773	0	0.0103614	0.0103049	5.65341e-05	0.0103614	12.5664	12.1461	0	39.648	0.252641	0.0574207	0.0252151	0.0322057	0.310062
0	5.03396	0	277.153	0	-0.00290598	-0.00503396	0.00212798	-0.00290598	12.5664	12.1514	0	16.4242	0.252641	0.0595304	0.0248958	0.0346346	0.312172
0	9.53046	0	-534.482	0	-0.00950791	-0.00953046	2.25511e-05	-0.00950791	12.5664	12.1616	0	-23.5589	0.252641	0.0613192	0.0242892	0.03703	0.31396
0	12.6267	0	509.39	0	-0.0161276	-0.0126267	-0.00350091	-0.0161276	12.5664	12.2084	0	34.3807	0.252641	0.0610327	0.0214796	0.0395531	0.313674
0	10.007	0	1323.42	0	-0.0172063	-0.010007	-0.0071993	-0.0172063	12.5664	12.1951	0	-3.92649	0.252641	0.0640667	0.0222778	0.0417889	0.316708
0	5.10727	0	-831.363	0	-0.0151917	-0.00510727	-0.0100844	-0.0151917	12.5664	12.2291	0	35.8173	0.252641	0.0640212	0.0202345	0.0437868	0.316662
0	3.85462	0	-970.226	0	-0.015324	-0.00385462	-0.0114694	-0.015324	12.5664	12.3387	0	102.855	0.252641	0.0594646	0.0136576	0.045807	0.312106
0	1.40902	0	52.0978	0	-0.0134603	-0.00140902	-0.0120512	-0.0134603	12.5664	12.4936	0	56.6468	0.252641	0.0513354	0.00436689	0.0469685	0.303977
0	3.88117	0	-1961.43	0	-0.0168081	-0.00388117	-0.012927	-0.0168081	12.5664	12.5111	0	-5.36301	0.252641	0.0505365	0.00331329	0.0472232	0.303178
0	6.54611	0	-905.583	0	-0.0200941	-0.00654611	-0.013548	-0.0200941	12.5664	12.5053	0	-66.894	0.252641	0.0510534	0.00366457	0.0473888	0.301292
0	-3.67744	0	-558.424	0	-0.0115694	0.00367744	-0.0152468	-0.0115694	12.559	12.7485	-14.9401	100.94	0.231467	0.0361232	-0.01137	0.0474933	0.26759
0	-19.3609	0	-1537.65	0	0.00611116	0.0193609	-0.0132497	0.00611116	12.4989	12.8129	-45.1008	-24.756	0.187814	0.0270626	-0.0188358	0.0458984	0.214877
0	-26.3324	0	-556.029	0	0.0200106	0.0263324	-0.00632179	0.0200106	12.3786	12.7708	-75.2615	30.3106	0.142948	0.02011	-0.0235357	0.0436457	0.163058
0	-25.2354	0	167.02	0	0.0273095	0.0252354	0.00207405	0.0273095	12.1979	12.7352	-105.422	57.6045	0.0968699	0.00851195	-0.0322381	0.0407501	0.105382
0	-22.829	0	183.779	0	0.0330635	0.022829	0.0102345	0.0330635	11.9569	12.5085	-135.583	-163.38	0.0495787	0.00450573	-0.0330983	0.037604	0.0540844
0	-9.39345	0	-48.4586	0	0.0260336	0.00939345	0.0166402	0.0260336	11.6629	12.1913	-150.796	-153.564	0.022259	0.00240304	-0.031706	0.034109	0.0246621
0	-1.73276	0	-299.85	0	0.0204018	0.00173276	0.0186691	0.0204018	11.3613	11.8971	-150.796	-52.2894	0.0161954	-0.00161993	-0.0321468	0.0305269	0.0145755
0	3.46154	0	-62.8239	0	0.0156575	-0.00346154	0.019119	0.0156575	11.0597	11.4847	-150.796	-194.266	0.0101317	0.00157622	-0.0255	0.0270762	0.0117079
0	0.787666	0	-510.54	0	0.016996	-0.000787666	0.0177836	0.016996	10.7581	10.9893	-150.796	-271.598	0.00406804	0.0103936	-0.0138727	0.0242663	0.0144617
0	1.0262	0	-661.374	0	0.0166346	-0.0010262	0.0176608	0.0166346	10.4565	10.5892	-150.796	-122.918	-0.00199563	0.0145919	-0.00796017	0.0225521	0.0125963
0	1.62677	0	-393.224	0	0.0158699	-0.00162677	0.0174966	0.0158699	10.1549	10.347	-150.796	-251.248	-0.00502747	0.0196723	-0.00248177	0.0221541	0.0122422
0	13.2477	0	356.161	0	0.00226995	-0.0132477	0.0155177	0.00226995	9.85327	9.72873	-150.796	-239.995	-0.014123	0.029511	0.00747253	0.0220385	0.0153881
0	10.5815	0	-905.583	0	0.000577442	-0.0105815	0.0111589	0.000577442	9.55167	9.18012	-150.796	-262.74	-0.0201867	0.0448951	0.0222926	0.0226025	0.0247084
0	10.7482	0	815.848	0	-0.00307606	-0.0107482	0.00767213	-0.00307606	9.25006	8.63843	-150.796	-186.844	-0.0262503	0.0614722	0.0366977	0.0247746	0.0352219
0	9.24145	0	1230.05	0	-0.00514592	-0.00924145	0.00409553	-0.00514592	8.94845	8.00362	-150.796	-279.02	-0.032314	0.0852733	0.0566898	0.0285835	0.0529593
0	4.77731	0	-24.5166	0	-0.00312206	-0.00477731	0.00165525	-0.00312206	8.64685	7.521	-150.796	-274.711	-0.0383777	0.102055	0.067551	0.0345041	0.0636775
0	0.406381	0	152.654	0	1.28901e-05	-0.000406381	0.000419271	1.28901e-05	8.34524	7.07189	-150.796	-126.749	-0.0444413	0.11737	0.0764008	0.0409689	0.0729284
0	-1.14846	0	-22.1224	0	0.00160054	0.00114846	0.00045208	0.00160054	8.04363	6.61428	-150.796	-168.169	-0.050505	0.134281	0.0857613	0.0485199	0.0837763
0	-0.390348	0	176.596	0	0.0012195	0.000390348	0.000829151	0.0012195	7.74203	6.13112	-150.796	-263.697	-0.0565687	0.153545	0.0966545	0.0568904	0.0969762
0	0.164905	0	-450.685	0	0.000742296	-0.000164905	0.000907201	0.000742296	7.44042	5.67297	-150.796	-204.8	-0.0626323	0.172301	0.106047	0.0662545	0.109669
0	3.53955	0	878.098	0	-0.00302798	-0.00353955	0.000511569	-0.00302798	7.13881	5.35796	-150.796	-189.238	-0.068696	0.183479	0.106851	0.076628	0.114783
0	3.38538	0	-177.746	0	-0.00344014	-0.00338538	-5.47592e-05	-0.00344014	6.8372	5.01049	-150.796	-238.798	-0.0717278	0.200622	0.118651	0.0819706	0.135868
0	5.39247	0	145.472	0	-0.00751635	-0.00539247	-0.00212388	-0.00751635	6.5356	4.28948	-150.796	-294.104	-0.0808234	0.235148	0.134767	0.100381	0.154325
0	8.39154	0	260.393	0	-0.0126364	-0.00839154	-0.00424489	-0.0126364	6.23399	3.8558	-150.796	-127.946	-0.086887	0.256284	0.142691	0.113593	0.169397
0	12.7828	0	523.756	0	-0.0200931	-0.0127828	-0.00731031	-0.0200931	5.93238	3.48812	-150.796	-146.621	-0.0929507	0.274352	0.146656	0.127696	0.181402
0	-0.0678587	0	959.5	0	-0.0109003	6.78587e-05	-0.0109682	-0.0109003	5.63078	3.37637	-150.796	-106.877	-0.0990144	0.277001	0.135264	0.141736	0.177986
0	-9.17932	0	-1710.03	0	-0.00097264	0.00917932	-0.010152	-0.00097264	5.32917	3.13745	-150.796	-74.0766	-0.105078	0.286408	0.131503	0.154905	0.18133
0	-9.77325	0	-714.047	0	0.00287555	0.00977325	-0.0068977	0.00287555	5.02756	2.97676	-150.796	-10.8697	-0.111142	0.291026	0.123048	0.167978	0.179884
0	-4.64882	0	-58.0354	0	0.000542662	0.00464882	-0.00410616	0.000542662	4.72596	2.92035	-150.796	-60.1902	-0.117205	0.287914	0.108336	0.179577	0.170708
0	-0.0087705	0	523.756	0	-0.00298104	8.7705e-06	-0.00298981	-0.00298104	4.42435	2.79105	-150.796	-140.875	-0.123269	0.28748	0.097998	0.189482	0.164211
0	3.02236	0	427.988	0	-0.00630019	-0.00302236	-0.00327783	-0.00630019	4.12274	2.54095	-150.796	-32.6569	-0.129333	0.293672	0.0949072	0.198765	0.16434
0	3.67062	0	835.002	0	-0.00789757	-0.00367062	-0.00422695	-0.00789757	3.82113	2.28607	-150.796	-83.414	-0.135396	0.299965	0.0921037	0.207862	0.164569
0	3.858	0	-65.2181	0	-0.00867225	-0.003858	-0.00481425	-0.00867225	3.51953	2.17486	-150.796	-38.403	-0.138428	0.302195	0.0897282	0.212467	0.164123
0	3.9408	0	-568	0	-0.0107786	-0.0039408	-0.00683782	-0.0107786	3.21792	1.85772	-150.796	-83.414	-0.147524	0.307153	0.0816119	0.225541	0.159629
0	4.29953	0	461.506	0	-0.012407	-0.00429953	-0.00810747	-0.012407	2.91631	1.58581	-150.796	-51.3317	-0.153587	0.313121	0.0798301	0.233291	0.159533
0	4.05263	0	329.825	0	-0.0134755	-0.00405263	-0.00942286	-0.0134755	2.61471	1.28517	-150.796	-156.916	-0.159651	0.320652	0.0797722	0.24088	0.161001
0	3.84772	0	-575.183	0	-0.0145861	-0.00384772	-0.0107384	-0.0145861	2.3131	1.01379	-150.796	-185.646	-0.165715	0.326204	0.0779585	0.248246	0.16049
0	3.41415	0	-247.177	0	-0.0153326	-0.00341415	-0.0119185	-0.0153326	2.01149	0.770616	-150.796	-49.4163	-0.171778	0.330257	0.0744526	0.255805	0.158479
0	4.35366	0	348.979	0	-0.0172612	-0.00435366	-0.0129076	-0.0172612	1.70989	0.500835	-150.796	-84.1322	-0.177842	0.335414	0.072543	0.26287	0.157571
0	2.74444	0	-84.3716	0	-0.0169272	-0.00274444	-0.0141828	-0.0169272	1.40828	0.227861	-150.796	-183.492	-0.183906	0.340407	0.070825	0.269582	0.156502
0	2.96633	0	-790.661	0	-0.0181836	-0.00296633	-0.0152173	-0.0181836	1.10667	-0.019039	-150.796	-93.2302	-0.189969	0.343609	0.0675426	0.276067	0.15364
0	2.67365	0	-481.809	0	-0.018788	-0.00267365	-0.0161143	-0.018788	0.805065	-0.155792	-150.796	12.3541	-0.196033	0.339923	0.0576514	0.282272	0.14389
0	0.951674	0	-484.203	0	-0.0176514	-0.000951674	-0.0166997	-0.0176514	0.524268	-0.298398	-125.744	-97.0609	-0.166422	0.336796	0.04936	0.287436	0.170374
0	0.424844	0	-644.615	0	-0.0172768	-0.000424844	-0.016852	-0.0172768	0.302931	-0.293609	-95.5833	31.5077	-0.147575	0.331884	0.0419801	0.289904	0.184308
0	-0.555546	0	-529.693	0	-0.0163299	0.000555546	-0.0168855	-0.0163299	0.141917	-0.166966	-65.4226	124.882	-0.0892173	0.31364	0.018533	0.295107	0.224423
0	-0.10414	0	219.692	0	-0.0165338	0.00010414	-0.0166379	-0.0165338	0.0412279	-0.00946096	-35.2619	87.2926	-0.0487959	0.299556	0.00304133	0.296515	0.25076
0	-0.436007	0	291.518	0	-0.0161477	0.000436007	-0.0165837	-0.0161477	0.000862839	0.138466	-5.10124	7.8051	-0.00716171	0.28816	-0.00825621	0.296417	0.280999
0	0.446025	0	-575.183	0	-0.017065	-0.000446025	-0.0166189	-0.017065	0	0.350247	0	105.01	0	0.274203	-0.0210148	0.295218	0.274203
0	-0.203551	0	202.933	0	-0.0164727	0.000203551	-0.0166763	-0.0164727	0	0.533294	0	133.501	0	0.260998	-0.0319976	0.292995	0.260998
0	0.267964	0	423.199	0	-0.016779	-0.000267964	-0.0165111	-0.016779	0	0.572138	0	-8.71489	0	0.255413	-0.0343283	0.289741	0.255413
0	-0.83543	0	-721.229	0	-0.0157371	0.00083543	-0.0165725	-0.0157371	0	0.612047	0	-44.1491	0	0.24938	-0.0367228	0.286102	0.24938
0	-1.12318	0	-453.079	0	-0.0152096	0.00112318	-0.0163327	-0.0152096	0	0.610982	0	49.7036	0	0.245781	-0.0366589	0.28244	0.245781
0	-0.19774	0	401.651	0	-0.0157874	0.00019774	-0.0159851	-0.0157874	0	0.516266	0	-9.91199	0	0.248052	-0.030976	0.279028	0.248052
0	-1.26855	0	-175.351	0	-0.0146267	0.00126855	-0.0158953	-0.0146267	0	0.469972	0	-77.6679	0	0.247732	-0.0281983	0.27593	0.247732
0	-2.1702	0	-716.441	0	-0.0132759	0.0021702	-0.0154461	-0.0132759	0	0.480615	0	13.7906	0	0.244182	-0.0288369	0.273019	0.244182
0	-1.41489	0	90.4051	0	-0.013327	0.00141489	-0.0147419	-0.013327	0	0.464651	0	51.3796	0	0.242405	-0.0278791	0.270284	0.242405
0	-0.966002	0	229.269	0	-0.0131834	0.000966002	-0.0141494	-0.0131834	0	0.432193	0	-39.6001	0	0.241628	-0.0259316	0.26756	0.241628
0	-2.18568	0	-407.589	0	-0.0115933	0.00218568	-0.0137789	-0.0115933	0	0.420486	0	-72.1612	0	0.239618	-0.0252292	0.264847	0.239618
0	-1.44927	0	-86.7659	0	-0.0117872	0.00144927	-0.0132365	-0.0117872	0	0.447624	0	72.4485	0	0.235483	-0.0268574	0.26234	0.235483
0	-1.49022	0	241.24	0	-0.0112807	0.00149022	-0.012771	-0.0112807	0	0.457734	0	27.677	0	0.232248	-0.027464	0.259712	0.232248
0	-1.82654	0	35.3384	0	-0.0103924	0.00182654	-0.012219	-0.0103924	0	0.413569	0	-86.287	0	0.232107	-0.0248141	0.256921	0.232107
0	-1.52331	0	-340.551	0	-0.0102359	0.00152331	-0.0117592	-0.0102359	0	0.417293	0	18.3396	0	0.229339	-0.0250376	0.254377	0.229339
0	-0.532524	0	327.431	0	-0.0107962	0.000532524	-0.0113287	-0.0107962	0	0.432192	0	63.1112	0	0.226034	-0.0259315	0.251966	0.226034
0	-1.23974	0	372.921	0	-0.00976143	0.00123974	-0.0110012	-0.00976143	0	0.357165	0	-58.7537	0	0.228023	-0.0214299	0.249453	0.228023
0	-1.27045	0	-668.557	0	-0.0094094	0.00127045	-0.0106798	-0.0094094	0	0.367275	0	-33.6146	0	0.225182	-0.0220365	0.247219	0.225182
0	-1.15591	0	-117.89	0	-0.00911329	0.00115591	-0.0102692	-0.00911329	0	0.37366	0	64.0688	0	0.222683	-0.0224196	0.245103	0.222683
0	-1.52189	0	485.448	0	-0.00832399	0.00152189	-0.00984589	-0.00832399	0	0.332687	0	4.2138	0	0.223045	-0.0199612	0.243006	0.223045
0	-1.65001	0	90.4051	0	-0.00772914	0.00165001	-0.00937914	-0.00772914	0	0.309807	0	-65.9363	0	0.222356	-0.0185884	0.240944	0.222356
0	-1.92168	0	-486.598	0	-0.00706644	0.00192168	-0.00898812	-0.00706644	0	0.340669	0	21.452	0	0.218561	-0.0204401	0.239001	0.218561
0	-0.712745	0	416.017	0	-0.00778957	0.000712745	-0.00850232	-0.00778957	0	0.309807	0	44.197	0	0.218541	-0.0185884	0.237129	0.218541
0	-1.19492	0	-491.386	0	-0.00719336	0.00119492	-0.00838828	-0.00719336	0	0.29544	0	-18.2917	0	0.218473	-0.0177264	0.2362	0.218864
0	-1.28434	0	-467.444	0	-0.00678474	0.00128434	-0.00806908	-0.00678474	0	0.292779	0	-57.5566	0	0.215941	-0.0175667	0.233507	0.215941
0	-0.150873	0	202.933	0	-0.00764765	0.000150873	-0.00779852	-0.00764765	0	0.28054	0	54.0132	0	0.215025	-0.0168324	0.231858	0.215025
0	0.519715	0	447.141	0	-0.00821054	-0.000519715	-0.00769083	-0.00821054	0	0.252871	0	15.706	0	0.215117	-0.0151722	0.230289	0.215117
0	0.195673	0	32.9442	0	-0.00796462	-0.000195673	-0.00776895	-0.00796462	0	0.242228	0	-76.4708	0	0.214147	-0.0145337	0.228681	0.214147
0	0.108442	0	-338.157	0	-0.0079245	-0.000108442	-0.00781605	-0.0079245	0	0.269898	0	30.0712	0	0.210973	-0.0161939	0.227167	0.210973
0	0.328518	0	190.962	0	-0.00820186	-0.000328518	-0.00787334	-0.00820186	0	0.258724	0	58.5622	0	0.210155	-0.0155234	0.225679	0.210155
0	-0.102784	0	277.153	0	-0.00783823	0.000102784	-0.00794101	-0.00783823	0	0.189549	0	-62.1056	0	0.212811	-0.0113729	0.224184	0.212811
0	-0.325051	0	-381.253	0	-0.00769331	0.000325051	-0.00801836	-0.00769331	0	0.173054	0	-65.2181	0	0.212596	-0.0103832	0.222979	0.212596
0	0.472981	0	-26.9108	0	-0.00860598	-0.000472981	-0.008133	-0.00860598	0	0.217751	0	75.0822	0	0.208903	-0.0130651	0.221968	0.208903
0	1.23682	0	576.428	0	-0.00961631	-0.00123682	-0.00837949	-0.00961631	0	0.179439	0	2.29843	0	0.210012	-0.0107663	0.220778	0.210012
0	1.11481	0	-0.574615	0	-0.00990976	-0.00111481	-0.00879495	-0.00990976	0	0.176778	0	-62.1056	0	0.209037	-0.0106067	0.219644	0.209037
0	-0.0442697	0	-802.632	0	-0.00915057	4.42697e-05	-0.00919484	-0.00915057	0	0.205513	0	30.0712	0	0.206208	-0.0123308	0.218539	0.206208
0	-0.0496346	0	-170.563	0	-0.00907344	4.96346e-05	-0.00912308	-0.00907344	0	0.137934	0	24.3251	0	0.20921	-0.00827605	0.217486	0.20921
0	-1.36011	0	253.211	0	-0.00754683	0.00136011	-0.00890694	-0.00754683	0	0.0288511	0	-71.2036	0	0.21506	-0.00173107	0.216791	0.21506
0	-1.27064	0	-781.084	0	-0.00733403	0.00127064	-0.00860467	-0.00733403	0	0.0384292	0	-50.6134	0	0.214218	-0.00230575	0.216524	0.214218
0	-0.947078	0	-58.0355	0	-0.00728147	0.000947078	-0.00822855	-0.00728147	0	0.0394934	0	53.7738	0	0.214018	-0.0023696	0.216387	0.214018
0	-0.330156	0	475.872	0	-0.0074774	0.000330156	-0.00780756	-0.0074774	0	0.0224658	0	16.6636	0	0.214885	-0.00134795	0.216233	0.214885
0	-0.636107	0	-390.829	0	-0.00711862	0.000636107	-0.00775473	-0.00711862	0	0.0719523	0	65.5054	0	0.211849	-0.00431714	0.216166	0.211849
0	-1.6926	0	-479.415	0	-0.00571375	0.0016926	-0.00740635	-0.00571375	0	0.0762092	0	29.8318	0	0.211069	-0.00457255	0.215641	0.211069
0	0.102049	0	880.492	0	-0.00707778	-0.000102049	-0.00697573	-0.00707778	0	0.0607779	0	-5.60243	0	0.211664	-0.00364667	0.21531	0.211664
0	-1.24417	0	329.825	0	-0.00549073	0.00124417	-0.0067349	-0.00549073	0	0.0400255	0	-51.0923	0	0.212501	-0.00240153	0.214902	0.212501
0	-0.962374	0	-663.768	0	-0.00551545	0.000962374	-0.00647783	-0.00551545	0	0.0485393	0	-27.3897	0	0.211667	-0.00291236	0.214579	0.211667
0	0.666807	0	830.213	0	-0.00683691	-0.000666807	-0.0061701	-0.00683691	0	0.0751449	0	-13.5033	0	0.209856	-0.0045087	0.214365	0.209856
0	-1.04888	0	229.269	0	-0.00508954	0.00104888	-0.00613842	-0.00508954	0	0.0416218	0	10.6781	0	0.211464	-0.00249731	0.213962	0.211464
0	-1.676	0	-651.797	0	-0.00416422	0.001676	-0.00584022	-0.00416422	0	0.0144841	0	5.88973	0	0.212787	-0.000869046	0.213656	0.212787
0	-0.0867642	0	171.808	0	-0.00547999	8.67642e-05	-0.00556675	-0.00547999	0	0.0597137	0	-17.5734	0	0.209958	-0.00358282	0.21354	0.209958
