0	-0.947786	0	-880.109	0	0.000568671	0.000568671	0	0.000568671	0	-0.000585324	0	-0.433353	0	2.3413e-05	2.3413e-05	0	2.3413e-05
1	0.305914	1000	565.989	0.0301667	0.000460461	0.000416451	4.40097e-05	0.0306271	0	0.0664609	0	21.5933	0	-0.00267089	-0.00265843	-1.24514e-05	-0.00267089
4	-0.0364552	2000	144.61	0.0606667	0.00260672	0.00242187	0.000184846	0.0632734	0	-0.0208056	0	-25.5725	0	0.000523173	0.000832224	-0.000309051	0.000523173
9	0.199275	3000	-497.036	0.0915	0.0058718	0.00528044	0.000591366	0.0973718	0	-0.0293194	0	-3.78523	0	0.000969403	0.00117278	-0.000203373	0.000969403
16	0.978052	4000	767.102	0.122667	0.0104149	0.00901317	0.00140169	0.133082	0	-0.0112276	0	16.8049	0	0.000456765	0.000449103	7.6624e-06	0.000456765
25	1.80082	5000	-219.309	0.154167	0.016704	0.0139195	0.00278447	0.170871	0	-0.046347	0	-21.0235	0	0.0019321	0.00185388	7.82205e-05	0.0019321
36	32.4277	6000	1566.77	0.186	0.00651914	0.00214341	0.00437573	0.192519	0	0.0515617	0	75.9417	0	-0.00176683	-0.00206247	0.000295642	-0.00176683
48	58.9025	6000	3965.76	0.188	-0.00222605	-0.00654148	0.00431543	0.185774	0	0.0930665	0	-11.2073	0	-0.00393433	-0.00372266	-0.000211674	-0.00393433
60	82.9243	6000	2466.99	0.19	-0.0104332	-0.0137546	0.00332137	0.179567	0	-0.0995583	0	-21.5023	0	0.00342297	0.00398233	-0.000559357	0.00342297
72	101.728	6000	5775.77	0.192	-0.0165395	-0.0178368	0.00129737	0.175461	0	0.0462406	0	10.58	0	-0.0020862	-0.00184962	-0.000236577	-0.0020862
84	102.713	6000	3817.32	0.194	-0.0120872	-0.0112278	-0.000859347	0.181913	0	-0.131485	0	-65.0768	0	0.00505507	0.0052594	-0.000204331	0.00505507
96	109.337	6000	2289.81	0.196	-0.0102869	-0.00800215	-0.0022848	0.185713	0	-0.116586	0	3.87621	0	0.00522247	0.00466343	0.000559037	0.00522247
108	116.847	6000	4023.22	0.198	-0.00853202	-0.00530835	-0.00322367	0.189468	0	-0.102751	0	14.1713	0	0.00538136	0.00411004	0.00127132	0.00538136
120	120.426	6000	3376.78	0.2	-0.00406744	-0.000255689	-0.00381175	0.195933	0	-0.176182	0	-45.2049	0	0.00903729	0.0070473	0.00198999	0.00903729
132	127.303	6000	3434.24	0.202	-0.000980642	0.00281846	-0.0037991	0.201019	0	-0.22088	0	-6.65828	0	0.0119014	0.0088352	0.00306625	0.0119014
144	135.516	6000	5612.97	0.204	0.00176594	0.00509048	-0.00332454	0.205766	0	-0.267706	0	5.31274	0	0.0153105	0.0107082	0.00460224	0.0153105
156	146.765	6000	4789.36	0.206	0.00289945	0.00554115	-0.0026417	0.208899	0	-0.313468	0	-56.6971	0	0.0187408	0.0125387	0.00620209	0.0187408
168	159.209	6000	4420.65	0.208	0.00332632	0.00527456	-0.00194824	0.211326	0	-0.300697	0	13.453	0	0.0200661	0.0120279	0.0080382	0.0200661
174	165.609	6000	3807.74	0.209	0.00343802	0.00503463	-0.00159661	0.212438	0	-0.340073	0	-48.078	0	0.0225432	0.0136029	0.00894029	0.0225432
186	179.371	6000	3702.39	0.211	0.00294306	0.00397758	-0.00103452	0.213943	0	-0.249614	0	35.4797	0	0.0207833	0.00998456	0.0107987	0.0207833
198	190.944	6000	5148.49	0.213	0.00368319	0.00423386	-0.000550668	0.216683	0	-0.168733	0	47.4507	0	0.0190873	0.00674932	0.0123379	0.0190873
210	195.143	6000	3348.05	0.215	0.00915101	0.00891443	0.000236584	0.224151	0	-0.127228	0	19.1991	0	0.0182543	0.00508912	0.0131652	0.0182543
222	208.456	6000	3898.72	0.217	0.00955109	0.00812657	0.00142452	0.226551	0	0.0111212	0	32.6066	0	0.0134549	-0.000444846	0.0138998	0.0134549
234	224.558	6000	5258.62	0.219	0.00825385	0.00566537	0.00258847	0.227254	0	0.0824242	0	22.3115	0	0.0102839	-0.00329697	0.0135808	0.0102839
246	246.971	6000	4181.23	0.221	0.00254904	-0.000582596	0.00313163	0.223549	0	-0.0218698	0	16.0866	0	0.0140026	0.000874793	0.0131278	0.0140026
258	257.031	6000	4530.79	0.223	0.00356186	0.000581415	0.00298044	0.226562	0	-0.0144203	0	29.0153	0	0.0141104	0.00057681	0.0135336	0.0141104
270	256.435	6000	5268.2	0.225	0.0115411	0.008139	0.0034021	0.236541	0	0.178205	0	43.8594	0	0.00616947	-0.00712818	0.0132977	0.00616947
282	263.969	6000	2423.89	0.227	0.0152639	0.0108185	0.00444544	0.242264	0	0.113287	0	-49.9933	0	0.00766822	-0.00453147	0.0121997	0.00766822
294	285.406	6000	5210.74	0.229	0.0110032	0.00515621	0.00584696	0.240003	0	0.168626	0	26.8605	0	0.0048228	-0.00674506	0.0115679	0.0048228
306	312.125	6000	5033.57	0.231	0.00224892	-0.00367509	0.00592402	0.233249	0	0.0419837	0	-3.06697	0	0.00904597	-0.00167935	0.0107253	0.00904597
318	317.585	6000	2514.87	0.233	0.00582561	0.000248547	0.00557707	0.238826	0	-0.0325121	0	-75.3719	0	0.0117388	0.00130048	0.0104383	0.0117388
330	337.149	6000	4209.96	0.235	0.00130006	-0.00428936	0.00558942	0.2363	0	-0.110201	0	25.6635	0	0.0152808	0.00440802	0.0108728	0.0152808
342	351.365	6000	4640.92	0.237	-0.000565318	-0.00561896	0.00505364	0.236435	0	-0.0399617	0	23.0298	0	0.0128867	0.00159847	0.0112882	0.0128867
354	384.431	6000	2883.58	0.239	-0.0143704	-0.018259	0.00388859	0.22463	0	0.0473048	0	-85.9063	0	0.00929095	-0.00189219	0.0111831	0.00929095
366	389.491	6000	6599.38	0.241	-0.0126016	-0.0140946	0.00149294	0.228398	0	-0.178311	0	29.973	0	0.0184723	0.00713244	0.0113399	0.0184723
378	383.84	6000	5708.73	0.243	-0.00335277	-0.00350413	0.000151359	0.239647	0	-0.1251	0	33.8037	0	0.017318	0.00500399	0.012314	0.017318
390	390.108	6000	3644.93	0.245	-0.000435053	-6.51306e-05	-0.000369922	0.244565	0	0.155856	0	12.0165	0	0.00608008	-0.00623423	0.0123143	0.00608008
402	403.85	6000	5589.02	0.247	-0.00170661	-0.00110995	-0.000596657	0.245293	0	-0.00909913	0	-29.882	0	0.0126594	0.000363965	0.0122955	0.0126594
414	421.798	6000	3185.25	0.249	-0.00556759	-0.0046791	-0.000888495	0.243432	0	-0.0282552	0	-20.5446	0	0.0131131	0.00113021	0.0119829	0.0131131
426	442.702	6000	6173.21	0.251	-0.0118165	-0.010021	-0.00179551	0.239183	0	0.0675251	0	143.458	0	0.0094706	-0.002701	0.0121716	0.0094706
438	465.1	6000	5593.81	0.253	-0.0196525	-0.0162601	-0.00339236	0.233348	0	0.138828	0	18.002	0	0.006092	-0.00555313	0.0116451	0.006092
450	452.527	6000	4487.69	0.255	-0.00663318	-0.00151604	-0.00511714	0.248367	0	-0.055925	0	-106.736	0	0.0134419	0.002237	0.0112049	0.0134419
462	443.986	6000	5766.2	0.257	0.00617156	0.0108086	-0.00463705	0.263172	0	0.0270845	0	26.1423	0	0.0104379	-0.00108338	0.0115213	0.0104379
474	458.673	6000	3802.95	0.259	0.00593922	0.00919607	-0.00325685	0.264939	0	0.111158	0	-3.06698	0	0.00664423	-0.00444633	0.0110906	0.00664423
492	467.647	6000	5948.15	0.262	0.0133772	0.0146117	-0.00123452	0.275377	0	-0.453945	0	-1.39104	0	0.0293239	0.0181578	0.0111661	0.0293239
504	486.873	6000	4075.89	0.264	0.0110577	0.0102765	0.000781264	0.275058	0	-0.13787	0	5.31273	0	0.0188107	0.00551481	0.0132959	0.0188107
516	516.54	6000	4028.01	0.266	0.00120254	-0.00032406	0.0015266	0.267203	0	-0.153834	0	-1.86987	0	0.0203691	0.00615335	0.0142157	0.0203691
528	516.884	6000	4684.02	0.268	0.00877931	0.00666987	0.00210943	0.276779	0	-0.334752	0	-137.382	0	0.028516	0.0133901	0.0151259	0.028516
540	533.766	6000	5871.54	0.27	0.00653644	0.00374055	0.00279589	0.276536	0	-0.088916	0	104.912	0	0.0206528	0.00355664	0.0170961	0.0206528
552	543.937	6000	6096.6	0.272	0.00841926	0.00483787	0.00358139	0.280419	0	-0.651891	0	-68.4287	0	0.0437723	0.0260756	0.0176967	0.0437723
564	573.555	6000	6321.65	0.274	-0.00164204	-0.00573307	0.00409103	0.272358	0	4.3223	0	13.6924	0	-0.159572	-0.172892	0.0133198	-0.159572
576	583.806	6000	3879.56	0.276	-0.00178029	-0.00468329	0.002903	0.27422	0	1.95227	0	40.7469	0	-0.0961162	-0.0780907	-0.0180255	-0.0961162
588	624.673	6000	7557.06	0.278	-0.0201604	-0.022004	0.00184352	0.25784	0	-0.772149	0	115.446	0	0.00958825	0.0308859	-0.0212977	0.00958825
600	611.518	6000	2692.04	0.28	-0.00752199	-0.00691084	-0.000611152	0.272478	0	-0.804075	0	-216.63	0	0.0136018	0.032163	-0.0185613	0.0136018
612	599.189	6000	5311.3	0.282	0.00674153	0.00768669	-0.000945168	0.288742	0	-1.3894	0	61.8159	0	0.0496548	0.055576	-0.00592113	0.0496548
624	598.264	6000	5182.01	0.284	0.016079	0.0154415	0.000637529	0.300079	0	-0.161283	0	-157.493	0	0.00495237	0.00645133	-0.00149896	0.00495237
636	606.377	6000	3462.97	0.286	0.0200294	0.0177739	0.00225547	0.306029	0	-0.665726	0	49.1266	0	0.0271482	0.026629	0.000519132	0.0271482
648	637.357	6000	2945.83	0.288	0.01093	0.00638577	0.00454422	0.29893	0	-0.513542	0	-34.431	0	0.0246848	0.0205417	0.00414314	0.0246848
660	671.969	6000	3788.58	0.29	-0.0019694	-0.00718143	0.00521203	0.288031	0	-0.663598	0	77.3782	0	0.0343941	0.0265439	0.00785015	0.0343941
672	697.78	6000	2577.12	0.292	-0.0116881	-0.0154678	0.00377974	0.280312	0	-0.439046	0	17.0443	0	0.028704	0.0175618	0.0111421	0.028704
684	672.646	6000	9209.06	0.294	0.00870376	0.00681259	0.00189117	0.302704	0	-0.905177	0	-189.336	0	0.0507784	0.0362071	0.0145714	0.0507784
696	684.989	6000	12010.3	0.296	0.00982354	0.00660659	0.00321695	0.305824	0	-0.738093	0	89.5886	0	0.0497816	0.0295237	0.0202579	0.0497816
708	694.566	6000	-8.61913	0.298	0.0118993	0.00806085	0.00383849	0.309899	0	-0.522056	0	-16.7139	0	0.0448184	0.0208822	0.0239361	0.0448184
720	742.712	6000	3850.83	0.3	-0.00923879	-0.0136269	0.00438807	0.290761	0	-6.3274	0	-117.749	0	0.279635	0.253096	0.0265385	0.279635
732	782.335	6000	2304.18	0.302	-0.0278719	-0.0302006	0.00232868	0.274128	0	-6.86377	0	-5.94001	0	0.329386	0.274551	0.0548355	0.329386
744	805.47	6000	2548.39	0.304	-0.0391367	-0.0368819	-0.00225483	0.264863	0	-3.51359	0	59.9005	0	0.22239	0.140544	0.0818458	0.22239
756.001	861.738	6000	5474.1	0.306	-0.071458	-0.0634427	-0.00801524	0.234542	0	3.8998	0	52.2391	0	-0.0685714	-0.155992	0.0874206	-0.0685714
768.001	804.786	6000	7595.37	0.308	-0.037289	-0.0220715	-0.0152175	0.270711	0	0.47938	0	202.834	0	0.0510755	-0.0191752	0.0702507	0.0510755
780.001	788.525	6000	1710.42	0.31	-0.0233783	-0.00511494	-0.0182634	0.286622	0	2.18001	0	-167.309	0	-0.0317507	-0.0872005	0.0554498	-0.0317507
792.001	792.285	6000	2826.12	0.312	-0.0193039	-0.000170435	-0.0191335	0.292696	0	-1.18081	0	171.231	0	0.0973029	0.0472324	0.0500704	0.0973029
804.001	787.507	6000	8778.1	0.314	-0.0088409	0.00989605	-0.0187369	0.305159	0	-0.357101	0	51.2814	0	0.070207	0.014284	0.0559229	0.070207
816.001	821.292	6000	6110.96	0.316	-0.0213875	-0.00317454	-0.018213	0.294613	0	-0.391156	0	-53.5846	0	0.0738522	0.0156462	0.058206	0.0738522
828.001	820.743	6000	6795.7	0.318	-0.0146308	0.00435443	-0.0189853	0.303369	0	-0.0197414	0	105.39	0	0.0606689	0.000789655	0.0598793	0.0606689
840.001	827.323	6000	3065.54	0.32	-0.0104673	0.00760657	-0.0180739	0.309533	0	0.279306	0	81.9272	0	0.0487712	-0.0111722	0.0599435	0.0487712
852.001	846.028	6000	4051.95	0.322	-0.0137791	0.00358337	-0.0173624	0.308221	0	-0.0080349	0	-9.77074	0	0.0584134	0.000321396	0.058092	0.0584134
864.001	877.525	6000	4746.27	0.324	-0.0249987	-0.00811454	-0.0168841	0.299001	0	0.0707178	0	12.4953	0	0.0549284	-0.00282871	0.0577571	0.0549284
876.001	880.83	6000	4387.14	0.326	-0.0210367	-0.00289742	-0.0181393	0.304963	0	-2.76119	0	13.2136	0	0.176171	0.110447	0.0657232	0.176171
888.001	894.302	6000	4329.67	0.328	-0.0221676	-0.00378047	-0.0183871	0.305833	0	0.639014	0	20.6356	0	0.0506285	-0.0255606	0.0761891	0.0506285
900.001	881.659	6000	3371.99	0.33	-0.00728365	0.0110051	-0.0182888	0.322716	0	0.60283	0	-4.74292	0	0.0474053	-0.0241132	0.0715185	0.0474053
912.001	900.213	6000	4798.94	0.332	-0.0102569	0.00707296	-0.0173299	0.321743	0	0.235673	0	71.6321	0	0.0587013	-0.00942691	0.0681282	0.0587013
924.001	957.074	6000	3079.9	0.334	-0.0370835	-0.0198441	-0.0172394	0.296917	0	0.441068	0	120.953	0	0.0492598	-0.0176427	0.0669025	0.0492598
936.001	980.201	6000	2514.87	0.336	-0.0469506	-0.0265202	-0.0204304	0.28905	0	0.720959	0	-131.636	0	0.0330807	-0.0288384	0.0619191	0.0330807
948.001	976.93	6000	3041.59	0.338	-0.0413721	-0.0173573	-0.0240148	0.296628	0	-0.430532	0	-387.815	0	0.0766887	0.0172213	0.0594674	0.0766887
960.001	963.677	6000	15520.2	0.34	-0.0281322	-0.00220569	-0.0259265	0.311868	0	0.548555	0	350.317	0	0.0380268	-0.0219422	0.059969	0.0380268
972.001	988.715	6000	7456.5	0.342	-0.0359883	-0.0100283	-0.02596	0.306012	0	-0.619964	0	165.485	0	0.0889152	0.0247986	0.0641166	0.0889152
984.001	976.151	6000	2663.31	0.344	-0.0221712	0.00471017	-0.0268814	0.321829	0	0.954025	0	-97.8774	0	0.0256239	-0.038161	0.0637849	0.0256239
996.001	972.301	6000	5062.3	0.346	-0.0113026	0.0142198	-0.0255224	0.334698	0	3.61565	0	225.1	0	-0.0857831	-0.144626	0.0588429	-0.0857831
1008	998.246	6000	3702.39	0.348	-0.0180616	0.00585315	-0.0239148	0.329939	0	1.18496	0	-26.5302	0	-0.00813587	-0.0473985	0.0392626	-0.00813587
1020	991.385	6000	4655.29	0.35	-0.00574692	0.0171698	-0.0229168	0.344253	0	0.661363	0	-69.8652	0	0.00734574	-0.0264545	0.0338002	0.00734574
1032	1009.38	6000	6154.06	0.352	-0.00733413	0.01357	-0.0209041	0.344666	0	5.17368	0	164.288	0	-0.194857	-0.206947	0.0120904	-0.194857
1044	992.633	6000	5952.94	0.354	0.0120064	0.030821	-0.0188146	0.366007	0	-0.111265	0	-178.562	0	-0.00377053	0.00445059	-0.00822112	-0.00377053
1056	984.509	6000	8395.03	0.356	0.0285156	0.0428954	-0.0143798	0.384516	0	0.710317	0	150.401	0	-0.0365537	-0.0284127	-0.00814098	-0.0365537
1068	1017.97	6000	2170.1	0.358	0.0211096	0.0300183	-0.00890873	0.37911	0	0.644335	0	-88.7794	0	-0.0382912	-0.0257734	-0.0125178	-0.0382912
1080	1076.3	6000	2409.52	0.36	-0.00352633	0.00221997	-0.0057463	0.356474	0	5.00979	0	-70.1046	0	-0.212676	-0.200391	-0.0122844	-0.212676
1092	1124.17	6000	3381.57	0.362	-0.0255577	-0.0193013	-0.00625637	0.336443	0	0.888043	0	87.1944	0	-0.0783789	-0.0355217	-0.0428572	-0.0783789
1104	1084.31	6000	5579.45	0.364	0.0036334	0.0118157	-0.00818225	0.367634	0	-3.57957	0	-556.846	0	0.102347	0.143183	-0.0408359	0.102347
1116	1062.19	6000	13925.6	0.366	0.0266958	0.032286	-0.00559015	0.392696	0	9.94886	0	214.327	0	-0.444862	-0.397954	-0.0469081	-0.444862
1128	1068.66	6000	9663.96	0.368	0.0346946	0.0356064	-0.00091175	0.402695	0	0.235673	0	396.765	0	-0.0993112	-0.00942691	-0.0898843	-0.0993112
1140	1094.78	6000	1959.41	0.37	0.0299948	0.0271312	0.00286364	0.399995	0	-1.03608	0	-159.408	0	-0.0440159	0.0414431	-0.085459	-0.0440159
1152	1126.9	6000	3884.35	0.372	0.0209115	0.0150624	0.00584906	0.392912	0	-6.61474	0	-294.202	0	0.196646	0.26459	-0.0679436	0.196646
1164	1159.6	5999.89	4913.86	0.373997	0.00988285	0.00264111	0.00724174	0.38388	0	-5.02373	0	-35.3887	0	0.168904	0.200949	-0.0320449	0.168904
1175	1191.42	4999.88	2443.04	0.34583	-0.00203506	-0.00985042	0.00781536	0.343795	0	2.33645	0	-35.1493	0	-0.109747	-0.0934581	-0.0162887	-0.109747
1184	1233.63	3999.88	3146.94	0.31733	-0.023426	-0.0297779	0.00635189	0.293904	0	3.43154	0	88.631	0	-0.172166	-0.137262	-0.0349049	-0.172166
1191	1217.1	2999.88	6690.36	0.288496	-0.0135432	-0.015659	0.00211586	0.274953	0	7.61182	0	-371.056	0	-0.36746	-0.304473	-0.0629873	-0.36746
1196	1194.46	1999.88	6039.13	0.25933	0.00158953	0.000922705	0.00066682	0.260919	0	0.435747	0	-95.2438	0	-0.111079	-0.0174299	-0.0936495	-0.111079
1199	1156.61	999.875	3496.49	0.22983	0.0276937	0.0254364	0.00225733	0.257523	0	0.326132	0	151.598	0	-0.112872	-0.0130453	-0.099827	-0.112872
1200	1111.18	0	3276.23	0.2	0.0600577	0.0532936	0.00676409	0.260058	0	0.815675	0	-111.764	0	-0.134931	-0.032627	-0.102304	-0.134931
1200	1098.38	0	2553.18	0.2	0.0740387	0.0609733	0.0130654	0.274039	0	0.398499	0	-338.255	0	-0.126401	-0.01594	-0.110461	-0.126401
1200	1071.23	0	2730.35	0.2	0.0991977	0.0772607	0.021937	0.299198	0	6.87005	0	-73.6959	0	-0.388714	-0.274802	-0.113912	-0.388714
1200	1066.65	0	2668.1	0.2	0.112002	0.0800089	0.031993	0.312002	0	-1.60757	0	73.7869	0	-0.0815232	0.0643026	-0.145826	-0.0815232
1200	1088.65	0	3496.49	0.2	0.108929	0.0668092	0.0421203	0.308929	0	-1.13399	0	-231.474	0	-0.0948565	0.0453594	-0.140216	-0.0948565
1200	1080.79	0	4851.61	0.2	0.122618	0.0715288	0.0510893	0.322618	0	-2.20353	0	-140.255	0	-0.0415098	0.0881413	-0.129651	-0.0415098
1200	1098.21	0	3079.9	0.2	0.121257	0.0610763	0.0601812	0.321257	0	0.08136	0	-255.176	0	-0.120419	-0.0032544	-0.117164	-0.120419
1200	1134.51	0	4779.78	0.2	0.107683	0.0392968	0.0683858	0.307683	0	-4.64167	0	-209.208	0	0.0827615	0.185667	-0.102905	0.0827615
1200	1133.29	0	3850.83	0.2	0.113771	0.0400269	0.0737443	0.313771	0	3.98707	0	157.345	0	-0.246578	-0.159483	-0.0870949	-0.246578
1200	1111.52	0	4181.23	0.2	0.13231	0.053089	0.079221	0.33231	0	-1.08077	0	-143.846	0	-0.0532086	0.043231	-0.0964395	-0.0532086
1200	1116.23	0	843.717	0.2	0.136365	0.0502603	0.0861043	0.336365	0	0.110094	0	-243.205	0	-0.0934807	-0.00440376	-0.0890769	-0.0934807
1200	1132.61	0	3099.05	0.2	0.133008	0.0404347	0.092573	0.333008	0	-3.28585	0	243.536	0	0.0486022	0.131434	-0.0828317	0.0486022
1200	1204.79	0	326.569	0.2	0.0938585	-0.00287432	0.0967328	0.293859	0	4.3372	0	-96.2014	0	-0.248344	-0.173488	-0.0748561	-0.248344
1200	1242.92	0	1748.72	0.2	0.0696116	-0.0257524	0.095364	0.269612	0	-0.611451	0	59.4217	0	-0.0676446	0.024458	-0.0921026	-0.0676446
1200	1301.75	0	690.488	0.2	0.0303604	-0.0610521	0.0914125	0.23036	0	-4.64699	0	-186.463	0	0.105766	0.18588	-0.0801138	0.105766
1200	1226.9	0	5033.57	0.2	0.0677862	-0.0161421	0.0839284	0.267786	0	4.35103	0	-43.7684	0	-0.236819	-0.174041	-0.0627772	-0.236819
1200	1191.32	0	8869.08	0.2	0.0884691	0.00520972	0.0832594	0.288469	0	-1.38727	0	70.1956	0	-0.0225407	0.0554908	-0.0780315	-0.0225407
1200	1144.03	0	5948.15	0.2	0.118788	0.0335808	0.0852069	0.318788	0	-3.91161	0	-85.6669	0	0.0902686	0.156465	-0.066196	0.0902686
1200	1147.78	0	254.743	0.2	0.12187	0.0313294	0.090541	0.32187	0	-5.17166	0	-95.2437	0	0.166736	0.206866	-0.0401306	0.166736
1200	1183.22	0	-267.193	0.2	0.103605	0.0100669	0.0935379	0.303605	0	4.5543	0	-111.285	0	-0.203095	-0.182172	-0.0209232	-0.203095
1200	1220.94	0	1509.3	0.2	0.0813969	-0.0125624	0.0939594	0.281397	0	-0.803011	0	82.1666	0	-0.00580661	0.0321204	-0.0379271	-0.00580661
1200	1238.85	0	4277	0.2	0.068481	-0.0233113	0.0917923	0.268481	0	-2.16841	0	-70.344	0	0.0422584	0.0867365	-0.0444781	0.0422584
1200	1240.04	0	4315.31	0.2	0.064605	-0.0240267	0.0886316	0.264605	0	-2.03432	0	-275.048	0	0.0601377	0.0813728	-0.0212351	0.0601377
1200	1214.88	0	11301.6	0.2	0.0759536	-0.00892771	0.0848813	0.275954	0	-4.88219	0	180.329	0	0.188717	0.195287	-0.00657083	0.188717
1200	1216.18	0	1849.28	0.2	0.0742209	-0.00970935	0.0839303	0.274221	0	-2.0556	0	266.041	0	0.0961315	0.0822242	0.0139073	0.0961315
1200	1247.21	0	3386.36	0.2	0.0540123	-0.0283244	0.0823367	0.254012	0	-1.17443	0	328.769	0	0.0777707	0.046977	0.0307937	0.0777707
1200	1222.22	0	44.0533	0.2	0.0667729	-0.0133343	0.0801073	0.266773	0	-3.19645	0	-56.2183	0	0.165002	0.127858	0.0371442	0.165002
1200	1226.37	0	-741.245	0.2	0.062392	-0.0158233	0.0782154	0.262392	0	-3.30075	0	-88.3006	0	0.197184	0.13203	0.0651539	0.197184
1200	1248.67	0	886.812	0.2	0.045694	-0.0292013	0.0748953	0.245694	0	-1.1127	0	23.7481	0	0.118828	0.044508	0.0743204	0.118828
1200	1284.52	0	3424.67	0.2	0.019559	-0.0507103	0.0702692	0.219559	0	2.71212	0	271.787	0	-0.0286218	-0.108485	0.0798632	-0.0286218
1200	1311.98	0	-56.5032	0.2	-0.00501085	-0.0671867	0.0621759	0.194989	0	9.59021	0	-49.5145	0	-0.326142	-0.383608	0.0574669	-0.326142
1200	1272.81	0	1624.23	0.2	0.0101637	-0.0436878	0.0538515	0.210164	0	2.74831	0	361.809	0	-0.0857583	-0.109932	0.024174	-0.0857583
1200	1222.79	0	11205.8	0.2	0.0350277	-0.0136746	0.0487023	0.235028	0	2.26621	0	230.128	0	-0.0782999	-0.0906486	0.0123487	-0.0782999
1200	1185.92	0	8208.28	0.2	0.056241	0.00845032	0.0477907	0.256241	0	-0.101687	0	179.132	0	0.00961749	0.00406747	0.00555002	0.00961749
1200	1177.24	0	-51.7148	0.2	0.0633433	0.013656	0.0496873	0.263343	0	-2.609	0	-87.5823	0	0.116222	0.10436	0.0118623	0.116222
1200	1185.87	0	-626.323	0.2	0.0596261	0.0084802	0.0511459	0.259626	0	4.48512	0	-162.042	0	-0.161799	-0.179405	0.0176062	-0.161799
1200	1218.22	0	5143.7	0.2	0.0411664	-0.0109334	0.0520998	0.241166	0	4.51173	0	169.794	0	-0.182734	-0.180469	-0.0022647	-0.182734
1200	1223.47	0	4789.36	0.2	0.0360131	-0.0140814	0.0500945	0.236013	0	-3.4242	0	-234.107	0	0.120902	0.136968	-0.0160663	0.120902
1200	1207.69	0	656.969	0.2	0.0441596	-0.00461104	0.0487706	0.24416	0	-2.77396	0	-243.205	0	0.116325	0.110958	0.00536644	0.116325
1200	1205.33	0	1930.68	0.2	0.0447957	-0.00319805	0.0479937	0.244796	0	-1.35641	0	8.66462	0	0.0745872	0.0542563	0.0203308	0.0745872
1200	1214.05	0	5282.57	0.2	0.0392682	-0.00842791	0.0476961	0.239268	0	0.0739104	0	208.58	0	0.0307137	-0.00295642	0.0336701	0.0307137
1200	1191.74	0	-152.271	0.2	0.0518797	0.00495674	0.046923	0.25188	0	-1.6778	0	159.739	0	0.101389	0.0671122	0.0342771	0.101389
1200	1208.4	0	2692.04	0.2	0.0420521	-0.0050387	0.0470908	0.242052	0	-1.42558	0	344.571	0	0.10192	0.0570233	0.0448962	0.10192
1200	1225.84	0	867.659	0.2	0.030692	-0.0155057	0.0461977	0.230692	0	-1.78636	0	-49.2751	0	0.12665	0.0714542	0.0551961	0.12665
1200	1218.04	0	-137.906	0.2	0.0338713	-0.0108246	0.0446959	0.233871	0	-1.39366	0	-0.672771	0	0.120738	0.0557462	0.0649916	0.120738
1200	1222.19	0	944.273	0.2	0.0301249	-0.013311	0.043436	0.230125	0	-1.11909	0	148.007	0	0.117999	0.0447634	0.0732354	0.117999
1200	1265.14	0	-425.21	0.2	0.00134363	-0.0390831	0.0404267	0.201344	0	-2.09498	0	98.6866	0	0.155228	0.0837992	0.0714286	0.155228
1200	1263.47	0	-310.289	0.2	-0.00391886	-0.0380803	0.0341614	0.196081	0	1.8352	0	-168.506	0	0.00184885	-0.0734081	0.075257	0.00184885
1200	1235.16	0	12067.7	0.2	0.00814866	-0.0210932	0.0292419	0.208149	0	-2.31953	0	588.54	0	0.167279	0.0927813	0.0744974	0.167279
1200	1192.36	0	2352.06	0.2	0.0324414	0.00458628	0.0278551	0.232441	0	0.181397	0	48.1689	0	0.0743392	-0.00725589	0.0815951	0.0743392
1200	1215.33	0	2792.6	0.2	0.0187595	-0.00920017	0.0279597	0.21876	0	2.92816	0	-92.8495	0	-0.0362846	-0.117126	0.0808419	-0.0362846
1200	1200.96	0	2969.77	0.2	0.0265597	-0.000576416	0.0271362	0.22656	0	0.254829	0	210.735	0	0.0554456	-0.0101931	0.0656387	0.0554456
1200	1215.03	0	-769.975	0.2	0.017586	-0.00902043	0.0266065	0.217586	0	0.0515617	0	-43.0501	0	0.0637809	-0.00206247	0.0658434	0.0637809
1200	1236.34	0	312.204	0.2	0.00356656	-0.0218051	0.0253716	0.203567	0	0.400628	0	19.4385	0	0.048085	-0.0160251	0.0641101	0.048085
1200	1213.14	0	2912.31	0.2	0.0149985	-0.00788394	0.0228825	0.214999	0	0.552812	0	122.629	0	0.0395523	-0.0221125	0.0616648	0.0395523
1200	1212.87	0	5550.72	0.2	0.0135056	-0.00772075	0.0212264	0.213506	0	0.649656	0	129.093	0	0.0323106	-0.0259862	0.0582968	0.0323106
1200	1158.04	0	-1176.99	0.2	0.0466487	0.0251745	0.0214741	0.246649	0	1.50742	0	-104.102	0	-0.00671849	-0.0602969	0.0535784	-0.00671849
1200	1192.91	0	475.01	0.2	0.0280051	0.00425251	0.0237526	0.228005	0	1.53083	0	151.838	0	-0.0161695	-0.0612334	0.0450638	-0.0161695
1200	1184.68	0	1839.7	0.2	0.033675	0.00919006	0.0244849	0.233675	0	0.552812	0	-129.96	0	0.0149125	-0.0221125	0.037025	0.0149125
1200	1195.35	0	1552.4	0.2	0.0284446	0.00278782	0.0256568	0.228445	0	0.992337	0	89.3492	0	-0.00665899	-0.0396935	0.0330345	-0.00665899
1200	1205.19	0	2194.05	0.2	0.023111	-0.00311382	0.0262249	0.223111	0	1.45102	0	19.1991	0	-0.0327641	-0.0580407	0.0252766	-0.0327641
1200	1202.82	0	3434.24	0.2	0.0236616	-0.00169153	0.0253531	0.223662	0	0.752886	0	-305.694	0	-0.0124594	-0.0301154	0.017656	-0.0124594
1200	1199.57	0	1638.59	0.2	0.0257256	0.000255322	0.0254703	0.225726	0	0.0143138	0	55.8304	0	0.0144211	-0.000572553	0.0149936	0.0144211
1200	1202.7	0	-3911.17	0.2	0.0240238	-0.00162166	0.0256455	0.224024	0	0.223966	0	98.2078	0	0.00585012	-0.00895865	0.0148088	0.00585012
1200	1205.45	0	791.044	0.2	0.0220843	-0.00326895	0.0253533	0.222084	0	0.886979	0	223.903	0	-0.0228475	-0.0354791	0.0126317	-0.0228475
1200	1198.47	0	561.201	0.2	0.0256384	0.000917139	0.0247213	0.225638	0	-2.34933	0	-10.7284	0	0.104833	0.0939732	0.0108601	0.104833
1200	1201.05	0	-588.016	0.2	0.0237687	-0.000631128	0.0243998	0.223769	0	-0.481615	0	-41.3742	0	0.0426914	0.0192646	0.0234268	0.0426914
1200	1198.43	0	-133.118	0.2	0.0258807	0.000939771	0.0249409	0.225881	0	0.886979	0	-56.4577	0	-0.013061	-0.0354791	0.0224182	-0.013061
1200	1224.59	0	1949.84	0.2	0.00985109	-0.0147515	0.0246026	0.209851	0	0.282499	0	-20.0658	0	0.0073959	-0.0112999	0.0186958	0.0073959
1200	1210.35	0	3055.96	0.2	0.0168007	-0.0062083	0.023009	0.216801	0	0.885914	0	43.8594	0	-0.0186911	-0.0354366	0.0167454	-0.0186911
1200	1224.86	0	929.908	0.2	0.00720678	-0.0149167	0.0221234	0.207207	0	2.18001	0	-42.5713	0	-0.058645	-0.0872005	0.0285555	-0.058645
1200	1217.35	0	4454.17	0.2	0.0092369	-0.0104119	0.0196488	0.209237	0	3.16016	0	29.0153	0	-0.112339	-0.126407	0.0140674	-0.112339
1200	1216.64	0	1624.23	0.2	0.00834901	-0.00998599	0.018335	0.208349	0	-5.20997	0	-342.804	0	0.212001	0.208399	0.00360216	0.212001
1200	1201.82	0	-822.648	0.2	0.0160765	-0.00109277	0.0171693	0.216077	0	-0.577395	0	119.277	0	0.0536381	0.0230958	0.0305423	0.0536381
1200	1177.25	0	594.72	0.2	0.0306351	0.0136482	0.0169869	0.230635	0	0.98808	0	52.7179	0	-0.0109058	-0.0395232	0.0286174	-0.0109058
1200	1211.84	0	10.5345	0.2	0.0103908	-0.00710325	0.0174941	0.210391	0	0.35593	0	138.909	0	0.0102492	-0.0142372	0.0244864	0.0102492
1200	1194.14	0	-817.859	0.2	0.0205889	0.00351533	0.0170736	0.220589	0	1.24562	0	-180.238	0	-0.0267334	-0.0498249	0.0230915	-0.0267334
1200	1190.64	0	-300.712	0.2	0.0231728	0.00561445	0.0175583	0.223173	0	1.60001	0	38.5921	0	-0.0546977	-0.0640004	0.00930268	-0.0546977
1200	1210.61	0	2222.78	0.2	0.0114709	-0.00636672	0.0178376	0.211471	0	-0.0293194	0	125.741	0	0.00587832	0.00117278	0.00470554	0.00587832
1200	1232.07	0	1394.38	0.2	-0.00283055	-0.0192423	0.0164118	0.197169	0	0.216517	0	-88.0611	0	-0.00498284	-0.00866066	0.00367782	-0.00498284
1200	1211.92	0	-2455.49	0.2	0.00729478	-0.0071502	0.014445	0.207295	0	-0.461395	0	-178.083	0	0.0215369	0.0184558	0.00308111	0.0215369
1200	1207.31	0	355.3	0.2	0.0101923	-0.00438618	0.0145785	0.210192	0	0.220774	0	111.136	0	-0.00288568	-0.00883094	0.00594526	-0.00288568
1200	1213.69	0	1921.11	0.2	0.00538622	-0.00821419	0.0136004	0.205386	0	0.270792	0	35.4797	0	-0.00632281	-0.0108317	0.00450888	-0.00632281
1200	1205.01	0	2715.98	0.2	0.00841698	-0.00300754	0.0114245	0.208417	0	0.186718	0	7.22809	0	-0.00458461	-0.00746873	0.00288412	-0.00458461
1200	1229.13	0	-3336.56	0.2	-0.00666939	-0.0174784	0.0108091	0.193331	0	4.6256	0	-229.798	0	-0.191865	-0.185024	-0.00684045	-0.191865
1200	1201.19	0	609.085	0.2	0.00838959	-0.0007125	0.00910209	0.20839	0	-0.203852	0	23.7481	0	-0.0201696	0.00815409	-0.0283236	-0.0201696
1200	1219.1	0	2002.51	0.2	-0.00273692	-0.0114596	0.0087227	0.197263	0	-1.14782	0	73.3081	0	0.0190868	0.0459128	-0.026826	0.0190868
1200	1228.07	0	149.398	0.2	-0.0105752	-0.0168422	0.00626698	0.189425	0	-1.46389	0	-43.7684	0	0.0323336	0.0585558	-0.0262222	0.0323336
1200	1234.65	0	-698.149	0.2	-0.0172746	-0.0207917	0.00351707	0.182725	0	1.40526	0	-66.9922	0	-0.0757467	-0.0562102	-0.0195364	-0.0757467
1200	1229.33	0	5.74608	0.2	-0.0163728	-0.0175979	0.00122505	0.183627	0	-0.56356	0	-122.059	0	-0.0051063	0.0225424	-0.0276487	-0.0051063
1200	1225.44	0	20.1113	0.2	-0.0158665	-0.0152618	-0.000604719	0.184134	0	-1.14676	0	45.5353	0	0.0233684	0.0458702	-0.0225018	0.0233684
1200	1194.89	0	-1641.46	0.2	0.000982361	0.00306416	-0.0020818	0.200982	0	-0.536955	0	-140.015	0	0.00424462	0.0214782	-0.0172336	0.00424462
1200	1223.04	0	-142.694	0.2	-0.0165665	-0.0138213	-0.00274521	0.183433	0	-0.81791	0	17.7626	0	0.0192665	0.0327164	-0.0134499	0.0192665
1200	1212.46	0	1164.54	0.2	-0.011667	-0.00747788	-0.00418917	0.188333	0	-0.581652	0	58.9429	0	0.0145608	0.0232661	-0.0087053	0.0145608
1200	1231.3	0	-161.848	0.2	-0.0243896	-0.0187812	-0.00560844	0.17561	0	-0.758314	0	-19.3475	0	0.025197	0.0303325	-0.00513557	0.025197
1200	1238.82	0	1451.84	0.2	-0.0316554	-0.0232921	-0.00836325	0.168345	0	-0.787048	0	57.5063	0	0.0315443	0.0314819	6.24306e-05	0.0315443
1200	1208.06	0	685.699	0.2	-0.0161685	-0.00483596	-0.0113325	0.183832	0	-0.709359	0	-37.0646	0	0.0327313	0.0283744	0.0043569	0.0327313
1200	1222.31	0	-281.558	0.2	-0.0254733	-0.0133877	-0.0120856	0.174527	0	-0.74235	0	-32.2762	0	0.0382273	0.029694	0.00853324	0.0382273
1200	1231.07	0	982.58	0.2	-0.0323206	-0.018639	-0.0136815	0.167679	0	2.37689	0	202.595	0	-0.091791	-0.0950757	0.0032848	-0.091791
1200	1237.37	0	-731.668	0.2	-0.0381056	-0.0224212	-0.0156844	0.161894	0	-1.01798	0	-156.296	0	0.0358664	0.0407194	-0.00485301	0.0358664
1200	1187.31	0	-4054.82	0.2	-0.010243	0.00761404	-0.017857	0.189757	0	-0.739158	0	-23.8965	0	0.0315236	0.0295663	0.00195728	0.0315236
1200	1212.42	0	2490.93	0.2	-0.0246188	-0.00745166	-0.0171672	0.175381	0	-0.243229	0	185.117	0	0.0153296	0.00972915	0.00560045	0.0153296
1200	1215.19	0	197.282	0.2	-0.0269548	-0.00911624	-0.0178386	0.173045	0	-0.249614	0	-54.3029	0	0.0168624	0.00998456	0.00687783	0.0168624
1200	1217.88	0	-2828.99	0.2	-0.0293829	-0.0107276	-0.0186554	0.170617	0	-0.684882	0	-105.778	0	0.0363359	0.0273953	0.00894062	0.0363359
1200	1219.47	0	4042.37	0.2	-0.0320058	-0.0116807	-0.0203251	0.167994	0	-0.660405	0	73.7869	0	0.039498	0.0264162	0.0130818	0.039498
1200	1215.07	0	1968.99	0.2	-0.0309568	-0.00904453	-0.0219122	0.169043	0	0.0175065	0	82.406	0	0.0151436	-0.00070026	0.0158438	0.0151436
1200	1208.33	0	-2216.07	0.2	-0.0285981	-0.00500083	-0.0235973	0.171402	0	-0.605065	0	-94.0466	0	0.0410109	0.0242026	0.0168083	0.0410109
1200	1194.63	0	-1833	0.2	-0.0198242	0.0032198	-0.023044	0.180176	0	-0.269834	0	47.6901	0	0.0305457	0.0107934	0.0197523	0.0305457
1200	1202.38	0	-827.436	0.2	-0.0243287	-0.00142515	-0.0229035	0.175671	0	-0.524184	0	58.464	0	0.0424089	0.0209674	0.0214415	0.0424089
1200	1214.16	0	795.833	0.2	-0.0322367	-0.00849771	-0.023739	0.167763	0	-0.365615	0	3.39737	0	0.0393964	0.0146246	0.0247718	0.0393964
1200	1221.73	0	2165.32	0.2	-0.0382477	-0.0130375	-0.0252102	0.161752	0	-0.0825307	0	38.3527	0	0.0297016	0.00330123	0.0264004	0.0297016
1200	1214.45	0	-2819.41	0.2	-0.0353778	-0.00866968	-0.0267081	0.164622	0	-0.301761	0	-102.426	0	0.0392374	0.0120704	0.027167	0.0392374
1200	1221.85	0	-51.7148	0.2	-0.040396	-0.0131121	-0.0272839	0.159604	0	-0.375193	0	50.8026	0	0.0442885	0.0150077	0.0292808	0.0442885
1200	1204.3	0	1049.62	0.2	-0.0313725	-0.00258069	-0.0287918	0.168627	0	-0.183632	0	12.2559	0	0.0387687	0.00734528	0.0314234	0.0387687
1200	1191.69	0	-1550.49	0.2	-0.0245152	0.00498457	-0.0294998	0.175485	0	-0.098494	0	76.1811	0	0.0358488	0.00393976	0.031909	0.0358488
1200	1197.83	0	-1722.87	0.2	-0.0278672	0.00130107	-0.0291682	0.172133	0	-0.0474112	0	43.3805	0	0.0347572	0.00189645	0.0328608	0.0347572
1200	1204.13	0	336.146	0.2	-0.0315623	-0.0024769	-0.0290854	0.168438	0	0.412334	0	68.2802	0	0.0154163	-0.0164934	0.0319097	0.0154163
1200	1205.52	0	1700.84	0.2	-0.0328571	-0.00331238	-0.0295447	0.167143	0	-0.0835949	0	19.1991	0	0.0335266	0.0033438	0.0301828	0.0335266
1200	1204.4	0	1796.61	0.2	-0.0329897	-0.00264067	-0.030349	0.16701	0	-0.465652	0	79.2936	0	0.0496361	0.0186261	0.03101	0.0496361
1200	1219.8	0	240.378	0.2	-0.0420254	-0.0118792	-0.0301462	0.157975	0	-3.09748	0	-97.8774	0	0.153514	0.123899	0.0296151	0.153514
1200	1201.9	0	-415.633	0.2	-0.0321742	-0.00114221	-0.0310319	0.167826	0	0.896556	0	-12.8832	0	0.00593004	-0.0358623	0.0417923	0.00593004
1200	1214.12	0	331.358	0.2	-0.0395255	-0.00847405	-0.0310514	0.160475	0	2.48864	0	-4.98234	0	-0.06039	-0.0995455	0.0391555	-0.06039
1200	1189.16	0	896.389	0.2	-0.025458	0.00650237	-0.0319604	0.174542	0	-2.99106	0	-5.94001	0	0.140798	0.119642	0.0211555	0.140798
1200	1207.21	0	-2733.22	0.2	-0.0355944	-0.00432891	-0.0312655	0.164406	0	-3.49976	0	133.163	0	0.182626	0.13999	0.0426361	0.182626
1200	1190.18	0	-894.474	0.2	-0.0251774	0.00589028	-0.0310677	0.174823	0	1.49146	0	-61.7249	0	-0.00732255	-0.0596583	0.0523358	-0.00732255
1200	1192.18	0	-118.752	0.2	-0.0253528	0.00469109	-0.0300439	0.174647	0	-0.115522	0	-88.0611	0	0.0505525	0.00462087	0.0459316	0.0505525
1200	1198.73	0	10.5345	0.2	-0.0300401	0.000764282	-0.0308044	0.16996	0	0.853988	0	93.6588	0	0.0122864	-0.0341595	0.0464459	0.0122864
1200	1202.96	0	1279.46	0.2	-0.0332112	-0.00177678	-0.0314344	0.166789	0	-3.26244	0	63.013	0	0.184006	0.130497	0.0535085	0.184006
1200	1198.51	0	398.395	0.2	-0.0298736	0.000894727	-0.0307684	0.170126	0	1.20412	0	20.6356	0	0.0198995	-0.0481647	0.0680642	0.0198995
1200	1188.41	0	-2455.49	0.2	-0.0231601	0.00695347	-0.0301136	0.17684	0	1.8352	0	-8.33422	0	-0.0199597	-0.0734081	0.0534484	-0.0199597
1200	1202.15	0	1921.11	0.2	-0.0311339	-0.00129067	-0.0298432	0.168866	0	3.92534	0	209.059	0	-0.0968699	-0.157014	0.0601438	-0.0968699
1200	1194.43	0	-1186.57	0.2	-0.0267475	0.00334263	-0.0300902	0.173252	0	4.83845	0	-147.677	0	-0.152183	-0.193538	0.0413552	-0.152183
1200	1199.37	0	-635.9	0.2	-0.0291436	0.000379175	-0.0295228	0.170856	0	5.04704	0	18.002	0	-0.190505	-0.201881	0.0113763	-0.190505
1200	1219.07	0	-635.9	0.2	-0.0402374	-0.0114398	-0.0287975	0.159763	0	-0.350715	0	-32.2762	0	0.00582456	0.0140286	-0.00820406	0.00582456
1200	1213.05	0	1207.64	0.2	-0.0381214	-0.00783047	-0.030291	0.161879	0	0.302719	0	-55.7394	0	-0.0179244	-0.0121088	-0.00581562	-0.0179244
1200	1205.3	0	843.717	0.2	-0.0352272	-0.00318164	-0.0320456	0.164773	0	0.251636	0	-211.123	0	-0.018885	-0.0100654	-0.00881961	-0.018885
1200	1201.44	0	4133.35	0.2	-0.0330492	-0.000863379	-0.0321858	0.166951	0	0.28782	0	75.9417	0	-0.0223945	-0.0115128	-0.0108818	-0.0223945
1200	1220.71	0	-712.514	0.2	-0.0451515	-0.0124281	-0.0327234	0.154849	0	1.75645	0	-63.8797	0	-0.0819312	-0.070258	-0.0116732	-0.0819312
1200	1182.22	0	-2991.79	0.2	-0.0221899	0.0106679	-0.0328578	0.17781	0	0.229287	0	-219.024	0	-0.0326924	-0.00917149	-0.0235209	-0.0326924
1200	1193.61	0	-6099.47	0.2	-0.0289255	0.00383679	-0.0327623	0.171074	0	-1.61182	0	282.561	0	0.050425	0.0644729	-0.0140479	0.050425
1200	1178.61	0	-2316.63	0.2	-0.0182214	0.0128342	-0.0310556	0.181779	0	0.0132496	0	-404.096	0	-0.00858175	-0.000529984	-0.00805177	-0.00858175
1200	1225.26	0	-789.129	0.2	-0.0447235	-0.0151581	-0.0295654	0.155277	0	-0.387963	0	76.4205	0	0.00718613	0.0155185	-0.0083324	0.00718613
1200	1191.24	0	1279.46	0.2	-0.0251464	0.00525513	-0.0304015	0.174854	0	-0.551854	0	111.136	0	0.0168741	0.0220742	-0.00520007	0.0168741
1200	1186.32	0	-267.193	0.2	-0.0215468	0.00821089	-0.0297577	0.178453	0	-0.635928	0	-72.02	0	0.0220923	0.0254371	-0.00334481	0.0220923
1200	1194.07	0	-1411.62	0.2	-0.0264769	0.00355928	-0.0300362	0.173523	0	-0.614643	0	27.1	0	0.0258036	0.0245857	0.00121785	0.0258036
1200	1193.29	0	-1593.58	0.2	-0.0250119	0.00402378	-0.0290357	0.174988	0	-0.407119	0	-43.7684	0	0.0208297	0.0162848	0.00454493	0.0208297
1200	1181.32	0	-420.422	0.2	-0.017579	0.0112078	-0.0287868	0.182421	0	-0.660405	0	-43.529	0	0.0338764	0.0264162	0.00746017	0.0338764
1200	1181.74	0	-611.958	0.2	-0.0162944	0.0109558	-0.0272502	0.183706	0	-0.498643	0	122.15	0	0.0314034	0.0199457	0.0114577	0.0314034
1200	1195.72	0	829.352	0.2	-0.0242527	0.00256948	-0.0268222	0.175747	0	-0.178311	0	115.685	0	0.0209786	0.00713244	0.0138462	0.0209786
1200	1191.67	0	-2378.88	0.2	-0.0206577	0.00499636	-0.025654	0.179342	0	-3.4806	0	-30.6003	0	0.158057	0.139224	0.0188334	0.158057
1200	1199.5	0	2634.58	0.2	-0.024586	0.000302417	-0.0248884	0.175414	0	4.94381	0	149.444	0	-0.166145	-0.197752	0.0316077	-0.166145
1200	1182.87	0	7739.02	0.2	-0.0146494	0.0102809	-0.0249303	0.185351	0	1.85755	0	141.064	0	-0.0691167	-0.0743021	0.00518539	-0.0691167
1200	1205.71	0	2064.76	0.2	-0.0273226	-0.00342693	-0.0238957	0.172677	0	7.14569	0	-83.0333	0	-0.288247	-0.285827	-0.00241925	-0.288247
1200	1193.02	0	-5194.46	0.2	-0.019657	0.00418696	-0.023844	0.180343	0	4.96828	0	-7.13711	0	-0.232834	-0.198731	-0.034103	-0.232834
1200	1208.98	0	-37.3495	0.2	-0.0283533	-0.00539011	-0.0229632	0.171647	0	0.10903	0	32.3672	0	-0.0636637	-0.0043612	-0.0593025	-0.0636637
1200	1202.36	0	178.129	0.2	-0.0255471	-0.0014187	-0.0241284	0.174453	0	-1.00309	0	-150.071	0	-0.0161936	0.0401234	-0.056317	-0.0161936
1200	1184.92	0	-4629.43	0.2	-0.0156034	0.00904563	-0.0246491	0.184397	0	-0.897727	0	-201.307	0	-0.014846	0.0359091	-0.0507551	-0.014846
1200	1193.39	0	-3930.32	0.2	-0.0196989	0.00396423	-0.0236631	0.180301	0	-2.20353	0	-74.893	0	0.0416168	0.0881413	-0.0465245	0.0416168
1200	1178.46	0	1188.48	0.2	-0.00890622	0.0129242	-0.0218304	0.191094	0	1.0647	0	39.071	0	-0.0718814	-0.0425882	-0.0292933	-0.0718814
1200	1190.33	0	1964.2	0.2	-0.0142211	0.00580225	-0.0200233	0.185779	0	-0.253871	0	47.2113	0	-0.0257693	0.0101548	-0.0359242	-0.0257693
1200	1190.74	0	1973.78	0.2	-0.0142625	0.00555886	-0.0198213	0.185738	0	-1.17123	0	-107.933	0	0.0137925	0.0468493	-0.0330568	0.0137925
1200	1233.19	0	2759.08	0.2	-0.0397828	-0.0199137	-0.0198691	0.160217	0	-1.29575	0	-23.6571	0	0.0263943	0.0518299	-0.0254356	0.0263943
1200	1238.67	0	1968.99	0.2	-0.0453528	-0.0232036	-0.0221492	0.154647	0	-0.535891	0	184.638	0	0.00207604	0.0214356	-0.0193596	0.00207604
1200	1211.23	0	-1086.01	0.2	-0.0307935	-0.00673945	-0.024054	0.169207	0	-1.23296	0	-148.874	0	0.033918	0.0493183	-0.0154004	0.033918
1200	1172.52	0	-3192.91	0.2	-0.00757109	0.0164861	-0.0240572	0.192429	0	-1.19677	0	-85.1881	0	0.0406059	0.047871	-0.0072651	0.0406059
1200	1198.16	0	-1761.17	0.2	-0.0214111	0.00110654	-0.0225176	0.178589	0	-0.915819	0	202.116	0	0.0357789	0.0366328	-0.000853884	0.0357789
1200	1181.94	0	953.85	0.2	-0.0111329	0.0108371	-0.02197	0.188867	0	-0.901984	0	31.8884	0	0.041062	0.0360794	0.00498265	0.041062
1200	1184.25	0	-1023.76	0.2	-0.0109841	0.00945059	-0.0204346	0.189016	0	-0.691267	0	-40.8954	0	0.0374514	0.0276507	0.00980071	0.0374514
1200	1186.51	0	1078.35	0.2	-0.0121381	0.00809678	-0.0202348	0.187862	0	-0.767892	0	148.486	0	0.0444565	0.0307157	0.0137408	0.0444565
1200	1182.92	0	1403.96	0.2	-0.0088773	0.0102505	-0.0191278	0.191123	0	-0.141063	0	56.0698	0	0.0225955	0.00564252	0.0169529	0.0225955
1200	1186.7	0	-588.016	0.2	-0.00928689	0.00798186	-0.0172688	0.190713	0	-0.564625	0	-144.804	0	0.0404961	0.022585	0.0179111	0.0404961
1200	1173.17	0	2112.64	0.2	0.000212774	0.0160956	-0.0158829	0.200213	0	-0.516735	0	86.2367	0	0.0422939	0.0206694	0.0216245	0.0422939
1200	1213.82	0	1652.96	0.2	-0.0229141	-0.00829131	-0.0146228	0.177086	0	-0.463523	0	32.8461	0	0.0429944	0.0185409	0.0244535	0.0429944
1200	1210.7	0	-1224.87	0.2	-0.0223969	-0.0064207	-0.0159762	0.177603	0	-0.730644	0	-29.882	0	0.057067	0.0292258	0.0278412	0.057067
1200	1189.57	0	2165.32	0.2	-0.0105792	0.00625781	-0.0168371	0.189421	0	-0.275155	0	10.8194	0	0.041734	0.0110062	0.0307277	0.041734
1200	1195.56	0	2304.18	0.2	-0.0132055	0.00266235	-0.0158679	0.186794	0	-0.696589	0	16.0866	0	0.0611457	0.0278635	0.0332822	0.0611457
1200	1215.38	0	-3145.02	0.2	-0.0254436	-0.00922954	-0.0162141	0.174556	0	-0.251742	0	103.954	0	0.0474388	0.0100697	0.0373691	0.0474388
1200	1191.81	0	1676.9	0.2	-0.0126955	0.00491477	-0.0176103	0.187304	0	1.72133	0	159.978	0	-0.0315668	-0.0688532	0.0372865	-0.0315668
1200	1199.95	0	-1943.13	0.2	-0.0169594	3.13477e-05	-0.0169908	0.183041	0	0.913584	0	-28.2061	0	-0.0123434	-0.0365434	0.0242	-0.0123434
1200	1194.47	0	-607.17	0.2	-0.0130193	0.00331699	-0.0163363	0.186981	0	-0.320917	0	-10.0102	0	0.0345754	0.0128367	0.0217388	0.0345754
1200	1188.6	0	-769.975	0.2	-0.00841737	0.00684082	-0.0152582	0.191583	0	-0.0186772	0	-156.775	0	0.0240538	0.000747086	0.0233067	0.0240538
1200	1183.62	0	460.644	0.2	-0.00464978	0.00983005	-0.0144798	0.19535	0	-0.393284	0	-70.344	0	0.0395269	0.0157314	0.0237955	0.0395269
1200	1191.45	0	-688.572	0.2	-0.00847969	0.00513245	-0.0136121	0.19152	0	-0.381578	0	-36.8252	0	0.0416514	0.0152631	0.0263883	0.0416514
1200	1218.86	0	1538.04	0.2	-0.0240662	-0.0113179	-0.0127483	0.175934	0	4.63944	0	69.7168	0	-0.155495	-0.185577	0.0300825	-0.155495
1200	1199.74	0	4023.22	0.2	-0.0135216	0.00015542	-0.013677	0.186478	0	3.80189	0	43.3805	0	-0.162179	-0.152076	-0.0101034	-0.162179
1200	1172.06	0	-1133.89	0.2	0.00376329	0.0167642	-0.0130009	0.203763	0	-1.78316	0	-49.7539	0	0.0524468	0.0713265	-0.0188797	0.0524468
1200	1205.4	0	-2105.94	0.2	-0.0159724	-0.00323899	-0.0127334	0.184028	0	-0.247486	0	-46.6414	0	-0.000308686	0.00989942	-0.0102081	-0.000308686
1200	1182.9	0	278.685	0.2	-0.00231389	0.0102609	-0.0125748	0.197686	0	-0.74235	0	-261.641	0	0.0204791	0.029694	-0.00921487	0.0204791
1200	1194.43	0	-1493.02	0.2	-0.00835248	0.00334226	-0.0116947	0.191648	0	-0.814718	0	99.4049	0	0.0282462	0.0325887	-0.00434252	0.0282462
1200	1194.79	0	925.12	0.2	-0.00878633	0.00312839	-0.0119147	0.191214	0	-0.946682	0	-29.4032	0	0.0381353	0.0378673	0.000268019	0.0381353
1200	1184.75	0	963.427	0.2	-0.00159971	0.00915286	-0.0107526	0.1984	0	-0.903048	0	-24.8542	0	0.0421307	0.0361219	0.00600877	0.0421307
1200	1202.27	0	211.647	0.2	-0.0111586	-0.00136311	-0.00979552	0.188841	0	-0.684882	0	-18.8687	0	0.0382732	0.0273953	0.0108779	0.0382732
1200	1230.05	0	2476.56	0.2	-0.02743	-0.0180284	-0.00940158	0.17257	0	-0.516735	0	177.216	0	0.0355257	0.0206694	0.0148563	0.0355257
1200	1200.03	0	307.415	0.2	-0.0115249	-1.53809e-05	-0.0115095	0.188475	0	-0.42734	0	-10.2496	0	0.0345586	0.0170936	0.017465	0.0345586
1200	1198.46	0	-1550.49	0.2	-0.0107328	0.000922412	-0.0116552	0.189267	0	-0.549726	0	43.62	0	0.042481	0.021989	0.020492	0.042481
1199.75	1194.1	-497.937	1753.51	0.185021	-0.00827004	0.00339082	-0.0116609	0.176751	0	6.21343	0	97.7289	0	-0.225484	-0.248537	0.0230529	-0.225484
1197.76	1211.83	-1497.92	-1502.6	0.154688	-0.0195631	-0.00844453	-0.0111186	0.135125	0	1.20092	0	-28.4455	0	-0.0578109	-0.048037	-0.0097739	-0.0578109
1193.76	1199.52	-2497.91	-1526.54	0.124023	-0.0158986	-0.00345308	-0.0124455	0.108124	0	-4.33517	0	35.4797	0	0.153841	0.173407	-0.0195655	0.153841
1187.76	1199.8	-3497.9	-176.213	0.0930238	-0.020085	-0.00722007	-0.0128649	0.0729388	0	-2.36104	0	18.4808	0	0.103834	0.0944415	0.00939237	0.103834
1179.77	1210.33	-4497.89	963.427	0.0616916	-0.0322575	-0.0183359	-0.0139216	0.0294341	0	0.588995	0	-63.4009	0	-0.00723903	-0.0235598	0.0163208	-0.00723903
1169.77	1184.64	-5497.87	-2259.17	0.030026	-0.0248249	-0.00891819	-0.0159068	0.0052011	0	-0.360293	0	-9.53131	0	0.0288236	0.0144117	0.0144119	0.0288236
1158.03	1148	-6000	-3054.04	0.0130043	-0.00975519	0.00601663	-0.0157718	0.00324907	0	-0.299633	0	53.6756	0	0.0288144	0.0119853	0.0168291	0.0288144
1146.03	1132.75	-6000	-1229.66	0.0110043	-0.00752666	0.00796567	-0.0154923	0.00347764	0	-1.04459	0	-156.056	0	0.0607265	0.0417836	0.0189429	0.0607265
1134.03	1084.59	-6000	-860.955	0.00900433	0.0162807	0.0296642	-0.0133835	0.025285	0	-0.597616	0	41.944	0	0.048269	0.0239046	0.0243644	0.048269
1122.03	1058.49	-6000	-635.9	0.00700435	0.0286901	0.0381237	-0.0094336	0.0356945	0	2.89624	0	56.7881	0	-0.0918135	-0.115849	0.0240359	-0.0918135
1110.03	1042.25	-6000	-2359.73	0.00500437	0.0362227	0.0406667	-0.00444399	0.0412271	0	1.04023	0	-57.4154	0	-0.0318026	-0.0416091	0.00980646	-0.0318026
1098.03	1037.65	-6000	-2383.67	0.00300441	0.0372801	0.0362231	0.00105701	0.0402845	0	-0.435853	0	-10.2496	0	0.0252008	0.0174341	0.00776666	0.0252008
1086.03	1028.95	-6000	1212.42	0.00100443	0.0398779	0.0342464	0.00563144	0.0408823	0	0.10903	0	273.703	0	0.00524476	-0.0043612	0.00960596	0.00524476
1074.03	1036.62	-6000	-7373.18	-0.000995552	0.0315714	0.0224427	0.00912872	0.0305758	0	-1.03714	0	-256.134	0	0.051242	0.0414856	0.00975633	0.051242
1062.03	1055.6	-6000	-1545.7	-0.00299551	0.0158921	0.0038543	0.0120378	0.0128966	0	-0.430532	0	44.5776	0	0.0329834	0.0172213	0.0157621	0.0329834
1050.03	1059.09	-6000	1925.9	-0.00499549	0.00627667	-0.00543633	0.011713	0.00128118	0	0.213324	0	215.763	0	0.00801164	-0.00853296	0.0165446	0.00801164
1038.03	1067.72	-6000	-7373.18	-0.00699547	-0.00753956	-0.017814	0.0102745	-0.014535	0	0.0951949	0	-78.7237	0	0.0115718	-0.0038078	0.0153796	0.0115718
1026.03	1066.44	-6000	-5261.5	-0.00899545	-0.0157108	-0.0242482	0.00853741	-0.0247063	0	2.85047	0	212.651	0	-0.0988753	-0.114019	0.0151436	-0.0988753
1014.03	1041.95	-6000	-3858.5	-0.0109954	-0.0112815	-0.0167516	0.00547002	-0.0222769	0	1.09557	0	121.432	0	-0.0427041	-0.0438227	0.00111854	-0.0427041
1002.03	1026.14	-6000	-5184.88	-0.0129954	-0.0114795	-0.0144661	0.00298667	-0.0244749	0	-2.89209	0	-223.094	0	0.111751	0.115683	-0.00393195	0.111751
990.028	1002.19	-6000	-4246.36	-0.0149954	-0.00605061	-0.00729584	0.00124522	-0.021046	0	-2.87719	0	4.35505	0	0.12906	0.115087	0.0139729	0.12906
978.028	991.679	-6000	-1430.78	-0.0169953	-0.00791827	-0.00819042	0.000272148	-0.0249136	0	-0.506092	0	108.742	0	0.0524311	0.0202437	0.0321874	0.0524311
966.028	989.52	-6000	-2450.7	-0.0189953	-0.0152875	-0.0140952	-0.00119227	-0.0342828	0	1.61704	0	-25.5725	0	-0.0357918	-0.0646815	0.0288897	-0.0357918
954.028	987.736	-6000	-2627.88	-0.0209953	-0.023222	-0.0202244	-0.00299752	-0.0442172	0	1.40951	0	320.39	0	-0.0360149	-0.0563805	0.0203656	-0.0360149
942.029	966.611	-6000	-310.289	-0.0229953	-0.0209041	-0.0147495	-0.00615456	-0.0438993	0	-1.82786	0	41.2258	0	0.0957822	0.0731144	0.0226678	0.0957822
930.029	921.195	-6000	-4097.92	-0.0249952	-0.00206998	0.00530035	-0.00737033	-0.0270652	0	-1.24254	0	-134.748	0	0.0925218	0.0497014	0.0428203	0.0925218
918.029	914.442	-6000	-5912.72	-0.0269952	-0.00402655	0.0021523	-0.00617885	-0.0310218	0	2.27792	0	-123.974	0	-0.0505151	-0.0911168	0.0406017	-0.0505151
906.029	880.312	-6000	-353.384	-0.0289952	0.0100263	0.0154302	-0.00540382	-0.0189689	0	2.98457	0	99.1655	0	-0.0916662	-0.119383	0.0277164	-0.0916662
894.029	868.32	-6000	-2105.94	-0.0309952	0.0123699	0.0154255	-0.00305556	-0.0186252	0	2.53333	0	267.238	0	-0.0906911	-0.101333	0.0106423	-0.0906911
882.029	884.68	-6000	-5500.92	-0.0329951	-0.00333734	-0.0015906	-0.00174674	-0.0363325	0	1.36056	0	-83.0333	0	-0.0564578	-0.0544223	-0.0020355	-0.0564578
870.029	850.746	-6000	-4428.32	-0.0349951	0.010067	0.0115703	-0.00150328	-0.0249281	0	3.61246	0	25.9029	0	-0.155253	-0.144498	-0.0107544	-0.155253
858.03	848.267	-6000	-5213.61	-0.0369951	0.00561764	0.00585762	-0.000239981	-0.0313774	0	1.47124	0	-137.621	0	-0.0912563	-0.0588495	-0.0324068	-0.0912563
846.03	835.577	-6000	-5405.15	-0.0389951	0.00669401	0.00627136	0.000422646	-0.032301	0	2.89198	0	86.955	0	-0.164477	-0.115679	-0.0487977	-0.164477
834.03	837.499	-6000	-6190.45	-0.040995	-0.00145575	-0.00208165	0.000625908	-0.0424508	0	-0.320917	0	-301.863	0	-0.0367844	0.0128367	-0.0496211	-0.0367844
822.03	814.623	-6000	-4787.45	-0.042995	0.00484252	0.00444419	0.000398327	-0.0381525	0	0.317618	0	-27.7272	0	-0.065119	-0.0127047	-0.0524143	-0.065119
810.03	814.35	-6000	-1880.88	-0.044995	-0.00156752	-0.00259197	0.00102445	-0.0465625	0	-0.422019	0	136.036	0	-0.0372988	0.0168807	-0.0541796	-0.0372988
798.03	791.703	-6000	-2790.68	-0.046995	0.00499431	0.0037964	0.00119791	-0.0420006	0	-3.01766	0	-15.038	0	0.0701446	0.120707	-0.0505619	0.0701446
786.03	785.567	-6000	-6314.95	-0.0489949	0.00169494	0.000278064	0.00141687	-0.0473	0	-1.75975	0	-111.285	0	0.0314146	0.07039	-0.0389754	0.0314146
774.031	772.027	-6000	-4126.65	-0.0509949	0.00273317	0.00120201	0.00153115	-0.0482617	0	0.39105	0	131.248	0	-0.0451093	-0.015642	-0.0294673	-0.0451093
762.031	779.359	-6000	-683.784	-0.0529949	-0.00943332	-0.0103969	0.000963559	-0.0624282	0	1.40419	0	-17.6716	0	-0.0908196	-0.0561677	-0.0346519	-0.0908196
750.031	771.874	-6000	-3882.44	-0.0549948	-0.0132314	-0.0131056	-0.000125816	-0.0682263	0	-1.21912	0	-12.8832	0	0.0129353	0.0487649	-0.0358297	0.0129353
738.031	735.59	-6000	-7061.94	-0.0569948	-8.69633e-05	0.00146444	-0.0015514	-0.0570818	0	1.99803	0	50.8026	0	-0.114141	-0.0799212	-0.0342202	-0.114141
726.031	726.866	-6000	-4342.12	-0.0589948	-0.00193187	-0.000500867	-0.001431	-0.0609267	0	0.968924	0	-71.0623	0	-0.0838383	-0.038757	-0.0450814	-0.0838383
714.031	726.876	-6000	-6745.9	-0.0609948	-0.00944874	-0.00770673	-0.00174201	-0.0704435	0	0.842281	0	5.79158	0	-0.0838167	-0.0336912	-0.0501255	-0.0838167
702.032	721.257	-6000	-7698.79	-0.0629947	-0.0143528	-0.0115351	-0.00281775	-0.0773476	0	1.33608	0	-63.6403	0	-0.10914	-0.0534433	-0.0556964	-0.10914
690.032	708.441	-6000	1289.04	-0.0649947	-0.0153725	-0.0110455	-0.00432705	-0.0803672	0	0.963603	0	182.484	0	-0.101379	-0.0385441	-0.0628349	-0.101379
678.032	697.185	-6000	-4188.9	-0.0669947	-0.017533	-0.0114921	-0.00604088	-0.0845277	0	0.502793	0	-229.798	0	-0.0882142	-0.0201117	-0.0681025	-0.0882142
666.032	637.186	-6000	-3920.74	-0.0689947	0.010602	0.0173078	-0.00670578	-0.0583926	0	0.0324057	0	-1.39104	0	-0.0715183	-0.00129623	-0.0702221	-0.0715183
654.032	638.464	-6000	-1746.81	-0.0709946	0.00483045	0.00934098	-0.00451053	-0.0661642	0	0.96041	0	136.994	0	-0.110535	-0.0384164	-0.0721182	-0.110535
642.032	601.363	-6000	-3791.46	-0.0729946	0.0214532	0.0244017	-0.00294842	-0.0515414	0	1.17964	0	-41.8531	0	-0.126114	-0.0471856	-0.0789279	-0.126114
630.032	577.085	-6000	-5256.71	-0.0749946	0.0323421	0.0317684	0.000573731	-0.0426525	0	0.772042	0	-180.956	0	-0.115703	-0.0308817	-0.0848213	-0.115703
618.033	572.577	-6000	-1430.78	-0.0769946	0.0316401	0.0272735	0.00436661	-0.0453545	0	2.48864	0	241.86	0	-0.194688	-0.0995455	-0.0951429	-0.194688
606.033	575.004	-6000	-5994.12	-0.0789945	0.0263258	0.0186175	0.00770834	-0.0526687	0	0.304847	0	-180.238	0	-0.118214	-0.0121939	-0.10602	-0.118214
594.033	564.053	-6000	-8761.82	-0.0809945	0.0278912	0.017988	0.00990318	-0.0531033	0	0.182461	0	-164.915	0	-0.114432	-0.00729846	-0.107134	-0.114432
582.033	560.118	-6000	-2369.3	-0.0829945	0.0252563	0.0131488	0.0121075	-0.0577382	0	0.343159	0	-5.46117	0	-0.122188	-0.0137264	-0.108462	-0.122188
570.033	535.241	-6000	-3504.15	-0.0849945	0.0346539	0.0208756	0.0137783	-0.0503405	0	-0.0665673	0	-90.6948	0	-0.107213	0.00266269	-0.109876	-0.107213
558.033	526.528	-6000	-5793.01	-0.0869944	0.0352209	0.0189033	0.0163176	-0.0517736	0	-0.0623104	0	-89.2582	0	-0.107527	0.00249242	-0.110019	-0.107527
546.034	519.917	-6000	-4370.85	-0.0889944	0.0345551	0.01567	0.0188851	-0.0544393	0	-0.677433	0	-43.7684	0	-0.0811975	0.0270973	-0.108295	-0.0811975
534.034	510.029	-6000	-2661.39	-0.0909944	0.0351469	0.0144028	0.0207441	-0.0558475	0	-0.575267	0	-40.1771	0	-0.0813759	0.0230107	-0.104387	-0.0813759
522.034	500.101	-6000	-3906.38	-0.0929944	0.0358826	0.0131596	0.022723	-0.0571117	0	-0.383706	0	57.0275	0	-0.0858869	0.0153483	-0.101235	-0.0858869
510.034	484.433	-6000	-3652.59	-0.0949943	0.0401974	0.0153607	0.0248367	-0.054797	0	-0.436918	0	-87.1035	0	-0.0815232	0.0174767	-0.0989999	-0.0815232
498.034	484.463	-6000	-6324.52	-0.0969943	0.0348195	0.00814244	0.0266771	-0.0621748	0	-0.650827	0	-41.6136	0	-0.0703102	0.0260331	-0.0963433	-0.0703102
486.034	488.845	-6000	-4500.14	-0.0989943	0.0259135	-0.00168631	0.0275998	-0.0730808	0	-0.689139	0	-56.4577	0	-0.0646078	0.0275656	-0.0921734	-0.0646078
474.034	487.032	-6000	-4203.26	-0.100994	0.0192788	-0.00779839	0.0270772	-0.0817154	0	-0.655084	0	9.14346	0	-0.0619054	0.0262034	-0.0881088	-0.0619054
462.035	494.876	-6000	-4543.24	-0.102994	0.00570921	-0.0197046	0.0254138	-0.097285	0	-0.672111	0	-34.1916	0	-0.0575492	0.0268845	-0.0844337	-0.0575492
450.035	478.635	-6000	-6252.7	-0.104994	0.0054854	-0.0171604	0.0226458	-0.0995088	0	-0.766827	0	-119.904	0	-0.0496194	0.0306731	-0.0802924	-0.0496194
438.035	449.17	-6000	-3906.38	-0.106994	0.0144243	-0.00668104	0.0211053	-0.0925699	0	-0.539083	0	124.305	0	-0.0538919	0.0215633	-0.0754552	-0.0538919
426.035	424.534	-6000	-5855.26	-0.108994	0.021188	0.000900513	0.0202875	-0.0878062	0	-1.10632	0	-161.803	0	-0.0275818	0.0442526	-0.0718344	-0.0275818
414.035	425.807	-6000	-3738.79	-0.110994	0.0132565	-0.007063	0.0203195	-0.0977376	0	-1.07013	0	57.2669	0	-0.0219539	0.0428053	-0.0647591	-0.0219539
402.035	417.284	-6000	-1445.14	-0.112994	0.0101045	-0.00914934	0.0192538	-0.10289	0	-0.801947	0	78.8147	0	-0.0269182	0.0320779	-0.058996	-0.0269182
390.036	418.309	-6000	-6635.77	-0.114994	0.000802901	-0.0169641	0.017767	-0.114191	0	-1.66503	0	-288.695	0	0.0133365	0.0666013	-0.0532649	0.0133365
378.036	395.804	-6000	-4361.28	-0.116994	0.00502338	-0.0106612	0.0156845	-0.111971	0	-1.45645	0	94.6165	0	0.0152418	0.0582578	-0.043016	0.0152418
366.036	382.8	-6000	-2316.63	-0.118994	0.00430575	-0.0100583	0.0143641	-0.114688	0	-1.25211	0	34.522	0	0.01529	0.0500846	-0.0347946	0.01529
354.036	358.703	-6000	-4998.14	-0.120994	0.010204	-0.00280016	0.0130041	-0.11079	0	-1.19039	0	-82.0756	0	0.0203113	0.0476156	-0.0273043	0.0203113
342.036	338.468	-6000	-3317.41	-0.122994	0.0150068	0.00214072	0.0128661	-0.107987	0	-1.21274	0	220.312	0	0.0286158	0.0485095	-0.0198937	0.0286158
330.036	316.414	-6000	-3073.2	-0.124994	0.0213897	0.00817357	0.0132162	-0.103604	0	-0.933911	0	65.886	0	0.0242027	0.0373564	-0.0131537	0.0242027
318.036	302.02	-6000	-5644.57	-0.126994	0.0241309	0.0096098	0.0145211	-0.102863	0	-0.966902	0	-73.4565	0	0.0310141	0.0386761	-0.00766196	0.0310141
306.037	305.599	-6000	-1919.19	-0.128994	0.0156171	0.000262793	0.0153543	-0.113377	0	-0.691267	0	129.811	0	0.0255858	0.0276507	-0.00206488	0.0255858
294.037	281.75	-6000	-4514.51	-0.130994	0.0229856	0.00737223	0.0156133	-0.108008	0	-0.357101	0	159.739	0	0.0155622	0.014284	0.00127817	0.0155622
282.037	277.633	-6000	-6056.37	-0.132994	0.0190296	0.00264207	0.0163876	-0.113964	0	-0.628478	0	-217.827	0	0.0287036	0.0251391	0.00356445	0.0287036
270.037	267.295	-6000	-2704.49	-0.134994	0.0184565	0.0016455	0.016811	-0.116537	0	-0.434789	0	207.862	0	0.0246375	0.0173916	0.00724592	0.0246375
258.037	274.173	-6000	-5414.73	-0.136994	0.00700748	-0.00968141	0.0166889	-0.129986	0	-0.161283	0	167.4	0	0.0158047	0.00645133	0.00935341	0.0158047
246.037	261.491	-6000	-7784.99	-0.138994	0.00601702	-0.00927237	0.0152894	-0.132977	0	-0.41989	0	-181.674	0	0.0273115	0.0167956	0.0105159	0.0273115
234.038	263.749	-6000	-3523.31	-0.140994	-0.00400709	-0.0178271	0.01382	-0.145001	0	-0.120843	0	185.596	0	0.017655	0.00483371	0.0128213	0.017655
222.038	257.944	-6000	-6156.93	-0.142994	-0.0103208	-0.0215435	0.0112227	-0.153315	0	-0.163412	0	-0.43335	0	0.0200573	0.00653647	0.0135208	0.0200573
210.038	233.842	-6000	-7966.95	-0.144994	-0.00556565	-0.0142824	0.00871675	-0.150559	0	-0.251742	0	-131.875	0	0.0247913	0.0100697	0.0147216	0.0247913
198.038	217.698	-6000	-3939.9	-0.146994	-0.00490222	-0.0117958	0.00689357	-0.151896	0	0.000478901	0	104.672	0	0.0157308	-1.91561e-05	0.0157499	0.0157308
186.038	211.071	-6000	-4777.87	-0.148994	-0.00943601	-0.0150199	0.00558386	-0.15843	0	-0.22833	0	-49.2751	0	0.0251293	0.00913318	0.0159961	0.0251293
174.038	236.037	-6000	-14910.1	-0.150994	-0.0344009	-0.0371992	0.00279824	-0.185395	0	-1.19465	0	-366.267	0	0.0661672	0.0477858	0.0183813	0.0661672
162.038	259.711	-6000	-12788.9	-0.152994	-0.0616808	-0.0586035	-0.00307737	-0.214674	0	-1.5469	0	-33.9522	0	0.088479	0.0618762	0.0266028	0.088479
150.039	251.575	-6000	-4926.31	-0.154994	-0.0720002	-0.0609219	-0.0110783	-0.226994	0	-1.35109	0	-123.735	0	0.0895063	0.0540435	0.0354628	0.0895063
138.039	210.14	-6000	-3437.12	-0.156994	-0.0621779	-0.0432606	-0.0189173	-0.219171	0	-1.4192	0	-72.4988	0	0.10043	0.0567679	0.0436619	0.10043
126.039	147.889	-6000	-3384.44	-0.158994	-0.0367469	-0.0131101	-0.0236368	-0.19574	0	-1.29255	0	151.12	0	0.103815	0.0517022	0.0521132	0.103815
114.039	101.076	-6000	-3202.48	-0.160993	-0.0167599	0.00777772	-0.0245376	-0.177753	0	-0.919012	0	188.709	0	0.0963225	0.0367605	0.0595621	0.0963225
102.039	75.2487	-6000	-4208.05	-0.162993	-0.00711876	0.0160743	-0.0231931	-0.170112	0	-0.567817	0	7.70693	0	0.0869172	0.0227127	0.0642045	0.0869172
90.0394	59.947	-6000	-4294.24	-0.164993	-0.00292811	0.0180554	-0.0209835	-0.167922	0	-0.611451	0	97.2501	0	0.0922419	0.024458	0.0677838	0.0922419
78.0396	41.8799	-6000	-2642.24	-0.166993	0.00327595	0.0216958	-0.0184198	-0.163717	0	-0.16554	0	192.06	0	0.0776144	0.00662161	0.0709928	0.0776144
66.0397	26.3865	-6000	-4327.76	-0.168993	0.00832395	0.0237919	-0.015468	-0.160669	0	0.121801	0	36.4374	0	0.0664436	-0.00487202	0.0713156	0.0664436
54.0399	14.9477	-6000	-5352.48	-0.170993	0.01124	0.0234553	-0.0122153	-0.159753	0	0.132443	0	86.7156	0	0.0652328	-0.00529771	0.0705305	0.0652328
42.04	19.3463	-6000	-7679.64	-0.172993	0.00431952	0.0136162	-0.0092967	-0.168674	0	0.134571	0	161.175	0	0.0645988	-0.00538285	0.0699817	0.0645988
30.2868	25.6443	-5503.35	-9140.1	-0.160053	-0.00513787	0.00278553	-0.0079234	-0.165191	0	0.681583	0	66.1255	0	0.0409531	-0.0272633	0.0682165	0.0409531
20.2803	18.8231	-4503.36	-8158.48	-0.131721	-0.00676749	0.000874301	-0.00764179	-0.138488	0	0.648592	0	27.1	0	0.0381418	-0.0259437	0.0640855	0.0381418
12.2736	11.341	-3503.37	-4959.83	-0.103056	-0.00692001	0.000559553	-0.00747956	-0.109976	0	0.883786	0	120.234	0	0.024702	-0.0353514	0.0600534	0.024702
6.26695	15.9093	-2503.39	-6449.02	-0.0740571	-0.0133699	-0.00578543	-0.00758447	-0.087427	0	1.00617	0	-51.9087	0	0.0141239	-0.0402469	0.0543708	0.0141239
2.26021	35.5607	-1503.4	-5788.22	-0.0447253	-0.0288084	-0.0199803	-0.00882811	-0.0735337	0	1.01362	0	93.6588	0	0.00787828	-0.0405449	0.0484231	0.00787828
0.253425	56.2357	-503.413	-4801.81	-0.0150602	-0.0454739	-0.0335894	-0.0118846	-0.0605341	0	1.04023	0	-27.009	0	0.000678062	-0.0416091	0.0422871	0.000678062
0	74.6063	0	-4926.31	0	-0.0616057	-0.0447638	-0.016842	-0.0616057	0	0.985951	0	-100.99	0	-0.00337951	-0.0394381	0.0360585	-0.00337951
0	91.7927	0	-2761.95	0	-0.0782408	-0.0550756	-0.0231653	-0.0782408	0	1.05406	0	55.8304	0	-0.0120707	-0.0421625	0.0300918	-0.0120707
0	111.801	0	-2158.61	0	-0.0979464	-0.0670806	-0.0308658	-0.0979464	0	1.03597	0	20.1568	0	-0.0176044	-0.0414388	0.0238344	-0.0176044
0	106.761	0	-3461.06	0	-0.103866	-0.0640568	-0.0398095	-0.103866	0	0.909327	0	-125.65	0	-0.0186683	-0.0363731	0.0177048	-0.0186683
0	94.4851	0	-2484.22	0	-0.10487	-0.0566911	-0.0481793	-0.10487	0	0.777363	0	-31.558	0	-0.018619	-0.0310945	0.0124755	-0.018619
0	73.5337	0	-1962.29	0	-0.0993834	-0.0441202	-0.0552632	-0.0993834	0	0.643271	0	12.9742	0	-0.0176673	-0.0257308	0.00806357	-0.0176673
0	55.4372	0	-6166.51	0	-0.0939956	-0.0332623	-0.0607332	-0.0939956	0	0.510243	0	-81.1179	0	-0.015995	-0.0204097	0.00441466	-0.015995
0	63.9692	0	-7866.39	0	-0.10336	-0.0383815	-0.0649787	-0.10336	0	0.471931	0	-19.3475	0	-0.0175049	-0.0188772	0.00137236	-0.0175049
0	77.8118	0	-8192	0	-0.117168	-0.0466871	-0.070481	-0.117168	0	0.346352	0	-64.3585	0	-0.0150707	-0.0138541	-0.00121658	-0.0150707
0	80.058	0	-5093.9	0	-0.124885	-0.0480348	-0.07685	-0.124885	0	0.372958	0	-71.3017	0	-0.0182258	-0.0149183	-0.00330746	-0.0182258
0	88.4974	0	-3738.79	0	-0.136112	-0.0530985	-0.0830138	-0.136112	0	0.421912	0	1.96085	0	-0.0226196	-0.0168765	-0.00574316	-0.0226196
0	76.8694	0	-3394.02	0	-0.136113	-0.0461217	-0.0899916	-0.136113	0	0.0590113	0	-74.4142	0	-0.0102424	-0.00236045	-0.00788193	-0.0102424
0	60.8736	0	-5500.92	0	-0.132356	-0.0365241	-0.0958323	-0.132356	0	0.122865	0	-17.4322	0	-0.0132815	-0.00491459	-0.0083669	-0.0132815
0	40.5967	0	-2943.91	0	-0.124699	-0.024358	-0.100341	-0.124699	0	-0.0314479	0	-73.2171	0	-0.00759395	0.00125791	-0.00885187	-0.00759395
0	19.0274	0	-2259.17	0	-0.114542	-0.0114164	-0.103125	-0.114542	0	-0.154898	0	-58.373	0	-0.00213203	0.00619592	-0.00832795	-0.00213203
0	7.37786	0	-3025.31	0	-0.108818	-0.00442672	-0.104391	-0.108818	0	-0.234715	0	-19.3475	0	0.00197726	0.00938859	-0.00741133	0.00197726
0	2.28455	0	-3485	0	-0.106252	-0.00137073	-0.104881	-0.106252	0	-0.41989	0	-94.5255	0	0.0110831	0.0167956	-0.00571251	0.0110831
0	0.354545	0	-2881.66	0	-0.105207	-0.000212727	-0.104994	-0.105207	0	-0.553982	0	-58.6124	0	0.0192247	0.0221593	-0.00293456	0.0192247
0	-2.86807	0	-4390.01	0	-0.103218	0.00172084	-0.104939	-0.103218	0	-0.737029	0	-69.3864	0	0.0300748	0.0294812	0.000593666	0.0300748
0	-0.329703	0	-3959.05	0	-0.104527	0.000197822	-0.104725	-0.104527	0	-0.71468	0	-23.6571	0	0.0336063	0.0285872	0.00501903	0.0336063
0	6.74397	0	-5357.27	0	-0.10882	-0.00404638	-0.104774	-0.10882	0	-0.74235	0	-33.4733	0	0.0390522	0.029694	0.0093582	0.0390522
0	14.8641	0	-7334.88	0	-0.114399	-0.00891845	-0.10548	-0.114399	0	-0.79769	0	8.4252	0	0.0458221	0.0319076	0.0139145	0.0458221
0	23.8379	0	-4825.75	0	-0.121182	-0.0143027	-0.10688	-0.121182	0	-0.652955	0	44.5776	0	0.0445921	0.0261182	0.0184739	0.0445921
0	27.9808	0	-3293.46	0	-0.125662	-0.0167885	-0.108874	-0.125662	0	-0.625286	0	20.1568	0	0.0474031	0.0250114	0.0223917	0.0474031
0	29.0459	0	-4251.14	0	-0.128531	-0.0174275	-0.111104	-0.128531	0	-0.536955	0	71.8716	0	0.0474939	0.0214782	0.0260157	0.0474939
0	26.4399	0	-3489.79	0	-0.129265	-0.0158639	-0.113402	-0.129265	0	-0.436918	0	4.35505	0	0.0464874	0.0174767	0.0290107	0.0464874
0	19.0366	0	-2287.9	0	-0.126793	-0.011422	-0.115371	-0.126793	0	-0.466716	0	6.50984	0	0.0504286	0.0186686	0.0317599	0.0504286
0	12.6218	0	-3470.63	0	-0.124349	-0.00757306	-0.116776	-0.124349	0	-0.452881	0	26.3817	0	0.0526148	0.0181152	0.0344996	0.0526148
0	6.97395	0	-3700.48	0	-0.121888	-0.00418437	-0.117704	-0.121888	0	-0.474166	0	-44.0078	0	0.0561771	0.0189666	0.0372105	0.0561771
0	3.9532	0	-2738.01	0	-0.120547	-0.00237192	-0.118175	-0.120547	0	-0.473101	0	18.002	0	0.0591008	0.0189241	0.0401768	0.0591008
0	3.17519	0	-4035.67	0	-0.120421	-0.00190512	-0.118516	-0.120421	0	-0.428404	0	23.5087	0	0.0600174	0.0171362	0.0428813	0.0600174
0	2.89439	0	-3892.01	0	-0.120542	-0.00173664	-0.118805	-0.120542	0	-0.428404	0	-12.1649	0	0.0625464	0.0171362	0.0454102	0.0625464
0	2.24843	0	-2714.07	0	-0.120376	-0.00134906	-0.119027	-0.120376	0	-0.372	0	26.6211	0	0.0628926	0.01488	0.0480126	0.0628926
0	2.92187	0	-4548.03	0	-0.120957	-0.00175312	-0.119204	-0.120957	0	-0.335816	0	21.1145	0	0.0635495	0.0134326	0.0501169	0.0635495
0	4.2556	0	-4907.16	0	-0.122042	-0.00255336	-0.119488	-0.122042	0	-0.331559	0	-11.2073	0	0.0654005	0.0132624	0.0521381	0.0654005
0	4.71341	0	-3255.16	0	-0.122664	-0.00282805	-0.119835	-0.122664	0	-0.232586	0	48.6478	0	0.0633735	0.00930346	0.05407	0.0633735
0	1.83181	0	-3896.8	0	-0.121259	-0.00109908	-0.12016	-0.121259	0	-0.149577	0	57.0275	0	0.0612347	0.00598307	0.0552516	0.0612347
0	0.310722	0	-3762.73	0	-0.120495	-0.000186433	-0.120308	-0.120495	0	-0.109136	0	1.24259	0	0.0604347	0.00436545	0.0560693	0.0604347
0	0.9046	0	-1962.29	0	-0.120863	-0.00054276	-0.12032	-0.120863	0	-0.0176129	0	41.4652	0	0.0573775	0.000704517	0.056673	0.0573775
0	-0.187949	0	-2795.47	0	-0.120238	0.000112769	-0.12035	-0.120238	0	0.0419837	0	50.5631	0	0.0549621	-0.00167935	0.0566414	0.0549621
0	-1.63642	0	-2814.62	0	-0.119361	0.00098185	-0.120342	-0.119361	0	0.139892	0	16.8049	0	0.050615	-0.0055957	0.0562107	0.050615
0	-4.31457	0	-1765.96	0	-0.117548	0.00258874	-0.120137	-0.117548	0	0.180333	0	17.5232	0	0.0481485	-0.00721332	0.0553618	0.0481485
0	-7.99216	0	-3532.88	0	-0.114926	0.00479529	-0.119721	-0.114926	0	0.147342	0	10.8194	0	0.0483765	-0.00589368	0.0542702	0.0483765
0	-11.0095	0	-3489.79	0	-0.11243	0.00660568	-0.119036	-0.11243	0	0.139892	0	-24.3754	0	0.0477713	-0.0055957	0.053367	0.0477713
0	-13.5703	0	-1287.12	0	-0.109944	0.00814216	-0.118086	-0.109944	0	0.142021	0	11.5377	0	0.0469522	-0.00568083	0.052633	0.0469522
0	-16.4305	0	-1933.56	0	-0.107086	0.00985829	-0.116944	-0.107086	0	0.168626	0	29.4942	0	0.0449528	-0.00674506	0.0516979	0.0449528
0	-20.2966	0	-2412.4	0	-0.103409	0.012178	-0.115587	-0.103409	0	0.211195	0	-5.7006	0	0.0421106	-0.00844782	0.0505584	0.0421106
0	-22.3372	0	-497.036	0	-0.100514	0.0134023	-0.113916	-0.100514	0	0.205874	0	9.38288	0	0.0411552	-0.00823497	0.0493902	0.0411552
0	-26.178	0	-1770.75	0	-0.0963682	0.0157068	-0.112075	-0.0963682	0	0.18459	0	10.1011	0	0.040765	-0.00738359	0.0481485	0.040765
0	-28.9499	0	-1991.02	0	-0.0925618	0.01737	-0.109932	-0.0925618	0	0.182461	0	-19.3475	0	0.0396915	-0.00729846	0.0469899	0.0396915
